presentation/data/depth_0004.asc
ncols     164
nrows     146
xllcorner -1.242151388888889e+02
yllcorner  4.172986111111111e+01
cellsize  2.777777777820000e-04
nodata_value       -9999
[rows 88 to 109 of 146, columns 100 to 149 of 164]
5.5307416e+00 4.5396233e+00 3.5427022e+00 3.9669874e+00 3.6879273e+00 2.9753530e+00 2.7419772e+00 2.6445627e+00 2.9150500e+00 4.3577124e+00 4.7307662e+00 3.7733865e+00 2.2856647e+00 1.8003092e+00 0.0000000e+00 0.0000000e+00 2.1858076e+00 3.2955485e+00 1.0175587e+00 0.0000000e+00 0.0000000e+00 0.0000000e+00 0.0000000e+00 0.0000000e+00 0.0000000e+00 0.0000000e+00 0.0000000e+00 0.0000000e+00 0.0000000e+00 0.0000000e+00 0.0000000e+00 0.0000000e+00 0.0000000e+00 0.0000000e+00 0.0000000e+00 0.0000000e+00 0.0000000e+00 0.0000000e+00 0.0000000e+00 0.0000000e+00 0.0000000e+00 0.0000000e+00 0.0000000e+00 0.0000000e+00 0.0000000e+00 0.0000000e+00 0.0000000e+00 0.0000000e+00 0.0000000e+00 0.0000000e+00
5.5976407e+00 5.2984753e+00 4.2195746e+00 3.9215835e+00 3.7563060e+00 3.5335448e+00 3.4613140e+00 4.1858776e+00 3.9451823e+00 4.0039391e+00 3.4787518e+00 3.6041742e+00 4.0448202e+00 4.2976868e+00 3.4377940e+00 2.7892009e+00 2.9120337e+00 3.4697668e+00 3.7409200e+00 2.3902898e+00 7.7861470e-01 0.0000000e+00 0.0000000e+00 0.0000000e+00 0.0000000e+00 0.0000000e+00 0.0000000e+00 0.0000000e+00 0.0000000e+00 0.0000000e+00 0.0000000e+00 0.0000000e+00 0.0000000e+00 0.0000000e+00 0.0000000e+00 0.0000000e+00 0.0000000e+00 0.0000000e+00 0.0000000e+00 0.0000000e+00 0.0000000e+00 0.0000000e+00 0.0000000e+00 0.0000000e+00 0.0000000e+00 0.0000000e+00 0.0000000e+00 0.0000000e+00 0.0000000e+00 0.0000000e+00
5.0226490e+00 5.0124185e+00 4.7715472e+00 4.6009923e+00 4.5385896e+00 4.9045464e+00 5.2099120e+00 4.9116625e+00 2.9880717e+00 2.5570571e+00 2.3032115e+00 2.5954184e+00 4.9677543e+00 5.3808042e+00 4.9277438e+00 4.7398226e+00 4.1776257e+00 3.8967779e+00 3.8671548e+00 3.7083128e+00 3.5962005e+00 3.0705584e+00 9.7273379e-01 0.0000000e+00 0.0000000e+00 0.0000000e+00 0.0000000e+00 0.0000000e+00 0.0000000e+00 0.0000000e+00 0.0000000e+00 0.0000000e+00 0.0000000e+00 0.0000000e+00 0.0000000e+00 0.0000000e+00 0.0000000e+00 0.0000000e+00 0.0000000e+00 0.0000000e+00 0.0000000e+00 0.0000000e+00 0.0000000e+00 0.0000000e+00 0.0000000e+00 0.0000000e+00 0.0000000e+00 0.0000000e+00 0.0000000e+00 0.0000000e+00
5.4408109e+00 5.5607389e+00 5.4117806e+00 5.3290033e+00 5.5516753e+00 5.1936858e+00 5.2114039e+00 5.6477847e+00 3.6806096e+00 2.8498985e+00 3.3455611e+00 2.3593901e+00 2.0408830e+00 4.2205780e+00 5.3862068e+00 5.0513543e+00 4.5963964e+00 4.5103826e+00 4.2564523e+00 3.8985902e+00 3.9116703e+00 3.6615332e+00 2.9450936e+00 2.7664031e+00 1.2168608e+00 0.0000000e+00 0.0000000e+00 0.0000000e+00 0.0000000e+00 0.0000000e+00 0.0000000e+00 0.0000000e+00 0.0000000e+00 0.0000000e+00 0.0000000e+00 0.0000000e+00 0.0000000e+00 0.0000000e+00 0.0000000e+00 0.0000000e+00 0.0000000e+00 0.0000000e+00 0.0000000e+00 0.0000000e+00 0.0000000e+00 0.0000000e+00 0.0000000e+00 0.0000000e+00 0.0000000e+00 0.0000000e+00
5.4393139e+00 5.4963760e+00 5.5372031e+00 5.7758061e+00 5.5553897e+00 5.1423721e+00 4.9509529e+00 5.0264393e+00 5.1244696e+00 4.1508814e+00 3.3040457e+00 3.9556025e+00 3.1386811e+00 4.6353295e+00 5.3140183e+00 5.1331908e+00 4.8184938e+00 4.8071261e+00 4.0213957e+00 3.8504475e+00 3.9308512e+00 3.3096890e+00 3.1762113e+00 3.5575667e+00 2.1541937e+00 0.0000000e+00 0.0000000e+00 0.0000000e+00 0.0000000e+00 0.0000000e+00 0.0000000e+00 0.0000000e+00 0.0000000e+00 0.0000000e+00 0.0000000e+00 0.0000000e+00 0.0000000e+00 0.0000000e+00 0.0000000e+00 0.0000000e+00 0.0000000e+00 0.0000000e+00 0.0000000e+00 0.0000000e+00 0.0000000e+00 0.0000000e+00 0.0000000e+00 0.0000000e+00 0.0000000e+00 0.0000000e+00
4.9380898e+00 5.0017449e+00 5.1598706e+00 5.4519015e+00 5.6015080e+00 4.9872026e+00 4.5867453e+00 4.9741739e+00 5.4012771e+00 5.9096213e+00 5.1591590e+00 5.4609523e+00 6.1381719e+00 6.1244695e+00 5.8741343e+00 5.4066451e+00 4.7485261e+00 4.2885410e+00 4.1113500e+00 3.9117887e+00 3.8194288e+00 2.3470990e+00 6.6615313e-04 1.1660640e+00 0.0000000e+00 0.0000000e+00 0.0000000e+00 0.0000000e+00 0.0000000e+00 0.0000000e+00 0.0000000e+00 0.0000000e+00 0.0000000e+00 0.0000000e+00 0.0000000e+00 0.0000000e+00 0.0000000e+00 0.0000000e+00 0.0000000e+00 0.0000000e+00 0.0000000e+00 0.0000000e+00 0.0000000e+00 0.0000000e+00 0.0000000e+00 0.0000000e+00 0.0000000e+00 0.0000000e+00 0.0000000e+00 0.0000000e+00
4.3873625e+00 4.6348874e+00 4.8838736e+00 5.2091603e+00 5.5962156e+00 5.8543953e+00 1.6230282e-01 2.2670507e+00 4.3283013e+00 6.3846999e+00 6.3482462e+00 6.1159203e+00 6.1939036e+00 6.3213218e+00 6.0880511e+00 5.7917128e+00 5.0647752e+00 4.5047791e+00 4.3467159e+00 4.1502321e+00 3.5902775e+00 3.0008691e+00 1.6335227e+00 0.0000000e+00 0.0000000e+00 0.0000000e+00 0.0000000e+00 8.3701898e-01 1.0081330e+00 3.8263172e-01 3.1055388e-01 3.5699972e-03 9.6000550e-04 9.9983834e-04 0.0000000e+00 0.0000000e+00 0.0000000e+00 0.0000000e+00 0.0000000e+00 0.0000000e+00 0.0000000e+00 0.0000000e+00 0.0000000e+00 0.0000000e+00 0.0000000e+00 0.0000000e+00 0.0000000e+00 0.0000000e+00 0.0000000e+00 0.0000000e+00
4.0452869e+00 4.3424337e+00 4.6579393e+00 4.9956595e+00 5.3957150e+00 5.9317828e+00 5.7939579e+00 4.8591400e+00 4.2678155e+00 5.7212562e+00 6.6896469e+00 6.8281900e+00 6.6381526e+00 6.3942513e+00 6.1814287e+00 5.9802481e+00 5.7502639e+00 5.4040073e+00 4.8961397e+00 4.2593272e+00 4.0062171e+00 2.0520485e+00 0.0000000e+00 0.0000000e+00 0.0000000e+00 0.0000000e+00 6.1050410e-01 2.9243348e+00 2.6895434e+00 2.3636902e+00 2.3817923e+00 2.3198345e+00 2.2678993e+00 2.3465729e+00 2.2917817e+00 2.2176262e+00 2.0084648e+00 2.0424649e+00 2.0408765e+00 1.6828526e+00 8.9651952e-01 5.0981514e-01 4.7513563e-01 5.7051943e-01 4.3335163e-01 4.2705519e-01 4.7739521e-01 5.8586256e-01 3.6761128e-01 7.3396219e-03
2.1928955e+00 2.7503007e+00 3.9616629e+00 4.8545666e+00 5.1884675e+00 5.6883157e+00 5.9208178e+00 5.7310879e+00 4.8784432e+00 4.3322698e+00 5.7759047e+00 6.5700436e+00 6.8850083e+00 6.5282123e+00 6.3521361e+00 6.2846508e+00 6.0048746e+00 5.6663138e+00 5.3469914e+00 4.4414746e+00 2.6104090e+00 0.0000000e+00 0.0000000e+00 0.0000000e+00 0.0000000e+00 1.3669262e+00 2.6786815e+00 2.8758223e+00 2.8366659e+00 2.7827705e+00 2.9283032e+00 2.9619283e+00 2.8382471e+00 2.8117148e+00 2.9276630e+00 2.9219984e+00 2.9538789e+00 2.9430166e+00 3.0085685e+00 2.9089252e+00 2.7137188e+00 2.5604013e+00 2.5846509e+00 2.5999004e+00 2.5706343e+00 2.5720741e+00 2.5963162e+00 2.5985479e+00 2.5285651e+00 2.3663244e+00
0.0000000e+00 0.0000000e+00 0.0000000e+00 3.5719839e+00 4.9040384e+00 5.5971602e+00 5.9171132e+00 6.0056192e+00 5.8600753e+00 4.8513660e+00 4.9939104e+00 5.9321724e+00 6.3475903e+00 6.3549198e+00 6.3478541e+00 6.3113044e+00 5.8569322e+00 5.1929911e+00 4.8632034e+00 3.4995144e+00 7.6381613e-04 0.0000000e+00 0.0000000e+00 0.0000000e+00 1.3466650e+00 3.2016073e+00 3.2690704e+00 3.3383986e+00 3.2538961e+00 3.1656867e+00 3.1984565e+00 3.1929880e+00 3.0558692e+00 3.0191286e+00 3.1084683e+00 3.1617687e+00 3.1860407e+00 3.1913897e+00 3.2896528e+00 3.2633283e+00 3.2174878e+00 3.1445907e+00 3.0982613e+00 3.0483149e+00 3.0277457e+00 3.0264856e+00 3.0341124e+00 3.0256392e+00 3.0056451e+00 2.9338386e+00
4.8868886e+00 3.8616426e+00 8.3818903e-04 0.0000000e+00 2.8394784e+00 5.2947171e+00 6.0895171e+00 6.1473875e+00 6.1278688e+00 5.6847815e+00 4.8976950e+00 5.0511338e+00 6.2299099e+00 6.3689484e+00 6.1994944e+00 6.0628638e+00 5.6834776e+00 5.0125433e+00 3.8333625e+00 1.9981704e-01 0.0000000e+00 0.0000000e+00 0.0000000e+00 1.0627255e+00 2.8717806e+00 3.1365826e+00 3.5452930e+00 3.7636658e+00 3.6707259e+00 3.6636566e+00 3.6291537e+00 3.4445945e+00 3.2628198e+00 3.2629748e+00 3.4397433e+00 3.5160218e+00 3.5113191e+00 3.5712664e+00 3.7619873e+00 3.6222300e+00 3.4785332e+00 3.3334579e+00 3.2245870e+00 3.1118802e+00 3.0664465e+00 3.0855759e+00 3.1239925e+00 3.1210404e+00 3.1026708e+00 3.0414424e+00
5.7979229e+00 5.6349576e+00 4.6857773e+00 3.3062535e-01 6.6922923e-04 4.2239702e+00 6.0342544e+00 6.0737453e+00 5.7414799e+00 5.2826082e+00 4.8648607e+00 5.2966066e+00 7.1874842e+00 6.7623696e+00 6.1283053e+00 5.9017637e+00 5.5177652e+00 3.8067748e+00 5.8147839e-01 0.0000000e+00 0.0000000e+00 0.0000000e+00 8.7798043e-01 3.0703781e+00 3.0157219e+00 3.0591359e+00 3.4940029e+00 3.6683845e+00 3.8723971e+00 4.0942852e+00 4.0722242e+00 3.8526263e+00 3.5841691e+00 3.5516535e+00 3.7929444e+00 3.9304846e+00 4.0054552e+00 4.0080961e+00 4.0891859e+00 3.9297705e+00 3.7219074e+00 3.5871441e+00 3.4191725e+00 3.2453442e+00 3.1543426e+00 3.1842692e+00 3.2574961e+00 3.3061369e+00 3.2997170e+00 3.2456916e+00
6.2434438e+00 5.9950285e+00 5.5414321e+00 4.3632119e+00 6.5483426e-04 1.5516968e-02 5.0989712e+00 5.9153510e+00 5.3958647e+00 5.1788149e+00 4.9626374e+00 5.9622447e+00 7.0240354e+00 6.7308312e+00 6.1597770e+00 5.8872445e+00 4.8347908e+00 5.6208545e-01 0.0000000e+00 0.0000000e+00 0.0000000e+00 5.9284646e-01 2.8561408e+00 3.1975604e+00 3.1636062e+00 3.2179640e+00 3.4209441e+00 3.6680380e+00 4.2688000e+00 4.3557820e+00 4.2742824e+00 4.1205494e+00 3.9327757e+00 3.8687291e+00 3.9871093e+00 4.1688467e+00 4.3730441e+00 4.2670487e+00 4.1615870e+00 4.0839698e+00 3.9505491e+00 3.8328809e+00 3.5984427e+00 3.4723572e+00 3.3043397e+00 3.2728337e+00 3.4066561e+00 3.4793332e+00 3.4788113e+00 3.4157335e+00
6.4047056e+00 6.2369647e+00 5.9459844e+00 5.4846553e+00 4.1664080e+00 0.0000000e+00 7.2324616e-04 3.2490842e+00 5.7053726e+00 5.0246449e+00 4.6125109e+00 5.1304316e+00 6.3464808e+00 6.3682089e+00 5.6886883e+00 5.2985229e+00 1.1595148e+00 0.0000000e+00 0.0000000e+00 0.0000000e+00 6.4853364e-04 2.6861980e+00 3.2382520e+00 3.2207323e+00 3.1805126e+00 3.2499352e+00 3.6505396e+00 4.0522188e+00 4.2362815e+00 4.4108868e+00 4.4972745e+00 4.2901677e+00 4.3393908e+00 4.2576852e+00 4.2354038e+00 4.2947075e+00 4.3990197e+00 4.3883058e+00 4.3427047e+00 4.5003984e+00 4.3218174e+00 4.1277333e+00 3.9318916e+00 3.7340643e+00 3.5776780e+00 3.5939692e+00 3.6944603e+00 3.7156292e+00 3.7522474e+00 3.6772981e+00
6.5167326e+00 6.4191033e+00 6.2412846e+00 5.9068316e+00 5.2924999e+00 2.8709154e+00 0.0000000e+00 0.0000000e+00 2.1783028e+00 3.3376362e+00 4.3406497e+00 4.3990245e+00 4.4837979e+00 5.1266427e+00 4.1826084e+00 1.0523525e+00 0.0000000e+00 0.0000000e+00 0.0000000e+00 9.8159576e-04 2.2863049e+00 2.8188849e+00 3.1851335e+00 3.5070539e+00 3.5874855e+00 3.7636468e+00 4.1653163e+00 4.3727970e+00 4.3093156e+00 4.6638633e+00 4.7492717e+00 4.4930849e+00 4.4312362e+00 4.5622695e+00 4.7251125e+00 4.8347685e+00 4.7295460e+00 4.5529703e+00 4.7079598e+00 5.2713294e+00 4.8795825e+00 4.5967639e+00 4.2046715e+00 4.1071300e+00 4.1235393e+00 4.1911334e+00 4.1853159e+00 4.1098725e+00 4.0632732e+00 4.0003557e+00
6.6402325e+00 6.5338100e+00 6.3892046e+00 6.1635134e+00 5.7578176e+00 5.1185526e+00 2.6219242e+00 0.0000000e+00 0.0000000e+00 0.0000000e+00 0.0000000e+00 1.9808277e+00 4.0330325e+00 4.2379957e+00 1.7161879e+00 1.5234898e+00 2.8956545e-01 0.0000000e+00 8.1204858e-04 2.2998248e+00 2.6823712e+00 2.9170696e+00 3.4395135e+00 3.8064222e+00 4.0958513e+00 4.2228343e+00 4.4987780e+00 4.5722509e+00 4.7625906e+00 5.1199945e+00 5.3189737e+00 4.9454040e+00 4.5868394e+00 5.0871931e+00 5.3207004e+00 5.4318006e+00 5.2136056e+00 5.0513405e+00 5.1244644e+00 5.2380108e+00 5.0894590e+00 4.8952582e+00 4.6668174e+00 4.6061052e+00 4.6935793e+00 4.7666245e+00 4.6354853e+00 4.4688831e+00 4.3574414e+00 4.2697554e+00
6.7130054e+00 6.6404148e+00 6.5128881e+00 6.3492506e+00 6.1335914e+00 5.7714566e+00 4.8914838e+00 1.3629860e+00 0.0000000e+00 0.0000000e+00 0.0000000e+00 0.0000000e+00 3.0145316e+00 1.1513106e+00 0.0000000e+00 6.3646029e-01 0.0000000e+00 0.0000000e+00 2.2819050e+00 2.9733499e+00 3.2045222e+00 3.5959846e+00 4.0736954e+00 4.3360452e+00 4.3940999e+00 4.5273014e+00 4.7040175e+00 4.7392411e+00 4.9292585e+00 5.5295485e+00 5.4699413e+00 5.2064103e+00 5.1468319e+00 5.4619751e+00 5.5642028e+00 5.4335225e+00 5.3617537e+00 5.4682380e+00 5.6395153e+00 5.5278051e+00 5.3726347e+00 5.2749510e+00 5.2048768e+00 5.1212187e+00 5.1325359e+00 5.1122190e+00 4.9638613e+00 4.8022014e+00 4.6191240e+00 4.4949098e+00
6.8557563e+00 6.7035758e+00 6.6398103e+00 6.4895001e+00 6.3085113e+00 5.8515927e+00 5.0588381e+00 2.3840672e+00 1.0678561e-01 0.0000000e+00 0.0000000e+00 0.0000000e+00 0.0000000e+00 0.0000000e+00 0.0000000e+00 0.0000000e+00 0.0000000e+00 2.0821111e+00 2.6463019e+00 3.1960220e+00 3.8296141e+00 4.2204773e+00 4.5049619e+00 4.5044446e+00 4.5002019e+00 4.8443451e+00 5.0931781e+00 4.9993100e+00 4.8366555e+00 5.4185823e+00 5.5554802e+00 5.5145555e+00 5.6732837e+00 5.6556654e+00 5.2017488e+00 4.7484938e+00 5.0504519e+00 5.4218702e+00 5.7188458e+00 5.6951044e+00 5.6372200e+00 5.6012658e+00 5.6616474e+00 5.5956509e+00 5.5381873e+00 5.4661571e+00 5.3505702e+00 5.1575386e+00 5.0314533e+00 4.8206540e+00
6.9346461e+00 6.8880565e+00 6.7244497e+00 6.6330928e+00 6.4616082e+00 6.2929166e+00 5.4030429e+00 3.2387613e+00 1.6955838e+00 0.0000000e+00 0.0000000e+00 0.0000000e+00 0.0000000e+00 0.0000000e+00 0.0000000e+00 0.0000000e+00 2.2237017e+00 2.6176342e+00 2.6083035e+00 3.0548673e+00 3.7894677e+00 4.4342003e+00 4.7800164e+00 4.8618639e+00 4.8479624e+00 5.1051118e+00 5.6153945e+00 5.4567744e+00 5.4399803e+00 5.8121465e+00 5.9346100e+00 5.9555230e+00 5.9690932e+00 5.7559680e+00 4.9092243e+00 4.0438379e+00 4.5720625e+00 5.2128973e+00 5.6978798e+00 5.8876146e+00 5.8877855e+00 5.7739205e+00 5.9061623e+00 5.9409087e+00 5.9207590e+00 5.8690117e+00 5.7935699e+00 5.6571221e+00 5.4712662e+00 5.2397002e+00
6.9827054e+00 6.9866398e+00 6.9436487e+00 6.7106406e+00 6.5923866e+00 6.5443068e+00 4.3080671e+00 1.8355878e+00 0.0000000e+00 0.0000000e+00 0.0000000e+00 0.0000000e+00 0.0000000e+00 0.0000000e+00 0.0000000e+00 1.3288739e+00 2.4268011e+00 2.1984955e+00 1.3240359e+00 0.0000000e+00 9.0529090e-04 3.5782679e+00 4.8640920e+00 5.2322831e+00 5.2994963e+00 5.1473094e+00 5.4536858e+00 5.5927540e+00 5.8759203e+00 6.2086224e+00 6.1118802e+00 5.9444973e+00 5.9800459e+00 5.9602451e+00 5.2852931e+00 4.5691847e+00 4.7665939e+00 5.2342482e+00 5.7604167e+00 6.0534841e+00 6.2755794e+00 6.1396947e+00 6.2208926e+00 6.2794212e+00 6.2767071e+00 6.2846876e+00 6.3462540e+00 6.0870180e+00 5.8302501e+00 5.6691518e+00
6.9963279e+00 7.0263800e+00 7.0599522e+00 7.0119304e+00 6.8335836e+00 6.3890195e+00 0.0000000e+00 0.0000000e+00 0.0000000e+00 0.0000000e+00 0.0000000e+00 0.0000000e+00 0.0000000e+00 0.0000000e+00 0.0000000e+00 0.0000000e+00 9.1891750e-04 0.0000000e+00 0.0000000e+00 0.0000000e+00 9.5361671e-01 3.8938671e+00 5.0873305e+00 5.6398645e+00 5.5657392e+00 5.4199010e+00 5.4367206e+00 5.5145916e+00 5.9608184e+00 6.1630052e+00 5.8314672e+00 5.1519543e+00 5.4806340e+00 5.7702664e+00 5.5218428e+00 5.2335426e+00 5.2359779e+00 5.4431886e+00 5.8136930e+00 6.1128845e+00 6.3523083e+00 6.4015341e+00 6.4800378e+00 6.5953581e+00 6.6093699e+00 6.6141563e+00 6.6216034e+00 6.4022673e+00 6.2161224e+00 6.0748098e+00
7.0509745e+00 7.0301061e+00 7.0999828e+00 7.1274178e+00 7.1422470e+00 6.8452736e+00 1.4229426e+00 0.0000000e+00 0.0000000e+00 0.0000000e+00 0.0000000e+00 0.0000000e+00 0.0000000e+00 0.0000000e+00 0.0000000e+00 1.7528739e+00 2.7492739e+00 2.3004747e+00 2.0655619e+00 3.3282812e+00 4.5444793e+00 5.0776097e+00 5.4461843e+00 5.6718049e+00 5.5582749e+00 5.5940956e+00 5.5208998e+00 5.5205428e+00 5.8153365e+00 6.0067055e+00 5.5365218e+00 4.2888561e+00 4.8869850e+00 5.6196626e+00 5.7737473e+00 5.7352426e+00 5.6612148e+00 5.6668932e+00 5.9187775e+00 6.1868149e+00 6.3813298e+00 6.5105479e+00 6.6416333e+00 6.8238189e+00 6.8410992e+00 6.8110174e+00 6.7765380e+00 6.6306922e+00 6.4891894e+00 6.4346895e+00
