presentation/data/depth_0021.asc
ncols     164
nrows     146
xllcorner -1.242151388888889e+02
yllcorner  4.172986111111111e+01
cellsize  2.777777777820000e-04
nodata_value       -9999
[rows 22 to 43 of 146, columns 100 to 149 of 164]
9.2995854e-01 9.1389878e-01 8.9951843e-01 7.8830968e-01 5.7975210e-01 3.4828499e-01 9.9972487e-02 5.0194016e-03 0.0000000e+00 0.0000000e+00 0.0000000e+00 0.0000000e+00 0.0000000e+00 0.0000000e+00 0.0000000e+00 0.0000000e+00 0.0000000e+00 0.0000000e+00 0.0000000e+00 0.0000000e+00 0.0000000e+00 0.0000000e+00 0.0000000e+00 0.0000000e+00 0.0000000e+00 0.0000000e+00 0.0000000e+00 7.7625037e-02 2.3164365e-01 3.0392460e-01 4.6237147e-01 5.7184708e-01 5.8705479e-01 5.6042434e-01 4.7643991e-01 4.2431266e-01 4.3565972e-01 4.6780657e-01 4.4987336e-01 5.5019840e-01 8.0472588e-01 4.5589286e-01 3.6380241e-01 3.3049420e-01 2.8713564e-01 2.3670723e-01 1.4883785e-01 1.6789936e-02 1.3226690e-07 0.0000000e+00
9.3044550e-01 9.0973903e-01 9.0573218e-01 8.9809923e-01 8.3870719e-01 6.4183286e-01 3.7560018e-01 1.2508663e-01 8.3411021e-03 3.3259515e-03 9.7854876e-04 3.1418344e-01 5.9385693e-01 3.4012280e-01 9.7167361e-04 0.0000000e+00 0.0000000e+00 0.0000000e+00 0.0000000e+00 0.0000000e+00 0.0000000e+00 0.0000000e+00 0.0000000e+00 0.0000000e+00 0.0000000e+00 5.7318301e-02 3.3672413e-01 5.5107561e-01 6.4032383e-01 6.4281106e-01 6.6689340e-01 6.6358593e-01 6.5406299e-01 6.3841433e-01 6.1777106e-01 5.9280198e-01 5.6641685e-01 5.2926031e-01 5.6422807e-01 8.4074582e-01 5.5137695e-01 4.2681578e-01 3.9885490e-01 3.6474981e-01 3.2256916e-01 2.7675329e-01 2.1112527e-01 8.1122355e-02 1.0908149e-03 0.0000000e+00
9.2774991e-01 9.0439195e-01 9.0066870e-01 8.9781984e-01 8.9216103e-01 8.3060707e-01 6.1674126e-01 3.4154693e-01 1.2521640e-01 5.2800577e-02 1.6856962e-01 5.0818236e-01 7.8670561e-01 7.9693848e-01 6.2498700e-01 4.3088722e-01 1.4529829e-01 0.0000000e+00 0.0000000e+00 0.0000000e+00 0.0000000e+00 0.0000000e+00 0.0000000e+00 1.1854872e-01 4.0296469e-01 6.0549226e-01 6.7555895e-01 6.8711996e-01 6.8304502e-01 6.7834340e-01 6.7237586e-01 6.6265926e-01 6.5133586e-01 6.3903384e-01 6.2131710e-01 5.9987285e-01 5.7116214e-01 6.1114595e-01 8.8528002e-01 6.5724597e-01 4.8014409e-01 4.5626433e-01 4.2412988e-01 3.9102014e-01 3.5591856e-01 3.0846344e-01 2.5193267e-01 1.5431365e-01 1.5358473e-02 1.9475037e-06
9.2328316e-01 8.9920179e-01 8.9515819e-01 8.9299866e-01 8.8647894e-01 8.8024608e-01 8.1738603e-01 5.9368476e-01 3.5657810e-01 2.6281099e-01 3.0377712e-01 5.1973209e-01 7.6145571e-01 8.1447359e-01 8.1110678e-01 8.1220129e-01 8.0590775e-01 5.5380989e-01 8.9391717e-04 0.0000000e+00 9.4113051e-04 2.3611095e-01 5.1836283e-01 6.5645096e-01 6.9525795e-01 6.9720461e-01 6.9346939e-01 6.9083733e-01 6.8547749e-01 6.7960249e-01 6.7214720e-01 6.6354938e-01 6.5304935e-01 6.4157691e-01 6.2547587e-01 6.0662680e-01 6.3958843e-01 9.5226423e-01 7.0778689e-01 5.3282727e-01 5.0727764e-01 4.7833136e-01 4.4629911e-01 4.1293076e-01 3.7754937e-01 3.3343365e-01 2.8112901e-01 2.0411759e-01 5.5937440e-02 2.0552723e-04
9.1927346e-01 8.9448540e-01 8.9028863e-01 8.8971037e-01 8.8017641e-01 8.7274887e-01 8.6344934e-01 8.1748910e-01 6.5263198e-01 4.9311381e-01 4.1997696e-01 4.8033230e-01 6.7036048e-01 7.8971068e-01 8.0582232e-01 8.0280994e-01 7.9216481e-01 7.6737363e-01 6.8390597e-01 6.3348039e-01 6.8284716e-01 7.1973413e-01 7.2263848e-01 7.1622576e-01 7.1154452e-01 7.0571595e-01 6.9678862e-01 6.9446004e-01 6.8807515e-01 6.8120982e-01 6.7479052e-01 6.6581440e-01 6.5448409e-01 6.4399919e-01 6.3283362e-01 7.4594740e-01 9.2888788e-01 6.9076279e-01 5.6312593e-01 5.6122927e-01 5.8754347e-01 5.7087166e-01 5.4046072e-01 4.6846870e-01 4.0429872e-01 3.5648529e-01 3.0563240e-01 2.3817751e-01 1.1080651e-01 1.8300178e-03
9.1517602e-01 8.8836987e-01 8.8380964e-01 8.8090333e-01 8.7308949e-01 8.6620865e-01 8.5856424e-01 8.4945326e-01 8.2723271e-01 7.6596373e-01 6.5653306e-01 5.4125381e-01 6.0048319e-01 7.2418103e-01 7.9649979e-01 7.9617800e-01 7.8872713e-01 7.7540228e-01 7.6226865e-01 7.5496458e-01 7.4690140e-01 7.4074219e-01 7.2999967e-01 7.2206235e-01 7.1583582e-01 7.0916179e-01 7.0268518e-01 6.9626395e-01 6.8979642e-01 6.8302438e-01 6.7747015e-01 6.6545023e-01 6.5882374e-01 7.3988823e-01 9.4756111e-01 9.7684899e-01 7.2729948e-01 6.6302781e-01 6.5800859e-01 6.3351924e-01 5.5457601e-01 5.0313691e-01 4.9036637e-01 5.2643330e-01 4.7644641e-01 3.7881177e-01 3.2536448e-01 2.6279471e-01 1.5189587e-01 1.0362879e-02
8.9979054e-01 8.8287126e-01 8.7822877e-01 8.7468411e-01 8.6740439e-01 8.6078933e-01 8.5379667e-01 8.4569506e-01 8.3632823e-01 8.2774051e-01 8.0982926e-01 7.6594539e-01 7.2952453e-01 7.3359635e-01 7.9067367e-01 7.9355020e-01 7.8693136e-01 7.7416890e-01 7.6758353e-01 7.5818327e-01 7.5026440e-01 7.4313789e-01 7.3435444e-01 7.2698096e-01 7.2000624e-01 7.1291360e-01 7.0434023e-01 6.9860805e-01 6.9273467e-01 6.8334235e-01 6.7624551e-01 7.1045793e-01 9.1566972e-01 1.1038414e+00 1.0267729e+00 7.9322222e-01 6.3769109e-01 6.1427875e-01 5.9666633e-01 5.6001557e-01 5.3028408e-01 5.0302115e-01 4.7298869e-01 4.4258974e-01 4.8534428e-01 4.6803035e-01 3.5494341e-01 2.8656871e-01 1.9285802e-01 3.2447796e-02
9.1222962e-01 8.8118351e-01 8.7098841e-01 8.6090937e-01 8.5950038e-01 8.5362566e-01 8.4710020e-01 8.4028768e-01 8.3254611e-01 8.2530461e-01 8.1779925e-01 8.1023591e-01 8.0819026e-01 7.9829522e-01 7.9664627e-01 7.9140534e-01 7.8492000e-01 7.7903113e-01 7.6885184e-01 7.6041792e-01 7.5258777e-01 7.4284065e-01 7.3741026e-01 7.3076906e-01 7.2355009e-01 7.1697120e-01 7.1108937e-01 6.9995453e-01 6.9059432e-01 7.0485647e-01 8.7103090e-01 1.0875434e+00 1.1277490e+00 8.6128423e-01 6.5851854e-01 6.2395944e-01 6.1237649e-01 5.9628938e-01 5.7910508e-01 5.5995234e-01 5.3814691e-01 5.1354082e-01 4.8468660e-01 4.5246735e-01 4.2117211e-01 4.4720020e-01 4.4498958e-01 3.2110100e-01 2.2316716e-01 6.1105924e-02
8.8493950e-01 8.9729190e-01 8.8083488e-01 8.6854217e-01 8.5488250e-01 8.4782419e-01 8.4092247e-01 8.3469965e-01 8.2828687e-01 8.2195142e-01 8.1609134e-01 8.0955386e-01 8.0297777e-01 7.9857917e-01 7.9398718e-01 7.8863249e-01 7.8225759e-01 7.7897820e-01 7.6838020e-01 7.6079464e-01 7.5340065e-01 7.4641503e-01 7.3968558e-01 7.3371177e-01 7.2565683e-01 7.1686132e-01 7.0670641e-01 6.9502718e-01 7.7106329e-01 1.0748780e+00 1.1223954e+00 9.9472122e-01 7.4572024e-01 6.5648297e-01 6.4306499e-01 6.2977528e-01 6.1560989e-01 6.0061013e-01 5.8421844e-01 5.6755970e-01 5.4622457e-01 5.2299942e-01 4.9634650e-01 4.6590115e-01 4.3381066e-01 3.8751116e-01 3.7652114e-01 4.0137230e-01 2.7390528e-01 9.9758710e-02
8.6674340e-01 8.6612708e-01 8.7482437e-01 8.8900224e-01 8.7883590e-01 8.7135535e-01 8.6033930e-01 8.4357086e-01 8.2488240e-01 8.1716607e-01 8.1191128e-01 8.0672617e-01 8.0135317e-01 7.9593484e-01 7.9066685e-01 7.8536642e-01 7.7909888e-01 7.7162071e-01 7.6594063e-01 7.5876353e-01 7.5226006e-01 7.4570542e-01 7.4221721e-01 7.3747947e-01 7.2942086e-01 7.2052399e-01 7.1167627e-01 8.7204892e-01 1.0733290e+00 8.2506537e-01 9.7378047e-01 8.1480435e-01 6.6575873e-01 6.5616704e-01 6.4379601e-01 6.3687533e-01 6.1930023e-01 6.0510068e-01 5.8980914e-01 5.7288850e-01 5.5374089e-01 5.3229697e-01 5.0780069e-01 4.7973739e-01 4.4694386e-01 4.0764793e-01 3.5909768e-01 3.0758199e-01 3.0273517e-01 1.6047854e-01
8.5985078e-01 8.5569124e-01 8.5102893e-01 8.4358985e-01 8.4047009e-01 8.3710790e-01 8.3656637e-01 8.5055415e-01 8.5061349e-01 8.1918346e-01 8.0681816e-01 8.0154840e-01 7.9555696e-01 7.9122763e-01 7.8623582e-01 7.8097945e-01 7.7470091e-01 7.7040780e-01 7.6242937e-01 7.5629208e-01 7.5219322e-01 7.4584368e-01 7.4668199e-01 7.4245789e-01 7.2693411e-01 8.0764711e-01 9.9720483e-01 1.0173930e+00 7.6023161e-01 7.1245211e-01 1.1061623e+00 7.5480149e-01 6.6832220e-01 6.5679090e-01 6.4589733e-01 6.3456570e-01 6.2240405e-01 6.0914515e-01 5.9471133e-01 5.8109747e-01 5.6149399e-01 5.4156103e-01 5.1916298e-01 4.9346004e-01 4.6397891e-01 4.2598237e-01 3.8045768e-01 3.2319156e-01 2.5473398e-01 1.7290793e-01
8.5267418e-01 8.4864023e-01 8.4404209e-01 8.3892525e-01 8.3365757e-01 8.2811978e-01 8.2228515e-01 8.1648639e-01 8.2345367e-01 8.3608317e-01 8.0065080e-01 7.9550816e-01 7.9088445e-01 7.8582943e-01 7.8080012e-01 7.7527323e-01 7.6892505e-01 7.6412762e-01 7.5633669e-01 7.4992807e-01 7.5955294e-01 8.8160010e-01 1.0778002e+00 1.0552769e+00 1.0570490e+00 1.2057395e+00 8.9835487e-01 7.1684071e-01 6.9660773e-01 8.2251441e-01 1.0467519e+00 6.9084647e-01 6.6922760e-01 6.5816895e-01 6.4787721e-01 6.3709104e-01 6.2573850e-01 6.1326095e-01 5.9985514e-01 5.8608700e-01 5.6918610e-01 5.5110007e-01 5.3057130e-01 5.0673286e-01 4.7946967e-01 4.4400375e-01 4.0218872e-01 3.5107029e-01 2.9161126e-01 2.0432259e-01
8.4561456e-01 8.4172948e-01 8.3724076e-01 8.3252357e-01 8.2691077e-01 8.2125202e-01 8.1525199e-01 8.0905691e-01 8.0623384e-01 8.3192356e-01 7.9470088e-01 7.8820925e-01 7.8163388e-01 7.7874386e-01 7.7380095e-01 7.6780036e-01 7.6135237e-01 7.5503853e-01 7.4747066e-01 7.4884097e-01 9.5366975e-01 1.5255118e+00 1.9815061e+00 1.9414939e+00 1.3792305e+00 8.9928398e-01 8.5331342e-01 8.0800849e-01 9.1011270e-01 1.0381580e+00 7.7246860e-01 6.8061280e-01 6.7039374e-01 6.6035522e-01 6.5053291e-01 6.4145717e-01 6.2954653e-01 6.1780554e-01 6.0555118e-01 5.9207949e-01 5.7774916e-01 5.6129173e-01 5.4239664e-01 5.1972577e-01 4.9293562e-01 4.5961067e-01 4.2066984e-01 3.7503209e-01 3.2468220e-01 2.5725796e-01
8.3810517e-01 8.3436725e-01 8.2999704e-01 8.2376484e-01 8.1956792e-01 8.1362816e-01 8.0726166e-01 8.0046075e-01 7.9887231e-01 8.2627464e-01 7.9133888e-01 7.7937036e-01 7.8048056e-01 7.7140414e-01 7.6586033e-01 7.6015960e-01 7.5397366e-01 7.4713747e-01 7.6373014e-01 9.2459195e-01 1.3368902e+00 2.0234128e+00 2.2154812e+00 2.0980066e+00 1.4626139e+00 1.0347791e+00 9.6640122e-01 1.0462947e+00 8.9129730e-01 7.3712221e-01 6.8719278e-01 6.7988430e-01 6.7122406e-01 6.6248382e-01 6.5353020e-01 6.4405389e-01 6.3369422e-01 6.2341167e-01 6.1246758e-01 5.9815436e-01 5.8729027e-01 5.7223765e-01 5.5464672e-01 5.3218681e-01 5.0978543e-01 4.7349888e-01 4.3576301e-01 3.9416440e-01 3.5134041e-01 2.8844770e-01
8.3012481e-01 8.2662082e-01 8.2239144e-01 8.1577496e-01 8.1178380e-01 8.0542002e-01 7.9833730e-01 7.9087045e-01 7.8091848e-01 8.1435104e-01 7.8169394e-01 7.7351841e-01 7.6878571e-01 7.6267496e-01 7.5779553e-01 7.5257159e-01 7.5080472e-01 7.5321118e-01 9.2853355e-01 1.4547034e+00 1.9405610e+00 2.0643964e+00 2.1309504e+00 1.7139627e+00 1.0200412e+00 7.3046337e-01 7.1752925e-01 7.0946510e-01 7.0162987e-01 6.9340886e-01 6.8563625e-01 6.7939681e-01 6.7220924e-01 6.6459041e-01 6.5633641e-01 6.4651439e-01 6.3936282e-01 6.3014899e-01 6.2047355e-01 6.1078740e-01 5.9873161e-01 5.8442583e-01 5.6813103e-01 5.4581046e-01 5.1612463e-01 4.8457322e-01 4.4711070e-01 4.0753059e-01 3.7163099e-01 2.4494036e-01
8.2167133e-01 8.1843418e-01 8.1435750e-01 8.1127842e-01 8.0379130e-01 7.9672450e-01 7.8884686e-01 7.7997544e-01 8.1316376e-01 1.2065456e+00 9.2795558e-01 1.0428683e+00 1.0451201e+00 9.1375827e-01 8.0839614e-01 8.2095027e-01 9.7728475e-01 1.1887580e+00 1.4674696e+00 1.9535397e+00 1.8076399e+00 1.9112278e+00 1.8637865e+00 1.1370228e+00 7.6497937e-01 7.2165609e-01 7.1534344e-01 7.0765071e-01 7.0175289e-01 6.9479537e-01 6.9035385e-01 6.8258411e-01 6.7604764e-01 6.6940112e-01 6.6268650e-01 6.4979508e-01 6.4737291e-01 6.3924372e-01 6.3072470e-01 6.2069121e-01 6.1104305e-01 5.9754035e-01 5.8210829e-01 5.5953251e-01 5.3736908e-01 4.8928814e-01 3.6342432e-01 2.5264700e-01 1.2621495e-01 0.0000000e+00
8.1248725e-01 8.0942567e-01 8.0549776e-01 7.9967582e-01 7.9416981e-01 7.8699148e-01 7.7819075e-01 7.6814896e-01 1.0230871e+00 1.5462303e+00 1.4238562e+00 1.8252304e+00 1.8550675e+00 1.6473226e+00 1.4306632e+00 1.4440418e+00 1.7658160e+00 1.9307673e+00 1.8574409e+00 1.6360459e+00 1.5159312e+00 1.9344799e+00 1.6008890e+00 9.3830653e-01 7.3443869e-01 7.2215830e-01 7.1411569e-01 7.0735831e-01 7.0204858e-01 6.9624046e-01 6.9149790e-01 6.8628357e-01 6.8094552e-01 6.7597629e-01 6.6988980e-01 6.5628628e-01 6.5599627e-01 6.4907756e-01 6.4157858e-01 6.3682869e-01 6.2441843e-01 6.1086827e-01 5.9524895e-01 5.7015909e-01 4.8900885e-01 2.8864458e-01 1.7484110e-02 0.0000000e+00 0.0000000e+00 0.0000000e+00
8.0213380e-01 7.9918071e-01 7.9539014e-01 7.9074459e-01 7.8333484e-01 7.7530769e-01 7.6691196e-01 8.0390149e-01 1.3749439e+00 1.7197482e+00 1.9344628e+00 1.6691582e+00 1.4477065e+00 1.6907427e+00 1.8140895e+00 1.8163465e+00 1.6173967e+00 1.2776318e+00 1.0562755e+00 1.1302627e+00 1.5629333e+00 1.9701406e+00 1.3597880e+00 8.3721902e-01 7.2722114e-01 7.0461927e-01 6.9567752e-01 7.0502865e-01 7.0211864e-01 6.9772416e-01 6.9781929e-01 6.9198951e-01 6.8816708e-01 6.8422446e-01 6.7818329e-01 6.7224232e-01 6.6582655e-01 6.5980304e-01 6.5321083e-01 6.4971222e-01 6.3708410e-01 6.2459134e-01 5.8011342e-01 3.9849719e-01 5.1765718e-02 0.0000000e+00 0.0000000e+00 0.0000000e+00 0.0000000e+00 0.0000000e+00
7.9007422e-01 7.8700718e-01 7.8288652e-01 7.7640610e-01 7.7012988e-01 7.6448647e-01 8.2379791e-01 1.1386230e+00 1.7162344e+00 1.9514397e+00 1.5487198e+00 1.0409000e+00 8.2403097e-01 9.1611722e-01 9.8216004e-01 9.9274285e-01 8.8404269e-01 7.8846162e-01 9.2594126e-01 1.3769140e+00 1.9444610e+00 1.6180021e+00 1.0136285e+00 7.4149487e-01 6.7457096e-01 5.9428553e-01 5.5608322e-01 6.3576407e-01 6.9612591e-01 7.0157361e-01 7.0243415e-01 6.9871556e-01 6.9689402e-01 6.9332413e-01 6.8684955e-01 6.7639044e-01 6.7421735e-01 6.6892465e-01 6.6230221e-01 6.5148895e-01 5.9961617e-01 4.9624366e-01 1.8634174e-01 0.0000000e+00 0.0000000e+00 0.0000000e+00 0.0000000e+00 0.0000000e+00 0.0000000e+00 0.0000000e+00
7.7616202e-01 7.7281447e-01 7.6816917e-01 7.6139904e-01 7.6256876e-01 8.7704751e-01 1.2484952e+00 1.5882731e+00 1.7705057e+00 1.4527365e+00 9.7104532e-01 7.5945829e-01 7.4036995e-01 7.3872966e-01 7.3663345e-01 7.3500937e-01 7.3648142e-01 8.8967549e-01 1.3890882e+00 1.9518573e+00 1.6818804e+00 1.0902005e+00 7.7692491e-01 6.4387598e-01 5.5435978e-01 4.6872367e-01 4.0283329e-01 4.4899071e-01 5.9305070e-01 6.9361728e-01 7.0798170e-01 7.0699427e-01 6.9733987e-01 6.6174846e-01 6.2427559e-01 6.2758545e-01 6.3254968e-01 6.1616780e-01 5.3453007e-01 3.8145468e-01 8.5546160e-02 0.0000000e+00 0.0000000e+00 0.0000000e+00 0.0000000e+00 0.0000000e+00 0.0000000e+00 0.0000000e+00 0.0000000e+00 0.0000000e+00
7.6028207e-01 7.5636767e-01 7.5259255e-01 7.6613962e-01 9.1192682e-01 1.2252197e+00 1.5938115e+00 1.8200911e+00 1.6667026e+00 1.2202364e+00 7.4717755e-01 7.3443603e-01 7.3185949e-01 7.3063310e-01 7.2889336e-01 7.2801214e-01 7.6515776e-01 1.1300535e+00 1.8537649e+00 1.7054202e+00 1.0725361e+00 7.8249185e-01 7.3125316e-01 6.3068947e-01 4.7223765e-01 3.6150780e-01 2.4988609e-01 2.3383670e-01 3.6998000e-01 5.8648219e-01 6.9332419e-01 7.1643490e-01 6.5531288e-01 4.4482044e-01 2.5705370e-01 1.9358081e-01 1.8596566e-01 1.7038055e-01 5.5485846e-03 0.0000000e+00 0.0000000e+00 0.0000000e+00 0.0000000e+00 0.0000000e+00 0.0000000e+00 0.0000000e+00 0.0000000e+00 0.0000000e+00 0.0000000e+00 0.0000000e+00
7.4379386e-01 7.4099513e-01 7.5853290e-01 8.7058657e-01 1.3435492e+00 1.7134177e+00 1.7083099e+00 1.5978615e+00 1.3052807e+00 7.9946676e-01 7.3078848e-01 7.2808773e-01 7.2525382e-01 7.2444270e-01 7.2406941e-01 7.2549589e-01 8.8991603e-01 1.4466915e+00 1.9619649e+00 1.3655215e+00 8.3760650e-01 7.3446512e-01 7.1662675e-01 5.8995196e-01 4.3714434e-01 3.0541744e-01 1.8185695e-01 1.3961787e-01 1.1355838e-01 2.2484719e-01 4.4251839e-01 5.9308146e-01 5.2688966e-01 2.6209468e-01 3.9446336e-04 0.0000000e+00 0.0000000e+00 0.0000000e+00 0.0000000e+00 0.0000000e+00 0.0000000e+00 0.0000000e+00 0.0000000e+00 0.0000000e+00 0.0000000e+00 0.0000000e+00 0.0000000e+00 0.0000000e+00 0.0000000e+00 0.0000000e+00
