presentation/data/depth_0012.asc
ncols     164
nrows     146
xllcorner -1.242151388888889e+02
yllcorner  4.172986111111111e+01
cellsize  2.777777777820000e-04
nodata_value       -9999
[rows 110 to 131 of 146, columns 0 to 49 of 164]
2.1494372e+01 2.1555357e+01 2.0884145e+01 2.1161080e+01 2.0881354e+01 2.0771852e+01 2.0661087e+01 2.0159479e+01 1.9904165e+01 1.9583367e+01 1.9482461e+01 1.9554089e+01 1.9422821e+01 1.8351418e+01 1.9282199e+01 1.9466030e+01 1.8794511e+01 1.8117573e+01 1.8307430e+01 1.8288978e+01 1.8202881e+01 1.6913464e+01 1.6318102e+01 1.6717695e+01 1.6806504e+01 1.6566045e+01 1.6508305e+01 1.5906380e+01 1.6173542e+01 1.5752431e+01 1.5272298e+01 1.4667550e+01 1.4555269e+01 1.4187104e+01 1.3543850e+01 1.3136390e+01 1.2869986e+01 1.2034173e+01 1.1637177e+01 1.0603990e+01 6.7970576e+00 7.0701255e+00 1.1379970e+01 1.1619988e+01 1.1677206e+01 1.2008870e+01 1.2344873e+01 1.2109664e+01 1.1922520e+01 1.1508111e+01
2.1471989e+01 2.1427133e+01 2.1330824e+01 2.1328695e+01 2.1054454e+01 2.0364753e+01 2.0175098e+01 2.0359577e+01 2.0204088e+01 1.9953649e+01 1.9873459e+01 1.9803640e+01 1.9643171e+01 1.9072838e+01 2.0052996e+01 2.0163055e+01 1.9536841e+01 1.9600696e+01 1.9233498e+01 1.8981176e+01 1.8454971e+01 1.7142323e+01 1.7520273e+01 1.7873107e+01 1.7726421e+01 1.7317826e+01 1.7072514e+01 1.6726455e+01 1.6496372e+01 1.6514706e+01 1.6464863e+01 1.5372864e+01 1.5226210e+01 1.4727580e+01 1.4273038e+01 1.3640370e+01 1.3189785e+01 1.2977741e+01 1.2212659e+01 1.2405741e+01 1.2237701e+01 1.1585502e+01 1.1752853e+01 1.1818794e+01 1.2012813e+01 1.2859393e+01 1.3282353e+01 1.2845335e+01 1.2539885e+01 1.2013237e+01
2.1534523e+01 2.1440160e+01 2.1429457e+01 2.1248373e+01 2.1259569e+01 2.1072912e+01 2.0877608e+01 2.0676525e+01 2.0526031e+01 2.0328505e+01 2.0260546e+01 2.0203406e+01 2.0279487e+01 2.0343222e+01 2.0320003e+01 2.0344070e+01 2.0024420e+01 1.9854667e+01 1.9236924e+01 1.9119639e+01 1.8344651e+01 1.8969515e+01 1.9112497e+01 1.8966284e+01 1.8533638e+01 1.8210865e+01 1.8007563e+01 1.7490620e+01 1.6980227e+01 1.6687260e+01 1.6588679e+01 1.6583546e+01 1.5954948e+01 1.4784972e+01 1.4433923e+01 1.4280939e+01 1.3251128e+01 1.2391248e+01 1.1862068e+01 1.2453407e+01 1.2290790e+01 1.1665690e+01 1.1604438e+01 1.1954179e+01 1.2689203e+01 1.3777724e+01 1.3692705e+01 1.2390437e+01 1.1494059e+01 1.1663325e+01
2.1693826e+01 2.1596693e+01 2.1543568e+01 2.1531263e+01 2.1367654e+01 2.1191758e+01 2.1059982e+01 2.0935300e+01 2.0830050e+01 2.0766057e+01 2.0703970e+01 2.0681288e+01 2.0673010e+01 2.0634776e+01 2.0525248e+01 2.0520687e+01 2.0318115e+01 2.0017116e+01 1.9924569e+01 1.9955238e+01 2.0062999e+01 1.9971362e+01 1.9685294e+01 1.9391753e+01 1.9195523e+01 1.8911581e+01 1.7819586e+01 1.6375538e+01 1.7715753e+01 1.7189541e+01 1.6792962e+01 1.6652870e+01 1.5802769e+01 1.5754366e+01 1.5599951e+01 1.4612591e+01 1.3362076e+01 1.1981914e+01 1.0997127e+01 1.1030320e+01 1.1361208e+01 1.0731115e+01 1.0570716e+01 1.1884062e+01 1.3617566e+01 1.4121164e+01 1.4225333e+01 1.4022939e+01 1.3486976e+01 1.4256408e+01
2.1807980e+01 2.1733583e+01 2.1668897e+01 2.1611407e+01 2.1511323e+01 2.1395416e+01 2.1316430e+01 2.1266186e+01 2.1254967e+01 2.1223097e+01 2.1086177e+01 2.1025668e+01 1.9595792e+01 1.8207195e+01 2.1090763e+01 2.0649632e+01 2.0447588e+01 2.0399930e+01 2.0355559e+01 2.0337708e+01 2.0454666e+01 2.0347295e+01 2.0106820e+01 1.9853581e+01 1.9661553e+01 1.9447315e+01 1.9053797e+01 1.8701569e+01 1.8708191e+01 1.7277450e+01 1.7397207e+01 1.6154668e+01 1.6313383e+01 1.5809029e+01 1.5882981e+01 1.2522305e+01 1.2818743e+01 1.1613151e+01 7.9491039e+00 1.1757931e+01 1.1966021e+01 1.1670323e+01 1.0728252e+01 1.3066951e+01 1.4465785e+01 1.4730639e+01 1.3856303e+01 1.4824711e+01 1.4898208e+01 1.4906329e+01
2.1954781e+01 2.1885947e+01 2.1831119e+01 2.1748412e+01 2.1697657e+01 2.1632227e+01 2.1567711e+01 2.1508151e+01 2.1022270e+01 1.5642685e+01 2.1263451e+01 2.1333728e+01 2.1383080e+01 2.1210802e+01 2.1268317e+01 2.1042221e+01 2.0863467e+01 2.0789113e+01 2.0789774e+01 2.0890217e+01 2.1017106e+01 2.0960110e+01 2.0771337e+01 2.0233133e+01 2.0245935e+01 1.9684544e+01 1.9994790e+01 2.0007728e+01 1.9883191e+01 1.8702139e+01 1.8239486e+01 1.5958064e+01 1.6715133e+01 1.7637344e+01 1.6097858e+01 1.1398052e+01 1.0694649e+01 1.2164788e+01 1.3022546e+01 1.2145461e+01 1.2488601e+01 1.2952389e+01 1.3725262e+01 1.4693432e+01 1.4626899e+01 1.5456048e+01 1.4971472e+01 1.5323661e+01 1.5329863e+01 1.5518948e+01
2.2094822e+01 2.2053570e+01 2.2006788e+01 2.1933169e+01 2.1877674e+01 2.1834068e+01 2.1795924e+01 2.1730644e+01 2.1573145e+01 1.9238386e+01 2.1568115e+01 2.1679948e+01 2.1550314e+01 2.1438469e+01 2.1314964e+01 2.1213175e+01 2.1139079e+01 2.1081805e+01 2.1042966e+01 2.1259510e+01 2.0359274e+01 2.1147887e+01 2.0971626e+01 2.0765342e+01 2.0343796e+01 2.0386015e+01 1.9596817e+01 2.0397601e+01 2.0349920e+01 2.0206354e+01 1.9072418e+01 1.8946810e+01 1.8748719e+01 1.8279523e+01 1.7473118e+01 1.3479886e+01 1.3165395e+01 1.2340308e+01 1.2609339e+01 1.3262373e+01 1.3617659e+01 1.3817854e+01 1.4450278e+01 1.5190564e+01 1.5189675e+01 1.5714208e+01 1.5931828e+01 1.5684583e+01 1.5921337e+01 1.6132838e+01
2.2274740e+01 2.2211097e+01 2.2168642e+01 2.2093334e+01 2.2038835e+01 2.1996024e+01 2.1971204e+01 2.1964162e+01 2.1972993e+01 2.1992155e+01 2.1937025e+01 2.1789387e+01 2.1693393e+01 2.1589850e+01 2.1479377e+01 2.1387519e+01 2.1347292e+01 2.1157016e+01 2.1163064e+01 2.1403107e+01 2.1230141e+01 2.1679840e+01 2.1369793e+01 2.1464300e+01 2.0795121e+01 2.0608685e+01 1.7993950e+01 1.9769428e+01 2.0569316e+01 2.0169681e+01 1.9449313e+01 1.8293476e+01 1.9179775e+01 1.8185736e+01 1.7866632e+01 1.7349385e+01 1.7552754e+01 1.5731354e+01 1.4085376e+01 1.4502410e+01 1.4097391e+01 1.4201125e+01 1.5397225e+01 1.5557292e+01 1.5766382e+01 1.6532476e+01 1.6593314e+01 1.6499078e+01 1.6442156e+01 1.6517220e+01
2.2526658e+01 2.2462660e+01 2.2382972e+01 2.2305559e+01 2.2203522e+01 2.2173639e+01 2.2101903e+01 2.2120918e+01 2.2087664e+01 2.2046791e+01 2.2021428e+01 2.1923129e+01 2.1825116e+01 2.1748557e+01 2.1669736e+01 2.1577149e+01 2.1524246e+01 2.1471341e+01 2.1440407e+01 2.1431574e+01 2.1495815e+01 2.1503385e+01 2.1414994e+01 2.1342333e+01 2.1195459e+01 2.1246445e+01 2.0275803e+01 2.0694340e+01 2.1198167e+01 2.0769517e+01 2.0270504e+01 1.9936656e+01 1.9924293e+01 1.8996867e+01 1.7626826e+01 1.7581297e+01 1.7248759e+01 1.6563503e+01 1.6614449e+01 1.5939174e+01 1.5106646e+01 1.5619387e+01 1.6267899e+01 1.6413532e+01 1.6604412e+01 1.6694135e+01 1.6063329e+01 1.6956861e+01 1.6873912e+01 1.6994098e+01
2.2692221e+01 2.2622848e+01 2.2565791e+01 2.2515531e+01 2.2474847e+01 2.2383706e+01 2.2317853e+01 2.2277092e+01 2.2219986e+01 2.2170520e+01 2.2127693e+01 2.2051182e+01 2.2005600e+01 2.1917540e+01 2.1837524e+01 2.1754798e+01 2.1683642e+01 2.1628074e+01 2.1586553e+01 2.1541891e+01 2.1522437e+01 2.1581835e+01 2.1731792e+01 2.1265902e+01 2.1284160e+01 2.1400688e+01 2.1554474e+01 2.1693393e+01 2.1435215e+01 2.1084792e+01 2.0777256e+01 2.0245426e+01 2.0250409e+01 2.0290679e+01 1.8022808e+01 1.8391726e+01 1.8444219e+01 1.7412360e+01 1.7192057e+01 1.6994224e+01 1.6040586e+01 1.5481196e+01 1.7188325e+01 1.6914338e+01 1.6997364e+01 1.7704249e+01 1.7903336e+01 1.7346817e+01 1.7238141e+01 1.7214794e+01
2.2869009e+01 2.2824646e+01 2.2769617e+01 2.2709537e+01 2.2634550e+01 2.2543129e+01 2.2499540e+01 2.2483133e+01 2.2449352e+01 2.2420134e+01 2.2341268e+01 2.2186731e+01 2.2129522e+01 2.2096216e+01 2.2023533e+01 2.1959012e+01 2.1888239e+01 2.1809908e+01 2.1726469e+01 2.1620764e+01 2.1676023e+01 2.1672914e+01 2.1716518e+01 2.1780282e+01 2.1617907e+01 2.1100649e+01 1.9411610e+01 1.8524433e+01 2.1488937e+01 2.1007552e+01 2.1268923e+01 2.1156455e+01 2.0958023e+01 1.9300976e+01 1.9954980e+01 1.9012653e+01 1.7839046e+01 1.7419284e+01 1.5605375e+01 1.5203463e+01 1.6376095e+01 1.6386666e+01 1.7932616e+01 1.6945491e+01 1.6612814e+01 1.7940807e+01 1.8014096e+01 1.7817617e+01 1.7628275e+01 1.7536159e+01
2.3084897e+01 2.3010666e+01 2.2959388e+01 2.2899670e+01 2.2851134e+01 2.2797978e+01 2.2715973e+01 2.2654916e+01 2.2615271e+01 2.2630179e+01 2.2626709e+01 2.2438646e+01 2.2334679e+01 2.2256156e+01 2.2214530e+01 2.2160918e+01 2.2104484e+01 2.2025210e+01 2.1910496e+01 2.1805893e+01 2.1863579e+01 2.1843760e+01 2.1838225e+01 2.1849832e+01 2.1810934e+01 2.1804276e+01 2.1891531e+01 2.1059769e+01 2.1300948e+01 2.1943613e+01 2.1554910e+01 2.1456525e+01 2.1051819e+01 2.0376881e+01 2.0776639e+01 1.9028406e+01 1.7628283e+01 1.7687136e+01 1.7247364e+01 1.5733442e+01 1.2833760e+01 1.2156390e+01 1.7591556e+01 1.8534210e+01 1.7409608e+01 1.8585540e+01 1.8249476e+01 1.8075976e+01 1.7973065e+01 1.7889770e+01
2.3287425e+01 2.3231852e+01 2.3184192e+01 2.3121084e+01 2.3038178e+01 2.2962882e+01 2.2886443e+01 2.2840478e+01 2.2817786e+01 2.2754828e+01 2.2702746e+01 2.2615236e+01 2.2555928e+01 2.2471306e+01 2.2391388e+01 2.2327565e+01 2.2268285e+01 2.2211650e+01 2.2149914e+01 2.2073730e+01 2.2033796e+01 2.2004510e+01 2.2000515e+01 2.1974687e+01 2.1881185e+01 2.2128394e+01 2.2279455e+01 2.1926191e+01 2.2513690e+01 2.2036540e+01 2.1792759e+01 2.1736458e+01 2.1331043e+01 2.0251654e+01 2.0507801e+01 1.9102196e+01 1.7838890e+01 1.8207385e+01 1.6400784e+01 1.4498077e+01 1.3439037e+01 1.1350811e+01 1.7617585e+01 1.9796208e+01 1.8563560e+01 1.8867051e+01 1.8567805e+01 1.8408723e+01 1.8340867e+01 1.8310973e+01
2.3446664e+01 2.3410541e+01 2.3369868e+01 2.3339726e+01 2.3274545e+01 2.3182125e+01 2.3103973e+01 2.3022914e+01 2.2978775e+01 2.2918253e+01 2.2890200e+01 2.2804333e+01 2.2735142e+01 2.2666341e+01 2.2604664e+01 2.2548050e+01 2.2499395e+01 2.2423643e+01 2.2361771e+01 2.2297476e+01 2.2235864e+01 2.2199601e+01 2.2183844e+01 2.2192195e+01 2.2242646e+01 2.2268691e+01 2.2062729e+01 2.1776671e+01 2.2216760e+01 2.2255555e+01 2.1935519e+01 2.1866738e+01 2.1576469e+01 2.1870643e+01 2.1254662e+01 2.0675082e+01 1.9504988e+01 1.7336060e+01 1.6010814e+01 1.3279677e+01 1.1423829e+01 1.4196317e+01 1.9535455e+01 1.9835882e+01 1.9324065e+01 1.9037708e+01 1.8876877e+01 1.8755137e+01 1.8673766e+01 1.8636696e+01
2.3682290e+01 2.3611958e+01 2.3563731e+01 2.3502624e+01 2.3458268e+01 2.3383998e+01 2.3325681e+01 2.3258613e+01 2.3191298e+01 2.3124519e+01 2.3085503e+01 2.3013146e+01 2.2935964e+01 2.2875617e+01 2.2799010e+01 2.2761079e+01 2.2708470e+01 2.2651678e+01 2.2592448e+01 2.2485090e+01 2.2416110e+01 2.2409323e+01 2.2399281e+01 2.2378125e+01 2.2380002e+01 2.2418376e+01 2.2553354e+01 2.2632654e+01 2.2712603e+01 2.2535517e+01 2.2184439e+01 2.2044687e+01 2.1857458e+01 2.2159385e+01 2.2176573e+01 2.1139102e+01 1.9984782e+01 1.9520032e+01 1.8677054e+01 1.5673342e+01 1.6714132e+01 1.7827212e+01 2.0331342e+01 1.9891787e+01 1.9556324e+01 1.9350474e+01 1.9238671e+01 1.9092757e+01 1.8981020e+01 1.8860369e+01
2.3933188e+01 2.3826490e+01 2.3788140e+01 2.3708200e+01 2.3652921e+01 2.3578316e+01 2.3506307e+01 2.3447099e+01 2.3383051e+01 2.3322140e+01 2.3291042e+01 2.3242496e+01 2.3172488e+01 2.3091602e+01 2.2998468e+01 2.2948374e+01 2.2895809e+01 2.2850155e+01 2.2765281e+01 2.2682218e+01 2.2643264e+01 2.2624505e+01 2.2606007e+01 2.2561476e+01 2.2543105e+01 2.2565922e+01 2.2612679e+01 2.2663097e+01 2.2725944e+01 2.2714109e+01 2.1928081e+01 2.2297569e+01 2.2283380e+01 2.2264328e+01 2.2202063e+01 2.1744243e+01 2.0837100e+01 1.9853613e+01 2.0453156e+01 2.0983241e+01 1.9621797e+01 2.0399267e+01 2.0525666e+01 2.0190720e+01 1.9918032e+01 1.9703844e+01 1.9544344e+01 1.9397681e+01 1.9280250e+01 1.9146634e+01
2.4161353e+01 2.4039204e+01 2.3994060e+01 2.3922009e+01 2.3891218e+01 2.3848978e+01 2.3737982e+01 2.3653242e+01 2.3563813e+01 2.3499608e+01 2.3462025e+01 2.3423895e+01 2.3388033e+01 2.3312158e+01 2.3225652e+01 2.3151383e+01 2.3086597e+01 2.3004610e+01 2.2935859e+01 2.2905537e+01 2.2869075e+01 2.2822393e+01 2.2780459e+01 2.2753980e+01 2.2725362e+01 2.2706407e+01 2.2689439e+01 2.2684714e+01 2.2703345e+01 2.2678813e+01 2.2574668e+01 2.2476648e+01 2.2396955e+01 2.2353311e+01 2.2310766e+01 2.2205994e+01 2.2363875e+01 2.2132174e+01 2.2033760e+01 2.1656555e+01 2.1562462e+01 2.1227342e+01 2.0869675e+01 2.0548515e+01 2.0296273e+01 2.0087899e+01 1.9899056e+01 1.9736530e+01 1.9607530e+01 1.9478389e+01
2.4379792e+01 2.4281664e+01 2.4167931e+01 2.4148861e+01 2.4080873e+01 2.4080260e+01 2.4019135e+01 2.3872920e+01 2.3789961e+01 2.3688701e+01 2.3642351e+01 2.3571660e+01 2.3547435e+01 2.3498289e+01 2.3439665e+01 2.3362401e+01 2.3297018e+01 2.3221953e+01 2.3174741e+01 2.3110980e+01 2.3060342e+01 2.3013335e+01 2.2956690e+01 2.2923775e+01 2.2889060e+01 2.2860475e+01 2.2814548e+01 2.2795436e+01 2.2761203e+01 2.2710113e+01 2.2624944e+01 2.2569720e+01 2.2534283e+01 2.2504521e+01 2.2462637e+01 2.2436953e+01 2.2456699e+01 2.2328849e+01 2.2201635e+01 2.1989145e+01 2.1728195e+01 2.1374623e+01 2.1125307e+01 2.0892780e+01 2.0667456e+01 2.0451578e+01 2.0245780e+01 2.0074530e+01 1.9925630e+01 1.9803537e+01
2.4570275e+01 2.4514885e+01 2.4380804e+01 2.4332762e+01 2.4283709e+01 2.4241982e+01 2.4249366e+01 2.4122847e+01 2.3991158e+01 2.3907101e+01 2.3830306e+01 2.3775762e+01 2.3726012e+01 2.3661670e+01 2.3604833e+01 2.3551583e+01 2.3474019e+01 2.3434026e+01 2.3390894e+01 2.3338908e+01 2.3272408e+01 2.3209628e+01 2.3140949e+01 2.3079654e+01 2.3038176e+01 2.3000362e+01 2.2966862e+01 2.2926097e+01 2.2868374e+01 2.2804086e+01 2.2728796e+01 2.2663845e+01 2.2629772e+01 2.2645841e+01 2.2528584e+01 2.2542545e+01 2.2413046e+01 2.2357871e+01 2.2179740e+01 2.1962419e+01 2.1976366e+01 2.1591142e+01 2.1332292e+01 2.1128148e+01 2.0934046e+01 2.0751738e+01 2.0571012e+01 2.0382158e+01 2.0238498e+01 2.0109666e+01
2.4739302e+01 2.4729386e+01 2.4614238e+01 2.4517583e+01 2.4506836e+01 2.4428238e+01 2.4415380e+01 2.4370157e+01 2.4230020e+01 2.4140901e+01 2.4095542e+01 2.4003777e+01 2.3911300e+01 2.3868396e+01 2.3799028e+01 2.3699474e+01 2.3650921e+01 2.3597904e+01 2.3548547e+01 2.3501157e+01 2.3456490e+01 2.3397843e+01 2.3343825e+01 2.3274828e+01 2.3210465e+01 2.3157304e+01 2.3116706e+01 2.3063473e+01 2.2999402e+01 2.2935507e+01 2.2876903e+01 2.2798784e+01 2.2745218e+01 2.2755663e+01 2.2770196e+01 2.2130065e+01 2.2609428e+01 2.2439224e+01 2.2250313e+01 2.2147119e+01 2.2024731e+01 2.1779640e+01 2.1537199e+01 2.1347190e+01 2.1153812e+01 2.0972486e+01 2.0797752e+01 2.0653717e+01 2.0533232e+01 2.0437159e+01
2.4916115e+01 2.4919167e+01 2.4873394e+01 2.4737066e+01 2.4674093e+01 2.4637920e+01 2.4581332e+01 2.4587540e+01 2.4492041e+01 2.4363734e+01 2.4319701e+01 2.4237625e+01 2.4161669e+01 2.4036628e+01 2.3946715e+01 2.3887537e+01 2.3814841e+01 2.3772033e+01 2.3700257e+01 2.3643780e+01 2.3601125e+01 2.3543384e+01 2.3506370e+01 2.3469666e+01 2.3401753e+01 2.3340628e+01 2.3282699e+01 2.3218709e+01 2.3150177e+01 2.3063020e+01 2.3006627e+01 2.2938093e+01 2.2884405e+01 2.2848778e+01 2.2861795e+01 2.2937594e+01 2.2938433e+01 2.2661557e+01 2.2428175e+01 2.2275564e+01 2.2176915e+01 2.1916962e+01 2.1716630e+01 2.1556314e+01 2.1385372e+01 2.1198903e+01 2.1017635e+01 2.0866408e+01 2.0730142e+01 2.0489027e+01
2.5111263e+01 2.5100417e+01 2.5086150e+01 2.4995738e+01 2.4873754e+01 2.4853325e+01 2.4768531e+01 2.4770684e+01 2.4740533e+01 2.4594812e+01 2.4523303e+01 2.4437023e+01 2.4409495e+01 2.4271766e+01 2.4156060e+01 2.4087215e+01 2.4016672e+01 2.3948771e+01 2.3874072e+01 2.3785428e+01 2.3758825e+01 2.3689585e+01 2.3639571e+01 2.3591108e+01 2.3553055e+01 2.3500798e+01 2.3459513e+01 2.3398537e+01 2.3327707e+01 2.3239738e+01 2.3153817e+01 2.3092728e+01 2.3029557e+01 2.2995591e+01 2.2980692e+01 2.2939988e+01 2.3004189e+01 2.2822058e+01 2.2695502e+01 2.2280669e+01 2.2329535e+01 2.2090694e+01 2.1907765e+01 2.1730720e+01 2.1559015e+01 2.1387850e+01 2.1204916e+01 2.1062331e+01 2.0909768e+01 2.0740181e+01
