presentation/data/depth_0004.asc
ncols     164
nrows     146
xllcorner -1.242151388888889e+02
yllcorner  4.172986111111111e+01
cellsize  2.777777777820000e-04
nodata_value       -9999
[rows 88 to 109 of 146, columns 50 to 99 of 164]
0.0000000e+00 0.0000000e+00 0.0000000e+00 0.0000000e+00 0.0000000e+00 0.0000000e+00 5.3724687e-01 2.1504187e+00 2.2496548e+00 2.2029192e+00 2.3611799e+00 2.6447328e+00 3.0041830e+00 3.3353493e+00 3.6133245e+00 3.7746394e+00 4.1152528e+00 4.5878338e+00 4.8165805e+00 5.0601050e+00 5.0385496e+00 5.2275532e+00 5.2712943e+00 5.1706310e+00 5.3000179e+00 5.1854038e+00 5.3006256e+00 4.8423034e+00 3.7086369e+00 4.7362538e+00 5.0792582e+00 4.6641440e+00 4.8021617e+00 5.0406523e+00 5.1432733e+00 5.0371397e+00 5.1351135e+00 5.2031419e+00 5.1972895e+00 5.1369249e+00 5.2157766e+00 5.2193896e+00 5.1687338e+00 5.1650980e+00 5.2308677e+00 5.2711560e+00 5.5016461e+00 4.6347889e+00 4.6419601e+00 5.2236820e+00
8.8057015e-04 2.3600530e-01 5.3143541e-02 0.0000000e+00 0.0000000e+00 0.0000000e+00 0.0000000e+00 9.2329382e-04 2.0799018e+00 2.4315575e+00 2.5036535e+00 2.7027082e+00 3.0362911e+00 3.6205580e+00 3.8540168e+00 4.0828888e+00 4.4684424e+00 4.6883679e+00 4.6972145e+00 5.0770875e+00 5.4513234e+00 5.5660357e+00 5.4003273e+00 5.2633265e+00 5.2594119e+00 4.7478158e+00 4.3066327e+00 4.1193188e+00 3.8435892e+00 4.3742906e+00 4.8490602e+00 5.0187529e+00 5.1163385e+00 5.2115956e+00 5.2950088e+00 5.3112687e+00 5.3045226e+00 5.3965498e+00 5.4221546e+00 5.4343424e+00 5.4470641e+00 5.4537511e+00 5.4992980e+00 5.4354396e+00 5.4064343e+00 5.4195303e+00 5.5572326e+00 5.1386478e+00 4.8229020e+00 4.7848619e+00
2.1449974e+00 1.8170589e+00 9.2788656e-01 5.6795218e-01 0.0000000e+00 0.0000000e+00 0.0000000e+00 0.0000000e+00 0.0000000e+00 2.2642117e+00 2.6337165e+00 2.7185347e+00 2.9687453e+00 3.3919100e+00 3.6338587e+00 3.9452338e+00 4.1972138e+00 4.3818126e+00 4.4866009e+00 4.7082240e+00 4.9356241e+00 5.0118006e+00 4.8042779e+00 4.6578948e+00 4.5470133e+00 4.0028098e+00 3.4894258e+00 4.0925607e+00 4.5406478e+00 4.8461108e+00 5.1415660e+00 5.3070267e+00 5.4085224e+00 5.4320500e+00 5.4717620e+00 5.5393728e+00 5.5746374e+00 5.5834516e+00 5.6564232e+00 5.6796642e+00 5.6892968e+00 5.6482298e+00 5.7402011e+00 5.7621331e+00 5.6957489e+00 5.6988763e+00 5.6293633e+00 5.5718294e+00 5.0235720e+00 5.0246689e+00
2.1249590e+00 2.1499038e+00 1.9337982e+00 1.7040759e+00 0.0000000e+00 0.0000000e+00 0.0000000e+00 0.0000000e+00 0.0000000e+00 0.0000000e+00 2.4349420e+00 2.7943568e+00 2.8079097e+00 2.9906666e+00 2.9659777e+00 2.8776331e+00 3.5642406e+00 3.8360415e+00 3.9663294e+00 4.0968205e+00 4.1605495e+00 4.1059761e+00 3.9262331e+00 3.7568232e+00 3.8696947e+00 3.9403311e+00 4.0574384e+00 4.5942079e+00 5.0132696e+00 5.2491072e+00 5.3919546e+00 5.5082125e+00 5.5777137e+00 5.6458966e+00 5.6672637e+00 5.7211629e+00 5.7908676e+00 5.8345815e+00 5.8309935e+00 5.8991154e+00 5.8842281e+00 5.8838862e+00 5.9939898e+00 6.0056368e+00 5.9652600e+00 5.9586265e+00 5.8886402e+00 5.7798969e+00 5.6480470e+00 5.5606098e+00
2.0183494e+00 2.1625769e+00 1.2459159e+00 2.0827740e+00 1.2765343e+00 0.0000000e+00 0.0000000e+00 0.0000000e+00 0.0000000e+00 0.0000000e+00 0.0000000e+00 2.3871177e+00 2.7850717e+00 2.8666468e+00 1.2325316e+00 0.0000000e+00 2.7996955e+00 3.3181080e+00 3.4085806e+00 3.4750173e+00 3.4122726e+00 3.2782940e+00 3.1917538e+00 3.1084171e+00 3.6366944e+00 4.2530715e+00 4.6470564e+00 5.0022095e+00 5.3235838e+00 5.5099929e+00 5.6176203e+00 5.6704826e+00 5.7277624e+00 5.7830665e+00 5.8280833e+00 5.8803282e+00 5.9485851e+00 6.0183377e+00 6.0565456e+00 6.0428122e+00 6.0608196e+00 6.0985677e+00 6.1881564e+00 6.1682187e+00 6.1797156e+00 6.1104290e+00 5.9698121e+00 5.8065972e+00 5.6043756e+00 5.4866805e+00
1.8272064e+00 1.9715561e+00 2.1208692e+00 2.3652319e+00 2.2231438e+00 8.2423828e-04 0.0000000e+00 0.0000000e+00 0.0000000e+00 6.4989463e-01 0.0000000e+00 0.0000000e+00 1.9960143e+00 2.5762402e+00 1.8534849e+00 1.7884591e+00 2.8743894e+00 2.9549886e+00 3.0122976e+00 3.0159426e+00 2.8962081e+00 2.8350006e+00 3.2224932e+00 3.5906024e+00 4.2468288e+00 4.7972088e+00 5.1901814e+00 5.4100521e+00 5.5610337e+00 5.6745155e+00 5.7741761e+00 5.8577033e+00 5.8875616e+00 5.9359880e+00 5.9909693e+00 6.0176647e+00 6.0792729e+00 6.1469555e+00 6.1571034e+00 6.1917837e+00 6.2568633e+00 6.3169273e+00 6.3525256e+00 6.3494648e+00 6.3123430e+00 6.2050939e+00 5.9391796e+00 5.5142898e+00 5.2019982e+00 5.0237402e+00
1.8505390e+00 2.0077064e+00 2.3099100e+00 2.3288818e+00 2.3091161e+00 1.4995627e+00 0.0000000e+00 0.0000000e+00 1.6803363e+00 2.3774319e+00 1.9554454e+00 0.0000000e+00 0.0000000e+00 0.0000000e+00 1.1936233e+00 3.0064955e+00 2.7804018e+00 2.8068212e+00 2.8500013e+00 2.8368002e+00 2.8325112e+00 3.3191571e+00 3.9455397e+00 4.5050582e+00 4.9105903e+00 5.2227414e+00 5.4830115e+00 5.6863618e+00 5.7968738e+00 5.8328470e+00 5.9002970e+00 5.9807241e+00 6.0568879e+00 6.0837193e+00 6.1401897e+00 6.1844119e+00 6.2276686e+00 6.2432749e+00 6.2747190e+00 6.3624240e+00 6.4342250e+00 6.4842086e+00 6.5348209e+00 6.5341630e+00 6.5123048e+00 6.3520695e+00 5.5572969e+00 4.7832427e+00 4.5783467e+00 4.3539724e+00
2.0551243e+00 2.1506617e+00 2.2494987e+00 2.3013737e+00 2.3556334e+00 2.2042714e+00 9.6224301e-01 0.0000000e+00 1.1673900e+00 2.6394838e+00 1.3631483e+00 1.4307637e+00 0.0000000e+00 0.0000000e+00 6.9331198e-04 2.9172133e+00 2.8082301e+00 2.8394013e+00 2.8687457e+00 3.1164080e+00 3.4665053e+00 4.1019475e+00 4.6579071e+00 5.0163312e+00 5.3329925e+00 5.5269450e+00 5.6970168e+00 5.8351252e+00 5.9594115e+00 6.0232219e+00 6.0511216e+00 6.1057225e+00 6.1775265e+00 6.2398573e+00 6.2792951e+00 6.3113950e+00 6.3153620e+00 6.3420920e+00 6.3910701e+00 6.4843943e+00 6.5757990e+00 6.6412900e+00 6.7265725e+00 6.8012224e+00 6.9031466e+00 6.8187164e+00 4.9021438e+00 3.4293009e+00 3.2394650e+00 3.5653683e+00
2.2432711e+00 2.3056148e+00 2.3376687e+00 2.3602360e+00 2.3624436e+00 2.3513169e+00 2.0587235e+00 2.3588698e-01 0.0000000e+00 1.7651026e+00 2.1227630e+00 2.2322033e+00 1.5597202e+00 1.4266457e+00 2.4572405e+00 2.9858156e+00 3.0741339e+00 3.1420659e+00 3.2051503e+00 3.7568193e+00 4.4471530e+00 4.8857601e+00 5.1309912e+00 5.3435801e+00 5.5448277e+00 5.7308041e+00 5.8437485e+00 5.9582116e+00 6.0475159e+00 6.1310655e+00 6.1788619e+00 6.2204587e+00 6.2808167e+00 6.3171544e+00 6.3323841e+00 6.3540590e+00 6.3840313e+00 6.4035055e+00 6.4667086e+00 6.5600645e+00 6.6396310e+00 6.7326141e+00 6.8351419e+00 6.9627846e+00 7.1039749e+00 6.4421120e+00 2.7121296e-01 0.0000000e+00 4.5403688e-02 1.1168004e+00
2.4324466e+00 2.4533375e+00 2.4632382e+00 2.4611309e+00 2.4353252e+00 2.3670655e+00 2.3425144e+00 1.9970043e+00 0.0000000e+00 0.0000000e+00 2.0938272e+00 2.4908765e+00 2.7856272e+00 3.0426225e+00 3.0481412e+00 3.2026330e+00 3.5216206e+00 3.7583265e+00 3.9649185e+00 4.4552041e+00 4.9023541e+00 5.2294014e+00 5.4687129e+00 5.5607468e+00 5.7007276e+00 5.8333674e+00 5.9539137e+00 6.0423229e+00 6.1123472e+00 6.1924391e+00 6.2422564e+00 6.2871583e+00 6.3286532e+00 6.3105474e+00 6.3808421e+00 6.4184544e+00 6.4844865e+00 6.5025716e+00 6.5614606e+00 6.6151709e+00 6.6890262e+00 6.7789408e+00 6.8444114e+00 6.8910692e+00 6.8535431e+00 6.4861267e+00 4.4680834e+00 3.1119660e+00 1.5796330e+00 3.5728777e-01
2.6783898e+00 2.6601676e+00 2.6370619e+00 2.6010308e+00 2.5271398e+00 2.4438186e+00 2.3765414e+00 2.4265705e+00 1.4368885e+00 0.0000000e+00 1.2576847e+00 2.8564818e+00 2.6501839e+00 2.8308101e+00 3.0922312e+00 3.4011170e+00 3.7860070e+00 4.0052724e+00 4.2339730e+00 4.7135473e+00 5.0797983e+00 5.4269782e+00 5.6605651e+00 5.7423220e+00 5.8000591e+00 5.9050633e+00 5.9931893e+00 6.1011110e+00 6.1615261e+00 6.2399581e+00 6.2970743e+00 6.3190009e+00 6.2977515e+00 6.3851418e+00 6.4533683e+00 6.4837710e+00 6.5669562e+00 6.5827788e+00 6.6322788e+00 6.6790975e+00 6.7448371e+00 6.7993586e+00 6.8168436e+00 6.7693253e+00 6.6563417e+00 6.4034256e+00 6.0520487e+00 5.7335562e+00 5.5078126e+00 5.2006732e+00
2.9287244e+00 2.8655468e+00 2.8261982e+00 2.7512982e+00 2.6404726e+00 2.5518353e+00 2.4328563e+00 2.4030782e+00 2.1594544e+00 9.3155363e-04 0.0000000e+00 2.1815735e+00 2.7122402e+00 2.9663771e+00 3.1740317e+00 3.4788178e+00 3.7342697e+00 3.9271850e+00 4.4529126e+00 4.8354790e+00 5.1836182e+00 5.4828008e+00 5.6813653e+00 5.7513461e+00 5.8422670e+00 5.9390763e+00 6.0282750e+00 6.1187152e+00 6.2110856e+00 6.2628662e+00 6.3151736e+00 6.3574182e+00 6.3582612e+00 6.4241982e+00 6.5089234e+00 6.5525062e+00 6.6270092e+00 6.6463693e+00 6.6904112e+00 6.7426028e+00 6.7880164e+00 6.8179893e+00 6.7939202e+00 6.7209674e+00 6.6368850e+00 6.4507798e+00 6.2826576e+00 6.2616340e+00 6.1039704e+00 5.9444786e+00
3.1679313e+00 3.0637229e+00 3.0029852e+00 2.8818471e+00 2.7303052e+00 2.6211018e+00 2.4926635e+00 2.3884104e+00 2.2807362e+00 1.3922508e+00 0.0000000e+00 0.0000000e+00 2.2876829e+00 2.9915974e+00 3.2110614e+00 3.5548630e+00 3.9006444e+00 4.1613065e+00 4.6339084e+00 4.9471091e+00 5.2175051e+00 5.4369129e+00 5.5836748e+00 5.7259943e+00 5.8638298e+00 5.9681580e+00 6.0637141e+00 6.1502029e+00 6.2360225e+00 6.3204121e+00 6.3679696e+00 6.3677926e+00 6.4120259e+00 6.4666533e+00 6.5457748e+00 6.6099642e+00 6.6842596e+00 6.7040343e+00 6.7435146e+00 6.7868500e+00 6.8395259e+00 6.8304012e+00 6.7939473e+00 6.7250784e+00 6.7022749e+00 6.6902430e+00 6.5733675e+00 6.4112004e+00 6.2527798e+00 6.2227207e+00
3.5378322e+00 3.3855943e+00 3.2520959e+00 3.0688125e+00 2.8731806e+00 2.7229876e+00 2.5771583e+00 2.4476695e+00 2.3848293e+00 2.3712796e+00 1.1187815e+00 0.0000000e+00 1.1454478e+00 3.1558208e+00 3.1973192e+00 3.6229909e+00 4.0812623e+00 4.4192935e+00 4.6560954e+00 5.0046038e+00 5.2398627e+00 5.3972430e+00 5.5655047e+00 5.7088770e+00 5.8513234e+00 5.9787187e+00 6.0702477e+00 6.1707839e+00 6.2645166e+00 6.3512948e+00 6.3933972e+00 6.3855678e+00 6.4539446e+00 6.5107841e+00 6.5988961e+00 6.6634568e+00 6.7209210e+00 6.7271565e+00 6.7715381e+00 6.8380301e+00 6.8527553e+00 6.8531785e+00 6.8290469e+00 6.7673140e+00 6.7934556e+00 6.8065793e+00 6.7319291e+00 6.5754407e+00 6.5306573e+00 6.4732394e+00
4.0033872e+00 3.7798126e+00 3.5747233e+00 3.3341590e+00 3.0828835e+00 2.8543181e+00 2.6794050e+00 2.5444007e+00 2.4206321e+00 2.4239690e+00 2.0261637e+00 0.0000000e+00 0.0000000e+00 2.8711533e+00 3.1724770e+00 3.5452616e+00 4.0136578e+00 4.4359487e+00 4.7284308e+00 4.9404418e+00 5.1781292e+00 5.3762335e+00 5.5364070e+00 5.7058877e+00 5.8367182e+00 5.9607622e+00 6.0850994e+00 6.1927820e+00 6.2833313e+00 6.3446182e+00 6.3795156e+00 6.4367288e+00 6.5106155e+00 6.5549772e+00 6.6263768e+00 6.6831227e+00 6.7511247e+00 6.7509297e+00 6.7845668e+00 6.8540994e+00 6.8860737e+00 6.8933141e+00 6.8846315e+00 6.8068728e+00 6.7932554e+00 6.8116844e+00 6.7869799e+00 6.7797246e+00 6.7366176e+00 6.6595880e+00
4.4306197e+00 4.1421566e+00 3.8757524e+00 3.5559831e+00 3.2318624e+00 2.9500376e+00 2.7380849e+00 2.5963616e+00 2.4835825e+00 2.4270444e+00 2.2831659e+00 8.2332818e-01 0.0000000e+00 4.3266186e-01 3.2135012e+00 3.3843950e+00 3.8438230e+00 4.2677338e+00 4.6118114e+00 4.9335937e+00 5.0813151e+00 5.2960591e+00 5.4981007e+00 5.6581272e+00 5.8173764e+00 5.9393435e+00 6.0734918e+00 6.2002536e+00 6.2823684e+00 6.2874643e+00 6.3876279e+00 6.5142529e+00 6.5487732e+00 6.5523322e+00 6.6416981e+00 6.6892615e+00 6.7521060e+00 6.7959826e+00 6.8030841e+00 6.8426404e+00 6.8992099e+00 6.9169753e+00 6.9359899e+00 6.8920123e+00 6.8947589e+00 6.9210115e+00 6.8971316e+00 6.8785351e+00 6.8344297e+00 6.7192914e+00
4.8665163e+00 4.4763142e+00 4.1437719e+00 3.7245940e+00 3.3180431e+00 2.9908429e+00 2.7625027e+00 2.6194083e+00 2.5248443e+00 2.4500853e+00 2.3856696e+00 2.3402599e+00 8.1127955e-04 0.0000000e+00 2.1891428e+00 3.2990902e+00 3.6151750e+00 4.0394451e+00 4.3694919e+00 4.7599817e+00 5.0309692e+00 5.1547416e+00 5.4046605e+00 5.5727067e+00 5.7287314e+00 5.9046779e+00 6.0270860e+00 6.1653909e+00 6.2626777e+00 6.2713134e+00 6.4279965e+00 6.5363197e+00 6.5719526e+00 6.5740565e+00 6.6350492e+00 6.7130973e+00 6.7594411e+00 6.8410574e+00 6.8358254e+00 6.8609547e+00 6.9137457e+00 6.9558734e+00 6.9748272e+00 6.9666305e+00 6.9878853e+00 7.0037692e+00 6.9634532e+00 6.9149585e+00 6.8665962e+00 6.8102820e+00
5.3549428e+00 4.8711141e+00 4.4281763e+00 3.9012821e+00 3.3802797e+00 2.9852307e+00 2.7485907e+00 2.6702355e+00 2.6408003e+00 2.5470654e+00 2.4712267e+00 2.5245614e+00 2.0776030e+00 0.0000000e+00 0.0000000e+00 3.0064119e+00 3.4433525e+00 3.7662490e+00 4.1114581e+00 4.5098036e+00 4.8488640e+00 5.0810923e+00 5.2293137e+00 5.4706257e+00 5.6362780e+00 5.7978575e+00 5.9674709e+00 6.1059230e+00 6.2295853e+00 6.2792812e+00 6.4382957e+00 6.5521724e+00 6.6166633e+00 6.5999839e+00 6.6565150e+00 6.7250697e+00 6.7797018e+00 6.8456688e+00 6.8251579e+00 6.8943539e+00 6.9497413e+00 6.9920284e+00 7.0091442e+00 7.0191350e+00 7.0304904e+00 7.0374994e+00 6.9990070e+00 6.9745274e+00 6.9445447e+00 6.9068472e+00
5.8856555e+00 5.3237113e+00 4.7563763e+00 4.0715989e+00 3.3861954e+00 2.8522668e+00 2.5969133e+00 2.4595633e+00 2.1442663e+00 2.5948773e+00 2.6737645e+00 2.6137299e+00 2.5328893e+00 8.0703609e-01 0.0000000e+00 8.9207176e-04 3.2717177e+00 3.4866464e+00 3.8515056e+00 4.3042260e+00 4.7085737e+00 5.0500234e+00 5.1217284e+00 5.2509223e+00 5.4574511e+00 5.6512537e+00 5.8735384e+00 6.0117481e+00 6.1637009e+00 6.2622443e+00 6.3787927e+00 6.5177807e+00 6.6350360e+00 6.6472353e+00 6.6837062e+00 6.7626316e+00 6.7939025e+00 6.8647472e+00 6.8567164e+00 6.9155223e+00 6.9634309e+00 7.0196755e+00 7.0494023e+00 7.0535158e+00 7.0496127e+00 7.0537119e+00 7.0608566e+00 7.0267647e+00 6.9994184e+00 6.9707162e+00
6.4770234e+00 5.8652275e+00 5.1658638e+00 4.2507069e+00 3.3449347e+00 2.4904678e+00 1.6267355e+00 1.5461098e+00 9.1792060e-02 2.3721226e+00 3.0148363e+00 2.9277323e+00 2.8045303e+00 2.1973536e+00 0.0000000e+00 0.0000000e+00 2.5795987e+00 3.2934398e+00 3.5944630e+00 4.0394057e+00 4.4858211e+00 4.8843658e+00 5.0894283e+00 5.1302441e+00 5.2522670e+00 5.4523125e+00 5.6813732e+00 5.8967959e+00 6.0728015e+00 6.2423185e+00 6.4126033e+00 6.4670571e+00 6.5791305e+00 6.6306119e+00 6.7065473e+00 6.7758975e+00 6.8129587e+00 6.8944400e+00 6.8942337e+00 6.9668614e+00 7.0286059e+00 7.0589654e+00 7.0997161e+00 7.0916788e+00 7.0649824e+00 7.0655133e+00 7.0946871e+00 7.0750268e+00 7.0137551e+00 6.9865954e+00
7.1849783e+00 6.4812735e+00 5.6613441e+00 4.5258877e+00 3.3455455e+00 2.2874160e+00 1.5400304e+00 2.0694449e+00 1.9346914e+00 2.6490275e+00 3.4362193e+00 3.4164311e+00 3.2221376e+00 2.6992072e+00 1.2794561e+00 0.0000000e+00 0.0000000e+00 3.3793484e+00 3.4560080e+00 3.7530863e+00 4.2049861e+00 4.6152675e+00 4.9318431e+00 5.0951195e+00 5.0571412e+00 5.1393190e+00 5.3645459e+00 5.6445708e+00 5.8957789e+00 6.1967338e+00 6.4962124e+00 6.5395700e+00 6.5492804e+00 6.6172699e+00 6.6949943e+00 6.7780220e+00 6.8344990e+00 6.9169506e+00 6.9224632e+00 6.9688972e+00 7.0319757e+00 7.0885539e+00 7.1438808e+00 7.1027215e+00 7.0673542e+00 7.0498047e+00 7.0717622e+00 7.0783798e+00 7.0646022e+00 7.0148322e+00
7.8630012e+00 7.1110294e+00 6.1992756e+00 4.8933160e+00 3.5042629e+00 2.5446816e+00 2.3587455e+00 2.3006452e+00 8.5189585e-01 3.0784574e+00 3.9485859e+00 3.9811191e+00 3.8261613e+00 3.3650358e+00 2.8108237e+00 1.4824655e+00 0.0000000e+00 1.4413203e+00 3.3071618e+00 3.5255510e+00 3.9510604e+00 4.3616857e+00 4.6902297e+00 4.9234460e+00 4.9804324e+00 4.8650380e+00 4.9496515e+00 5.2569462e+00 5.6009769e+00 5.9368077e+00 6.0766436e+00 6.3504195e+00 6.4807648e+00 6.5167237e+00 6.6357549e+00 6.7412012e+00 6.8278172e+00 6.9203605e+00 6.9533230e+00 7.0045178e+00 7.0550236e+00 7.1111410e+00 7.1577303e+00 7.0711809e+00 7.0209373e+00 6.9819544e+00 7.0008383e+00 7.0277368e+00 7.0501203e+00 7.0589014e+00
