presentation/data/depth_0049.asc
ncols     164
nrows     146
xllcorner -1.242151388888889e+02
yllcorner  4.172986111111111e+01
cellsize  2.777777777820000e-04
nodata_value       -9999
[rows 66 to 87 of 146, columns 0 to 49 of 164]
8.5678085e-02 3.7157827e-02 5.7264815e-03 6.5378771e-03 8.9694585e-04 0.0000000e+00 0.0000000e+00 0.0000000e+00 0.0000000e+00 0.0000000e+00 0.0000000e+00 0.0000000e+00 0.0000000e+00 0.0000000e+00 0.0000000e+00 0.0000000e+00 0.0000000e+00 0.0000000e+00 0.0000000e+00 0.0000000e+00 0.0000000e+00 0.0000000e+00 0.0000000e+00 0.0000000e+00 0.0000000e+00 0.0000000e+00 0.0000000e+00 0.0000000e+00 0.0000000e+00 0.0000000e+00 0.0000000e+00 0.0000000e+00 0.0000000e+00 0.0000000e+00 0.0000000e+00 0.0000000e+00 0.0000000e+00 0.0000000e+00 0.0000000e+00 0.0000000e+00 0.0000000e+00 0.0000000e+00 0.0000000e+00 0.0000000e+00 0.0000000e+00 0.0000000e+00 0.0000000e+00 0.0000000e+00 0.0000000e+00 0.0000000e+00
6.8392567e-02 7.6697852e-02 6.2740870e-02 4.8131364e-02 8.4281328e-04 8.9680224e-04 7.8601789e-04 0.0000000e+00 0.0000000e+00 0.0000000e+00 0.0000000e+00 0.0000000e+00 0.0000000e+00 0.0000000e+00 0.0000000e+00 0.0000000e+00 0.0000000e+00 0.0000000e+00 0.0000000e+00 0.0000000e+00 0.0000000e+00 0.0000000e+00 0.0000000e+00 0.0000000e+00 0.0000000e+00 0.0000000e+00 0.0000000e+00 0.0000000e+00 0.0000000e+00 0.0000000e+00 0.0000000e+00 0.0000000e+00 0.0000000e+00 0.0000000e+00 0.0000000e+00 0.0000000e+00 0.0000000e+00 0.0000000e+00 0.0000000e+00 0.0000000e+00 0.0000000e+00 0.0000000e+00 0.0000000e+00 0.0000000e+00 0.0000000e+00 0.0000000e+00 0.0000000e+00 0.0000000e+00 0.0000000e+00 0.0000000e+00
6.9145081e-02 2.3377488e-02 7.9758035e-01 1.6495236e+00 1.9150492e+00 1.6057410e+00 7.9967656e-01 9.6850984e-04 8.4144253e-04 0.0000000e+00 0.0000000e+00 0.0000000e+00 0.0000000e+00 0.0000000e+00 0.0000000e+00 0.0000000e+00 0.0000000e+00 0.0000000e+00 0.0000000e+00 0.0000000e+00 0.0000000e+00 0.0000000e+00 0.0000000e+00 0.0000000e+00 0.0000000e+00 0.0000000e+00 0.0000000e+00 0.0000000e+00 0.0000000e+00 0.0000000e+00 0.0000000e+00 0.0000000e+00 0.0000000e+00 0.0000000e+00 0.0000000e+00 0.0000000e+00 0.0000000e+00 0.0000000e+00 0.0000000e+00 0.0000000e+00 0.0000000e+00 0.0000000e+00 0.0000000e+00 0.0000000e+00 0.0000000e+00 0.0000000e+00 0.0000000e+00 0.0000000e+00 0.0000000e+00 0.0000000e+00
3.3319422e-02 9.1636392e-01 3.2395665e+00 3.5182425e+00 3.5424502e+00 3.5997105e+00 3.1049286e+00 2.1676944e+00 1.3360437e+00 1.0476856e+00 7.2537456e-04 7.5009878e-04 0.0000000e+00 0.0000000e+00 0.0000000e+00 0.0000000e+00 0.0000000e+00 0.0000000e+00 0.0000000e+00 0.0000000e+00 0.0000000e+00 0.0000000e+00 0.0000000e+00 0.0000000e+00 0.0000000e+00 0.0000000e+00 0.0000000e+00 0.0000000e+00 0.0000000e+00 0.0000000e+00 0.0000000e+00 0.0000000e+00 0.0000000e+00 0.0000000e+00 0.0000000e+00 0.0000000e+00 0.0000000e+00 0.0000000e+00 0.0000000e+00 0.0000000e+00 0.0000000e+00 0.0000000e+00 0.0000000e+00 0.0000000e+00 0.0000000e+00 0.0000000e+00 0.0000000e+00 0.0000000e+00 0.0000000e+00 0.0000000e+00
6.4188097e-01 3.3899667e+00 3.5896389e+00 3.7348108e+00 3.7939382e+00 3.7280021e+00 3.3209620e+00 2.9547647e+00 3.6779301e+00 3.1369563e+00 1.3744297e+00 8.3310293e-04 0.0000000e+00 0.0000000e+00 0.0000000e+00 0.0000000e+00 0.0000000e+00 0.0000000e+00 0.0000000e+00 0.0000000e+00 0.0000000e+00 0.0000000e+00 0.0000000e+00 0.0000000e+00 0.0000000e+00 0.0000000e+00 0.0000000e+00 0.0000000e+00 0.0000000e+00 0.0000000e+00 0.0000000e+00 0.0000000e+00 0.0000000e+00 0.0000000e+00 0.0000000e+00 0.0000000e+00 0.0000000e+00 0.0000000e+00 0.0000000e+00 0.0000000e+00 0.0000000e+00 0.0000000e+00 0.0000000e+00 0.0000000e+00 0.0000000e+00 0.0000000e+00 0.0000000e+00 0.0000000e+00 0.0000000e+00 0.0000000e+00
3.3070402e+00 1.4925512e+00 2.6308945e+00 3.6345594e+00 3.8202149e+00 2.5018853e+00 2.9458584e+00 3.1014134e+00 3.9276174e+00 3.2799122e+00 9.4919062e-01 5.8395253e-04 0.0000000e+00 0.0000000e+00 0.0000000e+00 0.0000000e+00 0.0000000e+00 0.0000000e+00 0.0000000e+00 0.0000000e+00 0.0000000e+00 0.0000000e+00 0.0000000e+00 0.0000000e+00 0.0000000e+00 0.0000000e+00 0.0000000e+00 0.0000000e+00 0.0000000e+00 0.0000000e+00 0.0000000e+00 0.0000000e+00 0.0000000e+00 0.0000000e+00 0.0000000e+00 0.0000000e+00 0.0000000e+00 0.0000000e+00 0.0000000e+00 0.0000000e+00 0.0000000e+00 0.0000000e+00 0.0000000e+00 0.0000000e+00 0.0000000e+00 0.0000000e+00 0.0000000e+00 0.0000000e+00 0.0000000e+00 0.0000000e+00
3.4736549e+00 2.2343437e+00 3.0024550e+00 2.8184093e+00 3.8702581e+00 3.9805090e+00 3.9085023e+00 3.9080112e+00 3.9274708e+00 3.0124414e+00 2.3497968e-01 8.7839071e-04 0.0000000e+00 0.0000000e+00 0.0000000e+00 0.0000000e+00 0.0000000e+00 0.0000000e+00 0.0000000e+00 0.0000000e+00 0.0000000e+00 0.0000000e+00 0.0000000e+00 0.0000000e+00 0.0000000e+00 0.0000000e+00 0.0000000e+00 0.0000000e+00 0.0000000e+00 0.0000000e+00 0.0000000e+00 0.0000000e+00 0.0000000e+00 0.0000000e+00 0.0000000e+00 0.0000000e+00 0.0000000e+00 0.0000000e+00 0.0000000e+00 0.0000000e+00 0.0000000e+00 0.0000000e+00 0.0000000e+00 0.0000000e+00 0.0000000e+00 9.9969551e-04 0.0000000e+00 0.0000000e+00 9.9632269e-04 9.9975429e-04
3.7002471e+00 3.4934683e+00 3.6624806e+00 3.5869929e+00 3.8910624e+00 3.9723298e+00 4.0109440e+00 4.0515775e+00 3.8287009e+00 2.2800747e+00 1.4110404e+00 8.3178976e-01 7.0931787e-01 1.0898969e+00 1.3503061e+00 1.3200148e+00 8.1870444e-01 3.5805139e-01 8.5397743e-04 9.2954551e-04 9.5040976e-04 9.8524701e-04 0.0000000e+00 0.0000000e+00 0.0000000e+00 0.0000000e+00 0.0000000e+00 0.0000000e+00 0.0000000e+00 0.0000000e+00 0.0000000e+00 0.0000000e+00 0.0000000e+00 0.0000000e+00 0.0000000e+00 0.0000000e+00 0.0000000e+00 0.0000000e+00 0.0000000e+00 0.0000000e+00 0.0000000e+00 0.0000000e+00 0.0000000e+00 0.0000000e+00 9.9979242e-04 9.9688757e-04 9.9848744e-04 9.8613259e-04 9.9756050e-04 9.9947222e-04
4.5027321e+00 3.7871662e+00 3.6670944e+00 3.7320765e+00 3.8927043e+00 4.0952794e+00 4.2086160e+00 4.2595620e+00 4.1514643e+00 3.8412525e+00 3.5528018e+00 3.4133589e+00 3.3400173e+00 3.4397880e+00 3.6465737e+00 3.5052915e+00 3.5144391e+00 3.5000468e+00 3.2171667e+00 2.8334099e+00 2.4531739e+00 1.3080740e+00 5.1263824e-01 9.0270135e-04 9.5463979e-04 9.0063514e-04 0.0000000e+00 0.0000000e+00 0.0000000e+00 0.0000000e+00 0.0000000e+00 0.0000000e+00 0.0000000e+00 0.0000000e+00 0.0000000e+00 0.0000000e+00 0.0000000e+00 0.0000000e+00 0.0000000e+00 0.0000000e+00 0.0000000e+00 0.0000000e+00 0.0000000e+00 9.9482613e-04 9.9870596e-04 9.9754497e-04 8.2830219e-03 9.9911581e-04 9.9319418e-04 9.9898683e-04
5.5173354e+00 4.2510627e+00 3.5155687e+00 3.7055266e+00 4.0073039e+00 4.3632973e+00 4.5836904e+00 4.6431741e+00 4.5936787e+00 4.4756403e+00 4.2820140e+00 4.1781447e+00 4.0894147e+00 4.0480593e+00 3.6749736e+00 2.8182428e+00 3.6465407e+00 3.8635920e+00 3.8083484e+00 3.6889308e+00 3.7379987e+00 3.3585611e+00 3.2522114e+00 2.5591145e+00 3.2101107e+00 1.1493571e+00 9.9565774e-04 0.0000000e+00 0.0000000e+00 0.0000000e+00 0.0000000e+00 0.0000000e+00 0.0000000e+00 0.0000000e+00 0.0000000e+00 0.0000000e+00 0.0000000e+00 0.0000000e+00 0.0000000e+00 0.0000000e+00 0.0000000e+00 0.0000000e+00 3.7113552e-06 9.9419864e-04 9.9747937e-04 9.8366817e-04 7.1629200e-04 9.9858709e-04 9.8924549e-04 9.6259031e-04
6.6825443e+00 4.7524290e+00 3.4171033e+00 2.9395891e+00 3.6285736e+00 4.9674492e+00 5.1903339e+00 5.2405044e+00 5.1500220e+00 4.9512972e+00 4.6540804e+00 4.3846042e+00 4.1565994e+00 3.9923715e+00 3.2133858e+00 2.6588696e+00 3.1492227e+00 3.6828045e+00 3.2307778e+00 3.3140790e+00 3.4243857e+00 3.0313279e+00 3.5768956e+00 3.5150045e+00 3.6325487e+00 3.5800978e+00 2.2860746e+00 8.2701752e-04 9.5092692e-04 0.0000000e+00 0.0000000e+00 0.0000000e+00 0.0000000e+00 0.0000000e+00 0.0000000e+00 0.0000000e+00 0.0000000e+00 0.0000000e+00 0.0000000e+00 0.0000000e+00 0.0000000e+00 0.0000000e+00 9.7540778e-04 9.9240860e-04 9.7476642e-04 8.4804774e-04 6.6706025e-03 1.8946835e-02 7.0900540e-02 9.8646664e-04
8.8474486e+00 6.2452579e+00 3.9290742e+00 3.2744929e+00 4.8177981e+00 5.8974167e+00 6.0217920e+00 6.0193465e+00 5.8573393e+00 5.5630011e+00 5.1663543e+00 4.7375827e+00 4.3523127e+00 4.0931675e+00 3.7127031e+00 3.1825441e+00 3.7570362e+00 3.9072314e+00 3.6713972e+00 3.5039715e+00 3.7707769e+00 3.5136067e+00 3.5948186e+00 3.5415798e+00 3.6476849e+00 3.8502266e+00 2.6497794e+00 3.0627640e+00 1.4544111e+00 8.6951792e-04 8.3663426e-04 0.0000000e+00 0.0000000e+00 0.0000000e+00 0.0000000e+00 0.0000000e+00 0.0000000e+00 0.0000000e+00 0.0000000e+00 9.9876021e-04 9.9952697e-04 0.0000000e+00 9.8455479e-04 9.6162352e-04 3.8038113e-01 3.4223799e-01 2.9096571e-01 2.1037563e-01 3.8524300e-01 3.1963176e-01
1.0718615e+01 8.8865668e+00 7.9966659e+00 6.4251043e+00 7.0553861e+00 6.9482798e+00 6.9067851e+00 6.7855066e+00 6.5027693e+00 6.1252237e+00 5.5927481e+00 5.0169960e+00 4.4759108e+00 4.1305964e+00 3.7770997e+00 3.0354316e+00 3.8075960e+00 3.8820456e+00 4.2551060e+00 4.0521435e+00 3.5142059e+00 3.5908843e+00 2.9982122e+00 3.4515166e+00 3.1778299e+00 2.7953009e+00 3.4089104e+00 3.6067731e+00 3.7830972e+00 2.3494792e+00 1.5632457e-01 8.1798794e-04 0.0000000e+00 0.0000000e+00 0.0000000e+00 0.0000000e+00 9.9959158e-04 9.9884596e-04 9.9882070e-04 9.9586693e-04 9.9996703e-04 9.8721785e-04 9.8211491e-04 9.8165058e-04 5.0073492e-01 5.9697815e-01 4.6209180e-01 3.5492398e-01 5.1930101e-01 4.9887873e-01
1.1266288e+01 1.0594965e+01 1.0537227e+01 9.0060919e+00 9.2853184e+00 8.3959290e+00 8.0421914e+00 7.7709241e+00 7.4028882e+00 6.9032142e+00 6.1454492e+00 5.3324072e+00 4.5971144e+00 3.9669352e+00 3.5408872e+00 3.4382558e+00 3.5696315e+00 3.7105306e+00 4.2895407e+00 3.6848095e+00 2.9445154e+00 3.6873587e+00 3.7328463e+00 3.7928967e+00 3.5544249e+00 3.6827802e+00 3.5605483e+00 3.4602383e+00 3.5182477e+00 4.0006773e+00 3.0081725e+00 1.2265051e+00 8.1763206e-04 9.4286185e-04 8.8507855e-04 9.9044681e-04 9.7103878e-04 9.9921124e-04 9.9876747e-04 9.9614498e-04 9.9603983e-04 1.2206531e-03 2.7169323e-02 1.2521343e-01 2.0644245e-01 3.0719471e-01 5.7309421e-01 4.3757348e-01 7.1878302e-01 9.6994483e-01
1.1950959e+01 1.1714786e+01 1.1422662e+01 1.0852574e+01 1.0380604e+01 9.7432024e+00 9.3495164e+00 8.9622123e+00 8.6982751e+00 8.1651951e+00 6.9672105e+00 5.6959180e+00 4.8265582e+00 4.1326344e+00 3.5928970e+00 3.4830735e+00 3.3921126e+00 3.5171977e+00 1.4571815e+00 2.2999511e+00 3.7819542e+00 3.6675744e+00 3.9007556e+00 3.7723626e+00 2.7884798e+00 3.4743956e+00 3.7653115e+00 3.4817637e+00 3.5395941e+00 2.5575389e+00 3.9587260e+00 3.9736668e+00 3.2363706e+00 1.1253995e+00 4.9551498e-02 9.5303444e-04 9.5064136e-04 9.8569964e-04 9.7633673e-04 7.1087534e-03 7.8869055e-03 1.2010494e-01 4.8058963e-02 1.8719799e-03 1.3029669e-02 9.9312141e-04 9.4709900e-04 2.0194794e-01 5.6316800e-01 4.5639769e-01
1.1917984e+01 1.1819722e+01 1.1625984e+01 1.1212672e+01 1.0767515e+01 1.0237750e+01 9.8335411e+00 9.6975399e+00 9.6077107e+00 9.1563630e+00 7.7248186e+00 5.9205584e+00 5.1650644e+00 4.6037302e+00 3.6726310e+00 2.7267794e+00 3.5760235e+00 3.5720405e+00 3.7114060e+00 3.7564794e+00 3.9946538e+00 3.8315565e+00 4.0328987e+00 3.6377848e+00 0.0000000e+00 2.5724505e+00 3.8386718e+00 3.5882393e+00 3.6282137e+00 3.7831271e+00 3.9308717e+00 4.1160238e+00 4.1573592e+00 3.8316655e+00 3.6924011e+00 3.0448490e+00 2.1022034e+00 5.8320731e-01 9.7545146e-04 2.2444815e-03 7.1092191e-03 4.1449247e-03 2.9670008e-02 9.9746780e-04 9.8989610e-04 9.8123988e-04 9.4210249e-04 8.7964982e-04 3.8769334e-02 9.7542073e-02
1.1749509e+01 1.1600964e+01 1.1480322e+01 1.1215948e+01 1.0905666e+01 1.0539727e+01 1.0250274e+01 1.0070674e+01 9.8887685e+00 9.4334821e+00 8.2256275e+00 6.2269561e+00 6.1006503e+00 5.8943260e+00 4.3112297e+00 3.8557834e+00 4.3467827e+00 4.5159450e+00 4.7122263e+00 4.5434846e+00 4.3016224e+00 4.0816511e+00 3.9704450e+00 3.9105659e+00 1.6845149e+00 3.3380020e+00 3.1424506e+00 3.8877970e+00 3.9004588e+00 3.7317338e+00 3.2401778e+00 3.9919693e+00 4.0838887e+00 4.1351169e+00 4.1788943e+00 4.1978314e+00 3.8150238e+00 3.3934715e+00 3.4838354e+00 1.5550059e+00 1.0076653e-03 9.9953591e-04 9.9759112e-04 9.9950060e-04 9.9814541e-04 9.9857304e-04 9.9817081e-04 9.6829180e-04 9.8314220e-04 8.8724433e-03
1.1655366e+01 1.1332011e+01 1.1280717e+01 1.1207940e+01 1.0991808e+01 1.0739814e+01 1.0474642e+01 1.0295768e+01 1.0049837e+01 9.6053766e+00 8.6585501e+00 7.7270511e+00 8.1546775e+00 8.7489299e+00 7.2445699e+00 6.2683453e+00 6.1843413e+00 6.0681439e+00 5.7464249e+00 5.3961676e+00 4.9199713e+00 4.3570149e+00 3.8617334e+00 3.5363863e+00 3.5239660e+00 3.8435722e+00 3.1467119e+00 3.9675115e+00 3.8985442e+00 3.1058989e+00 3.6810376e+00 4.0310760e+00 4.0001514e+00 3.9388365e+00 3.8597787e+00 3.7674729e+00 3.6623143e+00 3.8871939e+00 4.0546517e+00 3.2965140e+00 3.2321709e+00 1.0767023e+00 8.6193336e-04 9.9836578e-04 9.9774880e-04 9.9925733e-04 9.9879861e-04 9.9866229e-04 9.9866510e-04 9.9620669e-04
1.1648824e+01 1.1147122e+01 1.1308055e+01 1.1263800e+01 1.1038388e+01 1.0856185e+01 1.0652904e+01 1.0470203e+01 1.0218726e+01 9.8679082e+00 9.3445324e+00 8.9841504e+00 9.2141754e+00 9.3098127e+00 8.4409138e+00 8.0640611e+00 8.0188104e+00 7.6114675e+00 7.0628504e+00 6.3264093e+00 5.5800691e+00 4.8498956e+00 4.1859947e+00 3.7755911e+00 3.6471772e+00 3.9537266e+00 3.2557156e+00 3.3941081e+00 3.6231702e+00 3.5302265e+00 3.8420224e+00 3.8924585e+00 3.8926946e+00 3.8315039e+00 3.7562173e+00 3.6550372e+00 3.6309848e+00 3.7961822e+00 4.0654413e+00 3.8284319e+00 3.2908401e+00 2.8839510e+00 1.3818249e+00 8.1416309e-04 0.0000000e+00 0.0000000e+00 9.9749328e-04 9.9946624e-04 9.9946535e-04 9.9999585e-04
1.1706002e+01 1.1280576e+01 1.1140242e+01 1.1134969e+01 1.1203023e+01 1.0952240e+01 1.0824342e+01 1.0626768e+01 1.0388340e+01 1.0129009e+01 9.8076201e+00 9.6065530e+00 9.5933917e+00 9.4577068e+00 8.9798419e+00 8.7952887e+00 8.8219601e+00 8.5039029e+00 8.0939015e+00 7.2991811e+00 6.3696726e+00 5.3305059e+00 4.6327755e+00 4.0954338e+00 3.0399374e+00 3.6009928e+00 3.5593535e+00 3.2521431e+00 2.8118364e+00 3.4554510e+00 3.7173255e+00 3.8184537e+00 3.8695170e+00 3.7684295e+00 3.6956640e+00 3.6717900e+00 3.7008716e+00 3.8331323e+00 4.0552419e+00 4.0339548e+00 3.6249461e+00 4.0019775e+00 3.2389884e+00 9.7971073e-04 0.0000000e+00 0.0000000e+00 8.6781785e-04 9.7570967e-04 0.0000000e+00 0.0000000e+00
1.2101343e+01 1.0552003e+01 1.1088782e+01 1.0765903e+01 1.1382356e+01 1.1008557e+01 1.0922984e+01 1.0750641e+01 1.0535049e+01 1.0315475e+01 1.0067412e+01 9.8920500e+00 9.7854271e+00 9.6397352e+00 9.3761139e+00 9.1901155e+00 9.0754926e+00 8.8100187e+00 8.3854216e+00 8.0312779e+00 7.1225994e+00 5.6678684e+00 4.9131951e+00 4.3341171e+00 3.6349720e+00 3.2369441e+00 3.3803704e+00 3.9051101e+00 3.5644654e+00 3.5923248e+00 3.7110334e+00 3.8327042e+00 3.9651925e+00 3.7480510e+00 3.6623709e+00 3.6651066e+00 3.7156783e+00 3.8350577e+00 3.9619948e+00 4.0828369e+00 4.0655886e+00 4.2436088e+00 3.1744497e+00 5.1739166e-01 8.8458379e-04 9.6315078e-04 9.1800652e-04 9.6592503e-04 9.9061204e-04 0.0000000e+00
1.2846171e+01 1.2167486e+01 1.1691583e+01 1.1241027e+01 1.1219312e+01 1.1239991e+01 1.1079572e+01 1.0986933e+01 1.0816866e+01 1.0617931e+01 1.0382917e+01 1.0187767e+01 1.0011689e+01 9.7972992e+00 9.5514610e+00 9.3302179e+00 9.1295248e+00 8.8404026e+00 8.3781310e+00 7.7298898e+00 6.7597239e+00 5.8463809e+00 5.1073616e+00 4.6023373e+00 4.0378076e+00 3.3197309e+00 3.7971314e+00 3.9357808e+00 4.0469245e+00 3.7122565e+00 3.7674500e+00 4.1679056e+00 2.6174775e+00 2.5388731e+00 3.6376227e+00 3.6294248e+00 3.6941322e+00 3.7825791e+00 3.8425016e+00 3.9013739e+00 3.9820630e+00 3.0674547e+00 2.9537837e-04 1.8249867e+00 3.1901770e+00 2.3376817e+00 1.1060908e+00 9.4762398e-04 8.6891114e-04 9.9040996e-04
