presentation/data/depth_0037.asc
ncols     164
nrows     146
xllcorner -1.242151388888889e+02
yllcorner  4.172986111111111e+01
cellsize  2.777777777820000e-04
nodata_value       -9999
[rows 88 to 109 of 146, columns 100 to 149 of 164]
3.5118328e+00 2.5222139e+00 1.5249309e+00 1.9659034e+00 1.6890990e+00 9.7433179e-01 7.4786180e-01 5.4896937e-01 8.6696328e-01 2.5348235e+00 3.0294107e+00 2.0628578e+00 3.3571028e-01 5.8899304e-02 3.0370856e-02 1.9271968e-02 2.4810620e-01 3.9719664e-01 5.5197596e-02 1.0979993e-01 1.3342920e-01 9.2658944e-03 9.0982004e-04 9.9679932e-04 4.8965106e-02 2.4086357e-01 1.8659824e-01 6.2430571e-02 2.1720601e-02 5.9995961e-02 9.6578654e-02 3.0699715e-02 1.2558016e-02 7.7630011e-02 2.1604880e-01 2.1030272e-01 3.4510496e-01 1.9348461e-02 8.5027895e-04 9.9394978e-04 6.8281895e-02 3.0006973e-01 4.1733287e-01 2.5006558e-01 3.5421878e-01 1.9419033e-02 9.4682453e-04 6.6253636e-01 5.5337782e-01 6.0914300e-01
3.5990431e+00 3.3106105e+00 2.2056816e+00 1.9281439e+00 1.7856410e+00 1.5913705e+00 1.5111763e+00 2.2501316e+00 1.9742746e+00 2.1272767e+00 1.6945982e+00 1.9485113e+00 2.2804679e+00 2.4888899e+00 1.2526892e+00 7.4548758e-01 1.1497667e+00 1.7175864e+00 1.8527535e+00 4.0665466e-01 1.0504975e-02 1.0255043e-03 9.5446579e-04 2.7381124e-03 9.7483173e-04 9.6996061e-04 3.8082482e-02 5.9822645e-02 1.0037266e-01 8.0103999e-02 3.3428601e-02 1.6355029e-02 1.0630778e-01 2.6487497e-01 3.8948128e-01 3.2415405e-01 1.4026868e-01 4.9799920e-03 1.0323755e-03 7.0204539e-04 9.9245358e-04 9.6987967e-04 1.2056411e-03 5.1730501e-02 2.5314481e-01 3.0750937e-01 3.2451426e-01 3.4338655e-01 2.7473030e-01 3.2530014e-01
2.9955799e+00 3.0184725e+00 2.7881804e+00 2.6318075e+00 2.5941865e+00 2.9743021e+00 3.2768908e+00 2.9558966e+00 8.5405355e-01 7.2272880e-01 6.0988455e-01 9.0524569e-01 3.2584350e+00 3.6397877e+00 3.2521223e+00 3.0831989e+00 2.5084255e+00 2.2225894e+00 2.1829830e+00 1.9998014e+00 1.7028130e+00 1.3965433e+00 8.7628639e-04 9.8590636e-04 9.9649966e-04 1.1267537e-02 1.6404840e-01 1.2946130e-01 8.9066621e-02 5.5473334e-02 3.2578332e-02 2.2044235e-01 4.8788206e-01 5.4485425e-01 5.4170968e-01 4.4293794e-01 2.4123628e-01 1.1374815e-03 2.4018373e-03 3.9084018e-03 5.2394485e-03 6.0096702e-03 3.0571129e-02 1.7559259e-02 9.3830512e-04 9.6865450e-04 9.7662027e-04 8.3328055e-03 3.6008085e-02 2.0212330e-02
3.3851863e+00 3.5440358e+00 3.4201862e+00 3.3715408e+00 3.6319990e+00 3.2879299e+00 3.3347892e+00 3.8283482e+00 1.7811230e+00 9.1390160e-01 1.4354978e+00 6.3847543e-01 2.7939729e-01 2.5058601e+00 3.7087178e+00 3.3854616e+00 2.9201976e+00 2.8374409e+00 2.5821533e+00 2.2273078e+00 2.2959590e+00 2.0357997e+00 1.3363724e+00 1.0036845e+00 9.2676252e-03 3.6267358e-02 7.2328961e-02 1.0884758e-01 9.5747569e-03 1.8424118e-02 2.0716764e-01 5.0594468e-01 5.4904114e-01 6.0950930e-01 5.0469776e-01 4.1394005e-01 3.2806465e-01 2.4440334e-01 9.7029508e-02 2.2527019e-03 1.0544682e-02 1.9261768e-02 2.1697782e-02 1.2247483e-02 5.1331589e-03 4.0779600e-03 2.6873110e-03 7.6724838e-04 9.7405437e-04 9.8617226e-04
3.3411109e+00 3.4531345e+00 3.5547515e+00 3.8523405e+00 3.6542289e+00 3.2470595e+00 3.0751177e+00 3.2428310e+00 3.3687466e+00 2.3858507e+00 1.5939051e+00 2.2916983e+00 1.4639286e+00 2.9427221e+00 3.6504970e+00 3.4782302e+00 3.1438759e+00 3.1355015e+00 2.3409848e+00 2.1749242e+00 2.2846987e+00 1.6364084e+00 1.5233534e+00 1.8775001e+00 2.6864084e-01 3.3960536e-02 4.0068342e-02 4.8493377e-03 3.8815307e-03 9.6624979e-02 3.5355340e-01 4.2807783e-01 4.9616587e-01 5.9818481e-01 6.5632598e-01 4.8648959e-01 3.3544764e-01 1.9953960e-01 1.3099518e-01 4.3106747e-02 4.7363725e-02 2.1757052e-02 2.8911447e-02 1.4248596e-02 7.7486707e-03 1.0197429e-02 1.5236490e-02 2.0178588e-02 1.8641661e-02 2.5679516e-02
2.7766818e+00 2.9321933e+00 3.1868160e+00 3.5604635e+00 3.7472707e+00 3.1313930e+00 2.7055568e+00 3.1992543e+00 3.6568248e+00 4.1882438e+00 3.4503297e+00 3.7651059e+00 4.4544478e+00 4.4318257e+00 4.1933845e+00 3.7327366e+00 3.0611205e+00 2.6043750e+00 2.4268030e+00 2.2276344e+00 2.1569046e+00 6.6620665e-01 5.8501333e-04 9.7251325e-04 1.0007314e-03 9.8998037e-04 1.0003285e-03 9.9834736e-04 1.6763043e-02 1.3863186e-01 2.1852907e-01 2.1153912e-01 2.1431052e-01 2.1753529e-01 2.5086618e-01 2.2942248e-01 2.4197761e-01 1.9438085e-01 1.6301698e-01 8.7062454e-02 6.4961959e-02 2.2647232e-02 3.2058378e-02 1.8413969e-02 1.4077091e-02 1.6859494e-02 1.8390072e-02 1.9433269e-02 2.7491540e-02 3.1520466e-02
2.1688323e+00 2.5364761e+00 2.8439565e+00 3.2215928e+00 3.6113368e+00 3.9036687e+00 3.0862247e-04 5.7842694e-01 2.6620858e+00 4.7144986e+00 4.6841372e+00 4.4482720e+00 4.5254001e+00 4.6468338e+00 4.4161817e+00 4.1253506e+00 3.3822016e+00 2.8224676e+00 2.6597726e+00 2.4641437e+00 1.9359700e+00 1.2816729e+00 1.4643607e-02 9.3472640e-04 9.9709384e-04 9.9775905e-04 9.9779223e-04 9.6865238e-04 4.2857495e-02 7.1140308e-02 1.1908432e-01 1.1557597e-01 1.1117034e-01 1.3782670e-01 1.2416044e-01 1.6154850e-01 1.5370648e-01 1.7557900e-01 1.5753632e-01 1.2501158e-01 5.1255308e-02 2.6719487e-02 2.5570332e-02 1.8769580e-02 2.9439650e-02 1.7229923e-02 3.2013901e-02 4.3040461e-02 4.8872149e-02 4.7991031e-02
1.8655586e+00 2.2841463e+00 2.6594793e+00 3.0940523e+00 3.5496341e+00 4.1257269e+00 4.0276236e+00 3.0705873e+00 2.5087928e+00 4.0139804e+00 5.0035560e+00 5.1427192e+00 4.9537863e+00 4.7089994e+00 4.4966508e+00 4.3024697e+00 4.0633803e+00 3.7232592e+00 3.2129428e+00 2.5839938e+00 2.3285078e+00 3.6926224e-01 9.3851139e-04 9.8844744e-04 9.9830021e-04 9.9944291e-04 9.9641209e-04 1.7990703e-01 4.3274865e-02 7.0386146e-02 1.2047691e-01 9.8810090e-02 7.5480212e-02 1.3058235e-01 1.0826892e-01 1.2697513e-01 6.7086811e-02 7.9024236e-02 8.0910098e-02 4.6825079e-02 2.5372031e-02 1.6214790e-02 8.0944594e-03 2.9249095e-02 1.8466039e-02 1.3935483e-02 1.8526200e-02 3.6023681e-02 2.5772678e-02 3.9128014e-02
2.0085955e-01 8.0264530e-01 2.0753868e+00 3.0089923e+00 3.3826511e+00 3.9256676e+00 4.1950517e+00 3.9972545e+00 3.1592989e+00 2.6154954e+00 4.0901079e+00 4.8890567e+00 5.2068029e+00 4.8494733e+00 4.6754288e+00 4.6090433e+00 4.3236488e+00 3.9888279e+00 3.6668795e+00 2.7677995e+00 9.2496168e-01 9.0432128e-04 9.9980334e-04 9.9569397e-04 9.9803083e-04 9.9759561e-04 9.8615878e-04 8.3171722e-02 7.8350912e-02 8.2852221e-02 2.1144666e-01 2.2239473e-01 1.5155874e-01 1.8881251e-01 2.4621609e-01 2.2752454e-01 1.8279958e-01 1.7091579e-01 1.9597813e-01 8.4481107e-02 1.6941422e-02 1.1402546e-02 1.3673729e-02 3.3430192e-02 1.6248727e-02 9.1971659e-03 2.2197843e-02 4.6605400e-02 3.6592776e-02 4.6598608e-02
5.2089529e-04 8.8106693e-04 5.4937845e-04 1.7693500e+00 3.1632305e+00 3.8730154e+00 4.2089996e+00 4.2931566e+00 4.1594443e+00 3.1437587e+00 3.2965166e+00 4.2414559e+00 4.6611218e+00 4.6705872e+00 4.6663645e+00 4.6308267e+00 4.1742913e+00 3.5149023e+00 3.1799455e+00 1.8276681e+00 7.8186390e-04 9.9890967e-04 9.9716519e-04 9.9974610e-04 1.3806695e-03 2.3695852e-03 4.8041561e-03 5.3243372e-02 5.1984767e-02 8.0383951e-02 2.0705047e-01 2.4515875e-01 1.6285572e-01 1.7827203e-01 2.1798266e-01 2.1177051e-01 2.3590154e-01 2.5101193e-01 3.5405363e-01 3.4045154e-01 2.2944275e-01 9.7909401e-02 4.7117634e-02 5.2484320e-02 4.5519472e-02 5.5020730e-02 9.0530627e-02 1.3418879e-01 1.5003368e-01 1.3162179e-01
2.4112746e+00 1.3996332e+00 7.5219829e-04 9.2163746e-04 1.1043086e+00 3.5836031e+00 4.3885043e+00 4.4425947e+00 4.4302920e+00 3.9828749e+00 3.1995914e+00 3.3550636e+00 4.5398681e+00 4.6827607e+00 4.5151638e+00 4.3795128e+00 4.0005520e+00 3.3327009e+00 2.1528657e+00 8.3326088e-04 8.8723594e-04 9.9711837e-04 9.9853852e-04 1.3314122e-03 1.9384732e-03 3.3734061e-03 1.8748864e-02 3.4142526e-01 3.4142474e-01 3.2426821e-01 2.9023625e-01 1.8759624e-01 1.0217587e-01 1.1181738e-01 2.6452269e-01 4.9234727e-01 6.1097676e-01 7.2278593e-01 9.4421021e-01 7.7070054e-01 5.5965936e-01 3.7612387e-01 2.4016297e-01 9.1089107e-02 6.4605028e-02 1.7756187e-01 3.1943669e-01 3.8957409e-01 4.1736719e-01 3.8480221e-01
3.3405835e+00 3.1741123e+00 2.2232190e+00 6.3774936e-04 6.9158861e-04 2.5211091e+00 4.3354946e+00 4.3748056e+00 4.0406186e+00 3.5830222e+00 3.1654000e+00 3.6000642e+00 5.4945081e+00 5.0720437e+00 4.4396393e+00 4.2145935e+00 3.8315347e+00 2.1259237e+00 7.0467230e-04 9.8266644e-04 9.9313530e-04 9.9852119e-04 9.9991046e-04 4.4635095e-03 1.0445290e-03 1.9710244e-03 4.8349115e-02 3.3010094e-01 5.8772176e-01 8.5985842e-01 8.5807085e-01 6.3595373e-01 3.4416717e-01 3.9073940e-01 7.8555110e-01 9.9298627e-01 1.0993659e+00 1.1273250e+00 1.2302417e+00 1.0294166e+00 7.8969380e-01 6.4780591e-01 4.9304290e-01 3.3829202e-01 3.0260425e-01 4.2345301e-01 5.7144366e-01 6.6797767e-01 6.9287486e-01 6.6427516e-01
3.7698723e+00 3.5163351e+00 3.0697796e+00 1.8986532e+00 8.0336289e-04 8.8625609e-04 3.3941602e+00 4.2113681e+00 3.6967477e+00 3.4757560e+00 3.2640424e+00 4.2638962e+00 5.3289686e+00 5.0376524e+00 4.4687268e+00 4.1958226e+00 3.1485833e+00 9.0611282e-04 9.8222702e-04 9.9503147e-04 9.9820192e-04 9.5521696e-04 9.9900738e-04 2.7175594e-02 4.4110409e-03 5.8687358e-03 6.6802222e-02 3.4842692e-01 9.8429460e-01 1.0952257e+00 1.0445105e+00 8.9616485e-01 7.2979060e-01 7.5090591e-01 9.5950592e-01 1.1952882e+00 1.4168394e+00 1.3296036e+00 1.2282189e+00 1.1293096e+00 9.9873729e-01 8.8518948e-01 6.6546839e-01 6.1428972e-01 5.1930833e-01 5.5978755e-01 7.5153605e-01 8.5883899e-01 8.8970413e-01 8.6614779e-01
3.9305860e+00 3.7629034e+00 3.4700342e+00 3.0080347e+00 1.7014948e+00 5.9171008e-04 8.4291498e-04 1.5428260e+00 4.0000728e+00 3.3192390e+00 2.9086461e+00 3.4304308e+00 4.6510079e+00 4.6724000e+00 3.9932986e+00 3.6070295e+00 9.7263428e-04 9.4917444e-04 9.9774157e-04 9.9845115e-04 1.2892887e-03 1.0495282e-03 3.0191537e-02 4.0855002e-02 9.9013293e-04 1.0058462e-03 2.8334002e-01 7.3246899e-01 9.2300953e-01 1.1225886e+00 1.2312078e+00 1.0188609e+00 1.1104778e+00 1.1100295e+00 1.1781825e+00 1.3037270e+00 1.4393782e+00 1.4382822e+00 1.3844437e+00 1.5443741e+00 1.3794337e+00 1.2006125e+00 1.0307093e+00 8.8239293e-01 8.1325729e-01 9.1755213e-01 1.0746921e+00 1.1420670e+00 1.2344984e+00 1.2146435e+00
4.0322828e+00 3.9327049e+00 3.7637222e+00 3.4262192e+00 2.8194061e+00 4.0242327e-01 8.8450503e-04 7.2844496e-04 4.6973723e-01 1.6297294e+00 2.6375111e+00 2.7032056e+00 2.8155687e+00 3.4384235e+00 2.4886049e+00 6.4679052e-04 7.3035280e-04 9.9814237e-04 9.9828526e-04 1.0931010e-03 1.8035240e-03 2.9370831e-03 5.9460947e-03 3.2380902e-01 3.0439832e-01 4.1930091e-01 8.1706744e-01 1.0363042e+00 9.5689438e-01 1.3237121e+00 1.4193669e+00 1.1631076e+00 1.1666136e+00 1.3912955e+00 1.6275190e+00 1.7954617e+00 1.7199151e+00 1.5678369e+00 1.7286064e+00 2.3110561e+00 1.9287758e+00 1.6656238e+00 1.2970156e+00 1.2758068e+00 1.3841413e+00 1.5351231e+00 1.5982435e+00 1.5955015e+00 1.6233389e+00 1.6226774e+00
4.1622629e+00 4.0553469e+00 3.9072042e+00 3.6917036e+00 3.2854717e+00 2.6521054e+00 1.6418028e-01 9.7453541e-04 8.6569693e-04 9.7397458e-04 9.6184994e-04 3.1568596e-01 2.4532324e+00 2.5843862e+00 3.5184438e-02 1.9488149e-02 9.7220603e-04 5.9743981e-04 1.0421851e-03 1.6695677e-03 3.2219618e-03 1.0847675e-03 1.9292528e-01 5.6555872e-01 7.9517396e-01 9.0194210e-01 1.1546353e+00 1.2182994e+00 1.3999568e+00 1.7549481e+00 1.9642657e+00 1.6013388e+00 1.3005687e+00 1.8960869e+00 2.1812227e+00 2.3263826e+00 2.1262634e+00 2.0039639e+00 2.1111265e+00 2.2638986e+00 2.1192704e+00 1.9559092e+00 1.7731032e+00 1.7920160e+00 1.9739776e+00 2.1390377e+00 2.0954399e+00 2.0151534e+00 1.9770217e+00 1.9411797e+00
4.2378607e+00 4.1673685e+00 4.0459167e+00 3.8697384e+00 3.6696806e+00 3.3021369e+00 2.4416464e+00 8.4275390e-04 9.7746261e-04 9.9671429e-04 9.9925699e-04 9.4637395e-04 1.0063960e+00 9.4646519e-04 8.7843376e-04 9.7453222e-04 4.0725710e-04 1.1058638e-03 1.0011466e-03 1.0064262e-03 9.7150833e-04 2.5208974e-01 7.5428732e-01 1.0249055e+00 1.0504598e+00 1.1801293e+00 1.3338701e+00 1.3470488e+00 1.5276724e+00 2.1371441e+00 2.0783316e+00 1.8370244e+00 1.8468040e+00 2.2363012e+00 2.3890567e+00 2.2946528e+00 2.2544034e+00 2.3970443e+00 2.5895078e+00 2.4865606e+00 2.3550933e+00 2.2888941e+00 2.2907401e+00 2.2995032e+00 2.4176522e+00 2.5011832e+00 2.4487157e+00 2.3722613e+00 2.2546850e+00 2.1815131e+00
4.3887287e+00 4.2388494e+00 4.1799257e+00 4.0286729e+00 3.8430804e+00 3.3975707e+00 2.5904052e+00 1.3741776e-03 8.3275398e-04 9.9397752e-04 9.9750967e-04 9.9950604e-04 1.1793604e-03 9.9904251e-04 9.6938836e-04 7.7223849e-04 9.9767604e-04 1.4186994e-03 1.1400686e-02 3.4207758e-03 5.2039472e-01 8.7660384e-01 1.1122919e+00 1.1230717e+00 1.0952364e+00 1.4420843e+00 1.6774990e+00 1.5628839e+00 1.3741057e+00 1.9667405e+00 2.1085973e+00 2.0949227e+00 2.3363252e+00 2.3912565e+00 1.9953388e+00 1.5882550e+00 1.9301785e+00 2.3136170e+00 2.6140445e+00 2.5982324e+00 2.5661054e+00 2.5893565e+00 2.7334201e+00 2.7699135e+00 2.8294701e+00 2.8707128e+00 2.8543659e+00 2.7392584e+00 2.6765923e+00 2.5153976e+00
4.4630753e+00 4.4200304e+00 4.2629005e+00 4.1753499e+00 4.0189671e+00 3.8438716e+00 2.9589511e+00 8.1315099e-01 1.1164391e-03 9.1241335e-04 9.9963347e-04 1.1580452e-03 5.0590765e-03 9.9636711e-04 1.0009490e-03 9.9857028e-04 9.9903704e-04 4.5017804e-02 1.4558991e-02 1.6501515e-03 4.0202974e-01 1.0408508e+00 1.3073052e+00 1.4033056e+00 1.3651889e+00 1.6318494e+00 2.1571012e+00 1.9935882e+00 1.9680017e+00 2.3342936e+00 2.4644508e+00 2.5024314e+00 2.5578474e+00 2.3971495e+00 1.6191478e+00 8.4312326e-01 1.4437388e+00 2.1109414e+00 2.5550773e+00 2.7432060e+00 2.7746722e+00 2.7413037e+00 2.9642524e+00 3.1128064e+00 3.2194948e+00 3.2872032e+00 3.3080223e+00 3.2451926e+00 3.1191643e+00 2.9407556e+00
4.5095729e+00 4.5202816e+00 4.4855536e+00 4.2602163e+00 4.1608571e+00 4.1104512e+00 1.8894154e+00 8.4004818e-04 9.7989359e-04 9.6567624e-04 1.2778777e-03 1.5559401e-03 1.8813658e-03 1.0365520e-03 9.8712014e-04 3.1552217e-03 4.8330833e-02 1.5700039e-02 8.8307530e-04 9.0917246e-04 9.1461169e-04 7.5810919e-02 1.3101724e+00 1.6842645e+00 1.7547293e+00 1.5948013e+00 1.9228014e+00 2.0839286e+00 2.3786035e+00 2.7090108e+00 2.6131590e+00 2.4308616e+00 2.5418585e+00 2.5616911e+00 1.9398045e+00 1.2943369e+00 1.6109654e+00 2.1336418e+00 2.6607793e+00 2.9450433e+00 3.1874194e+00 3.1081671e+00 3.2707669e+00 3.4496515e+00 3.5823419e+00 3.7129439e+00 3.8671951e+00 3.6749982e+00 3.4751689e+00 3.3712329e+00
4.5080632e+00 4.5486969e+00 4.5985672e+00 4.5710192e+00 4.4218728e+00 3.8996499e+00 7.7102791e-04 0.0000000e+00 8.5107101e-04 9.7229550e-04 1.1391938e-03 0.0000000e+00 0.0000000e+00 1.1389261e-03 1.0001393e-03 9.9840495e-04 9.9711257e-04 9.8052040e-04 8.8647134e-04 7.9691006e-04 7.1448120e-04 2.1807739e-01 1.4488572e+00 2.0355287e+00 1.9850061e+00 1.8456364e+00 1.8585410e+00 1.9618786e+00 2.4440230e+00 2.6510278e+00 2.3055450e+00 1.5359095e+00 1.9702353e+00 2.3181308e+00 2.0977010e+00 1.8549628e+00 1.9498278e+00 2.2931401e+00 2.7023295e+00 3.0055700e+00 3.2672088e+00 3.3550446e+00 3.5007930e+00 3.7357765e+00 3.8931954e+00 4.0348101e+00 4.1441239e+00 3.9922256e+00 3.8601924e+00 3.7741725e+00
4.5477469e+00 4.5378653e+00 4.6261885e+00 4.6669329e+00 4.6885793e+00 4.2404225e+00 7.5789851e-04 9.0299813e-04 9.5401741e-04 9.6390093e-04 9.9921001e-04 0.0000000e+00 0.0000000e+00 1.1197362e-03 9.3372827e-04 1.9898169e-03 5.8485306e-03 9.9847391e-04 9.0094676e-04 7.1712855e-04 8.4159654e-01 1.4284641e+00 1.8020820e+00 1.9968512e+00 1.8983902e+00 1.9895066e+00 1.9301772e+00 1.9700320e+00 2.2975857e+00 2.5204903e+00 2.0498772e+00 6.6088066e-01 1.2020498e+00 2.0801920e+00 2.2949807e+00 2.2453247e+00 2.1630087e+00 2.2720933e+00 2.7044025e+00 3.0685416e+00 3.2888547e+00 3.4421424e+00 3.6162355e+00 3.9192355e+00 4.0829531e+00 4.2072657e+00 4.2916679e+00 4.2220110e+00 4.1364776e+00 4.1399490e+00
