presentation/data/depth_0054.asc
ncols     164
nrows     146
xllcorner -1.242151388888889e+02
yllcorner  4.172986111111111e+01
cellsize  2.777777777820000e-04
nodata_value       -9999
[rows 44 to 65 of 146, columns 50 to 99 of 164]
0.0000000e+00 0.0000000e+00 0.0000000e+00 0.0000000e+00 0.0000000e+00 0.0000000e+00 0.0000000e+00 0.0000000e+00 0.0000000e+00 0.0000000e+00 0.0000000e+00 0.0000000e+00 0.0000000e+00 0.0000000e+00 0.0000000e+00 0.0000000e+00 9.5839242e-04 5.1518347e-01 5.6270272e-01 5.6004484e-01 5.6007932e-01 5.6065846e-01 5.5974980e-01 5.6085597e-01 5.6037301e-01 5.6008878e-01 5.6413815e-01 5.6154700e-01 5.6259940e-01 5.6576809e-01 5.7018936e-01 5.6661392e-01 4.8611387e-01 4.0284494e-01 4.0072764e-01 3.8943233e-01 4.0984533e-01 4.1173354e-01 4.6984142e-01 6.8548383e-01 8.4765849e-01 8.6285845e-01 8.6300786e-01 8.6063852e-01 8.6263125e-01 8.5955649e-01 8.4443307e-01 6.6642964e-01 5.4983940e-01 5.5054546e-01
0.0000000e+00 0.0000000e+00 0.0000000e+00 0.0000000e+00 0.0000000e+00 0.0000000e+00 0.0000000e+00 0.0000000e+00 0.0000000e+00 0.0000000e+00 0.0000000e+00 0.0000000e+00 0.0000000e+00 0.0000000e+00 0.0000000e+00 0.0000000e+00 0.0000000e+00 9.0775849e-04 5.0771047e-01 5.5891193e-01 5.6043711e-01 5.6049885e-01 5.5762385e-01 5.6110920e-01 5.6072892e-01 5.6021570e-01 5.5983246e-01 5.5939892e-01 5.5951035e-01 5.6094625e-01 5.5261330e-01 4.6998765e-01 3.4115921e-01 2.8077746e-01 2.6655387e-01 2.6331503e-01 2.6022010e-01 2.5786575e-01 3.6811386e-01 7.9244635e-01 8.4608801e-01 8.4650137e-01 8.4799933e-01 8.4907831e-01 8.4156831e-01 7.6630701e-01 6.4396976e-01 5.4637104e-01 5.3488769e-01 5.3516168e-01
0.0000000e+00 0.0000000e+00 0.0000000e+00 0.0000000e+00 0.0000000e+00 0.0000000e+00 0.0000000e+00 0.0000000e+00 0.0000000e+00 0.0000000e+00 0.0000000e+00 0.0000000e+00 0.0000000e+00 0.0000000e+00 0.0000000e+00 0.0000000e+00 0.0000000e+00 0.0000000e+00 0.0000000e+00 9.2807661e-04 4.4963573e-01 5.5410802e-01 5.5699289e-01 5.5984822e-01 5.5992622e-01 5.5961164e-01 5.5592153e-01 5.5807004e-01 5.5067285e-01 5.3257264e-01 4.7387369e-01 3.2896427e-01 2.3705413e-01 2.0251370e-01 1.8393210e-01 1.8038076e-01 2.2187242e-01 3.5792165e-01 6.2714461e-01 8.0855896e-01 8.3690396e-01 8.3894304e-01 8.4031968e-01 8.3910083e-01 8.2748161e-01 7.3157811e-01 5.4439305e-01 5.2757566e-01 5.2466331e-01 5.2739650e-01
0.0000000e+00 0.0000000e+00 0.0000000e+00 0.0000000e+00 0.0000000e+00 0.0000000e+00 0.0000000e+00 0.0000000e+00 0.0000000e+00 0.0000000e+00 0.0000000e+00 0.0000000e+00 0.0000000e+00 0.0000000e+00 0.0000000e+00 0.0000000e+00 0.0000000e+00 0.0000000e+00 0.0000000e+00 0.0000000e+00 0.0000000e+00 9.4430078e-04 4.9759949e-01 5.5496993e-01 5.5848326e-01 5.5737676e-01 5.3278965e-01 5.0065844e-01 4.5138134e-01 3.8394812e-01 2.9326653e-01 2.2934202e-01 1.9433181e-01 1.8713275e-01 2.0569178e-01 2.6683304e-01 3.4435991e-01 5.4074476e-01 6.5040689e-01 7.8364477e-01 7.8764433e-01 7.2965267e-01 6.9754401e-01 6.2466837e-01 6.0872637e-01 5.4635391e-01 5.1572178e-01 5.0770551e-01 5.1046023e-01 5.4784421e-01
0.0000000e+00 0.0000000e+00 0.0000000e+00 0.0000000e+00 0.0000000e+00 0.0000000e+00 0.0000000e+00 0.0000000e+00 0.0000000e+00 0.0000000e+00 0.0000000e+00 0.0000000e+00 0.0000000e+00 0.0000000e+00 0.0000000e+00 0.0000000e+00 0.0000000e+00 0.0000000e+00 0.0000000e+00 0.0000000e+00 0.0000000e+00 0.0000000e+00 9.1553751e-04 1.9806373e-01 3.5561279e-01 3.5934459e-01 2.8092522e-01 2.0269129e-01 1.8558236e-01 1.8109351e-01 2.0054389e-01 2.4998346e-01 2.3288932e-01 2.1250512e-01 2.8002956e-01 3.6488798e-01 4.1449590e-01 4.4658812e-01 4.6552074e-01 5.1729475e-01 5.3919715e-01 5.1350065e-01 5.1106478e-01 5.0742920e-01 5.0484209e-01 5.0004390e-01 5.0151376e-01 6.6035376e-01 6.9151301e-01 7.1912244e-01
0.0000000e+00 0.0000000e+00 0.0000000e+00 0.0000000e+00 0.0000000e+00 0.0000000e+00 0.0000000e+00 0.0000000e+00 0.0000000e+00 0.0000000e+00 0.0000000e+00 0.0000000e+00 0.0000000e+00 0.0000000e+00 0.0000000e+00 0.0000000e+00 0.0000000e+00 0.0000000e+00 0.0000000e+00 0.0000000e+00 0.0000000e+00 0.0000000e+00 0.0000000e+00 9.8176731e-04 9.5605498e-04 9.9673127e-04 9.8749795e-04 1.5791584e-02 3.2338227e-02 1.7885669e-01 3.2955379e-01 3.7327540e-01 3.7500563e-01 3.6312368e-01 3.8735940e-01 4.1628875e-01 4.4483892e-01 4.6177000e-01 4.7115277e-01 4.8107256e-01 4.8549253e-01 4.8225548e-01 4.8176198e-01 4.8238990e-01 4.8025253e-01 5.2012663e-01 8.8841012e-01 1.4660303e+00 1.5275790e+00 1.4775605e+00
0.0000000e+00 0.0000000e+00 0.0000000e+00 0.0000000e+00 0.0000000e+00 0.0000000e+00 0.0000000e+00 0.0000000e+00 0.0000000e+00 0.0000000e+00 0.0000000e+00 0.0000000e+00 0.0000000e+00 0.0000000e+00 0.0000000e+00 0.0000000e+00 0.0000000e+00 0.0000000e+00 0.0000000e+00 0.0000000e+00 0.0000000e+00 0.0000000e+00 0.0000000e+00 9.9813269e-04 9.9940863e-04 9.9722933e-04 9.9851795e-04 4.4904621e-03 1.7322566e-01 3.4597197e-01 3.7897366e-01 3.9455947e-01 3.9990517e-01 4.0623023e-01 4.1510529e-01 4.2279106e-01 4.3481270e-01 4.4481698e-01 4.5447406e-01 4.6141074e-01 4.6580476e-01 4.6384189e-01 4.8762155e-01 5.6513431e-01 8.0692411e-01 1.1773523e+00 1.5389822e+00 1.5931778e+00 1.5132586e+00 1.1873349e+00
0.0000000e+00 0.0000000e+00 0.0000000e+00 0.0000000e+00 0.0000000e+00 0.0000000e+00 0.0000000e+00 0.0000000e+00 0.0000000e+00 0.0000000e+00 0.0000000e+00 0.0000000e+00 0.0000000e+00 0.0000000e+00 0.0000000e+00 0.0000000e+00 0.0000000e+00 0.0000000e+00 0.0000000e+00 0.0000000e+00 0.0000000e+00 0.0000000e+00 0.0000000e+00 9.9907451e-04 9.9914059e-04 9.9758148e-04 9.9728382e-04 1.6529207e-01 3.2012930e-01 3.4192045e-01 3.5417050e-01 3.6670878e-01 3.7335839e-01 3.8259870e-01 3.9300105e-01 4.0438667e-01 4.1504678e-01 4.2729318e-01 4.4124854e-01 4.5822442e-01 7.4362048e-01 1.1079375e+00 1.1916169e+00 1.4194056e+00 1.5113325e+00 1.4496610e+00 1.2512002e+00 1.0142826e+00 6.8651477e-01 5.2381804e-01
0.0000000e+00 0.0000000e+00 0.0000000e+00 0.0000000e+00 0.0000000e+00 0.0000000e+00 0.0000000e+00 0.0000000e+00 0.0000000e+00 0.0000000e+00 0.0000000e+00 0.0000000e+00 0.0000000e+00 0.0000000e+00 0.0000000e+00 0.0000000e+00 0.0000000e+00 0.0000000e+00 0.0000000e+00 0.0000000e+00 0.0000000e+00 0.0000000e+00 9.9992808e-04 9.9889118e-04 9.9536598e-04 9.8717900e-04 1.3651286e-01 2.8304478e-01 3.0380989e-01 3.1283298e-01 3.1975718e-01 3.2525008e-01 3.3254540e-01 3.4244891e-01 3.5693411e-01 3.7693983e-01 3.8846174e-01 4.0524932e-01 4.2243194e-01 4.3950966e-01 7.4819753e-01 1.2636884e+00 1.2748109e+00 1.0400395e+00 7.7396724e-01 5.8403005e-01 5.0216660e-01 4.7576123e-01 4.7254021e-01 4.7180544e-01
0.0000000e+00 0.0000000e+00 0.0000000e+00 0.0000000e+00 0.0000000e+00 0.0000000e+00 0.0000000e+00 0.0000000e+00 0.0000000e+00 0.0000000e+00 0.0000000e+00 0.0000000e+00 0.0000000e+00 0.0000000e+00 0.0000000e+00 0.0000000e+00 0.0000000e+00 0.0000000e+00 0.0000000e+00 0.0000000e+00 0.0000000e+00 0.0000000e+00 9.7460419e-04 9.8914282e-04 1.8128259e-01 2.1437997e-01 2.3754997e-01 2.5193332e-01 2.6108924e-01 2.6373318e-01 2.6097455e-01 2.5659818e-01 2.5752143e-01 2.6843636e-01 2.8477046e-01 3.1349370e-01 3.3711292e-01 3.6184468e-01 3.8465501e-01 3.8090574e-01 3.7124381e-01 4.4923879e-01 4.7319775e-01 4.4155440e-01 4.3933636e-01 4.4407586e-01 4.4462695e-01 4.4623798e-01 4.4639064e-01 4.5046798e-01
0.0000000e+00 0.0000000e+00 0.0000000e+00 0.0000000e+00 0.0000000e+00 0.0000000e+00 0.0000000e+00 0.0000000e+00 0.0000000e+00 0.0000000e+00 0.0000000e+00 0.0000000e+00 0.0000000e+00 0.0000000e+00 0.0000000e+00 0.0000000e+00 0.0000000e+00 0.0000000e+00 0.0000000e+00 0.0000000e+00 0.0000000e+00 9.9815530e-04 9.8934042e-04 4.3782827e-02 2.0916688e-01 2.0952095e-01 2.1483931e-01 2.0812317e-01 1.9732878e-01 1.8535419e-01 1.9385634e-01 2.2836740e-01 2.8129998e-01 3.1391249e-01 2.6848519e-01 2.7828771e-01 3.1640930e-01 2.9138959e-01 2.1539011e-01 2.0732538e-01 2.2540650e-01 2.6744868e-01 3.4726679e-01 3.6550031e-01 3.7907873e-01 3.9370442e-01 4.0374768e-01 4.1150612e-01 4.1644765e-01 4.2209518e-01
0.0000000e+00 0.0000000e+00 0.0000000e+00 0.0000000e+00 0.0000000e+00 0.0000000e+00 0.0000000e+00 0.0000000e+00 0.0000000e+00 0.0000000e+00 0.0000000e+00 0.0000000e+00 0.0000000e+00 0.0000000e+00 0.0000000e+00 0.0000000e+00 0.0000000e+00 0.0000000e+00 0.0000000e+00 0.0000000e+00 0.0000000e+00 9.6879547e-04 4.4303111e-03 1.3525545e-03 1.6896747e-01 1.7987607e-01 1.5421114e-01 1.4636999e-01 1.3911504e-01 1.4316749e-01 1.8354994e-01 2.5964868e-01 3.5300871e-01 4.2778892e-01 2.9864060e-01 2.0296704e-01 2.0708877e-01 1.5614521e-01 6.8669679e-02 1.4089756e-01 2.7087855e-01 3.6635683e-01 3.4005289e-01 3.1050753e-01 3.1457328e-01 3.3643645e-01 3.5677891e-01 3.7138475e-01 3.8085380e-01 3.9468454e-01
0.0000000e+00 0.0000000e+00 0.0000000e+00 0.0000000e+00 0.0000000e+00 0.0000000e+00 0.0000000e+00 0.0000000e+00 0.0000000e+00 0.0000000e+00 0.0000000e+00 0.0000000e+00 0.0000000e+00 0.0000000e+00 0.0000000e+00 0.0000000e+00 0.0000000e+00 0.0000000e+00 0.0000000e+00 0.0000000e+00 9.9865818e-04 9.9942404e-04 9.9949211e-04 2.3280025e-03 4.5201192e-02 1.0466853e-01 1.2658750e-01 9.6595865e-02 1.9176794e-01 2.7057473e-01 3.3554935e-01 4.5669159e-01 5.4130086e-01 5.7814620e-01 4.4634859e-01 4.0275310e-01 2.7960498e-01 2.1997783e-01 4.6793927e-01 9.5905006e-01 1.2681500e+00 1.2539775e+00 1.1023970e+00 8.3457446e-01 5.5598691e-01 3.8447568e-01 3.5304202e-01 3.4707248e-01 3.5232951e-01 3.5955770e-01
0.0000000e+00 0.0000000e+00 0.0000000e+00 0.0000000e+00 0.0000000e+00 0.0000000e+00 0.0000000e+00 0.0000000e+00 0.0000000e+00 0.0000000e+00 0.0000000e+00 0.0000000e+00 0.0000000e+00 0.0000000e+00 0.0000000e+00 0.0000000e+00 0.0000000e+00 0.0000000e+00 0.0000000e+00 0.0000000e+00 9.9852659e-04 9.9950535e-04 9.9954203e-04 1.0192993e-03 1.1818686e-03 3.9402892e-02 1.0861126e-01 3.0803727e-01 5.7770139e-01 7.2903420e-01 7.7986308e-01 6.8357868e-01 7.0009752e-01 7.7488619e-01 7.4037772e-01 7.3690163e-01 6.3793278e-01 7.0414165e-01 1.1892729e+00 1.3425346e+00 1.2033532e+00 1.2855622e+00 1.4777046e+00 1.5584305e+00 1.3740583e+00 1.1232308e+00 9.3166115e-01 7.7775369e-01 7.0496346e-01 6.8837465e-01
0.0000000e+00 0.0000000e+00 0.0000000e+00 0.0000000e+00 0.0000000e+00 0.0000000e+00 0.0000000e+00 0.0000000e+00 0.0000000e+00 0.0000000e+00 0.0000000e+00 0.0000000e+00 0.0000000e+00 0.0000000e+00 0.0000000e+00 0.0000000e+00 0.0000000e+00 0.0000000e+00 0.0000000e+00 9.9885409e-04 9.9934248e-04 9.9974775e-04 1.0913151e-03 1.8362936e-03 3.7598075e-03 4.2024849e-02 3.1477490e-01 6.2047580e-01 9.8414269e-01 1.1203950e+00 1.1893103e+00 1.2867829e+00 1.1829801e+00 1.1545556e+00 1.1423422e+00 1.0025457e+00 9.0696522e-01 1.1195364e+00 1.1624292e+00 6.1423617e-01 4.1622026e-01 4.5527323e-01 7.2130860e-01 1.1120530e+00 1.4266693e+00 1.5629562e+00 1.6119374e+00 1.5884727e+00 1.5651705e+00 1.5452554e+00
0.0000000e+00 0.0000000e+00 0.0000000e+00 0.0000000e+00 0.0000000e+00 0.0000000e+00 0.0000000e+00 0.0000000e+00 0.0000000e+00 0.0000000e+00 0.0000000e+00 0.0000000e+00 0.0000000e+00 0.0000000e+00 0.0000000e+00 0.0000000e+00 0.0000000e+00 0.0000000e+00 0.0000000e+00 9.9859336e-04 9.9945290e-04 9.9860863e-04 1.4396073e-03 1.9426847e-03 2.0584956e-03 6.7071249e-02 4.0190004e-01 7.8181018e-01 1.1528689e+00 1.3453722e+00 1.5495722e+00 1.6949167e+00 1.7900431e+00 1.6544009e+00 1.4721054e+00 1.4836020e+00 1.1162066e+00 1.1566250e+00 6.3040972e-01 1.4112005e-01 2.1162566e-01 2.5934384e-01 3.0440004e-01 4.1782634e-01 5.6289996e-01 7.5715835e-01 9.6523032e-01 1.1209578e+00 1.2084067e+00 1.2470635e+00
0.0000000e+00 0.0000000e+00 0.0000000e+00 0.0000000e+00 0.0000000e+00 0.0000000e+00 0.0000000e+00 0.0000000e+00 0.0000000e+00 0.0000000e+00 0.0000000e+00 0.0000000e+00 0.0000000e+00 0.0000000e+00 0.0000000e+00 0.0000000e+00 0.0000000e+00 0.0000000e+00 9.9989469e-04 9.9920650e-04 9.9818987e-04 9.9843861e-04 1.1679071e-03 1.1372168e-03 3.4145981e-03 2.9708771e-01 6.7015333e-01 1.1410267e+00 1.6217107e+00 1.7744582e+00 1.8258634e+00 1.8382392e+00 1.8439635e+00 1.8472172e+00 1.8292680e+00 1.5249862e+00 1.1882940e+00 1.1981972e+00 6.9402790e-01 1.4965035e-01 2.7074751e-01 3.1410934e-01 3.2670703e-01 3.4480064e-01 3.5749072e-01 3.7985063e-01 4.2874692e-01 4.5748331e-01 5.5509187e-01 6.1488141e-01
0.0000000e+00 0.0000000e+00 0.0000000e+00 0.0000000e+00 0.0000000e+00 0.0000000e+00 0.0000000e+00 0.0000000e+00 0.0000000e+00 0.0000000e+00 0.0000000e+00 0.0000000e+00 0.0000000e+00 0.0000000e+00 0.0000000e+00 0.0000000e+00 0.0000000e+00 9.9888492e-04 9.9880953e-04 9.9890817e-04 9.9975127e-04 9.9894158e-04 1.0010664e-03 9.7952734e-04 2.1059819e-01 6.2629242e-01 1.1174184e+00 1.6165817e+00 1.8168905e+00 1.8278042e+00 1.8293442e+00 1.8302680e+00 1.8330340e+00 1.8320167e+00 1.7868371e+00 1.4344030e+00 1.2849483e+00 1.1366249e+00 6.2141802e-01 1.6701063e-01 2.7224982e-01 3.3176726e-01 3.2527551e-01 3.3835886e-01 3.4135877e-01 3.7673456e-01 4.0927400e-01 4.6053646e-01 4.7726566e-01 4.9770225e-01
0.0000000e+00 0.0000000e+00 0.0000000e+00 0.0000000e+00 0.0000000e+00 0.0000000e+00 0.0000000e+00 0.0000000e+00 0.0000000e+00 0.0000000e+00 0.0000000e+00 0.0000000e+00 0.0000000e+00 0.0000000e+00 0.0000000e+00 0.0000000e+00 9.9912844e-04 9.9943958e-04 9.9980414e-04 9.9630382e-04 9.9545722e-04 9.9939174e-04 9.9907677e-04 9.9662143e-03 4.9173268e-01 1.1023763e+00 1.6108231e+00 1.8185900e+00 1.8261078e+00 1.8264565e+00 1.8254192e+00 1.8259094e+00 1.8231638e+00 1.8148735e+00 1.7982330e+00 1.6700540e+00 1.4802657e+00 1.0850325e+00 4.9910607e-01 1.7556893e-01 2.4584446e-01 2.5343890e-01 2.5732670e-01 2.5377404e-01 2.7218130e-01 3.0936666e-01 3.1696666e-01 3.4529974e-01 3.6992284e-01 4.0566790e-01
0.0000000e+00 0.0000000e+00 0.0000000e+00 0.0000000e+00 0.0000000e+00 0.0000000e+00 0.0000000e+00 0.0000000e+00 0.0000000e+00 0.0000000e+00 0.0000000e+00 0.0000000e+00 0.0000000e+00 0.0000000e+00 0.0000000e+00 9.9850691e-04 9.9896472e-04 9.9431123e-04 9.9145505e-04 2.1426763e-03 6.2858909e-03 6.8313660e-03 1.0229845e-03 1.7308779e-01 6.3480005e-01 1.3490440e+00 1.8251094e+00 1.8262896e+00 1.8221048e+00 1.8222131e+00 1.8226093e+00 1.8238894e+00 1.8052402e+00 1.7802465e+00 1.8038655e+00 1.7575947e+00 1.3912535e+00 8.3728543e-01 4.0436840e-01 1.1897249e-01 1.8038352e-01 1.7856707e-01 1.9365711e-01 2.3212909e-01 2.6060311e-01 2.8023051e-01 2.9752100e-01 3.1279370e-01 3.2582163e-01 3.4040421e-01
0.0000000e+00 0.0000000e+00 0.0000000e+00 0.0000000e+00 0.0000000e+00 0.0000000e+00 0.0000000e+00 0.0000000e+00 0.0000000e+00 0.0000000e+00 0.0000000e+00 0.0000000e+00 0.0000000e+00 0.0000000e+00 0.0000000e+00 9.9927604e-04 9.9709243e-04 5.7256736e-03 8.8104958e-03 8.9336529e-03 6.4725629e-03 7.5554332e-03 1.0479532e-03 4.3395494e-01 8.5351015e-01 1.2554165e+00 1.5676658e+00 1.7628711e+00 1.8103458e+00 1.7895269e+00 1.7872450e+00 1.6177115e+00 1.3392296e+00 2.4894610e+00 1.9185984e+00 1.5990864e+00 1.1491798e+00 7.1719782e-01 3.3624092e-01 4.5145475e-02 1.2037678e-01 1.3867871e-01 1.8272569e-01 2.1546441e-01 2.4470285e-01 2.6292454e-01 2.8135184e-01 2.9770705e-01 3.1196531e-01 3.2370612e-01
0.0000000e+00 0.0000000e+00 0.0000000e+00 0.0000000e+00 0.0000000e+00 0.0000000e+00 0.0000000e+00 0.0000000e+00 0.0000000e+00 0.0000000e+00 0.0000000e+00 0.0000000e+00 0.0000000e+00 0.0000000e+00 0.0000000e+00 9.9852299e-04 9.9936672e-04 1.6901428e-03 5.1569750e-03 8.6481698e-03 6.7882087e-03 4.7017818e-03 1.8517695e-02 5.4376783e-01 8.1758992e-01 8.9119822e-01 8.6809213e-01 1.1434591e+00 1.1681875e+00 8.7584984e-01 7.8869272e-01 1.0698785e+00 3.2720645e+00 3.6315621e+00 1.1717441e+00 1.2924167e+00 9.8176731e-01 6.3096482e-01 2.4839665e-01 1.1910120e-02 6.1261759e-02 1.0439958e-01 1.5155964e-01 1.8402157e-01 2.1421232e-01 2.3521768e-01 2.5665452e-01 2.7617693e-01 2.9391237e-01 3.0859615e-01
