presentation/data/depth_0024.asc
ncols     164
nrows     146
xllcorner -1.242151388888889e+02
yllcorner  4.172986111111111e+01
cellsize  2.777777777820000e-04
nodata_value       -9999
[rows 44 to 65 of 146, columns 50 to 99 of 164]
0.0000000e+00 0.0000000e+00 0.0000000e+00 0.0000000e+00 0.0000000e+00 0.0000000e+00 0.0000000e+00 0.0000000e+00 0.0000000e+00 0.0000000e+00 0.0000000e+00 0.0000000e+00 0.0000000e+00 0.0000000e+00 0.0000000e+00 0.0000000e+00 9.4484487e-04 5.7626010e-01 6.1881762e-01 6.1234069e-01 6.0723079e-01 6.0381357e-01 5.9917574e-01 5.9720323e-01 5.9387319e-01 5.9097017e-01 5.9218632e-01 5.8610414e-01 5.8338556e-01 5.8088513e-01 5.7815065e-01 5.6681069e-01 4.7829423e-01 3.8763382e-01 3.7962982e-01 3.6536732e-01 3.8810075e-01 3.9415568e-01 4.5902207e-01 6.7604767e-01 8.3310584e-01 8.4930056e-01 8.5029892e-01 8.4915623e-01 8.5247035e-01 8.5060997e-01 8.3844819e-01 6.6271078e-01 5.5316168e-01 5.5830155e-01
0.0000000e+00 0.0000000e+00 0.0000000e+00 0.0000000e+00 0.0000000e+00 0.0000000e+00 0.0000000e+00 0.0000000e+00 0.0000000e+00 0.0000000e+00 0.0000000e+00 0.0000000e+00 0.0000000e+00 0.0000000e+00 0.0000000e+00 0.0000000e+00 0.0000000e+00 8.4698458e-04 5.5441186e-01 6.0483077e-01 6.0237098e-01 5.9867089e-01 5.9183362e-01 5.9218659e-01 5.8958155e-01 5.8744326e-01 5.8573393e-01 5.8375693e-01 5.8157927e-01 5.7960244e-01 5.6649263e-01 4.7886571e-01 3.4424898e-01 2.7749071e-01 2.5726381e-01 2.5051132e-01 2.5013245e-01 2.5552509e-01 3.6905786e-01 7.9126935e-01 8.4214814e-01 8.4099296e-01 8.4166095e-01 8.4281516e-01 8.3614745e-01 7.6232139e-01 6.4366231e-01 5.5117263e-01 5.4633757e-01 5.5063038e-01
0.0000000e+00 0.0000000e+00 0.0000000e+00 0.0000000e+00 0.0000000e+00 0.0000000e+00 0.0000000e+00 0.0000000e+00 0.0000000e+00 0.0000000e+00 0.0000000e+00 0.0000000e+00 0.0000000e+00 0.0000000e+00 0.0000000e+00 0.0000000e+00 0.0000000e+00 0.0000000e+00 0.0000000e+00 9.9637577e-04 4.8433374e-01 5.8679578e-01 5.8585693e-01 5.8778719e-01 5.8656173e-01 5.8520528e-01 5.8050250e-01 5.8162459e-01 5.7296458e-01 5.5379187e-01 4.9272530e-01 3.4592950e-01 2.5229462e-01 2.1569849e-01 1.9625442e-01 1.9217885e-01 2.2795540e-01 3.6781979e-01 6.3418914e-01 8.1192532e-01 8.3734905e-01 8.3815271e-01 8.3851454e-01 8.3739098e-01 8.2707343e-01 7.3344442e-01 5.5130419e-01 5.4034529e-01 5.4217682e-01 5.4879597e-01
0.0000000e+00 0.0000000e+00 0.0000000e+00 0.0000000e+00 0.0000000e+00 0.0000000e+00 0.0000000e+00 0.0000000e+00 0.0000000e+00 0.0000000e+00 0.0000000e+00 0.0000000e+00 0.0000000e+00 0.0000000e+00 0.0000000e+00 0.0000000e+00 0.0000000e+00 0.0000000e+00 0.0000000e+00 0.0000000e+00 0.0000000e+00 8.6037718e-04 5.2088086e-01 5.7819031e-01 5.8171226e-01 5.8018225e-01 5.5524942e-01 5.2288190e-01 4.7357449e-01 4.0664086e-01 3.1561202e-01 2.5224474e-01 2.2109069e-01 2.1780020e-01 2.3823412e-01 2.9032506e-01 3.6215606e-01 5.5566319e-01 6.6224498e-01 7.9195978e-01 7.9403926e-01 7.3464504e-01 7.0240841e-01 6.3120983e-01 6.1827649e-01 5.5996409e-01 5.3514205e-01 5.3267409e-01 5.3659280e-01 5.7416277e-01
0.0000000e+00 0.0000000e+00 0.0000000e+00 0.0000000e+00 0.0000000e+00 0.0000000e+00 0.0000000e+00 0.0000000e+00 0.0000000e+00 0.0000000e+00 0.0000000e+00 0.0000000e+00 0.0000000e+00 0.0000000e+00 0.0000000e+00 0.0000000e+00 0.0000000e+00 0.0000000e+00 0.0000000e+00 0.0000000e+00 0.0000000e+00 0.0000000e+00 9.1553751e-04 2.2056576e-01 3.7766606e-01 3.8066688e-01 3.0252200e-01 2.2478190e-01 2.0913799e-01 2.0578606e-01 2.3274983e-01 2.8536109e-01 2.7305892e-01 2.5388606e-01 3.1897467e-01 3.9769684e-01 4.4451488e-01 4.7241958e-01 4.8737911e-01 5.3561174e-01 5.5675233e-01 5.3064062e-01 5.2854225e-01 5.2740783e-01 5.2688125e-01 5.2837638e-01 5.3360456e-01 6.9362797e-01 7.2144816e-01 7.4509414e-01
0.0000000e+00 0.0000000e+00 0.0000000e+00 0.0000000e+00 0.0000000e+00 0.0000000e+00 0.0000000e+00 0.0000000e+00 0.0000000e+00 0.0000000e+00 0.0000000e+00 0.0000000e+00 0.0000000e+00 0.0000000e+00 0.0000000e+00 0.0000000e+00 0.0000000e+00 0.0000000e+00 0.0000000e+00 0.0000000e+00 0.0000000e+00 0.0000000e+00 0.0000000e+00 9.6155635e-04 9.3693385e-04 9.5581516e-04 9.9263326e-04 2.7702975e-02 5.4012893e-02 2.1228185e-01 3.6718471e-01 4.1404231e-01 4.1759648e-01 4.0607776e-01 4.2924067e-01 4.5616871e-01 4.8178023e-01 4.9565461e-01 5.0281197e-01 5.0997320e-01 5.1459505e-01 5.1110333e-01 5.1318184e-01 5.1446654e-01 5.1700833e-01 5.5507392e-01 9.1918290e-01 1.4957990e+00 1.5562232e+00 1.5041265e+00
0.0000000e+00 0.0000000e+00 0.0000000e+00 0.0000000e+00 0.0000000e+00 0.0000000e+00 0.0000000e+00 0.0000000e+00 0.0000000e+00 0.0000000e+00 0.0000000e+00 0.0000000e+00 0.0000000e+00 0.0000000e+00 0.0000000e+00 0.0000000e+00 0.0000000e+00 0.0000000e+00 0.0000000e+00 0.0000000e+00 0.0000000e+00 0.0000000e+00 0.0000000e+00 9.9976153e-04 9.8381191e-04 9.9904202e-04 9.9163897e-04 4.9400865e-03 2.1341448e-01 3.8220751e-01 4.1686799e-01 4.3458588e-01 4.4158393e-01 4.4950773e-01 4.5827728e-01 4.6518015e-01 4.7682882e-01 4.8581407e-01 4.9364901e-01 5.0045765e-01 5.0699793e-01 5.0506162e-01 5.2869325e-01 6.0432516e-01 8.4252987e-01 1.2101089e+00 1.5715204e+00 1.6245329e+00 1.5437747e+00 1.2169044e+00
0.0000000e+00 0.0000000e+00 0.0000000e+00 0.0000000e+00 0.0000000e+00 0.0000000e+00 0.0000000e+00 0.0000000e+00 0.0000000e+00 0.0000000e+00 0.0000000e+00 0.0000000e+00 0.0000000e+00 0.0000000e+00 0.0000000e+00 0.0000000e+00 0.0000000e+00 0.0000000e+00 0.0000000e+00 0.0000000e+00 0.0000000e+00 0.0000000e+00 0.0000000e+00 9.9929054e-04 9.9637974e-04 1.0155933e-03 9.6900431e-04 1.9314601e-01 3.5224022e-01 3.7541460e-01 3.8974899e-01 4.0458395e-01 4.1351030e-01 4.2509050e-01 4.3747801e-01 4.5002352e-01 4.6148414e-01 4.7371754e-01 4.8685900e-01 5.0391986e-01 7.8753501e-01 1.1507963e+00 1.2319995e+00 1.4572942e+00 1.5481482e+00 1.4832500e+00 1.2848146e+00 1.0476265e+00 7.2074726e-01 5.6016604e-01
0.0000000e+00 0.0000000e+00 0.0000000e+00 0.0000000e+00 0.0000000e+00 0.0000000e+00 0.0000000e+00 0.0000000e+00 0.0000000e+00 0.0000000e+00 0.0000000e+00 0.0000000e+00 0.0000000e+00 0.0000000e+00 0.0000000e+00 0.0000000e+00 0.0000000e+00 0.0000000e+00 0.0000000e+00 0.0000000e+00 0.0000000e+00 0.0000000e+00 9.9832461e-04 9.9908049e-04 9.9512007e-04 3.6044136e-03 1.6559393e-01 3.0953811e-01 3.3331848e-01 3.4394086e-01 3.5253553e-01 3.6009921e-01 3.6927471e-01 3.8153767e-01 3.9870003e-01 4.2029638e-01 4.3302544e-01 4.4967526e-01 4.6522983e-01 4.8249803e-01 7.9200991e-01 1.3079427e+00 1.3162089e+00 1.0794650e+00 8.1241652e-01 6.2235003e-01 5.4219988e-01 5.1862237e-01 5.1728628e-01 5.1896432e-01
0.0000000e+00 0.0000000e+00 0.0000000e+00 0.0000000e+00 0.0000000e+00 0.0000000e+00 0.0000000e+00 0.0000000e+00 0.0000000e+00 0.0000000e+00 0.0000000e+00 0.0000000e+00 0.0000000e+00 0.0000000e+00 0.0000000e+00 0.0000000e+00 0.0000000e+00 0.0000000e+00 0.0000000e+00 0.0000000e+00 0.0000000e+00 0.0000000e+00 9.9867368e-04 9.7714966e-04 2.0310231e-01 2.3320768e-01 2.6482827e-01 2.7796116e-01 2.8808925e-01 2.9073124e-01 2.8870080e-01 2.8609292e-01 2.8950929e-01 3.0184702e-01 3.2137762e-01 3.5212642e-01 3.7804274e-01 4.0287883e-01 4.2561517e-01 4.2079155e-01 4.1082875e-01 4.9271464e-01 5.1669658e-01 4.8779570e-01 4.8701573e-01 4.9262844e-01 4.9610587e-01 4.9824717e-01 5.0034406e-01 5.0644546e-01
0.0000000e+00 0.0000000e+00 0.0000000e+00 0.0000000e+00 0.0000000e+00 0.0000000e+00 0.0000000e+00 0.0000000e+00 0.0000000e+00 0.0000000e+00 0.0000000e+00 0.0000000e+00 0.0000000e+00 0.0000000e+00 0.0000000e+00 0.0000000e+00 0.0000000e+00 0.0000000e+00 0.0000000e+00 0.0000000e+00 0.0000000e+00 9.9668674e-04 9.8700499e-04 6.9818231e-02 2.3983249e-01 2.4388621e-01 2.4072933e-01 2.3180321e-01 2.1993485e-01 2.0904000e-01 2.1757566e-01 2.5271754e-01 3.1015883e-01 3.5930559e-01 3.0994794e-01 3.2045499e-01 3.5466724e-01 3.2880391e-01 2.5320468e-01 2.3995717e-01 2.6203211e-01 3.1856741e-01 3.9625404e-01 4.1894665e-01 4.3476632e-01 4.5125575e-01 4.6320397e-01 4.7277012e-01 4.7979487e-01 4.8718211e-01
0.0000000e+00 0.0000000e+00 0.0000000e+00 0.0000000e+00 0.0000000e+00 0.0000000e+00 0.0000000e+00 0.0000000e+00 0.0000000e+00 0.0000000e+00 0.0000000e+00 0.0000000e+00 0.0000000e+00 0.0000000e+00 0.0000000e+00 0.0000000e+00 0.0000000e+00 0.0000000e+00 0.0000000e+00 0.0000000e+00 0.0000000e+00 9.9975874e-04 7.3556239e-03 5.0960669e-03 2.0320689e-01 2.0374054e-01 1.7851995e-01 1.6726650e-01 1.6775110e-01 1.7970503e-01 2.1956042e-01 2.8658481e-01 3.5381080e-01 4.0710296e-01 3.0283006e-01 2.4704165e-01 2.5966895e-01 1.9872196e-01 1.1465995e-01 2.0910406e-01 3.6016737e-01 4.5612090e-01 4.2976705e-01 3.8961785e-01 3.9234141e-01 4.0977477e-01 4.2908928e-01 4.4453207e-01 4.5534032e-01 4.7070059e-01
0.0000000e+00 0.0000000e+00 0.0000000e+00 0.0000000e+00 0.0000000e+00 0.0000000e+00 0.0000000e+00 0.0000000e+00 0.0000000e+00 0.0000000e+00 0.0000000e+00 0.0000000e+00 0.0000000e+00 0.0000000e+00 0.0000000e+00 0.0000000e+00 0.0000000e+00 0.0000000e+00 0.0000000e+00 0.0000000e+00 9.9865818e-04 1.5421698e-03 1.7148787e-03 1.4068732e-03 6.3738217e-02 1.2896896e-01 1.5109117e-01 1.2368620e-01 1.3481413e-01 1.5421534e-01 1.8870228e-01 3.1150858e-01 4.1211545e-01 4.5854980e-01 3.2389180e-01 2.8815013e-01 2.3139164e-01 2.6845556e-01 5.2155619e-01 1.0352791e+00 1.3476152e+00 1.3362447e+00 1.1862043e+00 9.1908900e-01 6.4123674e-01 4.6864551e-01 4.3595639e-01 4.3391109e-01 4.3961532e-01 4.4846133e-01
0.0000000e+00 0.0000000e+00 0.0000000e+00 0.0000000e+00 0.0000000e+00 0.0000000e+00 0.0000000e+00 0.0000000e+00 0.0000000e+00 0.0000000e+00 0.0000000e+00 0.0000000e+00 0.0000000e+00 0.0000000e+00 0.0000000e+00 0.0000000e+00 0.0000000e+00 0.0000000e+00 0.0000000e+00 0.0000000e+00 9.9852659e-04 9.9897102e-04 1.0406611e-03 1.3507012e-03 3.1728172e-03 7.2657169e-02 7.4518592e-02 2.1051009e-01 4.7115526e-01 6.3125284e-01 6.8070350e-01 5.8155710e-01 5.8292594e-01 6.4597917e-01 5.9426046e-01 5.9348738e-01 5.0522730e-01 6.5949775e-01 1.1835186e+00 1.3928848e+00 1.2696048e+00 1.3676860e+00 1.5625184e+00 1.6467658e+00 1.4630044e+00 1.2128162e+00 1.0241311e+00 8.6899165e-01 7.9626251e-01 7.7959597e-01
0.0000000e+00 0.0000000e+00 0.0000000e+00 0.0000000e+00 0.0000000e+00 0.0000000e+00 0.0000000e+00 0.0000000e+00 0.0000000e+00 0.0000000e+00 0.0000000e+00 0.0000000e+00 0.0000000e+00 0.0000000e+00 0.0000000e+00 0.0000000e+00 0.0000000e+00 0.0000000e+00 0.0000000e+00 9.9885409e-04 1.0686789e-03 1.6839603e-03 2.4358048e-03 2.9440020e-03 1.6939515e-03 1.1196303e-02 2.2233714e-01 6.0158587e-01 1.0119615e+00 1.1682063e+00 1.2368554e+00 1.3178120e+00 1.1891752e+00 1.1276332e+00 1.0781945e+00 8.9758705e-01 7.6406142e-01 1.0394282e+00 1.1045034e+00 6.1293947e-01 4.7717865e-01 5.2568737e-01 8.0590208e-01 1.2033806e+00 1.5198607e+00 1.6564473e+00 1.7058171e+00 1.6822007e+00 1.6592307e+00 1.6393623e+00
0.0000000e+00 0.0000000e+00 0.0000000e+00 0.0000000e+00 0.0000000e+00 0.0000000e+00 0.0000000e+00 0.0000000e+00 0.0000000e+00 0.0000000e+00 0.0000000e+00 0.0000000e+00 0.0000000e+00 0.0000000e+00 0.0000000e+00 0.0000000e+00 0.0000000e+00 0.0000000e+00 0.0000000e+00 9.9859336e-04 1.6183071e-03 2.5962587e-03 3.2757253e-03 3.9101430e-03 2.2957689e-03 1.2723912e-01 5.6932982e-01 1.0107621e+00 1.3923165e+00 1.5872377e+00 1.7939937e+00 1.9439952e+00 2.0371643e+00 1.8925822e+00 1.6597568e+00 1.6302215e+00 1.1375807e+00 1.1261703e+00 5.2572541e-01 2.1976041e-01 2.5791685e-01 3.2604066e-01 3.8180700e-01 5.0376840e-01 6.5445761e-01 8.5115241e-01 1.0612974e+00 1.2187336e+00 1.3048675e+00 1.3434804e+00
0.0000000e+00 0.0000000e+00 0.0000000e+00 0.0000000e+00 0.0000000e+00 0.0000000e+00 0.0000000e+00 0.0000000e+00 0.0000000e+00 0.0000000e+00 0.0000000e+00 0.0000000e+00 0.0000000e+00 0.0000000e+00 0.0000000e+00 0.0000000e+00 0.0000000e+00 0.0000000e+00 9.9989469e-04 1.1695898e-03 2.0413200e-03 2.7533837e-03 3.4887839e-03 3.3595759e-03 1.8773167e-01 6.1270773e-01 9.8800264e-01 1.4519885e+00 1.9202234e+00 2.0704602e+00 2.1237632e+00 2.1451838e+00 2.1640107e+00 2.1841788e+00 2.1791140e+00 1.9057261e+00 1.5740470e+00 1.5654161e+00 9.3949625e-01 2.2942345e-01 3.2192559e-01 3.7828716e-01 3.9961025e-01 4.2465283e-01 4.4173141e-01 4.6865471e-01 5.2103832e-01 5.5225621e-01 6.5229287e-01 7.1375370e-01
0.0000000e+00 0.0000000e+00 0.0000000e+00 0.0000000e+00 0.0000000e+00 0.0000000e+00 0.0000000e+00 0.0000000e+00 0.0000000e+00 0.0000000e+00 0.0000000e+00 0.0000000e+00 0.0000000e+00 0.0000000e+00 0.0000000e+00 0.0000000e+00 0.0000000e+00 9.9888492e-04 1.0250323e-03 1.8995454e-03 2.4043306e-03 2.9536483e-03 2.8739428e-03 2.1757569e-01 6.2270834e-01 1.0130293e+00 1.4790998e+00 1.9575228e+00 2.1417105e+00 2.1422758e+00 2.1425490e+00 2.1551073e+00 2.1646931e+00 2.1918267e+00 2.1578730e+00 1.8475954e+00 1.7270968e+00 1.6093926e+00 1.0916045e+00 5.5512011e-01 3.3837163e-01 3.9297360e-01 3.9561799e-01 4.1568748e-01 4.2227462e-01 4.6181726e-01 4.9889280e-01 5.5423689e-01 5.7372372e-01 5.9601426e-01
0.0000000e+00 0.0000000e+00 0.0000000e+00 0.0000000e+00 0.0000000e+00 0.0000000e+00 0.0000000e+00 0.0000000e+00 0.0000000e+00 0.0000000e+00 0.0000000e+00 0.0000000e+00 0.0000000e+00 0.0000000e+00 0.0000000e+00 0.0000000e+00 9.9912844e-04 9.9943958e-04 1.5647382e-03 2.0752448e-03 1.3597559e-03 1.9060490e-03 1.5497600e-01 5.4794014e-01 9.7635275e-01 1.5277476e+00 1.9964012e+00 2.1763621e+00 2.1625997e+00 2.1493247e+00 2.1496787e+00 2.1565401e+00 2.1665014e+00 2.2019690e+00 2.1880002e+00 2.1023794e+00 1.9398982e+00 1.5756045e+00 1.0412433e+00 7.2732814e-01 5.2517834e-01 3.8015035e-01 3.4313592e-01 3.3303330e-01 3.5390767e-01 3.9365705e-01 4.0305515e-01 4.3439544e-01 4.6245478e-01 5.0171460e-01
0.0000000e+00 0.0000000e+00 0.0000000e+00 0.0000000e+00 0.0000000e+00 0.0000000e+00 0.0000000e+00 0.0000000e+00 0.0000000e+00 0.0000000e+00 0.0000000e+00 0.0000000e+00 0.0000000e+00 0.0000000e+00 0.0000000e+00 9.9850691e-04 9.9896472e-04 9.9500548e-04 9.9857769e-04 3.2170614e-03 8.5021235e-03 3.9674830e-03 4.4604070e-01 8.4877420e-01 1.1647334e+00 1.8137845e+00 2.2359609e+00 2.2044538e+00 2.1842907e+00 2.1788035e+00 2.1832482e+00 2.2038119e+00 2.2183065e+00 2.2262439e+00 2.2455053e+00 2.2340498e+00 1.8913952e+00 1.3543221e+00 9.6634514e-01 6.9056223e-01 5.7528830e-01 5.0154742e-01 4.5945620e-01 4.5706945e-01 4.3933895e-01 4.1132364e-01 3.9808127e-01 4.0507698e-01 4.1949191e-01 4.3600172e-01
0.0000000e+00 0.0000000e+00 0.0000000e+00 0.0000000e+00 0.0000000e+00 0.0000000e+00 0.0000000e+00 0.0000000e+00 0.0000000e+00 0.0000000e+00 0.0000000e+00 0.0000000e+00 0.0000000e+00 0.0000000e+00 0.0000000e+00 9.9927604e-04 9.9709243e-04 7.9845174e-03 1.2583377e-02 1.1956364e-02 8.2619740e-03 2.6223513e-03 5.8642600e-01 1.0777571e+00 1.4335734e+00 1.7662879e+00 2.0184147e+00 2.1686642e+00 2.2131183e+00 2.1852608e+00 2.1943211e+00 2.0459507e+00 1.8577098e+00 2.9671728e+00 2.4085077e+00 2.1227772e+00 1.6833927e+00 1.2695125e+00 9.1846688e-01 6.0287859e-01 5.1297639e-01 5.2388143e-01 5.7128284e-01 6.0967477e-01 6.3485453e-01 6.2562469e-01 5.8518489e-01 5.2295323e-01 4.7420843e-01 4.5015679e-01
0.0000000e+00 0.0000000e+00 0.0000000e+00 0.0000000e+00 0.0000000e+00 0.0000000e+00 0.0000000e+00 0.0000000e+00 0.0000000e+00 0.0000000e+00 0.0000000e+00 0.0000000e+00 0.0000000e+00 0.0000000e+00 0.0000000e+00 1.9055345e-03 4.1215554e-03 6.3025922e-03 9.6404138e-03 1.2154882e-02 9.0364167e-03 2.4492008e-02 6.7012672e-01 1.1890980e+00 1.4351185e+00 1.4541858e+00 1.3754146e+00 1.5980574e+00 1.6641611e+00 1.4144749e+00 1.3693932e+00 1.6559181e+00 3.7948466e+00 4.1530959e+00 1.7111108e+00 1.8464833e+00 1.5518899e+00 1.2242076e+00 8.7179143e-01 5.8764599e-01 5.1185710e-01 5.5932518e-01 6.0797282e-01 6.4818777e-01 6.8508347e-01 7.1271409e-01 7.3111252e-01 7.3558095e-01 7.1249722e-01 6.7071149e-01
