presentation/data/depth_0007.asc
ncols     164
nrows     146
xllcorner -1.242151388888889e+02
yllcorner  4.172986111111111e+01
cellsize  2.777777777820000e-04
nodata_value       -9999
[rows 88 to 109 of 146, columns 50 to 99 of 164]
0.0000000e+00 0.0000000e+00 0.0000000e+00 0.0000000e+00 0.0000000e+00 0.0000000e+00 8.3910180e-04 1.4052190e+00 1.5013522e+00 1.4598230e+00 1.6215459e+00 1.9110199e+00 2.2746124e+00 2.6105363e+00 2.8919537e+00 3.0578237e+00 3.4020641e+00 3.8775417e+00 4.1086994e+00 4.3540826e+00 4.3339995e+00 4.5238442e+00 4.5680052e+00 4.4669213e+00 4.5956505e+00 4.4803886e+00 4.5957295e+00 4.1350361e+00 2.9987820e+00 4.0275176e+00 4.3698629e+00 3.9540830e+00 4.0924311e+00 4.3312379e+00 4.4364355e+00 4.3275661e+00 4.4257015e+00 4.4939677e+00 4.4885297e+00 4.4282770e+00 4.5082416e+00 4.5134018e+00 4.4637700e+00 4.4619204e+00 4.5310738e+00 4.5745609e+00 4.8078562e+00 3.9421228e+00 3.9545736e+00 4.5428808e+00
8.8057015e-04 9.6825603e-04 9.8708245e-04 0.0000000e+00 0.0000000e+00 0.0000000e+00 0.0000000e+00 9.2329382e-04 1.3370287e+00 1.6897600e+00 1.7655751e+00 1.9684580e+00 2.3061707e+00 2.8949007e+00 3.1316877e+00 3.3654637e+00 3.7543884e+00 3.9766622e+00 3.9878515e+00 4.3697098e+00 4.7454822e+00 4.8608496e+00 4.6948935e+00 4.5569754e+00 4.5515819e+00 4.0383026e+00 3.5952204e+00 3.4043300e+00 3.1265132e+00 3.6594635e+00 4.1340550e+00 4.3033406e+00 4.4007115e+00 4.4957148e+00 4.5815782e+00 4.5944331e+00 4.5871139e+00 4.6791267e+00 4.7048563e+00 4.7173117e+00 4.7309514e+00 4.7392430e+00 4.7863736e+00 4.7243641e+00 4.6984566e+00 4.7150027e+00 4.8567205e+00 4.4404075e+00 4.1290343e+00 4.0970504e+00
1.3912510e+00 1.0582371e+00 1.6994548e-01 9.3350885e-04 0.0000000e+00 0.0000000e+00 0.0000000e+00 0.0000000e+00 0.0000000e+00 1.5260012e+00 1.8958179e+00 1.9856975e+00 2.2392189e+00 2.6657892e+00 2.9111589e+00 3.2274519e+00 3.4818774e+00 3.6686830e+00 3.7763779e+00 3.9996141e+00 4.2276472e+00 4.3036461e+00 4.0942361e+00 3.9464095e+00 3.8322559e+00 3.2839719e+00 2.7675017e+00 3.3709131e+00 3.8187930e+00 4.1249507e+00 4.4199674e+00 4.5847785e+00 4.6853258e+00 4.7077412e+00 4.7496337e+00 4.8131582e+00 4.8475099e+00 4.8557408e+00 4.9287834e+00 4.9522538e+00 4.9627130e+00 4.9230072e+00 5.0169224e+00 5.0413238e+00 4.9780925e+00 4.9847636e+00 4.9188011e+00 4.8653545e+00 4.3202443e+00 4.3271971e+00
1.3682350e+00 1.3876839e+00 1.1730035e+00 9.4376281e-01 0.0000000e+00 0.0000000e+00 0.0000000e+00 0.0000000e+00 0.0000000e+00 0.0000000e+00 1.6996031e+00 2.0601875e+00 2.0762366e+00 2.2606353e+00 2.2398656e+00 2.1544703e+00 2.8457912e+00 3.1199662e+00 3.2526190e+00 3.3831311e+00 3.4471738e+00 3.3911365e+00 3.2073700e+00 3.0344605e+00 3.1433268e+00 3.2124021e+00 3.3292465e+00 3.8678349e+00 4.2866275e+00 4.5218481e+00 4.6628650e+00 4.7774266e+00 4.8450053e+00 4.9114045e+00 4.9344499e+00 4.9835848e+00 5.0522379e+00 5.0952236e+00 5.0912903e+00 5.1597104e+00 5.1454076e+00 5.1461805e+00 5.2582856e+00 5.2727712e+00 5.2362442e+00 5.2343935e+00 5.1677940e+00 5.0635522e+00 4.9388192e+00 4.8569390e+00
1.2641063e+00 1.4071273e+00 4.8307437e-01 1.3145901e+00 5.1543952e-01 0.0000000e+00 0.0000000e+00 0.0000000e+00 0.0000000e+00 0.0000000e+00 0.0000000e+00 1.6639423e+00 2.0648735e+00 2.1475214e+00 5.1630486e-01 0.0000000e+00 2.0674853e+00 2.5871662e+00 2.6818383e+00 2.7492192e+00 2.6856364e+00 2.5480593e+00 2.4560137e+00 2.3690533e+00 2.8991225e+00 3.5176316e+00 3.9125250e+00 4.2676758e+00 4.5877398e+00 4.7724896e+00 4.8775754e+00 4.9280501e+00 4.9829568e+00 5.0361709e+00 5.0826861e+00 5.1303207e+00 5.1978257e+00 5.2673309e+00 5.3055452e+00 5.2920504e+00 5.3106060e+00 5.3489299e+00 5.4397651e+00 5.4216523e+00 5.4376906e+00 5.3739152e+00 5.2375147e+00 5.0771983e+00 4.8820739e+00 4.7727051e+00
1.0825150e+00 1.2254325e+00 1.3699782e+00 1.6113238e+00 1.4665972e+00 8.2423828e-04 0.0000000e+00 0.0000000e+00 0.0000000e+00 8.9388601e-04 0.0000000e+00 0.0000000e+00 1.2692630e+00 1.8467138e+00 1.1285357e+00 1.0536488e+00 2.1476100e+00 2.2252201e+00 2.2809642e+00 2.2814726e+00 2.1583276e+00 2.0895982e+00 2.4761577e+00 2.8479188e+00 3.5074406e+00 4.0583145e+00 4.4503077e+00 4.6683229e+00 4.8166994e+00 4.9278346e+00 5.0246464e+00 5.1055389e+00 5.1328079e+00 5.1791413e+00 5.2355137e+00 5.2580456e+00 5.3188724e+00 5.3860539e+00 5.3954874e+00 5.4295334e+00 5.4938557e+00 5.5524748e+00 5.5865763e+00 5.5817323e+00 5.5479498e+00 5.4464191e+00 5.1890653e+00 4.7635773e+00 4.4646120e+00 4.2961861e+00
1.1138537e+00 1.2720124e+00 1.5733001e+00 1.5931077e+00 1.5713981e+00 7.6724782e-01 0.0000000e+00 0.0000000e+00 9.3804708e-01 1.6229412e+00 1.2080631e+00 0.0000000e+00 0.0000000e+00 0.0000000e+00 4.5873038e-01 2.2661539e+00 2.0420243e+00 2.0663102e+00 2.1084712e+00 2.0912223e+00 2.0838665e+00 2.5709221e+00 3.2023960e+00 3.7630389e+00 4.1681888e+00 4.4783660e+00 4.7363467e+00 4.9369757e+00 5.0438641e+00 5.0762974e+00 5.1403530e+00 5.2178431e+00 5.2912889e+00 5.3158264e+00 5.3730546e+00 5.4133728e+00 5.4552742e+00 5.4696944e+00 5.4998096e+00 5.5866128e+00 5.6572365e+00 5.7050193e+00 5.7532427e+00 5.7459606e+00 5.7197660e+00 5.5622373e+00 4.7889405e+00 3.9993709e+00 3.8204507e+00 3.6100934e+00
1.3255555e+00 1.4228953e+00 1.5188026e+00 1.5690362e+00 1.6207593e+00 1.4692438e+00 2.2609617e-01 0.0000000e+00 4.3379869e-01 1.9054057e+00 6.2167048e-01 6.8717808e-01 0.0000000e+00 0.0000000e+00 6.9331198e-04 2.1757878e+00 2.0635139e+00 2.0948251e+00 2.1220102e+00 2.3694324e+00 2.7196228e+00 3.3575872e+00 3.9139653e+00 4.2707093e+00 4.5854381e+00 4.7759148e+00 4.9421903e+00 5.0764411e+00 5.1966785e+00 5.2570687e+00 5.2817399e+00 5.3335749e+00 5.4033276e+00 5.4640574e+00 5.5039478e+00 5.5328437e+00 5.5353725e+00 5.5612652e+00 5.6094719e+00 5.7026523e+00 5.7933019e+00 5.8548610e+00 5.9319117e+00 5.9961498e+00 6.0875547e+00 5.9896558e+00 4.0842923e+00 2.5514756e+00 2.4248441e+00 2.8111833e+00
1.5204706e+00 1.5811711e+00 1.6101959e+00 1.6313825e+00 1.6309933e+00 1.6184544e+00 1.3198683e+00 7.4175736e-04 0.0000000e+00 1.0259849e+00 1.3780685e+00 1.4871359e+00 8.1542000e-01 6.8172640e-01 1.7166527e+00 2.2463565e+00 2.3342159e+00 2.3998966e+00 2.4610567e+00 3.0129300e+00 3.7030405e+00 4.1407302e+00 4.3839131e+00 4.5934150e+00 4.7908298e+00 4.9720063e+00 5.0803898e+00 5.1910763e+00 5.2770232e+00 5.3575226e+00 5.4027058e+00 5.4423719e+00 5.5015211e+00 5.5366199e+00 5.5520785e+00 5.5712386e+00 5.5996973e+00 5.6174812e+00 5.6779979e+00 5.7672152e+00 5.8398580e+00 5.9241957e+00 6.0116995e+00 6.1126014e+00 6.2076909e+00 5.4984040e+00 8.9809893e-04 0.0000000e+00 6.7551775e-04 3.7844340e-01
1.7155968e+00 1.7355052e+00 1.7417543e+00 1.7343815e+00 1.7024915e+00 1.6257184e+00 1.5958631e+00 1.2431504e+00 0.0000000e+00 0.0000000e+00 1.3550689e+00 1.7436010e+00 2.0427106e+00 2.2984775e+00 2.3053185e+00 2.4598611e+00 2.7782262e+00 3.0155170e+00 3.2214311e+00 3.7104516e+00 4.1558658e+00 4.4810302e+00 4.7168750e+00 4.8039876e+00 4.9390233e+00 5.0667545e+00 5.1834035e+00 5.2686684e+00 5.3356051e+00 5.4134811e+00 5.4616630e+00 5.5054524e+00 5.5461404e+00 5.5265351e+00 5.5968559e+00 5.6311956e+00 5.6942626e+00 5.7084639e+00 5.7627902e+00 5.8111445e+00 5.8794774e+00 5.9585000e+00 6.0077807e+00 6.0336962e+00 5.9822370e+00 5.5994649e+00 3.5874803e+00 2.2320591e+00 6.9699793e-01 4.4041149e-04
1.9629975e+00 1.9434749e+00 1.9170140e+00 1.8756557e+00 1.7958913e+00 1.7027822e+00 1.6261898e+00 1.6682685e+00 6.7387650e-01 0.0000000e+00 5.1969611e-01 2.1146727e+00 1.9071790e+00 2.0888751e+00 2.3499913e+00 2.6591463e+00 3.0427889e+00 3.2618428e+00 3.4884114e+00 3.9659461e+00 4.3295990e+00 4.6731909e+00 4.9019670e+00 4.9784161e+00 5.0314537e+00 5.1324386e+00 5.2171040e+00 5.3222741e+00 5.3806081e+00 5.4577819e+00 5.5140735e+00 5.5353926e+00 5.5132030e+00 5.5992048e+00 5.6664539e+00 5.6925606e+00 5.7721621e+00 5.7833664e+00 5.8275965e+00 5.8679544e+00 5.9246664e+00 5.9668610e+00 5.9722916e+00 5.9079490e+00 5.7788128e+00 5.5107490e+00 5.1494304e+00 4.8535566e+00 4.6196601e+00 4.3250464e+00
2.2130753e+00 2.1490133e+00 2.1068005e+00 2.0264293e+00 1.9078159e+00 1.8094416e+00 1.6814126e+00 1.6420971e+00 1.3955147e+00 9.3155363e-04 0.0000000e+00 1.4415860e+00 1.9685276e+00 2.2217882e+00 2.4290936e+00 2.7320580e+00 2.9876878e+00 3.1790010e+00 3.7032875e+00 4.0836045e+00 4.4278855e+00 4.7223439e+00 4.9157050e+00 4.9806595e+00 5.0676318e+00 5.1611386e+00 5.2478892e+00 5.3366442e+00 5.4281520e+00 5.4795237e+00 5.5314505e+00 5.5731120e+00 5.5725043e+00 5.6366394e+00 5.7199746e+00 5.7585446e+00 5.8287343e+00 5.8428452e+00 5.8805818e+00 5.9254505e+00 5.9626609e+00 5.9830677e+00 5.9477311e+00 5.8623293e+00 5.7648048e+00 5.5690036e+00 5.3941607e+00 5.3872271e+00 5.2333805e+00 5.0783075e+00
2.4486022e+00 2.3443800e+00 2.2816418e+00 2.1562751e+00 1.9975539e+00 1.8792899e+00 1.7434168e+00 1.6308285e+00 1.5186054e+00 6.3081100e-01 0.0000000e+00 0.0000000e+00 1.5440237e+00 2.2443159e+00 2.4640042e+00 2.8071061e+00 3.1522914e+00 3.4105080e+00 3.8809760e+00 4.1901940e+00 4.4555987e+00 4.6698839e+00 4.8117200e+00 4.9499084e+00 5.0848184e+00 5.1867032e+00 5.2809246e+00 5.3667292e+00 5.4521361e+00 5.5363001e+00 5.5832802e+00 5.5818800e+00 5.6243044e+00 5.6766673e+00 5.7539703e+00 5.8125435e+00 5.8820378e+00 5.8961868e+00 5.9291614e+00 5.9654988e+00 6.0107545e+00 5.9931643e+00 5.9474390e+00 5.8699996e+00 5.8367220e+00 5.8202954e+00 5.6921247e+00 5.5423538e+00 5.3884262e+00 5.3613862e+00
2.8145483e+00 2.6617095e+00 2.5260494e+00 2.3392858e+00 2.1365684e+00 1.9779312e+00 1.8258000e+00 1.6899772e+00 1.6228440e+00 1.6076073e+00 3.5431371e-01 0.0000000e+00 3.9872084e-01 2.4056748e+00 2.4479836e+00 2.8714981e+00 3.3291023e+00 3.6648895e+00 3.8984122e+00 4.2422190e+00 4.4722084e+00 4.6246079e+00 4.7888637e+00 4.9290095e+00 5.0694179e+00 5.1957322e+00 5.2866794e+00 5.3869303e+00 5.4802411e+00 5.5663968e+00 5.6071153e+00 5.5973264e+00 5.6636708e+00 5.7178607e+00 5.8039925e+00 5.8626404e+00 5.9151434e+00 5.9155464e+00 5.9537778e+00 6.0138385e+00 6.0217134e+00 6.0150348e+00 5.9836221e+00 5.9162524e+00 5.9339505e+00 5.9436589e+00 5.8623571e+00 5.7120467e+00 5.6708544e+00 5.6146039e+00
3.2795968e+00 3.0546530e+00 2.8471475e+00 2.6032856e+00 2.3464228e+00 2.1107693e+00 1.9292162e+00 1.7877942e+00 1.6584752e+00 1.6608172e+00 1.2591118e+00 0.0000000e+00 0.0000000e+00 2.1185425e+00 2.4207401e+00 2.7916958e+00 3.2587163e+00 3.6791350e+00 3.9677331e+00 4.1744848e+00 4.4071201e+00 4.6009711e+00 4.7575666e+00 4.9245906e+00 5.0542694e+00 5.1777599e+00 5.3018824e+00 5.4091718e+00 5.4989100e+00 5.5590022e+00 5.5918030e+00 5.6469866e+00 5.7187993e+00 5.7605142e+00 5.8283108e+00 5.8807591e+00 5.9440288e+00 5.9379880e+00 5.9659826e+00 6.0293576e+00 6.0551212e+00 6.0563595e+00 6.0416341e+00 5.9595139e+00 5.9400465e+00 5.9541357e+00 5.9249795e+00 5.9215232e+00 5.8804910e+00 5.8038924e+00
3.7096601e+00 3.4179895e+00 3.1473812e+00 2.8224694e+00 2.4929055e+00 2.2033652e+00 1.9822754e+00 1.8320261e+00 1.7138622e+00 1.6515100e+00 1.5028264e+00 3.9845412e-02 0.0000000e+00 8.8325364e-04 2.4655995e+00 2.6270596e+00 3.0838340e+00 3.5040000e+00 3.8426723e+00 4.1595957e+00 4.3030558e+00 4.5145218e+00 4.7144822e+00 4.8740774e+00 5.0333435e+00 5.1551244e+00 5.2887880e+00 5.4145325e+00 5.4951102e+00 5.4981115e+00 5.5958964e+00 5.7205299e+00 5.7525414e+00 5.7531066e+00 5.8405469e+00 5.8822980e+00 5.9406210e+00 5.9791200e+00 5.9808689e+00 6.0146583e+00 6.0657650e+00 6.0783442e+00 6.0922761e+00 6.0445513e+00 6.0442464e+00 6.0665763e+00 6.0401183e+00 6.0234368e+00 5.9799924e+00 5.8646724e+00
4.1474749e+00 3.7532328e+00 3.4157726e+00 2.9901019e+00 2.5782703e+00 2.2434023e+00 2.0044669e+00 1.8507650e+00 1.7521303e+00 1.6723710e+00 1.6048795e+00 1.5563837e+00 8.1127955e-04 0.0000000e+00 1.4349604e+00 2.5405333e+00 2.8533270e+00 3.2720292e+00 3.5966991e+00 3.9820630e+00 4.2493319e+00 4.3703626e+00 4.6202945e+00 4.7885390e+00 4.9445918e+00 5.1200767e+00 5.2411587e+00 5.3778366e+00 5.4730502e+00 5.4790966e+00 5.6335636e+00 5.7396978e+00 5.7726599e+00 5.7719051e+00 5.8310580e+00 5.9036740e+00 5.9457570e+00 6.0224378e+00 6.0118007e+00 6.0313264e+00 6.0789557e+00 6.1164051e+00 6.1308439e+00 6.1191684e+00 6.1393257e+00 6.1503444e+00 6.1078747e+00 6.0600799e+00 6.0118231e+00 5.9556452e+00
4.6383398e+00 4.1509964e+00 3.7034200e+00 3.1700361e+00 2.6437418e+00 2.2400514e+00 1.9923229e+00 1.9007224e+00 1.8635570e+00 1.7677659e+00 1.6919252e+00 1.7507288e+00 1.3003325e+00 0.0000000e+00 0.0000000e+00 2.2448880e+00 2.6764969e+00 2.9940016e+00 3.3337086e+00 3.7281193e+00 4.0636815e+00 4.2949619e+00 4.4440278e+00 4.6857869e+00 4.8512610e+00 5.0119137e+00 5.1799084e+00 5.3162647e+00 5.4374739e+00 5.4843626e+00 5.6411436e+00 5.7526600e+00 5.8145353e+00 5.7950130e+00 5.8499163e+00 5.9134134e+00 5.9641581e+00 6.0256030e+00 5.9996340e+00 6.0638105e+00 6.1142524e+00 6.1517864e+00 6.1647226e+00 6.1704099e+00 6.1814059e+00 6.1835252e+00 6.1426490e+00 6.1188261e+00 6.0888368e+00 6.0513373e+00
5.1720092e+00 4.6068276e+00 4.0351665e+00 3.3445562e+00 2.6533415e+00 2.1121856e+00 1.8471956e+00 1.6981975e+00 1.3801351e+00 1.8277995e+00 1.9064772e+00 1.8457699e+00 1.7631870e+00 3.6116601e-02 0.0000000e+00 8.9207176e-04 2.5069424e+00 2.7111277e+00 3.0708066e+00 3.5203583e+00 3.9227007e+00 4.2641811e+00 4.3364338e+00 4.4656750e+00 4.6715823e+00 4.8638759e+00 5.0840843e+00 5.2195959e+00 5.3687991e+00 5.4643265e+00 5.5784520e+00 5.7152107e+00 5.8300473e+00 5.8394046e+00 5.8742707e+00 5.9484826e+00 5.9758831e+00 6.0424136e+00 6.0290404e+00 6.0828962e+00 6.1258894e+00 6.1773360e+00 6.2028445e+00 6.2028734e+00 6.1970382e+00 6.1977974e+00 6.2024383e+00 6.1688102e+00 6.1412768e+00 6.1126899e+00
5.7656719e+00 5.1509054e+00 4.4477318e+00 3.5277659e+00 2.6173789e+00 1.7584389e+00 8.9153771e-01 8.0824168e-01 4.2111482e-04 1.6124981e+00 2.2603983e+00 2.1733700e+00 2.0512101e+00 1.4395300e+00 0.0000000e+00 0.0000000e+00 1.8082158e+00 2.5150699e+00 2.8111525e+00 3.2539062e+00 3.6995246e+00 4.0983949e+00 4.3041184e+00 4.3445439e+00 4.4654696e+00 4.6636695e+00 4.8900565e+00 5.1023967e+00 5.2752122e+00 5.4417973e+00 5.6097135e+00 5.6619332e+00 5.7714497e+00 5.8201074e+00 5.8945366e+00 5.9591384e+00 5.9923150e+00 6.0697977e+00 6.0641270e+00 6.1319562e+00 6.1889244e+00 6.2145706e+00 6.2513298e+00 6.2392378e+00 6.2098161e+00 6.2073905e+00 6.2346783e+00 6.2145601e+00 6.1527476e+00 6.1255830e+00
6.4785456e+00 5.7719036e+00 4.9479324e+00 3.8073663e+00 2.6216757e+00 1.5516951e+00 7.9806734e-01 1.3283396e+00 1.1810455e+00 1.8987464e+00 2.6870812e+00 2.6675417e+00 2.4769516e+00 1.9551195e+00 5.3918877e-01 0.0000000e+00 0.0000000e+00 2.5995042e+00 2.6677067e+00 2.9644265e+00 3.4171182e+00 3.8282464e+00 4.1455811e+00 4.3084441e+00 4.2686471e+00 4.3482280e+00 4.5702926e+00 4.8469494e+00 5.0949247e+00 5.3933528e+00 5.6910906e+00 5.7317992e+00 5.7386675e+00 5.8041567e+00 5.8802537e+00 5.9586307e+00 6.0113486e+00 6.0899854e+00 6.0900142e+00 6.1315597e+00 6.1898892e+00 6.2417506e+00 6.2929140e+00 6.2473957e+00 6.2087723e+00 6.1882268e+00 6.2079356e+00 6.2136464e+00 6.1991405e+00 6.1489093e+00
7.1595471e+00 6.4044513e+00 5.4887716e+00 4.1769373e+00 2.7872085e+00 1.8149678e+00 1.6214630e+00 1.5425888e+00 1.2249116e-01 2.3450801e+00 3.2111114e+00 3.2422831e+00 3.0879195e+00 2.6271419e+00 2.0730896e+00 7.4595006e-01 0.0000000e+00 6.5417939e-01 2.5142033e+00 2.7343278e+00 3.1606142e+00 3.5723378e+00 3.9023254e+00 4.1351398e+00 4.1901251e+00 4.0712103e+00 4.1520440e+00 4.4560071e+00 4.7967881e+00 5.1300756e+00 5.2669299e+00 5.5388566e+00 5.6668320e+00 5.7002855e+00 5.8178323e+00 5.9190240e+00 6.0019879e+00 6.0905137e+00 6.1179045e+00 6.1641366e+00 6.2098662e+00 6.2613051e+00 6.3037105e+00 6.2119515e+00 6.1582310e+00 6.1161641e+00 6.1325156e+00 6.1584237e+00 6.1801194e+00 6.1886123e+00
