presentation/data/depth_0025.asc
ncols     164
nrows     146
xllcorner -1.242151388888889e+02
yllcorner  4.172986111111111e+01
cellsize  2.777777777820000e-04
nodata_value       -9999
[rows 44 to 65 of 146, columns 50 to 99 of 164]
0.0000000e+00 0.0000000e+00 0.0000000e+00 0.0000000e+00 0.0000000e+00 0.0000000e+00 0.0000000e+00 0.0000000e+00 0.0000000e+00 0.0000000e+00 0.0000000e+00 0.0000000e+00 0.0000000e+00 0.0000000e+00 0.0000000e+00 0.0000000e+00 9.4484487e-04 5.1463889e-01 5.6149271e-01 5.5830789e-01 5.5755454e-01 5.5737904e-01 5.5610737e-01 5.5612460e-01 5.5568277e-01 5.5547872e-01 5.5892804e-01 5.5497950e-01 5.5392129e-01 5.5272109e-01 5.5170806e-01 5.4157155e-01 4.5394303e-01 3.6460032e-01 3.5641916e-01 3.4198131e-01 3.6393926e-01 3.6796372e-01 4.3003559e-01 6.4597880e-01 8.0220818e-01 8.1769569e-01 8.1758349e-01 8.1498539e-01 8.1716516e-01 8.1295636e-01 7.9850649e-01 6.2159606e-01 5.0958752e-01 5.1249442e-01
0.0000000e+00 0.0000000e+00 0.0000000e+00 0.0000000e+00 0.0000000e+00 0.0000000e+00 0.0000000e+00 0.0000000e+00 0.0000000e+00 0.0000000e+00 0.0000000e+00 0.0000000e+00 0.0000000e+00 0.0000000e+00 0.0000000e+00 0.0000000e+00 0.0000000e+00 8.4698458e-04 5.0554096e-01 5.5577164e-01 5.5782337e-01 5.5772799e-01 5.5456969e-01 5.5793220e-01 5.5790662e-01 5.5769141e-01 5.5748048e-01 5.5597342e-01 5.5480278e-01 5.5364249e-01 5.4115385e-01 4.5416938e-01 3.2040797e-01 2.5479694e-01 2.3440256e-01 2.2662425e-01 2.2317881e-01 2.2512186e-01 3.3705289e-01 7.5853666e-01 8.0873442e-01 8.0649752e-01 8.0661352e-01 8.0658049e-01 7.9867734e-01 7.2325456e-01 6.0293213e-01 5.0833259e-01 5.0172911e-01 5.0374017e-01
0.0000000e+00 0.0000000e+00 0.0000000e+00 0.0000000e+00 0.0000000e+00 0.0000000e+00 0.0000000e+00 0.0000000e+00 0.0000000e+00 0.0000000e+00 0.0000000e+00 0.0000000e+00 0.0000000e+00 0.0000000e+00 0.0000000e+00 0.0000000e+00 0.0000000e+00 0.0000000e+00 0.0000000e+00 9.8516263e-04 4.4650921e-01 5.5111372e-01 5.5430345e-01 5.5731556e-01 5.5799298e-01 5.5806831e-01 5.5510739e-01 5.5613875e-01 5.4796511e-01 5.2816677e-01 4.6718994e-01 3.2027382e-01 2.2647380e-01 1.9071057e-01 1.7032736e-01 1.6405215e-01 1.9734701e-01 3.3336062e-01 5.9954928e-01 7.7662904e-01 8.0217679e-01 8.0251296e-01 8.0253602e-01 8.0034925e-01 7.8879680e-01 6.9404780e-01 5.0950137e-01 4.9740684e-01 4.9733201e-01 5.0220946e-01
0.0000000e+00 0.0000000e+00 0.0000000e+00 0.0000000e+00 0.0000000e+00 0.0000000e+00 0.0000000e+00 0.0000000e+00 0.0000000e+00 0.0000000e+00 0.0000000e+00 0.0000000e+00 0.0000000e+00 0.0000000e+00 0.0000000e+00 0.0000000e+00 0.0000000e+00 0.0000000e+00 0.0000000e+00 0.0000000e+00 0.0000000e+00 8.6037718e-04 4.9590486e-01 5.5440735e-01 5.5828249e-01 5.5730782e-01 5.3332084e-01 4.9987446e-01 4.4902106e-01 3.7940710e-01 2.8673882e-01 2.2109754e-01 1.8953563e-01 1.8636437e-01 2.0513115e-01 2.5571565e-01 3.2612710e-01 5.1927837e-01 6.2554309e-01 7.5543990e-01 7.5708547e-01 6.9718771e-01 6.6457594e-01 5.9266857e-01 5.7865398e-01 5.1875825e-01 4.9279058e-01 4.8900220e-01 4.9126119e-01 5.2679545e-01
0.0000000e+00 0.0000000e+00 0.0000000e+00 0.0000000e+00 0.0000000e+00 0.0000000e+00 0.0000000e+00 0.0000000e+00 0.0000000e+00 0.0000000e+00 0.0000000e+00 0.0000000e+00 0.0000000e+00 0.0000000e+00 0.0000000e+00 0.0000000e+00 0.0000000e+00 0.0000000e+00 0.0000000e+00 0.0000000e+00 0.0000000e+00 0.0000000e+00 9.1553751e-04 1.9933433e-01 3.5631769e-01 3.5983569e-01 2.8200202e-01 1.9951926e-01 1.8121645e-01 1.7317321e-01 1.9772398e-01 2.5076511e-01 2.3582334e-01 2.1354528e-01 2.7701760e-01 3.5598996e-01 4.0182141e-01 4.3094123e-01 4.4819938e-01 4.9721549e-01 5.1816460e-01 4.9160497e-01 4.8887073e-01 4.8660461e-01 4.8574760e-01 4.8463684e-01 4.8986293e-01 6.4795020e-01 6.7456692e-01 6.9761929e-01
0.0000000e+00 0.0000000e+00 0.0000000e+00 0.0000000e+00 0.0000000e+00 0.0000000e+00 0.0000000e+00 0.0000000e+00 0.0000000e+00 0.0000000e+00 0.0000000e+00 0.0000000e+00 0.0000000e+00 0.0000000e+00 0.0000000e+00 0.0000000e+00 0.0000000e+00 0.0000000e+00 0.0000000e+00 0.0000000e+00 0.0000000e+00 0.0000000e+00 0.0000000e+00 9.6155635e-04 9.3693385e-04 9.5581516e-04 9.9926412e-04 1.0533365e-02 4.7160855e-02 2.1510492e-01 3.7126811e-01 4.1163333e-01 4.0736965e-01 3.8405804e-01 3.9463220e-01 4.1524624e-01 4.3770474e-01 4.5004700e-01 4.5838344e-01 4.6597224e-01 4.7242669e-01 4.6803694e-01 4.6941509e-01 4.7016346e-01 4.7307568e-01 5.0947280e-01 8.7262724e-01 1.4480554e+00 1.5079562e+00 1.4557602e+00
0.0000000e+00 0.0000000e+00 0.0000000e+00 0.0000000e+00 0.0000000e+00 0.0000000e+00 0.0000000e+00 0.0000000e+00 0.0000000e+00 0.0000000e+00 0.0000000e+00 0.0000000e+00 0.0000000e+00 0.0000000e+00 0.0000000e+00 0.0000000e+00 0.0000000e+00 0.0000000e+00 0.0000000e+00 0.0000000e+00 0.0000000e+00 0.0000000e+00 0.0000000e+00 9.9976153e-04 9.8381191e-04 9.9904202e-04 1.9820602e-03 1.0112443e-01 3.8154764e-01 5.2856293e-01 5.5998117e-01 5.7266848e-01 5.6022324e-01 5.4175999e-01 4.9990100e-01 4.6716724e-01 4.4611244e-01 4.4299546e-01 4.4686913e-01 4.5553422e-01 4.6401629e-01 4.6485404e-01 4.8686686e-01 5.6116311e-01 7.9688956e-01 1.1625492e+00 1.5234367e+00 1.5762234e+00 1.4960136e+00 1.1689752e+00
0.0000000e+00 0.0000000e+00 0.0000000e+00 0.0000000e+00 0.0000000e+00 0.0000000e+00 0.0000000e+00 0.0000000e+00 0.0000000e+00 0.0000000e+00 0.0000000e+00 0.0000000e+00 0.0000000e+00 0.0000000e+00 0.0000000e+00 0.0000000e+00 0.0000000e+00 0.0000000e+00 0.0000000e+00 0.0000000e+00 0.0000000e+00 0.0000000e+00 0.0000000e+00 9.9929054e-04 9.9637974e-04 9.9743446e-04 2.0509595e-01 4.9694705e-01 5.9820516e-01 6.1024287e-01 6.1136657e-01 6.1996261e-01 6.2289033e-01 6.2653847e-01 6.2118595e-01 6.0405727e-01 5.5740079e-01 4.9816052e-01 4.6286224e-01 4.6846895e-01 7.5310025e-01 1.1175972e+00 1.1980170e+00 1.4200724e+00 1.5042686e+00 1.4372502e+00 1.2369492e+00 9.9920718e-01 6.7300348e-01 5.1214017e-01
0.0000000e+00 0.0000000e+00 0.0000000e+00 0.0000000e+00 0.0000000e+00 0.0000000e+00 0.0000000e+00 0.0000000e+00 0.0000000e+00 0.0000000e+00 0.0000000e+00 0.0000000e+00 0.0000000e+00 0.0000000e+00 0.0000000e+00 0.0000000e+00 0.0000000e+00 0.0000000e+00 0.0000000e+00 0.0000000e+00 0.0000000e+00 0.0000000e+00 9.9832461e-04 9.9908049e-04 2.4004015e-01 4.2589969e-01 5.3009232e-01 6.1630447e-01 6.0367911e-01 6.0084435e-01 6.0518928e-01 6.1360644e-01 6.2443068e-01 6.3373890e-01 6.4552509e-01 6.5603740e-01 6.4716121e-01 6.2603172e-01 5.6514269e-01 5.0092587e-01 7.7776984e-01 1.2897873e+00 1.2960748e+00 1.0568254e+00 7.8522383e-01 5.8932947e-01 5.0249675e-01 4.7698008e-01 4.7397277e-01 4.7367567e-01
0.0000000e+00 0.0000000e+00 0.0000000e+00 0.0000000e+00 0.0000000e+00 0.0000000e+00 0.0000000e+00 0.0000000e+00 0.0000000e+00 0.0000000e+00 0.0000000e+00 0.0000000e+00 0.0000000e+00 0.0000000e+00 0.0000000e+00 0.0000000e+00 0.0000000e+00 0.0000000e+00 0.0000000e+00 0.0000000e+00 0.0000000e+00 0.0000000e+00 9.9867368e-04 4.5353950e-01 6.9939443e-01 6.7796921e-01 6.2668309e-01 5.8918411e-01 5.8181954e-01 5.8669527e-01 5.9675131e-01 6.1133065e-01 6.3345911e-01 6.4826530e-01 6.4851304e-01 6.5530697e-01 6.6097448e-01 6.6038847e-01 6.4967792e-01 5.8712120e-01 4.9996936e-01 5.5021482e-01 5.6843792e-01 5.3587707e-01 5.3094504e-01 5.2518375e-01 5.1477759e-01 5.0251371e-01 4.9325843e-01 4.9380007e-01
0.0000000e+00 0.0000000e+00 0.0000000e+00 0.0000000e+00 0.0000000e+00 0.0000000e+00 0.0000000e+00 0.0000000e+00 0.0000000e+00 0.0000000e+00 0.0000000e+00 0.0000000e+00 0.0000000e+00 0.0000000e+00 0.0000000e+00 0.0000000e+00 0.0000000e+00 0.0000000e+00 0.0000000e+00 0.0000000e+00 0.0000000e+00 9.9668674e-04 9.8700499e-04 5.1401832e-01 6.7001968e-01 6.1952303e-01 5.7968171e-01 5.6630874e-01 5.6575190e-01 5.8092448e-01 6.2815570e-01 7.1114419e-01 7.9842589e-01 8.4736641e-01 7.6434576e-01 7.2523816e-01 7.2991079e-01 6.7569657e-01 5.5922215e-01 5.2002766e-01 5.2827709e-01 5.4968478e-01 5.9233209e-01 5.9079357e-01 5.8828785e-01 5.8830957e-01 5.8865979e-01 5.8165735e-01 5.7272354e-01 5.6760639e-01
0.0000000e+00 0.0000000e+00 0.0000000e+00 0.0000000e+00 0.0000000e+00 0.0000000e+00 0.0000000e+00 0.0000000e+00 0.0000000e+00 0.0000000e+00 0.0000000e+00 0.0000000e+00 0.0000000e+00 0.0000000e+00 0.0000000e+00 0.0000000e+00 0.0000000e+00 0.0000000e+00 0.0000000e+00 0.0000000e+00 0.0000000e+00 9.9975874e-04 9.8561836e-04 3.7718764e-01 5.8966313e-01 5.7636579e-01 5.6153676e-01 5.7766861e-01 6.3313451e-01 7.2742292e-01 8.3739898e-01 9.4658377e-01 1.0220610e+00 1.0865494e+00 9.5360280e-01 8.2288348e-01 7.5978576e-01 6.6105826e-01 5.5164733e-01 6.8768642e-01 7.8518774e-01 7.9953460e-01 7.1011540e-01 6.3570588e-01 6.0371020e-01 5.9395378e-01 5.9883609e-01 6.0088664e-01 5.9915354e-01 6.0019639e-01
0.0000000e+00 0.0000000e+00 0.0000000e+00 0.0000000e+00 0.0000000e+00 0.0000000e+00 0.0000000e+00 0.0000000e+00 0.0000000e+00 0.0000000e+00 0.0000000e+00 0.0000000e+00 0.0000000e+00 0.0000000e+00 0.0000000e+00 0.0000000e+00 0.0000000e+00 0.0000000e+00 0.0000000e+00 0.0000000e+00 9.9865818e-04 1.0604146e-03 9.7011097e-04 2.3888608e-01 4.5116855e-01 5.7148963e-01 6.7315809e-01 7.9092116e-01 9.7075112e-01 1.0441415e+00 1.0764697e+00 1.1717698e+00 1.2466936e+00 1.2838639e+00 1.1542807e+00 1.1159669e+00 9.7663745e-01 8.5206350e-01 1.0592704e+00 1.4646061e+00 1.7246957e+00 1.6661541e+00 1.4743370e+00 1.1670170e+00 8.4992018e-01 6.4826265e-01 6.0453798e-01 5.9327963e-01 5.9413280e-01 5.9414876e-01
0.0000000e+00 0.0000000e+00 0.0000000e+00 0.0000000e+00 0.0000000e+00 0.0000000e+00 0.0000000e+00 0.0000000e+00 0.0000000e+00 0.0000000e+00 0.0000000e+00 0.0000000e+00 0.0000000e+00 0.0000000e+00 0.0000000e+00 0.0000000e+00 0.0000000e+00 0.0000000e+00 0.0000000e+00 0.0000000e+00 9.9852659e-04 9.9897102e-04 9.9976083e-04 1.0202572e-01 4.0052271e-01 6.6302876e-01 8.7508778e-01 1.0646993e+00 1.3163005e+00 1.4547740e+00 1.5001695e+00 1.4010313e+00 1.4089912e+00 1.4705784e+00 1.4243850e+00 1.4154571e+00 1.3042259e+00 1.3800932e+00 1.7620822e+00 1.9001845e+00 1.7044566e+00 1.7102896e+00 1.8352140e+00 1.8652462e+00 1.6484230e+00 1.3708294e+00 1.1603829e+00 9.9831704e-01 9.2152461e-01 9.0094280e-01
0.0000000e+00 0.0000000e+00 0.0000000e+00 0.0000000e+00 0.0000000e+00 0.0000000e+00 0.0000000e+00 0.0000000e+00 0.0000000e+00 0.0000000e+00 0.0000000e+00 0.0000000e+00 0.0000000e+00 0.0000000e+00 0.0000000e+00 0.0000000e+00 0.0000000e+00 0.0000000e+00 0.0000000e+00 9.9885409e-04 9.9934248e-04 1.1241446e-03 1.0031653e-03 1.6812642e-01 5.0863465e-01 8.0409220e-01 1.0596808e+00 1.3522902e+00 1.6987399e+00 1.8232453e+00 1.8818253e+00 1.9651213e+00 1.8492448e+00 1.8152065e+00 1.8036695e+00 1.6852218e+00 1.6026180e+00 1.8077984e+00 1.8221786e+00 1.3738614e+00 9.1851979e-01 8.4383781e-01 1.0309535e+00 1.3729093e+00 1.6654160e+00 1.7850313e+00 1.8276064e+00 1.7973332e+00 1.7694906e+00 1.7427079e+00
0.0000000e+00 0.0000000e+00 0.0000000e+00 0.0000000e+00 0.0000000e+00 0.0000000e+00 0.0000000e+00 0.0000000e+00 0.0000000e+00 0.0000000e+00 0.0000000e+00 0.0000000e+00 0.0000000e+00 0.0000000e+00 0.0000000e+00 0.0000000e+00 0.0000000e+00 0.0000000e+00 0.0000000e+00 9.9859336e-04 1.1208381e-03 2.1210154e-03 9.9604899e-04 1.4635758e-01 5.0903136e-01 8.1242311e-01 1.1181575e+00 1.4851602e+00 1.8402383e+00 2.0195849e+00 2.2120807e+00 2.3444984e+00 2.4283084e+00 2.2930300e+00 2.1196226e+00 2.1418655e+00 1.8138458e+00 1.8694149e+00 1.4135942e+00 8.5946945e-01 6.6630325e-01 6.3683083e-01 5.8882208e-01 6.4098690e-01 7.6013078e-01 9.4922529e-01 1.1558057e+00 1.3124377e+00 1.3958218e+00 1.4315389e+00
0.0000000e+00 0.0000000e+00 0.0000000e+00 0.0000000e+00 0.0000000e+00 0.0000000e+00 0.0000000e+00 0.0000000e+00 0.0000000e+00 0.0000000e+00 0.0000000e+00 0.0000000e+00 0.0000000e+00 0.0000000e+00 0.0000000e+00 0.0000000e+00 0.0000000e+00 0.0000000e+00 9.9989469e-04 9.9920650e-04 1.6251052e-03 2.3844266e-03 9.9368928e-04 2.5920051e-01 6.4148791e-01 9.8864992e-01 1.3452900e+00 1.8079923e+00 2.2778828e+00 2.4248590e+00 2.4691378e+00 2.4718754e+00 2.4726635e+00 2.4737016e+00 2.4623327e+00 2.1708930e+00 1.8565793e+00 1.8575065e+00 1.3870265e+00 7.9378138e-01 6.8210879e-01 6.4630810e-01 5.7204753e-01 5.3939981e-01 5.3017808e-01 5.4468115e-01 5.9508219e-01 6.1698454e-01 7.1050157e-01 7.6960960e-01
0.0000000e+00 0.0000000e+00 0.0000000e+00 0.0000000e+00 0.0000000e+00 0.0000000e+00 0.0000000e+00 0.0000000e+00 0.0000000e+00 0.0000000e+00 0.0000000e+00 0.0000000e+00 0.0000000e+00 0.0000000e+00 0.0000000e+00 0.0000000e+00 0.0000000e+00 9.9888492e-04 9.9880953e-04 1.2780579e-03 2.0675682e-03 2.3470452e-03 1.6837874e-03 4.7192794e-01 8.6908891e-01 1.2760063e+00 1.7638065e+00 2.2577393e+00 2.4517749e+00 2.4579220e+00 2.4560220e+00 2.4519151e+00 2.4504155e+00 2.4521016e+00 2.4116280e+00 2.0723784e+00 1.9383738e+00 1.7785151e+00 1.3080233e+00 7.8918828e-01 6.4403020e-01 6.0509786e-01 5.1651250e-01 4.8425834e-01 4.6937489e-01 5.0090619e-01 5.3445914e-01 5.8321229e-01 6.0000845e-01 6.2118261e-01
0.0000000e+00 0.0000000e+00 0.0000000e+00 0.0000000e+00 0.0000000e+00 0.0000000e+00 0.0000000e+00 0.0000000e+00 0.0000000e+00 0.0000000e+00 0.0000000e+00 0.0000000e+00 0.0000000e+00 0.0000000e+00 0.0000000e+00 0.0000000e+00 9.9912844e-04 9.9943958e-04 9.9980414e-04 1.8160182e-03 1.4430294e-03 9.8625802e-04 1.4201975e-01 5.9951137e-01 1.1122358e+00 1.7186596e+00 2.2252609e+00 2.4332630e+00 2.4380804e+00 2.4372490e+00 2.4338673e+00 2.4303183e+00 2.4303699e+00 2.4317654e+00 2.4113521e+00 2.2908448e+00 2.1130424e+00 1.7147130e+00 1.1592194e+00 7.7341227e-01 5.8843720e-01 4.6858917e-01 3.8913936e-01 3.5090148e-01 3.6631747e-01 4.0368391e-01 4.1207000e-01 4.3958643e-01 4.6473109e-01 5.0293563e-01
0.0000000e+00 0.0000000e+00 0.0000000e+00 0.0000000e+00 0.0000000e+00 0.0000000e+00 0.0000000e+00 0.0000000e+00 0.0000000e+00 0.0000000e+00 0.0000000e+00 0.0000000e+00 0.0000000e+00 0.0000000e+00 0.0000000e+00 9.9850691e-04 9.9896472e-04 9.9500548e-04 9.9713399e-04 2.5836429e-03 8.4662438e-03 1.6029971e-03 3.3181186e-01 8.2659470e-01 1.2378713e+00 1.9497933e+00 2.4183771e+00 2.4208451e+00 2.4163952e+00 2.4142984e+00 2.4117257e+00 2.4127983e+00 2.4074549e+00 2.3899050e+00 2.4023100e+00 2.3644144e+00 2.0067505e+00 1.4580698e+00 1.0295217e+00 6.8339063e-01 4.6962566e-01 3.2674984e-01 2.8455153e-01 3.1615484e-01 3.4662989e-01 3.6387003e-01 3.7955585e-01 3.9286920e-01 4.0484803e-01 4.1948857e-01
0.0000000e+00 0.0000000e+00 0.0000000e+00 0.0000000e+00 0.0000000e+00 0.0000000e+00 0.0000000e+00 0.0000000e+00 0.0000000e+00 0.0000000e+00 0.0000000e+00 0.0000000e+00 0.0000000e+00 0.0000000e+00 0.0000000e+00 9.9927604e-04 9.9709243e-04 6.9462396e-03 1.0154452e-02 9.6683078e-03 7.1165358e-03 9.7345389e-04 4.9888796e-01 1.0406693e+00 1.4454379e+00 1.8399563e+00 2.1473126e+00 2.3407494e+00 2.3886410e+00 2.3636560e+00 2.3630701e+00 2.1943237e+00 1.9807327e+00 3.0679537e+00 2.4951831e+00 2.1864178e+00 1.7399198e+00 1.3050030e+00 9.2006717e-01 5.4866349e-01 3.2166550e-01 2.3999484e-01 2.6530701e-01 2.9925222e-01 3.2730214e-01 3.4214885e-01 3.5585002e-01 3.6745680e-01 3.7765980e-01 3.8671863e-01
0.0000000e+00 0.0000000e+00 0.0000000e+00 0.0000000e+00 0.0000000e+00 0.0000000e+00 0.0000000e+00 0.0000000e+00 0.0000000e+00 0.0000000e+00 0.0000000e+00 0.0000000e+00 0.0000000e+00 0.0000000e+00 0.0000000e+00 1.3874078e-03 3.0187989e-03 4.2289275e-03 6.9891408e-03 9.4843966e-03 7.5051476e-03 9.7075341e-04 6.0612654e-01 1.1381654e+00 1.4069779e+00 1.4774458e+00 1.4644170e+00 1.7411059e+00 1.7965347e+00 1.5499938e+00 1.4880540e+00 1.7437031e+00 3.8517532e+00 4.1998011e+00 1.7422297e+00 1.8517521e+00 1.5414295e+00 1.1910200e+00 8.0134349e-01 4.3139031e-01 1.8063513e-01 1.7970350e-01 2.2165764e-01 2.5592912e-01 2.8311927e-01 3.0009003e-01 3.1745999e-01 3.3285950e-01 3.4600342e-01 3.5756941e-01
