presentation/data/depth_0025.asc
ncols     164
nrows     146
xllcorner -1.242151388888889e+02
yllcorner  4.172986111111111e+01
cellsize  2.777777777820000e-04
nodata_value       -9999
[rows 22 to 43 of 146, columns 100 to 149 of 164]
5.3598778e-01 5.2262438e-01 5.1285396e-01 4.0578324e-01 1.9813231e-01 9.9074034e-04 9.9817600e-04 9.9762105e-04 0.0000000e+00 0.0000000e+00 0.0000000e+00 0.0000000e+00 0.0000000e+00 0.0000000e+00 0.0000000e+00 0.0000000e+00 0.0000000e+00 0.0000000e+00 0.0000000e+00 0.0000000e+00 0.0000000e+00 0.0000000e+00 0.0000000e+00 0.0000000e+00 0.0000000e+00 0.0000000e+00 0.0000000e+00 9.8392877e-04 1.0573911e-01 1.8086462e-01 3.4268748e-01 4.5652117e-01 4.7623071e-01 4.6459999e-01 3.9564639e-01 3.6983902e-01 4.1194126e-01 4.7252672e-01 4.9807415e-01 6.1556312e-01 8.7395973e-01 5.5612986e-01 4.8442174e-01 4.8304506e-01 4.8103035e-01 4.8166169e-01 4.8199424e-01 4.8278760e-01 4.8285220e-01 3.9182428e-01
5.4238016e-01 5.2426314e-01 5.2509174e-01 5.2100582e-01 4.6553793e-01 2.7205620e-01 1.0515098e-02 9.8880137e-04 9.9793986e-04 9.9629978e-04 9.7907231e-04 4.5923414e-02 3.2316800e-01 7.1364441e-02 9.7167361e-04 0.0000000e+00 0.0000000e+00 0.0000000e+00 0.0000000e+00 0.0000000e+00 0.0000000e+00 0.0000000e+00 0.0000000e+00 0.0000000e+00 0.0000000e+00 9.7212275e-04 2.0656413e-01 4.1336941e-01 5.0701862e-01 5.1324149e-01 5.4347609e-01 5.4576444e-01 5.4333719e-01 5.4015641e-01 5.3583252e-01 5.2923299e-01 5.2398024e-01 5.1557545e-01 5.8288397e-01 8.6206427e-01 6.0067313e-01 4.9651259e-01 4.9415154e-01 4.9208950e-01 4.8872384e-01 4.8995877e-01 4.9045990e-01 4.9167469e-01 4.9532683e-01 4.6583698e-01
5.4642495e-01 5.2573694e-01 5.2641874e-01 5.2742014e-01 5.2697627e-01 4.7165725e-01 2.6458795e-01 2.8279496e-03 9.7872168e-04 9.9976216e-04 9.4580311e-04 2.4835105e-01 5.2214245e-01 5.3332031e-01 3.5971920e-01 1.6199571e-01 9.1403964e-04 0.0000000e+00 0.0000000e+00 0.0000000e+00 0.0000000e+00 0.0000000e+00 0.0000000e+00 9.6746256e-04 2.6130546e-01 4.5577998e-01 5.3232554e-01 5.4825321e-01 5.4923997e-01 5.4806173e-01 5.4920029e-01 5.4582422e-01 5.4322725e-01 5.4029004e-01 5.3648639e-01 5.3261166e-01 5.2565086e-01 5.8981102e-01 8.6774408e-01 6.6053713e-01 5.0875785e-01 5.0459973e-01 5.0169052e-01 4.9936042e-01 4.9988195e-01 4.9668359e-01 4.9653294e-01 4.9725872e-01 4.9929077e-01 4.9904122e-01
5.4812709e-01 5.2724462e-01 5.2788160e-01 5.3045253e-01 5.2920936e-01 5.2914185e-01 4.7307235e-01 2.6176472e-01 4.1880121e-02 9.9791718e-04 5.0711744e-02 2.6335613e-01 4.9967002e-01 5.5144716e-01 5.5059857e-01 5.4725052e-01 5.4037567e-01 2.9932913e-01 8.9391717e-04 0.0000000e+00 9.4113051e-04 9.1400828e-02 3.7382889e-01 5.0301345e-01 5.4422567e-01 5.4818940e-01 5.4733980e-01 5.4872269e-01 5.4853386e-01 5.4764159e-01 5.4657382e-01 5.4505693e-01 5.4295722e-01 5.4025381e-01 5.3686887e-01 5.3406962e-01 5.9084808e-01 9.0191210e-01 6.7459854e-01 5.2001295e-01 5.1492654e-01 5.1197198e-01 5.0800073e-01 5.0448142e-01 5.0393035e-01 5.0114719e-01 5.0007856e-01 4.9947712e-01 4.9745767e-01 4.9768927e-01
5.4935853e-01 5.2836427e-01 5.2899094e-01 5.3378353e-01 5.3093003e-01 5.3134905e-01 5.3129647e-01 4.9569007e-01 3.4384359e-01 2.0010787e-01 1.4531874e-01 2.1882865e-01 4.0911863e-01 5.2802562e-01 5.4793926e-01 5.4792401e-01 5.4727226e-01 5.4213800e-01 4.7648909e-01 4.3280311e-01 4.9380441e-01 5.3966905e-01 5.4731171e-01 5.4789682e-01 5.4800484e-01 5.4836283e-01 5.4475238e-01 5.4784989e-01 5.4764582e-01 5.4646163e-01 5.4660752e-01 5.4449893e-01 5.4261653e-01 5.4000783e-01 5.4489928e-01 6.7031882e-01 8.5696829e-01 6.3451869e-01 5.2623013e-01 5.4950130e-01 5.9370087e-01 5.9637806e-01 5.8502781e-01 5.4116408e-01 5.1228522e-01 5.0512352e-01 5.0336323e-01 5.0175873e-01 5.0306180e-01 4.9862279e-01
5.5172305e-01 5.2915945e-01 5.2966589e-01 5.3246674e-01 5.3130816e-01 5.3191790e-01 5.3299976e-01 5.3429949e-01 5.2259845e-01 4.7175157e-01 3.7414409e-01 2.7190862e-01 3.3791680e-01 4.6463146e-01 5.4060677e-01 5.4590210e-01 5.4592853e-01 5.4475017e-01 5.4554824e-01 5.4579047e-01 5.4597446e-01 5.4982706e-01 5.4721485e-01 5.4751263e-01 5.4703784e-01 5.4736255e-01 5.4657443e-01 5.4668293e-01 5.4618120e-01 5.4506742e-01 5.4516427e-01 5.4246649e-01 5.4477171e-01 6.3983613e-01 8.5028253e-01 8.8597486e-01 6.5650631e-01 6.0616413e-01 6.1592154e-01 6.0642672e-01 5.4819984e-01 5.2579939e-01 5.4114670e-01 5.9447762e-01 5.6777587e-01 5.0986112e-01 5.0500298e-01 5.0264952e-01 5.0167390e-01 4.9763374e-01
5.4201627e-01 5.2963298e-01 5.3009241e-01 5.3234402e-01 5.3150853e-01 5.3211033e-01 5.3312241e-01 5.3424425e-01 5.3569639e-01 5.3664643e-01 5.2779421e-01 4.9372743e-01 4.6314132e-01 4.7275688e-01 5.3455173e-01 5.4396092e-01 5.4394072e-01 5.4089125e-01 5.4413216e-01 5.4437873e-01 5.4460439e-01 5.4607855e-01 5.4522159e-01 5.4585707e-01 5.4555157e-01 5.4585337e-01 5.4376606e-01 5.4510106e-01 5.4456941e-01 5.4314442e-01 5.4533347e-01 5.9162924e-01 8.0091924e-01 9.9160417e-01 9.2100770e-01 6.9821226e-01 5.6041999e-01 5.5098823e-01 5.4799134e-01 5.2992325e-01 5.2131123e-01 5.1807435e-01 5.1507614e-01 5.1726222e-01 5.8172161e-01 5.8605883e-01 5.1317359e-01 5.0292500e-01 5.0200418e-01 4.9664656e-01
5.6119089e-01 5.3490102e-01 5.2986624e-01 5.2578610e-01 5.3063994e-01 5.3178184e-01 5.3261491e-01 5.3345869e-01 5.3452919e-01 5.3590154e-01 5.3708708e-01 5.3835529e-01 5.4225797e-01 5.3725094e-01 5.4101885e-01 5.4197235e-01 5.4203948e-01 5.4430511e-01 5.4262530e-01 5.4295830e-01 5.4333751e-01 5.4170633e-01 5.4377630e-01 5.4451992e-01 5.4426861e-01 5.4444320e-01 5.4575762e-01 5.4343711e-01 5.4233268e-01 5.6741384e-01 7.4048518e-01 9.5607748e-01 1.0003841e+00 7.4243551e-01 5.5514485e-01 5.3050339e-01 5.3282058e-01 5.2997405e-01 5.2750426e-01 5.2518741e-01 5.2244375e-01 5.1976044e-01 5.1687465e-01 5.1383084e-01 5.1831017e-01 5.7352846e-01 5.9528872e-01 5.1635102e-01 4.9951063e-01 4.9531555e-01
5.4043742e-01 5.5731232e-01 5.4602514e-01 5.3963042e-01 5.3214421e-01 5.3189050e-01 5.3200344e-01 5.3271434e-01 5.3370886e-01 5.3466073e-01 5.3569422e-01 5.3679756e-01 5.3694244e-01 5.3854243e-01 5.3924220e-01 5.4005895e-01 5.4020590e-01 5.4410320e-01 5.4096621e-01 5.4130248e-01 5.4169269e-01 5.4216935e-01 5.4249032e-01 5.4286287e-01 5.4280230e-01 5.4265041e-01 5.4191690e-01 5.4272131e-01 6.2752578e-01 9.2719592e-01 9.7453306e-01 8.5464863e-01 6.1908310e-01 5.4086749e-01 5.3648590e-01 5.3459885e-01 5.3278355e-01 5.3069597e-01 5.2860636e-01 5.2722704e-01 5.2412368e-01 5.2148802e-01 5.1867461e-01 5.1550346e-01 5.1554031e-01 5.0978972e-01 5.4871856e-01 6.0351784e-01 5.3681213e-01 4.9558428e-01
5.2863313e-01 5.3261940e-01 5.4640756e-01 5.6593148e-01 5.6167545e-01 5.6052777e-01 5.5614059e-01 5.4588716e-01 5.3424024e-01 5.3321463e-01 5.3416446e-01 5.3499032e-01 5.3568138e-01 5.3658307e-01 5.3719232e-01 5.3803242e-01 5.3826240e-01 5.3780552e-01 5.3927616e-01 5.3967879e-01 5.4013200e-01 5.3986433e-01 5.4098933e-01 5.4141341e-01 5.4165481e-01 5.4121775e-01 5.4832546e-01 7.1389676e-01 9.1420395e-01 6.7769549e-01 8.2006353e-01 6.7524080e-01 5.3913906e-01 5.3804504e-01 5.3639749e-01 5.3948665e-01 5.3352227e-01 5.3171574e-01 5.2984766e-01 5.2778272e-01 5.2551643e-01 5.2309287e-01 5.2034938e-01 5.1727255e-01 5.1403968e-01 5.0994646e-01 5.0565908e-01 5.2009921e-01 5.8865570e-01 5.6105254e-01
5.2790167e-01 5.2805613e-01 5.2831109e-01 5.2643436e-01 5.2932552e-01 5.3221179e-01 5.3811312e-01 5.5788961e-01 5.6416966e-01 5.3916481e-01 5.3254653e-01 5.3315451e-01 5.3284401e-01 5.3445905e-01 5.3517672e-01 5.3608780e-01 5.3643503e-01 5.3896909e-01 5.3766521e-01 5.3806181e-01 5.3862722e-01 5.3657940e-01 5.4253218e-01 5.4236660e-01 5.4238248e-01 6.3498482e-01 8.2542919e-01 8.4966734e-01 6.0482220e-01 5.6429313e-01 9.4805756e-01 6.1432280e-01 5.3908192e-01 5.3798471e-01 5.3692553e-01 5.3568377e-01 5.3432838e-01 5.3277598e-01 5.3103708e-01 5.3120143e-01 5.2710538e-01 5.2450899e-01 5.2188576e-01 5.1871746e-01 5.1619667e-01 5.1136037e-01 5.0670921e-01 5.0133292e-01 5.0394425e-01 5.3966744e-01
5.2705031e-01 5.2711783e-01 5.2726621e-01 5.2738647e-01 5.2776554e-01 5.2814058e-01 5.2855099e-01 5.2907596e-01 5.4238232e-01 5.6062524e-01 5.3078461e-01 5.3116571e-01 5.3187951e-01 5.3246999e-01 5.3314089e-01 5.3411281e-01 5.3450019e-01 5.3665055e-01 5.3591405e-01 5.3609857e-01 5.5070463e-01 6.7466765e-01 8.6927424e-01 8.5484944e-01 8.6638563e-01 1.0181659e+00 7.1745518e-01 5.5006818e-01 5.3962576e-01 6.6996636e-01 8.9136422e-01 5.5239873e-01 5.3938408e-01 5.3851773e-01 5.3758233e-01 5.3643440e-01 5.3525634e-01 5.3381713e-01 5.3217832e-01 5.3124365e-01 5.2830600e-01 5.2587425e-01 5.2332561e-01 5.2029962e-01 5.1798923e-01 5.1291893e-01 5.0846866e-01 5.0353119e-01 4.9902912e-01 4.9203855e-01
5.2596917e-01 5.2590122e-01 5.2594669e-01 5.2632215e-01 5.2635794e-01 5.2665546e-01 5.2699936e-01 5.2756263e-01 5.3109016e-01 5.6232259e-01 5.3037035e-01 5.2891325e-01 5.2755221e-01 5.3016995e-01 5.3116253e-01 5.3218991e-01 5.3277647e-01 5.3343278e-01 5.3368576e-01 5.4241242e-01 7.4992709e-01 1.3159520e+00 1.7685890e+00 1.7292263e+00 1.1771961e+00 7.1759664e-01 6.7803917e-01 6.4201183e-01 7.4761124e-01 8.7486687e-01 6.2034874e-01 5.4031216e-01 5.3985438e-01 5.3909781e-01 5.3835773e-01 5.3843347e-01 5.3618939e-01 5.3480265e-01 5.3318693e-01 5.3144689e-01 5.2953020e-01 5.2730182e-01 5.2481742e-01 5.2180124e-01 5.1864447e-01 5.1411635e-01 5.0951791e-01 5.0396512e-01 4.9928055e-01 4.9132075e-01
5.2487570e-01 5.2463745e-01 5.2455615e-01 5.2334200e-01 5.2467147e-01 5.2506118e-01 5.2531678e-01 5.2576230e-01 5.3080306e-01 5.6392810e-01 5.3310560e-01 5.2631682e-01 5.3189634e-01 5.2842549e-01 5.2898078e-01 5.3016298e-01 5.3024782e-01 5.2997553e-01 5.5470339e-01 7.1734085e-01 1.1293334e+00 1.8115722e+00 2.0036486e+00 1.8864268e+00 1.2634854e+00 8.5088663e-01 7.8949975e-01 8.6891854e-01 7.2081817e-01 5.8016139e-01 5.3877476e-01 5.4034579e-01 5.4010634e-01 5.3956300e-01 5.3889702e-01 5.3794354e-01 5.3681165e-01 5.3553150e-01 5.3405282e-01 5.3044455e-01 5.3062117e-01 5.2870831e-01 5.2626845e-01 5.2317185e-01 5.2328384e-01 5.1570936e-01 5.1121589e-01 5.0552237e-01 5.0204078e-01 4.8885713e-01
5.2372567e-01 5.2325947e-01 5.2301044e-01 5.2126711e-01 5.2294285e-01 5.2319911e-01 5.2340728e-01 5.2364657e-01 5.2097034e-01 5.6056700e-01 5.3056911e-01 5.2842505e-01 5.2720177e-01 5.2595500e-01 5.2674250e-01 5.2803059e-01 5.3366560e-01 5.4550354e-01 7.2387889e-01 1.2464048e+00 1.7297949e+00 1.8513553e+00 1.9162828e+00 1.5025177e+00 8.1846151e-01 5.4553979e-01 5.4007987e-01 5.4065824e-01 5.3926149e-01 5.3957525e-01 5.3882076e-01 5.4010889e-01 5.4012939e-01 5.3980217e-01 5.3920448e-01 5.3709034e-01 5.3728764e-01 5.3626988e-01 5.3506662e-01 5.3479628e-01 5.3242008e-01 5.3035227e-01 5.2790991e-01 5.2469730e-01 5.1728970e-01 5.1669397e-01 5.1260746e-01 5.0699838e-01 4.9910633e-01 3.9149132e-01
5.2263195e-01 5.2197119e-01 5.2158676e-01 5.2314765e-01 5.2161076e-01 5.2147342e-01 5.2144792e-01 5.2210560e-01 5.6498428e-01 9.5860691e-01 6.8122662e-01 8.0174412e-01 8.0659561e-01 6.8128866e-01 5.8327113e-01 6.0613170e-01 7.6669023e-01 9.8096999e-01 1.2585746e+00 1.7410451e+00 1.5949774e+00 1.6956545e+00 1.6491954e+00 9.2962300e-01 5.6988635e-01 5.3649891e-01 5.3835600e-01 5.3848294e-01 5.3920931e-01 5.3986299e-01 5.4194958e-01 5.4080504e-01 5.4068833e-01 5.4039230e-01 5.3974382e-01 5.3362819e-01 5.3806452e-01 5.3737977e-01 5.3643947e-01 5.3496758e-01 5.3390153e-01 5.3218485e-01 5.2968422e-01 5.2665933e-01 5.2661194e-01 5.0871553e-01 4.3208024e-01 3.2967706e-01 2.4506810e-01 7.5022960e-02
5.2149438e-01 5.2072458e-01 5.2028233e-01 5.1910007e-01 5.1994942e-01 5.2001234e-01 5.2024243e-01 5.2039269e-01 7.8081219e-01 1.3042456e+00 1.1871086e+00 1.5893464e+00 1.6230447e+00 1.4200399e+00 1.2103813e+00 1.2281200e+00 1.5491890e+00 1.7152947e+00 1.6418034e+00 1.4223674e+00 1.3014710e+00 1.7181686e+00 1.3853813e+00 7.3123550e-01 5.3728647e-01 5.3632540e-01 5.3662212e-01 5.3846399e-01 5.3920788e-01 5.3998178e-01 5.4081941e-01 5.4088537e-01 5.4093753e-01 5.4066994e-01 5.4000910e-01 5.3292988e-01 5.3894475e-01 5.3862325e-01 5.3781394e-01 5.4027526e-01 5.3581769e-01 5.3432437e-01 5.3112237e-01 5.2299845e-01 4.5634572e-01 2.6785567e-01 1.7823070e-02 0.0000000e+00 0.0000000e+00 0.0000000e+00
5.2022834e-01 5.1942571e-01 5.1884540e-01 5.1927513e-01 5.1844805e-01 5.1863746e-01 5.1890839e-01 5.6372072e-01 1.1333822e+00 1.4776898e+00 1.6953485e+00 1.4336836e+00 1.2183826e+00 1.4640032e+00 1.5904346e+00 1.5948016e+00 1.3991109e+00 1.0631840e+00 8.4576572e-01 9.1882602e-01 1.3493191e+00 1.7560559e+00 1.1471448e+00 6.3225181e-01 5.3284280e-01 5.2033858e-01 5.2050980e-01 5.3670572e-01 5.3949717e-01 5.4050138e-01 5.4407858e-01 5.4164557e-01 5.4136848e-01 5.4109056e-01 5.4035318e-01 5.4043428e-01 5.3987769e-01 5.4000836e-01 5.3938444e-01 5.4208886e-01 5.3711528e-01 5.3907401e-01 4.9811579e-01 3.2403526e-01 1.1065171e-03 0.0000000e+00 0.0000000e+00 0.0000000e+00 0.0000000e+00 0.0000000e+00
5.1904834e-01 5.1829627e-01 5.1774307e-01 5.1646952e-01 5.1709994e-01 5.1826150e-01 5.8457123e-01 8.9912813e-01 1.4759370e+00 1.7104782e+00 1.3118110e+00 8.0998483e-01 5.9989875e-01 6.9500828e-01 7.6411852e-01 7.7860241e-01 6.7253196e-01 5.7941501e-01 7.1810234e-01 1.1660665e+00 1.7319106e+00 1.4061643e+00 8.0272336e-01 5.3603732e-01 4.7717685e-01 4.0741705e-01 3.8593921e-01 4.7014006e-01 5.3126511e-01 5.3986885e-01 5.4277962e-01 5.4111607e-01 5.4099310e-01 5.4084614e-01 5.4032913e-01 5.3674512e-01 5.4086295e-01 5.4055076e-01 5.3937002e-01 5.3325168e-01 4.8639860e-01 3.8481874e-01 9.0406566e-02 0.0000000e+00 0.0000000e+00 0.0000000e+00 0.0000000e+00 0.0000000e+00 0.0000000e+00 0.0000000e+00
5.1780338e-01 5.1714995e-01 5.1680590e-01 5.1488752e-01 5.2288987e-01 6.4180679e-01 1.0136499e+00 1.3528346e+00 1.5355699e+00 1.2176374e+00 7.4202708e-01 5.3623905e-01 5.2101043e-01 5.2233216e-01 5.2432782e-01 5.2629256e-01 5.3028340e-01 6.8395642e-01 1.1796132e+00 1.7395285e+00 1.4695934e+00 8.7783750e-01 5.6446012e-01 4.3478443e-01 3.5103957e-01 2.7429957e-01 2.2862375e-01 2.8799526e-01 4.2951133e-01 5.2825145e-01 5.4019261e-01 5.4095074e-01 5.3251046e-01 5.0072408e-01 4.7089464e-01 4.8100052e-01 4.8818772e-01 4.7279383e-01 3.9373156e-01 2.3903272e-01 9.9066948e-04 0.0000000e+00 0.0000000e+00 0.0000000e+00 0.0000000e+00 0.0000000e+00 0.0000000e+00 0.0000000e+00 0.0000000e+00 0.0000000e+00
5.1715081e-01 5.1683833e-01 5.1708111e-01 5.3434009e-01 6.8475521e-01 9.9599297e-01 1.3640564e+00 1.5908451e+00 1.4375289e+00 9.9333131e-01 5.2687973e-01 5.1848973e-01 5.1936359e-01 5.2043338e-01 5.2156905e-01 5.2266342e-01 5.6167393e-01 9.2258594e-01 1.6431377e+00 1.4945069e+00 8.6149205e-01 5.7117471e-01 5.1873061e-01 4.1865164e-01 2.6261159e-01 1.5617583e-01 6.0423147e-02 5.9607675e-02 1.9925313e-01 4.1340709e-01 5.1615178e-01 5.4042183e-01 4.7692337e-01 2.6860983e-01 9.1522278e-02 3.8612128e-02 3.7394773e-02 2.7251020e-02 9.7462712e-04 0.0000000e+00 0.0000000e+00 0.0000000e+00 0.0000000e+00 0.0000000e+00 0.0000000e+00 0.0000000e+00 0.0000000e+00 0.0000000e+00 0.0000000e+00 0.0000000e+00
5.1606746e-01 5.1683832e-01 5.3592347e-01 6.5255857e-01 1.1199890e+00 1.4883027e+00 1.4831649e+00 1.3732877e+00 1.0822116e+00 5.8133163e-01 5.1661804e-01 5.1752345e-01 5.1750994e-01 5.1923676e-01 5.2065275e-01 5.2304150e-01 6.8577084e-01 1.2391936e+00 1.7538114e+00 1.1566722e+00 6.2858858e-01 5.2424996e-01 5.0474789e-01 3.7691197e-01 2.2399293e-01 8.6390849e-02 1.0427414e-03 1.8589781e-03 9.9927814e-04 4.5470812e-02 2.6308276e-01 4.1163687e-01 3.4360300e-01 8.1191917e-02 9.3626553e-04 0.0000000e+00 0.0000000e+00 0.0000000e+00 0.0000000e+00 0.0000000e+00 0.0000000e+00 0.0000000e+00 0.0000000e+00 0.0000000e+00 0.0000000e+00 0.0000000e+00 0.0000000e+00 0.0000000e+00 0.0000000e+00 0.0000000e+00
