presentation/data/depth_0021.asc
ncols     164
nrows     146
xllcorner -1.242151388888889e+02
yllcorner  4.172986111111111e+01
cellsize  2.777777777820000e-04
nodata_value       -9999
[rows 88 to 109 of 146, columns 100 to 149 of 164]
4.4954856e+00 3.4895032e+00 2.4726141e+00 2.9320297e+00 2.6715766e+00 1.9460223e+00 1.7512313e+00 1.6262476e+00 1.8968247e+00 3.4428362e+00 3.9696029e+00 2.7607587e+00 7.9222862e-01 4.0280678e-01 3.4002598e-02 2.4425854e-02 4.6104599e-01 8.8951758e-01 1.3567183e-01 1.7908056e-01 2.0572617e-01 7.4748323e-02 9.2692725e-04 8.0308391e-02 2.6326629e-01 4.4038396e-01 3.9764696e-01 2.3447054e-01 1.1432541e-01 1.7778610e-01 2.4114341e-01 1.2895166e-01 5.0040271e-02 2.0298230e-01 4.0534722e-01 3.0552048e-01 5.2534439e-01 8.6776436e-02 4.6174533e-02 1.2114994e-01 3.1072995e-01 5.3222791e-01 6.4929007e-01 4.7985145e-01 5.8175352e-01 2.3745095e-01 2.0008388e-01 9.1753582e-01 8.0238870e-01 8.5707039e-01
4.5784854e+00 4.2842614e+00 3.1519832e+00 2.8743545e+00 2.7536960e+00 2.5402629e+00 2.5047438e+00 3.2523403e+00 2.9941120e+00 3.1182629e+00 2.7003431e+00 2.9118400e+00 3.2088910e+00 3.4131993e+00 2.3470371e+00 1.6008059e+00 2.1314882e+00 2.7899157e+00 2.9032521e+00 1.2464357e+00 2.9488886e-02 8.9256787e-03 2.7122656e-02 1.1597639e-01 4.6624650e-02 1.6243814e-01 2.4426594e-01 2.6783600e-01 2.8607911e-01 1.9950727e-01 9.7515017e-02 5.0930498e-02 2.2335151e-01 4.8280438e-01 5.6910629e-01 4.1258456e-01 2.6041470e-01 2.6560951e-02 3.0200104e-02 9.5296618e-04 9.7629589e-04 1.3402333e-01 1.9099650e-01 2.5068034e-01 4.7648757e-01 5.3865748e-01 5.5839294e-01 5.9004916e-01 5.2456660e-01 5.7345111e-01
3.9568902e+00 3.9725948e+00 3.7338455e+00 3.5798819e+00 3.5483891e+00 3.9403271e+00 4.2645022e+00 3.9639788e+00 1.9252574e+00 1.5777253e+00 1.4673671e+00 2.0055816e+00 4.2547453e+00 4.6180313e+00 4.2077063e+00 4.0833245e+00 3.5028533e+00 3.2793365e+00 3.1311618e+00 3.0330999e+00 2.7597948e+00 1.9428576e+00 3.0724728e-01 2.7602994e-02 4.7483520e-02 1.4544832e-01 3.2673152e-01 2.9259156e-01 2.3687036e-01 1.6067369e-01 1.1656437e-01 3.4782741e-01 7.0731245e-01 7.7625089e-01 7.5473314e-01 6.2049265e-01 4.0225817e-01 6.0528485e-02 1.4030667e-02 2.3628070e-02 4.5373110e-02 9.0248271e-02 1.4961609e-01 8.7390291e-02 9.3860316e-04 9.3249657e-04 1.5383059e-01 2.6269201e-01 2.9256891e-01 2.7578004e-01
4.3485162e+00 4.5055849e+00 4.3736586e+00 4.3298787e+00 4.5993530e+00 4.2506417e+00 4.3341954e+00 4.8587763e+00 2.8408695e+00 2.0949001e+00 2.6915666e+00 1.6965224e+00 1.3429695e+00 3.4474959e+00 4.6411429e+00 4.3706286e+00 3.8898032e+00 3.8571475e+00 3.5576984e+00 3.2482351e+00 3.2249110e+00 3.1470957e+00 2.3903556e+00 1.9674219e+00 3.5000528e-01 8.8588155e-02 1.7557775e-01 2.4468121e-01 9.5686047e-02 7.2169060e-02 3.1863650e-01 6.7382839e-01 7.1927839e-01 8.1100481e-01 7.0502330e-01 6.0110053e-01 4.7745152e-01 3.5176468e-01 2.1085161e-01 4.2740503e-02 5.6999594e-02 1.1232660e-01 1.0993078e-01 4.6993932e-02 4.1019511e-02 5.9799361e-02 7.8517785e-02 8.8645417e-04 5.1395846e-02 1.8628549e-01
4.3132227e+00 4.4194051e+00 4.5122747e+00 4.8136023e+00 4.6186304e+00 4.2101799e+00 4.0599384e+00 4.2382604e+00 4.3766134e+00 3.4258839e+00 2.6372933e+00 3.3061926e+00 2.4619313e+00 3.9400173e+00 4.6373496e+00 4.5260982e+00 4.1861453e+00 4.2086279e+00 3.3747891e+00 3.2433098e+00 3.3082999e+00 2.7586032e+00 2.7348484e+00 3.5001229e+00 1.3343514e+00 7.8513892e-02 1.4004929e-01 6.4995927e-02 3.4525511e-02 2.5669486e-01 5.5265861e-01 6.1777843e-01 6.7155919e-01 7.9077221e-01 8.4857064e-01 6.4974990e-01 4.8099930e-01 3.4447047e-01 3.4563730e-01 3.4530028e-01 3.6130584e-01 3.0320795e-01 2.8780774e-01 2.3706129e-01 1.4372975e-01 1.1757068e-01 6.4018223e-02 5.1451936e-02 7.4519748e-02 1.5132189e-01
3.7671553e+00 3.9098394e+00 4.1493103e+00 4.5220473e+00 4.7189157e+00 4.1056666e+00 3.6881054e+00 4.1901194e+00 4.6574535e+00 5.2020570e+00 4.4628660e+00 4.7877611e+00 5.4634104e+00 5.4476453e+00 5.2023901e+00 4.7525191e+00 4.0692280e+00 3.6203301e+00 3.4343920e+00 3.2442161e+00 3.0995717e+00 1.6508963e+00 6.5309775e-04 1.2080874e+00 1.0568952e-03 1.6656566e-02 2.9401241e-02 2.0124573e-03 5.5861302e-01 6.6495932e-01 6.1404756e-01 5.1994504e-01 4.6428972e-01 4.6963451e-01 5.1454029e-01 4.7321107e-01 5.2218781e-01 6.2016148e-01 7.3079864e-01 7.3770800e-01 6.9247456e-01 6.3403431e-01 6.2940296e-01 5.8789292e-01 5.3654795e-01 4.4774726e-01 4.0409806e-01 3.3811889e-01 2.8631811e-01 1.7394948e-01
3.1490543e+00 3.4982911e+00 3.8075612e+00 4.1867168e+00 4.5784624e+00 4.8780358e+00 8.6917414e-04 1.6114709e+00 3.6878573e+00 5.7444982e+00 5.7087750e+00 5.4762159e+00 5.5478653e+00 5.6729893e+00 5.4413403e+00 5.1458583e+00 4.3997037e+00 3.8478279e+00 3.6859428e+00 3.5047588e+00 2.9346790e+00 2.3364072e+00 9.6869669e-01 9.6255767e-04 1.6203332e-03 9.9677633e-04 1.8482049e-03 2.6643694e+00 2.7721667e+00 2.1120317e+00 2.0180092e+00 1.6655873e+00 1.5187699e+00 1.5364905e+00 1.3687510e+00 1.2916218e+00 1.0940470e+00 1.0610722e+00 1.0278842e+00 1.0083616e+00 8.9316500e-01 8.7852319e-01 9.1567152e-01 9.8567222e-01 1.0850625e+00 1.0261565e+00 8.8725493e-01 7.9861748e-01 6.9181474e-01 5.4302085e-01
2.8779414e+00 3.2625794e+00 3.6417968e+00 4.0550360e+00 4.5210794e+00 5.1043848e+00 5.0139245e+00 4.0731096e+00 3.5109455e+00 5.0198735e+00 6.0085705e+00 6.1529941e+00 5.9655996e+00 5.7225273e+00 5.5164794e+00 5.3183141e+00 5.0749097e+00 4.7329730e+00 4.2246577e+00 3.6017262e+00 3.3506531e+00 1.3926607e+00 8.1695546e-04 5.7584044e-04 9.9648994e-04 8.3045480e-04 2.4757097e+00 4.7632081e+00 4.4924089e+00 4.1637226e+00 4.1736869e+00 4.1062281e+00 4.0404226e+00 4.1086692e+00 4.0247673e+00 3.9080726e+00 3.6828473e+00 3.7167251e+00 3.7280768e+00 3.3667790e+00 2.5405845e+00 2.1497519e+00 2.1545903e+00 2.2816897e+00 2.1485520e+00 2.1575873e+00 2.2260755e+00 2.3506655e+00 2.1417876e+00 1.7696306e+00
1.2289443e+00 1.8067915e+00 3.0371781e+00 3.9499048e+00 4.3567396e+00 4.9081733e+00 5.1965571e+00 5.0003672e+00 4.1688474e+00 3.6298039e+00 5.0971932e+00 5.9003246e+00 6.2195479e+00 5.8653461e+00 5.6905041e+00 5.6197869e+00 5.3285538e+00 4.9900870e+00 4.6720906e+00 3.7668626e+00 1.9385317e+00 8.1478872e-04 9.9419026e-04 9.9338703e-04 9.5391351e-04 3.2489198e+00 4.5823189e+00 4.7608002e+00 4.6875126e+00 4.6064434e+00 4.7282073e+00 4.7300823e+00 4.5689579e+00 4.5156298e+00 4.6240426e+00 4.5910041e+00 4.6235583e+00 4.6157487e+00 4.6994405e+00 4.6035441e+00 4.4022997e+00 4.2558042e+00 4.2975203e+00 4.3254298e+00 4.3051781e+00 4.3215281e+00 4.3633411e+00 4.3797672e+00 4.3218254e+00 4.1764775e+00
8.4048975e-04 5.1241049e-04 1.8967253e-05 2.7337546e+00 4.1489430e+00 4.8616759e+00 5.2026027e+00 5.2917850e+00 5.1651184e+00 4.1531488e+00 4.3055888e+00 5.2528912e+00 5.6723677e+00 5.6833220e+00 5.6756335e+00 5.6358579e+00 5.1743387e+00 4.5093206e+00 4.1774340e+00 2.8139836e+00 9.0414670e-04 9.9602862e-04 9.9488800e-04 9.9153852e-04 3.2287039e+00 5.1254742e+00 5.1837954e+00 5.2235601e+00 5.1018989e+00 4.9782900e+00 4.9672025e+00 4.9154576e+00 4.7412600e+00 4.6712013e+00 4.7552135e+00 4.8035161e+00 4.8382894e+00 4.8516558e+00 4.9771848e+00 4.9625774e+00 4.9194765e+00 4.8539149e+00 4.8165926e+00 4.7740253e+00 4.7628416e+00 4.7758320e+00 4.8007983e+00 4.8080559e+00 4.8018027e+00 4.7419552e+00
3.9521390e+00 2.9538795e+00 7.5684479e-04 6.3532477e-04 2.0897720e+00 4.5747876e+00 5.3830368e+00 5.4427608e+00 5.4326756e+00 4.9865664e+00 4.2041865e+00 4.3622971e+00 5.5450147e+00 5.6871973e+00 5.5160895e+00 5.3779347e+00 4.9934245e+00 4.3198080e+00 3.1414337e+00 7.9272257e-04 9.9760840e-04 9.9432690e-04 4.4815270e-04 2.9127484e+00 4.7561175e+00 5.0288070e+00 5.4244181e+00 5.6126881e+00 5.4879479e+00 5.4390565e+00 5.3618252e+00 5.1199542e+00 4.8943219e+00 4.8680296e+00 5.0471118e+00 5.1312499e+00 5.1419752e+00 5.2230062e+00 5.4475935e+00 5.3198440e+00 5.1806447e+00 5.0438908e+00 4.9427208e+00 4.8357359e+00 4.8001072e+00 4.8359948e+00 4.8950757e+00 4.9111631e+00 4.9108928e+00 4.8655351e+00
4.9221540e+00 4.7676779e+00 3.8317216e+00 6.4029307e-04 9.8137659e-04 3.5144864e+00 5.3331831e+00 5.3651100e+00 5.0445064e+00 4.5844957e+00 4.1666163e+00 4.6010396e+00 6.4957935e+00 6.0726336e+00 5.4360695e+00 5.2097917e+00 4.8219902e+00 3.1156112e+00 9.1840286e-04 9.8929979e-04 9.9966958e-04 9.7461884e-04 2.6774294e+00 4.9008143e+00 4.8457816e+00 4.8809738e+00 5.3120148e+00 5.4719017e+00 5.6546036e+00 5.8438651e+00 5.7808861e+00 5.5030502e+00 5.1756741e+00 5.1150707e+00 5.3670558e+00 5.5223823e+00 5.6229058e+00 5.6505426e+00 5.7596179e+00 5.6164208e+00 5.4139937e+00 5.2887383e+00 5.1259574e+00 4.9571996e+00 4.8792922e+00 4.9304945e+00 5.0297754e+00 5.1036074e+00 5.1199403e+00 5.0859434e+00
5.3877910e+00 5.1509197e+00 4.7197839e+00 3.5800814e+00 8.6503992e-04 7.2051129e-04 4.3884250e+00 5.2045725e+00 4.6942576e+00 4.4727432e+00 4.2595319e+00 5.2620472e+00 6.3251254e+00 6.0328798e+00 5.4608903e+00 5.1890372e+00 4.1387851e+00 8.6017447e-04 9.0123796e-04 9.9440074e-04 9.6631251e-04 2.3408385e+00 4.6265763e+00 4.9798115e+00 4.9401472e+00 4.9828883e+00 5.1777760e+00 5.4086546e+00 6.0042790e+00 6.0588419e+00 5.9348425e+00 5.7290970e+00 5.4846907e+00 5.3956779e+00 5.5268661e+00 5.7395963e+00 5.9776171e+00 5.8903603e+00 5.8041599e+00 5.7519245e+00 5.6318651e+00 5.5225142e+00 5.2891948e+00 5.1721847e+00 5.0176517e+00 5.0122105e+00 5.1804399e+00 5.2830161e+00 5.3093906e+00 5.2715434e+00
5.5856330e+00 5.4339172e+00 5.1582876e+00 4.7329077e+00 3.4568057e+00 6.3617736e-04 9.2565421e-04 2.5322858e+00 4.9926104e+00 4.3152954e+00 3.9043358e+00 4.4290963e+00 5.6490288e+00 5.6710297e+00 4.9928474e+00 4.6016222e+00 4.6509889e-01 9.9599808e-04 9.9657776e-04 9.9394708e-04 1.6256784e+00 4.4185918e+00 4.9659517e+00 4.9427680e+00 4.8875297e+00 4.9430495e+00 5.3407009e+00 5.7354495e+00 5.9055596e+00 6.0564542e+00 6.1061665e+00 5.8417449e+00 5.8448289e+00 5.7521964e+00 5.7418326e+00 5.8314533e+00 5.9736094e+00 5.9861832e+00 5.9621377e+00 6.1552650e+00 5.9898207e+00 5.8009405e+00 5.6095680e+00 5.4187523e+00 5.2831480e+00 5.3375439e+00 5.4774757e+00 5.5320240e+00 5.6013641e+00 5.5556030e+00
5.7107454e+00 5.6408808e+00 5.4965998e+00 5.1922788e+00 4.6264051e+00 2.2747109e+00 9.8468958e-04 9.9597367e-04 1.4626510e+00 2.6290557e+00 3.6381502e+00 3.7019093e+00 3.7913768e+00 4.4363761e+00 3.4955619e+00 3.6592971e-01 9.6271696e-04 9.9954566e-04 9.9995794e-04 1.4568737e+00 3.9563025e+00 4.4926909e+00 4.8571472e+00 5.1679492e+00 5.2289827e+00 5.3838938e+00 5.7779642e+00 5.9720701e+00 5.8790550e+00 6.2240941e+00 6.2788409e+00 5.9689603e+00 5.8679789e+00 6.0157157e+00 6.2051708e+00 6.3465068e+00 6.2666845e+00 6.1084349e+00 6.3047475e+00 6.9147667e+00 6.5225213e+00 6.2418336e+00 5.8536607e+00 5.7792876e+00 5.8324214e+00 5.9437664e+00 5.9767909e+00 5.9360783e+00 5.9244945e+00 5.8948475e+00
5.8402066e+00 5.7550517e+00 5.6545413e+00 5.4719305e+00 5.1325023e+00 4.6079961e+00 2.0599407e+00 9.7698154e-04 7.9245401e-04 9.9890482e-04 9.7103084e-04 1.2931084e+00 3.3472416e+00 3.5503924e+00 1.0343165e+00 8.4395401e-01 8.9962426e-04 8.2243174e-04 1.5179227e+00 3.9806108e+00 4.3485226e+00 4.5718716e+00 5.0827187e+00 5.4269585e+00 5.6967386e+00 5.7931441e+00 6.0545861e+00 6.1007135e+00 6.2654396e+00 6.6169583e+00 6.7930695e+00 6.3700043e+00 5.9682193e+00 6.5211580e+00 6.7870685e+00 6.9180555e+00 6.7151185e+00 6.5771565e+00 6.6969774e+00 6.8450369e+00 6.7103016e+00 6.5290597e+00 6.3203318e+00 6.2927231e+00 6.4228688e+00 6.5401089e+00 6.4475414e+00 6.3188560e+00 6.2463723e+00 6.1950452e+00
5.9222625e+00 5.8645327e+00 5.7779418e+00 5.6824407e+00 5.5375219e+00 5.2925154e+00 4.3736173e+00 8.6046158e-01 9.3553123e-04 1.3018109e-03 1.9117275e-03 9.8040707e-04 2.3362251e+00 4.6243212e-01 5.0942127e-04 1.7867526e-02 5.1310082e-04 1.1263473e+00 3.9370831e+00 4.6322974e+00 4.8574229e+00 5.2205314e+00 5.6801148e+00 5.9051301e+00 5.9269490e+00 6.0219454e+00 6.1677932e+00 6.1640484e+00 6.3274559e+00 6.9457809e+00 6.8578511e+00 6.5590496e+00 6.5037536e+00 6.8664731e+00 6.9947471e+00 6.8646174e+00 6.8151364e+00 6.9620364e+00 7.1813272e+00 7.0989091e+00 6.9672893e+00 6.8956659e+00 6.8594495e+00 6.8156832e+00 6.8710821e+00 6.8942164e+00 6.7878230e+00 6.6672194e+00 6.5227079e+00 6.4350191e+00
6.1142393e+00 5.9697425e+00 5.9521233e+00 5.8631673e+00 5.7382385e+00 5.3794968e+00 4.5663753e+00 1.9039497e+00 8.5122313e-04 9.9053483e-04 1.1963258e-03 1.4820565e-03 1.2583143e-03 9.9755793e-04 9.3879830e-04 8.2595570e-04 1.1753380e+00 3.7072272e+00 4.2653441e+00 4.8297178e+00 5.4752111e+00 5.8129101e+00 6.0632321e+00 6.0061302e+00 5.9470996e+00 6.2598440e+00 6.4738004e+00 6.3247601e+00 6.1046617e+00 6.7227844e+00 6.8528203e+00 6.8005195e+00 6.9875559e+00 7.0077708e+00 6.5660544e+00 6.1042199e+00 6.4518644e+00 6.8788943e+00 7.2240093e+00 7.2355440e+00 7.2145579e+00 7.2150084e+00 7.3180058e+00 7.2966416e+00 7.2849332e+00 7.2577433e+00 7.1868874e+00 7.0350767e+00 6.9479424e+00 6.7706207e+00
6.3061303e+00 6.2795640e+00 6.1500370e+00 6.1041190e+00 5.9886973e+00 5.9006504e+00 4.9401185e+00 2.7975640e+00 1.2113141e+00 9.4288142e-04 1.2021658e-03 1.6801895e-03 5.7603497e-03 9.9598196e-04 9.7223747e-04 1.0786765e+00 3.7453561e+00 4.1575049e+00 4.1613248e+00 4.6506902e+00 5.3994466e+00 5.9705818e+00 6.2815455e+00 6.2921294e+00 6.1990556e+00 6.4091422e+00 6.9009623e+00 6.6858170e+00 6.6048682e+00 7.0035934e+00 7.1272672e+00 7.1505095e+00 7.1995912e+00 7.0237334e+00 6.1845186e+00 5.3254564e+00 5.9342569e+00 6.6401167e+00 7.1771327e+00 7.4083452e+00 7.4533053e+00 7.3815603e+00 7.5638985e+00 7.6491611e+00 7.6781019e+00 7.6729246e+00 7.6425472e+00 7.5475178e+00 7.3958159e+00 7.1953082e+00
6.5029387e+00 6.5392952e+00 6.5462800e+00 6.3508298e+00 6.2599827e+00 6.2108131e+00 3.8301609e+00 1.4263415e+00 8.9937775e-04 9.9848556e-04 1.8711602e-03 2.2159317e-03 2.4853385e-03 1.5220897e-03 9.6713565e-04 2.6921563e+00 3.8222703e+00 3.6377375e+00 2.7681021e+00 1.0371585e+00 1.2344694e+00 5.0270592e+00 6.2868759e+00 6.5965347e+00 6.5757207e+00 6.3306186e+00 6.6027610e+00 6.7025812e+00 6.9420703e+00 7.3045219e+00 7.2135472e+00 7.0432587e+00 7.1175145e+00 7.1428036e+00 6.4894950e+00 5.8233250e+00 6.1036678e+00 6.6392512e+00 7.2214686e+00 7.5629696e+00 7.8377071e+00 7.7513216e+00 7.8868287e+00 7.9996122e+00 8.0480530e+00 8.1037727e+00 8.2090009e+00 7.9840213e+00 7.7577824e+00 7.6274094e+00
6.6968914e+00 6.7750037e+00 6.8738923e+00 6.8880269e+00 6.7692249e+00 6.2631590e+00 9.6457319e-04 0.0000000e+00 8.5107101e-04 9.7229550e-04 1.7012133e-03 0.0000000e+00 0.0000000e+00 1.6026597e-03 9.8283783e-04 4.3927797e-01 9.6540812e-01 2.0116929e-01 7.5416421e-02 5.2211206e-01 1.7044268e+00 5.0204957e+00 6.2827732e+00 6.8349899e+00 6.7232979e+00 6.5020129e+00 6.4517755e+00 6.4751493e+00 6.8953631e+00 7.1255341e+00 6.8125261e+00 6.1318302e+00 6.5162317e+00 6.8733137e+00 6.6758323e+00 6.4705630e+00 6.5580554e+00 6.8329889e+00 7.2619505e+00 7.6172102e+00 7.9136700e+00 8.0217279e+00 8.1586276e+00 8.3311473e+00 8.3962496e+00 8.4460944e+00 8.4911969e+00 8.3026635e+00 8.1444486e+00 8.0310988e+00
6.9077266e+00 6.9429750e+00 7.0927653e+00 7.2103548e+00 7.3092541e+00 7.0024550e+00 1.8181337e+00 9.7579709e-04 9.9647466e-04 9.8100050e-04 9.9921001e-04 0.0000000e+00 0.0000000e+00 9.4978734e-04 7.3178159e-01 2.9691056e+00 4.0130824e+00 3.4958721e+00 3.2508813e+00 4.4817324e+00 5.6632032e+00 6.2142089e+00 6.5852571e+00 6.7870670e+00 6.6260324e+00 6.5840335e+00 6.4313773e+00 6.3466547e+00 6.6086981e+00 6.8141931e+00 6.3703736e+00 5.1421621e+00 5.8375743e+00 6.6609701e+00 6.8996504e+00 6.9506405e+00 6.9616922e+00 7.0396306e+00 7.3547129e+00 7.6895254e+00 7.9475399e+00 8.1434837e+00 8.3373637e+00 8.5779176e+00 8.6442147e+00 8.6547248e+00 8.6523201e+00 8.5345892e+00 8.4186839e+00 8.3885213e+00
