presentation/data/depth_0005.asc
ncols     164
nrows     146
xllcorner -1.242151388888889e+02
yllcorner  4.172986111111111e+01
cellsize  2.777777777820000e-04
nodata_value       -9999
[rows 110 to 131 of 146, columns 100 to 149 of 164]
6.9271981e+00 6.9051783e+00 6.9239901e+00 6.9141913e+00 6.8451335e+00 6.9042862e+00 4.0043174e+00 1.3276437e+00 9.7055578e-02 9.8821461e-04 0.0000000e+00 0.0000000e+00 0.0000000e+00 8.9305320e-01 2.0406960e+00 2.5927989e+00 2.8440731e+00 2.6247387e+00 2.7326754e+00 4.2349535e+00 5.0958964e+00 5.3062793e+00 5.4709362e+00 5.3830514e+00 4.8780456e+00 5.0112894e+00 4.9993601e+00 5.1333583e+00 5.1878306e+00 5.4106447e+00 5.2729758e+00 4.6760529e+00 4.9760627e+00 5.5583144e+00 6.0807036e+00 6.2541108e+00 6.2657114e+00 6.0101994e+00 5.9710458e+00 6.0805154e+00 6.2301493e+00 6.2804059e+00 6.3427019e+00 6.5227173e+00 6.5945200e+00 6.6517584e+00 6.6855752e+00 6.5599738e+00 6.4572701e+00 6.2832631e+00
7.0139041e+00 7.0558141e+00 7.0318311e+00 7.0009906e+00 6.9234164e+00 7.0284447e+00 6.9478258e+00 5.0499921e+00 3.4856916e+00 3.2707105e+00 1.6140730e+00 1.9807511e+00 2.5238004e+00 2.8685086e+00 2.8141006e+00 2.8437076e+00 3.2918670e+00 3.3299550e+00 3.2174034e+00 4.3923701e+00 5.1595512e+00 5.3127742e+00 5.5079674e+00 5.5206590e+00 4.9788656e+00 4.7768618e+00 4.6946916e+00 5.1351442e+00 5.3319697e+00 5.5943508e+00 5.6810398e+00 5.5372911e+00 5.5259597e+00 5.7578638e+00 6.4208083e+00 6.7109131e+00 6.6177466e+00 6.4042641e+00 6.2066714e+00 6.2520271e+00 6.4432599e+00 6.4888227e+00 6.4248158e+00 6.4955003e+00 6.5827803e+00 6.6641761e+00 6.8134979e+00 6.7510936e+00 6.5775244e+00 6.4621276e+00
7.1082344e+00 7.1849300e+00 7.2254749e+00 7.1887852e+00 7.1627995e+00 7.0777708e+00 7.1944569e+00 7.5492746e+00 7.2227447e+00 6.1365165e+00 5.1412130e+00 5.0258272e+00 5.2454948e+00 4.7917455e+00 3.7037313e+00 3.3790400e+00 3.8748180e+00 4.0328832e+00 4.2475981e+00 5.0372859e+00 5.3923358e+00 5.2109807e+00 5.3110322e+00 5.3625491e+00 5.1697445e+00 5.1372693e+00 4.6545678e+00 5.2892927e+00 5.6453896e+00 5.9861748e+00 6.3353776e+00 6.4917693e+00 6.1803886e+00 5.8976768e+00 6.4034043e+00 6.8479935e+00 6.8687388e+00 6.6525588e+00 6.3800992e+00 6.3438876e+00 6.5883634e+00 6.5589737e+00 6.5176014e+00 6.5087628e+00 6.5450944e+00 6.5944431e+00 6.7471813e+00 6.7909381e+00 6.7107091e+00 6.6736356e+00
7.2696747e+00 7.3437307e+00 7.3907727e+00 7.4056549e+00 7.4029188e+00 7.3580930e+00 7.2977240e+00 7.2991456e+00 7.1131870e+00 6.6015897e+00 6.9570113e+00 6.7589161e+00 6.5202115e+00 5.9376452e+00 4.9872138e+00 4.7204610e+00 4.9023134e+00 5.1968284e+00 5.6154704e+00 6.0243076e+00 5.9638133e+00 5.6040439e+00 5.3993225e+00 5.4547458e+00 5.5761809e+00 5.9489935e+00 5.5557458e+00 5.8354469e+00 6.0811274e+00 6.3639791e+00 6.7873429e+00 7.3134138e+00 6.7636796e+00 6.4386998e+00 6.7779877e+00 7.1527521e+00 7.2256579e+00 6.9555142e+00 6.6779461e+00 6.5835576e+00 6.6554909e+00 6.6139852e+00 6.5718973e+00 6.5452896e+00 6.5899722e+00 6.6745262e+00 6.8048369e+00 6.8588328e+00 6.8353408e+00 6.8258619e+00
7.4533535e+00 7.5456860e+00 7.5903652e+00 7.6470061e+00 7.6738950e+00 7.6397516e+00 7.5855874e+00 7.5221629e+00 7.4208975e+00 7.3629262e+00 7.8313490e+00 7.4916014e+00 7.4279587e+00 7.2157753e+00 6.7346350e+00 6.4093619e+00 6.4465532e+00 6.4737427e+00 6.7750134e+00 6.9472561e+00 6.8005529e+00 6.2552547e+00 5.7970118e+00 5.8533219e+00 6.1617961e+00 6.4061233e+00 6.3794226e+00 6.4953775e+00 6.6376628e+00 6.6608151e+00 6.6718538e+00 7.0549399e+00 6.9248312e+00 6.8892697e+00 7.2091955e+00 7.6309094e+00 7.8429199e+00 7.3844632e+00 6.8995355e+00 6.8145680e+00 6.7799247e+00 6.6824167e+00 6.6838263e+00 6.6525635e+00 6.6979820e+00 6.8214084e+00 6.9250687e+00 6.9966424e+00 6.9516692e+00 6.8707844e+00
7.6919266e+00 7.7723616e+00 7.8196304e+00 7.8573181e+00 7.8972943e+00 7.8787285e+00 7.8642280e+00 7.7955065e+00 7.7064552e+00 7.7015840e+00 7.6751018e+00 7.9222381e+00 8.5498969e+00 8.4510955e+00 8.1979171e+00 7.9691087e+00 7.6062006e+00 7.5574080e+00 7.9403196e+00 8.0329934e+00 7.7755008e+00 7.1453210e+00 6.6342280e+00 6.5593482e+00 6.7904103e+00 6.9915611e+00 7.0477888e+00 7.1733619e+00 7.2479296e+00 7.0428486e+00 6.8841248e+00 6.9995226e+00 7.0393304e+00 7.1671620e+00 7.4873905e+00 7.9998042e+00 8.3336631e+00 7.8063103e+00 7.2267838e+00 7.1476866e+00 7.0731921e+00 6.9201579e+00 6.8818398e+00 6.8259512e+00 6.8793128e+00 7.0223444e+00 7.0945778e+00 7.1629200e+00 7.0806656e+00 6.9461702e+00
7.9205941e+00 7.9160954e+00 8.0018058e+00 8.1361780e+00 8.1808485e+00 8.2441090e+00 8.1258632e+00 8.0853150e+00 7.9651747e+00 8.0636669e+00 8.1551704e+00 8.7420335e+00 9.5054047e+00 9.2443070e+00 8.9738060e+00 8.4774897e+00 7.7607433e+00 7.8604973e+00 8.7613421e+00 8.7399186e+00 8.2545393e+00 7.7142590e+00 7.3018235e+00 7.2191949e+00 7.3664200e+00 7.4829950e+00 7.7800189e+00 7.4978254e+00 7.4520191e+00 7.2204188e+00 7.0441493e+00 7.0060662e+00 7.0569054e+00 7.2493643e+00 7.4878018e+00 7.9400273e+00 8.1816838e+00 7.8673752e+00 7.4303174e+00 7.3846969e+00 7.4233580e+00 7.2983275e+00 7.0646726e+00 6.9488296e+00 7.0922323e+00 7.3216057e+00 7.2178970e+00 7.2018483e+00 7.1219336e+00 7.0228837e+00
7.9448578e+00 8.1212320e+00 8.1923174e+00 8.3003444e+00 8.4145563e+00 8.4198989e+00 8.3820810e+00 8.2432429e+00 8.1003236e+00 8.3428120e+00 8.7187979e+00 8.9169167e+00 8.6936968e+00 8.6610636e+00 8.5814716e+00 8.2934346e+00 7.4675451e+00 6.6913657e+00 8.4236076e+00 8.7105357e+00 8.4539788e+00 8.1843432e+00 8.0521271e+00 8.0676261e+00 8.2035877e+00 8.3156933e+00 8.3421522e+00 7.9326886e+00 7.7841020e+00 7.5110912e+00 7.2109547e+00 7.0213017e+00 6.9835268e+00 7.1920764e+00 7.4702684e+00 7.6974907e+00 7.8148179e+00 7.6670495e+00 7.4378177e+00 7.2738555e+00 7.4455853e+00 7.4755192e+00 7.4393084e+00 7.2468597e+00 7.3162192e+00 7.4675134e+00 7.3317389e+00 7.2287107e+00 7.1601644e+00 7.1059011e+00
8.2300115e+00 8.4033517e+00 8.5139354e+00 8.5039128e+00 8.5323874e+00 8.6709956e+00 8.6187320e+00 8.3641539e+00 8.6192846e+00 9.2155080e+00 9.4345722e+00 9.5198687e+00 8.9644635e+00 8.7532725e+00 8.0721829e+00 8.7050560e+00 8.7805485e+00 7.8180750e+00 8.0320701e+00 8.1575842e+00 8.2309670e+00 8.3349349e+00 8.4886189e+00 8.7133315e+00 8.7306919e+00 8.7477338e+00 8.6346852e+00 8.4100924e+00 8.1560230e+00 7.7592641e+00 7.3752824e+00 7.1034960e+00 6.9828654e+00 7.2119985e+00 7.4364265e+00 7.5388725e+00 7.5985562e+00 7.5511493e+00 7.4818538e+00 7.3811184e+00 7.4881037e+00 7.6092419e+00 7.7437761e+00 7.5749407e+00 7.5075111e+00 7.4976472e+00 7.3648464e+00 7.2262741e+00 7.1841359e+00 7.1819749e+00
8.5358703e+00 8.2352574e+00 8.6504996e+00 9.1634108e+00 9.3855671e+00 9.0321373e+00 8.8576816e+00 8.3318647e+00 8.3435201e+00 9.6525309e+00 9.5314409e+00 9.4804457e+00 9.7421559e+00 1.0044085e+01 9.4892874e+00 9.6738749e+00 9.4133607e+00 8.5360301e+00 7.3081854e+00 7.3273840e+00 7.8897763e+00 8.3017065e+00 8.6753709e+00 9.0384172e+00 8.9897581e+00 8.9347134e+00 8.8648616e+00 8.7316869e+00 8.5379389e+00 8.0710124e+00 7.5945050e+00 7.3805629e+00 7.3264292e+00 7.4974308e+00 7.6610687e+00 7.6033326e+00 7.5640926e+00 7.5389960e+00 7.5024618e+00 7.4373668e+00 7.4865350e+00 7.5412551e+00 7.6878806e+00 7.6770780e+00 7.6027082e+00 7.5156981e+00 7.3789864e+00 7.2323430e+00 7.2123806e+00 7.2625170e+00
8.6600630e+00 8.7573167e+00 8.9510976e+00 9.8460481e+00 1.0864198e+01 1.0560697e+01 1.0567275e+01 9.2002155e+00 8.1524403e+00 9.2160463e+00 8.9693519e+00 9.2413317e+00 9.8461074e+00 1.0106756e+01 1.0143791e+01 9.9659092e+00 9.4276236e+00 8.1984331e+00 6.4833637e+00 7.0782036e+00 8.0329554e+00 8.4325053e+00 8.8327173e+00 9.1571984e+00 9.1411577e+00 9.0506532e+00 8.9919179e+00 8.9623214e+00 8.9382506e+00 8.4662959e+00 7.9740533e+00 7.7864213e+00 7.7558074e+00 7.8864470e+00 8.0618445e+00 7.9246491e+00 7.7592626e+00 7.6758091e+00 7.6222161e+00 7.5747423e+00 7.5483536e+00 7.6556632e+00 7.7377353e+00 7.7464989e+00 7.6874666e+00 7.6029479e+00 7.5115961e+00 7.4005164e+00 7.3823474e+00 7.4002617e+00
9.4156424e+00 9.2172267e+00 9.4364435e+00 1.0061856e+01 1.0464729e+01 1.1275255e+01 1.2233082e+01 1.1641022e+01 1.0860824e+01 1.0384020e+01 9.7495933e+00 9.8295135e+00 9.9649972e+00 9.9241286e+00 1.0053452e+01 1.0039708e+01 9.8277899e+00 9.3892210e+00 9.0331149e+00 8.5955188e+00 8.4827228e+00 8.7718884e+00 9.0992043e+00 9.3052231e+00 9.2782754e+00 9.1196157e+00 9.0118726e+00 8.9935074e+00 8.9295233e+00 8.6074644e+00 8.3046736e+00 8.1412660e+00 8.1410649e+00 8.1593819e+00 8.1814935e+00 8.1002069e+00 7.9995022e+00 7.9243791e+00 7.8147294e+00 7.7646082e+00 7.7209741e+00 7.8075855e+00 7.8696057e+00 7.8844418e+00 7.8132909e+00 7.7421800e+00 7.6674628e+00 7.6008426e+00 7.5870485e+00 7.5718608e+00
1.0088229e+01 1.0057672e+01 1.0117669e+01 1.0299462e+01 1.0234780e+01 1.0479190e+01 1.0710032e+01 1.1118528e+01 1.0816368e+01 1.0397165e+01 1.0093594e+01 1.0120240e+01 9.9725217e+00 9.8769778e+00 9.8964305e+00 9.9974099e+00 1.0102320e+01 1.0049783e+01 9.8928125e+00 9.4073048e+00 9.0979528e+00 9.2256991e+00 9.4360733e+00 9.5509164e+00 9.4750622e+00 9.3961927e+00 9.1451621e+00 8.9786222e+00 8.8667749e+00 8.6666294e+00 8.4989015e+00 8.3989214e+00 8.4124442e+00 8.3430608e+00 8.2937835e+00 8.2712486e+00 8.2401295e+00 8.1154616e+00 7.9874907e+00 7.9118388e+00 7.9110485e+00 7.9598011e+00 8.0276254e+00 8.0785409e+00 7.9927133e+00 7.9272785e+00 7.8537436e+00 7.8034971e+00 7.7797952e+00 7.7675876e+00
1.0523899e+01 1.0706166e+01 1.0532452e+01 1.0436661e+01 9.6375372e+00 9.4062087e+00 1.0449745e+01 1.0356599e+01 1.0252950e+01 1.0037860e+01 9.9078191e+00 1.0258968e+01 9.9501337e+00 9.7728040e+00 9.6760394e+00 9.6091977e+00 1.0119763e+01 1.0145866e+01 9.9375214e+00 9.6509391e+00 9.4944084e+00 9.5759182e+00 9.7775910e+00 9.8722559e+00 9.6592087e+00 9.5579949e+00 9.2821578e+00 9.0101351e+00 8.8673485e+00 8.7292375e+00 8.6328547e+00 8.5718209e+00 8.5282701e+00 8.4231442e+00 8.3672911e+00 8.3850587e+00 8.4016262e+00 8.2281173e+00 8.1056683e+00 8.0530331e+00 8.0613910e+00 8.0912674e+00 8.1482216e+00 8.1813024e+00 8.1069860e+00 8.0455372e+00 7.9929806e+00 7.9671511e+00 7.9317721e+00 7.9077061e+00
1.0470150e+01 1.0716380e+01 1.0610263e+01 1.0413176e+01 9.9260303e+00 9.6333536e+00 1.0030766e+01 1.0118625e+01 9.8933112e+00 9.8147478e+00 9.9216141e+00 1.0105648e+01 9.7181467e+00 9.4570477e+00 9.3380075e+00 9.3589037e+00 9.8690953e+00 1.0001628e+01 9.9059010e+00 9.7227959e+00 9.6475919e+00 9.8189001e+00 1.0072938e+01 1.0021355e+01 9.7357641e+00 9.5223608e+00 9.3022057e+00 9.1864150e+00 9.0162392e+00 8.8478183e+00 8.7820961e+00 8.7553493e+00 8.7683614e+00 8.6003952e+00 8.4013223e+00 8.3941860e+00 8.3933368e+00 8.3155394e+00 8.2393735e+00 8.2608146e+00 8.2651627e+00 8.2047927e+00 8.2304760e+00 8.2450853e+00 8.2178392e+00 8.1861544e+00 8.1481547e+00 8.1287620e+00 8.1153208e+00 8.0723238e+00
1.0247083e+01 1.0422567e+01 1.0464928e+01 1.0569122e+01 1.0686287e+01 1.0952982e+01 1.0520836e+01 1.0122326e+01 1.0035464e+01 1.0010987e+01 1.0006140e+01 9.7513922e+00 9.3386144e+00 9.0390011e+00 9.1262038e+00 9.3308539e+00 9.6394936e+00 9.8187725e+00 9.8185826e+00 9.7163320e+00 9.6550550e+00 9.9008717e+00 1.0102352e+01 9.9826093e+00 9.7736365e+00 9.6049844e+00 9.4529918e+00 9.3124434e+00 9.1885523e+00 9.1238044e+00 9.0675506e+00 8.9712067e+00 8.9558554e+00 8.7578915e+00 8.5440825e+00 8.4810518e+00 8.4284412e+00 8.3727369e+00 8.3795741e+00 8.4158173e+00 8.4078452e+00 8.3862989e+00 8.3991783e+00 8.4046480e+00 8.3940995e+00 8.3729836e+00 8.3360495e+00 8.3208662e+00 8.3794597e+00 8.3551129e+00
1.0273082e+01 1.0169618e+01 1.0207522e+01 1.0560806e+01 1.0983113e+01 1.1280094e+01 1.1023363e+01 1.0612071e+01 1.0542649e+01 1.0654375e+01 1.0161935e+01 9.7561966e+00 9.4491163e+00 9.2977814e+00 9.3376976e+00 9.4844516e+00 9.7148429e+00 9.8603619e+00 9.8834133e+00 9.8455174e+00 9.8458681e+00 9.9952610e+00 1.0108866e+01 1.0014552e+01 9.8712932e+00 9.6144930e+00 9.5669124e+00 9.4874158e+00 9.4007324e+00 9.3592857e+00 9.2735470e+00 9.0428745e+00 8.9665724e+00 8.8397078e+00 8.6971131e+00 8.6057676e+00 8.5202982e+00 8.4397078e+00 8.4810554e+00 8.5229406e+00 8.5311597e+00 8.5130578e+00 8.5225749e+00 8.5231405e+00 8.5359067e+00 8.5404081e+00 8.4701895e+00 8.4187173e+00 8.4781412e+00 8.4972460e+00
1.0228690e+01 1.0179631e+01 1.0115352e+01 1.0562089e+01 1.0903783e+01 1.1254440e+01 1.1356377e+01 1.1003961e+01 1.0724948e+01 1.0448261e+01 9.8449341e+00 9.8388101e+00 9.7932853e+00 9.7325047e+00 9.7394031e+00 9.8435903e+00 9.9302155e+00 1.0016797e+01 1.0052781e+01 1.0043904e+01 1.0085429e+01 1.0208643e+01 1.0251816e+01 1.0160670e+01 9.9841739e+00 9.8503509e+00 9.8308026e+00 9.7764938e+00 9.6276414e+00 9.5352381e+00 9.3896426e+00 9.1724842e+00 9.0390927e+00 8.9302023e+00 8.8379415e+00 8.7638091e+00 8.7158090e+00 8.6430988e+00 8.6538989e+00 8.6866853e+00 8.6794788e+00 8.6597941e+00 8.6335538e+00 8.6155381e+00 8.6507423e+00 8.6863798e+00 8.5970063e+00 8.5348402e+00 8.5596194e+00 8.6028369e+00
1.0297614e+01 1.0199288e+01 1.0177273e+01 1.0516089e+01 1.0694440e+01 1.1085123e+01 1.1268053e+01 1.1097645e+01 1.0742685e+01 1.0369153e+01 1.0077389e+01 1.0160910e+01 1.0267620e+01 1.0226807e+01 1.0183193e+01 1.0221448e+01 1.0230491e+01 1.0246971e+01 1.0247899e+01 1.0242643e+01 1.0319697e+01 1.0466029e+01 1.0469921e+01 1.0362341e+01 1.0211475e+01 1.0099676e+01 1.0118581e+01 1.0116704e+01 9.8967263e+00 9.7080760e+00 9.5249980e+00 9.3214689e+00 9.1589671e+00 9.0642662e+00 9.0200634e+00 8.9785314e+00 8.9169310e+00 8.8867441e+00 8.8775313e+00 8.8619840e+00 8.8411999e+00 8.8323747e+00 8.7652172e+00 8.7079271e+00 8.7167022e+00 8.7303289e+00 8.6865205e+00 8.6462981e+00 8.6457719e+00 8.7281525e+00
1.0473249e+01 1.0557478e+01 1.0844383e+01 1.1089875e+01 1.0825838e+01 1.1038061e+01 1.1404823e+01 1.1136006e+01 1.0865520e+01 1.0627716e+01 1.0491688e+01 1.0547101e+01 1.0746055e+01 1.0739876e+01 1.0721400e+01 1.0701790e+01 1.0599466e+01 1.0519791e+01 1.0494748e+01 1.0511441e+01 1.0519802e+01 1.0669066e+01 1.0690927e+01 1.0619648e+01 1.0410345e+01 1.0187429e+01 1.0182505e+01 1.0177475e+01 1.0029539e+01 9.8470514e+00 9.6848503e+00 9.5031838e+00 9.3330941e+00 9.2927702e+00 9.2711827e+00 9.2407569e+00 9.1952438e+00 9.1394282e+00 9.1064258e+00 9.0934797e+00 9.0314973e+00 8.9984049e+00 8.9442923e+00 8.8574608e+00 8.8202606e+00 8.8201705e+00 8.8376880e+00 8.7872170e+00 8.7315539e+00 8.8570665e+00
1.0747014e+01 1.0739183e+01 1.0426302e+01 1.1361094e+01 1.1249215e+01 1.0915624e+01 1.1321079e+01 1.1304476e+01 1.1084819e+01 1.1030466e+01 1.1062825e+01 1.0882888e+01 1.0937291e+01 1.1047754e+01 1.1210243e+01 1.1305525e+01 1.1038343e+01 1.0769354e+01 1.0698503e+01 1.0765315e+01 1.0857458e+01 1.0984225e+01 1.0908301e+01 1.0796052e+01 1.0603666e+01 1.0169469e+01 1.0161828e+01 1.0188272e+01 1.0097483e+01 9.9921255e+00 9.8952805e+00 9.8236941e+00 9.6449116e+00 9.5877944e+00 9.5760255e+00 9.5509153e+00 9.4808609e+00 9.4096207e+00 9.3330157e+00 9.3014257e+00 9.1968330e+00 9.1196631e+00 9.1013880e+00 9.0464657e+00 8.9348669e+00 8.9467963e+00 9.0074620e+00 9.0244747e+00 8.9844196e+00 8.9886364e+00
1.0969440e+01 1.1172194e+01 1.1061946e+01 1.0766902e+01 1.1198615e+01 1.1353519e+01 1.1628777e+01 1.1317751e+01 1.1098907e+01 1.0960496e+01 1.0874656e+01 1.0827787e+01 1.0968172e+01 1.1145644e+01 1.1451060e+01 1.1719023e+01 1.1330017e+01 1.0860270e+01 1.0751171e+01 1.0845257e+01 1.1117280e+01 1.1312433e+01 1.1024928e+01 1.0771973e+01 1.0560545e+01 1.0251074e+01 1.0212883e+01 1.0273540e+01 1.0196151e+01 1.0132690e+01 1.0058289e+01 9.9916945e+00 9.9106604e+00 9.8644779e+00 9.8389321e+00 9.9135249e+00 9.7255323e+00 9.5896724e+00 9.5066578e+00 9.4122722e+00 9.2991138e+00 9.2176694e+00 9.2602773e+00 9.2834911e+00 9.0507009e+00 9.0856463e+00 9.2001990e+00 9.2555703e+00 9.2012667e+00 9.0372253e+00
