presentation/data/depth_0009.asc
ncols     164
nrows     146
xllcorner -1.242151388888889e+02
yllcorner  4.172986111111111e+01
cellsize  2.777777777820000e-04
nodata_value       -9999
[rows 110 to 131 of 146, columns 100 to 149 of 164]
6.1393548e+00 6.1204810e+00 6.1430896e+00 6.1372347e+00 6.0729052e+00 6.1376526e+00 3.2544869e+00 5.7636821e-01 9.0648656e-04 9.8821461e-04 0.0000000e+00 0.0000000e+00 0.0000000e+00 1.2975898e-01 1.2690069e+00 1.8119247e+00 2.0543262e+00 1.8113211e+00 1.8849432e+00 3.3745519e+00 4.2219094e+00 4.3943431e+00 4.5396287e+00 4.4353535e+00 3.9128979e+00 4.0308495e+00 4.0035037e+00 4.1270903e+00 4.1713234e+00 4.3851346e+00 4.2408044e+00 3.6389260e+00 3.9301474e+00 4.5040684e+00 5.0212848e+00 5.1897506e+00 5.1965671e+00 4.9370112e+00 4.8937150e+00 5.0008016e+00 5.1486882e+00 5.1980396e+00 5.2600202e+00 5.4404115e+00 5.5131751e+00 5.5715820e+00 5.6067828e+00 5.4826640e+00 5.3812179e+00 5.2083021e+00
6.2762702e+00 6.3208989e+00 6.2979039e+00 6.2702305e+00 6.1949365e+00 6.3052358e+00 6.2329174e+00 4.3430373e+00 2.7940304e+00 2.5743922e+00 9.2627175e-01 1.2812293e+00 1.8184633e+00 2.1606130e+00 2.0884139e+00 2.0824804e+00 2.5248285e+00 2.5405056e+00 2.3965826e+00 3.5498647e+00 4.3023715e+00 4.4269786e+00 4.6037130e+00 4.6010061e+00 4.0431318e+00 3.8253522e+00 3.7256087e+00 4.1532735e+00 4.3378789e+00 4.5891232e+00 4.6668216e+00 4.5168289e+00 4.4962087e+00 4.7193817e+00 5.3761161e+00 5.6608470e+00 5.5626863e+00 5.3446794e+00 5.1428313e+00 5.1850467e+00 5.3738700e+00 5.4178378e+00 5.3530982e+00 5.4237019e+00 5.5115651e+00 5.5938199e+00 5.7440842e+00 5.6827657e+00 5.5100220e+00 5.3952907e+00
6.4240813e+00 6.5004173e+00 6.5396252e+00 6.5030722e+00 6.4781398e+00 6.3948633e+00 6.5139767e+00 6.8723063e+00 6.5517149e+00 5.4674267e+00 4.4810868e+00 4.3596543e+00 4.5774281e+00 4.1073659e+00 3.0013001e+00 2.6431900e+00 3.1253273e+00 3.2618922e+00 3.4547805e+00 4.2233527e+00 4.5609085e+00 4.3563151e+00 4.4374849e+00 4.4716391e+00 4.2629406e+00 4.2142851e+00 3.7146288e+00 4.3327596e+00 4.6744239e+00 5.0019013e+00 5.3396999e+00 5.4878546e+00 5.1667407e+00 4.8750525e+00 5.3732859e+00 5.8116844e+00 5.8273438e+00 5.6064901e+00 5.3297467e+00 5.2898677e+00 5.5312099e+00 5.4995122e+00 5.4567578e+00 5.4472569e+00 5.4836795e+00 5.5334672e+00 5.6866146e+00 5.7310000e+00 5.6511959e+00 5.6143276e+00
6.6403341e+00 6.7116478e+00 6.7548851e+00 6.7668893e+00 6.7601743e+00 6.7129307e+00 6.6458343e+00 6.6468865e+00 6.4594753e+00 5.9483262e+00 6.3029034e+00 6.1019155e+00 5.8596385e+00 5.2641796e+00 4.2992746e+00 4.0043515e+00 4.1731993e+00 4.4481228e+00 4.8479922e+00 5.2364312e+00 5.1570470e+00 4.7769059e+00 4.5535800e+00 4.5911670e+00 4.6950546e+00 5.0505008e+00 4.6422061e+00 4.9045241e+00 5.1343180e+00 5.4018812e+00 5.8114292e+00 6.3263512e+00 5.7661793e+00 5.4317388e+00 5.7624027e+00 6.1302811e+00 6.1978582e+00 5.9228265e+00 5.6407587e+00 5.5425600e+00 5.6109729e+00 5.5665810e+00 5.5224125e+00 5.4942925e+00 5.5382984e+00 5.6227260e+00 5.7529213e+00 5.8070702e+00 5.7835634e+00 5.7738316e+00
6.8796801e+00 6.9655582e+00 7.0036386e+00 7.0540037e+00 7.0738304e+00 7.0351356e+00 6.9721402e+00 6.9024375e+00 6.7948506e+00 6.7337284e+00 7.1984977e+00 6.8522621e+00 6.7818257e+00 6.5569221e+00 6.0621812e+00 5.7122223e+00 5.7380294e+00 5.7456163e+00 6.0293241e+00 6.1820159e+00 6.0161339e+00 5.4527053e+00 4.9769288e+00 5.0139514e+00 5.3045392e+00 5.5307011e+00 5.4889168e+00 5.5876294e+00 5.7139112e+00 5.7214871e+00 5.7174030e+00 6.0866352e+00 5.9443742e+00 5.8979943e+00 6.2081971e+00 6.6220507e+00 6.8281196e+00 6.3645511e+00 5.8751282e+00 5.7861268e+00 5.7478721e+00 5.6471849e+00 5.6459216e+00 5.6124317e+00 5.6563676e+00 5.7788730e+00 5.8817318e+00 5.9528482e+00 5.9073937e+00 5.8259116e+00
7.1753836e+00 7.2467524e+00 7.2849065e+00 7.3134071e+00 7.3432529e+00 7.3156394e+00 7.2916197e+00 7.2108525e+00 7.1124113e+00 7.1001972e+00 7.0663540e+00 7.3058091e+00 7.9240749e+00 7.8132847e+00 7.5451562e+00 7.2919382e+00 6.9174773e+00 6.8483154e+00 7.2138942e+00 7.2873019e+00 7.0111990e+00 6.3636772e+00 5.8356057e+00 5.7418367e+00 5.9549204e+00 6.1378298e+00 6.1785665e+00 6.2870237e+00 6.3457042e+00 6.1251315e+00 5.9510116e+00 6.0511940e+00 6.0774723e+00 6.1931975e+00 6.5022719e+00 7.0054322e+00 7.3321477e+00 6.7990696e+00 6.2147512e+00 6.1312488e+00 6.0530726e+00 5.8968055e+00 5.8554733e+00 5.7968164e+00 5.8479430e+00 5.9892049e+00 6.0598987e+00 6.1271311e+00 6.0439773e+00 5.9085287e+00
7.4599784e+00 7.4431379e+00 7.5172381e+00 7.6402975e+00 7.6739397e+00 7.7250893e+00 7.5947436e+00 7.5400565e+00 7.4050607e+00 7.4937957e+00 7.5747628e+00 8.1507520e+00 8.9022707e+00 8.6283093e+00 8.3419016e+00 7.8209150e+00 7.0923809e+00 7.1706187e+00 8.0539247e+00 8.0135710e+00 7.5100396e+00 6.9523624e+00 6.5233953e+00 6.4225895e+00 6.5519312e+00 6.6507815e+00 6.9317946e+00 6.6329942e+00 6.5710813e+00 6.3237273e+00 6.1317850e+00 6.0780329e+00 6.1144487e+00 6.2938026e+00 6.5200649e+00 6.9615692e+00 7.1945383e+00 6.8733543e+00 6.4306338e+00 6.3799266e+00 6.4144925e+00 6.2860620e+00 6.0493718e+00 5.9304365e+00 6.0709541e+00 6.2978477e+00 6.1919764e+00 6.1740748e+00 6.0926428e+00 5.9922010e+00
7.5427757e+00 7.7028873e+00 7.7593449e+00 7.8537462e+00 7.9554070e+00 7.9461412e+00 7.8948763e+00 7.7390509e+00 7.5786219e+00 7.8101041e+00 8.1716507e+00 8.3568365e+00 8.1183425e+00 8.0715467e+00 7.9752666e+00 7.6618240e+00 6.8235615e+00 6.0234403e+00 7.7342697e+00 8.0015972e+00 7.7274916e+00 7.4405832e+00 7.2918522e+00 7.2900501e+00 7.4086857e+00 7.5039772e+00 7.5143916e+00 7.0888214e+00 6.9241803e+00 6.6353555e+00 6.3195047e+00 6.1141658e+00 6.0614510e+00 6.2560024e+00 6.5212328e+00 6.7366062e+00 6.8438155e+00 6.6877494e+00 6.4515325e+00 6.2814502e+00 6.4480159e+00 6.4738272e+00 6.4341578e+00 6.2384673e+00 6.3045619e+00 6.4528256e+00 6.3143456e+00 6.2088298e+00 6.1381424e+00 6.0819282e+00
7.8859214e+00 8.0399151e+00 8.1330172e+00 8.1071002e+00 8.1204677e+00 8.2415795e+00 8.1738595e+00 7.8996170e+00 8.1350321e+00 8.7179782e+00 8.9192529e+00 8.9901543e+00 8.4184306e+00 8.1903443e+00 7.4897245e+00 8.0967397e+00 8.1612344e+00 7.1781580e+00 7.3673568e+00 7.4723880e+00 7.5270434e+00 7.6128575e+00 7.7487397e+00 7.9561009e+00 7.9562027e+00 7.9565132e+00 7.8270733e+00 7.5864546e+00 7.3165544e+00 6.9040068e+00 6.5042643e+00 6.2169040e+00 6.0811908e+00 6.2957313e+00 6.5066381e+00 6.5964653e+00 6.6448471e+00 6.5877968e+00 6.5099785e+00 6.4018957e+00 6.5024909e+00 6.6184468e+00 6.7486330e+00 6.5761008e+00 6.5050352e+00 6.4917194e+00 6.3558012e+00 6.2142557e+00 6.1693862e+00 6.1647040e+00
8.2488072e+00 7.9250271e+00 8.3195524e+00 8.8151929e+00 9.0212009e+00 8.6491929e+00 8.4575261e+00 7.9093608e+00 7.8979206e+00 9.1905312e+00 9.0471982e+00 8.9787220e+00 9.2225819e+00 9.5066227e+00 8.9338281e+00 9.0917586e+00 8.8203385e+00 7.9232200e+00 6.6708243e+00 6.6680354e+00 7.2097228e+00 7.6016687e+00 7.9570799e+00 8.3022690e+00 8.2362581e+00 8.1642651e+00 8.0775610e+00 7.9281349e+00 7.7184624e+00 7.2357357e+00 6.7434052e+00 6.5137422e+00 6.4444521e+00 6.6006629e+00 6.7505488e+00 6.6799319e+00 6.6286828e+00 6.5927534e+00 6.5463928e+00 6.4725317e+00 6.5139298e+00 6.5621653e+00 6.7031517e+00 6.6876421e+00 6.6089667e+00 6.5180369e+00 6.3778305e+00 6.2278567e+00 6.2047104e+00 6.2518316e+00
8.4277681e+00 8.4990095e+00 8.6681554e+00 9.5421378e+00 1.0540762e+01 1.0217943e+01 1.0208579e+01 8.8203154e+00 7.7481931e+00 8.7910942e+00 8.5191677e+00 8.7718185e+00 9.3562418e+00 9.5971109e+00 9.6160541e+00 9.4107841e+00 8.8619423e+00 7.6127980e+00 5.8732496e+00 6.4441626e+00 7.3765409e+00 7.7554353e+00 8.1366973e+00 8.4426115e+00 8.4087739e+00 8.3008389e+00 8.2246722e+00 8.1783333e+00 8.1378869e+00 7.6500743e+00 7.1420177e+00 6.9385638e+00 6.8927011e+00 7.0083654e+00 7.1697256e+00 7.0195715e+00 6.8419405e+00 6.7468668e+00 6.6824645e+00 6.6251121e+00 6.5897020e+00 6.6890822e+00 6.7641160e+00 6.7669617e+00 6.7025926e+00 6.6133923e+00 6.5179788e+00 6.4031995e+00 6.3815277e+00 6.3960748e+00
9.2379773e+00 9.0110038e+00 9.2023493e+00 9.8021716e+00 1.0178664e+01 1.0966365e+01 1.1905536e+01 1.1293244e+01 1.0492882e+01 9.9932225e+00 9.3344178e+00 9.3931506e+00 9.5063940e+00 9.4436517e+00 9.5521861e+00 9.5091523e+00 9.2852062e+00 8.8258412e+00 8.4494741e+00 7.9898592e+00 7.8544346e+00 8.1221747e+00 8.4291301e+00 8.6154470e+00 8.5695094e+00 8.3925835e+00 8.2666022e+00 8.2305464e+00 8.1493602e+00 7.8108347e+00 7.4918178e+00 7.3123739e+00 7.2967257e+00 7.2999286e+00 7.3076064e+00 7.2129431e+00 7.0995743e+00 7.0122760e+00 6.8911873e+00 6.8303826e+00 6.7768107e+00 6.8542389e+00 6.9079380e+00 6.9154890e+00 6.8377874e+00 6.7609377e+00 6.6812827e+00 6.6103367e+00 6.5926455e+00 6.5738345e+00
9.9566419e+00 9.8984175e+00 9.9310227e+00 1.0086009e+01 9.9939950e+00 1.0212554e+01 1.0419799e+01 1.0805170e+01 1.0480273e+01 1.0036840e+01 9.7083543e+00 9.7125208e+00 9.5411344e+00 9.4227751e+00 9.4202463e+00 9.4911201e+00 9.5835284e+00 9.5104618e+00 9.3323457e+00 8.8250540e+00 8.4935084e+00 8.5996408e+00 8.7894857e+00 8.8841618e+00 8.7889637e+00 8.6915063e+00 8.4220402e+00 8.2372110e+00 8.1073690e+00 7.8900226e+00 7.7055165e+00 7.5891238e+00 7.5868617e+00 7.5021247e+00 7.4380340e+00 7.4016538e+00 7.3573837e+00 7.2200550e+00 7.0800828e+00 6.9930859e+00 6.9815662e+00 7.0201636e+00 7.0785783e+00 7.1209484e+00 7.0273540e+00 6.9549602e+00 6.8753525e+00 6.8199130e+00 6.7916844e+00 6.7754509e+00
1.0446353e+01 1.0597626e+01 1.0393920e+01 1.0269087e+01 9.4407163e+00 9.1810178e+00 1.0199992e+01 1.0081146e+01 9.9523603e+00 9.7117177e+00 9.5558338e+00 9.8827633e+00 9.5493102e+00 9.3477736e+00 9.2276014e+00 9.1289282e+00 9.6256690e+00 9.6303298e+00 9.4001055e+00 9.0913773e+00 8.9126614e+00 8.9725584e+00 9.1536434e+00 9.2280125e+00 8.9956351e+00 8.8753485e+00 8.5809241e+00 8.2903267e+00 8.1291256e+00 7.9733043e+00 7.8596474e+00 7.7817580e+00 7.7220075e+00 7.6011239e+00 7.5299718e+00 7.5333099e+00 7.5361018e+00 7.3494462e+00 7.2144068e+00 7.1497991e+00 7.1467484e+00 7.1657282e+00 7.2124360e+00 7.2359328e+00 7.1527316e+00 7.0830826e+00 7.0231417e+00 6.9909113e+00 6.9500721e+00 6.9212905e+00
1.0437623e+01 1.0650882e+01 1.0513551e+01 1.0286269e+01 9.7706520e+00 9.4520498e+00 9.8221281e+00 9.8828627e+00 9.6307363e+00 9.5250242e+00 9.6047747e+00 9.7626223e+00 9.3488682e+00 9.0620014e+00 8.9179819e+00 8.9058219e+00 9.4009599e+00 9.5109059e+00 9.3926078e+00 9.1868361e+00 9.0890994e+00 9.2385526e+00 9.4717454e+00 9.3998214e+00 9.0947001e+00 8.8617538e+00 8.6226768e+00 8.4879177e+00 8.2991546e+00 8.1127583e+00 8.0293004e+00 7.9852300e+00 7.9816559e+00 7.7977317e+00 7.5830760e+00 7.5608289e+00 7.5454113e+00 7.4537336e+00 7.3643364e+00 7.3731374e+00 7.3654763e+00 7.2936621e+00 7.3083817e+00 7.3125631e+00 7.2754795e+00 7.2345042e+00 7.1878496e+00 7.1607146e+00 7.1405655e+00 7.0918426e+00
1.0256985e+01 1.0397154e+01 1.0406022e+01 1.0479175e+01 1.0568018e+01 1.0809470e+01 1.0350939e+01 9.9244150e+00 9.8101444e+00 9.7582744e+00 9.7253239e+00 9.4428148e+00 9.0027835e+00 8.6759872e+00 8.7369724e+00 8.9070462e+00 9.1992428e+00 9.3544963e+00 9.3308179e+00 9.2051199e+00 9.1207812e+00 9.3442403e+00 9.5242560e+00 9.3838228e+00 9.1549542e+00 8.9662798e+00 8.7950669e+00 8.6353705e+00 8.4925160e+00 8.4094358e+00 8.3352104e+00 8.2213075e+00 8.1889584e+00 7.9747321e+00 7.7450450e+00 7.6663921e+00 7.5986088e+00 7.5283033e+00 7.5211488e+00 7.5439980e+00 7.5232688e+00 7.4895957e+00 7.4908627e+00 7.4852306e+00 7.4641123e+00 7.4328544e+00 7.3862078e+00 7.3619862e+00 7.4124848e+00 7.3811649e+00
1.0326251e+01 1.0186107e+01 1.0188755e+01 1.0510083e+01 1.0902512e+01 1.1171871e+01 1.0888022e+01 1.0448526e+01 1.0351240e+01 1.0435314e+01 9.9142151e+00 9.4807336e+00 9.1461583e+00 8.9676526e+00 8.9801482e+00 9.0912162e+00 9.3044207e+00 9.4246288e+00 9.4231389e+00 9.3609832e+00 9.3377656e+00 9.4642134e+00 9.5555231e+00 9.4399909e+00 9.2760921e+00 8.9987532e+00 8.9312495e+00 8.8322040e+00 8.7262048e+00 8.6660546e+00 8.5620353e+00 8.3135763e+00 8.2197810e+00 8.0762120e+00 7.9173633e+00 7.8099870e+00 7.7088687e+00 7.6130964e+00 7.6396975e+00 7.6674264e+00 7.6621211e+00 7.6311586e+00 7.6283364e+00 7.6171196e+00 7.6186524e+00 7.6123624e+00 7.5316974e+00 7.4701939e+00 7.5202168e+00 7.5309634e+00
1.0320925e+01 1.0235057e+01 1.0135124e+01 1.0549387e+01 1.0859669e+01 1.1181119e+01 1.1255383e+01 1.0874696e+01 1.0567316e+01 1.0261631e+01 9.6291172e+00 9.5943183e+00 9.5212658e+00 9.4330699e+00 9.4126860e+00 9.4806878e+00 9.5499245e+00 9.6103187e+00 9.6208977e+00 9.5870981e+00 9.6044060e+00 9.7040997e+00 9.7243245e+00 9.6112002e+00 9.4132437e+00 9.2581337e+00 9.2180101e+00 9.1437359e+00 8.9751821e+00 8.8635653e+00 8.6992589e+00 8.4640112e+00 8.3127627e+00 8.1867108e+00 8.0777370e+00 7.9871265e+00 7.9229616e+00 7.8345735e+00 7.8300054e+00 7.8479500e+00 7.8264866e+00 7.7931758e+00 7.7538604e+00 7.7233405e+00 7.7465953e+00 7.7708310e+00 7.6704804e+00 7.5975791e+00 7.6119333e+00 7.6455345e+00
1.0427351e+01 1.0292301e+01 1.0234696e+01 1.0540658e+01 1.0686426e+01 1.1046277e+01 1.1200584e+01 1.1000843e+01 1.0616760e+01 1.0213192e+01 9.8922092e+00 9.9465259e+00 1.0025709e+01 9.9575153e+00 9.8866839e+00 9.8884814e+00 9.8800405e+00 9.8697814e+00 9.8446537e+00 9.8138255e+00 9.8660772e+00 9.9884837e+00 9.9688465e+00 9.8385582e+00 9.6654837e+00 9.5316281e+00 9.5292569e+00 9.5069625e+00 9.2669756e+00 9.0586250e+00 8.8563312e+00 8.6342599e+00 8.4535079e+00 8.3412063e+00 8.2797970e+00 8.2213738e+00 8.1431196e+00 8.0966585e+00 8.0714768e+00 8.0404599e+00 8.0046950e+00 7.9814601e+00 7.9005417e+00 7.8300548e+00 7.8261108e+00 7.8276675e+00 7.7723101e+00 7.7207586e+00 7.7090556e+00 7.7807587e+00
1.0636370e+01 1.0684175e+01 1.0936196e+01 1.1149214e+01 1.0852760e+01 1.1033180e+01 1.1370464e+01 1.1070998e+01 1.0770663e+01 1.0502243e+01 1.0336448e+01 1.0362004e+01 1.0533302e+01 1.0499568e+01 1.0453938e+01 1.0397804e+01 1.0278046e+01 1.0171282e+01 1.0119800e+01 1.0110654e+01 1.0093842e+01 1.0218753e+01 1.0216517e+01 1.0122065e+01 9.8901393e+00 9.6445519e+00 9.6175353e+00 9.5913907e+00 9.4227694e+00 9.2199860e+00 9.0380800e+00 8.8374133e+00 8.6486601e+00 8.5902510e+00 8.5510430e+00 8.5033516e+00 8.4407192e+00 8.3680951e+00 8.3185253e+00 8.2894665e+00 8.2118496e+00 8.1635702e+00 8.0949802e+00 7.9942938e+00 7.9436073e+00 7.9307682e+00 7.9361310e+00 7.8738410e+00 7.8064872e+00 7.9205065e+00
1.0945050e+01 1.0901249e+01 1.0552711e+01 1.1453506e+01 1.1308860e+01 1.0943571e+01 1.1318172e+01 1.1269309e+01 1.1019537e+01 1.0934134e+01 1.0936382e+01 1.0726332e+01 1.0753021e+01 1.0835343e+01 1.0970258e+01 1.1028836e+01 1.0744494e+01 1.0448434e+01 1.0350851e+01 1.0391441e+01 1.0458252e+01 1.0560668e+01 1.0460380e+01 1.0324578e+01 1.0109265e+01 9.6521928e+00 9.6216289e+00 9.6263727e+00 9.5142672e+00 9.3878594e+00 9.2707062e+00 9.1795342e+00 8.9817807e+00 8.9061033e+00 8.8762536e+00 8.8334712e+00 8.7458529e+00 8.6572865e+00 8.5636117e+00 8.5153004e+00 8.3944449e+00 8.3013351e+00 8.2677983e+00 8.1982988e+00 8.0724911e+00 8.0709014e+00 8.1186859e+00 8.1233019e+00 8.0711978e+00 8.0634338e+00
1.1192323e+01 1.1361362e+01 1.1218634e+01 1.0889085e+01 1.1286618e+01 1.1410937e+01 1.1655739e+01 1.1311980e+01 1.1063274e+01 1.0893347e+01 1.0776331e+01 1.0698395e+01 1.0811300e+01 1.0960099e+01 1.1237456e+01 1.1468475e+01 1.1062675e+01 1.0566092e+01 1.0429991e+01 1.0497425e+01 1.0743834e+01 1.0914685e+01 1.0602986e+01 1.0326328e+01 1.0091539e+01 9.7591023e+00 9.6975290e+00 9.7360962e+00 9.6369614e+00 9.5517544e+00 9.4564403e+00 9.3695170e+00 9.2688712e+00 9.2035579e+00 9.1594404e+00 9.2158606e+00 9.0100402e+00 8.8564268e+00 8.7558810e+00 8.6442849e+00 8.5142551e+00 8.4161596e+00 8.4427375e+00 8.4506287e+00 8.2030795e+00 8.2236687e+00 8.3245252e+00 8.3668670e+00 8.3001194e+00 8.1237998e+00
