presentation/data/depth_0005.asc
ncols     164
nrows     146
xllcorner -1.242151388888889e+02
yllcorner  4.172986111111111e+01
cellsize  2.777777777820000e-04
nodata_value       -9999
[rows 88 to 109 of 146, columns 50 to 99 of 164]
0.0000000e+00 0.0000000e+00 0.0000000e+00 0.0000000e+00 0.0000000e+00 0.0000000e+00 4.4496105e-01 2.0562904e+00 2.1507245e+00 2.1007132e+00 2.2564906e+00 2.5381308e+00 2.8955979e+00 3.2244728e+00 3.5001663e+00 3.6593783e+00 3.9972897e+00 4.4671414e+00 4.6930101e+00 4.9335301e+00 4.9088388e+00 5.0947802e+00 5.1354406e+00 5.0316266e+00 5.1579571e+00 5.0404625e+00 5.1529847e+00 4.6920198e+00 3.5559374e+00 4.5822621e+00 4.9242103e+00 4.5085784e+00 4.6464599e+00 4.8849655e+00 4.9888180e+00 4.8812696e+00 4.9788430e+00 5.0462154e+00 5.0395293e+00 4.9781386e+00 5.0561696e+00 5.0591133e+00 5.0076887e+00 5.0033624e+00 5.0687442e+00 5.1087161e+00 5.3385340e+00 4.4711434e+00 4.4784068e+00 5.0606481e+00
8.8057015e-04 3.1967639e-01 1.5049439e-01 0.0000000e+00 0.0000000e+00 0.0000000e+00 0.0000000e+00 9.2329382e-04 1.9778258e+00 2.3278225e+00 2.3979598e+00 2.5945822e+00 2.9258775e+00 3.5071785e+00 3.7379924e+00 3.9634173e+00 4.3458134e+00 4.5625764e+00 4.5682669e+00 4.9451030e+00 5.3163387e+00 5.4282528e+00 5.2596585e+00 5.1196616e+00 5.1127895e+00 4.5982650e+00 4.1542742e+00 3.9640394e+00 3.6861163e+00 4.2157433e+00 4.6895576e+00 4.8585152e+00 4.9556384e+00 5.0505143e+00 5.1351462e+00 5.1491967e+00 5.1416781e+00 5.2327721e+00 5.2573173e+00 5.2684149e+00 5.2802782e+00 5.2863875e+00 5.3314534e+00 5.2672686e+00 5.2383555e+00 5.2517146e+00 5.3893008e+00 4.9708645e+00 4.6554915e+00 4.6185828e+00
2.1786532e+00 1.8535190e+00 9.6433792e-01 6.0079948e-01 0.0000000e+00 0.0000000e+00 0.0000000e+00 0.0000000e+00 0.0000000e+00 2.1565073e+00 2.5250886e+00 2.6078166e+00 2.8555909e+00 3.2755807e+00 3.5142622e+00 3.8215485e+00 4.0697306e+00 4.2501058e+00 4.3518227e+00 4.5707572e+00 4.7954560e+00 4.8690140e+00 4.6587463e+00 4.5095653e+00 4.3957479e+00 3.8482515e+00 3.3321079e+00 3.9328636e+00 4.3790709e+00 4.6831066e+00 4.9772304e+00 5.1414086e+00 5.2417389e+00 5.2641803e+00 5.3048455e+00 5.3694485e+00 5.4035788e+00 5.4112173e+00 5.4830740e+00 5.5052937e+00 5.5142081e+00 5.4727661e+00 5.5646313e+00 5.5867763e+00 5.5211936e+00 5.5252289e+00 5.4561799e+00 5.3992859e+00 4.8520845e+00 4.8548848e+00
2.1330855e+00 2.1593033e+00 1.9409695e+00 1.7026977e+00 0.0000000e+00 0.0000000e+00 0.0000000e+00 0.0000000e+00 0.0000000e+00 0.0000000e+00 2.3250658e+00 2.6821114e+00 2.6919961e+00 2.8707928e+00 2.8416923e+00 2.7485558e+00 3.4289402e+00 3.6966714e+00 3.8239176e+00 3.9519829e+00 4.0136721e+00 3.9570466e+00 3.7751367e+00 3.6031575e+00 3.7133012e+00 3.7814971e+00 3.8961026e+00 4.4308532e+00 4.8477865e+00 5.0814300e+00 5.2220712e+00 5.3362203e+00 5.4038017e+00 5.4702855e+00 5.4922112e+00 5.5426111e+00 5.6110106e+00 5.6535222e+00 5.6488681e+00 5.7161613e+00 5.7007386e+00 5.7002351e+00 5.8105373e+00 5.8228045e+00 5.7837699e+00 5.7792670e+00 5.7097148e+00 5.6028095e+00 5.4730820e+00 5.3880756e+00
2.0104048e+00 2.1511930e+00 1.2277405e+00 2.0566140e+00 1.2358186e+00 0.0000000e+00 0.0000000e+00 0.0000000e+00 0.0000000e+00 0.0000000e+00 0.0000000e+00 2.2730492e+00 2.6674906e+00 2.7470222e+00 1.1093151e+00 0.0000000e+00 2.6536351e+00 3.1703079e+00 3.2599962e+00 3.3250660e+00 3.2606531e+00 3.1245730e+00 3.0359844e+00 2.9503859e+00 3.4764591e+00 4.0906488e+00 4.4820732e+00 4.8345157e+00 5.1529582e+00 5.3362440e+00 5.4409423e+00 5.4911352e+00 5.5460610e+00 5.5993267e+00 5.6445517e+00 5.6933790e+00 5.7604263e+00 5.8291910e+00 5.8665921e+00 5.8522952e+00 5.8700667e+00 5.9079320e+00 5.9979561e+00 5.9787983e+00 5.9921735e+00 5.9242920e+00 5.7852164e+00 5.6250105e+00 5.4253651e+00 5.3119999e+00
1.7935528e+00 1.9314734e+00 2.0705077e+00 2.3119385e+00 2.1552617e+00 8.2423828e-04 0.0000000e+00 0.0000000e+00 0.0000000e+00 5.5992539e-01 0.0000000e+00 0.0000000e+00 1.8732203e+00 2.4484304e+00 1.7183730e+00 1.6433333e+00 2.7261588e+00 2.8039906e+00 2.8596324e+00 2.8616405e+00 2.7405926e+00 2.6774190e+00 3.0634356e+00 3.4296583e+00 4.0838576e+00 4.6314776e+00 5.0211061e+00 5.2373955e+00 5.3847283e+00 5.4946843e+00 5.5910346e+00 5.6715721e+00 5.6988555e+00 5.7451858e+00 5.8001663e+00 5.8240322e+00 5.8846586e+00 5.9515703e+00 5.9610631e+00 5.9952568e+00 6.0601178e+00 6.1201566e+00 6.1558379e+00 6.1529827e+00 6.1173243e+00 6.0114046e+00 5.7484196e+00 5.3271522e+00 5.0182731e+00 4.8458055e+00
1.7858382e+00 1.9380717e+00 2.2339059e+00 2.2475469e+00 2.2173211e+00 1.3935773e+00 0.0000000e+00 0.0000000e+00 1.5877590e+00 2.2834659e+00 1.8612395e+00 0.0000000e+00 0.0000000e+00 0.0000000e+00 1.0437532e+00 2.8549124e+00 2.6273152e+00 2.6525819e+00 2.6946196e+00 2.6800627e+00 2.6748682e+00 3.1601350e+00 3.7849615e+00 4.3420764e+00 4.7443544e+00 5.0527375e+00 5.3090395e+00 5.5082387e+00 5.6143643e+00 5.6461729e+00 5.7100471e+00 5.7875985e+00 5.8614048e+00 5.8865818e+00 5.9431281e+00 5.9854235e+00 6.0279089e+00 6.0428185e+00 6.0735859e+00 6.1607358e+00 6.2322996e+00 6.2823176e+00 6.3332353e+00 6.3328514e+00 6.3119600e+00 6.1520197e+00 5.3632818e+00 4.5932231e+00 4.3919512e+00 4.1736680e+00
1.9618970e+00 2.0534241e+00 2.1469748e+00 2.1912964e+00 2.2390763e+00 2.0727005e+00 8.1855161e-01 0.0000000e+00 1.0733474e+00 2.5422506e+00 1.2625480e+00 1.3243514e+00 0.0000000e+00 0.0000000e+00 6.9331198e-04 2.7649757e+00 2.6521242e+00 2.6835216e+00 2.7123741e+00 2.9595354e+00 3.3085580e+00 3.9423930e+00 4.4957317e+00 4.8506579e+00 5.1633583e+00 5.3527546e+00 5.5178084e+00 5.6508328e+00 5.7705179e+00 5.8306356e+00 5.8554042e+00 5.9077196e+00 5.9782441e+00 6.0400214e+00 6.0798278e+00 6.1110103e+00 6.1146389e+00 6.1412271e+00 6.1901256e+00 6.2834185e+00 6.3747390e+00 6.4397536e+00 6.5238294e+00 6.5967404e+00 6.6954608e+00 6.6072910e+00 4.7093465e+00 3.2171541e+00 3.0406963e+00 3.3803862e+00
2.1234535e+00 2.1844408e+00 2.2119827e+00 2.2275880e+00 2.2222852e+00 2.2012414e+00 1.8950169e+00 6.3284447e-02 0.0000000e+00 1.6610186e+00 2.0108505e+00 2.1125967e+00 1.4323623e+00 1.2890721e+00 2.3135030e+00 2.8386328e+00 2.9223181e+00 2.9886573e+00 3.0499504e+00 3.6001275e+00 4.2884549e+00 4.7247612e+00 4.9665701e+00 5.1748247e+00 5.3707259e+00 5.5508656e+00 5.6582638e+00 5.7679735e+00 5.8534727e+00 5.9337593e+00 5.9793284e+00 6.0197097e+00 6.0797390e+00 6.1161365e+00 6.1318258e+00 6.1532370e+00 6.1828001e+00 6.2013306e+00 6.2632336e+00 6.3552667e+00 6.4337868e+00 6.5253425e+00 6.6260617e+00 6.7521516e+00 6.8883883e+00 6.2160598e+00 6.1196464e-02 0.0000000e+00 6.7551775e-04 9.2491492e-01
2.2894103e+00 2.3100751e+00 2.3156246e+00 2.3065556e+00 2.2726995e+00 2.1930236e+00 2.1595738e+00 1.7986949e+00 0.0000000e+00 0.0000000e+00 1.9692354e+00 2.3606131e+00 2.6506114e+00 2.9023745e+00 2.9034998e+00 3.0540633e+00 3.3698118e+00 3.6054872e+00 3.8104595e+00 4.2983244e+00 4.7425699e+00 5.0664715e+00 5.3011588e+00 5.3872740e+00 5.5209328e+00 5.6476847e+00 5.7634149e+00 5.8478789e+00 5.9145289e+00 5.9923875e+00 6.0410892e+00 6.0856861e+00 6.1274548e+00 6.1096727e+00 6.1802857e+00 6.2172179e+00 6.2824023e+00 6.2992150e+00 6.3571550e+00 6.4098881e+00 6.4819042e+00 6.5688881e+00 6.6312033e+00 6.6734792e+00 6.6319808e+00 6.2641931e+00 4.2315648e+00 2.8999202e+00 1.3752735e+00 1.8940410e-01
2.5106188e+00 2.4930746e+00 2.4672158e+00 2.4259394e+00 2.3454980e+00 2.2527799e+00 2.1752446e+00 2.2175538e+00 1.2138149e+00 0.0000000e+00 1.1270301e+00 2.7194987e+00 2.5085881e+00 2.6861017e+00 2.9434372e+00 3.2505370e+00 3.6331549e+00 3.8517642e+00 4.0781746e+00 4.5550290e+00 4.9179092e+00 5.2603475e+00 5.4880482e+00 5.5635912e+00 5.6154566e+00 5.7155275e+00 5.7994875e+00 5.9040322e+00 5.9622720e+00 6.0395490e+00 6.0964871e+00 6.1188499e+00 6.0981196e+00 6.1858043e+00 6.2541064e+00 6.2834042e+00 6.3654667e+00 6.3795102e+00 6.4267813e+00 6.4712223e+00 6.5342767e+00 6.5866812e+00 6.6017592e+00 6.5519530e+00 6.4344806e+00 6.1807916e+00 5.8230557e+00 5.5162075e+00 5.2932390e+00 4.9870040e+00
2.7386107e+00 2.6760969e+00 2.6348719e+00 2.5553321e+00 2.4377739e+00 2.3403506e+00 2.2114200e+00 2.1760698e+00 1.9193227e+00 9.3155363e-04 0.0000000e+00 2.0369779e+00 2.5628340e+00 2.8148064e+00 3.0211512e+00 3.3250747e+00 3.5793372e+00 3.7708966e+00 4.2942631e+00 4.6739102e+00 5.0175448e+00 5.3111729e+00 5.5038463e+00 5.5682215e+00 5.6543377e+00 5.7470470e+00 5.8331260e+00 5.9214253e+00 6.0128143e+00 6.0644128e+00 6.1170016e+00 6.1596376e+00 6.1607222e+00 6.2265653e+00 6.3109828e+00 6.3525611e+00 6.4250907e+00 6.4421191e+00 6.4835813e+00 6.5334298e+00 6.5764270e+00 6.6042054e+00 6.5783440e+00 6.5043109e+00 6.4185577e+00 6.2318160e+00 6.0603079e+00 6.0477822e+00 5.8945974e+00 5.7358594e+00
2.9571829e+00 2.8540566e+00 2.7920652e+00 2.6668596e+00 2.5091516e+00 2.3914043e+00 2.2537388e+00 2.1403328e+00 2.0231558e+00 1.1212978e+00 0.0000000e+00 0.0000000e+00 2.1320412e+00 2.8322014e+00 3.0527655e+00 3.3969918e+00 3.7423731e+00 4.0014723e+00 4.4716981e+00 4.7809734e+00 5.0463413e+00 5.2602606e+00 5.4017245e+00 5.5395017e+00 5.6738361e+00 5.7753094e+00 5.8691986e+00 5.9548404e+00 6.0403314e+00 6.1248159e+00 6.1724858e+00 6.1722087e+00 6.2161138e+00 6.2699080e+00 6.3482121e+00 6.4096558e+00 6.4815525e+00 6.4987263e+00 6.5355076e+00 6.5763765e+00 6.6267262e+00 6.6155575e+00 6.5775852e+00 6.5080465e+00 6.4852550e+00 6.4725752e+00 6.3541189e+00 6.1969825e+00 6.0426613e+00 6.0121785e+00
3.3064793e+00 3.1561631e+00 3.0217518e+00 2.8348002e+00 2.6327122e+00 2.4741642e+00 2.3183504e+00 2.1780326e+00 2.1050638e+00 2.0745502e+00 8.1350660e-01 0.0000000e+00 9.8415789e-01 2.9927349e+00 3.0346511e+00 3.4609553e+00 3.9186976e+00 4.2550677e+00 4.4888886e+00 4.8330525e+00 5.0634585e+00 5.2160628e+00 5.3803299e+00 5.5204606e+00 5.6607022e+00 5.7869818e+00 5.8780215e+00 5.9784201e+00 6.0720341e+00 6.1585842e+00 6.2001518e+00 6.1914667e+00 6.2588985e+00 6.3143025e+00 6.4012363e+00 6.4626291e+00 6.5174367e+00 6.5208823e+00 6.5625397e+00 6.6265854e+00 6.6391825e+00 6.6376946e+00 6.6122754e+00 6.5498984e+00 6.5766897e+00 6.5888901e+00 6.5139011e+00 6.3609693e+00 6.3192566e+00 6.2612256e+00
3.7676753e+00 3.5438959e+00 3.3362687e+00 3.0910855e+00 2.8324230e+00 2.5952592e+00 2.4091511e+00 2.2617418e+00 2.1279886e+00 2.1185447e+00 1.7063994e+00 0.0000000e+00 0.0000000e+00 2.7077319e+00 3.0072047e+00 3.3804901e+00 3.8481145e+00 4.2687886e+00 4.5580080e+00 4.7655545e+00 4.9987157e+00 5.1929907e+00 5.3499828e+00 5.5173010e+00 5.6472330e+00 5.7710474e+00 5.8954950e+00 6.0031945e+00 6.0934308e+00 6.1540811e+00 6.1879431e+00 6.2439047e+00 6.3164645e+00 6.3592101e+00 6.4284506e+00 6.4827318e+00 6.5479972e+00 6.5448468e+00 6.5756192e+00 6.6425365e+00 6.6723250e+00 6.6777775e+00 6.6676882e+00 6.5890352e+00 6.5757568e+00 6.5928762e+00 6.5681877e+00 6.5633733e+00 6.5222858e+00 6.4452590e+00
4.1815447e+00 3.8912962e+00 3.6209259e+00 3.2950864e+00 2.9633684e+00 2.6720859e+00 2.4469497e+00 2.2910398e+00 2.1676165e+00 2.0956495e+00 1.9364102e+00 4.5350683e-01 0.0000000e+00 2.6485311e-01 3.0450408e+00 3.2164021e+00 3.6734857e+00 4.0943974e+00 4.4345568e+00 4.7521223e+00 4.8964247e+00 5.1087860e+00 5.3095989e+00 5.4700657e+00 5.6300858e+00 5.7526793e+00 5.8871151e+00 6.0136444e+00 6.0949742e+00 6.0988083e+00 6.1973004e+00 6.3221602e+00 6.3547374e+00 6.3561211e+00 6.4436126e+00 6.4877327e+00 6.5477315e+00 6.5885959e+00 6.5929525e+00 6.6300323e+00 6.6847696e+00 6.7012726e+00 6.7193156e+00 6.6743772e+00 6.6777204e+00 6.7026142e+00 6.6790543e+00 6.6620665e+00 6.6191774e+00 6.5045376e+00
4.6057457e+00 4.2141081e+00 3.8784909e+00 3.4526732e+00 3.0395076e+00 2.7026685e+00 2.4597547e+00 2.3009024e+00 2.1967149e+00 2.1049574e+00 2.0325759e+00 1.9562966e+00 8.1127955e-04 0.0000000e+00 2.0204973e+00 3.1280265e+00 3.4410832e+00 3.8610044e+00 4.1877733e+00 4.5743956e+00 4.8429594e+00 4.9656536e+00 5.2166507e+00 5.3863080e+00 5.5436888e+00 5.7204440e+00 5.8429500e+00 5.9806896e+00 6.0768493e+00 6.0838939e+00 6.2387306e+00 6.3450145e+00 6.3784281e+00 6.3781151e+00 6.4369414e+00 6.5115419e+00 6.5550047e+00 6.6335166e+00 6.6252860e+00 6.6478189e+00 6.6985982e+00 6.7391230e+00 6.7570846e+00 6.7481320e+00 6.7698722e+00 6.7850391e+00 6.7449416e+00 6.6977421e+00 6.6502734e+00 6.5950971e+00
5.0927985e+00 4.6069481e+00 4.1603830e+00 3.6263750e+00 3.0991971e+00 2.6921789e+00 2.4392962e+00 2.3443403e+00 2.3054103e+00 2.1938164e+00 2.1106676e+00 2.1578232e+00 1.6970715e+00 0.0000000e+00 0.0000000e+00 2.8341514e+00 3.2661450e+00 3.5845868e+00 3.9255921e+00 4.3213473e+00 4.6588543e+00 4.8920317e+00 5.0426781e+00 5.2862567e+00 5.4535008e+00 5.6158091e+00 5.7852456e+00 5.9228059e+00 6.0449864e+00 6.0928270e+00 6.2498799e+00 6.3614668e+00 6.4235897e+00 6.4043871e+00 6.4585028e+00 6.5237079e+00 6.5754618e+00 6.6383651e+00 6.6147457e+00 6.6813509e+00 6.7346271e+00 6.7751326e+00 6.7909630e+00 6.8001335e+00 6.8117139e+00 6.8186357e+00 6.7804291e+00 6.7571320e+00 6.7280430e+00 6.6918205e+00
5.6196423e+00 5.0556584e+00 4.4851729e+00 3.7940367e+00 3.1045846e+00 2.5611777e+00 2.2934147e+00 2.1411855e+00 1.8234501e+00 2.2493758e+00 2.3167030e+00 2.2494990e+00 2.1575684e+00 4.2470812e-01 0.0000000e+00 8.9207176e-04 3.0938111e+00 3.3012155e+00 3.6630197e+00 4.1137691e+00 4.5179940e+00 4.8617431e+00 4.9365329e+00 5.0682078e+00 5.2762891e+00 5.4705543e+00 5.6923914e+00 5.8294387e+00 5.9797430e+00 6.0763275e+00 6.1908718e+00 6.3275219e+00 6.4423122e+00 6.4519090e+00 6.4858039e+00 6.5615734e+00 6.5899287e+00 6.6577344e+00 6.6465897e+00 6.7025968e+00 6.7480857e+00 6.8024977e+00 6.8307049e+00 6.8340301e+00 6.8300601e+00 6.8343332e+00 6.8418505e+00 6.8091728e+00 6.7828332e+00 6.7558775e+00
6.2082765e+00 5.5941725e+00 4.8915663e+00 3.9711480e+00 3.0627997e+00 2.2013678e+00 1.3348587e+00 1.2574504e+00 4.2111482e-04 2.0230898e+00 2.6709455e+00 2.5840273e+00 2.4578519e+00 1.8377150e+00 0.0000000e+00 0.0000000e+00 2.3972080e+00 3.1046666e+00 3.4028396e+00 3.8471166e+00 4.2950860e+00 4.6970668e+00 4.9054714e+00 4.9488084e+00 5.0722716e+00 5.2726823e+00 5.5010352e+00 5.7150284e+00 5.8891124e+00 6.0564479e+00 6.2246763e+00 6.2769330e+00 6.3864964e+00 6.4354694e+00 6.5087252e+00 6.5751203e+00 6.6092079e+00 6.6876571e+00 6.6841346e+00 6.7538720e+00 6.8131504e+00 6.8415333e+00 6.8808203e+00 6.8718224e+00 6.8448974e+00 6.8458352e+00 6.8755736e+00 6.8574044e+00 6.7972531e+00 6.7719828e+00
6.9166591e+00 6.2109836e+00 5.3881229e+00 4.2470693e+00 3.0647062e+00 1.9932733e+00 1.2428586e+00 1.7662331e+00 1.6139260e+00 2.3234911e+00 3.1086266e+00 3.0874774e+00 2.8949114e+00 2.3731562e+00 9.5889759e-01 0.0000000e+00 0.0000000e+00 3.1871687e+00 3.2584913e+00 3.5573391e+00 4.0127612e+00 4.4278541e+00 4.7481228e+00 4.9139915e+00 4.8773873e+00 4.9597002e+00 5.1839611e+00 5.4623652e+00 5.7116331e+00 6.0105062e+00 6.3079584e+00 6.3491683e+00 6.3564268e+00 6.4219679e+00 6.4970189e+00 6.5772826e+00 6.6306462e+00 6.7101746e+00 6.7122097e+00 6.7555472e+00 6.8161304e+00 6.8706469e+00 6.9244824e+00 6.8822921e+00 6.8465683e+00 6.8294740e+00 6.8521541e+00 6.8603558e+00 6.8479102e+00 6.8002146e+00
7.5961374e+00 6.8423576e+00 5.9279784e+00 4.6167749e+00 3.2295939e+00 2.2586954e+00 2.0692849e+00 2.0017009e+00 5.5216367e-01 2.7688254e+00 3.6381367e+00 3.6695446e+00 3.5163707e+00 3.0567511e+00 2.5051461e+00 1.1869052e+00 0.0000000e+00 1.2438576e+00 3.1053955e+00 3.3271168e+00 3.7566600e+00 4.1729477e+00 4.5059746e+00 4.7420552e+00 4.8003246e+00 4.6848442e+00 4.7683696e+00 5.0740502e+00 5.4160733e+00 5.7498657e+00 5.8876101e+00 6.1592459e+00 6.2874702e+00 6.3209517e+00 6.4372898e+00 6.5401534e+00 6.6235228e+00 6.7132155e+00 6.7425927e+00 6.7903586e+00 6.8384301e+00 6.8923465e+00 6.9374174e+00 6.8497782e+00 6.7991906e+00 6.7607268e+00 6.7805498e+00 6.8092175e+00 6.8332480e+00 6.8444198e+00
