presentation/data/depth_0007.asc
ncols     164
nrows     146
xllcorner -1.242151388888889e+02
yllcorner  4.172986111111111e+01
cellsize  2.777777777820000e-04
nodata_value       -9999
[rows 110 to 131 of 146, columns 50 to 99 of 164]
8.5147978e+00 7.9203985e+00 6.7188205e+00 4.8730082e+00 3.1266863e+00 2.2659715e+00 1.7920321e+00 1.8838357e+00 1.4309620e+00 2.7314108e+00 4.1057405e+00 4.5620870e+00 4.7212431e+00 3.2119801e+00 2.6911017e+00 2.4525985e+00 9.4285877e-04 0.0000000e+00 1.7889761e+00 2.4794294e+00 2.7323126e+00 3.1176748e+00 3.4479593e+00 3.7116415e+00 3.8830719e+00 3.9215027e+00 3.8286227e+00 3.9365809e+00 4.3683272e+00 4.7297422e+00 5.0935169e+00 5.2213348e+00 5.5403384e+00 5.6171774e+00 5.7359764e+00 5.8370290e+00 5.9690854e+00 6.0557053e+00 6.1129817e+00 6.1528028e+00 6.2104838e+00 6.2234970e+00 6.2057501e+00 6.1176882e+00 6.0640067e+00 6.0204805e+00 6.0590244e+00 6.1159628e+00 6.1663125e+00 6.2289593e+00
1.0023643e+01 1.0021827e+01 8.7638729e+00 5.9054520e+00 2.5520406e+00 1.1690779e+00 1.9855470e+00 1.8595764e+00 2.8808270e+00 4.0307680e+00 5.0731573e+00 6.0133538e+00 6.6981910e+00 2.6591308e+00 3.1225483e+00 4.0818031e+00 1.8323205e+00 0.0000000e+00 0.0000000e+00 1.8288109e+00 2.3931234e+00 2.7344723e+00 3.0658950e+00 3.3253716e+00 3.5296959e+00 3.6410081e+00 3.6670104e+00 3.5851380e+00 3.7943913e+00 4.3078286e+00 4.7050853e+00 5.0256246e+00 5.2367548e+00 5.5214921e+00 5.6245177e+00 5.7261436e+00 5.8256725e+00 5.9222244e+00 5.9788286e+00 6.0266805e+00 6.0367769e+00 6.0119521e+00 5.9524819e+00 5.8936940e+00 5.8775860e+00 5.9080005e+00 5.9990765e+00 6.1004565e+00 6.1942804e+00 6.2660550e+00
1.1119723e+01 1.1346316e+01 1.0493623e+01 7.2336633e+00 0.0000000e+00 0.0000000e+00 0.0000000e+00 1.7905296e+00 3.3167964e+00 4.8591412e+00 6.2359824e+00 7.2620636e+00 8.1362976e+00 8.3040778e+00 8.5230692e+00 8.1917829e+00 6.7467620e+00 7.3290693e-01 0.0000000e+00 7.8593687e-04 2.1485401e+00 2.4402763e+00 2.7244572e+00 2.9878046e+00 3.2042356e+00 3.3586379e+00 3.4530075e+00 3.4677813e+00 3.4904870e+00 3.8906688e+00 4.3532505e+00 4.7072374e+00 4.9909795e+00 5.2174259e+00 5.3681075e+00 5.4084797e+00 5.3444140e+00 5.4379824e+00 5.4949932e+00 5.5466146e+00 5.6019272e+00 5.6085864e+00 5.6277544e+00 5.6423775e+00 5.6895693e+00 5.7973453e+00 5.9827637e+00 6.1247847e+00 6.2515754e+00 6.3653062e+00
1.2129393e+01 1.1213006e+01 1.1251295e+01 8.4348228e+00 9.3426578e-04 0.0000000e+00 0.0000000e+00 0.0000000e+00 5.5101640e+00 6.4484284e+00 7.7328268e+00 8.1715861e+00 8.7671190e+00 9.1607680e+00 9.5912223e+00 9.1146442e+00 8.8156129e+00 7.2665700e+00 5.3116605e-04 0.0000000e+00 1.6101026e+00 2.2367230e+00 2.4012445e+00 2.6759031e+00 2.8963508e+00 3.0890014e+00 3.2380482e+00 3.3772756e+00 3.5687518e+00 3.7115699e+00 4.1373320e+00 4.4887840e+00 4.7561655e+00 4.9031537e+00 4.8598624e+00 4.6189324e+00 4.4881767e+00 4.5672417e+00 4.7775454e+00 4.9319925e+00 5.0602618e+00 5.1795014e+00 5.3329935e+00 5.4958698e+00 5.6102179e+00 5.7741649e+00 5.9551627e+00 6.1734148e+00 6.3593333e+00 6.4957431e+00
1.2630359e+01 1.3006814e+01 1.2641966e+01 1.0822071e+01 7.3580904e+00 4.3418399e+00 7.7620922e-01 2.4144857e+00 8.7847356e+00 8.1026411e+00 9.1544579e+00 7.8538215e+00 8.9227366e+00 9.3815812e+00 9.8216768e+00 9.7164879e+00 9.0765155e+00 8.6250052e+00 5.7945125e+00 0.0000000e+00 9.6305466e-04 2.1957310e+00 2.1907530e+00 2.3805569e+00 2.6193873e+00 2.8399102e+00 3.0200336e+00 3.2382152e+00 3.5717731e+00 3.9143534e+00 4.0259122e+00 4.2548319e+00 4.4011859e+00 4.3077162e+00 4.0055897e+00 3.7872024e+00 3.8036866e+00 4.2187717e+00 4.5203445e+00 4.6067833e+00 4.7734192e+00 4.9182287e+00 5.1709266e+00 5.4305914e+00 5.6336191e+00 5.8158206e+00 6.0662146e+00 6.3298227e+00 6.5837212e+00 6.7019015e+00
1.2762352e+01 1.3253991e+01 1.2982379e+01 9.7461902e+00 1.0819694e+01 1.0533091e+01 9.4848872e+00 1.0240739e+01 1.0566981e+01 1.0371634e+01 9.8631946e+00 9.5194729e+00 1.0872053e+01 1.0811591e+01 1.0164406e+01 1.0141272e+01 1.0155683e+01 9.2640345e+00 6.8809315e+00 2.5833608e+00 0.0000000e+00 8.4453056e-01 2.1331032e+00 2.1613376e+00 2.3794908e+00 2.5895419e+00 2.7994913e+00 3.0463139e+00 3.4118300e+00 3.7898462e+00 4.0556833e+00 3.9936193e+00 3.9061156e+00 3.5688145e+00 3.3683278e+00 3.3213480e+00 3.4525724e+00 3.9400008e+00 4.4013542e+00 4.4513200e+00 4.6582926e+00 4.9150524e+00 5.1965403e+00 5.4550115e+00 5.6814116e+00 5.9170893e+00 6.2156601e+00 6.5423098e+00 6.8715073e+00 6.9726718e+00
1.3109291e+01 1.3256503e+01 1.3339049e+01 1.3852318e+01 1.3154135e+01 1.2855574e+01 1.2734820e+01 1.2493976e+01 1.1926983e+01 1.1264212e+01 1.1154877e+01 1.1226873e+01 1.1230190e+01 1.1077934e+01 1.0652542e+01 1.0895912e+01 1.0712394e+01 9.9602224e+00 8.8737999e+00 5.8782268e+00 1.8161950e-01 0.0000000e+00 1.2029924e+00 2.0868241e+00 2.1901082e+00 2.3939833e+00 2.6167084e+00 2.8539324e+00 3.1785699e+00 3.4927968e+00 3.7897502e+00 3.7382780e+00 3.3876331e+00 3.1588970e+00 3.0618741e+00 3.1659134e+00 3.3158228e+00 3.5701577e+00 3.8938944e+00 4.2728785e+00 4.6262881e+00 4.9678138e+00 5.2833832e+00 5.5272898e+00 5.7513494e+00 6.0123735e+00 6.3737919e+00 7.0999408e+00 7.1357616e+00 7.0434583e+00
1.4331825e+01 1.4191179e+01 1.3857579e+01 1.3234752e+01 1.3656442e+01 1.3450935e+01 1.3041462e+01 1.2960281e+01 1.2118344e+01 1.1918829e+01 1.1761286e+01 1.1942806e+01 1.1953917e+01 1.1649948e+01 1.0782381e+01 1.0807282e+01 1.0467198e+01 9.7970059e+00 9.9391972e+00 9.3077624e+00 5.6984875e+00 0.0000000e+00 0.0000000e+00 1.5864479e+00 2.0657898e+00 2.1453498e+00 2.2798009e+00 2.4500544e+00 2.6471292e+00 2.8376545e+00 3.0301761e+00 3.1265252e+00 3.0454879e+00 2.9076853e+00 2.8593257e+00 2.9136237e+00 3.1404385e+00 3.4774343e+00 3.8357201e+00 4.3502489e+00 4.7459402e+00 5.0343301e+00 5.3799248e+00 5.6537363e+00 5.8805316e+00 6.1135753e+00 6.1103892e+00 6.4574033e+00 7.1555828e+00 7.1716020e+00
1.4621938e+01 1.5074588e+01 1.4813551e+01 1.4456905e+01 1.4065932e+01 1.3389881e+01 1.3197617e+01 1.3003126e+01 1.2904470e+01 1.2494188e+01 1.1956727e+01 1.2215192e+01 1.2120796e+01 1.2058492e+01 1.1267262e+01 1.0310320e+01 1.1046302e+01 1.0012428e+01 9.3648106e+00 9.8258865e+00 7.8427558e+00 0.0000000e+00 0.0000000e+00 9.8144298e-04 1.6205165e+00 2.0539579e+00 2.1981934e+00 2.1639479e+00 2.2046602e+00 2.2318979e+00 2.2138597e+00 2.3609664e+00 2.5195396e+00 2.6366178e+00 2.5711772e+00 2.6628481e+00 2.9618487e+00 3.3953593e+00 3.9069413e+00 4.4300587e+00 4.9762434e+00 5.2689340e+00 5.5953808e+00 5.8472610e+00 6.1233251e+00 6.3823865e+00 6.5720381e+00 6.7655488e+00 7.1632130e+00 7.3985349e+00
1.4699087e+01 1.4332619e+01 1.4782686e+01 1.4473524e+01 1.3960365e+01 1.3109415e+01 1.3403739e+01 1.3308915e+01 1.3515825e+01 1.3111786e+01 1.2117270e+01 1.1978831e+01 1.1570916e+01 1.2476210e+01 1.2420072e+01 1.1474470e+01 1.1427240e+01 1.0275852e+01 1.0704191e+01 1.0162916e+01 9.7282814e+00 2.9920109e+00 0.0000000e+00 0.0000000e+00 0.0000000e+00 1.4176224e+00 1.4678306e+00 1.7385843e+00 1.5960541e+00 1.8100179e+00 1.7842140e+00 1.7138429e+00 1.9383234e+00 2.1442765e+00 2.4424348e+00 2.4821422e+00 2.7540089e+00 3.4437340e+00 4.1417415e+00 4.8000656e+00 5.3027912e+00 5.6171426e+00 5.9441128e+00 6.2117118e+00 6.4915407e+00 6.7571311e+00 7.0646563e+00 7.3433068e+00 7.5119569e+00 7.6767849e+00
1.4883900e+01 1.4983241e+01 1.4815874e+01 1.4256559e+01 1.3977236e+01 1.3843900e+01 1.3895303e+01 1.3510833e+01 1.2552287e+01 1.3471881e+01 1.2605466e+01 1.2190760e+01 1.2166910e+01 1.2248259e+01 1.2738561e+01 1.2682023e+01 1.2180740e+01 1.1718520e+01 1.1014727e+01 9.6433715e+00 1.0264021e+01 8.1071064e+00 9.1296584e-04 0.0000000e+00 0.0000000e+00 0.0000000e+00 0.0000000e+00 0.0000000e+00 0.0000000e+00 0.0000000e+00 1.0291275e+00 3.2886308e-01 1.7393915e+00 1.6717772e+00 1.7662504e+00 2.5931116e+00 2.8665777e+00 3.4428146e+00 4.6178442e+00 5.5291453e+00 5.9145667e+00 6.1634148e+00 6.4653123e+00 6.7442714e+00 7.0171289e+00 7.2479803e+00 7.5111685e+00 7.7471755e+00 7.9289998e+00 8.0561025e+00
1.5204142e+01 1.5007735e+01 1.5118825e+01 1.4673682e+01 1.4133879e+01 1.4006012e+01 1.3780467e+01 1.3713659e+01 1.3460580e+01 1.4005196e+01 1.3085195e+01 1.2598450e+01 1.2337536e+01 1.2450476e+01 1.2926662e+01 1.2442236e+01 1.2726791e+01 1.1984032e+01 1.1181033e+01 1.0801073e+01 1.0576125e+01 1.1041856e+01 7.6448488e+00 8.6482164e-01 0.0000000e+00 0.0000000e+00 0.0000000e+00 0.0000000e+00 0.0000000e+00 0.0000000e+00 0.0000000e+00 0.0000000e+00 0.0000000e+00 0.0000000e+00 0.0000000e+00 3.5380242e-04 1.5196466e-01 1.4235216e+00 6.1075969e+00 6.5048396e+00 6.6939221e+00 6.9177319e+00 7.1874286e+00 7.4139933e+00 7.6393155e+00 7.8217477e+00 8.0162971e+00 8.1449209e+00 8.2906439e+00 8.4643662e+00
1.5624924e+01 1.5520375e+01 1.5379062e+01 1.4909997e+01 1.4430689e+01 1.4226846e+01 1.4122125e+01 1.4087422e+01 1.4101754e+01 1.3868706e+01 1.3386195e+01 1.3104644e+01 1.2998110e+01 1.3000419e+01 1.3335591e+01 1.3196060e+01 1.1899676e+01 1.2050530e+01 1.1781582e+01 1.1292213e+01 1.0411058e+01 1.1284920e+01 1.0939435e+01 8.5404631e+00 7.0555691e+00 2.4478606e+00 1.3683580e+00 2.9886213e+00 7.5737791e+00 7.5717192e+00 7.9535997e+00 7.5031522e+00 6.2181477e+00 4.9389622e+00 2.9625568e+00 1.0585199e+00 9.2522502e-04 8.5035987e-03 7.8696183e+00 8.0455152e+00 7.8195977e+00 7.9000879e+00 8.0471063e+00 8.1851612e+00 8.3007022e+00 8.4248375e+00 8.5017660e+00 8.5596541e+00 8.5386439e+00 8.7434925e+00
1.5385301e+01 1.5510812e+01 1.5491657e+01 1.5147072e+01 1.4930694e+01 1.3411311e+01 1.4233151e+01 1.4634625e+01 1.4282199e+01 1.4023252e+01 1.3774394e+01 1.3694505e+01 1.3537119e+01 1.3606596e+01 1.3511731e+01 1.3267789e+01 1.3365576e+01 1.1946024e+01 1.2265712e+01 1.1935672e+01 1.1628365e+01 1.1418368e+01 1.1271213e+01 1.1188462e+01 9.9744066e+00 4.9872413e+00 3.5807233e+00 5.2434146e+00 7.8333334e+00 1.0582438e+01 1.0439753e+01 1.0082433e+01 1.0283658e+01 9.8553902e+00 9.5470886e+00 1.0103490e+01 9.7106886e+00 9.0468280e+00 9.5648278e+00 9.0377661e+00 8.8383728e+00 8.7980593e+00 8.8221249e+00 8.8383775e+00 8.8580526e+00 8.9202040e+00 8.9746067e+00 8.9754859e+00 8.8099709e+00 8.7700949e+00
1.6033772e+01 1.5956090e+01 1.5757175e+01 1.5540574e+01 1.5214609e+01 1.1568905e+01 1.4224384e+01 1.5145390e+01 1.4760355e+01 1.4536598e+01 1.4357811e+01 1.4267164e+01 1.4015011e+01 1.3969786e+01 1.3880314e+01 1.3555158e+01 1.3378927e+01 1.2200386e+01 1.2314616e+01 1.2749442e+01 1.2694579e+01 1.2081633e+01 1.1367044e+01 1.1263796e+01 1.0976156e+01 8.3192777e+00 5.3216420e+00 5.5203078e+00 7.8188146e+00 1.0568162e+01 9.8137571e+00 1.0399438e+01 1.0135558e+01 1.0484350e+01 1.0721543e+01 1.0588420e+01 9.5187995e+00 9.8817450e+00 9.6622557e+00 9.5075763e+00 9.4144357e+00 9.3555592e+00 9.3033686e+00 9.2903923e+00 9.2771010e+00 9.2858841e+00 9.3360824e+00 8.6377716e+00 9.0489353e+00 9.1351502e+00
1.6296784e+01 1.6197401e+01 1.6131091e+01 1.5883412e+01 1.5887243e+01 1.5825944e+01 1.5785647e+01 1.5687533e+01 1.5577113e+01 1.5343934e+01 1.5041486e+01 1.4952799e+01 1.4607924e+01 1.4625366e+01 1.4363869e+01 1.3976572e+01 1.2197481e+01 1.3265233e+01 1.3208441e+01 1.2702468e+01 1.2609581e+01 1.2943443e+01 1.2207413e+01 1.1746010e+01 1.1399316e+01 1.0857140e+01 8.0894779e+00 7.8076364e+00 1.0865384e+01 1.0559257e+01 9.8973816e+00 1.0445854e+01 9.7012518e+00 9.9093949e+00 1.0717650e+01 1.0676806e+01 1.0866604e+01 1.0304768e+01 9.9774730e+00 9.8843752e+00 9.7807607e+00 9.7034820e+00 9.6600363e+00 9.6162878e+00 9.6061356e+00 9.5512122e+00 9.4831494e+00 8.2433262e+00 8.5922048e+00 9.3563984e+00
1.6582749e+01 1.6479954e+01 1.6426805e+01 1.6382261e+01 1.6266366e+01 1.6114076e+01 1.6063585e+01 1.5747098e+01 1.5969799e+01 1.5719928e+01 1.5712079e+01 1.5221447e+01 1.5079560e+01 1.4899425e+01 1.4739541e+01 1.4249012e+01 1.3566726e+01 1.3905988e+01 1.3834076e+01 1.3708785e+01 1.3185633e+01 1.3637789e+01 1.3094636e+01 1.2408186e+01 1.2078148e+01 1.1262353e+01 1.1453512e+01 1.1842283e+01 1.1464139e+01 1.0912848e+01 1.0653454e+01 1.0583360e+01 1.0383343e+01 1.0622548e+01 1.0829625e+01 1.1115258e+01 1.1014285e+01 1.0748833e+01 1.0246510e+01 1.0098041e+01 9.9986262e+00 9.9109579e+00 9.8500094e+00 9.7815294e+00 9.7513404e+00 9.7049892e+00 9.6265321e+00 9.6552185e+00 9.6994549e+00 9.6637221e+00
1.6910659e+01 1.6805034e+01 1.6726113e+01 1.6737088e+01 1.6601618e+01 1.6437398e+01 1.6246827e+01 1.6114584e+01 1.6064569e+01 1.5899460e+01 1.5726098e+01 1.5658038e+01 1.5406935e+01 1.5134400e+01 1.5049978e+01 1.4909689e+01 1.4498074e+01 1.4182287e+01 1.4212842e+01 1.4092956e+01 1.4070167e+01 1.4081090e+01 1.3856367e+01 1.2994681e+01 1.2554963e+01 1.1750494e+01 1.2495803e+01 1.2109961e+01 1.1683445e+01 1.1164656e+01 1.0968421e+01 1.0452252e+01 9.8056252e+00 1.0528740e+01 9.3452165e+00 1.0855002e+01 1.1211345e+01 1.0908694e+01 1.0507386e+01 1.0275383e+01 1.0138322e+01 1.0026690e+01 9.9479175e+00 9.8626849e+00 9.8149650e+00 9.8036208e+00 9.7167006e+00 9.7316648e+00 9.6994511e+00 9.6913296e+00
1.7207528e+01 1.7097552e+01 1.6997781e+01 1.6932352e+01 1.6965615e+01 1.6785532e+01 1.6521084e+01 1.6309856e+01 1.6189174e+01 1.6096752e+01 1.5897056e+01 1.5813298e+01 1.5645192e+01 1.5519215e+01 1.5237335e+01 1.4804325e+01 1.4569669e+01 1.4182082e+01 1.4429664e+01 1.4416223e+01 1.4374160e+01 1.4186172e+01 1.4110520e+01 1.3372718e+01 1.3260195e+01 1.3013229e+01 1.2737335e+01 1.2333486e+01 1.2228214e+01 1.1629644e+01 1.1552200e+01 1.1167492e+01 1.0465768e+01 1.0560527e+01 1.0663335e+01 1.1423993e+01 1.1441081e+01 1.0967773e+01 1.0647850e+01 1.0445660e+01 1.0287616e+01 1.0158359e+01 1.0074032e+01 9.9790477e+00 9.9248788e+00 9.8943811e+00 9.8524356e+00 9.8783916e+00 9.8784439e+00 9.8177201e+00
1.7498203e+01 1.7531719e+01 1.7335615e+01 1.7052152e+01 1.6934476e+01 1.6823340e+01 1.6713507e+01 1.6497909e+01 1.6340047e+01 1.6288469e+01 1.6113855e+01 1.5985285e+01 1.5883656e+01 1.5929846e+01 1.5568169e+01 1.5561219e+01 1.4929918e+01 1.4184292e+01 1.4617439e+01 1.4772997e+01 1.4703911e+01 1.4468198e+01 1.3897404e+01 1.3621297e+01 1.3532388e+01 1.3475304e+01 1.2964475e+01 1.2126200e+01 1.2591961e+01 1.2643434e+01 1.1627716e+01 1.1484022e+01 1.1348574e+01 1.0831137e+01 1.1440707e+01 1.1465756e+01 1.0464247e+01 1.0959910e+01 1.0877915e+01 1.0648624e+01 1.0474151e+01 1.0342164e+01 1.0251508e+01 1.0164048e+01 1.0115734e+01 1.0106799e+01 1.0104730e+01 9.7233797e+00 1.0197889e+01 1.0113619e+01
1.7710648e+01 1.7498129e+01 1.7490215e+01 1.7249850e+01 1.7033313e+01 1.6971756e+01 1.6965941e+01 1.6762953e+01 1.6629686e+01 1.6557894e+01 1.6472357e+01 1.6368704e+01 1.6296380e+01 1.6244997e+01 1.5943912e+01 1.5805504e+01 1.5229579e+01 1.2148830e+01 1.4126914e+01 1.4582243e+01 1.4352919e+01 1.4281012e+01 1.4280983e+01 1.4148647e+01 1.3981516e+01 1.4020066e+01 1.3242394e+01 1.2800097e+01 1.1390282e+01 1.2138187e+01 1.2579762e+01 1.2247451e+01 1.1786020e+01 1.0510019e+01 1.0950342e+01 1.0680335e+01 1.0227758e+01 1.1056292e+01 1.1037649e+01 1.0825963e+01 1.0635112e+01 1.0498302e+01 1.0426907e+01 1.0387129e+01 1.0416778e+01 1.0475168e+01 1.0383891e+01 1.0004574e+01 1.0315090e+01 1.0474223e+01
1.7797202e+01 1.7684384e+01 1.7531368e+01 1.7418132e+01 1.7220844e+01 1.7149349e+01 1.7138715e+01 1.7128655e+01 1.7067701e+01 1.6976816e+01 1.6891746e+01 1.6763823e+01 1.6602110e+01 1.6366266e+01 1.6257510e+01 1.5829995e+01 1.5507544e+01 1.5041631e+01 1.5346603e+01 1.4936696e+01 1.4727691e+01 1.4164659e+01 1.3824474e+01 1.4278232e+01 1.4343607e+01 1.4403051e+01 1.3747398e+01 1.3258712e+01 1.2919961e+01 1.2892044e+01 1.2691132e+01 1.2272270e+01 1.1995204e+01 1.1963198e+01 1.1824891e+01 1.1773073e+01 1.1574991e+01 1.1449248e+01 1.1205244e+01 1.1000746e+01 1.0828357e+01 1.0695094e+01 1.0629484e+01 1.0626933e+01 1.0502297e+01 1.0474854e+01 1.0526771e+01 8.4602155e+00 7.9444839e+00 9.3239973e+00
