presentation/data/depth_0057.asc
ncols     164
nrows     146
xllcorner -1.242151388888889e+02
yllcorner  4.172986111111111e+01
cellsize  2.777777777820000e-04
nodata_value       -9999
[rows 88 to 109 of 146, columns 100 to 149 of 164]
4.9071000e+00 3.9024866e+00 2.8876458e+00 3.2996175e+00 3.0057100e+00 2.2742125e+00 2.0300866e+00 1.9116796e+00 2.1488600e+00 3.5604571e+00 3.9290434e+00 2.9289711e+00 1.3179683e+00 6.3055402e-01 1.1793887e-03 1.1694805e-03 5.1447725e-01 1.1555530e+00 7.3881359e-02 8.5324081e-02 8.4102180e-02 1.6068623e-03 9.9947753e-04 9.7122480e-04 2.5572810e-02 2.1880986e-01 1.6279524e-01 4.5923467e-02 5.6871340e-03 2.4479684e-02 3.0417176e-02 9.9819937e-04 9.9142732e-04 2.1331055e-01 2.9905930e-01 1.7687073e-01 2.4309772e-01 2.9317464e-03 8.3899849e-04 9.9745683e-04 9.4789459e-04 1.8612356e-01 3.0737425e-01 1.3784804e-01 2.6599778e-01 9.9492742e-04 8.7038774e-04 5.8395954e-01 4.7445762e-01 5.3018000e-01
4.9695228e+00 4.6576393e+00 3.5599378e+00 3.2475759e+00 3.0688764e+00 2.8310393e+00 2.7516388e+00 3.4525722e+00 3.1924328e+00 3.2137071e+00 2.6772085e+00 2.8130572e+00 3.2020603e+00 3.4582654e+00 2.5912714e+00 1.9309545e+00 2.0466134e+00 2.5524691e+00 2.7986410e+00 1.1386672e+00 2.0499407e-02 9.8693091e-04 9.2526048e-04 1.3957377e-03 9.8247963e-04 9.6597529e-04 2.0230660e-02 1.4582310e-02 4.1085406e-02 2.6919401e-02 9.6088526e-03 1.0585991e-03 9.5327745e-01 9.9780468e-01 1.0526067e+00 9.5715088e-01 5.8445555e-01 1.3744024e-02 9.0112924e-04 8.4285660e-04 9.4706995e-04 9.7308436e-04 9.6667038e-04 7.8074206e-03 1.8410167e-01 2.4477191e-01 2.5872510e-01 2.7303248e-01 2.0188768e-01 2.5049496e-01
4.3913493e+00 4.3659189e+00 4.1028128e+00 3.9142692e+00 3.8353893e+00 4.1849496e+00 4.4779287e+00 4.1667072e+00 2.2120418e+00 1.7451804e+00 1.4034708e+00 1.7478996e+00 4.1163934e+00 4.5242667e+00 4.0690852e+00 3.8678174e+00 3.3082554e+00 3.0094745e+00 2.9599049e+00 2.8642873e+00 2.7065715e+00 2.2495065e+00 1.2358598e-01 9.6248897e-04 9.9190763e-04 9.8948816e-04 1.0774258e-01 7.5302942e-02 3.6844984e-02 2.2109674e-02 1.3693868e-03 1.0918832e+00 1.1555223e+00 1.1929203e+00 1.1777109e+00 1.0689823e+00 9.7829610e-01 7.1943453e-01 9.9821528e-04 9.7823433e-04 9.7927510e-04 9.7759543e-04 1.2468909e-02 6.1218264e-03 8.0335956e-04 9.4570650e-04 9.9057482e-04 9.8206478e-04 9.8607795e-04 9.5959663e-04
4.8156235e+00 4.9173816e+00 4.7489282e+00 4.6431181e+00 4.8460095e+00 4.4644244e+00 4.4627416e+00 4.8811707e+00 2.8903492e+00 2.0316638e+00 2.5261135e+00 1.4938798e+00 1.1866327e+00 3.3711321e+00 4.5294062e+00 4.1839163e+00 3.7297341e+00 3.6344811e+00 3.3515762e+00 3.0308889e+00 3.0629449e+00 2.8071255e+00 2.0881446e+00 1.9055886e+00 1.7276019e-01 2.4319951e-02 4.2233873e-02 7.2306010e-02 9.9898457e-04 1.1208787e-03 1.0477513e+00 1.1601099e+00 1.1826355e+00 1.2231248e+00 1.1186507e+00 1.0318505e+00 9.8879649e-01 9.0133849e-01 7.6474119e-01 5.7482328e-01 3.4996597e-01 7.3733463e-02 1.1924394e-03 9.6452945e-04 9.9362581e-04 9.6022863e-04 9.8997719e-04 7.8565181e-04 8.3439196e-04 9.9678143e-04
4.8165579e+00 4.8550086e+00 4.8766565e+00 5.0987014e+00 4.8606548e+00 4.4255497e+00 4.2056655e+00 4.2648191e+00 4.3533719e+00 3.3568817e+00 2.5023254e+00 3.1585662e+00 2.3075847e+00 3.8059520e+00 4.4724191e+00 4.2810000e+00 3.9678626e+00 3.9484667e+00 3.1302770e+00 2.9875752e+00 3.0726432e+00 2.4469930e+00 2.3152691e+00 2.6875985e+00 6.7350752e-01 2.6796271e-02 2.3599187e-02 9.9366455e-04 8.1065123e-04 7.2899698e-01 9.6059102e-01 1.0330190e+00 1.0867028e+00 1.1715790e+00 1.2212974e+00 1.0738306e+00 9.5413964e-01 8.3480506e-01 7.5553802e-01 6.9091452e-01 6.6264333e-01 5.6008840e-01 4.9483559e-01 4.5896959e-01 4.1441660e-01 3.9894696e-01 2.2739936e-01 1.4075055e-02 3.2659210e-03 1.0878183e-02
4.3142030e+00 4.3565933e+00 4.4934234e+00 4.7660819e+00 4.9010097e+00 4.2701364e+00 3.8552188e+00 4.2289572e+00 4.6451968e+00 5.1399773e+00 4.3853378e+00 4.6860647e+00 5.3272032e+00 5.3058655e+00 5.0396250e+00 4.5565711e+00 3.8969213e+00 3.4262416e+00 3.2331052e+00 3.0476964e+00 2.9502442e+00 1.4783249e+00 6.6678420e-05 2.9374922e-01 8.6902416e-04 9.9129010e-04 9.9994088e-04 9.1929860e-04 6.0785665e-01 7.4749686e-01 8.3568400e-01 8.1666496e-01 8.1216324e-01 8.0973221e-01 8.1110670e-01 8.6269351e-01 9.3962435e-01 9.4159198e-01 9.6919070e-01 9.4859145e-01 9.0159060e-01 8.1013907e-01 7.7155940e-01 7.0971935e-01 6.4579881e-01 5.5937192e-01 5.2175740e-01 5.1607408e-01 4.7971120e-01 3.3977551e-01
3.7588755e+00 3.9831140e+00 4.2103860e+00 4.5176485e+00 4.8919403e+00 5.1409850e+00 2.1787833e-04 1.4970725e+00 3.5530058e+00 5.6085578e+00 5.5707084e+00 5.3349202e+00 5.3833532e+00 5.5090468e+00 5.2601798e+00 4.9528070e+00 4.2221397e+00 3.6523758e+00 3.4828061e+00 3.2936135e+00 2.7214747e+00 2.1287351e+00 7.5075154e-01 9.0916167e-04 9.9733796e-04 9.9689314e-04 9.0082839e-04 2.5479993e+00 2.7272099e+00 2.1255931e+00 2.0726890e+00 1.7502806e+00 1.6173066e+00 1.6465406e+00 1.5071351e+00 1.4404013e+00 1.2509371e+00 1.2071035e+00 1.1545552e+00 1.1182672e+00 1.0162439e+00 1.0016717e+00 1.0269387e+00 1.0767756e+00 1.1587783e+00 1.0987584e+00 9.5374689e-01 8.4969495e-01 7.4121226e-01 6.1001559e-01
3.4286971e+00 3.7011623e+00 3.9851922e+00 4.2929884e+00 4.6703250e+00 5.1920276e+00 5.0332440e+00 4.0885955e+00 3.4881189e+00 4.9366880e+00 5.9010770e+00 6.0363477e+00 5.8251249e+00 5.5751431e+00 5.3477207e+00 5.1360043e+00 4.9003134e+00 4.5458502e+00 4.0313244e+00 3.4034164e+00 3.1321511e+00 1.1737639e+00 9.5275543e-04 9.0941493e-04 9.9682036e-04 9.7614533e-04 2.3110784e+00 4.6377655e+00 4.4095645e+00 4.0990935e+00 4.1214532e+00 4.0721803e+00 4.0170431e+00 4.1014167e+00 4.0487993e+00 3.9801840e+00 3.7770458e+00 3.8128078e+00 3.8091734e+00 3.4475582e+00 2.6615181e+00 2.2721998e+00 2.2317440e+00 2.3233727e+00 2.1864719e+00 2.1787404e+00 2.2289873e+00 2.3382954e+00 2.1255610e+00 1.7472444e+00
1.5098100e+00 2.0537030e+00 3.2583424e+00 4.1420683e+00 4.4559855e+00 4.9452100e+00 5.1614485e+00 4.9599297e+00 4.1003782e+00 3.5438873e+00 4.9799523e+00 5.7684685e+00 6.0697700e+00 5.7067510e+00 5.5196993e+00 5.4429226e+00 5.1596581e+00 4.8131166e+00 4.4895913e+00 3.5897896e+00 1.7345131e+00 9.4654814e-04 9.3735976e-04 9.9359141e-04 9.9746458e-04 3.0502509e+00 4.3730683e+00 4.5739627e+00 4.5400568e+00 4.4935398e+00 4.6415997e+00 4.6775337e+00 4.5601229e+00 4.5377277e+00 4.6558900e+00 4.6545207e+00 4.6909573e+00 4.6833588e+00 4.7481842e+00 4.6449428e+00 4.4474292e+00 4.2931849e+00 4.3146446e+00 4.3269800e+00 4.2966855e+00 4.2984538e+00 4.3252176e+00 4.3300082e+00 4.2615574e+00 4.1078239e+00
5.9459122e-04 8.5283650e-04 9.7243347e-04 2.8227746e+00 4.1440788e+00 4.8327592e+00 5.1431762e+00 5.2207205e+00 5.0713417e+00 4.0551354e+00 4.1899250e+00 5.1209675e+00 5.5253570e+00 5.5266522e+00 5.5112912e+00 5.4653833e+00 5.0087199e+00 4.3374603e+00 4.0051164e+00 2.6436057e+00 9.3221629e-04 9.1868583e-04 9.9916272e-04 9.6443229e-04 3.0131807e+00 4.8788389e+00 4.9494898e+00 5.0172771e+00 4.9370231e+00 4.8520613e+00 4.8852114e+00 4.8804021e+00 4.7473493e+00 4.7135799e+00 4.8039302e+00 4.8617419e+00 4.8905484e+00 4.8991352e+00 4.9976540e+00 4.9690907e+00 4.9213168e+00 4.8460676e+00 4.7972732e+00 4.7455103e+00 4.7250771e+00 4.7253153e+00 4.7358058e+00 4.7300082e+00 4.7116415e+00 4.6418104e+00
4.8591699e+00 3.6780593e+00 1.9594759e-02 9.1623476e-04 2.0642435e+00 4.5131435e+00 5.3050945e+00 5.3523188e+00 5.3302566e+00 4.8798201e+00 4.0850879e+00 4.2311578e+00 5.3998814e+00 5.5338714e+00 5.3563669e+00 5.2123485e+00 4.8316327e+00 4.1542830e+00 2.9752027e+00 7.4024936e-04 9.2658798e-04 9.9269213e-04 9.8325447e-04 2.7111607e+00 4.5304421e+00 4.7987177e+00 5.2061324e+00 5.4209778e+00 5.3296507e+00 5.3234621e+00 5.2876598e+00 5.1016422e+00 4.9222010e+00 4.9250362e+00 5.1030024e+00 5.1832383e+00 5.1822930e+00 5.2458892e+00 5.4374731e+00 5.2977354e+00 5.1518486e+00 5.0049750e+00 4.8946648e+00 4.7808290e+00 4.7363808e+00 4.7579472e+00 4.7995137e+00 4.7991375e+00 4.7825493e+00 4.7231834e+00
5.8302040e+00 5.6774919e+00 4.7589354e+00 3.8352263e-01 5.5685159e-04 3.4354562e+00 5.2367746e+00 5.2687851e+00 4.9352892e+00 4.4705571e+00 4.0451171e+00 4.4691319e+00 6.3532212e+00 5.9234226e+00 5.2830433e+00 5.0503531e+00 4.6658830e+00 2.9498277e+00 7.5117562e-04 9.4271583e-04 9.9266945e-04 9.6184760e-04 2.5078041e+00 4.7104076e+00 4.6547643e+00 4.6935431e+00 5.1252357e+00 5.2995049e+00 5.5026098e+00 5.7239465e+00 5.7002425e+00 5.4781441e+00 5.2102889e+00 5.1805584e+00 5.4223872e+00 5.5629511e+00 5.6412508e+00 5.6480817e+00 5.7315976e+00 5.5727563e+00 5.3628911e+00 5.2270048e+00 5.0575724e+00 4.8827454e+00 4.7925007e+00 4.8253296e+00 4.9021801e+00 4.9544620e+00 4.9510690e+00 4.9000489e+00
6.2563312e+00 6.0316955e+00 5.6416583e+00 4.4648152e+00 1.1608927e-02 4.1526484e-06 4.2888366e+00 5.0993790e+00 4.5760197e+00 4.3561293e+00 4.1352049e+00 5.1289349e+00 6.1845368e+00 5.8869535e+00 5.3108448e+00 5.0330636e+00 3.9809610e+00 7.7467741e-04 8.5997903e-04 9.9585364e-04 9.9979829e-04 2.2121138e+00 4.4815364e+00 4.8174909e+00 4.7742425e+00 4.8226978e+00 5.0232226e+00 5.2687003e+00 5.8693616e+00 5.9553309e+00 5.8719646e+00 5.7153580e+00 5.5267740e+00 5.4648534e+00 5.5825307e+00 5.7662329e+00 5.9738502e+00 5.8718341e+00 5.7685414e+00 5.6920976e+00 5.5576249e+00 5.4388241e+00 5.2031286e+00 5.0761865e+00 4.9084851e+00 4.8797048e+00 5.0179535e+00 5.0953347e+00 5.0990876e+00 5.0400988e+00
6.3867885e+00 6.2467632e+00 5.9997950e+00 5.5542543e+00 4.3088798e+00 9.7176198e-04 7.1440906e-04 2.4248320e+00 4.8789094e+00 4.1948388e+00 3.7791880e+00 4.2906850e+00 5.5017738e+00 5.5190734e+00 4.8351675e+00 4.4397844e+00 2.9891383e-01 9.0420715e-04 9.9575503e-04 9.9800806e-04 1.5423507e+00 4.3066610e+00 4.8414169e+00 4.8098556e+00 4.7623672e+00 4.8256993e+00 5.2228275e+00 5.6231417e+00 5.8057540e+00 5.9792389e+00 6.0641835e+00 5.8545276e+00 5.9022974e+00 5.8218567e+00 5.7977136e+00 5.8584598e+00 5.9655047e+00 5.9585988e+00 5.9155328e+00 6.0746340e+00 5.8954678e+00 5.7003553e+00 5.5039064e+00 5.3055608e+00 5.1490557e+00 5.1676231e+00 5.2724412e+00 5.2984872e+00 5.3404903e+00 5.2703888e+00
6.5370111e+00 6.4756038e+00 6.3283393e+00 6.0194620e+00 5.4472178e+00 3.0630613e+00 7.9311405e-04 9.2823181e-04 1.3446337e+00 2.4964438e+00 3.4966238e+00 3.5520562e+00 3.6325123e+00 4.2726069e+00 3.3266634e+00 1.9115341e-01 9.4758327e-04 9.9816113e-04 9.9629863e-04 1.4007476e+00 3.8801608e+00 4.4084322e+00 4.7603851e+00 5.0731645e+00 5.1453486e+00 5.3141024e+00 5.7115576e+00 5.9162721e+00 5.8512259e+00 6.2046442e+00 6.2885364e+00 6.0300579e+00 5.9675260e+00 6.1003148e+00 6.2612507e+00 6.3735625e+00 6.2698416e+00 6.0970690e+00 6.2544467e+00 6.8206857e+00 6.4284322e+00 6.1439850e+00 5.7506677e+00 5.6528767e+00 5.6698100e+00 5.7391293e+00 5.7373803e+00 5.6664087e+00 5.6254769e+00 5.5683576e+00
6.7057326e+00 6.6440377e+00 6.5403985e+00 6.3384854e+00 5.9645173e+00 5.3680910e+00 2.8699346e+00 6.6956531e-04 9.3670935e-04 9.5883166e-04 6.7161002e-04 1.1291078e+00 3.1782971e+00 3.3814836e+00 8.5607016e-01 6.6059047e-01 9.1243074e-04 8.5095444e-04 1.4507881e+00 3.9012250e+00 4.2591277e+00 4.4742668e+00 4.9757286e+00 5.3383761e+00 5.6199776e+00 5.7394476e+00 6.0136292e+00 6.0855892e+00 6.2746006e+00 6.6311255e+00 6.8287247e+00 6.4523593e+00 6.0922039e+00 6.5931633e+00 6.8263077e+00 6.9405027e+00 6.7229106e+00 6.5626581e+00 6.6374443e+00 6.7539999e+00 6.6060230e+00 6.4111313e+00 6.1810584e+00 6.1194741e+00 6.2070914e+00 6.2806111e+00 6.1523073e+00 5.9888472e+00 5.8824171e+00 5.8004561e+00
6.8200437e+00 6.7866137e+00 6.6953276e+00 6.5623784e+00 6.3837426e+00 6.0634625e+00 5.1744416e+00 1.6558403e+00 3.1055083e-04 9.9584197e-04 1.0227839e-03 8.3007977e-04 2.1577531e+00 2.9407778e-01 9.2066032e-04 9.4315132e-04 9.7203977e-04 1.0855819e+00 3.8808964e+00 4.5660779e+00 4.7669224e+00 5.1186327e+00 5.5797247e+00 5.8320280e+00 5.8839904e+00 6.0119402e+00 6.1877637e+00 6.2225294e+00 6.4123271e+00 7.0126894e+00 6.9522098e+00 6.6870855e+00 6.6264677e+00 6.9422758e+00 7.0443691e+00 6.9181159e+00 6.8462081e+00 6.9557850e+00 7.1291041e+00 7.0193338e+00 6.8644432e+00 6.7663893e+00 6.6946071e+00 6.6094081e+00 6.6202309e+00 6.5996728e+00 6.4531988e+00 6.2942254e+00 6.1150743e+00 5.9960474e+00
7.0109231e+00 6.8899203e+00 6.8554562e+00 6.7312486e+00 6.5775799e+00 6.1516379e+00 5.3493093e+00 2.6892990e+00 4.0399837e-01 8.8152675e-04 9.9779560e-04 9.9649064e-04 9.6454206e-04 9.9657975e-04 9.8094458e-04 9.0830206e-04 1.1539163e+00 3.6618642e+00 4.2131261e+00 4.7784361e+00 5.3901037e+00 5.7166728e+00 5.9860174e+00 5.9640924e+00 5.9550494e+00 6.2958218e+00 6.5444618e+00 6.4508478e+00 6.2893054e+00 6.8720577e+00 7.0092039e+00 6.9682652e+00 7.1266364e+00 7.1093025e+00 6.6559915e+00 6.2069983e+00 6.5098029e+00 6.8847153e+00 7.1844141e+00 7.1628123e+00 7.1053603e+00 7.0693864e+00 7.1285266e+00 7.0607591e+00 7.0020090e+00 6.9291392e+00 6.8138541e+00 6.6231632e+00 6.5001886e+00 6.2933910e+00
7.1413943e+00 7.1207100e+00 6.9787324e+00 6.9052486e+00 6.7481262e+00 6.6011370e+00 5.6780516e+00 3.5580168e+00 2.0056877e+00 8.7764561e-04 9.9751754e-04 9.9555424e-04 1.5588533e-03 9.9126625e-04 9.2117103e-04 1.1047470e+00 3.7090046e+00 4.1553632e+00 4.1437848e+00 4.5998421e+00 5.3415968e+00 5.8789772e+00 6.2250077e+00 6.2946937e+00 6.2668433e+00 6.5277005e+00 7.0380458e+00 6.8794482e+00 6.8634352e+00 7.2362385e+00 7.3592717e+00 7.3802029e+00 7.3937944e+00 7.1807489e+00 6.3351878e+00 5.4736179e+00 6.0051049e+00 6.6510043e+00 7.1398021e+00 7.3327113e+00 7.3340658e+00 7.2201818e+00 7.3513147e+00 7.3839217e+00 7.3617530e+00 7.3087202e+00 7.2323559e+00 7.0976522e+00 6.9141804e+00 6.6859343e+00
7.2440488e+00 7.2694917e+00 7.2434619e+00 7.0218734e+00 6.9084184e+00 6.8714377e+00 4.5979584e+00 2.1615149e+00 8.3416715e-04 9.7224724e-04 9.9859480e-04 9.9830070e-04 9.9871885e-04 9.9986722e-04 7.6041734e-04 2.7735873e+00 3.8795181e+00 3.6926984e+00 2.8352539e+00 1.0499162e+00 1.2171312e+00 4.9482052e+00 6.2593994e+00 6.6254561e+00 6.6863115e+00 6.5367581e+00 6.8442051e+00 6.9837623e+00 7.2692520e+00 7.6039752e+00 7.5089270e+00 7.3425509e+00 7.3785018e+00 7.3591475e+00 6.6851491e+00 5.9700291e+00 6.1735632e+00 6.6483953e+00 7.1795063e+00 7.4763836e+00 7.7002085e+00 7.5637270e+00 7.6440881e+00 7.7005725e+00 7.6958294e+00 7.7022536e+00 7.7624867e+00 7.5037917e+00 7.2488024e+00 7.0911749e+00
7.3132000e+00 7.3629046e+00 7.4109022e+00 7.3731201e+00 7.1994103e+00 6.7538827e+00 3.7305499e-04 0.0000000e+00 8.5107101e-04 9.7229550e-04 9.9944967e-04 0.0000000e+00 0.0000000e+00 9.9602917e-04 9.8718077e-04 4.5905969e-01 9.4962883e-01 1.7952505e-01 1.5145534e-01 5.1706188e-01 1.7290924e+00 5.1227148e+00 6.4060705e+00 6.9769734e+00 6.9097543e+00 6.7699907e+00 6.7916400e+00 6.8737340e+00 7.3244248e+00 7.5295189e+00 7.2008988e+00 6.5225732e+00 6.8532778e+00 7.1447631e+00 6.8975658e+00 6.6112047e+00 6.6189567e+00 6.8318010e+00 7.2075495e+00 7.5112412e+00 7.7530876e+00 7.8026998e+00 7.8809305e+00 7.9948811e+00 8.0072002e+00 8.0103786e+00 8.0163156e+00 7.7967848e+00 7.6123589e+00 7.4746846e+00
7.4178076e+00 7.4182256e+00 7.5055993e+00 7.5462461e+00 7.5683039e+00 7.2590144e+00 1.9122420e+00 9.3276836e-04 9.6835592e-04 9.1076040e-04 9.9921001e-04 0.0000000e+00 0.0000000e+00 9.5716971e-04 3.9235410e-01 2.6655772e+00 3.8273324e+00 3.3234303e+00 2.9954685e+00 4.3231221e+00 5.7197995e+00 6.2857653e+00 6.7128175e+00 6.9619999e+00 6.8638749e+00 6.9115352e+00 6.8471286e+00 6.8538656e+00 7.1525478e+00 7.3477386e+00 6.8797027e+00 5.6322591e+00 6.2347724e+00 6.9714167e+00 7.1276645e+00 7.0906242e+00 7.0203786e+00 7.0295205e+00 7.2865250e+00 7.5596516e+00 7.7571789e+00 7.8879580e+00 8.0194662e+00 8.2007306e+00 8.2163726e+00 8.1848356e+00 8.1493847e+00 8.0040829e+00 7.8648523e+00 7.8141867e+00
