presentation/data/depth_0022.asc
ncols     164
nrows     146
xllcorner -1.242151388888889e+02
yllcorner  4.172986111111111e+01
cellsize  2.777777777820000e-04
nodata_value       -9999
[rows 88 to 109 of 146, columns 0 to 49 of 164]
1.1427528e+01 1.1453959e+01 1.1340656e+01 1.0924293e+01 1.0807375e+01 1.1007737e+01 1.0587178e+01 1.0483789e+01 1.0306522e+01 1.0091639e+01 9.8766740e+00 9.6518242e+00 9.4354875e+00 9.2041847e+00 8.9435394e+00 8.6698358e+00 8.3657129e+00 7.9516387e+00 7.3497268e+00 6.7236012e+00 5.9141139e+00 5.0907574e+00 4.4235899e+00 3.8908418e+00 3.3628389e+00 2.9214672e+00 2.5968697e+00 5.4634627e-01 5.0069410e-04 2.2912028e+00 2.5328967e+00 2.8527930e+00 2.6600902e+00 2.1100832e+00 2.3033235e+00 2.3943135e+00 2.5267296e+00 2.6404942e+00 2.6986924e+00 2.7454586e+00 2.7930749e+00 2.2341051e+00 2.2365431e+00 1.3060165e+00 3.5875279e+00 3.3946684e+00 2.8216876e+00 5.1208085e-01 9.8913589e-04 9.9637993e-04
1.1837385e+01 1.1325779e+01 1.1123522e+01 1.0876813e+01 1.0871877e+01 1.1028533e+01 1.0855471e+01 1.0728438e+01 1.0528854e+01 1.0300680e+01 1.0058356e+01 9.8304006e+00 9.5894805e+00 9.3275829e+00 9.0265687e+00 8.6822431e+00 8.3045635e+00 7.7943248e+00 7.0986522e+00 6.4775062e+00 5.7481293e+00 5.0361791e+00 4.4441649e+00 3.9709001e+00 3.4973064e+00 3.1520201e+00 2.8468296e+00 2.6628077e+00 9.8797396e-01 2.9340961e+00 2.9096386e+00 2.9244796e+00 2.9215769e+00 2.6428374e+00 2.4777010e+00 2.5051944e+00 2.5574369e+00 2.6139025e+00 2.6796030e+00 2.7530525e+00 2.8619634e+00 3.1846796e+00 3.1625764e+00 3.1553119e+00 3.1628814e+00 3.3529647e+00 3.2325635e+00 1.4270579e+00 3.1488412e-01 3.7960837e-01
1.2072310e+01 1.1495532e+01 1.1049757e+01 1.0817251e+01 1.1137801e+01 1.1166990e+01 1.1103956e+01 1.0985427e+01 1.0748956e+01 1.0483542e+01 1.0239782e+01 1.0006662e+01 9.7506527e+00 9.4786666e+00 9.1319376e+00 8.7310096e+00 8.2622665e+00 7.6759974e+00 6.8899926e+00 6.2505394e+00 5.5334805e+00 4.8883042e+00 4.3858981e+00 3.9843734e+00 3.5887314e+00 3.3181974e+00 3.2327691e+00 3.3163483e+00 3.2965082e+00 3.1866797e+00 3.1778263e+00 3.1514862e+00 3.0223058e+00 2.8467406e+00 2.7392678e+00 2.6812967e+00 2.6575531e+00 2.6674205e+00 2.7141427e+00 2.7936520e+00 2.9419860e+00 3.2150368e+00 3.2085846e+00 3.0410604e+00 3.0558960e+00 3.1372549e+00 3.1885923e+00 3.1295372e+00 2.0129417e+00 2.7338989e+00
1.1945994e+01 1.1580325e+01 1.1293831e+01 1.1218323e+01 1.1303307e+01 1.1457466e+01 1.1469751e+01 1.1332481e+01 1.1013571e+01 1.0654108e+01 1.0423526e+01 1.0187946e+01 9.9630956e+00 9.6709991e+00 9.2937530e+00 8.8222388e+00 8.2679394e+00 7.5957517e+00 6.7310481e+00 6.0300103e+00 5.3082864e+00 4.6837033e+00 4.1962844e+00 3.8957661e+00 3.6020210e+00 3.4115472e+00 3.3274987e+00 3.3660121e+00 3.4062640e+00 3.3969066e+00 3.3776896e+00 3.3478244e+00 3.2560769e+00 3.1033939e+00 2.9628711e+00 2.8457726e+00 2.7729175e+00 2.7276701e+00 2.7498837e+00 2.7829324e+00 2.8928639e+00 3.1215016e+00 3.5194149e+00 3.7291114e+00 3.0758314e+00 2.6670785e+00 1.5425337e+00 2.0956629e+00 3.7424443e+00 3.9157051e+00
1.2112350e+01 1.2067777e+01 1.1964091e+01 1.1864890e+01 1.1790753e+01 1.1835917e+01 1.1583065e+01 1.1472953e+01 1.1210979e+01 1.1064440e+01 1.0689725e+01 1.0576193e+01 1.0298360e+01 9.9554818e+00 9.5219138e+00 8.9708873e+00 8.3361734e+00 7.5549329e+00 6.6022539e+00 5.7915723e+00 5.0368868e+00 4.3977996e+00 3.9412805e+00 3.7171405e+00 3.5473137e+00 3.4580079e+00 3.4015451e+00 3.3791065e+00 3.4436675e+00 3.5182589e+00 3.5579940e+00 3.5707416e+00 3.5028292e+00 3.3493599e+00 3.2035463e+00 3.0150155e+00 2.8815359e+00 2.7784392e+00 2.7285176e+00 2.7119887e+00 2.7856626e+00 2.8414890e+00 1.9546214e+00 7.0083574e-04 8.9387152e-04 8.7059718e-04 8.7134453e-04 1.3250193e+00 2.9069432e+00 3.7390143e+00
1.3087989e+01 1.2999228e+01 1.2863740e+01 1.2696230e+01 1.2547900e+01 1.2403064e+01 1.2412884e+01 1.2238362e+01 1.1583202e+01 1.1266005e+01 1.1516592e+01 1.1187334e+01 1.0987916e+01 1.0363049e+01 9.8143956e+00 9.1587695e+00 8.4649684e+00 7.5802049e+00 6.4921856e+00 5.5610139e+00 4.7037410e+00 4.0456184e+00 3.6594995e+00 3.5060018e+00 3.3491198e+00 3.1746003e+00 3.1462844e+00 3.3581807e+00 3.4611158e+00 3.6022038e+00 3.7349952e+00 3.8052160e+00 3.7594053e+00 3.6069571e+00 3.4083616e+00 3.1562003e+00 2.9614671e+00 2.8573059e+00 2.8296782e+00 2.6997134e+00 2.7158206e+00 8.7965792e-01 0.0000000e+00 0.0000000e+00 0.0000000e+00 0.0000000e+00 0.0000000e+00 1.7019988e+00 3.8043648e+00 3.6594013e+00
1.4214437e+01 1.4010690e+01 1.3790834e+01 1.3579414e+01 1.3377178e+01 1.3205219e+01 1.3251406e+01 1.3015759e+01 1.2676708e+01 1.2471565e+01 1.2358682e+01 1.2236481e+01 1.1568329e+01 1.0824342e+01 1.0080913e+01 9.3543417e+00 8.6066875e+00 7.6329254e+00 6.4370258e+00 5.3861780e+00 4.4172701e+00 3.6850706e+00 3.4181489e+00 3.4013959e+00 2.9888191e+00 2.2811649e+00 2.4046033e+00 3.2669526e+00 3.4773822e+00 3.6990793e+00 3.9227149e+00 4.0640271e+00 4.0440535e+00 3.8722478e+00 3.6004928e+00 3.2920399e+00 3.0116239e+00 2.9686490e+00 2.9581759e+00 2.6129851e+00 2.7257770e+00 1.3993189e+00 7.2686686e-04 0.0000000e+00 0.0000000e+00 0.0000000e+00 6.9816174e-04 2.1287653e+00 3.8474465e+00 3.6942469e+00
1.5066208e+01 1.4830646e+01 1.4595301e+01 1.4392025e+01 1.4223257e+01 1.4090456e+01 1.3965438e+01 1.3850460e+01 1.3635062e+01 1.3153245e+01 1.1773736e+01 1.2138521e+01 1.1715148e+01 1.1089170e+01 1.0360423e+01 9.6187463e+00 8.8935941e+00 7.9400970e+00 6.5757164e+00 5.3274691e+00 4.1206752e+00 2.6744665e+00 2.5794021e+00 2.2676431e+00 2.5948388e+00 2.5765556e+00 2.6715351e+00 2.8120734e+00 3.5478218e+00 4.1023702e+00 4.4768069e+00 4.6921756e+00 4.7124076e+00 4.4807688e+00 4.1235285e+00 3.5947005e+00 3.0351654e+00 2.8829835e+00 1.8393685e+00 1.5461381e+00 2.7359404e+00 1.7977115e+00 7.9485918e-04 9.5977383e-04 7.4756249e-04 1.0162458e+00 2.1352715e+00 3.6648516e+00 3.7263071e+00 3.7770895e+00
1.5804123e+01 1.5623955e+01 1.5466577e+01 1.5374573e+01 1.5211924e+01 1.5024395e+01 1.4919825e+01 1.4406637e+01 1.3135728e+01 1.2270533e+01 1.1585314e+01 1.1606515e+01 1.1393562e+01 1.0955935e+01 1.0470101e+01 9.8755231e+00 9.2483549e+00 8.3811330e+00 6.9820575e+00 5.5588803e+00 4.0032845e+00 3.1222213e+00 1.9236106e+00 8.0546053e-01 2.5905717e+00 2.9452702e+00 3.0250879e+00 3.0627782e+00 4.0493777e+00 4.7504544e+00 5.1972782e+00 5.4482294e+00 5.4757100e+00 5.2142180e+00 4.8037954e+00 4.1890647e+00 3.4387813e+00 3.0099404e+00 3.2287834e+00 3.4212574e+00 3.3630889e+00 3.1037243e+00 3.1021167e+00 3.2960593e+00 2.8879997e+00 2.6177074e+00 3.0465561e+00 2.9953544e+00 3.9211792e+00 3.9249286e+00
1.6432563e+01 1.6674181e+01 1.6428219e+01 1.5984471e+01 1.5621762e+01 1.5735297e+01 1.5229285e+01 1.5105358e+01 1.3068588e+01 1.1538050e+01 1.1545753e+01 1.1406277e+01 1.1106467e+01 1.0893952e+01 1.0596526e+01 1.0159065e+01 9.7196824e+00 9.0944839e+00 7.7841944e+00 6.3418426e+00 4.3266918e+00 3.1113556e+00 2.7793226e+00 2.4453165e+00 2.2386433e+00 3.5488932e+00 4.1862230e+00 4.6249491e+00 5.1860682e+00 5.7360953e+00 6.1378350e+00 6.3736129e+00 6.3911683e+00 6.1387529e+00 5.7627396e+00 5.2019080e+00 4.5622183e+00 4.1109841e+00 4.1882211e+00 4.2373357e+00 4.0185520e+00 3.8718282e+00 3.9230896e+00 3.7888893e+00 3.5371642e+00 2.7198636e+00 3.1258549e+00 3.7972843e+00 4.0507421e+00 4.0793019e+00
1.7623064e+01 1.7738396e+01 1.6848236e+01 1.6745357e+01 1.5772341e+01 1.6089600e+01 1.5537483e+01 1.3207249e+01 1.1680453e+01 1.1918453e+01 1.1618587e+01 1.1282919e+01 1.1101797e+01 1.1016857e+01 1.0802555e+01 1.0451426e+01 1.0256218e+01 1.0177365e+01 9.2659735e+00 8.2770711e+00 6.8310991e+00 4.5307644e+00 3.3163375e+00 3.1633808e+00 3.3845878e+00 4.8033748e+00 5.7856661e+00 6.2383767e+00 6.6262182e+00 7.0049407e+00 7.3052026e+00 7.4686889e+00 7.4727780e+00 7.2613965e+00 6.9608351e+00 6.5149010e+00 6.0064545e+00 5.6301739e+00 5.4015830e+00 5.2069468e+00 4.9462229e+00 4.6404366e+00 4.3169294e+00 3.9666113e+00 3.5559352e+00 3.5153090e+00 3.8300955e+00 4.1002752e+00 4.2261106e+00 4.2880288e+00
1.7949769e+01 1.8475914e+01 1.8019529e+01 1.7360714e+01 1.7209832e+01 1.5835569e+01 1.4277485e+01 9.6005151e+00 1.0045328e+01 1.0193567e+01 1.1340036e+01 1.1857504e+01 1.1211519e+01 1.1249705e+01 1.1193075e+01 1.0837450e+01 1.0431662e+01 1.1052381e+01 1.1296848e+01 1.0697044e+01 1.0291751e+01 8.2731860e+00 6.8511316e+00 7.1150921e+00 7.6837830e+00 8.4167601e+00 8.2456769e+00 8.0545896e+00 8.1291307e+00 8.3540537e+00 8.5661702e+00 8.6620363e+00 8.6483935e+00 8.4883621e+00 8.2402586e+00 7.8900861e+00 7.4251257e+00 7.2716563e+00 7.0470523e+00 6.4513893e+00 5.8797997e+00 5.4837783e+00 5.0879334e+00 4.6607969e+00 4.2452217e+00 4.0479474e+00 4.1756451e+00 4.3843393e+00 4.5276643e+00 4.5570888e+00
1.8097853e+01 1.6685580e+01 1.8398431e+01 1.7873303e+01 1.7631810e+01 1.6752061e+01 1.2969161e+01 1.0939747e+01 8.2593678e+00 7.2596984e+00 1.0028475e+01 1.2169350e+01 1.1137567e+01 1.1376171e+01 1.1726486e+01 1.1668468e+01 1.0772875e+01 1.1626182e+01 1.2737694e+01 1.2879237e+01 1.2034079e+01 1.1581547e+01 1.0751839e+01 1.0955908e+01 1.1398397e+01 1.1804289e+01 1.0341340e+01 9.3670160e+00 9.2462299e+00 9.4199566e+00 9.5814071e+00 9.6177614e+00 9.5843808e+00 9.4757457e+00 9.3003180e+00 8.9849614e+00 8.7149674e+00 7.6917385e+00 8.1056391e+00 7.5279639e+00 6.7408104e+00 6.2302876e+00 5.7740062e+00 5.3364373e+00 4.9456497e+00 4.7083068e+00 4.6876425e+00 4.7922169e+00 4.8475603e+00 4.8380069e+00
1.9365612e+01 1.8390951e+01 1.8753495e+01 1.7880353e+01 1.7725927e+01 1.6842648e+01 1.4989629e+01 1.4011882e+01 1.1609999e+01 1.2788367e+01 1.3387766e+01 1.3514576e+01 1.2780298e+01 1.2724258e+01 1.2552314e+01 1.2608604e+01 1.3189377e+01 1.3342782e+01 1.3421226e+01 1.2394579e+01 1.2493495e+01 1.2845610e+01 1.2842460e+01 1.2572887e+01 1.2755139e+01 1.2258784e+01 1.0500518e+01 1.0056562e+01 1.0476564e+01 1.0687121e+01 1.0767346e+01 1.0662719e+01 1.0599108e+01 1.0592570e+01 1.0463073e+01 1.0263229e+01 1.0322044e+01 6.6063606e+00 2.6415881e+00 7.4768033e+00 8.0327069e+00 7.2837193e+00 6.6769534e+00 6.1670247e+00 5.7841853e+00 5.5445654e+00 5.5381967e+00 5.3811689e+00 5.2597202e+00 5.1925615e+00
1.9390467e+01 1.8806660e+01 1.7899808e+01 1.8269064e+01 1.8025009e+01 1.7317892e+01 1.7720736e+01 1.5841622e+01 1.5463646e+01 1.5288440e+01 1.3637496e+01 1.0237240e+01 1.4434659e+01 1.4094988e+01 1.3561256e+01 1.3935034e+01 1.4117866e+01 1.4046480e+01 1.3936628e+01 1.3584161e+01 1.3352846e+01 1.2702465e+01 1.2771341e+01 1.2134473e+01 1.3169991e+01 1.3152903e+01 1.1585545e+01 1.1146272e+01 1.1658122e+01 1.1861841e+01 1.2090829e+01 1.1837733e+01 1.1687725e+01 1.2033024e+01 1.2124541e+01 1.1805947e+01 1.2063129e+01 1.0218594e+01 9.2153182e+00 9.1242547e+00 4.0976844e+00 3.6644341e+00 7.4229430e+00 7.3708820e+00 6.9979429e+00 5.8243064e+00 2.8819634e+00 5.2078949e+00 5.9965590e+00 5.7413845e+00
1.9275812e+01 1.8822646e+01 1.7973018e+01 1.8994480e+01 1.8611597e+01 1.7988867e+01 1.6880687e+01 1.5933488e+01 1.6424470e+01 1.3623776e+01 1.4408871e+01 1.1155746e+01 1.4109052e+01 1.5204514e+01 1.4843904e+01 1.4674227e+01 1.4538231e+01 1.4542862e+01 1.4119109e+01 1.3830697e+01 1.3678895e+01 1.3325061e+01 1.3183864e+01 1.1802497e+01 1.2852453e+01 1.3103666e+01 1.3249328e+01 1.2525232e+01 1.3069971e+01 1.2526077e+01 1.2400357e+01 1.2311127e+01 1.2155664e+01 1.2394731e+01 1.2837518e+01 1.2237421e+01 1.2361492e+01 1.2668900e+01 1.1867402e+01 1.0640384e+01 7.8734877e+00 7.4175246e+00 8.5975202e+00 8.1845831e+00 7.8884499e+00 6.5854616e+00 3.0932068e+00 5.6293011e+00 6.6138843e+00 6.2394666e+00
1.9996874e+01 1.9133736e+01 1.9380618e+01 1.9408326e+01 1.6260438e+01 1.8603659e+01 1.7326252e+01 1.6736243e+01 1.6736047e+01 1.4971724e+01 1.5684174e+01 1.4898670e+01 1.5021537e+01 1.6078712e+01 1.5403796e+01 1.5157138e+01 1.5116286e+01 1.5163574e+01 1.4884372e+01 1.4264328e+01 1.4008714e+01 1.3736860e+01 1.3469869e+01 1.2986118e+01 1.3501745e+01 1.3396903e+01 1.3283755e+01 1.3105343e+01 1.3256837e+01 1.2801471e+01 1.2626810e+01 1.2303649e+01 1.1888742e+01 1.2323436e+01 1.1510608e+01 1.2363471e+01 1.2415733e+01 1.2418077e+01 1.1861708e+01 1.1174372e+01 1.0692252e+01 1.0086754e+01 9.3611629e+00 8.8383848e+00 8.4704989e+00 8.0397998e+00 7.4254158e+00 7.4291853e+00 7.1300280e+00 6.7794885e+00
2.0275721e+01 2.0022944e+01 1.9696533e+01 1.9047774e+01 1.7925796e+01 1.8616590e+01 1.7920554e+01 1.7376807e+01 1.7203738e+01 1.6861239e+01 1.6924094e+01 1.6914889e+01 1.6641768e+01 1.6493633e+01 1.6030440e+01 1.5860020e+01 1.5373089e+01 1.4363133e+01 1.4505089e+01 1.5122817e+01 1.4506733e+01 1.4160742e+01 1.4137427e+01 1.3881792e+01 1.3821687e+01 1.3040916e+01 1.2664689e+01 1.3251149e+01 1.3548026e+01 1.2945358e+01 1.2684346e+01 1.2688755e+01 1.1602467e+01 1.1267771e+01 1.2423346e+01 1.2701360e+01 1.2677459e+01 1.2378574e+01 1.1978272e+01 1.1489756e+01 1.0910660e+01 1.0351513e+01 9.8709401e+00 9.4713475e+00 9.0963431e+00 8.8103534e+00 8.5900161e+00 8.1776872e+00 7.7153126e+00 7.3465021e+00
1.9998703e+01 1.9865096e+01 1.9122672e+01 1.9121939e+01 1.9124929e+01 1.8487432e+01 1.8975839e+01 1.8462669e+01 1.8155210e+01 1.8103221e+01 1.7726903e+01 1.7336065e+01 1.6977088e+01 1.6981406e+01 1.6548464e+01 1.5985784e+01 1.4980215e+01 1.3909244e+01 1.4885752e+01 1.5676967e+01 1.5135927e+01 1.4879142e+01 1.4770766e+01 1.4319205e+01 1.4118697e+01 1.3373987e+01 1.3528950e+01 1.3660177e+01 1.3084569e+01 1.3359057e+01 1.2293686e+01 1.1354876e+01 1.1124793e+01 1.0671706e+01 1.1307940e+01 1.2119062e+01 1.1990270e+01 1.1854906e+01 1.2039600e+01 1.1988356e+01 1.1260608e+01 1.0774765e+01 1.0343507e+01 9.9751687e+00 9.6597308e+00 9.4031763e+00 9.1467726e+00 8.8259110e+00 8.3706612e+00 7.9096201e+00
1.9422240e+01 1.9387105e+01 1.9728732e+01 1.9355942e+01 1.9240349e+01 1.9219730e+01 1.9089096e+01 1.8968147e+01 1.8811285e+01 1.8542416e+01 1.8136648e+01 1.7554998e+01 1.7429802e+01 1.6844441e+01 1.6551027e+01 1.7047323e+01 1.6235996e+01 1.5801859e+01 1.6267905e+01 1.6162333e+01 1.5771900e+01 1.5435019e+01 1.5137080e+01 1.4888656e+01 1.4541967e+01 1.4311407e+01 1.3247234e+01 1.4131913e+01 1.4481819e+01 1.3029417e+01 1.3129291e+01 1.2637435e+01 1.2032132e+01 1.1955371e+01 1.1681249e+01 1.1853112e+01 1.1209489e+01 1.0250232e+01 1.2246340e+01 1.2279337e+01 1.1697940e+01 1.1270187e+01 1.0737224e+01 1.0370762e+01 1.0158514e+01 9.9699730e+00 9.7843436e+00 9.5119958e+00 9.0792576e+00 8.5909766e+00
2.0517300e+01 2.0402907e+01 2.0080254e+01 1.9660742e+01 1.9471627e+01 1.8949595e+01 1.9010291e+01 1.9080881e+01 1.9008262e+01 1.8780950e+01 1.8413354e+01 1.8060748e+01 1.7828845e+01 1.7464254e+01 1.7268664e+01 1.7312276e+01 1.7222141e+01 1.7027524e+01 1.7279634e+01 1.6803624e+01 1.6310315e+01 1.6006277e+01 1.5858246e+01 1.5534831e+01 1.5348907e+01 1.5205474e+01 1.4772266e+01 1.4268003e+01 1.3828828e+01 1.1173181e+01 1.1832149e+01 1.2178432e+01 1.2321683e+01 1.2694530e+01 1.2272455e+01 1.1764387e+01 1.1647552e+01 1.1566126e+01 1.1088128e+01 1.1628560e+01 1.0674147e+01 1.0299722e+01 1.0710659e+01 1.0771501e+01 1.0611881e+01 1.0519125e+01 1.0415089e+01 1.0206870e+01 9.8009909e+00 9.3353795e+00
1.9830998e+01 2.0499067e+01 2.0361546e+01 2.0035842e+01 1.9848375e+01 1.9786580e+01 1.9626608e+01 1.9441873e+01 1.9058263e+01 1.8838473e+01 1.8641106e+01 1.8543982e+01 1.8644825e+01 1.8134611e+01 1.7153417e+01 1.7746623e+01 1.7624375e+01 1.6926904e+01 1.7318313e+01 1.7386596e+01 1.6979204e+01 1.6941424e+01 1.6340121e+01 1.6138710e+01 1.5712082e+01 1.5484700e+01 1.5619614e+01 1.5514492e+01 1.5142914e+01 1.2982017e+01 1.4027372e+01 1.3938367e+01 1.3396455e+01 1.3008327e+01 1.2703157e+01 1.2252840e+01 1.1948774e+01 1.1303778e+01 1.1042116e+01 9.6927313e+00 3.5377778e+00 3.9560080e+00 1.0032756e+01 1.1159828e+01 1.0937073e+01 1.0979497e+01 1.0945080e+01 1.0790088e+01 1.0431851e+01 9.9753994e+00
