presentation/data/depth_0054.asc
ncols     164
nrows     146
xllcorner -1.242151388888889e+02
yllcorner  4.172986111111111e+01
cellsize  2.777777777820000e-04
nodata_value       -9999
[rows 66 to 87 of 146, columns 0 to 49 of 164]
1.0724299e+00 8.1216015e-01 9.1609067e-02 9.9800767e-04 8.9694585e-04 0.0000000e+00 0.0000000e+00 0.0000000e+00 0.0000000e+00 0.0000000e+00 0.0000000e+00 0.0000000e+00 0.0000000e+00 0.0000000e+00 0.0000000e+00 0.0000000e+00 0.0000000e+00 0.0000000e+00 0.0000000e+00 0.0000000e+00 0.0000000e+00 0.0000000e+00 0.0000000e+00 0.0000000e+00 0.0000000e+00 0.0000000e+00 0.0000000e+00 0.0000000e+00 0.0000000e+00 0.0000000e+00 0.0000000e+00 0.0000000e+00 0.0000000e+00 0.0000000e+00 0.0000000e+00 0.0000000e+00 0.0000000e+00 0.0000000e+00 0.0000000e+00 0.0000000e+00 0.0000000e+00 0.0000000e+00 0.0000000e+00 0.0000000e+00 0.0000000e+00 0.0000000e+00 0.0000000e+00 0.0000000e+00 0.0000000e+00 0.0000000e+00
7.0823040e-01 8.1694193e-01 1.3794840e+00 1.3000543e+00 8.4973307e-01 8.9680224e-04 7.8601789e-04 0.0000000e+00 0.0000000e+00 0.0000000e+00 0.0000000e+00 0.0000000e+00 0.0000000e+00 0.0000000e+00 0.0000000e+00 0.0000000e+00 0.0000000e+00 0.0000000e+00 0.0000000e+00 0.0000000e+00 0.0000000e+00 0.0000000e+00 0.0000000e+00 0.0000000e+00 0.0000000e+00 0.0000000e+00 0.0000000e+00 0.0000000e+00 0.0000000e+00 0.0000000e+00 0.0000000e+00 0.0000000e+00 0.0000000e+00 0.0000000e+00 0.0000000e+00 0.0000000e+00 0.0000000e+00 0.0000000e+00 0.0000000e+00 0.0000000e+00 0.0000000e+00 0.0000000e+00 0.0000000e+00 0.0000000e+00 0.0000000e+00 0.0000000e+00 0.0000000e+00 0.0000000e+00 0.0000000e+00 0.0000000e+00
6.0195073e-01 1.0766607e+00 2.3887104e+00 3.1162799e+00 3.3761489e+00 3.0660045e+00 2.2811505e+00 3.6983868e-01 8.4144253e-04 0.0000000e+00 0.0000000e+00 0.0000000e+00 0.0000000e+00 0.0000000e+00 0.0000000e+00 0.0000000e+00 0.0000000e+00 0.0000000e+00 0.0000000e+00 0.0000000e+00 0.0000000e+00 0.0000000e+00 0.0000000e+00 0.0000000e+00 0.0000000e+00 0.0000000e+00 0.0000000e+00 0.0000000e+00 0.0000000e+00 0.0000000e+00 0.0000000e+00 0.0000000e+00 0.0000000e+00 0.0000000e+00 0.0000000e+00 0.0000000e+00 0.0000000e+00 0.0000000e+00 0.0000000e+00 0.0000000e+00 0.0000000e+00 0.0000000e+00 0.0000000e+00 0.0000000e+00 0.0000000e+00 0.0000000e+00 0.0000000e+00 0.0000000e+00 0.0000000e+00 0.0000000e+00
5.9371337e-01 2.6407404e+00 4.6652855e+00 4.9345398e+00 4.9868657e+00 5.0436323e+00 4.5458037e+00 3.5956028e+00 2.7557800e+00 2.4144357e+00 7.2537456e-04 7.5009878e-04 0.0000000e+00 0.0000000e+00 0.0000000e+00 0.0000000e+00 0.0000000e+00 0.0000000e+00 0.0000000e+00 0.0000000e+00 0.0000000e+00 0.0000000e+00 0.0000000e+00 0.0000000e+00 0.0000000e+00 0.0000000e+00 0.0000000e+00 0.0000000e+00 0.0000000e+00 0.0000000e+00 0.0000000e+00 0.0000000e+00 0.0000000e+00 0.0000000e+00 0.0000000e+00 0.0000000e+00 0.0000000e+00 0.0000000e+00 0.0000000e+00 0.0000000e+00 0.0000000e+00 0.0000000e+00 0.0000000e+00 0.0000000e+00 0.0000000e+00 0.0000000e+00 0.0000000e+00 0.0000000e+00 0.0000000e+00 0.0000000e+00
2.1993686e+00 4.8792789e+00 5.0513573e+00 5.1854112e+00 5.2401514e+00 5.1675385e+00 4.7449704e+00 4.3605439e+00 5.0558627e+00 4.4979546e+00 2.7231582e+00 8.3310293e-04 0.0000000e+00 0.0000000e+00 0.0000000e+00 0.0000000e+00 0.0000000e+00 0.0000000e+00 0.0000000e+00 0.0000000e+00 0.0000000e+00 0.0000000e+00 0.0000000e+00 0.0000000e+00 0.0000000e+00 0.0000000e+00 0.0000000e+00 0.0000000e+00 0.0000000e+00 0.0000000e+00 0.0000000e+00 0.0000000e+00 0.0000000e+00 0.0000000e+00 0.0000000e+00 0.0000000e+00 0.0000000e+00 0.0000000e+00 0.0000000e+00 0.0000000e+00 0.0000000e+00 0.0000000e+00 0.0000000e+00 0.0000000e+00 0.0000000e+00 0.0000000e+00 0.0000000e+00 0.0000000e+00 0.0000000e+00 0.0000000e+00
4.8288171e+00 3.0358805e+00 4.0902148e+00 5.0682044e+00 5.2461010e+00 3.9174703e+00 4.3430133e+00 4.4806864e+00 5.2924165e+00 4.6211974e+00 2.2824278e+00 5.8395253e-04 0.0000000e+00 0.0000000e+00 0.0000000e+00 0.0000000e+00 0.0000000e+00 0.0000000e+00 0.0000000e+00 0.0000000e+00 0.0000000e+00 0.0000000e+00 0.0000000e+00 0.0000000e+00 0.0000000e+00 0.0000000e+00 0.0000000e+00 0.0000000e+00 0.0000000e+00 0.0000000e+00 0.0000000e+00 0.0000000e+00 0.0000000e+00 0.0000000e+00 0.0000000e+00 0.0000000e+00 0.0000000e+00 0.0000000e+00 0.0000000e+00 0.0000000e+00 0.0000000e+00 0.0000000e+00 0.0000000e+00 0.0000000e+00 0.0000000e+00 0.0000000e+00 0.0000000e+00 0.0000000e+00 0.0000000e+00 0.0000000e+00
4.9276892e+00 3.6777589e+00 4.4264859e+00 4.2295488e+00 5.2698497e+00 5.3774747e+00 5.2919156e+00 5.2779978e+00 5.2857233e+00 4.3493464e+00 1.5733485e+00 8.7839071e-04 0.0000000e+00 0.0000000e+00 0.0000000e+00 0.0000000e+00 0.0000000e+00 0.0000000e+00 0.0000000e+00 0.0000000e+00 0.0000000e+00 0.0000000e+00 0.0000000e+00 0.0000000e+00 0.0000000e+00 0.0000000e+00 0.0000000e+00 0.0000000e+00 0.0000000e+00 0.0000000e+00 0.0000000e+00 0.0000000e+00 0.0000000e+00 0.0000000e+00 0.0000000e+00 0.0000000e+00 0.0000000e+00 0.0000000e+00 0.0000000e+00 0.0000000e+00 0.0000000e+00 0.0000000e+00 0.0000000e+00 0.0000000e+00 0.0000000e+00 9.9969551e-04 0.0000000e+00 0.0000000e+00 9.9632269e-04 9.9975429e-04
5.1675466e+00 4.9481867e+00 5.0836635e+00 4.9920609e+00 5.2795154e+00 5.3462486e+00 5.3663504e+00 5.3910867e+00 5.1556465e+00 3.5838157e+00 2.7343909e+00 2.1397980e+00 1.9493721e+00 2.2675823e+00 2.5003564e+00 2.4556847e+00 1.9494709e+00 1.4558576e+00 2.0026595e-01 9.2954551e-04 9.5040976e-04 9.8524701e-04 0.0000000e+00 0.0000000e+00 0.0000000e+00 0.0000000e+00 0.0000000e+00 0.0000000e+00 0.0000000e+00 0.0000000e+00 0.0000000e+00 0.0000000e+00 0.0000000e+00 0.0000000e+00 0.0000000e+00 0.0000000e+00 0.0000000e+00 0.0000000e+00 0.0000000e+00 0.0000000e+00 0.0000000e+00 0.0000000e+00 0.0000000e+00 0.0000000e+00 9.9979242e-04 9.9688757e-04 9.9848744e-04 9.8613259e-04 9.9756050e-04 9.9947222e-04
5.9552564e+00 5.2328629e+00 5.0792390e+00 5.1195517e+00 5.2678833e+00 5.4536834e+00 5.5491558e+00 5.5852793e+00 5.4642486e+00 5.1275994e+00 4.8372078e+00 4.6759296e+00 4.5789559e+00 4.6489347e+00 4.8279503e+00 4.6608557e+00 4.6515559e+00 4.6132555e+00 4.3080550e+00 3.9066868e+00 3.5095032e+00 2.3636419e+00 1.5157892e+00 2.6339231e-01 9.5463979e-04 9.0063514e-04 0.0000000e+00 0.0000000e+00 0.0000000e+00 0.0000000e+00 0.0000000e+00 0.0000000e+00 0.0000000e+00 0.0000000e+00 0.0000000e+00 0.0000000e+00 0.0000000e+00 0.0000000e+00 0.0000000e+00 0.0000000e+00 0.0000000e+00 0.0000000e+00 0.0000000e+00 9.9482613e-04 9.9870596e-04 9.9754497e-04 8.2740477e-03 9.9806353e-04 9.9319418e-04 9.9898683e-04
6.9525687e+00 5.6878485e+00 4.9276249e+00 5.0803928e+00 5.3650552e+00 5.7032965e+00 5.9075233e+00 5.9549385e+00 5.8950128e+00 5.7501405e+00 5.5582143e+00 5.4356750e+00 5.3223183e+00 5.2550048e+00 4.8586270e+00 3.9731999e+00 4.7714084e+00 4.9580495e+00 4.8802499e+00 4.7417939e+00 4.7669539e+00 4.3705545e+00 4.2456059e+00 3.5315068e+00 4.1704303e+00 2.0775451e+00 9.9565774e-04 0.0000000e+00 0.0000000e+00 0.0000000e+00 0.0000000e+00 0.0000000e+00 0.0000000e+00 0.0000000e+00 0.0000000e+00 0.0000000e+00 0.0000000e+00 0.0000000e+00 0.0000000e+00 0.0000000e+00 0.0000000e+00 0.0000000e+00 3.7113552e-06 9.9419864e-04 9.9747937e-04 9.8366817e-04 7.1629200e-04 9.9997198e-04 9.8924549e-04 9.6259031e-04
8.0911651e+00 6.1672390e+00 4.8344089e+00 4.3119814e+00 4.9819423e+00 6.2977339e+00 6.5034134e+00 6.5405634e+00 6.4383848e+00 6.2113037e+00 5.9171790e+00 5.6289836e+00 5.3794617e+00 5.1927471e+00 4.3928999e+00 3.8126684e+00 4.2751010e+00 4.7829890e+00 4.3102713e+00 4.3740985e+00 4.4555632e+00 4.0382530e+00 4.5536508e+00 4.4698387e+00 4.5558156e+00 4.4963648e+00 3.1715093e+00 4.4461108e-01 9.5092692e-04 0.0000000e+00 0.0000000e+00 0.0000000e+00 0.0000000e+00 0.0000000e+00 0.0000000e+00 0.0000000e+00 0.0000000e+00 0.0000000e+00 0.0000000e+00 0.0000000e+00 0.0000000e+00 0.0000000e+00 9.7540778e-04 9.9240860e-04 9.7476642e-04 8.4804774e-04 9.8666792e-04 9.9343541e-04 9.9595614e-04 9.8646664e-04
1.0220568e+01 7.6186024e+00 5.3101891e+00 4.6355972e+00 6.1653290e+00 7.2241737e+00 7.3325960e+00 7.3158285e+00 7.1400173e+00 6.8150783e+00 6.4216342e+00 5.9733000e+00 5.5664704e+00 5.2858840e+00 4.8819533e+00 4.3266787e+00 4.8763023e+00 5.0004720e+00 4.7421898e+00 4.5532798e+00 4.7945269e+00 4.5114159e+00 4.5653943e+00 4.4829767e+00 4.5576256e+00 4.7395102e+00 3.5149794e+00 3.9210531e+00 2.2738257e+00 8.6951792e-04 8.3663426e-04 0.0000000e+00 0.0000000e+00 0.0000000e+00 0.0000000e+00 0.0000000e+00 0.0000000e+00 0.0000000e+00 0.0000000e+00 9.9876021e-04 9.9952697e-04 0.0000000e+00 9.8455479e-04 9.6162352e-04 2.4168087e-01 2.2481019e-01 1.8447583e-01 1.1547751e-01 2.9859853e-01 2.3596539e-01
1.2064282e+01 1.0221438e+01 9.3261089e+00 7.7570375e+00 8.3812677e+00 8.2586618e+00 8.2036515e+00 8.0687053e+00 7.7732928e+00 7.3657445e+00 6.8387997e+00 6.2451189e+00 5.6852937e+00 5.3203588e+00 4.9426227e+00 4.1765970e+00 4.9186287e+00 4.9657031e+00 5.3078562e+00 5.0880005e+00 4.5275672e+00 4.5764460e+00 3.9609564e+00 4.3825930e+00 4.0750682e+00 3.6702382e+00 4.2523890e+00 4.4248387e+00 4.5780161e+00 3.1375322e+00 9.1208101e-01 8.1798794e-04 0.0000000e+00 0.0000000e+00 0.0000000e+00 0.0000000e+00 9.9959158e-04 9.9884596e-04 9.9882070e-04 9.9586693e-04 9.9996703e-04 9.8721785e-04 9.8211491e-04 9.8165058e-04 3.6767626e-01 4.9326413e-01 3.5769895e-01 2.6348287e-01 4.3158759e-01 4.2110419e-01
1.2592877e+01 1.1911316e+01 1.1844744e+01 1.0314498e+01 1.0585453e+01 9.6842409e+00 9.3194006e+00 9.0361265e+00 8.6571875e+00 8.1278732e+00 7.3778660e+00 6.5497598e+00 5.7991079e+00 5.1515199e+00 4.7011952e+00 4.5735453e+00 4.6771702e+00 4.7942594e+00 5.3362331e+00 4.7177460e+00 3.9576259e+00 4.6671450e+00 4.6924279e+00 4.7194827e+00 4.4436411e+00 4.5527912e+00 4.3968541e+00 4.2731511e+00 4.2979580e+00 4.7600853e+00 3.7476120e+00 1.9245999e+00 8.1763206e-04 9.4286185e-04 8.8507855e-04 9.9044681e-04 9.7103878e-04 9.9921124e-04 9.9876747e-04 9.9614498e-04 9.9603983e-04 9.9413583e-04 2.3501881e-03 6.2208529e-02 1.6738302e-01 2.2009599e-01 4.8512908e-01 3.6055214e-01 6.4299071e-01 8.9406001e-01
1.3260831e+01 1.3016527e+01 1.2715222e+01 1.2142164e+01 1.1661783e+01 1.1012812e+01 1.0607918e+01 1.0208463e+01 9.9333407e+00 9.3715299e+00 8.1827715e+00 6.8990006e+00 6.0183380e+00 5.3135033e+00 4.7528662e+00 4.6162710e+00 4.5010368e+00 4.6031271e+00 2.5334450e+00 3.3109556e+00 4.7678584e+00 4.6297818e+00 4.8370215e+00 4.6855229e+00 3.6599204e+00 4.3237654e+00 4.5818822e+00 4.2772277e+00 4.3063947e+00 3.2975907e+00 4.6543322e+00 4.6576644e+00 3.8949954e+00 1.8167309e+00 6.2560717e-01 9.5303444e-04 9.5064136e-04 9.8569964e-04 9.7633673e-04 9.9554779e-04 9.9284974e-04 5.7429679e-02 3.8920086e-03 9.6186256e-04 9.8423250e-04 9.9312141e-04 9.4709900e-04 1.1999453e-01 4.8189201e-01 3.7732586e-01
1.3210288e+01 1.3101839e+01 1.2897724e+01 1.2480343e+01 1.2026141e+01 1.1484835e+01 1.1069543e+01 1.0922764e+01 1.0823088e+01 1.0343365e+01 8.9199432e+00 7.1045999e+00 6.3373076e+00 5.7659848e+00 4.8188659e+00 3.8460706e+00 4.6573914e+00 4.6197975e+00 4.7486797e+00 4.7754517e+00 4.9919604e+00 4.8090479e+00 5.0017055e+00 4.5859906e+00 2.6318470e-01 3.4040847e+00 4.6157574e+00 4.3486665e+00 4.3582413e+00 4.4971079e+00 4.6173986e+00 4.7830273e+00 4.8043166e+00 4.4749049e+00 4.3240147e+00 3.6732994e+00 2.7489424e+00 1.1891442e+00 9.7948124e-04 4.0578579e-04 9.9402977e-04 9.9375183e-04 2.3957878e-03 9.9746780e-04 9.8989610e-04 9.8123988e-04 9.4210249e-04 8.7964982e-04 9.7022452e-04 8.1601930e-02
1.3019705e+01 1.2860817e+01 1.2727889e+01 1.2457296e+01 1.2137070e+01 1.1761155e+01 1.1461497e+01 1.1271621e+01 1.1079281e+01 1.0594416e+01 9.3914619e+00 7.3791227e+00 7.2378454e+00 7.0136050e+00 5.4193341e+00 4.9451114e+00 5.4086000e+00 5.5542993e+00 5.7427965e+00 5.5542139e+00 5.2937509e+00 5.0526210e+00 4.9106106e+00 4.8073444e+00 2.5843086e+00 4.1460494e+00 3.9025269e+00 4.6121654e+00 4.6010624e+00 4.4178901e+00 3.9088909e+00 4.6411357e+00 4.7205280e+00 4.7541845e+00 4.7833270e+00 4.7933129e+00 4.3968819e+00 3.9649341e+00 4.0528830e+00 2.0893666e+00 2.4871154e-03 9.7708189e-04 9.9759112e-04 9.9950060e-04 9.9814541e-04 9.9857304e-04 9.9817081e-04 9.6829180e-04 9.8314220e-04 1.0009443e-03
1.2899031e+01 1.2564838e+01 1.2500672e+01 1.2420019e+01 1.2193900e+01 1.1932050e+01 1.1656568e+01 1.1467137e+01 1.1209914e+01 1.0734644e+01 9.7903476e+00 8.8476788e+00 9.2579828e+00 9.8322138e+00 8.3129440e+00 7.3224178e+00 7.2182232e+00 7.0835184e+00 6.7553050e+00 6.3896436e+00 5.8951142e+00 5.3165624e+00 4.7984212e+00 4.4330865e+00 4.3938975e+00 4.6323893e+00 3.9087841e+00 4.6843048e+00 4.5775013e+00 3.7633519e+00 4.3296134e+00 4.6619060e+00 4.6232613e+00 4.5424992e+00 4.4499624e+00 4.3441068e+00 4.2213359e+00 4.4236038e+00 4.5758092e+00 3.8068602e+00 3.7579851e+00 1.5774804e+00 8.6193336e-04 9.9836578e-04 9.9774880e-04 9.9925733e-04 9.9879861e-04 9.9866229e-04 9.9866510e-04 9.9620669e-04
1.2866513e+01 1.2353573e+01 1.2502025e+01 1.2447190e+01 1.2210823e+01 1.2018528e+01 1.1804401e+01 1.1610839e+01 1.1347723e+01 1.0966236e+01 1.0448034e+01 1.0079736e+01 1.0293566e+01 1.0369786e+01 9.4843053e+00 9.0906898e+00 9.0247257e+00 8.6040181e+00 8.0468339e+00 7.2933519e+00 6.5300845e+00 5.7789598e+00 5.0916412e+00 4.6538788e+00 4.4839588e+00 4.7207604e+00 3.9997123e+00 4.0928576e+00 4.2767081e+00 4.1691606e+00 4.4698363e+00 4.4995213e+00 4.4869818e+00 4.4040221e+00 4.3154001e+00 4.1999313e+00 4.1550107e+00 4.3082386e+00 4.5573725e+00 4.3159530e+00 3.7661805e+00 3.3823546e+00 1.8786007e+00 8.1416309e-04 0.0000000e+00 0.0000000e+00 9.9749328e-04 9.9946624e-04 9.9946535e-04 9.9999585e-04
1.2897876e+01 1.2461509e+01 1.2307843e+01 1.2290388e+01 1.2347321e+01 1.2086130e+01 1.1946786e+01 1.1737995e+01 1.1487935e+01 1.1198426e+01 1.0883657e+01 1.0673948e+01 1.0644658e+01 1.0490437e+01 9.9974667e+00 9.7961779e+00 9.8025943e+00 9.4738455e+00 9.0575897e+00 8.2393772e+00 7.2906359e+00 6.2338779e+00 5.5154948e+00 4.9627123e+00 3.8849681e+00 4.3736793e+00 4.2944841e+00 3.9492740e+00 3.4555282e+00 4.0831953e+00 4.3250098e+00 4.4041650e+00 4.4373462e+00 4.3128777e+00 4.2242879e+00 4.1820970e+00 4.1911091e+00 4.3075837e+00 4.5139842e+00 4.4972619e+00 4.0812492e+00 4.4938017e+00 3.7238791e+00 9.7971073e-04 0.0000000e+00 0.0000000e+00 8.6781785e-04 9.7570967e-04 0.0000000e+00 0.0000000e+00
1.3261802e+01 1.1702613e+01 1.2228569e+01 1.1893714e+01 1.2499666e+01 1.2115443e+01 1.2017951e+01 1.1834525e+01 1.1607467e+01 1.1357950e+01 1.1117041e+01 1.0932066e+01 1.0810548e+01 1.0649570e+01 1.0373466e+01 1.0173066e+01 1.0046239e+01 9.7704497e+00 9.3362936e+00 8.9646564e+00 8.0346212e+00 6.5632556e+00 5.7978149e+00 5.2027823e+00 4.4868357e+00 4.0385471e+00 4.1268003e+00 4.5974851e+00 4.2047274e+00 4.2196834e+00 4.3075413e+00 4.4081602e+00 4.5156967e+00 4.2774948e+00 4.1735807e+00 4.1531794e+00 4.1844385e+00 4.2832929e+00 4.3922241e+00 4.5095260e+00 4.4742529e+00 4.6733450e+00 3.6176995e+00 9.1401089e-01 8.8458379e-04 9.6315078e-04 9.1800652e-04 9.6592503e-04 9.9061204e-04 0.0000000e+00
1.3976662e+01 1.3290763e+01 1.2802368e+01 1.2342045e+01 1.2308198e+01 1.2319273e+01 1.2147271e+01 1.2044181e+01 1.1862619e+01 1.1635033e+01 1.1407578e+01 1.1202319e+01 1.1013506e+01 1.0788150e+01 1.0531783e+01 1.0299998e+01 1.0091342e+01 9.7900698e+00 9.3163791e+00 8.6502986e+00 7.6661738e+00 6.7356883e+00 5.9888335e+00 5.4691522e+00 4.8814059e+00 4.1383208e+00 4.5784695e+00 4.6602218e+00 4.6882687e+00 4.3309034e+00 4.3541461e+00 4.7313224e+00 3.1489870e+00 3.0381346e+00 4.1227819e+00 4.0875906e+00 4.1304791e+00 4.1952969e+00 4.2452624e+00 4.2979283e+00 4.3627471e+00 3.4717666e+00 2.9142362e-03 2.0757790e+00 3.3863010e+00 2.5197920e+00 1.2765761e+00 9.4762398e-04 8.6891114e-04 9.9040996e-04
