presentation/data/depth_0005.asc
ncols     164
nrows     146
xllcorner -1.242151388888889e+02
yllcorner  4.172986111111111e+01
cellsize  2.777777777820000e-04
nodata_value       -9999
[rows 110 to 131 of 146, columns 0 to 49 of 164]
1.9696123e+01 1.9751873e+01 1.9079556e+01 1.9350616e+01 1.9067037e+01 1.8951047e+01 1.8836251e+01 1.8333521e+01 1.8074491e+01 1.7749014e+01 1.7619911e+01 1.7709918e+01 1.7570555e+01 1.6497274e+01 1.7417606e+01 1.7587479e+01 1.6909268e+01 1.6228879e+01 1.6405891e+01 1.6382632e+01 1.6288572e+01 1.4998794e+01 1.4407826e+01 1.4790863e+01 1.4861025e+01 1.4605362e+01 1.4532273e+01 1.3918835e+01 1.4168387e+01 1.3736676e+01 1.3243931e+01 1.2634293e+01 1.2515281e+01 1.2136365e+01 1.1496356e+01 1.1088092e+01 1.0825081e+01 1.0016945e+01 9.6535373e+00 8.6838835e+00 5.0288697e+00 5.1181293e+00 9.2935872e+00 9.5412239e+00 9.5848118e+00 9.8928094e+00 1.0197865e+01 9.9285161e+00 9.7149193e+00 9.2818717e+00
1.9664411e+01 1.9615411e+01 1.9515300e+01 1.9508648e+01 1.9231754e+01 1.8539973e+01 1.8346355e+01 1.8524088e+01 1.8363234e+01 1.8106116e+01 1.7998765e+01 1.7946428e+01 1.7777064e+01 1.7199963e+01 1.8165931e+01 1.8264862e+01 1.7632839e+01 1.7686213e+01 1.7310927e+01 1.7057405e+01 1.6526787e+01 1.5222425e+01 1.5582913e+01 1.5917506e+01 1.5757240e+01 1.5338082e+01 1.5079064e+01 1.4716862e+01 1.4479966e+01 1.4483375e+01 1.4420058e+01 1.3327813e+01 1.3169905e+01 1.2662904e+01 1.2209077e+01 1.1569381e+01 1.1117107e+01 1.0905631e+01 1.0149316e+01 1.0339021e+01 1.0149839e+01 9.4078261e+00 9.5696082e+00 9.6745733e+00 9.8752694e+00 1.0703251e+01 1.1102245e+01 1.0654128e+01 1.0340023e+01 9.8257371e+00
1.9716438e+01 1.9618424e+01 1.9603252e+01 1.9418482e+01 1.9424419e+01 1.9231886e+01 1.9031181e+01 1.8825294e+01 1.8669594e+01 1.8460773e+01 1.8370208e+01 1.8329826e+01 1.8393846e+01 1.8444611e+01 1.8418183e+01 1.8432640e+01 1.8106577e+01 1.7928948e+01 1.7307387e+01 1.7183218e+01 1.6405395e+01 1.7013760e+01 1.7139722e+01 1.6982743e+01 1.6542251e+01 1.6210453e+01 1.5994988e+01 1.5464246e+01 1.4958502e+01 1.4647903e+01 1.4538921e+01 1.4520454e+01 1.3888780e+01 1.2726137e+01 1.2370704e+01 1.2186474e+01 1.1167536e+01 1.0317491e+01 9.7717443e+00 1.0361296e+01 1.0189553e+01 9.5538427e+00 9.4822514e+00 9.8577542e+00 1.0565641e+01 1.1615103e+01 1.1522208e+01 1.0247543e+01 9.3552291e+00 9.5155227e+00
1.9862758e+01 1.9762049e+01 1.9704677e+01 1.9687538e+01 1.9519798e+01 1.9338564e+01 1.9201056e+01 1.9070556e+01 1.8957428e+01 1.8874322e+01 1.8799562e+01 1.8792900e+01 1.8773133e+01 1.8722402e+01 1.8616490e+01 1.8597908e+01 1.8386672e+01 1.8077590e+01 1.7974593e+01 1.7994787e+01 1.8090380e+01 1.7988362e+01 1.7694461e+01 1.7394111e+01 1.7191201e+01 1.6899997e+01 1.5807765e+01 1.4368314e+01 1.5687891e+01 1.5146798e+01 1.4745886e+01 1.4585397e+01 1.3746044e+01 1.3687361e+01 1.3517977e+01 1.2489917e+01 1.1278383e+01 9.9278279e+00 8.9199190e+00 9.0222040e+00 9.3159415e+00 8.6894765e+00 8.5115302e+00 9.8127124e+00 1.1483173e+01 1.1961726e+01 1.2051708e+01 1.1861269e+01 1.1314773e+01 1.2061021e+01
1.9964808e+01 1.9886435e+01 1.9817417e+01 1.9755040e+01 1.9650485e+01 1.9528686e+01 1.9443251e+01 1.9387640e+01 1.9368473e+01 1.9311762e+01 1.9177701e+01 1.9127538e+01 1.7696040e+01 1.6307992e+01 1.9167678e+01 1.8717275e+01 1.8505924e+01 1.8446936e+01 1.8390450e+01 1.8362752e+01 1.8467381e+01 1.8353517e+01 1.8104015e+01 1.7842909e+01 1.7643090e+01 1.7420811e+01 1.7018220e+01 1.6658705e+01 1.6653989e+01 1.5228296e+01 1.5340557e+01 1.4093899e+01 1.4260170e+01 1.3755118e+01 1.3814550e+01 1.0459566e+01 1.0781296e+01 9.6101275e+00 6.0672241e+00 9.7525713e+00 9.9067225e+00 9.6168598e+00 8.6633734e+00 1.0937154e+01 1.2291305e+01 1.2555995e+01 1.1688165e+01 1.2642626e+01 1.2710508e+01 1.2720372e+01
2.0098659e+01 2.0025408e+01 1.9965813e+01 1.9877988e+01 1.9822488e+01 1.9752042e+01 1.9683398e+01 1.9621459e+01 1.9133968e+01 1.3787137e+01 1.9352328e+01 1.9428051e+01 1.9463934e+01 1.9277705e+01 1.9321694e+01 1.9090129e+01 1.8902281e+01 1.8817594e+01 1.8807182e+01 1.8897862e+01 1.9011278e+01 1.8950385e+01 1.8751325e+01 1.8207913e+01 1.8209094e+01 1.7643937e+01 1.7934319e+01 1.7942617e+01 1.7813000e+01 1.6634120e+01 1.6162280e+01 1.3900759e+01 1.4648076e+01 1.5552846e+01 1.4028900e+01 9.3856068e+00 8.7242716e+00 1.0164443e+01 1.0952758e+01 1.0032389e+01 1.0364207e+01 1.0831466e+01 1.1566798e+01 1.2493788e+01 1.2433909e+01 1.3264149e+01 1.2786010e+01 1.3127907e+01 1.3144354e+01 1.3340489e+01
2.0225950e+01 2.0179874e+01 2.0128284e+01 2.0049757e+01 1.9990023e+01 1.9942018e+01 1.9899645e+01 1.9829764e+01 1.9665486e+01 1.7336672e+01 1.9617335e+01 1.9746002e+01 1.9610531e+01 1.9491755e+01 1.9358638e+01 1.9249415e+01 1.9165707e+01 1.9098327e+01 1.9049775e+01 1.9255457e+01 1.8351092e+01 1.9128271e+01 1.8941791e+01 1.8726919e+01 1.8296279e+01 1.8329523e+01 1.7526154e+01 1.8325519e+01 1.8269944e+01 1.8115507e+01 1.6977653e+01 1.6843004e+01 1.6641148e+01 1.6172668e+01 1.5382420e+01 1.1446915e+01 1.1093005e+01 1.0249835e+01 1.0509001e+01 1.1132934e+01 1.1443810e+01 1.1655857e+01 1.2276457e+01 1.2989619e+01 1.2993547e+01 1.3514940e+01 1.3727150e+01 1.3486350e+01 1.3727931e+01 1.3945725e+01
2.0392655e+01 2.0324259e+01 2.0276887e+01 2.0196419e+01 2.0136966e+01 2.0088590e+01 2.0057545e+01 2.0043543e+01 2.0043400e+01 2.0054871e+01 1.9967880e+01 1.9838893e+01 1.9737830e+01 1.9628711e+01 1.9509901e+01 1.9411204e+01 1.9362166e+01 1.9163758e+01 1.9159978e+01 1.9388652e+01 1.9206651e+01 1.9642948e+01 1.9326335e+01 1.9410167e+01 1.8736762e+01 1.8541995e+01 1.5938198e+01 1.7696259e+01 1.8485258e+01 1.8079083e+01 1.7353567e+01 1.6198969e+01 1.7070897e+01 1.6077862e+01 1.5749092e+01 1.5232395e+01 1.5388589e+01 1.3563214e+01 1.1925133e+01 1.2310804e+01 1.1887165e+01 1.2021184e+01 1.3204599e+01 1.3350921e+01 1.3560934e+01 1.4318344e+01 1.4377597e+01 1.4292500e+01 1.4237248e+01 1.4322044e+01
2.0631000e+01 2.0562138e+01 2.0477667e+01 2.0395009e+01 2.0288090e+01 2.0252390e+01 2.0174625e+01 2.0186525e+01 2.0146138e+01 2.0100288e+01 2.0045708e+01 1.9963127e+01 1.9858969e+01 1.9775980e+01 1.9688808e+01 1.9589369e+01 1.9528273e+01 1.9466893e+01 1.9426540e+01 1.9408222e+01 1.9463408e+01 1.9461774e+01 1.9366288e+01 1.9283915e+01 1.9129552e+01 1.9168809e+01 1.8191564e+01 1.8587055e+01 1.9089682e+01 1.8657755e+01 1.8155798e+01 1.7813946e+01 1.7790543e+01 1.6861482e+01 1.5485992e+01 1.5440679e+01 1.5085984e+01 1.4390288e+01 1.4421746e+01 1.3727354e+01 1.2879793e+01 1.3402146e+01 1.4059958e+01 1.4193706e+01 1.4379051e+01 1.4473805e+01 1.3855341e+01 1.4738153e+01 1.4658801e+01 1.4781150e+01
2.0784258e+01 2.0710081e+01 2.0648114e+01 2.0592402e+01 2.0546296e+01 2.0449553e+01 2.0377680e+01 2.0330552e+01 2.0267356e+01 2.0213432e+01 2.0142048e+01 2.0080236e+01 2.0028190e+01 1.9933898e+01 1.9845981e+01 1.9756600e+01 1.9677995e+01 1.9614728e+01 1.9564733e+01 1.9511236e+01 1.9483431e+01 1.9532739e+01 1.9672135e+01 1.9198784e+01 1.9205497e+01 1.9308984e+01 1.9448774e+01 1.9570629e+01 1.9321421e+01 1.8963635e+01 1.8649487e+01 1.8112302e+01 1.8106298e+01 1.8130421e+01 1.5880063e+01 1.6222192e+01 1.6250264e+01 1.5215235e+01 1.4981001e+01 1.4776134e+01 1.3808678e+01 1.3274514e+01 1.4985704e+01 1.4699573e+01 1.4775633e+01 1.5478102e+01 1.5662944e+01 1.5108006e+01 1.5007471e+01 1.4989215e+01
2.0948683e+01 2.0899594e+01 2.0839861e+01 2.0774539e+01 2.0694390e+01 2.0597523e+01 2.0547829e+01 2.0524960e+01 2.0484917e+01 2.0451265e+01 2.0344371e+01 2.0204587e+01 2.0141268e+01 2.0101755e+01 2.0021681e+01 1.9950621e+01 1.9872892e+01 1.9787415e+01 1.9696143e+01 1.9582278e+01 1.9628368e+01 1.9615151e+01 1.9649359e+01 1.9702783e+01 1.9531129e+01 1.9008006e+01 1.7326803e+01 1.6440395e+01 1.9379251e+01 1.8889547e+01 1.9135391e+01 1.9013912e+01 1.8802697e+01 1.7148038e+01 1.7790157e+01 1.6826164e+01 1.5649028e+01 1.5227879e+01 1.3416977e+01 1.3004201e+01 1.4144223e+01 1.4179385e+01 1.5742868e+01 1.4745370e+01 1.4396629e+01 1.5704332e+01 1.5767722e+01 1.5575414e+01 1.5389509e+01 1.5301007e+01
2.1152283e+01 2.1073713e+01 2.1017928e+01 2.0953166e+01 2.0899377e+01 2.0840659e+01 2.0752945e+01 2.0685831e+01 2.0639902e+01 2.0650204e+01 2.0618656e+01 2.0445419e+01 2.0335533e+01 2.0251236e+01 2.0202494e+01 2.0142550e+01 2.0079473e+01 1.9993364e+01 1.9871341e+01 1.9758691e+01 1.9807089e+01 1.9777932e+01 1.9763634e+01 1.9766237e+01 1.9718638e+01 1.9703308e+01 1.9778116e+01 1.8931296e+01 1.9161534e+01 1.9797279e+01 1.9402421e+01 1.9300527e+01 1.8890304e+01 1.8212000e+01 1.8597351e+01 1.6850757e+01 1.5453244e+01 1.5500821e+01 1.5043548e+01 1.3514840e+01 1.0658763e+01 1.0053315e+01 1.5433748e+01 1.6329285e+01 1.5180028e+01 1.6330326e+01 1.5993097e+01 1.5820882e+01 1.5720506e+01 1.5639787e+01
2.1343340e+01 2.1283495e+01 2.1231497e+01 2.1163601e+01 2.1075768e+01 2.0995191e+01 2.0913242e+01 2.0861201e+01 2.0831946e+01 2.0764843e+01 2.0685604e+01 2.0612293e+01 2.0546637e+01 2.0456246e+01 2.0369558e+01 2.0299458e+01 2.0233554e+01 2.0169894e+01 2.0100461e+01 2.0015801e+01 1.9966940e+01 1.9928269e+01 1.9914713e+01 1.9879157e+01 1.9776186e+01 2.0010897e+01 2.0151431e+01 1.9788215e+01 2.0360135e+01 1.9880386e+01 1.9632099e+01 1.9572184e+01 1.9162553e+01 1.8089188e+01 1.8334219e+01 1.6934286e+01 1.5669095e+01 1.6015127e+01 1.4227962e+01 1.2339450e+01 1.1283786e+01 9.2724811e+00 1.5413378e+01 1.7551815e+01 1.6311179e+01 1.6597432e+01 1.6302293e+01 1.6142388e+01 1.6073189e+01 1.6042895e+01
2.1492111e+01 2.1451687e+01 2.1406760e+01 2.1371772e+01 2.1301695e+01 2.1204140e+01 2.1120536e+01 2.1033741e+01 2.0983072e+01 2.0918261e+01 2.0863231e+01 2.0791197e+01 2.0715644e+01 2.0640958e+01 2.0572403e+01 2.0509239e+01 2.0453582e+01 2.0370659e+01 2.0300992e+01 2.0228228e+01 2.0157955e+01 2.0112355e+01 2.0086960e+01 2.0085394e+01 2.0125431e+01 2.0141020e+01 1.9929085e+01 1.9635066e+01 2.0062559e+01 2.0095954e+01 1.9768818e+01 1.9695481e+01 1.9401586e+01 1.9686524e+01 1.9065759e+01 1.8485922e+01 1.7317222e+01 1.5167526e+01 1.3867435e+01 1.1167194e+01 9.3510308e+00 1.2053842e+01 1.7255124e+01 1.7554109e+01 1.7045022e+01 1.6751470e+01 1.6593625e+01 1.6470323e+01 1.6388354e+01 1.6350825e+01
2.1717455e+01 2.1642978e+01 2.1590586e+01 2.1524845e+01 2.1475516e+01 2.1396012e+01 2.1332024e+01 2.1259055e+01 2.1185010e+01 2.1113636e+01 2.1048137e+01 2.0989303e+01 2.0905724e+01 2.0839267e+01 2.0755864e+01 2.0711065e+01 2.0651333e+01 2.0587187e+01 2.0520044e+01 2.0404559e+01 2.0326887e+01 2.0310403e+01 2.0290614e+01 2.0259920e+01 2.0252228e+01 2.0280626e+01 2.0406502e+01 2.0474887e+01 2.0543193e+01 2.0361142e+01 2.0004930e+01 1.9862863e+01 1.9670755e+01 1.9964993e+01 1.9975388e+01 1.8944030e+01 1.7800027e+01 1.7335367e+01 1.6501401e+01 1.3523575e+01 1.4468623e+01 1.5540280e+01 1.7994856e+01 1.7583006e+01 1.7257396e+01 1.7049211e+01 1.6937538e+01 1.6791531e+01 1.6680215e+01 1.6562048e+01
2.1958211e+01 2.1847480e+01 2.1804699e+01 2.1720167e+01 2.1659832e+01 2.1579970e+01 2.1502286e+01 2.1437067e+01 2.1366113e+01 2.1300181e+01 2.1242925e+01 2.1207380e+01 2.1130921e+01 2.1043847e+01 2.0944037e+01 2.0887034e+01 2.0827330e+01 2.0774075e+01 2.0681372e+01 2.0589951e+01 2.0541877e+01 2.0513483e+01 2.0485486e+01 2.0431942e+01 2.0404417e+01 2.0417462e+01 2.0455966e+01 2.0497790e+01 2.0550756e+01 2.0532169e+01 1.9744561e+01 2.0104024e+01 2.0081860e+01 2.0057473e+01 1.9993117e+01 1.9537677e+01 1.8632406e+01 1.7649161e+01 1.8230623e+01 1.8728122e+01 1.7315117e+01 1.8083768e+01 1.8186227e+01 1.7869524e+01 1.7602222e+01 1.7387513e+01 1.7228916e+01 1.7081256e+01 1.6963022e+01 1.6830463e+01
2.2176495e+01 2.2050248e+01 2.2000241e+01 2.1923336e+01 2.1887018e+01 2.1839151e+01 2.1722637e+01 2.1631937e+01 2.1535733e+01 2.1466250e+01 2.1403040e+01 2.1377690e+01 2.1335270e+01 2.1253010e+01 2.1159691e+01 2.1078304e+01 2.1006060e+01 2.0916410e+01 2.0839616e+01 2.0800415e+01 2.0754918e+01 2.0699140e+01 2.0648239e+01 2.0613038e+01 2.0575810e+01 2.0547867e+01 2.0523198e+01 2.0510625e+01 2.0519673e+01 2.0488181e+01 2.0376004e+01 2.0268820e+01 2.0183733e+01 2.0135155e+01 2.0087636e+01 1.9980073e+01 2.0129044e+01 1.9880456e+01 1.9760143e+01 1.9373239e+01 1.9240921e+01 1.8909259e+01 1.8538249e+01 1.8221686e+01 1.7970777e+01 1.7759897e+01 1.7569859e+01 1.7406382e+01 1.7276048e+01 1.7145761e+01
2.2384862e+01 2.2282341e+01 2.2163677e+01 2.2139099e+01 2.2065560e+01 2.2058859e+01 2.1991885e+01 2.1840009e+01 2.1750203e+01 2.1643639e+01 2.1572182e+01 2.1514165e+01 2.1483238e+01 2.1427539e+01 2.1361860e+01 2.1277180e+01 2.1203911e+01 2.1120796e+01 2.1065077e+01 2.0992693e+01 2.0933441e+01 2.0877706e+01 2.0812500e+01 2.0771273e+01 2.0728581e+01 2.0691550e+01 2.0638108e+01 2.0611266e+01 2.0567662e+01 2.0508455e+01 2.0415617e+01 2.0351857e+01 2.0308874e+01 2.0272000e+01 2.0222253e+01 2.0188895e+01 2.0200865e+01 2.0062778e+01 1.9922504e+01 1.9701029e+01 1.9406701e+01 1.9060916e+01 1.8799410e+01 1.8563410e+01 1.8335668e+01 1.8116529e+01 1.7907991e+01 1.7733447e+01 1.7581251e+01 1.7456311e+01
2.2565103e+01 2.2505025e+01 2.2365881e+01 2.2312076e+01 2.2257183e+01 2.2209324e+01 2.2210391e+01 2.2078224e+01 2.1939889e+01 2.1850125e+01 2.1748722e+01 2.1706295e+01 2.1649851e+01 2.1578779e+01 2.1514588e+01 2.1453606e+01 2.1368179e+01 2.1319809e+01 2.1268089e+01 2.1207500e+01 2.1132612e+01 2.1061433e+01 2.0984590e+01 2.0915420e+01 2.0866380e+01 2.0820668e+01 2.0779619e+01 2.0731389e+01 2.0664795e+01 2.0592034e+01 2.0508574e+01 2.0434784e+01 2.0392641e+01 2.0400956e+01 2.0276427e+01 2.0282000e+01 2.0148367e+01 2.0083276e+01 1.9894830e+01 1.9670390e+01 1.9651968e+01 1.9276407e+01 1.9005979e+01 1.8795599e+01 1.8596652e+01 1.8409650e+01 1.8224711e+01 1.8031735e+01 1.7883144e+01 1.7749203e+01
2.2723733e+01 2.2708762e+01 2.2588332e+01 2.2485715e+01 2.2468580e+01 2.2383884e+01 2.2364542e+01 2.2313471e+01 2.2166878e+01 2.2071729e+01 2.2001888e+01 2.1922026e+01 2.1823009e+01 2.1772871e+01 2.1696051e+01 2.1588951e+01 2.1532264e+01 2.1470903e+01 2.1413064e+01 2.1357205e+01 2.1304253e+01 2.1237359e+01 2.1175315e+01 2.1098643e+01 2.1027001e+01 2.0966381e+01 2.0918387e+01 2.0857968e+01 2.0785492e+01 2.0712984e+01 2.0645740e+01 2.0558785e+01 2.0496986e+01 2.0499590e+01 2.0506041e+01 1.9864874e+01 2.0334333e+01 2.0156218e+01 1.9959368e+01 1.9847911e+01 1.9696325e+01 1.9461566e+01 1.9207821e+01 1.9009574e+01 1.8809921e+01 1.8623169e+01 1.8443941e+01 1.8295017e+01 1.8168707e+01 1.8066279e+01
2.2889733e+01 2.2887409e+01 2.2836032e+01 2.2693853e+01 2.2624421e+01 2.2581886e+01 2.2518877e+01 2.2518923e+01 2.2416935e+01 2.2282472e+01 2.2214158e+01 2.2143379e+01 2.2060627e+01 2.1928556e+01 2.1831133e+01 2.1763984e+01 2.1683208e+01 2.1632018e+01 2.1552030e+01 2.1487339e+01 2.1436733e+01 2.1371086e+01 2.1326255e+01 2.1281917e+01 2.1206919e+01 2.1138546e+01 2.1073426e+01 2.1002423e+01 2.0925922e+01 2.0830695e+01 2.0765958e+01 2.0688840e+01 2.0626810e+01 2.0583549e+01 2.0589464e+01 2.0656292e+01 2.0648522e+01 2.0368147e+01 2.0128451e+01 1.9968494e+01 1.9842187e+01 1.9593494e+01 1.9382997e+01 1.9213322e+01 1.9034677e+01 1.8842089e+01 1.8655678e+01 1.8499227e+01 1.8356896e+01 1.8111024e+01
2.3073678e+01 2.3057274e+01 2.3037250e+01 2.2940871e+01 2.2812569e+01 2.2785454e+01 2.2694303e+01 2.2690002e+01 2.2653271e+01 2.2501437e+01 2.2405880e+01 2.2330317e+01 2.2295490e+01 2.2150677e+01 2.2027203e+01 2.1950198e+01 2.1871672e+01 2.1795619e+01 2.1712990e+01 2.1616635e+01 2.1582338e+01 2.1505756e+01 2.1448344e+01 2.1392656e+01 2.1347595e+01 2.1288271e+01 2.1239775e+01 2.1171865e+01 2.1093534e+01 2.0997751e+01 2.0903729e+01 2.0834162e+01 2.0762657e+01 2.0720621e+01 2.0698080e+01 2.0651009e+01 2.0708355e+01 2.0522367e+01 2.0388754e+01 1.9968802e+01 1.9988476e+01 1.9761714e+01 1.9568916e+01 1.9382397e+01 1.9202361e+01 1.9024131e+01 1.8835524e+01 1.8687420e+01 1.8529290e+01 1.8353784e+01
