presentation/data/depth_0052.asc
ncols     164
nrows     146
xllcorner -1.242151388888889e+02
yllcorner  4.172986111111111e+01
cellsize  2.777777777820000e-04
nodata_value       -9999
[rows 44 to 65 of 146, columns 50 to 99 of 164]
0.0000000e+00 0.0000000e+00 0.0000000e+00 0.0000000e+00 0.0000000e+00 0.0000000e+00 0.0000000e+00 0.0000000e+00 0.0000000e+00 0.0000000e+00 0.0000000e+00 0.0000000e+00 0.0000000e+00 0.0000000e+00 0.0000000e+00 0.0000000e+00 1.0169992e-01 7.1658822e-01 7.6140413e-01 7.5801350e-01 7.5597262e-01 7.5167996e-01 7.4679051e-01 7.4281867e-01 7.3796700e-01 7.3318810e-01 7.3189549e-01 7.2305092e-01 7.1780261e-01 7.1264231e-01 7.0738869e-01 6.9355857e-01 6.0123756e-01 5.0455342e-01 4.8897979e-01 4.6593378e-01 4.7846015e-01 4.7336378e-01 5.2906811e-01 7.4160428e-01 8.9901622e-01 9.1063313e-01 9.0765111e-01 9.0298326e-01 9.0383135e-01 8.9882793e-01 8.8376681e-01 7.0671996e-01 5.9467347e-01 5.9798214e-01
0.0000000e+00 0.0000000e+00 0.0000000e+00 0.0000000e+00 0.0000000e+00 0.0000000e+00 0.0000000e+00 0.0000000e+00 0.0000000e+00 0.0000000e+00 0.0000000e+00 0.0000000e+00 0.0000000e+00 0.0000000e+00 0.0000000e+00 0.0000000e+00 0.0000000e+00 9.0775849e-04 6.8756231e-01 7.5887963e-01 7.5368415e-01 7.5079472e-01 7.4574546e-01 7.4470062e-01 7.4026989e-01 7.3614871e-01 7.3141121e-01 7.2486268e-01 7.1843486e-01 7.1274774e-01 6.9593042e-01 6.0495042e-01 4.6419726e-01 3.8891328e-01 3.5941810e-01 3.4020778e-01 3.2552192e-01 3.1524531e-01 4.2517517e-01 8.5039858e-01 8.9894847e-01 8.9515009e-01 8.9368203e-01 8.9201038e-01 8.8291254e-01 8.0646592e-01 6.8564471e-01 5.9072578e-01 5.8355884e-01 5.8495979e-01
0.0000000e+00 0.0000000e+00 0.0000000e+00 0.0000000e+00 0.0000000e+00 0.0000000e+00 0.0000000e+00 0.0000000e+00 0.0000000e+00 0.0000000e+00 0.0000000e+00 0.0000000e+00 0.0000000e+00 0.0000000e+00 0.0000000e+00 0.0000000e+00 0.0000000e+00 0.0000000e+00 0.0000000e+00 1.4924298e-01 6.3899624e-01 7.4853438e-01 7.4502570e-01 7.4358557e-01 7.4050394e-01 7.3597117e-01 7.2808179e-01 7.2378333e-01 7.1128787e-01 6.8684987e-01 6.2073530e-01 4.6622098e-01 3.6280589e-01 3.1387641e-01 2.8027553e-01 2.5899136e-01 2.8364722e-01 4.1458458e-01 6.8666293e-01 8.6537701e-01 8.8993259e-01 8.8790943e-01 8.8619340e-01 8.8249222e-01 8.6991502e-01 7.7409930e-01 5.9029840e-01 5.7778074e-01 5.7615969e-01 5.7938671e-01
0.0000000e+00 0.0000000e+00 0.0000000e+00 0.0000000e+00 0.0000000e+00 0.0000000e+00 0.0000000e+00 0.0000000e+00 0.0000000e+00 0.0000000e+00 0.0000000e+00 0.0000000e+00 0.0000000e+00 0.0000000e+00 0.0000000e+00 0.0000000e+00 0.0000000e+00 0.0000000e+00 0.0000000e+00 0.0000000e+00 0.0000000e+00 1.0401830e-01 6.7721676e-01 7.3963046e-01 7.4053570e-01 7.3638760e-01 7.0810629e-01 6.6528044e-01 6.0813359e-01 5.3136651e-01 4.2937779e-01 3.5440588e-01 3.1015622e-01 2.9171575e-01 2.9760551e-01 3.3543358e-01 4.0980185e-01 6.0324082e-01 7.1183394e-01 8.4141700e-01 8.4225255e-01 7.8036492e-01 7.4616135e-01 6.7291310e-01 6.5811344e-01 5.9687298e-01 5.7194303e-01 5.6792333e-01 5.6783064e-01 5.9935208e-01
0.0000000e+00 0.0000000e+00 0.0000000e+00 0.0000000e+00 0.0000000e+00 0.0000000e+00 0.0000000e+00 0.0000000e+00 0.0000000e+00 0.0000000e+00 0.0000000e+00 0.0000000e+00 0.0000000e+00 0.0000000e+00 0.0000000e+00 0.0000000e+00 0.0000000e+00 0.0000000e+00 0.0000000e+00 0.0000000e+00 0.0000000e+00 0.0000000e+00 9.1553751e-04 3.8032217e-01 5.3300681e-01 5.3491956e-01 4.5532635e-01 3.5600676e-01 3.2205977e-01 3.0185870e-01 3.1052568e-01 3.5567874e-01 3.3104712e-01 3.0193355e-01 3.6209526e-01 4.4049150e-01 4.8900368e-01 5.1635437e-01 5.3175260e-01 5.7880512e-01 5.9858245e-01 5.7012816e-01 5.6611730e-01 5.6339501e-01 5.6172563e-01 5.6132428e-01 5.6826592e-01 7.2224324e-01 7.4700389e-01 7.7137576e-01
0.0000000e+00 0.0000000e+00 0.0000000e+00 0.0000000e+00 0.0000000e+00 0.0000000e+00 0.0000000e+00 0.0000000e+00 0.0000000e+00 0.0000000e+00 0.0000000e+00 0.0000000e+00 0.0000000e+00 0.0000000e+00 0.0000000e+00 0.0000000e+00 0.0000000e+00 0.0000000e+00 0.0000000e+00 0.0000000e+00 0.0000000e+00 0.0000000e+00 0.0000000e+00 9.8176731e-04 9.5605498e-04 9.9673127e-04 5.1527211e-02 9.1026237e-02 1.1070776e-01 2.5714069e-01 4.1362796e-01 4.6102487e-01 4.6170489e-01 4.4779651e-01 4.6988728e-01 4.9600536e-01 5.2062975e-01 5.3406691e-01 5.4056991e-01 5.4683387e-01 5.5038359e-01 5.4539670e-01 5.4676437e-01 5.4742465e-01 5.4810261e-01 5.8218317e-01 9.4285306e-01 1.5166932e+00 1.5760496e+00 1.5243690e+00
0.0000000e+00 0.0000000e+00 0.0000000e+00 0.0000000e+00 0.0000000e+00 0.0000000e+00 0.0000000e+00 0.0000000e+00 0.0000000e+00 0.0000000e+00 0.0000000e+00 0.0000000e+00 0.0000000e+00 0.0000000e+00 0.0000000e+00 0.0000000e+00 0.0000000e+00 0.0000000e+00 0.0000000e+00 0.0000000e+00 0.0000000e+00 0.0000000e+00 0.0000000e+00 9.9813269e-04 9.9940863e-04 9.9722933e-04 2.3220679e-03 1.6949189e-02 2.4375787e-01 4.0931038e-01 4.4854920e-01 4.6890565e-01 4.7643144e-01 4.8610949e-01 4.9473889e-01 5.0151428e-01 5.1121876e-01 5.1834428e-01 5.2441416e-01 5.3149346e-01 5.3267452e-01 5.3430326e-01 5.5504243e-01 6.2938556e-01 8.6650711e-01 1.2338387e+00 1.5920895e+00 1.6451305e+00 1.5640539e+00 1.2377412e+00
0.0000000e+00 0.0000000e+00 0.0000000e+00 0.0000000e+00 0.0000000e+00 0.0000000e+00 0.0000000e+00 0.0000000e+00 0.0000000e+00 0.0000000e+00 0.0000000e+00 0.0000000e+00 0.0000000e+00 0.0000000e+00 0.0000000e+00 0.0000000e+00 0.0000000e+00 0.0000000e+00 0.0000000e+00 0.0000000e+00 0.0000000e+00 0.0000000e+00 0.0000000e+00 9.9907451e-04 9.9914059e-04 1.6669921e-03 1.0067515e-03 1.9525057e-01 3.6643350e-01 3.9572475e-01 4.1399921e-01 4.3136791e-01 4.4055810e-01 4.5411229e-01 4.6617958e-01 4.7884567e-01 4.8918451e-01 5.0027492e-01 5.1102619e-01 5.2727458e-01 8.0835712e-01 1.1708039e+00 1.2517022e+00 1.4785174e+00 1.5676248e+00 1.5050159e+00 1.3057569e+00 1.0669256e+00 7.4042483e-01 5.7889277e-01
0.0000000e+00 0.0000000e+00 0.0000000e+00 0.0000000e+00 0.0000000e+00 0.0000000e+00 0.0000000e+00 0.0000000e+00 0.0000000e+00 0.0000000e+00 0.0000000e+00 0.0000000e+00 0.0000000e+00 0.0000000e+00 0.0000000e+00 0.0000000e+00 0.0000000e+00 0.0000000e+00 0.0000000e+00 0.0000000e+00 0.0000000e+00 0.0000000e+00 9.9992808e-04 9.9889118e-04 9.9536598e-04 9.7317763e-03 1.7451671e-01 3.2104996e-01 3.4836462e-01 3.6126667e-01 3.7245058e-01 3.8129022e-01 3.9211465e-01 4.0545804e-01 4.2258493e-01 4.4473837e-01 4.5730887e-01 4.7373167e-01 4.8953947e-01 5.0419523e-01 8.1026945e-01 1.3253892e+00 1.3360047e+00 1.1004919e+00 8.3447755e-01 6.4572967e-01 5.6563693e-01 5.3978495e-01 5.3738401e-01 5.3615992e-01
0.0000000e+00 0.0000000e+00 0.0000000e+00 0.0000000e+00 0.0000000e+00 0.0000000e+00 0.0000000e+00 0.0000000e+00 0.0000000e+00 0.0000000e+00 0.0000000e+00 0.0000000e+00 0.0000000e+00 0.0000000e+00 0.0000000e+00 0.0000000e+00 0.0000000e+00 0.0000000e+00 0.0000000e+00 0.0000000e+00 0.0000000e+00 0.0000000e+00 9.7460419e-04 9.8914282e-04 2.1680096e-01 2.4703238e-01 2.7468393e-01 2.8944272e-01 3.0192806e-01 3.0524808e-01 3.0435955e-01 2.9983764e-01 3.0654468e-01 3.2299696e-01 3.4471114e-01 3.7523787e-01 4.0048746e-01 4.2472197e-01 4.4704876e-01 4.4129395e-01 4.2998580e-01 5.1165012e-01 5.3840528e-01 5.0894877e-01 5.0877240e-01 5.1228937e-01 5.1500811e-01 5.1718450e-01 5.1740653e-01 5.2172508e-01
0.0000000e+00 0.0000000e+00 0.0000000e+00 0.0000000e+00 0.0000000e+00 0.0000000e+00 0.0000000e+00 0.0000000e+00 0.0000000e+00 0.0000000e+00 0.0000000e+00 0.0000000e+00 0.0000000e+00 0.0000000e+00 0.0000000e+00 0.0000000e+00 0.0000000e+00 0.0000000e+00 0.0000000e+00 0.0000000e+00 0.0000000e+00 9.9815530e-04 9.8934042e-04 7.4280881e-02 2.4432957e-01 2.4921735e-01 2.5074680e-01 2.4056924e-01 2.2745446e-01 2.1324062e-01 2.1653294e-01 2.6410003e-01 3.4868560e-01 3.8938141e-01 3.3014706e-01 3.3603470e-01 3.7210941e-01 3.4754596e-01 2.7080310e-01 2.5213064e-01 2.7612291e-01 3.4401519e-01 4.2354539e-01 4.4579845e-01 4.6056624e-01 4.7622782e-01 4.8600964e-01 4.9333385e-01 4.9764705e-01 5.0280266e-01
0.0000000e+00 0.0000000e+00 0.0000000e+00 0.0000000e+00 0.0000000e+00 0.0000000e+00 0.0000000e+00 0.0000000e+00 0.0000000e+00 0.0000000e+00 0.0000000e+00 0.0000000e+00 0.0000000e+00 0.0000000e+00 0.0000000e+00 0.0000000e+00 0.0000000e+00 0.0000000e+00 0.0000000e+00 0.0000000e+00 0.0000000e+00 9.6879547e-04 1.1879113e-02 9.8028997e-03 2.1101978e-01 2.0886927e-01 1.8143516e-01 1.5729716e-01 1.4683560e-01 2.0228338e-01 3.0567965e-01 4.1924517e-01 5.0022555e-01 5.6537855e-01 4.2951944e-01 3.0339914e-01 2.8010236e-01 2.1198550e-01 1.4281325e-01 2.5200644e-01 4.0891862e-01 4.9362929e-01 4.5624414e-01 4.2380476e-01 4.2137544e-01 4.3768847e-01 4.5420284e-01 4.6692969e-01 4.7431013e-01 4.8693321e-01
0.0000000e+00 0.0000000e+00 0.0000000e+00 0.0000000e+00 0.0000000e+00 0.0000000e+00 0.0000000e+00 0.0000000e+00 0.0000000e+00 0.0000000e+00 0.0000000e+00 0.0000000e+00 0.0000000e+00 0.0000000e+00 0.0000000e+00 0.0000000e+00 0.0000000e+00 0.0000000e+00 0.0000000e+00 0.0000000e+00 9.9865818e-04 1.0638573e-03 1.6427933e-03 2.3199021e-03 6.8155476e-02 1.2976193e-01 1.6512676e-01 2.4903569e-01 4.1971779e-01 5.0479582e-01 5.3917000e-01 6.3823182e-01 7.1165472e-01 7.4468551e-01 6.0886690e-01 5.6619664e-01 4.3319908e-01 3.3327295e-01 5.7985023e-01 1.0735712e+00 1.3801385e+00 1.3679007e+00 1.2140252e+00 9.4493819e-01 6.6238814e-01 4.9081494e-01 4.5963593e-01 4.5607751e-01 4.5943795e-01 4.6562008e-01
0.0000000e+00 0.0000000e+00 0.0000000e+00 0.0000000e+00 0.0000000e+00 0.0000000e+00 0.0000000e+00 0.0000000e+00 0.0000000e+00 0.0000000e+00 0.0000000e+00 0.0000000e+00 0.0000000e+00 0.0000000e+00 0.0000000e+00 0.0000000e+00 0.0000000e+00 0.0000000e+00 0.0000000e+00 0.0000000e+00 9.9852659e-04 9.9950535e-04 1.5240926e-03 2.3701057e-03 5.8489308e-03 9.6930829e-02 3.3161195e-01 5.2670462e-01 7.8786546e-01 9.3116045e-01 9.7663050e-01 8.7313329e-01 8.8118601e-01 9.4564373e-01 9.0055012e-01 8.9213604e-01 7.8442953e-01 8.5228913e-01 1.2987866e+00 1.4804482e+00 1.3284707e+00 1.4103804e+00 1.5864808e+00 1.6664380e+00 1.4808204e+00 1.2277037e+00 1.0333093e+00 8.7714480e-01 8.0150510e-01 7.8356265e-01
0.0000000e+00 0.0000000e+00 0.0000000e+00 0.0000000e+00 0.0000000e+00 0.0000000e+00 0.0000000e+00 0.0000000e+00 0.0000000e+00 0.0000000e+00 0.0000000e+00 0.0000000e+00 0.0000000e+00 0.0000000e+00 0.0000000e+00 0.0000000e+00 0.0000000e+00 0.0000000e+00 0.0000000e+00 9.9885409e-04 9.9934248e-04 1.1328768e-03 2.5692949e-03 3.7523266e-03 1.2552190e-03 2.5832489e-01 5.3985711e-01 8.3944017e-01 1.1955738e+00 1.3271753e+00 1.3890937e+00 1.4759164e+00 1.3606444e+00 1.3203403e+00 1.3001269e+00 1.1599726e+00 1.0627923e+00 1.2670558e+00 1.3016991e+00 8.4542428e-01 4.7006774e-01 5.4854337e-01 8.1625927e-01 1.2066414e+00 1.5223964e+00 1.6591695e+00 1.7075040e+00 1.6835186e+00 1.6584914e+00 1.6360089e+00
0.0000000e+00 0.0000000e+00 0.0000000e+00 0.0000000e+00 0.0000000e+00 0.0000000e+00 0.0000000e+00 0.0000000e+00 0.0000000e+00 0.0000000e+00 0.0000000e+00 0.0000000e+00 0.0000000e+00 0.0000000e+00 0.0000000e+00 0.0000000e+00 0.0000000e+00 0.0000000e+00 0.0000000e+00 9.9859336e-04 9.9945290e-04 1.4760550e-03 2.5513489e-03 2.5606324e-03 6.5101021e-03 3.0773829e-01 6.2216069e-01 9.9585299e-01 1.3597935e+00 1.5471637e+00 1.7450023e+00 1.8819749e+00 1.9677324e+00 1.8237325e+00 1.6368750e+00 1.6381823e+00 1.2754579e+00 1.3131785e+00 8.0740494e-01 2.7562334e-01 2.7497316e-01 3.4718364e-01 3.9105763e-01 5.0511069e-01 6.5167494e-01 8.4797507e-01 1.0555220e+00 1.2106403e+00 1.2970372e+00 1.3345680e+00
0.0000000e+00 0.0000000e+00 0.0000000e+00 0.0000000e+00 0.0000000e+00 0.0000000e+00 0.0000000e+00 0.0000000e+00 0.0000000e+00 0.0000000e+00 0.0000000e+00 0.0000000e+00 0.0000000e+00 0.0000000e+00 0.0000000e+00 0.0000000e+00 0.0000000e+00 0.0000000e+00 9.9989469e-04 9.9920650e-04 9.9818987e-04 1.2367892e-03 1.8635639e-03 9.7874249e-04 1.6308638e-01 5.2136503e-01 8.8104565e-01 1.3477713e+00 1.8239803e+00 1.9722908e+00 2.0177328e+00 2.0238639e+00 2.0233613e+00 2.0185561e+00 1.9933635e+00 1.6829034e+00 1.3409719e+00 1.3372427e+00 8.3997920e-01 2.2478905e-01 3.4213503e-01 3.9570877e-01 4.1029876e-01 4.3007893e-01 4.4438801e-01 4.6552591e-01 5.1601819e-01 5.4369338e-01 6.4000740e-01 6.9888304e-01
0.0000000e+00 0.0000000e+00 0.0000000e+00 0.0000000e+00 0.0000000e+00 0.0000000e+00 0.0000000e+00 0.0000000e+00 0.0000000e+00 0.0000000e+00 0.0000000e+00 0.0000000e+00 0.0000000e+00 0.0000000e+00 0.0000000e+00 0.0000000e+00 0.0000000e+00 9.9888492e-04 9.9880953e-04 9.9890817e-04 9.9975127e-04 1.2479640e-03 1.0035641e-03 2.9361457e-02 4.2892034e-01 8.3779286e-01 1.3261295e+00 1.8220452e+00 2.0180349e+00 2.0264012e+00 2.0237759e+00 2.0219373e+00 2.0174302e+00 2.0099563e+00 1.9574811e+00 1.5989104e+00 1.4418171e+00 1.2771196e+00 7.7843671e-01 2.4062990e-01 3.4056931e-01 4.0809325e-01 4.0425256e-01 4.1987689e-01 4.2369401e-01 4.5961852e-01 4.9295435e-01 5.4486888e-01 5.6155659e-01 5.8123287e-01
0.0000000e+00 0.0000000e+00 0.0000000e+00 0.0000000e+00 0.0000000e+00 0.0000000e+00 0.0000000e+00 0.0000000e+00 0.0000000e+00 0.0000000e+00 0.0000000e+00 0.0000000e+00 0.0000000e+00 0.0000000e+00 0.0000000e+00 0.0000000e+00 9.9912844e-04 9.9943958e-04 9.9980414e-04 9.9630382e-04 9.9545722e-04 1.1825352e-03 9.9853595e-04 1.9093265e-01 7.0306169e-01 1.3116591e+00 1.8186197e+00 2.0259845e+00 2.0297425e+00 2.0281386e+00 2.0241456e+00 2.0208187e+00 2.0153974e+00 2.0053626e+00 1.9781168e+00 1.8414186e+00 1.6437439e+00 1.2300801e+00 6.4867961e-01 2.3472636e-01 3.1245796e-01 3.2297343e-01 3.3069437e-01 3.3047571e-01 3.5004805e-01 3.8914777e-01 3.9773801e-01 4.2679307e-01 4.5206826e-01 4.8874951e-01
0.0000000e+00 0.0000000e+00 0.0000000e+00 0.0000000e+00 0.0000000e+00 0.0000000e+00 0.0000000e+00 0.0000000e+00 0.0000000e+00 0.0000000e+00 0.0000000e+00 0.0000000e+00 0.0000000e+00 0.0000000e+00 0.0000000e+00 9.9850691e-04 9.9896472e-04 9.9431123e-04 9.9145505e-04 4.9649933e-03 1.1817698e-02 9.6389956e-03 1.0056782e-02 4.4677402e-01 8.5562887e-01 1.5685846e+00 2.0395957e+00 2.0413988e+00 2.0348412e+00 2.0327607e+00 2.0272265e+00 2.0294160e+00 2.0154781e+00 1.9892200e+00 1.9923066e+00 1.9364568e+00 1.5559561e+00 9.8512257e-01 5.3853626e-01 1.6991847e-01 2.3598560e-01 2.4075448e-01 2.6105817e-01 3.0238134e-01 3.3436289e-01 3.5564602e-01 3.7467831e-01 3.9164110e-01 4.0607308e-01 4.2163949e-01
0.0000000e+00 0.0000000e+00 0.0000000e+00 0.0000000e+00 0.0000000e+00 0.0000000e+00 0.0000000e+00 0.0000000e+00 0.0000000e+00 0.0000000e+00 0.0000000e+00 0.0000000e+00 0.0000000e+00 0.0000000e+00 0.0000000e+00 9.9927604e-04 9.9709243e-04 1.1477034e-02 1.6101576e-02 1.5697167e-02 1.1433949e-02 6.2788668e-03 1.1698088e-01 6.9395126e-01 1.0884453e+00 1.4840828e+00 1.7935968e+00 1.9895882e+00 2.0392498e+00 2.0107056e+00 2.0108605e+00 1.8494961e+00 1.6158858e+00 2.7149899e+00 2.1280961e+00 1.8034326e+00 1.3344614e+00 8.8322607e-01 4.8656435e-01 1.1638485e-01 1.6581688e-01 1.9426446e-01 2.4291275e-01 2.8071908e-01 3.1288299e-01 3.3366366e-01 3.5430092e-01 3.7301840e-01 3.8888764e-01 4.0178635e-01
0.0000000e+00 0.0000000e+00 0.0000000e+00 0.0000000e+00 0.0000000e+00 0.0000000e+00 0.0000000e+00 0.0000000e+00 0.0000000e+00 0.0000000e+00 0.0000000e+00 0.0000000e+00 0.0000000e+00 0.0000000e+00 0.0000000e+00 9.9852299e-04 9.9936672e-04 6.5472840e-03 1.2532182e-02 1.6586290e-02 1.2907824e-02 6.9341688e-03 1.9512173e-01 8.1328412e-01 1.0803123e+00 1.1483475e+00 1.1336473e+00 1.4120966e+00 1.4648056e+00 1.2037505e+00 1.1554883e+00 1.4324985e+00 3.5530966e+00 3.8965884e+00 1.4199807e+00 1.5286665e+00 1.2122196e+00 8.5843694e-01 5.0078884e-01 1.6867435e-01 1.0676820e-01 1.6359448e-01 2.0802817e-01 2.4308527e-01 2.7554090e-01 3.0015415e-01 3.2482280e-01 3.4707930e-01 3.6630980e-01 3.8206067e-01
