presentation/data/depth_0018.asc
ncols     164
nrows     146
xllcorner -1.242151388888889e+02
yllcorner  4.172986111111111e+01
cellsize  2.777777777820000e-04
nodata_value       -9999
[rows 110 to 131 of 146, columns 100 to 149 of 164]
6.9075456e+00 6.8320902e+00 6.7740897e+00 6.6341159e+00 6.3279462e+00 6.0706772e+00 1.8773720e+00 2.2735071e-01 1.7705702e-03 3.3271175e-03 1.9308670e-03 9.1369895e-04 8.9807282e-04 1.0084933e-03 1.8303140e-01 8.1152259e-01 1.1088745e+00 8.9089794e-01 1.0627494e+00 2.6806483e+00 3.5718353e+00 3.8049871e+00 3.9727630e+00 3.9046714e+00 3.4118811e+00 3.5812515e+00 3.5957648e+00 3.7597305e+00 3.8424616e+00 4.1013113e+00 3.9850953e+00 3.3894959e+00 3.6858510e+00 4.2764962e+00 4.8063271e+00 4.9737163e+00 4.9799942e+00 4.7136838e+00 4.6663706e+00 4.7670081e+00 4.9088083e+00 4.9475256e+00 4.9997837e+00 5.1715577e+00 5.2336320e+00 5.2829513e+00 5.3098591e+00 5.1766059e+00 5.0675142e+00 4.8850500e+00
6.8301486e+00 6.7806288e+00 6.6085893e+00 6.3308399e+00 5.8031573e+00 5.1727560e+00 3.5702171e+00 1.4057315e+00 3.8373055e-01 4.6417932e-01 9.8078075e-04 8.9173892e-04 6.2301574e-02 3.2168638e-01 5.8936039e-01 9.0573050e-01 1.5067013e+00 1.5724916e+00 1.4999390e+00 2.7808707e+00 3.6074023e+00 3.7921266e+00 4.0038699e+00 4.0466578e+00 3.5290416e+00 3.3542113e+00 3.3037777e+00 3.7967511e+00 4.0351115e+00 4.3328783e+00 4.4436777e+00 4.3026335e+00 4.2786120e+00 4.5137897e+00 5.1934263e+00 5.4790939e+00 5.3748590e+00 5.1481822e+00 4.9350145e+00 4.9685617e+00 5.1515588e+00 5.1851889e+00 5.1064170e+00 5.1633819e+00 5.2371788e+00 5.3069084e+00 5.4475139e+00 5.3756747e+00 5.1928193e+00 5.0684385e+00
6.7917427e+00 6.7427519e+00 6.5881535e+00 6.2339622e+00 5.7234168e+00 4.9041256e+00 4.5526924e+00 5.1694192e+00 5.3447262e+00 4.2664764e+00 2.9845066e+00 2.6619910e+00 2.7422278e+00 2.0470128e+00 1.3055240e+00 1.3076978e+00 2.0320563e+00 2.2435016e+00 2.5563289e+00 3.4249423e+00 3.8276829e+00 3.6785786e+00 3.8170929e+00 3.9109554e+00 3.7667930e+00 3.7692153e+00 3.2968408e+00 3.9832030e+00 4.3870097e+00 4.7642346e+00 5.1448116e+00 5.3121905e+00 4.9826472e+00 4.6855101e+00 5.2141227e+00 5.6620982e+00 5.6730172e+00 5.4408893e+00 5.1472231e+00 5.0945362e+00 5.3276953e+00 5.2795791e+00 5.2196001e+00 5.1938419e+00 5.2134963e+00 5.2476702e+00 5.3888980e+00 5.4212867e+00 5.3308304e+00 5.2849345e+00
6.8985108e+00 6.8395109e+00 6.6797568e+00 6.4173609e+00 6.0915001e+00 5.8881047e+00 5.8099395e+00 5.9439810e+00 5.1951531e+00 4.4791791e+00 4.9466215e+00 4.6773431e+00 4.2141600e+00 3.4733619e+00 2.6381835e+00 2.6848853e+00 3.0790189e+00 3.4429134e+00 3.9354422e+00 4.4137987e+00 4.4073480e+00 4.0864779e+00 3.9268011e+00 4.0477686e+00 4.2308167e+00 4.6579870e+00 4.2775431e+00 4.5743514e+00 4.8559033e+00 5.1676199e+00 5.6234895e+00 6.1808375e+00 5.6179464e+00 5.2740605e+00 5.6290691e+00 6.0108266e+00 6.0766801e+00 5.7853034e+00 5.4829062e+00 5.3693188e+00 5.4248350e+00 5.3602206e+00 5.2950566e+00 5.2471285e+00 5.2721046e+00 5.3395937e+00 5.4564603e+00 5.4970003e+00 5.4619785e+00 5.4421202e+00
7.0727694e+00 7.0449319e+00 6.9445839e+00 6.8489029e+00 6.7371692e+00 6.5963352e+00 6.4292427e+00 6.2204649e+00 5.6002474e+00 5.1053517e+00 5.7805982e+00 5.2215455e+00 5.1748507e+00 4.8800165e+00 4.5512136e+00 4.4012455e+00 4.5938867e+00 4.7300819e+00 5.1246616e+00 5.3757329e+00 5.3010691e+00 4.7993912e+00 4.3711031e+00 4.4951138e+00 4.8782992e+00 5.1773184e+00 5.1847630e+00 5.3133982e+00 5.4808290e+00 5.5101472e+00 5.5324607e+00 5.9468736e+00 5.8166365e+00 5.7697433e+00 6.0989484e+00 6.5322363e+00 6.7388863e+00 6.2540876e+00 5.7366644e+00 5.6312810e+00 5.5765733e+00 5.4527045e+00 5.4288175e+00 5.3727246e+00 5.3953302e+00 5.4996912e+00 5.5872950e+00 5.6431682e+00 5.5838832e+00 5.4892386e+00
7.3583326e+00 7.3399468e+00 7.2590904e+00 7.1715507e+00 7.0992199e+00 6.9509605e+00 6.8014415e+00 6.4775624e+00 5.9476932e+00 5.7492097e+00 5.6002283e+00 5.6084857e+00 6.5053757e+00 6.4167453e+00 6.2533196e+00 6.1411918e+00 5.8235715e+00 5.8775903e+00 6.4201105e+00 6.6412821e+00 6.4482809e+00 5.8277735e+00 5.3140667e+00 5.2897320e+00 5.5923911e+00 5.8458278e+00 5.9311217e+00 6.0609824e+00 6.1612980e+00 5.9428501e+00 5.7793426e+00 5.9090414e+00 5.9510312e+00 6.0776477e+00 6.4142162e+00 6.9410894e+00 7.2726512e+00 6.7103440e+00 6.0914377e+00 5.9908573e+00 5.8945895e+00 5.7150644e+00 5.6504785e+00 5.5665483e+00 5.5945358e+00 5.7166467e+00 5.7696202e+00 5.8185781e+00 5.7174507e+00 5.5652572e+00
7.6095252e+00 7.4896459e+00 7.4615183e+00 7.5090512e+00 7.4610682e+00 7.4439732e+00 7.1670163e+00 6.9045550e+00 6.4049853e+00 6.3070605e+00 6.3271867e+00 7.2097356e+00 8.2216937e+00 7.6887439e+00 7.4290273e+00 6.9284112e+00 5.8682539e+00 6.1127904e+00 7.4330215e+00 7.5787444e+00 7.0820572e+00 6.5405070e+00 6.1217427e+00 6.0746319e+00 6.2786991e+00 6.4274891e+00 6.7646938e+00 6.4521416e+00 6.4103896e+00 6.1551899e+00 5.9575137e+00 5.9202824e+00 5.9831919e+00 6.1934803e+00 6.4445378e+00 6.9110563e+00 7.1439309e+00 6.7920958e+00 6.3151402e+00 6.2468475e+00 6.2641683e+00 6.1140165e+00 5.8506851e+00 5.7064873e+00 5.8257852e+00 6.0342757e+00 5.9053651e+00 5.8651985e+00 5.7618013e+00 5.6420200e+00
7.6392223e+00 7.7240631e+00 7.6997211e+00 7.7301404e+00 7.7852524e+00 7.7088071e+00 7.5607668e+00 7.1955521e+00 6.6672303e+00 6.9664954e+00 7.6467333e+00 8.0501867e+00 7.6620830e+00 7.4519671e+00 7.4289137e+00 7.1495150e+00 5.7288211e+00 4.9212228e+00 6.9154530e+00 7.5753638e+00 7.3324955e+00 7.0804596e+00 6.9807369e+00 7.0431494e+00 7.2180963e+00 7.3623691e+00 7.4076820e+00 6.9627071e+00 6.8060666e+00 6.5006102e+00 6.1620149e+00 5.9521680e+00 5.9175767e+00 6.1535901e+00 6.4527193e+00 6.6860850e+00 6.7892049e+00 6.6062642e+00 6.3416485e+00 6.1485291e+00 6.2998639e+00 6.3048577e+00 6.2436783e+00 6.0235466e+00 6.0687158e+00 6.1957021e+00 6.0305388e+00 5.8996913e+00 5.8044635e+00 5.7268910e+00
8.0048131e+00 8.0797343e+00 8.0701739e+00 7.9809042e+00 7.9789900e+00 8.0981763e+00 7.9427357e+00 7.4159435e+00 7.4815058e+00 8.3938185e+00 8.7645929e+00 8.8361269e+00 8.0975339e+00 7.8668263e+00 6.7746413e+00 7.7629787e+00 7.7650029e+00 6.2974328e+00 6.4894401e+00 6.9590416e+00 7.1446688e+00 7.3141328e+00 7.5278794e+00 7.8171229e+00 7.8457007e+00 7.8791892e+00 7.7700711e+00 7.5287971e+00 7.2587884e+00 6.8126829e+00 6.3771380e+00 6.0740499e+00 5.9465176e+00 6.2096177e+00 6.4510075e+00 6.5471478e+00 6.5853503e+00 6.5035302e+00 6.4020691e+00 6.2726343e+00 6.3577886e+00 6.4542862e+00 6.5658251e+00 6.3686108e+00 6.2752964e+00 6.2379735e+00 6.0743522e+00 5.9059067e+00 5.8355105e+00 5.8083853e+00
8.4055008e+00 7.8705518e+00 8.1792386e+00 8.7467981e+00 9.0392535e+00 8.6351087e+00 8.4048312e+00 7.6600201e+00 7.4294600e+00 9.1355626e+00 8.9174186e+00 8.7107784e+00 8.9349511e+00 9.3189549e+00 8.5773542e+00 9.0415906e+00 8.7490719e+00 7.5978877e+00 5.5158908e+00 5.9612643e+00 6.8201850e+00 7.3525397e+00 7.8159748e+00 8.2563779e+00 8.1921140e+00 8.1244047e+00 8.0474401e+00 7.9022108e+00 7.6949108e+00 7.1616649e+00 6.6109723e+00 6.3667688e+00 6.3149944e+00 6.5223896e+00 6.7044818e+00 6.6335388e+00 6.5691823e+00 6.5121944e+00 6.4440186e+00 6.3487212e+00 6.3725776e+00 6.3989943e+00 6.5205025e+00 6.4811303e+00 6.3795394e+00 6.2637878e+00 6.0969887e+00 5.9207849e+00 5.8730292e+00 5.8977974e+00
8.5212363e+00 8.4694318e+00 8.6020281e+00 9.6059786e+00 1.0724320e+01 1.0319574e+01 1.0403723e+01 8.8060362e+00 7.4509472e+00 8.8344745e+00 8.3626044e+00 8.5638114e+00 9.2585552e+00 9.5226979e+00 9.4875191e+00 9.4406526e+00 8.8495714e+00 7.3161742e+00 4.8916243e+00 5.6261440e+00 7.0633630e+00 7.5700280e+00 8.0549594e+00 8.4350183e+00 8.3985107e+00 8.2800336e+00 8.1995075e+00 8.1561077e+00 8.1224527e+00 7.5783563e+00 7.0081945e+00 6.7918622e+00 6.7631751e+00 6.9197746e+00 7.1114535e+00 6.9587377e+00 6.7689816e+00 6.6596086e+00 6.5783066e+00 6.5025025e+00 6.4482065e+00 6.5291129e+00 6.5841879e+00 6.5631212e+00 6.4753213e+00 6.3613922e+00 6.2413120e+00 6.1019095e+00 6.0568722e+00 6.0482773e+00
9.4166345e+00 9.0799263e+00 9.2728859e+00 1.0003854e+01 1.0328413e+01 1.1057324e+01 1.2112329e+01 1.1350900e+01 1.0500025e+01 1.0096621e+01 9.2460027e+00 9.3391516e+00 9.5027631e+00 9.3873345e+00 9.4872662e+00 9.4566007e+00 9.1509986e+00 8.4683591e+00 7.9818077e+00 7.5955363e+00 7.5934281e+00 7.9921972e+00 8.4107596e+00 8.6559595e+00 8.6058696e+00 8.4044611e+00 8.2578569e+00 8.2169747e+00 8.1268727e+00 7.7370168e+00 7.3752722e+00 7.1864359e+00 7.1884371e+00 7.2162768e+00 7.2365671e+00 7.1368204e+00 7.0161486e+00 6.9207581e+00 6.7845329e+00 6.7075202e+00 6.6361669e+00 6.6970398e+00 6.7302564e+00 6.7147178e+00 6.6135473e+00 6.5126706e+00 6.4091875e+00 6.3145487e+00 6.2738032e+00 6.2312073e+00
1.0169135e+01 1.0079342e+01 1.0119362e+01 1.0348349e+01 1.0188274e+01 1.0378922e+01 1.0564388e+01 1.0923959e+01 1.0518736e+01 1.0047515e+01 9.6505339e+00 9.7294833e+00 9.5384735e+00 9.3529200e+00 9.3143032e+00 9.3708664e+00 9.4491964e+00 9.3404375e+00 9.1498894e+00 8.5664791e+00 8.2602197e+00 8.4981301e+00 8.7995118e+00 8.9495002e+00 8.8479408e+00 8.7386288e+00 8.4348504e+00 8.2251017e+00 8.0729821e+00 7.8146209e+00 7.6004986e+00 7.4765094e+00 7.4845649e+00 7.4090464e+00 7.3512852e+00 7.3138113e+00 7.2674586e+00 7.1224805e+00 6.9690121e+00 6.8673323e+00 6.8412391e+00 6.8637409e+00 6.9018441e+00 6.9219955e+00 6.8039222e+00 6.7076190e+00 6.6043139e+00 6.5256814e+00 6.4743422e+00 6.4348971e+00
1.0658145e+01 1.0833462e+01 1.0587390e+01 1.0491530e+01 9.4879297e+00 9.1352136e+00 1.0365472e+01 1.0231488e+01 1.0020705e+01 9.7288421e+00 9.5360920e+00 9.9628824e+00 9.5641989e+00 9.2913669e+00 9.1183864e+00 8.9717110e+00 9.5780070e+00 9.5918383e+00 9.3198007e+00 8.9472228e+00 8.7816594e+00 8.9369780e+00 9.2120753e+00 9.3304555e+00 9.0782710e+00 8.9432269e+00 8.6110063e+00 8.2837910e+00 8.0946443e+00 7.9054150e+00 7.7677209e+00 7.6797761e+00 7.6202465e+00 7.5017652e+00 7.4359407e+00 7.4372052e+00 7.4374822e+00 7.2408824e+00 7.0950051e+00 7.0194612e+00 7.0048575e+00 7.0080028e+00 7.0337251e+00 7.0334557e+00 6.9240664e+00 6.8296107e+00 6.7459561e+00 6.6910265e+00 6.6271275e+00 6.5760515e+00
1.0611197e+01 1.0793048e+01 1.0617068e+01 1.0328067e+01 9.6878148e+00 9.4247480e+00 9.9852539e+00 1.0036235e+01 9.7083302e+00 9.5745010e+00 9.6871612e+00 9.8949072e+00 9.3732611e+00 9.0002855e+00 8.8020804e+00 8.7885084e+00 9.4043490e+00 9.5317936e+00 9.3793183e+00 9.1378924e+00 9.0437684e+00 9.2697190e+00 9.5824768e+00 9.5270563e+00 9.1929735e+00 8.9321649e+00 8.6548596e+00 8.4923233e+00 8.2735130e+00 8.0542797e+00 7.9480535e+00 7.8924927e+00 7.8826220e+00 7.6976205e+00 7.4786380e+00 7.4551241e+00 7.4360239e+00 7.3356313e+00 7.2369394e+00 7.2377885e+00 7.2192081e+00 7.1295047e+00 7.1230152e+00 7.1023941e+00 7.0384209e+00 6.9715115e+00 6.9004611e+00 6.8502245e+00 6.8076897e+00 6.7380521e+00
1.0330336e+01 1.0435832e+01 1.0364447e+01 1.0403736e+01 1.0493419e+01 1.0902551e+01 1.0520970e+01 1.0048818e+01 9.9232066e+00 9.8943210e+00 9.8852484e+00 9.5602402e+00 9.0034211e+00 8.5864497e+00 8.6352793e+00 8.8643686e+00 9.2405301e+00 9.4181073e+00 9.3790655e+00 9.2348631e+00 9.1522505e+00 9.4361433e+00 9.6609763e+00 9.5124360e+00 9.2548930e+00 9.0388436e+00 8.8362735e+00 8.6468008e+00 8.4720799e+00 8.3599975e+00 8.2657397e+00 8.1391791e+00 8.1001921e+00 7.8751900e+00 7.6353089e+00 7.5542476e+00 7.4818851e+00 7.4041920e+00 7.3893270e+00 7.4034349e+00 7.3696074e+00 7.3183763e+00 7.2989593e+00 7.2684534e+00 7.2197648e+00 7.1610687e+00 7.0888987e+00 7.0408688e+00 7.0703245e+00 7.0191705e+00
1.0289375e+01 1.0094762e+01 1.0035305e+01 1.0396764e+01 1.0867267e+01 1.1255063e+01 1.0988309e+01 1.0560067e+01 1.0507137e+01 1.0646726e+01 1.0071863e+01 9.5550387e+00 9.1399108e+00 8.9241616e+00 8.9570177e+00 9.1139561e+00 9.3796084e+00 9.5224351e+00 9.5154597e+00 9.4471166e+00 9.4325664e+00 9.5903548e+00 9.6959633e+00 9.5652950e+00 9.3772003e+00 9.0676398e+00 8.9733836e+00 8.8462770e+00 8.7111216e+00 8.6225517e+00 8.5001846e+00 8.2328923e+00 8.1200842e+00 7.9657189e+00 7.8009430e+00 7.6900227e+00 7.5837078e+00 7.4808662e+00 7.5011322e+00 7.5197037e+00 7.5013148e+00 7.4529289e+00 7.4298258e+00 7.3934278e+00 7.3668194e+00 7.3319366e+00 7.2242362e+00 7.1377929e+00 7.1673131e+00 7.1592976e+00
1.0189993e+01 1.0083536e+01 9.9718334e+00 1.0465270e+01 1.0848029e+01 1.1252770e+01 1.1375234e+01 1.1021057e+01 1.0743967e+01 1.0427513e+01 9.6958355e+00 9.6368473e+00 9.5521212e+00 9.4558621e+00 9.4534959e+00 9.5554193e+00 9.6490925e+00 9.7244651e+00 9.7376313e+00 9.7015961e+00 9.7231912e+00 9.8340057e+00 9.8524997e+00 9.7213223e+00 9.4976209e+00 9.3170514e+00 9.2550508e+00 9.1543851e+00 8.9541316e+00 8.8147333e+00 8.6297057e+00 8.3705309e+00 8.2047296e+00 8.0676459e+00 7.9523764e+00 7.8573946e+00 7.7894556e+00 7.6952802e+00 7.6851260e+00 7.6943825e+00 7.6603767e+00 7.6107710e+00 7.5516315e+00 7.4963726e+00 7.4922802e+00 7.4874379e+00 7.3568399e+00 7.2581014e+00 7.2522032e+00 7.2680213e+00
1.0239710e+01 1.0095376e+01 1.0061692e+01 1.0447682e+01 1.0670595e+01 1.1098948e+01 1.1310117e+01 1.1139138e+01 1.0756515e+01 1.0325779e+01 9.9584373e+00 1.0024015e+01 1.0109033e+01 1.0042820e+01 9.9745568e+00 9.9974925e+00 1.0000483e+01 9.9992719e+00 9.9736109e+00 9.9369851e+00 9.9857678e+00 1.0105498e+01 1.0076253e+01 9.9280510e+00 9.7337898e+00 9.5794524e+00 9.5539467e+00 9.5081703e+00 9.2389519e+00 9.0046249e+00 8.7753637e+00 8.5331594e+00 8.3384319e+00 8.2151860e+00 8.1469748e+00 8.0838214e+00 8.0011842e+00 7.9499633e+00 7.9193303e+00 7.8798981e+00 7.8334187e+00 7.7964538e+00 7.6968115e+00 7.6030892e+00 7.5735042e+00 7.5455001e+00 7.4603289e+00 7.3828727e+00 7.3502407e+00 7.4052292e+00
1.0408393e+01 1.0480861e+01 1.0788927e+01 1.1088377e+01 1.0853202e+01 1.1091543e+01 1.1481281e+01 1.1202074e+01 1.0903854e+01 1.0629205e+01 1.0447483e+01 1.0473742e+01 1.0647133e+01 1.0613524e+01 1.0569977e+01 1.0528001e+01 1.0410783e+01 1.0304913e+01 1.0246911e+01 1.0228982e+01 1.0200776e+01 1.0316444e+01 1.0302272e+01 1.0188932e+01 9.9370615e+00 9.6759800e+00 9.6259042e+00 9.5689328e+00 9.3696071e+00 9.1437648e+00 8.9419011e+00 8.7254080e+00 8.5261916e+00 8.4601337e+00 8.4146902e+00 8.3607183e+00 8.2936956e+00 8.2155881e+00 8.1597318e+00 8.1234015e+00 8.0364308e+00 7.9765853e+00 7.8913927e+00 7.7696753e+00 7.6957593e+00 7.6545857e+00 7.6323126e+00 7.5452371e+00 7.4559277e+00 7.5528557e+00
1.0700840e+01 1.0704841e+01 1.0402541e+01 1.1411428e+01 1.1317479e+01 1.0995554e+01 1.1419955e+01 1.1409927e+01 1.1163371e+01 1.1084142e+01 1.1089082e+01 1.0870852e+01 1.0884011e+01 1.0964381e+01 1.1101308e+01 1.1171057e+01 1.0882604e+01 1.0578848e+01 1.0469843e+01 1.0497096e+01 1.0549562e+01 1.0640099e+01 1.0531525e+01 1.0377413e+01 1.0138480e+01 9.6476467e+00 9.5914776e+00 9.5712521e+00 9.4376907e+00 9.2940920e+00 9.1637120e+00 9.0645229e+00 8.8589973e+00 8.7773029e+00 8.7407642e+00 8.6915321e+00 8.5984906e+00 8.5028282e+00 8.4011664e+00 8.3454512e+00 8.2156383e+00 8.1122034e+00 8.0652498e+00 7.9790257e+00 7.8330508e+00 7.8061947e+00 7.8284309e+00 7.8089082e+00 7.7353862e+00 7.7111049e+00
1.0966487e+01 1.1161041e+01 1.1075367e+01 1.0822639e+01 1.1298353e+01 1.1468297e+01 1.1768201e+01 1.1466762e+01 1.1217995e+01 1.1066065e+01 1.0939343e+01 1.0845167e+01 1.0939149e+01 1.1096391e+01 1.1376323e+01 1.1610224e+01 1.1188258e+01 1.0675481e+01 1.0528992e+01 1.0585540e+01 1.0822258e+01 1.0972908e+01 1.0640151e+01 1.0334756e+01 1.0078376e+01 9.7230611e+00 9.6426273e+00 9.6558509e+00 9.5385816e+00 9.4447773e+00 9.3421646e+00 9.2503956e+00 9.1448585e+00 9.0760399e+00 9.0257338e+00 9.0766045e+00 8.8609110e+00 8.6981188e+00 8.5899155e+00 8.4708409e+00 8.3324363e+00 8.2258768e+00 8.2415136e+00 8.2374961e+00 7.9720111e+00 7.9739752e+00 8.0565759e+00 8.0799076e+00 7.9925560e+00 7.7968477e+00
