presentation/data/depth_0022.asc
ncols     164
nrows     146
xllcorner -1.242151388888889e+02
yllcorner  4.172986111111111e+01
cellsize  2.777777777820000e-04
nodata_value       -9999
[rows 110 to 131 of 146, columns 0 to 49 of 164]
2.0940946e+01 2.1001752e+01 2.0335628e+01 2.0613410e+01 2.0337113e+01 2.0228719e+01 2.0121127e+01 1.9625133e+01 1.9371589e+01 1.9050101e+01 1.8917409e+01 1.9021426e+01 1.8888060e+01 1.7821778e+01 1.8749715e+01 1.8925467e+01 1.8254181e+01 1.7581032e+01 1.7764161e+01 1.7748012e+01 1.7661823e+01 1.6380587e+01 1.5798967e+01 1.6192473e+01 1.6272475e+01 1.6028949e+01 1.5967289e+01 1.5366360e+01 1.5628052e+01 1.5210202e+01 1.4730018e+01 1.4134532e+01 1.4029975e+01 1.3665533e+01 1.3041034e+01 1.2646814e+01 1.2399347e+01 1.1605841e+01 1.1256497e+01 1.0304863e+01 6.6691052e+00 6.7781075e+00 1.0969706e+01 1.1237023e+01 1.1298503e+01 1.1621492e+01 1.1939778e+01 1.1681241e+01 1.1478581e+01 1.1054180e+01
2.0919136e+01 2.0875186e+01 2.0780950e+01 2.0780557e+01 2.0510675e+01 1.9826170e+01 1.9639816e+01 1.9824383e+01 1.9669163e+01 1.9416033e+01 1.9305174e+01 1.9265812e+01 1.9102146e+01 1.8532069e+01 1.9505134e+01 1.9610695e+01 1.8986085e+01 1.9047078e+01 1.8678419e+01 1.8432739e+01 1.7910666e+01 1.6614931e+01 1.6985654e+01 1.7329770e+01 1.7179675e+01 1.6772327e+01 1.6524370e+01 1.6174279e+01 1.5949343e+01 1.5966163e+01 1.5915632e+01 1.4837076e+01 1.4693623e+01 1.4201199e+01 1.3762728e+01 1.3137764e+01 1.2701724e+01 1.2506481e+01 1.1766071e+01 1.1974835e+01 1.1800664e+01 1.1082151e+01 1.1257396e+01 1.1381646e+01 1.1597603e+01 1.2438097e+01 1.2848838e+01 1.2411438e+01 1.2107806e+01 1.1602434e+01
2.0980337e+01 2.0887345e+01 2.0877847e+01 2.0699043e+01 2.0711603e+01 2.0526154e+01 2.0332515e+01 2.0133483e+01 1.9983600e+01 1.9779047e+01 1.9685035e+01 1.9656744e+01 1.9726143e+01 1.9783811e+01 1.9764081e+01 1.9785617e+01 1.9467386e+01 1.9297702e+01 1.8683743e+01 1.8568213e+01 1.7798529e+01 1.8416295e+01 1.8551582e+01 1.8404250e+01 1.7974156e+01 1.7653703e+01 1.7449028e+01 1.6930256e+01 1.6436575e+01 1.6138913e+01 1.6042983e+01 1.6038115e+01 1.5420862e+01 1.4273002e+01 1.3932859e+01 1.3763037e+01 1.2760611e+01 1.1927037e+01 1.1398865e+01 1.2005097e+01 1.1846071e+01 1.1234652e+01 1.1175568e+01 1.1569809e+01 1.2290819e+01 1.3351986e+01 1.3270287e+01 1.2006145e+01 1.1123908e+01 1.1293183e+01
2.1135259e+01 2.1039616e+01 2.0987726e+01 2.0976306e+01 2.0814802e+01 2.0640396e+01 2.0509853e+01 2.0386106e+01 2.0278705e+01 2.0200188e+01 2.0121804e+01 2.0126465e+01 2.0111820e+01 2.0068324e+01 1.9969531e+01 1.9958012e+01 1.9754963e+01 1.9454224e+01 1.9359347e+01 1.9387901e+01 1.9492116e+01 1.9399298e+01 1.9114781e+01 1.8824315e+01 1.8631817e+01 1.8351413e+01 1.7270285e+01 1.5843088e+01 1.7174007e+01 1.6645484e+01 1.6257552e+01 1.6111014e+01 1.5286243e+01 1.5241757e+01 1.5086574e+01 1.4073087e+01 1.2878898e+01 1.1544598e+01 1.0556497e+01 1.0674067e+01 1.0976443e+01 1.0373493e+01 1.0209236e+01 1.1526674e+01 1.3209886e+01 1.3700235e+01 1.3800864e+01 1.3622067e+01 1.3085622e+01 1.3840274e+01
2.1245586e+01 2.1172341e+01 2.1108704e+01 2.1051908e+01 2.0953304e+01 2.0837884e+01 2.0759020e+01 2.0709884e+01 2.0696193e+01 2.0645172e+01 2.0508624e+01 2.0469240e+01 1.9042674e+01 1.7661056e+01 2.0527146e+01 2.0084205e+01 1.9881333e+01 1.9830748e+01 1.9782739e+01 1.9763762e+01 1.9877617e+01 1.9773036e+01 1.9533165e+01 1.9282155e+01 1.9092992e+01 1.8881514e+01 1.8489908e+01 1.8141863e+01 1.8148085e+01 1.6734698e+01 1.6859502e+01 1.5626371e+01 1.5806687e+01 1.5314775e+01 1.5388806e+01 1.2048571e+01 1.2388814e+01 1.1235774e+01 7.7136558e+00 1.1408767e+01 1.1569417e+01 1.1302140e+01 1.0363339e+01 1.2651092e+01 1.4017714e+01 1.4295350e+01 1.3438746e+01 1.4406331e+01 1.4486673e+01 1.4507493e+01
2.1387887e+01 2.1319901e+01 2.1265746e+01 2.1183504e+01 2.1133834e+01 2.1069517e+01 2.1007167e+01 2.0951515e+01 2.0470583e+01 1.5130158e+01 2.0690348e+01 2.0777450e+01 2.0818247e+01 2.0638067e+01 2.0688368e+01 2.0464880e+01 2.0285543e+01 2.0209598e+01 2.0208176e+01 2.0307945e+01 2.0430582e+01 2.0379051e+01 2.0189692e+01 1.9656485e+01 1.9668364e+01 1.9114099e+01 1.9415494e+01 1.9435364e+01 1.9316552e+01 1.8149729e+01 1.7690272e+01 1.5442274e+01 1.6202059e+01 1.7118609e+01 1.5608466e+01 1.0984200e+01 1.0340805e+01 1.1795603e+01 1.2601122e+01 1.1693258e+01 1.2032896e+01 1.2521136e+01 1.3270137e+01 1.4209012e+01 1.4160797e+01 1.5002992e+01 1.4535717e+01 1.4888875e+01 1.4917075e+01 1.5124418e+01
2.1523533e+01 2.1482868e+01 2.1436860e+01 2.1364050e+01 2.1310225e+01 2.1268420e+01 2.1232446e+01 2.1168969e+01 2.1011164e+01 1.8689147e+01 2.0963529e+01 2.1105110e+01 2.0974437e+01 2.0861874e+01 2.0735207e+01 2.0634026e+01 2.0558888e+01 2.0500395e+01 2.0460918e+01 2.0675725e+01 1.9780819e+01 2.0567300e+01 2.0390531e+01 2.0185774e+01 1.9765664e+01 1.9809618e+01 1.9017696e+01 1.9828810e+01 1.9784341e+01 1.9641976e+01 1.8516328e+01 1.8394968e+01 1.8205425e+01 1.7749089e+01 1.6973000e+01 1.3054416e+01 1.2713679e+01 1.1885101e+01 1.2161305e+01 1.2797030e+01 1.3114324e+01 1.3347257e+01 1.3982136e+01 1.4706779e+01 1.4722646e+01 1.5255936e+01 1.5479524e+01 1.5248925e+01 1.5500812e+01 1.5728901e+01
2.1698900e+01 2.1635964e+01 2.1594222e+01 2.1519503e+01 2.1465938e+01 2.1423733e+01 2.1399131e+01 2.1391635e+01 2.1398003e+01 2.1416632e+01 2.1324236e+01 2.1208619e+01 2.1112369e+01 2.1009012e+01 2.0896595e+01 2.0805771e+01 2.0765282e+01 2.0575953e+01 2.0581429e+01 2.0819390e+01 2.0646957e+01 2.1092430e+01 2.0785544e+01 2.0879221e+01 2.0216215e+01 2.0032037e+01 1.7439924e+01 1.9208710e+01 2.0008359e+01 1.9613739e+01 1.8900379e+01 1.7759001e+01 1.8643629e+01 1.7663074e+01 1.7348713e+01 1.6848156e+01 1.7016751e+01 1.5205321e+01 1.3582906e+01 1.3980776e+01 1.3563055e+01 1.3717881e+01 1.4913872e+01 1.5071455e+01 1.5293291e+01 1.6061995e+01 1.6132847e+01 1.6058236e+01 1.6012326e+01 1.6105867e+01
2.1945912e+01 2.1882561e+01 2.1803756e+01 2.1726867e+01 2.1625754e+01 2.1596123e+01 2.1524747e+01 2.1543175e+01 2.1509365e+01 2.1470588e+01 2.1411849e+01 2.1342668e+01 2.1243329e+01 2.1166004e+01 2.1085267e+01 2.0993653e+01 2.0941165e+01 2.0888915e+01 2.0857997e+01 2.0849192e+01 2.0914186e+01 2.0922041e+01 2.0836596e+01 2.0764301e+01 2.0620389e+01 2.0670002e+01 1.9703929e+01 2.0109532e+01 2.0622665e+01 2.0201971e+01 1.9711673e+01 1.9381983e+01 1.9370112e+01 1.8453634e+01 1.7092022e+01 1.7061912e+01 1.6719615e+01 1.6037800e+01 1.6082728e+01 1.5400891e+01 1.4559208e+01 1.5102897e+01 1.5772686e+01 1.5917196e+01 1.6114621e+01 1.6220613e+01 1.5613469e+01 1.6506807e+01 1.6437031e+01 1.6568508e+01
2.2107212e+01 2.2038568e+01 2.1982299e+01 2.1932387e+01 2.1892091e+01 2.1801454e+01 2.1735997e+01 2.1695460e+01 2.1638872e+01 2.1591909e+01 2.1517462e+01 2.1469030e+01 2.1421821e+01 2.1333199e+01 2.1251779e+01 2.1170278e+01 2.1100185e+01 2.1046053e+01 2.1005599e+01 2.0961691e+01 2.0943689e+01 2.1002498e+01 2.1151825e+01 2.0688610e+01 2.0705581e+01 2.0819297e+01 2.0970187e+01 2.1102511e+01 2.0864025e+01 2.0517163e+01 2.0214296e+01 1.9688899e+01 1.9694039e+01 1.9730518e+01 1.7493237e+01 1.7848553e+01 1.7888583e+01 1.6866878e+01 1.6646176e+01 1.6453865e+01 1.5492445e+01 1.4980471e+01 1.6702713e+01 1.6427441e+01 1.6515539e+01 1.7229148e+01 1.7425101e+01 1.6880383e+01 1.6789528e+01 1.6779767e+01
2.2278976e+01 2.2235400e+01 2.2181369e+01 2.2121873e+01 2.2047594e+01 2.1956908e+01 2.1913692e+01 2.1897528e+01 2.1864204e+01 2.1837448e+01 2.1728319e+01 2.1601945e+01 2.1543540e+01 2.1509687e+01 2.1436181e+01 2.1372970e+01 2.1303611e+01 2.1227252e+01 2.1145576e+01 2.1041366e+01 2.1097206e+01 2.1093514e+01 2.1137512e+01 2.1200786e+01 2.1039034e+01 2.0525952e+01 1.8856043e+01 1.7980154e+01 2.0928934e+01 2.0449940e+01 2.0706709e+01 2.0596667e+01 2.0396726e+01 1.8754385e+01 1.9408470e+01 1.8456583e+01 1.7291782e+01 1.6883694e+01 1.5086841e+01 1.4686962e+01 1.5832259e+01 1.5890190e+01 1.7464572e+01 1.6478576e+01 1.6141444e+01 1.7459980e+01 1.7534381e+01 1.7352171e+01 1.7175931e+01 1.7096131e+01
2.2489288e+01 2.2416209e+01 2.2366128e+01 2.2307214e+01 2.2259343e+01 2.2206869e+01 2.2125696e+01 2.2065356e+01 2.2026246e+01 2.2043350e+01 2.2010036e+01 2.1850243e+01 2.1745357e+01 2.1666644e+01 2.1624514e+01 2.1572257e+01 2.1517365e+01 2.1440312e+01 2.1327881e+01 2.1224923e+01 2.1283073e+01 2.1263609e+01 2.1259217e+01 2.1271867e+01 2.1234401e+01 2.1229088e+01 2.1314446e+01 2.0477827e+01 2.0717971e+01 2.1364386e+01 2.0980396e+01 2.0889758e+01 2.0490774e+01 1.9824539e+01 2.0221472e+01 1.8487147e+01 1.7102064e+01 1.7161652e+01 1.6716108e+01 1.5200523e+01 1.2354450e+01 1.1772455e+01 1.7160847e+01 1.8066894e+01 1.6928877e+01 1.8089954e+01 1.7763613e+01 1.7601507e+01 1.7510664e+01 1.7438618e+01
2.2686714e+01 2.2632366e+01 2.2586095e+01 2.2524096e+01 2.2442262e+01 2.2367987e+01 2.2292648e+01 2.2247402e+01 2.2225011e+01 2.2164652e+01 2.2083852e+01 2.2024056e+01 2.1963436e+01 2.1878590e+01 2.1798519e+01 2.1735941e+01 2.1678051e+01 2.1623345e+01 2.1563393e+01 2.1488333e+01 2.1449122e+01 2.1420108e+01 2.1416359e+01 2.1390792e+01 2.1297962e+01 2.1542709e+01 2.1693644e+01 2.1340980e+01 2.1922686e+01 2.1453565e+01 2.1216101e+01 2.1167177e+01 2.0768704e+01 1.9707138e+01 1.9963344e+01 1.8575716e+01 1.7322789e+01 1.7680774e+01 1.5906804e+01 1.4033038e+01 1.2987186e+01 1.0999359e+01 1.7146592e+01 1.9294428e+01 1.8064952e+01 1.8361649e+01 1.8077068e+01 1.7926787e+01 1.7866584e+01 1.7844592e+01
2.2841669e+01 2.2806732e+01 2.2767550e+01 2.2738511e+01 2.2674516e+01 2.2583310e+01 2.2506358e+01 2.2426360e+01 2.2382554e+01 2.2324462e+01 2.2267854e+01 2.2209389e+01 2.2138918e+01 2.2069844e+01 2.2007933e+01 2.1952194e+01 2.1904494e+01 2.1830526e+01 2.1770310e+01 2.1707120e+01 2.1646457e+01 2.1610481e+01 2.1594784e+01 2.1603078e+01 2.1653117e+01 2.1678703e+01 2.1477103e+01 2.1193612e+01 2.1630903e+01 2.1674869e+01 2.1358591e+01 2.1296433e+01 2.1013769e+01 2.1310191e+01 2.0700450e+01 2.0132438e+01 1.8975903e+01 1.6839002e+01 1.5552975e+01 1.2869277e+01 1.1063338e+01 1.3785190e+01 1.8991829e+01 1.9301778e+01 1.8803990e+01 1.8520243e+01 1.8372020e+01 1.8257695e+01 1.8184193e+01 1.8154648e+01
2.3073043e+01 2.3003988e+01 2.2957312e+01 2.2897524e+01 2.2854312e+01 2.2781201e+01 2.2723879e+01 2.2657714e+01 2.2590519e+01 2.2525851e+01 2.2458683e+01 2.2413465e+01 2.2335017e+01 2.2274304e+01 2.2197663e+01 2.2160241e+01 2.2108538e+01 2.2053437e+01 2.1995767e+01 2.1889888e+01 2.1821833e+01 2.1814946e+01 2.1804788e+01 2.1783866e+01 2.1786088e+01 2.1824371e+01 2.1960280e+01 2.2038807e+01 2.2116786e+01 2.1945255e+01 2.1599971e+01 2.1469069e+01 2.1288299e+01 2.1594181e+01 2.1616032e+01 2.0597242e+01 1.9466506e+01 1.9014818e+01 1.8194724e+01 1.5232738e+01 1.6184224e+01 1.7275526e+01 1.9736508e+01 1.9335477e+01 1.9020493e+01 1.8821416e+01 1.8718784e+01 1.8581191e+01 1.8477941e+01 1.8367411e+01
2.3319526e+01 2.3214117e+01 2.3176975e+01 2.3098351e+01 2.3044114e+01 2.2970680e+01 2.2899667e+01 2.2841284e+01 2.2777211e+01 2.2718010e+01 2.2658989e+01 2.2637168e+01 2.2565979e+01 2.2484916e+01 2.2392034e+01 2.2342463e+01 2.2291025e+01 2.2246968e+01 2.2163847e+01 2.2082107e+01 2.2043656e+01 2.2024804e+01 2.2006350e+01 2.1962444e+01 2.1944655e+01 2.1967424e+01 2.2015755e+01 2.2067596e+01 2.2130260e+01 2.2122001e+01 2.1345212e+01 2.1715556e+01 2.1704558e+01 2.1691702e+01 2.1639026e+01 2.1196301e+01 2.0304471e+01 1.9334645e+01 1.9929179e+01 2.0440255e+01 1.9033315e+01 1.9821239e+01 1.9931216e+01 1.9625043e+01 1.9367723e+01 1.9161733e+01 1.9011614e+01 1.8871939e+01 1.8761388e+01 1.8636404e+01
2.3542992e+01 2.3421943e+01 2.3377466e+01 2.3306402e+01 2.3276154e+01 2.3234753e+01 2.3124947e+01 2.3041139e+01 2.2951888e+01 2.2889171e+01 2.2824046e+01 2.2812653e+01 2.2775722e+01 2.2699836e+01 2.2613600e+01 2.2539790e+01 2.2476127e+01 2.2395846e+01 2.2328772e+01 2.2299349e+01 2.2263519e+01 2.2217313e+01 2.2175916e+01 2.2150251e+01 2.2122613e+01 2.2104287e+01 2.2089326e+01 2.2086662e+01 2.2105505e+01 2.2084327e+01 2.1982827e+01 2.1886446e+01 2.1812601e+01 2.1775524e+01 2.1739744e+01 2.1644556e+01 2.1806050e+01 2.1570000e+01 2.1462381e+01 2.1088259e+01 2.0960916e+01 2.0647715e+01 2.0285108e+01 1.9978611e+01 1.9736810e+01 1.9534152e+01 1.9352070e+01 1.9196303e+01 1.9073510e+01 1.8950822e+01
2.3755927e+01 2.3658498e+01 2.3545257e+01 2.3526457e+01 2.3458989e+01 2.3458834e+01 2.3398689e+01 2.3253821e+01 2.3171106e+01 2.3071406e+01 2.2997835e+01 2.2954086e+01 2.2928911e+01 2.2879875e+01 2.2821365e+01 2.2744498e+01 2.2680033e+01 2.2606411e+01 2.2560501e+01 2.2497966e+01 2.2448434e+01 2.2402288e+01 2.2346597e+01 2.2314841e+01 2.2281654e+01 2.2254177e+01 2.2210381e+01 2.2193373e+01 2.2159647e+01 2.2110734e+01 2.2028584e+01 2.1975595e+01 2.1943741e+01 2.1918192e+01 2.1879997e+01 2.1858653e+01 2.1882781e+01 2.1756853e+01 2.1628461e+01 2.1418920e+01 2.1129055e+01 2.0800389e+01 2.0547371e+01 2.0320706e+01 2.0101345e+01 1.9890005e+01 1.9689088e+01 1.9522149e+01 1.9377604e+01 1.9260459e+01
2.3940195e+01 2.3885147e+01 2.3751368e+01 2.3703302e+01 2.3654539e+01 2.3613353e+01 2.3621417e+01 2.3496444e+01 2.3365376e+01 2.3282642e+01 2.3178823e+01 2.3151095e+01 2.3100672e+01 2.3036351e+01 2.2979320e+01 2.2926353e+01 2.2849835e+01 2.2810999e+01 2.2769105e+01 2.2718383e+01 2.2653240e+01 2.2591671e+01 2.2524377e+01 2.2464692e+01 2.2425141e+01 2.2389004e+01 2.2357653e+01 2.2319321e+01 2.2262781e+01 2.2200418e+01 2.2127705e+01 2.2064740e+01 2.2033672e+01 2.2053149e+01 2.1939892e+01 2.1957000e+01 2.1834870e+01 2.1781193e+01 2.1603820e+01 2.1390380e+01 2.1375567e+01 2.1015984e+01 2.0753978e+01 2.0552367e+01 2.0361403e+01 2.0182196e+01 2.0004790e+01 1.9819502e+01 1.9678261e+01 1.9551857e+01
2.4102525e+01 2.4092551e+01 2.3977481e+01 2.3880593e+01 2.3869694e+01 2.3791846e+01 2.3779667e+01 2.3736011e+01 2.3596855e+01 2.3508831e+01 2.3436211e+01 2.3371339e+01 2.3278606e+01 2.3235291e+01 2.3165738e+01 2.3066734e+01 2.3018923e+01 2.2967028e+01 2.2918957e+01 2.2872925e+01 2.2829706e+01 2.2772452e+01 2.2719997e+01 2.2652869e+01 2.2590783e+01 2.2539819e+01 2.2501639e+01 2.2451265e+01 2.2389062e+01 2.2327123e+01 2.2270730e+01 2.2194692e+01 2.2143941e+01 2.2157560e+01 2.2174976e+01 2.1544971e+01 2.2025119e+01 2.1857624e+01 2.1671084e+01 2.1569654e+01 2.1420986e+01 2.1201417e+01 2.0956000e+01 2.0766084e+01 2.0574030e+01 2.0394914e+01 2.0222699e+01 2.0080847e+01 1.9962014e+01 1.9867810e+01
2.4272146e+01 2.4274788e+01 2.4228777e+01 2.4092337e+01 2.4029255e+01 2.3993684e+01 2.3937963e+01 2.3945583e+01 2.3851133e+01 2.3723822e+01 2.3652608e+01 2.3596960e+01 2.3520616e+01 2.3395342e+01 2.3305232e+01 2.3246212e+01 2.3174317e+01 2.3132529e+01 2.3062199e+01 2.3007229e+01 2.2966304e+01 2.2910330e+01 2.2875148e+01 2.2840461e+01 2.2775152e+01 2.2716574e+01 2.2661426e+01 2.2600653e+01 2.2534651e+01 2.2450197e+01 2.2396456e+01 2.2330374e+01 2.2279396e+01 2.2247034e+01 2.2263633e+01 2.2340929e+01 2.2343118e+01 2.2072600e+01 2.1842368e+01 2.1691625e+01 2.1567911e+01 2.1333745e+01 2.1131127e+01 2.0969027e+01 2.0797597e+01 2.0612278e+01 2.0433446e+01 2.0285052e+01 2.0150975e+01 1.9913554e+01
2.4459862e+01 2.4448385e+01 2.4433708e+01 2.4343056e+01 2.4221143e+01 2.4200998e+01 2.4117186e+01 2.4120490e+01 2.4091256e+01 2.3946537e+01 2.3848038e+01 2.3787585e+01 2.3759264e+01 2.3621318e+01 2.3505160e+01 2.3436281e+01 2.3366616e+01 2.3299909e+01 2.3226868e+01 2.3140179e+01 2.3115555e+01 2.3048703e+01 2.3001018e+01 2.2955125e+01 2.2919916e+01 2.2870540e+01 2.2832171e+01 2.2774639e+01 2.2706955e+01 2.2622051e+01 2.2539061e+01 2.2480509e+01 2.2419921e+01 2.2388538e+01 2.2376311e+01 2.2339245e+01 2.2406006e+01 2.2229301e+01 2.2104530e+01 2.1693201e+01 2.1714998e+01 2.1502167e+01 2.1316993e+01 2.1137996e+01 2.0965389e+01 2.0794720e+01 2.0613924e+01 2.0473820e+01 2.0324097e+01 2.0157209e+01
