presentation/data/depth_0019.asc
ncols     164
nrows     146
xllcorner -1.242151388888889e+02
yllcorner  4.172986111111111e+01
cellsize  2.777777777820000e-04
nodata_value       -9999
[rows 110 to 131 of 146, columns 0 to 49 of 164]
2.0998472e+01 2.1050770e+01 2.0373927e+01 2.0641435e+01 2.0354029e+01 2.0234418e+01 2.0115695e+01 1.9608287e+01 1.9344613e+01 1.9015782e+01 1.8888699e+01 1.8970230e+01 1.8830447e+01 1.7757785e+01 1.8680386e+01 1.8855406e+01 1.8181396e+01 1.7503961e+01 1.7684471e+01 1.7660689e+01 1.7565048e+01 1.6269554e+01 1.5669915e+01 1.6045248e+01 1.6106809e+01 1.5840259e+01 1.5755816e+01 1.5129269e+01 1.5365943e+01 1.4920993e+01 1.4416439e+01 1.3794107e+01 1.3663169e+01 1.3274193e+01 1.2621456e+01 1.2204596e+01 1.1931181e+01 1.1110740e+01 1.0733489e+01 9.7449036e+00 6.0430579e+00 6.1687164e+00 1.0371118e+01 1.0595885e+01 1.0629252e+01 1.0933852e+01 1.1252941e+01 1.0993722e+01 1.0786651e+01 1.0335987e+01
2.0964254e+01 2.0911791e+01 2.0808049e+01 2.0798377e+01 2.0518097e+01 1.9822694e+01 1.9625518e+01 1.9799792e+01 1.9635371e+01 1.9376901e+01 1.9272162e+01 1.9213969e+01 1.9046352e+01 1.8472452e+01 1.9442217e+01 1.9546109e+01 1.8917558e+01 1.8973601e+01 1.8598563e+01 1.8342376e+01 1.7808015e+01 1.6493955e+01 1.6847539e+01 1.7174426e+01 1.7004173e+01 1.6572909e+01 1.6301753e+01 1.5926522e+01 1.5674634e+01 1.5665223e+01 1.5589104e+01 1.4483364e+01 1.4313827e+01 1.3794912e+01 1.3328081e+01 1.2681992e+01 1.2218334e+01 1.1998111e+01 1.1233203e+01 1.1412428e+01 1.1209289e+01 1.0482999e+01 1.0652348e+01 1.0737059e+01 1.0930102e+01 1.1753462e+01 1.2161133e+01 1.1713857e+01 1.1388233e+01 1.0846469e+01
2.1013538e+01 2.0912293e+01 2.0894038e+01 2.0706421e+01 2.0709591e+01 2.0514350e+01 2.0310969e+01 2.0102283e+01 1.9944219e+01 1.9736863e+01 1.9648932e+01 1.9604834e+01 1.9672878e+01 1.9729110e+01 1.9705513e+01 1.9725158e+01 1.9401504e+01 1.9224625e+01 1.8600832e+01 1.8472634e+01 1.7688095e+01 1.8289336e+01 1.8408112e+01 1.8241635e+01 1.7789678e+01 1.7445274e+01 1.7217342e+01 1.6672525e+01 1.6150519e+01 1.5827163e+01 1.5703741e+01 1.5673838e+01 1.5028709e+01 1.3851626e+01 1.3484912e+01 1.3299088e+01 1.2266334e+01 1.1407710e+01 1.0859140e+01 1.1439532e+01 1.1264729e+01 1.0628961e+01 1.0561150e+01 1.0919938e+01 1.1621645e+01 1.2676170e+01 1.2575326e+01 1.1272709e+01 1.0347815e+01 1.0478742e+01
2.1157174e+01 2.1053546e+01 2.0993468e+01 2.0973973e+01 2.0803731e+01 2.0620166e+01 2.0480511e+01 2.0348003e+01 2.0233943e+01 2.0154934e+01 2.0082276e+01 2.0074638e+01 2.0060023e+01 2.0015853e+01 1.9912218e+01 1.9899126e+01 1.9689066e+01 1.9379265e+01 1.9273660e+01 1.9288891e+01 1.9378201e+01 1.9267713e+01 1.8964397e+01 1.8653142e+01 1.8438326e+01 1.8134318e+01 1.7028215e+01 1.5570649e+01 1.6877530e+01 1.6322566e+01 1.5906793e+01 1.5734859e+01 1.4878281e+01 1.4807422e+01 1.4627049e+01 1.3600281e+01 1.2373466e+01 1.1012309e+01 1.0004822e+01 1.0093794e+01 1.0394646e+01 9.7674825e+00 9.5908472e+00 1.0876597e+01 1.2553867e+01 1.3023848e+01 1.3109164e+01 1.2896326e+01 1.2322202e+01 1.3052366e+01
2.1255875e+01 2.1174831e+01 2.1103366e+01 2.1038845e+01 2.0932079e+01 2.0808415e+01 2.0721462e+01 2.0664626e+01 2.0645315e+01 2.0595530e+01 2.0462808e+01 2.0414754e+01 1.8988766e+01 1.7605592e+01 2.0471344e+01 2.0024105e+01 1.9812949e+01 1.9752753e+01 1.9692727e+01 1.9658956e+01 1.9756462e+01 1.9632689e+01 1.9373226e+01 1.9100756e+01 1.8888797e+01 1.8653322e+01 1.8238209e+01 1.7863326e+01 1.7845815e+01 1.6402638e+01 1.6501563e+01 1.5238519e+01 1.5387722e+01 1.4870688e+01 1.4919523e+01 1.1555936e+01 1.1865354e+01 1.0686292e+01 7.1239706e+00 1.0828567e+01 1.0984390e+01 1.0697173e+01 9.7406625e+00 1.2010897e+01 1.3370800e+01 1.3621978e+01 1.2738128e+01 1.3673949e+01 1.3715162e+01 1.3692270e+01
2.1386304e+01 2.1310619e+01 2.1248851e+01 2.1159132e+01 2.1101810e+01 2.1029972e+01 2.0960449e+01 2.0898189e+01 2.0411703e+01 1.5062287e+01 2.0638391e+01 2.0717032e+01 2.0760517e+01 2.0581188e+01 2.0631666e+01 2.0402274e+01 2.0214649e+01 2.0127659e+01 2.0112374e+01 2.0196131e+01 2.0301806e+01 2.0230269e+01 2.0021112e+01 1.9465589e+01 1.9454879e+01 1.8875472e+01 1.9155133e+01 1.9146815e+01 1.9003673e+01 1.7808666e+01 1.7323666e+01 1.5041264e+01 1.5774464e+01 1.6668833e+01 1.5131380e+01 1.0465150e+01 9.7881313e+00 1.1229725e+01 1.2029180e+01 1.1124091e+01 1.1457406e+01 1.1926407e+01 1.2660116e+01 1.3586877e+01 1.3517224e+01 1.4334065e+01 1.3838374e+01 1.4158770e+01 1.4147458e+01 1.4314678e+01
2.1509472e+01 2.1460982e+01 2.1407222e+01 2.1326797e+01 2.1265363e+01 2.1216305e+01 2.1173722e+01 2.1104480e+01 2.0942004e+01 1.8614111e+01 2.0910330e+01 2.1041695e+01 2.0913194e+01 2.0799725e+01 2.0671990e+01 2.0564145e+01 2.0479636e+01 2.0409096e+01 2.0355116e+01 2.0553830e+01 1.9639709e+01 2.0407083e+01 2.0210170e+01 1.9983744e+01 1.9540666e+01 1.9560503e+01 1.8745037e+01 1.9528182e+01 1.9458045e+01 1.9289532e+01 1.8136567e+01 1.7986954e+01 1.7771377e+01 1.7290972e+01 1.6487934e+01 1.2529454e+01 1.2182188e+01 1.1340616e+01 1.1598961e+01 1.2228638e+01 1.2543403e+01 1.2755046e+01 1.3371169e+01 1.4085741e+01 1.4075137e+01 1.4582064e+01 1.4776895e+01 1.4512300e+01 1.4729790e+01 1.4921989e+01
2.1672041e+01 2.1601156e+01 2.1551569e+01 2.1469196e+01 2.1408306e+01 2.1359520e+01 2.1329245e+01 2.1317034e+01 2.1319835e+01 2.1335933e+01 2.1261708e+01 2.1136579e+01 2.1042475e+01 2.0937957e+01 2.0823873e+01 2.0726079e+01 2.0675863e+01 2.0473589e+01 2.0463933e+01 2.0685328e+01 2.0494153e+01 2.0921328e+01 2.0593726e+01 2.0666757e+01 1.9980953e+01 1.9773348e+01 1.7152518e+01 1.8897271e+01 1.9671853e+01 1.9251306e+01 1.8510655e+01 1.7339301e+01 1.8199101e+01 1.7193593e+01 1.6855590e+01 1.6327000e+01 1.6490337e+01 1.4665189e+01 1.3026590e+01 1.3421562e+01 1.2997853e+01 1.3128941e+01 1.4304902e+01 1.4449041e+01 1.4644537e+01 1.5385743e+01 1.5425537e+01 1.5318094e+01 1.5242889e+01 1.5306927e+01
2.1906128e+01 2.1834618e+01 2.1747729e+01 2.1663055e+01 2.1554835e+01 2.1519259e+01 2.1442929e+01 2.1457223e+01 2.1420354e+01 2.1380080e+01 2.1337716e+01 2.1260952e+01 2.1163926e+01 2.1085427e+01 2.1002574e+01 2.0903909e+01 2.0841002e+01 2.0775305e+01 2.0728810e+01 2.0702758e+01 2.0748719e+01 2.0737328e+01 2.0630834e+01 2.0537209e+01 2.0370563e+01 2.0397472e+01 1.9406307e+01 1.9791341e+01 2.0278209e+01 1.9831940e+01 1.9315311e+01 1.8959568e+01 1.8925174e+01 1.7984891e+01 1.6599361e+01 1.6544054e+01 1.6191178e+01 1.5494785e+01 1.5528829e+01 1.4841402e+01 1.3994192e+01 1.4515927e+01 1.5161937e+01 1.5292043e+01 1.5464131e+01 1.5540173e+01 1.4900044e+01 1.5766713e+01 1.5668639e+01 1.5774399e+01
2.2054875e+01 2.1977742e+01 2.1913062e+01 2.1855153e+01 2.1807914e+01 2.1711630e+01 2.1641739e+01 2.1597372e+01 2.1538582e+01 2.1491272e+01 2.1432155e+01 2.1377625e+01 2.1333118e+01 2.1243289e+01 2.1159346e+01 2.1070793e+01 2.0989656e+01 2.0921382e+01 2.0864728e+01 2.0803147e+01 2.0765896e+01 2.0805474e+01 2.0934527e+01 2.0449642e+01 2.0444700e+01 2.0536031e+01 2.0663463e+01 2.0774847e+01 2.0509587e+01 2.0138550e+01 1.9811020e+01 1.9260226e+01 1.9243079e+01 1.9258407e+01 1.6993884e+01 1.7334711e+01 1.7364301e+01 1.6327950e+01 1.6094690e+01 1.5894669e+01 1.4927706e+01 1.4390252e+01 1.6089518e+01 1.5798001e+01 1.5864073e+01 1.6547663e+01 1.6716943e+01 1.6144395e+01 1.6026373e+01 1.5993079e+01
2.2214910e+01 2.2162564e+01 2.2099789e+01 2.2032029e+01 2.1950711e+01 2.1854536e+01 2.1807278e+01 2.1787577e+01 2.1752834e+01 2.1726990e+01 2.1632352e+01 2.1501225e+01 2.1445985e+01 2.1411069e+01 2.1334625e+01 2.1264721e+01 2.1183963e+01 2.1093009e+01 2.0994703e+01 2.0872436e+01 2.0909063e+01 2.0885958e+01 2.0909512e+01 2.0952061e+01 2.0769623e+01 2.0233960e+01 1.8537792e+01 1.7636588e+01 2.0564480e+01 2.0061313e+01 2.0296285e+01 2.0163040e+01 1.9942347e+01 1.8276221e+01 1.8910135e+01 1.7945350e+01 1.6765805e+01 1.6343616e+01 1.4529228e+01 1.4121473e+01 1.5265306e+01 1.5296832e+01 1.6845793e+01 1.5843655e+01 1.5486537e+01 1.6778050e+01 1.6826391e+01 1.6617169e+01 1.6415698e+01 1.6313383e+01
2.2414438e+01 2.2332312e+01 2.2273190e+01 2.2205777e+01 2.2150775e+01 2.2092959e+01 2.2007962e+01 2.1944244e+01 2.1904323e+01 2.1923496e+01 2.1904149e+01 2.1740933e+01 2.1639770e+01 2.1560381e+01 2.1514973e+01 2.1456490e+01 2.1390190e+01 2.1298241e+01 2.1168839e+01 2.1047518e+01 2.1086196e+01 2.1046639e+01 2.1021188e+01 2.1012287e+01 2.0952965e+01 2.0925620e+01 2.0988668e+01 2.0131007e+01 2.0350495e+01 2.0973955e+01 2.0567547e+01 2.0453657e+01 2.0033442e+01 1.9344874e+01 1.9724139e+01 1.7972723e+01 1.6572046e+01 1.6621221e+01 1.6163867e+01 1.4640981e+01 1.1779256e+01 1.1158135e+01 1.6531462e+01 1.7428157e+01 1.6271581e+01 1.7409410e+01 1.7056758e+01 1.6869160e+01 1.6754924e+01 1.6661901e+01
2.2601938e+01 2.2538386e+01 2.2482886e+01 2.2412231e+01 2.2323103e+01 2.2243444e+01 2.2164338e+01 2.2115902e+01 2.2093179e+01 2.2035675e+01 2.1968291e+01 2.1906492e+01 2.1850234e+01 2.1765171e+01 2.1681565e+01 2.1613180e+01 2.1544251e+01 2.1474578e+01 2.1397662e+01 2.1304251e+01 2.1245443e+01 2.1196132e+01 2.1171364e+01 2.1124278e+01 2.1009503e+01 2.1232826e+01 2.1361409e+01 2.0986238e+01 2.1548497e+01 2.1056840e+01 2.0797607e+01 2.0726953e+01 2.0308171e+01 1.9223947e+01 1.9464266e+01 1.8058433e+01 1.6790792e+01 1.7140157e+01 1.5348066e+01 1.3458900e+01 1.2405859e+01 1.0376253e+01 1.6528085e+01 1.8666003e+01 1.7412893e+01 1.7687303e+01 1.7375680e+01 1.7200537e+01 1.7117643e+01 1.7075511e+01
2.2747843e+01 2.2703643e+01 2.2655125e+01 2.2617356e+01 2.2545975e+01 2.2449279e+01 2.2368617e+01 2.2285532e+01 2.2241595e+01 2.2186901e+01 2.2143309e+01 2.2084077e+01 2.2018517e+01 2.1949569e+01 2.1883914e+01 2.1822623e+01 2.1764397e+01 2.1675458e+01 2.1598238e+01 2.1516646e+01 2.1436295e+01 2.1379931e+01 2.1343243e+01 2.1330144e+01 2.1358602e+01 2.1362685e+01 2.1138183e+01 2.0831954e+01 2.1249322e+01 2.1271477e+01 2.0934076e+01 2.0850509e+01 2.0547678e+01 2.0825284e+01 2.0199149e+01 1.9615071e+01 1.8444265e+01 1.6291659e+01 1.4987719e+01 1.2284148e+01 1.0463940e+01 1.3165211e+01 1.8382900e+01 1.8673858e+01 1.8153924e+01 1.7848708e+01 1.7675318e+01 1.7537571e+01 1.7442159e+01 1.7392998e+01
2.2971066e+01 2.2892772e+01 2.2836774e+01 2.2768214e+01 2.2717547e+01 2.2638805e+01 2.2577860e+01 2.2508730e+01 2.2441339e+01 2.2380371e+01 2.2325785e+01 2.2280736e+01 2.2207668e+01 2.2147423e+01 2.2066746e+01 2.2023792e+01 2.1962030e+01 2.1892082e+01 2.1817358e+01 2.1692976e+01 2.1605258e+01 2.1578105e+01 2.1547132e+01 2.1504913e+01 2.1485478e+01 2.1502237e+01 2.1616061e+01 2.1673115e+01 2.1731267e+01 2.1538181e+01 2.1171714e+01 2.1019752e+01 2.0818983e+01 2.1106428e+01 2.1111753e+01 2.0074596e+01 1.8927041e+01 1.8463070e+01 1.7630002e+01 1.4650249e+01 1.5612117e+01 1.6679562e+01 1.9141251e+01 1.8716128e+01 1.8378226e+01 1.8157958e+01 1.8030992e+01 1.7869832e+01 1.7744171e+01 1.7613204e+01
2.3210237e+01 2.3095598e+01 2.3049230e+01 2.2961855e+01 2.2900127e+01 2.2820964e+01 2.2746380e+01 2.2685078e+01 2.2620586e+01 2.2565075e+01 2.2518263e+01 2.2497239e+01 2.2431804e+01 2.2351491e+01 2.2254383e+01 2.2199148e+01 2.2137978e+01 2.2079343e+01 2.1978990e+01 2.1878642e+01 2.1820717e+01 2.1781852e+01 2.1742901e+01 2.1678041e+01 2.1638998e+01 2.1640659e+01 2.1667274e+01 2.1697655e+01 2.1740264e+01 2.1711075e+01 2.0912382e+01 2.1263058e+01 2.1232688e+01 2.1201501e+01 2.1132193e+01 2.0672208e+01 1.9764560e+01 1.8783253e+01 1.9369258e+01 1.9872631e+01 1.8469424e+01 1.9232585e+01 1.9338756e+01 1.9011246e+01 1.8733523e+01 1.8507593e+01 1.8334321e+01 1.8171234e+01 1.8037627e+01 1.7891026e+01
2.3427136e+01 2.3296857e+01 2.3243231e+01 2.3163428e+01 2.3125637e+01 2.3078471e+01 2.2965090e+01 2.2878343e+01 2.2788411e+01 2.2729177e+01 2.2676100e+01 2.2665729e+01 2.2634804e+01 2.2559834e+01 2.2469585e+01 2.2390068e+01 2.2316865e+01 2.2222470e+01 2.2138132e+01 2.2089972e+01 2.2034671e+01 2.1968585e+01 2.1906954e+01 2.1860729e+01 2.1812263e+01 2.1773194e+01 2.1737020e+01 2.1713284e+01 2.1712170e+01 2.1670242e+01 2.1548313e+01 2.1432330e+01 2.1338664e+01 2.1282886e+01 2.1230149e+01 2.1119371e+01 2.1267232e+01 2.1022046e+01 2.0906279e+01 2.0521628e+01 2.0398151e+01 2.0060977e+01 1.9692932e+01 1.9369245e+01 1.9110582e+01 1.8890264e+01 1.8686859e+01 1.8508270e+01 1.8362142e+01 1.8216941e+01
2.3633964e+01 2.3527345e+01 2.3404993e+01 2.3377517e+01 2.3302375e+01 2.3296389e+01 2.3232623e+01 2.3084634e+01 2.3000930e+01 2.2904296e+01 2.2842782e+01 2.2799997e+01 2.2781131e+01 2.2733426e+01 2.2671373e+01 2.2588889e+01 2.2515199e+01 2.2428216e+01 2.2365344e+01 2.2283853e+01 2.2214690e+01 2.2148758e+01 2.2073052e+01 2.2021033e+01 2.1967368e+01 2.1919573e+01 2.1855205e+01 2.1817803e+01 2.1764511e+01 2.1695455e+01 2.1593217e+01 2.1520823e+01 2.1469746e+01 2.1425840e+01 2.1370642e+01 2.1333651e+01 2.1344130e+01 2.1206504e+01 2.1068718e+01 2.0849321e+01 2.0563119e+01 2.0213300e+01 1.9954508e+01 1.9714569e+01 1.9481407e+01 1.9254777e+01 1.9034893e+01 1.8846355e+01 1.8678511e+01 1.8537958e+01
2.3812244e+01 2.3748091e+01 2.3605193e+01 2.3548445e+01 2.3491913e+01 2.3444774e+01 2.3449133e+01 2.3320819e+01 2.3188257e+01 2.3108151e+01 2.3016566e+01 2.2989234e+01 2.2945146e+01 2.2883295e+01 2.2823631e+01 2.2765489e+01 2.2680338e+01 2.2628977e+01 2.2570706e+01 2.2501200e+01 2.2416425e+01 2.2335080e+01 2.2247788e+01 2.2167899e+01 2.2108082e+01 2.2051961e+01 2.2000517e+01 2.1942143e+01 2.1866181e+01 2.1784123e+01 2.1691764e+01 2.1609605e+01 2.1559464e+01 2.1560623e+01 2.1430117e+01 2.1431460e+01 2.1294523e+01 2.1229354e+01 2.1042352e+01 2.0820118e+01 2.0810140e+01 2.0430835e+01 2.0162807e+01 1.9950606e+01 1.9747653e+01 1.9554596e+01 1.9360038e+01 1.9154349e+01 1.8990837e+01 1.8841140e+01
2.3967949e+01 2.3949076e+01 2.3825038e+01 2.3719491e+01 2.3700749e+01 2.3616690e+01 2.3600522e+01 2.3553360e+01 2.3412371e+01 2.3326620e+01 2.3266430e+01 2.3201484e+01 2.3114941e+01 2.3075131e+01 2.3004067e+01 2.2900790e+01 2.2845700e+01 2.2782330e+01 2.2718850e+01 2.2654595e+01 2.2591876e+01 2.2514781e+01 2.2442264e+01 2.2354895e+01 2.2272507e+01 2.2201503e+01 2.2143467e+01 2.2073517e+01 2.1992403e+01 2.1911535e+01 2.1836226e+01 2.1741589e+01 2.1672247e+01 2.1667726e+01 2.1667972e+01 2.1020038e+01 2.1485937e+01 2.1306233e+01 2.1108643e+01 2.0997948e+01 2.0853204e+01 2.0614698e+01 2.0363817e+01 2.0165596e+01 1.9963608e+01 1.9772354e+01 1.9585291e+01 1.9425452e+01 1.9285610e+01 1.9168089e+01
2.4130333e+01 2.4124256e+01 2.4069439e+01 2.3924501e+01 2.3853612e+01 2.3811812e+01 2.3751992e+01 2.3756000e+01 2.3659289e+01 2.3533806e+01 2.3474790e+01 2.3418826e+01 2.3348724e+01 2.3227749e+01 2.3137381e+01 2.3074940e+01 2.2997571e+01 2.2945959e+01 2.2861224e+01 2.2788660e+01 2.2728437e+01 2.2652586e+01 2.2597262e+01 2.2542239e+01 2.2456539e+01 2.2377933e+01 2.2303105e+01 2.2222913e+01 2.2138015e+01 2.2034802e+01 2.1962608e+01 2.1878557e+01 2.1809653e+01 2.1759404e+01 2.1758665e+01 2.1819904e+01 2.1807784e+01 2.1523449e+01 2.1281862e+01 2.1121821e+01 2.1000974e+01 2.0748504e+01 2.0540019e+01 2.0370734e+01 2.0190553e+01 1.9994447e+01 1.9801734e+01 1.9636130e+01 1.9481895e+01 1.9221451e+01
2.4310490e+01 2.4290542e+01 2.4267294e+01 2.4168320e+01 2.4038664e+01 2.4012392e+01 2.3924452e+01 2.3924235e+01 2.3892545e+01 2.3749138e+01 2.3662324e+01 2.3601426e+01 2.3579266e+01 2.3446164e+01 2.3331410e+01 2.3259682e+01 2.3185534e+01 2.3111099e+01 2.3025417e+01 2.2922361e+01 2.2879266e+01 2.2792885e+01 2.2725135e+01 2.2658748e+01 2.2602885e+01 2.2533073e+01 2.2474565e+01 2.2397290e+01 2.2310616e+01 2.2207217e+01 2.2106256e+01 2.2030106e+01 2.1952105e+01 2.1903664e+01 2.1874910e+01 2.1821660e+01 2.1873900e+01 2.1683270e+01 2.1547018e+01 2.1125353e+01 2.1149630e+01 2.0918308e+01 2.0726648e+01 2.0540177e+01 2.0358683e+01 2.0177409e+01 1.9983516e+01 1.9827828e+01 1.9659535e+01 1.9471439e+01
