presentation/data/depth_0004.asc
ncols     164
nrows     146
xllcorner -1.242151388888889e+02
yllcorner  4.172986111111111e+01
cellsize  2.777777777820000e-04
nodata_value       -9999
[rows 110 to 131 of 146, columns 0 to 49 of 164]
1.9923260e+01 1.9979187e+01 1.9307004e+01 1.9577819e+01 1.9293892e+01 1.9177380e+01 1.9062024e+01 1.8558743e+01 1.8299044e+01 1.7972796e+01 1.7842042e+01 1.7931607e+01 1.7791280e+01 1.6717233e+01 1.7636295e+01 1.7805304e+01 1.7126583e+01 1.6445743e+01 1.6622346e+01 1.6598833e+01 1.6504793e+01 1.5215539e+01 1.4625056e+01 1.5008488e+01 1.5079231e+01 1.4824399e+01 1.4752173e+01 1.4139885e+01 1.4390633e+01 1.3960560e+01 1.3469719e+01 1.2862332e+01 1.2745386e+01 1.2368503e+01 1.1730484e+01 1.1324048e+01 1.1062765e+01 1.0256595e+01 9.8955052e+00 8.9284438e+00 5.2815415e+00 5.3708156e+00 9.5457909e+00 9.7964771e+00 9.8421514e+00 1.0151977e+01 1.0458386e+01 1.0190078e+01 9.9777867e+00 9.5456126e+00
1.9893178e+01 1.9844120e+01 1.9743706e+01 1.9736552e+01 1.9459053e+01 1.8766665e+01 1.8572290e+01 1.8749166e+01 1.8587406e+01 1.8329350e+01 1.8220171e+01 1.8167142e+01 1.7996638e+01 1.7418453e+01 1.8383117e+01 1.8481232e+01 1.7848587e+01 1.7901259e+01 1.7525535e+01 1.7271648e+01 1.6740952e+01 1.5436721e+01 1.5797142e+01 1.6131936e+01 1.5972135e+01 1.5553641e+01 1.5295425e+01 1.4934213e+01 1.4698526e+01 1.4703429e+01 1.4641761e+01 1.3551758e+01 1.3396011e+01 1.2891258e+01 1.2439666e+01 1.1802574e+01 1.1352361e+01 1.1143055e+01 1.0389585e+01 1.0581177e+01 1.0395482e+01 9.6565449e+00 9.8217110e+00 9.9294135e+00 1.0132295e+01 1.0961217e+01 1.1361311e+01 1.0914429e+01 1.0601449e+01 1.0088030e+01
1.9946376e+01 1.9847985e+01 1.9832268e+01 1.9646880e+01 1.9652037e+01 1.9458604e+01 1.9256857e+01 1.9049824e+01 1.8892864e+01 1.8682970e+01 1.8590412e+01 1.8549189e+01 1.8612029e+01 1.8661624e+01 1.8634021e+01 1.8647667e+01 1.8320825e+01 1.8142473e+01 1.7520370e+01 1.7395679e+01 1.6617646e+01 1.7225507e+01 1.7351317e+01 1.7194459e+01 1.6754322e+01 1.6423009e+01 1.6208182e+01 1.5678296e+01 1.5173562e+01 1.4864357e+01 1.4756912e+01 1.4740385e+01 1.4110938e+01 1.2950748e+01 1.2597524e+01 1.2416094e+01 1.1399709e+01 1.0552501e+01 1.0010107e+01 1.0601475e+01 1.0433187e+01 9.8004777e+00 9.7317204e+00 1.0109908e+01 1.0819723e+01 1.1870700e+01 1.1779354e+01 1.0506591e+01 9.6157874e+00 9.7770738e+00
2.0093391e+01 1.9992140e+01 1.9934061e+01 1.9916054e+01 1.9747303e+01 1.9564952e+01 1.9426204e+01 1.9294376e+01 1.9179785e+01 1.9095543e+01 1.9018607e+01 1.9011063e+01 1.8989996e+01 1.8938244e+01 1.8831074e+01 1.8811482e+01 1.8599345e+01 1.8289468e+01 1.8185731e+01 1.8205329e+01 1.8300457e+01 1.8198078e+01 1.7904117e+01 1.7603927e+01 1.7401286e+01 1.7110519e+01 1.6019125e+01 1.4580582e+01 1.5900558e+01 1.5360631e+01 1.4961084e+01 1.4802464e+01 1.3965203e+01 1.3908612e+01 1.3741412e+01 1.2716704e+01 1.1508175e+01 1.0160564e+01 9.1566696e+00 9.2605731e+00 9.5564269e+00 8.9333174e+00 8.7573120e+00 1.0061185e+01 1.1733666e+01 1.2214193e+01 1.2306056e+01 1.2117643e+01 1.1572411e+01 1.2319736e+01
2.0195714e+01 2.0116567e+01 2.0046581e+01 1.9983107e+01 1.9877351e+01 1.9754289e+01 1.9667494e+01 1.9610445e+01 1.9589662e+01 1.9532056e+01 1.9395749e+01 1.9344713e+01 1.7912128e+01 1.6523018e+01 1.9380799e+01 1.8929479e+01 1.8717309e+01 1.8657519e+01 1.8600306e+01 1.8571927e+01 1.8675984e+01 1.8561724e+01 1.8312022e+01 1.8050933e+01 1.7851291e+01 1.7629323e+01 1.7227319e+01 1.6868185e+01 1.6864035e+01 1.5439400e+01 1.5552697e+01 1.4307849e+01 1.4475787e+01 1.3972759e+01 1.4034344e+01 1.0683098e+01 1.1007940e+01 9.8405980e+00 6.3048035e+00 9.9877671e+00 1.0144923e+01 9.8582094e+00 8.9084129e+00 1.1184391e+01 1.2541062e+01 1.2808210e+01 1.1942623e+01 1.2898901e+01 1.2968194e+01 1.2979486e+01
2.0329335e+01 2.0255078e+01 2.0194359e+01 2.0105331e+01 2.0048555e+01 1.9976789e+01 1.9906760e+01 1.9843359e+01 1.9354550e+01 1.4007702e+01 1.9568844e+01 1.9643673e+01 1.9678361e+01 1.9490951e+01 1.9533903e+01 1.9301367e+01 1.9112645e+01 1.9027130e+01 1.9015876e+01 1.9105770e+01 1.9218571e+01 1.9157245e+01 1.8957943e+01 1.8414486e+01 1.8415757e+01 1.7850839e+01 1.8141615e+01 1.8150215e+01 1.8020989e+01 1.6842918e+01 1.6372147e+01 1.4112362e+01 1.4861001e+01 1.5767365e+01 1.4245915e+01 9.6072817e+00 8.9496132e+00 1.0390824e+01 1.1182338e+01 1.0264925e+01 1.0599793e+01 1.1069379e+01 1.1807161e+01 1.2736772e+01 1.2679287e+01 1.3511571e+01 1.3035244e+01 1.3379207e+01 1.3397633e+01 1.3595769e+01
2.0455921e+01 2.0408707e+01 2.0355933e+01 2.0276167e+01 2.0215127e+01 2.0165773e+01 2.0122004e+01 2.0050665e+01 1.9885081e+01 1.7554944e+01 1.9832905e+01 1.9960848e+01 1.9824151e+01 1.9704213e+01 1.9570123e+01 1.9459849e+01 1.9375212e+01 1.9306938e+01 1.9257534e+01 1.9462419e+01 1.8557533e+01 1.9334029e+01 1.9147242e+01 1.8932227e+01 1.8501650e+01 1.8534982e+01 1.7732196e+01 1.8531822e+01 1.8476714e+01 1.8322883e+01 1.7186001e+01 1.7052406e+01 1.6851919e+01 1.6385230e+01 1.5597441e+01 1.1665396e+01 1.1314457e+01 1.0474657e+01 1.0736486e+01 1.1362537e+01 1.1676516e+01 1.1891567e+01 1.2514939e+01 1.3230687e+01 1.3237138e+01 1.3760914e+01 1.3975039e+01 1.3736501e+01 1.3979718e+01 1.4199347e+01
2.0621653e+01 2.0552072e+01 2.0503494e+01 2.0421786e+01 2.0361049e+01 2.0311354e+01 2.0278946e+01 2.0263526e+01 2.0262016e+01 2.0271903e+01 2.0182732e+01 2.0053232e+01 1.9950900e+01 1.9840506e+01 1.9720675e+01 1.9620906e+01 1.9570887e+01 1.9371552e+01 1.9366852e+01 1.9594677e+01 1.9411966e+01 1.9847651e+01 1.9530685e+01 1.9614336e+01 1.8940992e+01 1.8746381e+01 1.6143331e+01 1.7901237e+01 1.8690324e+01 1.8284749e+01 1.7560189e+01 1.6406850e+01 1.7279931e+01 1.6288709e+01 1.5962327e+01 1.5448134e+01 1.5606744e+01 1.3784487e+01 1.2150092e+01 1.2538350e+01 1.2118248e+01 1.2255157e+01 1.3441018e+01 1.3590182e+01 1.3802758e+01 1.4562208e+01 1.4623593e+01 1.4540764e+01 1.4487365e+01 1.4574062e+01
2.0859027e+01 2.0788946e+01 2.0703249e+01 2.0619352e+01 2.0511179e+01 2.0474208e+01 2.0395146e+01 2.0405706e+01 2.0364000e+01 2.0316700e+01 2.0259871e+01 2.0176849e+01 2.0071418e+01 1.9987169e+01 1.9898892e+01 1.9798370e+01 1.9736257e+01 1.9673899e+01 1.9632632e+01 1.9613515e+01 1.9667969e+01 1.9665773e+01 1.9569819e+01 1.9487170e+01 1.9332701e+01 1.9371973e+01 1.8394936e+01 1.8790679e+01 1.9293494e+01 1.8862272e+01 1.8361223e+01 1.8020408e+01 1.7998363e+01 1.7071090e+01 1.5697833e+01 1.5654784e+01 1.5302328e+01 1.4609278e+01 1.4643460e+01 1.3951980e+01 1.3108343e+01 1.3633470e+01 1.4293725e+01 1.4430129e+01 1.4618285e+01 1.4715355e+01 1.4099154e+01 1.4984166e+01 1.4906784e+01 1.5031271e+01
2.1011361e+01 2.0935954e+01 2.0872748e+01 2.0815810e+01 2.0768483e+01 2.0670551e+01 2.0597460e+01 2.0549077e+01 2.0484616e+01 2.0429324e+01 2.0355644e+01 2.0293449e+01 2.0240119e+01 2.0144573e+01 2.0055485e+01 1.9964969e+01 1.9885288e+01 1.9820991e+01 1.9770036e+01 1.9715693e+01 1.9687136e+01 1.9735847e+01 1.9874795e+01 1.9401231e+01 1.9407804e+01 1.9511279e+01 1.9651155e+01 1.9773414e+01 1.9524522e+01 1.9167312e+01 1.8853966e+01 1.8317835e+01 1.8313097e+01 1.8338874e+01 1.6090645e+01 1.6434804e+01 1.6464867e+01 1.5432115e+01 1.5200454e+01 1.4998435e+01 1.4034918e+01 1.3504043e+01 1.5217152e+01 1.4933622e+01 1.5012551e+01 1.5717220e+01 1.5904252e+01 1.5351726e+01 1.5253386e+01 1.5237285e+01
2.1174935e+01 2.1124625e+01 2.1063667e+01 2.0997151e+01 2.0915840e+01 2.0817848e+01 2.0767013e+01 2.0742965e+01 2.0701711e+01 2.0666769e+01 2.0557545e+01 2.0417502e+01 2.0352872e+01 2.0312066e+01 2.0230770e+01 2.0158525e+01 2.0079658e+01 1.9993098e+01 1.9900821e+01 1.9786065e+01 1.9831366e+01 1.9817537e+01 1.9851308e+01 1.9904436e+01 1.9732666e+01 1.9209613e+01 1.7528776e+01 1.6642728e+01 1.9581227e+01 1.9092182e+01 1.9338780e+01 1.9218351e+01 1.9008588e+01 1.7355695e+01 1.7999192e+01 1.7037189e+01 1.5862241e+01 1.5443151e+01 1.3635233e+01 1.3225347e+01 1.4368543e+01 1.4406413e+01 1.5971957e+01 1.4977489e+01 1.4631524e+01 1.5941166e+01 1.6007052e+01 1.5817035e+01 1.5633411e+01 1.5547152e+01
2.1377730e+01 2.1297977e+01 2.1240995e+01 2.1175071e+01 2.1120176e+01 2.1060385e+01 2.0971600e+01 2.0903380e+01 2.0856281e+01 2.0865341e+01 2.0831479e+01 2.0658029e+01 2.0546850e+01 2.0461251e+01 2.0411226e+01 2.0350036e+01 2.0285754e+01 2.0198495e+01 2.0075405e+01 1.9961801e+01 2.0009372e+01 1.9979578e+01 1.9964835e+01 1.9967153e+01 1.9919462e+01 1.9904162e+01 1.9979108e+01 1.9132635e+01 1.9363214e+01 1.9999466e+01 1.9605486e+01 1.9504558e+01 1.9095551e+01 1.8418696e+01 1.8805475e+01 1.7060769e+01 1.5665193e+01 1.5714499e+01 1.5259100e+01 1.3733349e+01 1.0882695e+01 1.0279904e+01 1.5660458e+01 1.6558463e+01 1.5411811e+01 1.6564385e+01 1.6229720e+01 1.6059936e+01 1.5961994e+01 1.5883619e+01
2.1567995e+01 2.1507025e+01 2.1453882e+01 2.1384887e+01 2.1296007e+01 2.1214411e+01 2.1131441e+01 2.1078344e+01 2.1047974e+01 2.0979696e+01 2.0898190e+01 2.0824673e+01 2.0757730e+01 2.0666040e+01 2.0578048e+01 2.0506671e+01 2.0439518e+01 2.0374650e+01 2.0304085e+01 2.0218411e+01 2.0168690e+01 2.0129339e+01 2.0115297e+01 2.0079430e+01 1.9976373e+01 2.0211105e+01 2.0351864e+01 1.9989034e+01 2.0561353e+01 2.0082295e+01 1.9834857e+01 1.9775948e+01 1.9367577e+01 1.8295782e+01 1.8542151e+01 1.7143832e+01 1.5880211e+01 1.6227682e+01 1.4442530e+01 1.2556896e+01 1.1505045e+01 9.4971578e+00 1.5638914e+01 1.7778670e+01 1.6540694e+01 1.6829554e+01 1.6537006e+01 1.6379543e+01 1.6312774e+01 1.6284857e+01
2.1715941e+01 2.1674466e+01 2.1628475e+01 2.1592463e+01 2.1521398e+01 2.1422882e+01 2.1338309e+01 2.1250510e+01 2.1198776e+01 2.1132841e+01 2.1075594e+01 2.1003382e+01 2.0926570e+01 2.0850603e+01 2.0780756e+01 2.0716316e+01 2.0659399e+01 2.0575252e+01 2.0504425e+01 2.0430606e+01 2.0359431e+01 2.0313113e+01 2.0287179e+01 2.0285295e+01 2.0325238e+01 2.0340936e+01 2.0129318e+01 1.9835761e+01 2.0263770e+01 2.0297841e+01 1.9971627e+01 1.9899376e+01 1.9606714e+01 1.9892853e+01 1.9273396e+01 1.8694834e+01 1.7527516e+01 1.5379636e+01 1.4081302e+01 1.1384301e+01 9.5727177e+00 1.2275203e+01 1.7478065e+01 1.7779282e+01 1.7272770e+01 1.6981953e+01 1.6826464e+01 1.6705581e+01 1.6626046e+01 1.6590876e+01
2.1940396e+01 2.1864970e+01 2.1811623e+01 2.1744949e+01 2.1694703e+01 2.1614300e+01 2.1549397e+01 2.1475474e+01 2.1400410e+01 2.1327958e+01 2.1260287e+01 2.1201296e+01 2.1116501e+01 2.1048806e+01 2.0964169e+01 2.0918116e+01 2.0857147e+01 2.0791801e+01 2.0723510e+01 2.0606969e+01 2.0528378e+01 2.0511118e+01 2.0490732e+01 2.0459699e+01 2.0451889e+01 2.0480393e+01 2.0606545e+01 2.0675382e+01 2.0744285e+01 2.0563111e+01 2.0207957e+01 2.0066994e+01 1.9876063e+01 2.0171409e+01 2.0182919e+01 1.9152924e+01 1.8010320e+01 1.7547047e+01 1.6714695e+01 1.3739578e+01 1.4687032e+01 1.5760194e+01 1.8216592e+01 1.7807305e+01 1.7484247e+01 1.7278457e+01 1.7169041e+01 1.7025366e+01 1.6916453e+01 1.6800638e+01
2.2180254e+01 2.2068696e+01 2.2025067e+01 2.1939701e+01 2.1878541e+01 2.1797859e+01 2.1719330e+01 2.1653216e+01 2.1581295e+01 2.1514330e+01 2.1454930e+01 2.1419277e+01 2.1341632e+01 2.1253377e+01 2.1152380e+01 2.1094171e+01 2.1033281e+01 2.0978878e+01 2.0885078e+01 2.0792627e+01 2.0743634e+01 2.0714429e+01 2.0685804e+01 2.0631865e+01 2.0604168e+01 2.0617280e+01 2.0656074e+01 2.0698411e+01 2.0752016e+01 2.0734276e+01 1.9947729e+01 2.0308170e+01 2.0287162e+01 2.0264021e+01 2.0200866e+01 1.9746771e+01 1.8842763e+01 1.7860878e+01 1.8443471e+01 1.8942434e+01 1.7531995e+01 1.8302148e+01 1.8406869e+01 1.8092669e+01 1.7827899e+01 1.7615630e+01 1.7459421e+01 1.7314052e+01 1.7198123e+01 1.7067854e+01
2.2397694e+01 2.2270734e+01 2.2219986e+01 2.2142344e+01 2.2105290e+01 2.2056684e+01 2.1939409e+01 2.1847892e+01 2.1750791e+01 2.1680327e+01 2.1615004e+01 2.1589605e+01 2.1546022e+01 2.1462620e+01 2.1368161e+01 2.1285621e+01 2.1212260e+01 2.1121540e+01 2.1043724e+01 2.1003561e+01 2.0957186e+01 2.0900635e+01 2.0849095e+01 2.0813452e+01 2.0775985e+01 2.0748042e+01 2.0723622e+01 2.0711530e+01 2.0721225e+01 2.0690569e+01 2.0579301e+01 2.0473131e+01 2.0389107e+01 2.0341639e+01 2.0295225e+01 2.0188796e+01 2.0338731e+01 2.0091196e+01 1.9972145e+01 1.9586611e+01 1.9456704e+01 1.9126481e+01 1.8757694e+01 1.8443528e+01 1.8195060e+01 1.7986659e+01 1.7799061e+01 1.7637946e+01 1.7509960e+01 1.7382024e+01
2.2605325e+01 2.2502196e+01 2.2382901e+01 2.2357672e+01 2.2283488e+01 2.2276122e+01 2.2208457e+01 2.2055849e+01 2.1965213e+01 2.1857737e+01 2.1784221e+01 2.1726204e+01 2.1694146e+01 2.1637316e+01 2.1570526e+01 2.1484736e+01 2.1410395e+01 2.1326275e+01 2.1269615e+01 2.1196360e+01 2.1136300e+01 2.1079843e+01 2.1014013e+01 2.0972315e+01 2.0929311e+01 2.0892187e+01 2.0838904e+01 2.0812465e+01 2.0769469e+01 2.0711059e+01 2.0619118e+01 2.0556324e+01 2.0514333e+01 2.0478466e+01 2.0429746e+01 2.0397430e+01 2.0410367e+01 2.0273272e+01 2.0134053e+01 1.9913803e+01 1.9621711e+01 1.9277060e+01 1.9017631e+01 1.8784023e+01 1.8558698e+01 1.8342034e+01 1.8136012e+01 1.7963931e+01 1.7814167e+01 1.7691669e+01
2.2784968e+01 2.2724377e+01 2.2584699e+01 2.2530327e+01 2.2474855e+01 2.2426402e+01 2.2426837e+01 2.2293996e+01 2.2154902e+01 2.2064289e+01 2.1960921e+01 2.1918507e+01 2.1860982e+01 2.1788804e+01 2.1723515e+01 2.1661457e+01 2.1574997e+01 2.1525668e+01 2.1473082e+01 2.1411711e+01 2.1336110e+01 2.1264273e+01 2.1186858e+01 2.1117222e+01 2.1067814e+01 2.1021925e+01 2.0980923e+01 2.0932983e+01 2.0866903e+01 2.0794854e+01 2.0712230e+01 2.0639352e+01 2.0598150e+01 2.0607408e+01 2.0483827e+01 2.0490357e+01 2.0357596e+01 2.0293351e+01 2.0105827e+01 1.9882498e+01 1.9865985e+01 1.9491379e+01 1.9222888e+01 1.9014916e+01 1.8818459e+01 1.8634036e+01 1.8451682e+01 1.8261244e+01 1.8115177e+01 1.7983753e+01
2.2943128e+01 2.2927735e+01 2.2806851e+01 2.2703740e+01 2.2686076e+01 2.2600839e+01 2.2580912e+01 2.2529200e+01 2.2381900e+01 2.2285958e+01 2.2214257e+01 2.2134404e+01 2.2034366e+01 2.1983154e+01 2.1905260e+01 2.1797119e+01 2.1739430e+01 2.1677153e+01 2.1618505e+01 2.1561941e+01 2.1508355e+01 2.1440881e+01 2.1378335e+01 2.1301221e+01 2.1229212e+01 2.1168365e+01 2.1120326e+01 2.1060077e+01 2.0987992e+01 2.0916079e+01 2.0849578e+01 2.0763468e+01 2.0702564e+01 2.0706064e+01 2.0713395e+01 2.0073201e+01 2.0543350e+01 2.0365967e+01 2.0169928e+01 2.0059429e+01 1.9909599e+01 1.9675796e+01 1.9423980e+01 1.9227971e+01 1.9030729e+01 1.8846571e+01 1.8669914e+01 1.8523580e+01 1.8399842e+01 1.8299996e+01
2.3108739e+01 2.3106078e+01 2.3054310e+01 2.2911701e+01 2.2841790e+01 2.2798739e+01 2.2735178e+01 2.2734606e+01 2.2631936e+01 2.2496721e+01 2.2426662e+01 2.2355866e+01 2.2272147e+01 2.2139067e+01 2.2040620e+01 2.1972466e+01 2.1890739e+01 2.1838678e+01 2.1757933e+01 2.1692598e+01 2.1641405e+01 2.1575276e+01 2.1529998e+01 2.1485259e+01 2.1409935e+01 2.1341326e+01 2.1276102e+01 2.1205171e+01 2.1128936e+01 2.1034176e+01 2.0970071e+01 2.0893717e+01 2.0832529e+01 2.0790131e+01 2.0796881e+01 2.0864480e+01 2.0857413e+01 2.0577711e+01 2.0338721e+01 2.0179550e+01 2.0054858e+01 1.9807013e+01 1.9598293e+01 1.9430678e+01 1.9254462e+01 1.9064432e+01 1.8880642e+01 1.8726819e+01 1.8587119e+01 1.8343901e+01
2.3292328e+01 2.3275663e+01 2.3255306e+01 2.3158541e+01 2.3029808e+01 2.3002202e+01 2.2910521e+01 2.2905613e+01 2.2868208e+01 2.2715644e+01 2.2618447e+01 2.2542844e+01 2.2507101e+01 2.2361354e+01 2.2236936e+01 2.2159005e+01 2.2079602e+01 2.2002747e+01 2.1919415e+01 2.1822462e+01 2.1787616e+01 2.1710619e+01 2.1652806e+01 2.1596773e+01 2.1551429e+01 2.1491887e+01 2.1443265e+01 2.1375361e+01 2.1297193e+01 2.1201751e+01 2.1108242e+01 2.1039338e+01 2.0968612e+01 2.0927401e+01 2.0905666e+01 2.0859346e+01 2.0917336e+01 2.0731940e+01 2.0598916e+01 2.0179625e+01 2.0200668e+01 1.9974617e+01 1.9783366e+01 1.9598785e+01 1.9421141e+01 1.9245463e+01 1.9059486e+01 1.8914027e+01 1.8758555e+01 1.8585677e+01
