presentation/data/depth_0046.asc
ncols     164
nrows     146
xllcorner -1.242151388888889e+02
yllcorner  4.172986111111111e+01
cellsize  2.777777777820000e-04
nodata_value       -9999
[rows 44 to 65 of 146, columns 50 to 99 of 164]
0.0000000e+00 0.0000000e+00 0.0000000e+00 0.0000000e+00 0.0000000e+00 0.0000000e+00 0.0000000e+00 0.0000000e+00 0.0000000e+00 0.0000000e+00 0.0000000e+00 0.0000000e+00 0.0000000e+00 0.0000000e+00 0.0000000e+00 0.0000000e+00 9.6876346e-04 3.2350936e-01 3.7203705e-01 3.6923478e-01 3.6998915e-01 3.7075206e-01 3.7039384e-01 3.7216812e-01 3.7282140e-01 3.7337572e-01 3.7745411e-01 3.7444851e-01 3.7427360e-01 3.7433781e-01 3.7434046e-01 3.6576077e-01 2.8027210e-01 1.9392124e-01 1.8927041e-01 1.7828683e-01 2.0291548e-01 2.1016044e-01 2.7416822e-01 4.8992861e-01 6.4531932e-01 6.6100787e-01 6.6097713e-01 6.5872335e-01 6.6164970e-01 6.5808986e-01 6.4440083e-01 4.6863896e-01 3.5734468e-01 3.6138613e-01
0.0000000e+00 0.0000000e+00 0.0000000e+00 0.0000000e+00 0.0000000e+00 0.0000000e+00 0.0000000e+00 0.0000000e+00 0.0000000e+00 0.0000000e+00 0.0000000e+00 0.0000000e+00 0.0000000e+00 0.0000000e+00 0.0000000e+00 0.0000000e+00 0.0000000e+00 8.4698458e-04 3.1644774e-01 3.6921280e-01 3.7021126e-01 3.7099841e-01 3.6844566e-01 3.7241627e-01 3.7309245e-01 3.7361220e-01 3.7423601e-01 3.7433920e-01 3.7449817e-01 3.7447919e-01 3.6334394e-01 2.7850313e-01 1.4842599e-01 8.7882471e-02 7.3546786e-02 7.0122352e-02 6.9967668e-02 7.2556612e-02 1.8405821e-01 6.0397658e-01 6.5260960e-01 6.5065501e-01 6.5116616e-01 6.5158267e-01 6.4422449e-01 5.6939277e-01 4.4989203e-01 3.5665691e-01 3.5024628e-01 3.5291005e-01
0.0000000e+00 0.0000000e+00 0.0000000e+00 0.0000000e+00 0.0000000e+00 0.0000000e+00 0.0000000e+00 0.0000000e+00 0.0000000e+00 0.0000000e+00 0.0000000e+00 0.0000000e+00 0.0000000e+00 0.0000000e+00 0.0000000e+00 0.0000000e+00 0.0000000e+00 0.0000000e+00 0.0000000e+00 9.3479852e-04 2.6090690e-01 3.6765445e-01 3.6892169e-01 3.7268284e-01 3.7328645e-01 3.7366336e-01 3.7120076e-01 3.7382667e-01 3.6771134e-01 3.5064913e-01 2.9195083e-01 1.5022178e-01 6.3224675e-02 3.3753786e-02 2.0580210e-02 1.6025741e-02 4.5905542e-02 1.8269405e-01 4.4717073e-01 6.2362507e-01 6.4871203e-01 6.4832367e-01 6.4824200e-01 6.4613368e-01 6.3510516e-01 5.4054598e-01 3.5787723e-01 3.4590023e-01 3.4642000e-01 3.5176515e-01
0.0000000e+00 0.0000000e+00 0.0000000e+00 0.0000000e+00 0.0000000e+00 0.0000000e+00 0.0000000e+00 0.0000000e+00 0.0000000e+00 0.0000000e+00 0.0000000e+00 0.0000000e+00 0.0000000e+00 0.0000000e+00 0.0000000e+00 0.0000000e+00 0.0000000e+00 0.0000000e+00 0.0000000e+00 0.0000000e+00 0.0000000e+00 9.6821998e-04 3.0924020e-01 3.6869528e-01 3.7264771e-01 3.7210917e-01 3.4947243e-01 3.1758224e-01 2.7359322e-01 2.1060033e-01 1.2589159e-01 6.7842387e-02 3.8766322e-02 3.0990686e-02 4.5688813e-02 9.9630139e-02 1.7441309e-01 3.6894798e-01 4.7514273e-01 6.0431332e-01 6.0523041e-01 5.4529306e-01 5.1266989e-01 4.4088404e-01 4.2728296e-01 3.6727149e-01 3.4192002e-01 3.3904541e-01 3.4049578e-01 3.7557077e-01
0.0000000e+00 0.0000000e+00 0.0000000e+00 0.0000000e+00 0.0000000e+00 0.0000000e+00 0.0000000e+00 0.0000000e+00 0.0000000e+00 0.0000000e+00 0.0000000e+00 0.0000000e+00 0.0000000e+00 0.0000000e+00 0.0000000e+00 0.0000000e+00 0.0000000e+00 0.0000000e+00 0.0000000e+00 0.0000000e+00 0.0000000e+00 0.0000000e+00 9.1553751e-04 1.2593474e-02 1.7120964e-01 1.7426209e-01 9.7962631e-02 2.2853762e-02 2.9215466e-02 3.9598499e-02 4.7186636e-02 8.8246731e-02 6.7387582e-02 5.7338101e-02 1.2880941e-01 2.0930316e-01 2.5570387e-01 2.8530894e-01 3.0217348e-01 3.5029391e-01 3.7068187e-01 3.4374467e-01 3.4076637e-01 3.3841699e-01 3.3669181e-01 3.3674502e-01 3.4107244e-01 4.9842521e-01 5.2358037e-01 5.4758061e-01
0.0000000e+00 0.0000000e+00 0.0000000e+00 0.0000000e+00 0.0000000e+00 0.0000000e+00 0.0000000e+00 0.0000000e+00 0.0000000e+00 0.0000000e+00 0.0000000e+00 0.0000000e+00 0.0000000e+00 0.0000000e+00 0.0000000e+00 0.0000000e+00 0.0000000e+00 0.0000000e+00 0.0000000e+00 0.0000000e+00 0.0000000e+00 0.0000000e+00 0.0000000e+00 9.8176731e-04 9.9489636e-04 9.6034439e-04 9.7562236e-04 9.7892015e-04 9.8934327e-04 2.7961691e-02 1.7961248e-01 2.2157096e-01 2.2205584e-01 2.0944492e-01 2.3388817e-01 2.6471996e-01 2.9317396e-01 3.0881420e-01 3.1751050e-01 3.2377081e-01 3.2919606e-01 3.2655924e-01 3.2701537e-01 3.2647192e-01 3.2787484e-01 3.6294286e-01 7.2381548e-01 1.2977984e+00 1.3574365e+00 1.3052664e+00
0.0000000e+00 0.0000000e+00 0.0000000e+00 0.0000000e+00 0.0000000e+00 0.0000000e+00 0.0000000e+00 0.0000000e+00 0.0000000e+00 0.0000000e+00 0.0000000e+00 0.0000000e+00 0.0000000e+00 0.0000000e+00 0.0000000e+00 0.0000000e+00 0.0000000e+00 0.0000000e+00 0.0000000e+00 0.0000000e+00 0.0000000e+00 0.0000000e+00 0.0000000e+00 9.9813269e-04 9.9836520e-04 9.9709891e-04 9.9579112e-04 9.7443050e-04 7.3171980e-02 2.0811597e-01 2.3814862e-01 2.5068553e-01 2.5260922e-01 2.6059431e-01 2.7035883e-01 2.7912537e-01 2.9165337e-01 3.0136746e-01 3.0944583e-01 3.1652158e-01 3.2237564e-01 3.2317126e-01 3.4296181e-01 4.1650688e-01 6.5124189e-01 1.0173900e+00 1.3757015e+00 1.4279821e+00 1.3470118e+00 1.0203234e+00
0.0000000e+00 0.0000000e+00 0.0000000e+00 0.0000000e+00 0.0000000e+00 0.0000000e+00 0.0000000e+00 0.0000000e+00 0.0000000e+00 0.0000000e+00 0.0000000e+00 0.0000000e+00 0.0000000e+00 0.0000000e+00 0.0000000e+00 0.0000000e+00 0.0000000e+00 0.0000000e+00 0.0000000e+00 0.0000000e+00 0.0000000e+00 0.0000000e+00 0.0000000e+00 9.9907451e-04 9.9903462e-04 9.9806765e-04 9.8818589e-04 5.9450995e-02 1.9341301e-01 2.1221594e-01 2.2124687e-01 2.3140801e-01 2.3647900e-01 2.4566399e-01 2.5687524e-01 2.6972514e-01 2.8119095e-01 2.9373035e-01 3.0565123e-01 3.1931167e-01 6.0124223e-01 9.6077069e-01 1.0411938e+00 1.2666377e+00 1.3559985e+00 1.2919898e+00 1.0927222e+00 8.5362487e-01 5.2653185e-01 3.6483128e-01
0.0000000e+00 0.0000000e+00 0.0000000e+00 0.0000000e+00 0.0000000e+00 0.0000000e+00 0.0000000e+00 0.0000000e+00 0.0000000e+00 0.0000000e+00 0.0000000e+00 0.0000000e+00 0.0000000e+00 0.0000000e+00 0.0000000e+00 0.0000000e+00 0.0000000e+00 0.0000000e+00 0.0000000e+00 0.0000000e+00 0.0000000e+00 0.0000000e+00 9.9992808e-04 9.9427504e-04 9.9634931e-04 9.7819695e-04 2.5294338e-02 1.6276571e-01 1.8501500e-01 1.9079919e-01 1.9619341e-01 2.0081229e-01 2.0642768e-01 2.1618586e-01 2.2964489e-01 2.4932242e-01 2.6023128e-01 2.7562220e-01 2.9069513e-01 3.0630412e-01 6.1011668e-01 1.1215697e+00 1.1303808e+00 8.9388303e-01 6.2674884e-01 4.3667192e-01 3.5484074e-01 3.2754107e-01 3.2413228e-01 3.2398631e-01
0.0000000e+00 0.0000000e+00 0.0000000e+00 0.0000000e+00 0.0000000e+00 0.0000000e+00 0.0000000e+00 0.0000000e+00 0.0000000e+00 0.0000000e+00 0.0000000e+00 0.0000000e+00 0.0000000e+00 0.0000000e+00 0.0000000e+00 0.0000000e+00 0.0000000e+00 0.0000000e+00 0.0000000e+00 0.0000000e+00 0.0000000e+00 0.0000000e+00 9.6238159e-04 9.7857743e-04 9.3904118e-02 1.2964149e-01 1.4254776e-01 1.4995141e-01 1.5558438e-01 1.5642373e-01 1.5068809e-01 1.4483334e-01 1.4668602e-01 1.5502741e-01 1.6969799e-01 1.9731064e-01 2.2060463e-01 2.4434457e-01 2.6537104e-01 2.6220043e-01 2.5119262e-01 3.2561442e-01 3.4563217e-01 3.1137434e-01 3.0651616e-01 3.0809986e-01 3.0766912e-01 3.0843128e-01 3.0829700e-01 3.1231877e-01
0.0000000e+00 0.0000000e+00 0.0000000e+00 0.0000000e+00 0.0000000e+00 0.0000000e+00 0.0000000e+00 0.0000000e+00 0.0000000e+00 0.0000000e+00 0.0000000e+00 0.0000000e+00 0.0000000e+00 0.0000000e+00 0.0000000e+00 0.0000000e+00 0.0000000e+00 0.0000000e+00 0.0000000e+00 0.0000000e+00 0.0000000e+00 9.9815530e-04 9.7585878e-04 9.8365681e-04 1.2521462e-01 1.2260567e-01 1.2720098e-01 1.1886115e-01 1.0807500e-01 1.0184114e-01 1.0980992e-01 1.3782507e-01 1.8050239e-01 2.1460499e-01 1.7294677e-01 1.7992297e-01 2.1350477e-01 1.8722892e-01 1.1333678e-01 1.2009941e-01 1.3801666e-01 1.7396658e-01 2.3340809e-01 2.5046667e-01 2.6022236e-01 2.7115469e-01 2.7838297e-01 2.8473826e-01 2.8890230e-01 2.9417080e-01
0.0000000e+00 0.0000000e+00 0.0000000e+00 0.0000000e+00 0.0000000e+00 0.0000000e+00 0.0000000e+00 0.0000000e+00 0.0000000e+00 0.0000000e+00 0.0000000e+00 0.0000000e+00 0.0000000e+00 0.0000000e+00 0.0000000e+00 0.0000000e+00 0.0000000e+00 0.0000000e+00 0.0000000e+00 0.0000000e+00 0.0000000e+00 9.9759311e-04 9.9787362e-04 9.9835240e-04 1.0149962e-01 1.0046055e-01 8.4223210e-02 7.8783929e-02 6.8918322e-02 5.5642843e-02 3.9122358e-02 9.7315088e-02 1.7328525e-01 2.3462730e-01 1.2923187e-01 1.3258863e-01 1.4588750e-01 8.2240821e-02 2.6382759e-02 7.6174196e-02 1.6201131e-01 2.5921110e-01 2.4680602e-01 2.1063858e-01 2.1199723e-01 2.2732360e-01 2.4385667e-01 2.5699726e-01 2.6492881e-01 2.7811786e-01
0.0000000e+00 0.0000000e+00 0.0000000e+00 0.0000000e+00 0.0000000e+00 0.0000000e+00 0.0000000e+00 0.0000000e+00 0.0000000e+00 0.0000000e+00 0.0000000e+00 0.0000000e+00 0.0000000e+00 0.0000000e+00 0.0000000e+00 0.0000000e+00 0.0000000e+00 0.0000000e+00 0.0000000e+00 0.0000000e+00 9.9865818e-04 9.9950584e-04 9.9731181e-04 9.9907887e-04 9.2538416e-03 4.5405392e-02 6.4969224e-02 2.8604642e-02 1.3105800e-01 2.1123597e-01 2.5216481e-01 3.4167458e-01 4.0414591e-01 4.1881302e-01 2.5545111e-01 1.7158376e-01 1.0129253e-01 1.3842489e-01 3.5504200e-01 8.3928357e-01 1.1392678e+00 1.1286126e+00 9.7885537e-01 7.0946230e-01 4.3565668e-01 2.7296518e-01 2.4553320e-01 2.4353261e-01 2.4647661e-01 2.5303184e-01
0.0000000e+00 0.0000000e+00 0.0000000e+00 0.0000000e+00 0.0000000e+00 0.0000000e+00 0.0000000e+00 0.0000000e+00 0.0000000e+00 0.0000000e+00 0.0000000e+00 0.0000000e+00 0.0000000e+00 0.0000000e+00 0.0000000e+00 0.0000000e+00 0.0000000e+00 0.0000000e+00 0.0000000e+00 0.0000000e+00 9.9852659e-04 9.9982108e-04 9.9998260e-04 9.9998401e-04 9.9711403e-04 2.6780006e-02 6.2999718e-02 2.5027983e-01 5.1268230e-01 6.5446676e-01 6.9650725e-01 5.9490018e-01 5.9557913e-01 6.4656746e-01 5.9059589e-01 5.6899129e-01 4.1221582e-01 5.3205674e-01 1.0240820e+00 1.2111915e+00 1.0681576e+00 1.1560394e+00 1.3534298e+00 1.4353667e+00 1.2522460e+00 1.0025970e+00 8.1425062e-01 6.6242321e-01 5.9194027e-01 5.7687408e-01
0.0000000e+00 0.0000000e+00 0.0000000e+00 0.0000000e+00 0.0000000e+00 0.0000000e+00 0.0000000e+00 0.0000000e+00 0.0000000e+00 0.0000000e+00 0.0000000e+00 0.0000000e+00 0.0000000e+00 0.0000000e+00 0.0000000e+00 0.0000000e+00 0.0000000e+00 0.0000000e+00 0.0000000e+00 9.9885409e-04 9.9934248e-04 9.9974309e-04 9.9927710e-04 9.9905350e-04 2.4956840e-03 1.5662165e-02 2.4892381e-01 5.5027893e-01 9.0592550e-01 1.0332946e+00 1.0928499e+00 1.1783771e+00 1.0648903e+00 1.0242649e+00 9.9549985e-01 8.5350901e-01 7.3152422e-01 9.3854430e-01 9.7591642e-01 4.1946994e-01 2.8576851e-01 3.2599751e-01 5.9938870e-01 9.9357327e-01 1.3089679e+00 1.4453689e+00 1.4963827e+00 1.4747516e+00 1.4514719e+00 1.4298948e+00
0.0000000e+00 0.0000000e+00 0.0000000e+00 0.0000000e+00 0.0000000e+00 0.0000000e+00 0.0000000e+00 0.0000000e+00 0.0000000e+00 0.0000000e+00 0.0000000e+00 0.0000000e+00 0.0000000e+00 0.0000000e+00 0.0000000e+00 0.0000000e+00 0.0000000e+00 0.0000000e+00 0.0000000e+00 9.9859336e-04 9.9945290e-04 9.9870020e-04 9.9903740e-04 9.6987000e-04 3.2199732e-03 9.8626527e-03 3.2018781e-01 7.0249093e-01 1.0689285e+00 1.2563600e+00 1.4523232e+00 1.5863489e+00 1.6696641e+00 1.5244899e+00 1.3354049e+00 1.3341467e+00 9.5307612e-01 9.8617508e-01 4.3128856e-01 7.8076254e-02 9.6795874e-02 1.5129386e-01 1.9356867e-01 3.0577805e-01 4.4723529e-01 6.4239464e-01 8.5256411e-01 1.0099919e+00 1.0955135e+00 1.1355354e+00
0.0000000e+00 0.0000000e+00 0.0000000e+00 0.0000000e+00 0.0000000e+00 0.0000000e+00 0.0000000e+00 0.0000000e+00 0.0000000e+00 0.0000000e+00 0.0000000e+00 0.0000000e+00 0.0000000e+00 0.0000000e+00 0.0000000e+00 0.0000000e+00 0.0000000e+00 0.0000000e+00 9.9989469e-04 9.9920650e-04 9.9818987e-04 9.9966014e-04 9.9917470e-04 9.8933971e-04 9.6583810e-04 2.0471064e-01 5.8468388e-01 1.0609464e+00 1.5386125e+00 1.6890975e+00 1.7366375e+00 1.7418463e+00 1.7375895e+00 1.7288065e+00 1.6959265e+00 1.3746768e+00 1.0307185e+00 1.0307765e+00 4.5444460e-01 7.6039714e-02 1.7801929e-01 2.1631881e-01 2.2285607e-01 2.3750127e-01 2.4890180e-01 2.7180160e-01 3.1750851e-01 3.4705708e-01 4.4546859e-01 5.0699946e-01
0.0000000e+00 0.0000000e+00 0.0000000e+00 0.0000000e+00 0.0000000e+00 0.0000000e+00 0.0000000e+00 0.0000000e+00 0.0000000e+00 0.0000000e+00 0.0000000e+00 0.0000000e+00 0.0000000e+00 0.0000000e+00 0.0000000e+00 0.0000000e+00 0.0000000e+00 9.9888492e-04 9.9880953e-04 9.9890817e-04 9.9761885e-04 9.9913438e-04 9.9970381e-04 9.9152108e-04 9.7958515e-02 5.3685410e-01 1.0404452e+00 1.5442497e+00 1.7460122e+00 1.7599182e+00 1.7626207e+00 1.7629357e+00 1.7582981e+00 1.7493716e+00 1.6797335e+00 1.3188529e+00 1.1513587e+00 9.7259958e-01 4.2117323e-01 8.3787317e-02 1.8744543e-01 2.3764527e-01 2.2661227e-01 2.3750442e-01 2.4046643e-01 2.7575184e-01 3.0592631e-01 3.5632825e-01 3.7216919e-01 3.9223739e-01
0.0000000e+00 0.0000000e+00 0.0000000e+00 0.0000000e+00 0.0000000e+00 0.0000000e+00 0.0000000e+00 0.0000000e+00 0.0000000e+00 0.0000000e+00 0.0000000e+00 0.0000000e+00 0.0000000e+00 0.0000000e+00 0.0000000e+00 0.0000000e+00 9.9912844e-04 9.9943958e-04 9.9980414e-04 9.9937883e-04 9.9438580e-04 9.9979183e-04 9.6338434e-04 9.6685258e-04 3.9651016e-01 1.0329584e+00 1.5640192e+00 1.7981030e+00 1.8300925e+00 1.8585152e+00 1.8836809e+00 1.9034784e+00 1.9139804e+00 1.9223040e+00 1.8543875e+00 1.7191536e+00 1.4737775e+00 1.0079137e+00 3.2299561e-01 8.5584362e-02 1.6139396e-01 1.6290863e-01 1.6637934e-01 1.6247390e-01 1.7919283e-01 2.1473587e-01 2.2067286e-01 2.4836282e-01 2.7262171e-01 3.0817719e-01
0.0000000e+00 0.0000000e+00 0.0000000e+00 0.0000000e+00 0.0000000e+00 0.0000000e+00 0.0000000e+00 0.0000000e+00 0.0000000e+00 0.0000000e+00 0.0000000e+00 0.0000000e+00 0.0000000e+00 0.0000000e+00 0.0000000e+00 9.9850691e-04 9.9896472e-04 9.9431123e-04 9.9595679e-04 9.9977126e-04 1.5940145e-03 1.4833334e-03 9.8179283e-04 1.1532525e-01 5.9691069e-01 1.3595433e+00 1.8687730e+00 1.9111036e+00 1.9485223e+00 1.9859421e+00 2.0185041e+00 2.0493305e+00 2.0576838e+00 2.0532954e+00 2.0298145e+00 1.9863816e+00 1.5908307e+00 9.8311912e-01 3.6205950e-01 5.2726544e-02 1.0787166e-01 9.9789733e-02 1.1281331e-01 1.4917425e-01 1.7637391e-01 1.9394279e-01 2.1062823e-01 2.2562356e-01 2.3808734e-01 2.5168437e-01
0.0000000e+00 0.0000000e+00 0.0000000e+00 0.0000000e+00 0.0000000e+00 0.0000000e+00 0.0000000e+00 0.0000000e+00 0.0000000e+00 0.0000000e+00 0.0000000e+00 0.0000000e+00 0.0000000e+00 0.0000000e+00 0.0000000e+00 9.9927604e-04 9.9709243e-04 1.0586219e-03 1.9055947e-03 1.3859876e-03 1.5527161e-03 1.5887019e-03 9.6195553e-04 4.4330184e-01 9.2749658e-01 1.3654406e+00 1.7096066e+00 1.9446371e+00 2.0393403e+00 2.0454345e+00 2.0716822e+00 1.9242425e+00 1.7191940e+00 2.8191687e+00 2.2398592e+00 1.9420174e+00 1.4907433e+00 1.0450558e+00 5.9051518e-01 7.9889850e-02 7.5593076e-02 1.0974729e-01 1.6644247e-01 2.0504239e-01 2.4070742e-01 2.6424288e-01 2.8820946e-01 3.0796282e-01 3.2081658e-01 3.2585013e-01
0.0000000e+00 0.0000000e+00 0.0000000e+00 0.0000000e+00 0.0000000e+00 0.0000000e+00 0.0000000e+00 0.0000000e+00 0.0000000e+00 0.0000000e+00 0.0000000e+00 0.0000000e+00 0.0000000e+00 0.0000000e+00 0.0000000e+00 9.9852299e-04 9.9936672e-04 9.9731989e-04 9.9991441e-04 2.1091694e-03 1.6830685e-03 9.9561417e-04 5.5045849e-02 6.9089422e-01 1.0010687e+00 1.1027897e+00 1.1294592e+00 1.4549348e+00 1.5694759e+00 1.3440724e+00 1.2916243e+00 1.5747725e+00 3.6890797e+00 4.0423089e+00 1.5724043e+00 1.7128581e+00 1.4301646e+00 1.1010605e+00 7.3469900e-01 4.5326302e-01 3.7441958e-01 4.1079424e-01 4.4156611e-01 4.7154269e-01 4.9828775e-01 5.1636990e-01 5.2818010e-01 5.3458184e-01 5.3380458e-01 5.2716886e-01
