presentation/data/depth_0023.asc
ncols     164
nrows     146
xllcorner -1.242151388888889e+02
yllcorner  4.172986111111111e+01
cellsize  2.777777777820000e-04
nodata_value       -9999
[rows 66 to 87 of 146, columns 100 to 149 of 164]
3.8328519e-01 4.0542870e-01 4.1522316e-01 4.3415031e-01 4.4911142e-01 4.5911129e-01 4.7553171e-01 4.9364584e-01 5.0148168e-01 4.6691261e-01 4.0431087e-01 3.3584800e-01 2.4642521e-01 1.3900122e-01 3.9725636e-02 3.3659189e-02 4.0447636e-02 3.5672929e-02 3.3363686e-02 3.4182218e-02 3.1977559e-02 2.7012019e-02 3.1513409e-02 3.1071243e-02 2.2105007e-02 1.6862525e-02 1.5941743e-02 1.3139280e-02 1.0501397e-02 8.9288299e-03 8.2450046e-03 7.8107341e-03 7.4169176e-03 7.4456874e-03 7.0409029e-03 6.7307575e-03 6.5158866e-03 5.5286690e-03 4.5080223e-03 4.0952794e-03 3.9243343e-03 3.9076523e-03 3.7000832e-03 3.6325758e-03 3.2613581e-03 2.4492507e-03 1.7336298e-03 1.1140819e-03 9.9957594e-04 9.9986276e-04
1.7321785e-01 1.9703018e-01 1.8858024e-01 2.2336233e-01 2.9245627e-01 3.4501823e-01 3.6741111e-01 3.9090248e-01 3.9984341e-01 3.6881961e-01 2.7039889e-01 1.3525988e-01 9.3398080e-02 2.9103694e-02 4.1062009e-02 3.4973361e-02 3.1794713e-02 2.5409637e-02 1.7345404e-02 1.9827115e-02 1.9364080e-02 1.7986319e-02 1.2559462e-02 8.8308127e-03 1.1766397e-02 1.2440866e-02 8.3449578e-03 6.2845159e-03 4.6776293e-03 7.1722410e-03 8.8527296e-03 9.5173600e-03 9.2384208e-03 6.4582510e-03 2.9552576e-03 1.3067581e-02 2.9945408e-03 8.7850099e-03 3.6366316e-03 4.8872538e-03 5.0336495e-03 5.2618784e-03 4.7673075e-03 4.5907328e-03 4.0401733e-03 3.2898126e-03 2.6182015e-03 2.1386924e-03 1.7667605e-03 1.5581959e-03
1.8165070e-01 1.7902086e-01 1.7675313e-01 2.1988417e-01 2.1692621e-01 2.0208039e-01 1.7915510e-01 1.7453068e-01 1.9628824e-01 1.7486900e-01 8.8833105e-02 8.3788866e-02 2.0074923e-02 3.4901930e-02 4.8181828e-02 6.4305989e-02 7.0681467e-02 7.4058824e-02 5.8574236e-02 4.1415572e-02 3.4479307e-02 5.1420683e-02 3.2295902e-02 1.8900239e-02 8.4150689e-03 1.0249199e-02 1.0770488e-02 4.1427855e-03 6.0198668e-03 1.0212713e-03 1.0121179e-03 9.9723981e-04 1.0112159e-03 9.8773962e-04 1.7074891e-03 4.8459154e-03 9.9573936e-04 3.9424955e-03 2.6656348e-03 5.9588878e-03 6.8259037e-03 6.7994524e-03 5.7987005e-03 5.2222472e-03 4.4594448e-03 3.9544790e-03 3.4817081e-03 3.1229405e-03 2.8270068e-03 2.6326724e-03
1.7143607e-01 1.7125138e-01 1.6172088e-01 1.8342430e-01 1.9659472e-01 1.6621588e-01 1.6406257e-01 1.3454813e-01 1.2370379e-01 8.9985837e-02 4.7394403e-02 3.0354480e-02 3.6900877e-02 5.5716356e-02 7.8641659e-02 1.0028523e-01 1.1821185e-01 1.2709335e-01 1.4881124e-01 1.8210824e-01 1.7705747e-01 2.1537779e-01 2.3113888e-01 2.3520175e-01 2.6787276e-01 2.5129828e-01 2.7474893e-01 2.9294183e-01 3.1145218e-01 2.8170568e-01 3.0070291e-01 2.7020802e-01 2.1917479e-01 1.6703405e-01 1.0919400e-01 9.7636290e-02 8.8006440e-02 5.6912286e-02 2.8164947e-02 1.0130616e-03 1.4050973e-03 3.5196610e-03 6.4931322e-03 6.0353982e-03 5.2948289e-03 4.9029611e-03 4.4462420e-03 4.2986656e-03 4.2579237e-03 4.0139388e-03
3.5751661e-01 3.3125597e-01 2.8956804e-01 2.5878553e-01 2.3349035e-01 1.8962102e-01 1.8736551e-01 1.4172466e-01 4.5939776e-02 5.0297551e-02 3.8012960e-02 3.8029753e-02 4.8588198e-02 6.3096555e-02 7.7270394e-02 1.0547620e-01 1.4101766e-01 1.8893321e-01 2.5931927e-01 3.5580816e-01 4.1714486e-01 4.8235104e-01 5.3901282e-01 5.8068300e-01 5.8604214e-01 5.8740382e-01 6.1834244e-01 6.5490624e-01 6.7919697e-01 6.9102687e-01 6.6314240e-01 6.5256008e-01 6.1951172e-01 5.3439307e-01 4.7357669e-01 4.6104388e-01 4.3089689e-01 4.3853749e-01 3.7150095e-01 2.2190782e-01 1.4375026e-01 6.0319037e-02 1.2432431e-03 2.5632347e-03 5.7258985e-03 6.2671327e-03 5.8800856e-03 5.7073921e-03 5.7565891e-03 5.2627025e-03
4.0249128e-01 3.4606549e-01 2.5795352e-01 2.0382386e-01 1.7842236e-01 1.6526659e-01 1.6099950e-01 1.4949471e-01 1.5591045e-01 1.3790741e-01 5.1730179e-02 3.2064317e-02 4.7736483e-02 8.7658770e-02 9.0696423e-02 1.3821158e-01 1.9601187e-01 2.8036430e-01 3.8668894e-01 5.2898948e-01 6.5277814e-01 7.2523886e-01 8.0590790e-01 8.3063195e-01 8.2068900e-01 8.5936492e-01 9.0274150e-01 9.3741086e-01 9.5738856e-01 9.5857570e-01 9.3772565e-01 9.4265379e-01 9.0456101e-01 8.3552977e-01 8.3049283e-01 8.5208564e-01 8.1356906e-01 7.8752467e-01 6.8207795e-01 5.8097152e-01 5.0020543e-01 3.8463849e-01 2.8170183e-01 1.2134747e-01 1.7126141e-02 1.0264034e-03 4.1704911e-03 7.0706440e-03 7.0340661e-03 6.3725338e-03
3.7272866e-01 3.7401398e-01 2.8265635e-01 1.5398565e-01 1.5865247e-01 2.5856253e-01 2.5413258e-01 1.3442380e-01 1.0281441e-01 1.8362835e-01 1.4114331e-01 4.6820669e-02 6.6022964e-02 9.6414634e-02 1.2997560e-01 1.7935334e-01 2.8048456e-01 4.0486997e-01 4.8223815e-01 5.7908529e-01 6.2629578e-01 7.2776730e-01 8.4388464e-01 9.1998956e-01 9.6046448e-01 9.9778308e-01 1.0465205e+00 1.0740893e+00 1.1080128e+00 1.1358193e+00 1.1763288e+00 1.1361096e+00 1.0435473e+00 1.1321445e+00 1.1957815e+00 1.2211859e+00 1.1899445e+00 1.0978841e+00 9.8935500e-01 8.9213751e-01 7.7181589e-01 6.7633610e-01 5.6534143e-01 4.4775556e-01 3.3289811e-01 2.1788392e-01 4.7493423e-02 1.6810782e-03 7.9163433e-03 7.4278188e-03
2.7766795e-01 2.9873773e-01 2.9402215e-01 1.3166866e-01 1.0121252e-01 1.7348724e-01 2.1990059e-01 2.1045305e-01 1.5252547e-01 1.3932338e-01 1.1242767e-01 2.8226585e-01 1.6380336e+00 5.3450484e-02 3.1687874e-01 4.0429410e-01 4.6385855e-01 4.9135052e-01 5.1628557e-01 4.2056443e-01 4.0329566e-01 3.7510639e-01 5.3441818e-01 7.0016256e-01 8.2901715e-01 7.8959316e-01 7.5827029e-01 7.9802389e-01 9.1267006e-01 1.0151347e+00 1.1027832e+00 1.1985600e+00 1.3052880e+00 1.4103590e+00 1.4510022e+00 1.4586389e+00 1.4433796e+00 1.3604794e+00 1.2660058e+00 1.1773805e+00 1.0654268e+00 9.5339968e-01 8.4768629e-01 7.2972849e-01 6.2532295e-01 4.7184883e-01 3.0158057e-01 8.9257688e-02 2.5446694e-03 8.0585933e-03
1.2264421e+00 4.5858570e-01 1.8381059e-01 6.8223258e-02 9.8461375e-04 9.8484769e-04 9.7378426e-04 2.3244853e-02 8.1993206e-02 2.8206982e-02 1.2753686e+00 3.8878665e+00 4.3342777e+00 2.8270085e+00 3.0387094e-01 4.0776098e-01 5.3641745e-01 5.7128688e-01 3.6172655e-01 1.4533757e-01 8.9693372e-02 8.4915016e-02 1.6717626e-01 2.8221541e-01 3.3209591e-01 3.0791684e-01 2.7586755e-01 3.2808639e-01 4.4785748e-01 5.8356551e-01 7.9423745e-01 1.1305934e+00 1.4866931e+00 1.5912298e+00 1.6357621e+00 1.6427188e+00 1.5975498e+00 1.5661401e+00 1.4879653e+00 1.4134405e+00 1.3213787e+00 1.2435585e+00 1.1498319e+00 1.0364030e+00 8.5742568e-01 6.1124434e-01 4.2176367e-01 1.7836501e-01 1.0112409e-03 5.6876208e-03
3.8002591e+00 2.7684107e+00 9.1507681e-01 3.9533979e-01 3.2661224e-03 9.8657804e-04 9.8673166e-04 9.3767712e-04 1.0526582e-03 2.3340443e+00 4.2655475e+00 4.4599825e+00 4.5031589e+00 4.5981267e+00 4.4063233e+00 1.4142561e+00 1.5305525e-01 3.7664293e-01 1.1335197e-01 6.2516374e-02 5.4550454e-02 3.5612099e-02 5.8054998e-02 1.1308059e-01 1.2690130e-01 1.4064088e-01 8.6180818e-02 8.2162194e-02 1.6403636e-01 3.1025847e-01 6.2716550e-01 1.0794921e+00 1.5798571e+00 1.8147666e+00 1.8225197e+00 1.7979864e+00 1.7941266e+00 1.7152735e+00 1.6634501e+00 1.5929773e+00 1.5200500e+00 1.4469367e+00 1.3609372e+00 1.2268082e+00 9.6157148e-01 6.5830366e-01 4.2147953e-01 2.0057169e-01 3.3069493e-02 9.8019357e-04
4.4420977e+00 4.3332393e+00 3.3816549e+00 1.4935528e+00 7.4928881e-01 8.2496094e-04 8.2398764e-04 9.6767127e-04 3.8891848e+00 4.6306378e+00 4.7282572e+00 4.8346773e+00 4.9159193e+00 5.0242385e+00 4.9868478e+00 3.8871002e+00 2.4251483e+00 1.3401128e-01 3.2399855e-02 1.1461112e-01 1.9023860e-01 3.6604123e-01 2.7893154e-01 3.2828888e-01 5.1005650e-01 5.1227416e-01 3.3465843e-01 2.5463305e-01 2.0271962e-01 2.5864913e-01 5.0268286e-01 9.6164730e-01 1.5649027e+00 1.9856024e+00 2.1173036e+00 2.0758710e+00 1.9824475e+00 1.8957589e+00 1.8152362e+00 1.7348484e+00 1.6532517e+00 1.5561308e+00 1.4394608e+00 1.2734559e+00 1.0198980e+00 7.3750914e-01 4.7864970e-01 3.0151084e-01 2.0516837e-01 2.0029038e-01
4.7028000e+00 4.3467949e+00 4.0327290e+00 3.4249222e+00 1.4404079e+00 8.8820612e-04 7.6586400e-04 3.6580246e+00 4.6661049e+00 4.7611872e+00 4.8671936e+00 4.9471833e+00 5.0486222e+00 5.2590330e+00 5.3494337e+00 5.1085173e+00 5.2862149e+00 3.2164384e+00 8.0833934e-02 1.9899197e-01 2.1933197e-01 3.7748798e-01 4.3415773e-01 6.4363093e-01 9.1868243e-01 9.6439478e-01 7.0747690e-01 7.3935328e-01 4.6945001e-01 3.5297330e-01 4.4924169e-01 7.4958949e-01 1.3763340e+00 2.0148358e+00 2.3349159e+00 2.3761618e+00 2.2286103e+00 2.0747679e+00 1.9761623e+00 1.8728178e+00 1.7314900e+00 1.5924279e+00 1.4722148e+00 1.3169293e+00 1.0704919e+00 8.2859249e-01 6.1106959e-01 4.9460455e-01 4.3837758e-01 5.3308462e-01
5.1489932e+00 4.9083440e+00 4.2264143e+00 3.3212926e+00 4.3066065e-01 4.2052666e-01 4.1572021e+00 4.5647979e+00 4.4544751e+00 4.3482851e+00 4.4869227e+00 4.6237299e+00 5.0129767e+00 5.2399150e+00 5.3659128e+00 5.3150587e+00 5.0042755e+00 2.1229598e+00 3.3331483e-02 1.4766746e-01 1.3850418e-01 1.7975347e-01 5.3440779e-01 6.3770386e-01 7.1137875e-01 6.5048145e-01 1.0347844e+00 8.7407949e-01 8.0065265e-01 7.3491875e-01 5.7598247e-01 6.3660011e-01 1.2130019e+00 1.9725701e+00 2.4032018e+00 2.5542711e+00 2.4516890e+00 2.2700857e+00 2.1149548e+00 2.0208480e+00 1.8542846e+00 1.6796764e+00 1.5019247e+00 1.3431740e+00 1.1023034e+00 9.5394658e-01 8.4988998e-01 7.7622382e-01 8.3230925e-01 9.1110738e-01
5.3758064e+00 5.1536729e+00 2.8206807e+00 5.1565143e-01 1.5939946e+00 4.5315157e+00 4.6515436e+00 4.4866701e+00 4.3579314e+00 4.1893800e+00 4.0381636e+00 4.4337887e+00 5.0499525e+00 5.1713920e+00 5.4204225e+00 4.7385184e+00 8.9100542e-01 9.8452620e-03 3.6117926e-02 3.8727228e-02 1.4850833e-01 4.9228298e-01 6.3160610e-01 6.8502801e-01 7.8086387e-01 6.8900679e-01 4.6346285e-01 4.1351347e-01 1.1661141e+00 1.0634618e+00 9.8074317e-01 8.5812726e-01 1.2469636e+00 1.8987070e+00 2.3197825e+00 2.5084744e+00 2.5581982e+00 2.4656482e+00 2.3422709e+00 2.2231883e+00 2.0444156e+00 1.8203181e+00 1.6064383e+00 1.3851685e+00 1.2314626e+00 1.1028245e+00 1.0966714e+00 1.1157151e+00 1.1366217e+00 1.1750449e+00
5.8132318e+00 4.2452019e+00 5.1032519e-01 2.6295444e-01 3.4438378e+00 4.6988481e+00 4.3416868e+00 4.2604107e+00 4.2013930e+00 4.2366181e+00 4.7495360e+00 4.6693932e+00 4.4575423e+00 4.6971713e+00 3.4475397e+00 2.0259010e-01 2.8710806e-02 6.3103120e-02 2.0587352e-01 3.3338434e-01 8.0534340e-01 6.4549591e-01 9.1680513e-01 8.0682701e-01 7.9608041e-01 6.7836655e-01 3.3854467e-01 5.6757937e-01 4.2228152e-01 1.2017211e+00 1.2506151e+00 1.2390430e+00 1.3866710e+00 1.7767919e+00 2.1176530e+00 2.3345714e+00 2.4474722e+00 2.4798164e+00 2.4711091e+00 2.4038644e+00 2.2545467e+00 2.0045330e+00 1.7214451e+00 1.5179365e+00 1.3691343e+00 1.3050388e+00 1.3177153e+00 1.3223670e+00 1.3394266e+00 1.3448974e+00
6.1574914e+00 5.6994749e+00 4.7408713e+00 1.5050393e+00 4.5169531e-01 2.6497620e+00 4.1962934e+00 4.0503523e+00 4.5151092e+00 4.7924627e+00 4.7997573e+00 4.6069119e+00 4.0699060e+00 2.6690414e+00 1.0027018e-03 7.7407746e-03 1.1095405e-02 1.9424020e-02 1.0277655e+00 1.4133437e+00 1.0558450e+00 4.9996050e-01 9.0388367e-01 8.8094591e-01 6.6275699e-01 4.6995374e-01 5.6233545e-01 4.2817789e-01 6.4707365e-01 1.0208522e+00 1.2741457e+00 1.2390816e+00 1.2838305e+00 1.5380920e+00 1.9446406e+00 2.1595059e+00 2.1863474e+00 2.1492503e+00 2.1023573e+00 2.1348771e+00 2.1559531e+00 2.0546295e+00 1.8662870e+00 1.6090321e+00 1.4491083e+00 1.4126312e+00 1.4244153e+00 1.4290855e+00 1.4264525e+00 1.4078349e+00
6.2674720e+00 6.1125061e+00 5.8962826e+00 5.8637806e+00 3.9029490e+00 1.7335437e-01 1.4428322e+00 4.2450425e+00 4.7134058e+00 4.5366342e+00 4.8033565e+00 4.4756360e+00 1.5672990e+00 9.1621447e-04 1.8174567e-02 9.6237966e-04 4.3470206e-02 6.1005357e-01 1.3023294e+00 1.5395249e+00 1.5604726e+00 1.0463147e+00 7.5865235e-01 7.1429914e-01 3.3528321e-01 4.4978848e-01 3.8911095e-01 4.0660830e-01 4.1379370e-01 8.7854499e-01 5.9668520e-01 1.0094326e+00 1.2131466e+00 1.2874519e+00 1.7886657e+00 1.9667190e+00 1.7744818e+00 1.4767911e+00 1.3328631e+00 1.4061575e+00 1.5474757e+00 1.6706553e+00 1.7770148e+00 1.7553105e+00 1.5530734e+00 1.3898684e+00 1.4154174e+00 1.4296266e+00 1.4293903e+00 1.4094039e+00
6.2248964e+00 6.2214229e+00 6.2493990e+00 5.9184522e+00 5.1989460e+00 5.2672366e+00 1.0242166e+00 5.0749551e-01 3.6473801e+00 4.5838531e+00 4.9789363e+00 3.6219209e+00 4.9220818e-04 2.8651055e-03 2.7634913e-02 1.1384044e-01 7.8502955e-01 1.2030174e+00 1.2654855e+00 1.2984590e+00 7.3301884e-01 7.5861988e-01 5.3066146e-01 3.8949863e-01 2.4051646e-01 8.8715420e-02 3.5796831e-01 1.1690851e-01 3.4298948e-02 1.9664958e-01 4.3987038e-01 6.0712048e-01 8.7510691e-01 1.0947196e+00 1.4269837e+00 1.5945765e+00 1.2192012e+00 8.1819234e-01 6.3332774e-01 6.3069868e-01 7.6666950e-01 9.7312243e-01 1.2784744e+00 1.5168788e+00 1.4573260e+00 1.1353164e+00 1.1361835e+00 1.3249538e+00 1.3964327e+00 1.4172799e+00
6.3672549e+00 6.3600044e+00 6.5511930e+00 6.3012966e+00 5.5512373e+00 5.5294822e+00 4.8047902e+00 1.2583023e+00 1.9831356e-01 2.4751390e+00 3.9011802e+00 5.2014597e+00 2.1900495e+00 1.0100856e-01 1.4664838e-01 5.5428973e-01 1.2879898e+00 1.2666365e+00 1.3734275e+00 1.7553023e+00 8.5219949e-04 0.0000000e+00 9.9811067e-04 4.2078791e-01 2.9630500e-01 3.6834969e-02 1.7445187e-01 9.8865056e-02 9.1315213e-02 2.7738853e-01 4.0591131e-01 1.5951932e-01 5.0930863e-02 4.7729256e-01 8.1649519e-01 1.1061584e+00 9.2733928e-01 6.4000161e-01 4.1470617e-01 2.5292956e-01 2.6294983e-01 4.7170972e-01 7.1641154e-01 9.5487446e-01 1.0455575e+00 8.5076305e-01 7.0365888e-01 7.9335655e-01 9.9424768e-01 1.2482403e+00
6.5649395e+00 6.5082774e+00 6.6603494e+00 6.7005593e+00 6.4072568e+00 6.0850222e+00 6.0402053e+00 5.4570456e+00 3.0707354e+00 8.6964787e-03 3.2032356e+00 4.7641344e+00 3.7987190e+00 5.2411024e-01 5.1190016e-01 7.5403252e-01 1.0169458e+00 1.0268152e+00 1.2811600e+00 1.2324991e+00 9.5262060e-04 0.0000000e+00 7.6158730e-01 7.4053424e-01 4.5645462e-01 2.5630739e-01 9.6128057e-02 1.8467221e-01 1.6986303e-01 3.5186004e-01 2.9360124e-01 2.7657678e-01 2.2484849e-01 5.1407912e-02 2.5938194e-01 8.5079073e-01 8.0777088e-01 7.8471468e-01 5.9549520e-01 2.3256961e-01 2.3389405e-01 3.8061198e-01 4.5973525e-01 4.7890415e-01 5.6267330e-01 6.0683579e-01 5.3339494e-01 4.9476373e-01 6.3538305e-01 8.5074054e-01
6.6278235e+00 6.4658816e+00 6.5775899e+00 6.7163155e+00 6.3854390e+00 6.1948043e+00 5.7456302e+00 3.8413371e+00 2.9482796e+00 2.5990853e+00 5.5903228e+00 6.2132474e+00 2.1021150e+00 7.3265916e-02 2.3221943e-01 3.8813601e-01 7.2943459e-01 6.9805458e-01 6.2660584e-01 7.9259990e-01 8.3636445e-01 3.6913702e-01 3.5888749e-01 4.5172672e-01 5.7536255e-01 4.3086154e-01 3.9508254e-02 9.0061592e-04 1.2172121e-01 3.7417792e-01 3.6983070e-01 3.2249733e-01 2.8731879e-01 1.4993201e-01 4.7722501e-01 7.2911557e-01 9.8463045e-01 6.1187666e-01 5.5600199e-01 4.0662772e-01 6.0993682e-01 5.6532314e-01 4.6121502e-01 3.0315600e-01 2.3013280e-01 2.7880985e-01 5.0339209e-01 6.5363028e-01 7.7550234e-01 8.5833116e-01
6.5045343e+00 5.9456812e+00 5.4968508e+00 5.9755440e+00 5.5072377e+00 4.2981113e+00 3.2894385e+00 2.4800805e+00 2.7323650e+00 3.4878062e+00 5.5412622e+00 4.5901892e+00 2.0009764e-03 1.1145035e-01 1.7161623e-01 1.0498437e-01 8.3491804e-01 5.6470471e-01 3.1293514e-01 4.5001367e-01 6.0126292e-01 3.1731630e-01 5.2929258e-01 4.5558639e-01 5.8501154e-01 6.4517238e-01 6.6923790e-01 1.1299621e-01 8.1315134e-02 1.9063738e-01 2.7322995e-01 1.7549591e-01 6.3982162e-03 9.7334421e-02 2.4969467e-01 6.7868660e-02 7.5977201e-01 1.0532520e-01 3.3505763e-01 4.3260258e-01 6.3325057e-01 8.2359372e-01 4.6330694e-01 3.3220534e-01 2.1740344e-01 9.1132598e-04 7.5863307e-02 1.0364205e+00 1.0102088e+00 1.0995250e+00
