presentation/data/depth_0013.asc
ncols     164
nrows     146
xllcorner -1.242151388888889e+02
yllcorner  4.172986111111111e+01
cellsize  2.777777777820000e-04
nodata_value       -9999
[rows 88 to 109 of 146, columns 50 to 99 of 164]
8.4678779e-03 5.5155475e-02 1.0468144e-02 2.9280605e-03 6.4693657e-01 8.5907376e-01 3.9436833e+00 5.6239362e+00 5.7744784e+00 5.7591178e+00 5.9119942e+00 6.1858701e+00 6.5251693e+00 6.7999570e+00 7.0086237e+00 7.0873738e+00 7.3534505e+00 7.7856528e+00 7.9920145e+00 8.2503115e+00 8.2606381e+00 8.5108691e+00 8.6170755e+00 8.5600348e+00 8.7376135e+00 8.6458950e+00 8.7635132e+00 8.2749795e+00 7.0802458e+00 8.1711786e+00 8.5194913e+00 8.0798390e+00 8.2206538e+00 8.4651133e+00 8.5603988e+00 8.4341753e+00 8.5157530e+00 8.5536044e+00 8.4958874e+00 8.3733889e+00 8.3815402e+00 8.2979121e+00 8.1627825e+00 8.0787940e+00 8.0555728e+00 8.0206301e+00 8.1946507e+00 7.2879244e+00 7.2885256e+00 7.9117497e+00
1.1001014e-03 1.5098828e-02 1.1117340e-02 1.2745961e-02 9.4525622e-02 4.6799093e-01 8.8778755e-01 3.3534140e+00 5.6168872e+00 5.9898593e+00 6.0558490e+00 6.2349030e+00 6.5365974e+00 7.0700467e+00 7.2389539e+00 7.3819373e+00 7.6549053e+00 7.7992033e+00 7.7746089e+00 8.1652736e+00 8.5817123e+00 8.7556428e+00 8.6621790e+00 8.5954245e+00 8.6457278e+00 8.1441486e+00 7.6780231e+00 7.4790468e+00 7.2158569e+00 7.7965109e+00 8.2848355e+00 8.4548740e+00 8.5462255e+00 8.6327100e+00 8.7082549e+00 8.7096132e+00 8.6853271e+00 8.7523726e+00 8.7312809e+00 8.6825855e+00 8.6160991e+00 8.5279985e+00 8.4793717e+00 8.3206455e+00 8.1902977e+00 8.1147946e+00 8.1748235e+00 7.6934338e+00 7.3611025e+00 7.3770229e+00
1.5097030e+00 1.2132996e+00 3.4753702e-01 1.0792098e-01 2.7199228e-03 2.2202081e-01 7.0730714e-01 7.8122730e-01 3.1179846e+00 5.8194339e+00 6.2027489e+00 6.2349990e+00 6.4383489e+00 6.7893361e+00 6.9855266e+00 7.1940524e+00 7.3461597e+00 7.4313117e+00 7.5012834e+00 7.7284987e+00 8.0060454e+00 8.1558309e+00 8.0261778e+00 7.9439700e+00 7.8723448e+00 7.3307147e+00 6.8040051e+00 7.4648083e+00 7.9720366e+00 8.3013732e+00 8.6019189e+00 8.7582248e+00 8.8443494e+00 8.8506140e+00 8.8805419e+00 8.9329820e+00 8.9548610e+00 8.9392329e+00 8.9734049e+00 8.9379611e+00 8.8676220e+00 8.7268075e+00 8.7264152e+00 8.6501420e+00 8.4793732e+00 8.3931517e+00 8.2315220e+00 8.1202154e+00 7.5231358e+00 7.5782763e+00
1.6342321e+00 1.6661286e+00 1.4943245e+00 1.3256956e+00 9.8786659e-04 2.0475491e-03 1.0405225e+00 1.0699692e+00 1.0425453e+00 2.9566323e+00 5.9523558e+00 6.2701515e+00 6.2357737e+00 6.3481746e+00 6.2835123e+00 6.1955822e+00 6.6393252e+00 6.8541444e+00 6.9720614e+00 7.1282497e+00 7.2544218e+00 7.2820669e+00 7.1718155e+00 7.0391285e+00 7.1708590e+00 7.2599634e+00 7.4183477e+00 8.0101595e+00 8.4670438e+00 8.7212937e+00 8.8635955e+00 8.9679531e+00 9.0175427e+00 9.0661347e+00 9.0718466e+00 9.1070322e+00 9.1609893e+00 9.1826585e+00 9.1421396e+00 9.1629266e+00 9.0774641e+00 9.0007891e+00 9.0420677e+00 8.9608431e+00 8.8293294e+00 8.7368317e+00 8.5697811e+00 8.3731286e+00 8.2121971e+00 8.1623305e+00
1.4601297e+00 1.6414145e+00 7.3492540e-01 1.6261985e+00 3.0107242e-01 1.5955559e-01 1.3264583e+00 1.8215804e+00 1.4984971e+00 1.1691015e+00 2.7116502e+00 5.8640237e+00 6.2438640e+00 6.2459610e+00 4.4073009e+00 2.4657027e+00 5.7800942e+00 6.3317704e+00 6.4331965e+00 6.5681425e+00 6.5711783e+00 6.5079958e+00 6.4681967e+00 6.4034385e+00 6.9553799e+00 7.6100415e+00 8.0462057e+00 8.4360501e+00 8.7844481e+00 8.9831606e+00 9.0883414e+00 9.1268802e+00 9.1639193e+00 9.1970650e+00 9.2236365e+00 9.2565847e+00 9.3068652e+00 9.3542885e+00 9.3607712e+00 9.3010887e+00 9.2677033e+00 9.2529208e+00 9.2969389e+00 9.2171312e+00 9.1653203e+00 9.0226567e+00 8.7794817e+00 8.4804277e+00 8.2122320e+00 8.1248121e+00
1.1887144e+00 1.3638517e+00 1.5333728e+00 1.8121544e+00 1.3365371e+00 2.4762775e-02 8.6045220e-02 1.5862972e+00 2.1045148e+00 2.3469068e+00 1.1488900e+00 1.9400320e+00 5.5639609e+00 6.0616157e+00 5.0922392e+00 4.8857001e+00 6.0405885e+00 6.0297732e+00 6.0945466e+00 6.1429531e+00 6.0750544e+00 6.0746997e+00 6.5128721e+00 6.9107835e+00 7.5951902e+00 8.1767813e+00 8.6025846e+00 8.8461508e+00 9.0143186e+00 9.1361678e+00 9.2330346e+00 9.3035955e+00 9.3116497e+00 9.3373739e+00 9.3715328e+00 9.3781064e+00 9.4229889e+00 9.4684577e+00 9.4492997e+00 9.4572016e+00 9.4967959e+00 9.5219980e+00 9.5194990e+00 9.4807944e+00 9.4204837e+00 9.2982347e+00 8.9033013e+00 8.2281329e+00 7.8037351e+00 7.6548569e+00
1.1383469e+00 1.3381419e+00 1.6556004e+00 1.6526384e+00 1.6237325e+00 3.2812565e-01 3.7319658e-01 1.1561155e+00 4.3244489e+00 4.9879749e+00 4.1905523e+00 1.0817413e+00 1.0461536e+00 1.7044358e+00 4.3285095e+00 6.1631962e+00 5.9375078e+00 5.8861586e+00 5.9479809e+00 5.9660342e+00 6.0079509e+00 6.5516350e+00 7.2289547e+00 7.8250264e+00 8.2555757e+00 8.5922346e+00 8.8788553e+00 9.1024354e+00 9.2250908e+00 9.2650457e+00 9.3290251e+00 9.3977712e+00 9.4558626e+00 9.4591006e+00 9.4945645e+00 9.5211260e+00 9.5423770e+00 9.5382061e+00 9.5460701e+00 9.6216515e+00 9.6956347e+00 9.7459452e+00 9.7893343e+00 9.7680101e+00 9.7312081e+00 9.6289808e+00 8.6512875e+00 7.3579460e+00 7.0331212e+00 6.8697565e+00
1.2194052e+00 1.3476451e+00 1.4614634e+00 1.4884638e+00 1.5355133e+00 1.3891145e+00 1.5803685e-01 3.5047488e-01 3.7746434e+00 5.2615322e+00 4.0679494e+00 4.1229014e+00 7.6541221e-01 2.9362073e-01 2.5350237e+00 6.0106629e+00 5.8547096e+00 5.8575008e+00 5.9469843e+00 6.2455233e+00 6.6398299e+00 7.3223726e+00 7.9212320e+00 8.3221516e+00 8.6703727e+00 8.8888958e+00 9.0791027e+00 9.2296858e+00 9.3588343e+00 9.4220052e+00 9.4404840e+00 9.4802899e+00 9.5339503e+00 9.5750970e+00 9.5912782e+00 9.6034674e+00 9.5854522e+00 9.5905557e+00 9.6259843e+00 9.7284899e+00 9.8214370e+00 9.8854110e+00 9.9712093e+00 1.0087878e+01 1.0257025e+01 1.0311751e+01 7.9803448e+00 5.5981957e+00 5.6581012e+00 6.2412649e+00
1.2742498e+00 1.3573700e+00 1.4062035e+00 1.4574029e+00 1.5136195e+00 1.5533024e+00 1.0808871e+00 2.0986419e-02 1.3869377e-01 4.3784547e+00 4.9282688e+00 5.1250445e+00 4.4487574e+00 4.1371846e+00 5.4186875e+00 5.8764033e+00 5.9975364e+00 6.1039674e+00 6.2834834e+00 6.9128807e+00 7.6596316e+00 8.1267445e+00 8.3960167e+00 8.6521234e+00 8.8797647e+00 9.0807807e+00 9.2036105e+00 9.3223043e+00 9.4061381e+00 9.4822616e+00 9.5158661e+00 9.5372689e+00 9.5758570e+00 9.5866637e+00 9.5786505e+00 9.5815414e+00 9.6045576e+00 9.6072263e+00 9.6564247e+00 9.7546264e+00 9.8409313e+00 9.9381796e+00 1.0029698e+01 1.0150578e+01 1.0266319e+01 9.4960244e+00 2.4207764e+00 2.1051441e+00 3.1720863e+00 4.1841543e+00
1.2914131e+00 1.3567929e+00 1.4252091e+00 1.5182574e+00 1.5660358e+00 1.5288196e+00 1.5434468e+00 4.8893333e-01 4.8164602e-01 9.9297965e-01 4.9839088e+00 5.4765444e+00 5.7400356e+00 6.1000530e+00 5.9735326e+00 6.1794869e+00 6.4900561e+00 6.8014338e+00 7.0961375e+00 7.6395783e+00 8.1072382e+00 8.4579463e+00 8.7220315e+00 8.8493092e+00 9.0103098e+00 9.1517407e+00 9.2761477e+00 9.3650245e+00 9.4233418e+00 9.4904572e+00 9.5217681e+00 9.5407798e+00 9.5502918e+00 9.4929677e+00 9.5400115e+00 9.5527617e+00 9.6125039e+00 9.6384492e+00 9.7142076e+00 9.7824784e+00 9.8764068e+00 9.9860687e+00 1.0058745e+01 1.0098284e+01 1.0020128e+01 9.4439360e+00 7.2675902e+00 5.8030948e+00 4.2502360e+00 3.1655467e+00
1.3193745e+00 1.3860291e+00 1.4574437e+00 1.5206828e+00 1.5125950e+00 1.4584639e+00 1.4186411e+00 1.4347876e+00 2.6664316e-01 3.6605851e-01 4.2253064e+00 5.8735556e+00 5.6410691e+00 5.8789878e+00 6.0232188e+00 6.3651242e+00 6.7438818e+00 7.0228150e+00 7.3240687e+00 7.8745858e+00 8.2889810e+00 8.6566649e+00 8.9083159e+00 9.0088416e+00 9.0748788e+00 9.1777070e+00 9.2648916e+00 9.3746058e+00 9.4198256e+00 9.4746119e+00 9.5005705e+00 9.4825099e+00 9.4141578e+00 9.4588626e+00 9.4946718e+00 9.4958334e+00 9.5819849e+00 9.6031739e+00 9.6912308e+00 9.7710797e+00 9.8692317e+00 9.9559248e+00 9.9898052e+00 9.9330780e+00 9.7566237e+00 9.3971074e+00 9.0088413e+00 8.6478025e+00 8.4184040e+00 8.1531284e+00
1.3715554e+00 1.4166188e+00 1.5063336e+00 1.5574374e+00 1.5527543e+00 1.5404048e+00 1.4982974e+00 1.4772650e+00 4.9107522e-01 2.8538845e-01 1.0433271e+00 5.1876052e+00 5.7676775e+00 6.0596956e+00 6.1914188e+00 6.4955996e+00 6.7717060e+00 7.0151298e+00 7.6003779e+00 8.0342625e+00 8.4058415e+00 8.7093139e+00 8.9069150e+00 8.9719394e+00 9.0590820e+00 9.1445100e+00 9.2355966e+00 9.3428520e+00 9.4250306e+00 9.4459974e+00 9.4572579e+00 9.4494995e+00 9.3917937e+00 9.4007612e+00 9.4386896e+00 9.4404983e+00 9.5090649e+00 9.5350664e+00 9.6285947e+00 9.7298108e+00 9.8184287e+00 9.8915893e+00 9.8955882e+00 9.8292567e+00 9.7329057e+00 9.5207197e+00 9.3437914e+00 9.3101413e+00 9.1275930e+00 8.9489293e+00
1.4206057e+00 1.4392735e+00 1.4937675e+00 1.5145179e+00 1.4839678e+00 1.4658882e+00 1.4244566e+00 1.4533862e+00 1.0319184e+00 3.7816646e-01 7.8449565e-01 1.0435749e+00 5.4065317e+00 6.1302539e+00 6.3319448e+00 6.6638789e+00 7.0352084e+00 7.3287406e+00 7.8242678e+00 8.1565705e+00 8.4240225e+00 8.6210753e+00 8.7525536e+00 8.8895262e+00 9.0201124e+00 9.1150621e+00 9.2198973e+00 9.3294854e+00 9.4135817e+00 9.4687504e+00 9.4680383e+00 9.4030594e+00 9.3697073e+00 9.3435280e+00 9.3513116e+00 9.3584750e+00 9.4172672e+00 9.4494037e+00 9.5562038e+00 9.6720598e+00 9.7893116e+00 9.8275596e+00 9.8295989e+00 9.7834201e+00 9.7780671e+00 9.7858974e+00 9.6844902e+00 9.5170351e+00 9.3369708e+00 9.3011178e+00
1.3658304e+00 1.4006332e+00 1.4854780e+00 1.4792894e+00 1.4346312e+00 1.4079729e+00 1.3448623e+00 1.2983345e+00 1.3032055e+00 1.1336541e+00 2.5554388e-01 3.5988675e-01 4.3159349e+00 6.3655254e+00 6.3974496e+00 6.8257568e+00 7.2850446e+00 7.6467247e+00 7.8811026e+00 8.2271804e+00 8.4489538e+00 8.5884511e+00 8.7438075e+00 8.8773714e+00 9.0075845e+00 9.1147153e+00 9.1935527e+00 9.3280882e+00 9.4236191e+00 9.4817073e+00 9.4646441e+00 9.3730113e+00 9.3425964e+00 9.2979725e+00 9.2915232e+00 9.2913381e+00 9.3265905e+00 9.3581179e+00 9.4669846e+00 9.6171896e+00 9.7192765e+00 9.7911205e+00 9.8242727e+00 9.8100935e+00 9.8775355e+00 9.9217619e+00 9.8651799e+00 9.7129326e+00 9.6777709e+00 9.5735839e+00
1.8741366e+00 1.7383922e+00 1.6911615e+00 1.6251059e+00 1.5331109e+00 1.4398847e+00 1.3553243e+00 1.2822967e+00 1.2230927e+00 1.3194544e+00 4.2110821e-01 2.6294847e-01 7.2170238e-01 6.0458336e+00 6.3583401e+00 6.7554486e+00 7.2276936e+00 7.6641894e+00 7.9485543e+00 8.1476779e+00 8.3670041e+00 8.5466604e+00 8.6961451e+00 8.8591692e+00 8.9943839e+00 9.0898470e+00 9.2109364e+00 9.3275246e+00 9.4120230e+00 9.4451433e+00 9.4265360e+00 9.4015663e+00 9.3735451e+00 9.3075378e+00 9.2785468e+00 9.2636331e+00 9.3013959e+00 9.3180874e+00 9.4187062e+00 9.5786541e+00 9.7100275e+00 9.8046762e+00 9.8645577e+00 9.8344146e+00 9.8530237e+00 9.9079551e+00 9.9071584e+00 9.9053488e+00 9.8513532e+00 9.7415397e+00
2.2551832e+00 1.9992792e+00 1.8350043e+00 1.6740252e+00 1.5204657e+00 1.3820103e+00 1.2719343e+00 1.1930297e+00 1.1468887e+00 1.1045511e+00 8.4386957e-01 1.0539841e-01 2.3807629e-01 3.6531041e+00 6.4436529e+00 6.6172844e+00 7.0689019e+00 7.4963997e+00 7.8362700e+00 8.1453294e+00 8.2748232e+00 8.4751482e+00 8.6603994e+00 8.8027886e+00 8.9614782e+00 9.0863821e+00 9.2350533e+00 9.3595502e+00 9.4396665e+00 9.4080811e+00 9.4512293e+00 9.5023863e+00 9.4485031e+00 9.3553653e+00 9.3309740e+00 9.3146163e+00 9.3530440e+00 9.4143476e+00 9.4787949e+00 9.6006618e+00 9.7489439e+00 9.8502608e+00 9.9369279e+00 9.9458389e+00 9.9941043e+00 1.0048862e+01 1.0047789e+01 1.0040047e+01 9.9828060e+00 9.8367218e+00
2.7444912e+00 2.3413172e+00 2.0230070e+00 1.6841178e+00 1.4637856e+00 1.3246185e+00 1.2145427e+00 1.1347614e+00 1.1297318e+00 1.0746858e+00 1.0192715e+00 7.1798120e-01 1.3052814e-01 4.4271005e-01 5.4086346e+00 6.5397173e+00 6.8386526e+00 7.2623122e+00 7.5868161e+00 7.9644046e+00 8.2113182e+00 8.3136502e+00 8.5486383e+00 8.7124930e+00 8.8846962e+00 9.0758163e+00 9.2095293e+00 9.3574359e+00 9.4457033e+00 9.4515780e+00 9.5813782e+00 9.6340862e+00 9.5869315e+00 9.4911658e+00 9.4469735e+00 9.4734589e+00 9.4735804e+00 9.5726366e+00 9.6020945e+00 9.6888158e+00 9.8131398e+00 9.9271715e+00 1.0006581e+01 1.0045627e+01 1.0101837e+01 1.0145866e+01 1.0121936e+01 1.0080116e+01 1.0019508e+01 9.9365072e+00
3.3618589e+00 2.8402157e+00 2.3532943e+00 1.7942979e+00 1.3927450e+00 1.2798977e+00 1.2333706e+00 1.2174582e+00 1.3000050e+00 1.1801180e+00 1.1347154e+00 1.2992445e+00 2.6599128e-01 5.7735642e-01 1.9406358e+00 6.2519370e+00 6.6788046e+00 6.9879340e+00 7.3275276e+00 7.7142934e+00 8.0394685e+00 8.2658034e+00 8.4077828e+00 8.6446920e+00 8.8171985e+00 8.9930901e+00 9.1730184e+00 9.3334495e+00 9.4727841e+00 9.5297174e+00 9.6661997e+00 9.7340388e+00 9.7329919e+00 9.6412636e+00 9.6078529e+00 9.6412838e+00 9.6556100e+00 9.7162704e+00 9.7091494e+00 9.8183865e+00 9.9260663e+00 1.0022938e+01 1.0086239e+01 1.0130842e+01 1.0164770e+01 1.0185279e+01 1.0155890e+01 1.0132108e+01 1.0093900e+01 1.0024069e+01
4.0351182e+00 3.4378408e+00 2.7975126e+00 2.0010328e+00 1.2205369e+00 1.0599788e+00 1.1055281e+00 1.0054517e+00 7.2734162e-01 1.2094863e+00 1.3318284e+00 1.5075794e+00 1.3649985e+00 2.0502984e-01 5.6292896e-01 3.1094945e+00 6.5242411e+00 6.7206362e+00 7.0915237e+00 7.5443963e+00 7.9411090e+00 8.2773779e+00 8.3423384e+00 8.4697518e+00 8.6786117e+00 8.8934796e+00 9.1342745e+00 9.2873566e+00 9.4585535e+00 9.5626720e+00 9.6639052e+00 9.7688543e+00 9.8358135e+00 9.7899917e+00 9.7540398e+00 9.8074068e+00 9.8060914e+00 9.8602689e+00 9.8526675e+00 9.9327845e+00 1.0016391e+01 1.0112501e+01 1.0176062e+01 1.0202988e+01 1.0210198e+01 1.0216814e+01 1.0224350e+01 1.0187588e+01 1.0147071e+01 1.0079083e+01
4.7340429e+00 4.0942063e+00 3.3437769e+00 2.3341816e+00 1.0432317e+00 3.6919487e-01 2.8080269e-01 2.9810404e-01 9.6251217e-04 1.4144049e+00 2.0387446e+00 2.0627825e+00 1.9825754e+00 7.0636414e-01 2.3123974e-01 7.0573575e-01 5.8183332e+00 6.5439512e+00 6.8446349e+00 7.3043985e+00 7.7576415e+00 8.1619694e+00 8.3673190e+00 8.4028760e+00 8.5266603e+00 8.7357927e+00 8.9829544e+00 9.2089902e+00 9.3976957e+00 9.5716805e+00 9.7310478e+00 9.7605631e+00 9.8353141e+00 9.8436938e+00 9.8640894e+00 9.9171787e+00 9.9265309e+00 9.9925061e+00 9.9880235e+00 1.0071639e+01 1.0156423e+01 1.0214597e+01 1.0278325e+01 1.0282776e+01 1.0257530e+01 1.0251142e+01 1.0269093e+01 1.0232593e+01 1.0148227e+01 1.0078779e+01
5.5381228e+00 4.8076060e+00 3.9441817e+00 2.7682795e+00 1.4863816e+00 2.6931951e-01 2.2741861e-01 9.1318362e-01 9.3996405e-01 1.8907661e+00 2.6741163e+00 2.6931352e+00 2.5591842e+00 1.7934578e+00 3.1204805e-01 9.8535766e-01 2.5891225e+00 6.6452936e+00 6.7123426e+00 7.0368039e+00 7.5107333e+00 7.9337350e+00 8.2572070e+00 8.4183415e+00 8.3714671e+00 8.4462881e+00 8.6802084e+00 8.9676740e+00 9.2264196e+00 9.5315724e+00 9.8249967e+00 9.8511698e+00 9.8357237e+00 9.8740931e+00 9.9119997e+00 9.9879730e+00 1.0019996e+01 1.0097484e+01 1.0103000e+01 1.0158964e+01 1.0236013e+01 1.0307233e+01 1.0372526e+01 1.0332590e+01 1.0290396e+01 1.0259197e+01 1.0262522e+01 1.0244765e+01 1.0197119e+01 1.0098434e+01
6.3146966e+00 5.5498757e+00 4.6158952e+00 3.3012738e+00 1.8687459e+00 9.3066300e-01 1.0638721e+00 9.4384709e-01 1.6061055e-01 2.4597467e+00 3.3739370e+00 3.4612480e+00 3.3332987e+00 2.8440948e+00 1.6829792e+00 4.9050014e-01 9.6266081e-01 4.6978053e+00 6.6308692e+00 6.8450574e+00 7.2902926e+00 7.7112198e+00 8.0450206e+00 8.2753492e+00 8.3200801e+00 8.1877894e+00 8.2697131e+00 8.5822161e+00 8.9317435e+00 9.2712621e+00 9.4089329e+00 9.6751365e+00 9.7935852e+00 9.8131423e+00 9.9056625e+00 1.0004620e+01 1.0072775e+01 1.0165109e+01 1.0196159e+01 1.0250220e+01 1.0304598e+01 1.0362700e+01 1.0409343e+01 1.0318689e+01 1.0259879e+01 1.0207445e+01 1.0208336e+01 1.0210835e+01 1.0198007e+01 1.0156928e+01
