presentation/data/depth_0039.asc
ncols     164
nrows     146
xllcorner -1.242151388888889e+02
yllcorner  4.172986111111111e+01
cellsize  2.777777777820000e-04
nodata_value       -9999
[rows 66 to 87 of 146, columns 50 to 99 of 164]
0.0000000e+00 0.0000000e+00 0.0000000e+00 0.0000000e+00 0.0000000e+00 0.0000000e+00 0.0000000e+00 0.0000000e+00 0.0000000e+00 0.0000000e+00 0.0000000e+00 0.0000000e+00 0.0000000e+00 0.0000000e+00 9.9948125e-04 9.9940451e-04 9.9863140e-04 9.9845350e-04 9.9674346e-04 9.9137893e-04 3.4293703e-03 4.1347708e-03 9.8510703e-04 1.9414487e-01 3.9664622e-01 4.0312572e-01 3.8021868e-01 3.5030752e-01 3.0956540e-01 6.8988173e-01 1.7558419e+00 2.9240580e+00 1.8487029e+00 5.0936834e-01 3.7258053e-01 4.4255906e-01 3.7857132e-01 1.6580576e-01 6.1155143e-03 3.4441718e-02 4.6937886e-02 5.9578482e-02 6.7264874e-02 9.1643340e-02 1.1046923e-01 1.3806339e-01 1.6602772e-01 2.0110638e-01 2.2278639e-01 2.4253705e-01
0.0000000e+00 0.0000000e+00 0.0000000e+00 0.0000000e+00 0.0000000e+00 9.9484659e-04 9.9891148e-04 9.9638514e-04 9.9628300e-04 9.9787176e-04 9.8869479e-04 9.7309226e-04 9.8423272e-04 9.5117314e-04 9.9952402e-04 9.9841366e-04 9.9810365e-04 9.9820409e-04 9.9683041e-04 9.9907823e-04 2.1090885e-03 2.9866395e-03 1.0969931e-03 2.2994272e-01 4.0053450e-01 3.6920839e-01 2.9600933e-01 2.7391201e-01 2.4075191e+00 3.3245344e+00 2.6819495e+00 6.9008128e-01 3.9207033e-01 4.1858627e-01 3.8717816e-01 3.1021825e-01 2.2391838e-01 1.4921756e-01 4.1307941e-02 2.2138328e-02 4.6934844e-02 6.0421242e-02 7.4655438e-02 9.9643894e-02 1.1218259e-01 1.3504403e-01 1.2836828e-01 1.0895356e-01 1.0604957e-01 8.0527306e-02
0.0000000e+00 0.0000000e+00 0.0000000e+00 0.0000000e+00 0.0000000e+00 9.9923071e-04 9.9725030e-04 9.8828118e-04 9.9571805e-04 9.5227580e-04 9.1130734e-04 9.4983677e-04 9.7866610e-04 9.8984932e-04 9.9802054e-04 9.9832068e-04 9.9822355e-04 9.9616623e-04 9.9854204e-04 9.9662752e-04 1.0060082e-03 9.7952973e-04 1.4041243e-01 2.9000692e-01 3.9187480e-01 3.5399920e-01 2.1905941e-01 1.1348358e+00 3.4989035e+00 2.1472792e+00 5.1648889e-01 3.0946552e-01 3.4185574e-01 3.5858091e-01 3.5452918e-01 3.1208539e-01 1.9112813e-01 1.3490390e-01 1.0429910e-01 1.1624253e-01 1.0701962e-01 7.3328053e-02 7.3901064e-02 8.9281830e-02 1.0391328e-01 1.0736850e-01 1.0695945e-01 1.0501393e-01 8.1147766e-02 8.5943629e-02
0.0000000e+00 0.0000000e+00 0.0000000e+00 0.0000000e+00 0.0000000e+00 9.9642118e-04 9.8376194e-04 1.5363233e-02 9.3583436e-04 8.8216884e-04 2.3249929e-01 4.9333735e-01 4.3446659e-01 2.3413696e-01 1.2511492e-01 9.4663739e-04 9.9589395e-04 9.9935782e-04 9.8074784e-04 9.8330073e-04 3.5053224e-02 1.2483150e-01 2.6023727e-01 3.5132415e-01 3.9902152e-01 3.5064827e-01 1.2888133e-01 1.9957945e+00 3.6293328e+00 1.6137617e+00 2.4450487e-01 1.6368033e-01 2.5702741e-01 2.9344418e-01 3.0527935e-01 2.5446458e-01 1.9677691e-01 1.4973618e-01 1.4014539e-01 1.5812440e-01 1.9760084e-01 1.8806400e-01 1.8355627e-01 1.9187179e-01 1.6914932e-01 1.1649779e-01 1.1215662e-01 1.1184271e-01 6.6942528e-02 8.4849155e-02
0.0000000e+00 0.0000000e+00 0.0000000e+00 0.0000000e+00 0.0000000e+00 9.6576913e-04 9.7869871e-04 1.5283385e-01 2.0894486e-01 4.4102311e-01 3.4944839e-01 3.8830399e-01 5.6483797e-01 3.8540856e-01 4.4408705e-01 5.4019526e-01 1.8888730e-01 9.5140491e-04 9.8506755e-04 6.6805585e-02 1.2547614e-01 1.1710014e-01 1.6183146e-01 2.3292123e-01 3.1765616e-01 3.1274961e-01 1.4607233e-01 1.0704101e+00 3.9658634e+00 3.3555864e+00 1.8295125e+00 1.1594217e-01 1.8894423e-01 2.1868839e-01 2.0880362e-01 1.7230202e-01 1.8587894e-01 2.1055306e-01 2.0768391e-01 2.0889919e-01 2.0621523e-01 2.1612160e-01 2.1383751e-01 2.0438629e-01 1.9638018e-01 1.8853039e-01 2.1848148e-01 2.4098489e-01 2.3111542e-01 1.9865043e-01
0.0000000e+00 0.0000000e+00 0.0000000e+00 9.8977218e-04 9.5334459e-04 9.6997207e-04 9.3175306e-04 2.6241885e-01 3.7364391e-01 6.3150773e-01 3.3828179e-01 7.1548926e-04 2.2250146e-01 4.6684224e-01 5.5089889e-01 6.8708870e-01 4.9688395e-01 5.1725657e-03 5.5112739e-02 2.9357956e-01 1.5023819e-01 1.0873316e-01 1.3150978e-01 1.7680831e-01 1.1205783e-01 6.0744344e-02 1.5028581e-02 6.3353828e-02 2.5443691e+00 4.0208140e+00 2.6718274e+00 8.8567390e-02 1.5271031e-01 2.7777197e-01 2.1777746e-01 1.4842952e-01 1.7111239e-01 2.0294087e-01 2.0611567e-01 2.0749419e-01 2.0856034e-01 2.1075287e-01 2.1315648e-01 2.1241375e-01 2.1870886e-01 2.1242437e-01 2.3188644e-01 2.5448668e-01 2.5086703e-01 2.5147361e-01
9.9882359e-04 0.0000000e+00 9.7457103e-04 9.4479654e-04 9.9998833e-04 7.3978729e-03 9.9899820e-04 8.0001720e-04 8.9084998e-04 3.0566852e-01 5.2548877e-01 5.0846291e-01 5.8913736e-01 4.5583086e-01 5.4100965e-01 2.5098347e-01 3.2167360e-01 2.1832839e-01 1.6727345e-01 1.6342720e-01 2.6036956e-01 1.6596390e-01 1.8312236e-01 1.8921228e-01 1.1105459e-01 9.6136037e-02 9.9866977e-04 2.1536002e-03 8.3058976e-01 2.9945481e+00 1.7915937e+00 1.5682661e-03 2.9157725e-01 3.7752904e-01 4.0499570e-01 1.2959390e-01 9.8064199e-02 1.1747255e-01 1.2523328e-01 1.3482577e-01 1.3521190e-01 1.3566476e-01 1.3588665e-01 1.3483808e-01 1.4164052e-01 1.6027440e-01 1.9164944e-01 2.0921869e-01 2.2169679e-01 2.2945718e-01
9.9712624e-04 9.8390457e-04 9.7177320e-04 1.5143980e-01 9.9569189e-04 9.4752585e-03 9.8044442e-04 8.6468801e-04 6.7770495e-04 8.8740585e-04 6.3084696e-01 6.6810263e-01 6.4894476e-01 4.4414042e-01 2.5934222e-01 2.4869884e-01 1.9166629e-01 1.3489390e-01 1.0483335e-01 3.8712015e-02 1.4973084e-01 2.3197616e-01 1.5876841e-01 1.2441193e-01 2.2357278e-01 2.1708586e-01 9.9774748e-04 9.5383220e-04 6.0510571e-01 2.2217206e+00 7.7723163e-01 7.5694065e-03 1.8413009e-02 9.4105091e-04 2.1416397e-01 1.6482471e-01 9.6120594e-02 9.3065663e-02 9.6364859e-02 5.4079459e-02 8.4876816e-02 8.7771999e-02 8.5206536e-02 1.0422062e-01 1.5728178e-01 1.0944768e-01 1.1147712e-01 1.3625576e-01 1.3591200e-01 1.3823850e-01
9.9887253e-04 9.9760218e-04 8.4704384e-04 8.9862670e-04 9.8683847e-04 1.8445848e-02 9.8059869e-04 6.0802954e-02 9.7797046e-04 2.7131487e-01 4.3002552e-01 3.6083037e-01 3.2777101e-01 3.0385720e-01 2.0440257e-01 1.9710676e-02 9.3823915e-04 9.4373653e-04 1.8409606e-02 3.3702745e-02 1.4156440e-01 1.3131309e-01 7.8253646e-02 3.6970059e-02 2.9410956e-02 9.8685639e-04 6.5577125e-04 0.0000000e+00 3.3464514e-01 1.7037330e+00 6.1172041e-01 1.0017568e-03 1.8559694e-02 6.1043701e-02 7.4804060e-02 9.0068435e-02 5.5930745e-02 6.8831247e-02 1.0750732e-01 5.9029960e-02 6.2114526e-02 6.2945201e-02 7.5799684e-02 9.1585738e-02 1.0245376e-01 4.1808605e-02 3.8791627e-02 5.6429705e-02 7.2653961e-02 9.1829697e-02
9.9832073e-04 9.8421208e-04 8.5767323e-02 1.9387989e-01 2.5028416e-01 2.9563553e-01 4.2432993e-01 6.1214197e-01 5.6989053e-01 3.6480250e-01 2.8007452e-01 2.9415933e-01 3.2819313e-01 2.1930704e-01 1.7598565e-01 1.7770821e-01 2.9760956e-02 9.9714282e-04 3.7707523e-02 1.2743694e-01 3.7698359e-01 1.4717755e-01 1.5860454e-03 5.1511766e-03 9.8373604e-04 6.2210796e-04 6.7209811e-04 9.6187802e-04 4.4996097e-01 1.1306006e+00 7.2889516e-01 1.3800853e-01 4.2788824e-02 7.5217298e-02 1.0516311e-01 1.2191839e-01 6.9244944e-02 1.1866259e-01 3.0815244e-01 3.9139259e-01 3.8906920e-01 3.3231206e-01 1.9166320e-01 1.5688778e-01 2.2574820e-01 2.0073287e-01 1.5103727e-01 1.1095962e-01 7.0029510e-02 8.8629337e-02
9.4162366e-04 8.2382207e-04 1.5327741e-01 6.4952776e-01 7.2477569e-01 8.1079259e-01 7.1475162e-01 4.9900662e-01 3.8988091e-01 2.0402281e-01 1.0959990e-01 1.7555250e-01 8.9270717e-02 1.8184885e-01 1.8664531e-01 2.1683046e-01 2.5775315e-01 1.1247289e-01 1.7259668e-01 2.1506444e-01 3.6414210e-01 6.2932482e-03 8.6631806e-04 6.4867319e-04 9.0348138e-04 8.8209945e-04 3.7169560e-02 5.9169371e-01 7.8583476e-01 9.6256401e-01 8.3253947e-01 4.6544350e-01 1.9859497e-01 9.6951374e-02 7.1845923e-02 1.1991471e-01 1.5233902e-01 1.4565959e-01 2.2931245e-01 2.9540270e-01 2.9476242e-01 1.3414286e-01 1.5685029e-02 9.9772592e-04 8.1242591e-02 1.4127089e-01 2.3431928e-01 2.3990722e-01 2.0148358e-01 1.9186202e-01
9.6249346e-04 9.8016188e-04 4.2635856e-01 5.5204710e-01 5.3920566e-01 8.0995922e-01 4.7979428e-01 3.3339938e-01 2.0730542e-01 2.0370579e-01 1.5464419e-01 1.4247135e-01 1.5255254e-01 1.9930675e-01 3.1539209e-01 3.2013605e-01 4.2441213e-01 3.7102771e-01 3.6702188e-01 9.2009560e-02 9.4033450e-04 9.3845498e-04 9.1082227e-04 7.7703392e-04 9.2481067e-04 3.5066535e-01 1.1527203e-01 3.1231629e-01 7.9864253e-01 8.5236596e-01 8.1526391e-01 6.4421860e-01 4.3373463e-01 2.4277934e-01 7.8458092e-02 1.3171975e-01 1.5733048e-01 6.6620599e-02 1.3006397e-01 2.5876565e-01 2.4874334e-01 1.2726290e-01 2.0792615e-02 9.3948905e-03 1.1249289e-02 1.3187980e-01 2.9945129e-01 3.0580668e-01 2.5322302e-01 2.2358922e-01
2.9523145e-01 3.6629071e-01 3.8591616e-01 4.3254478e-01 7.2919050e-01 7.5268896e-01 4.1813976e-01 2.3231326e-01 9.6109127e-02 1.5337902e-01 9.3755761e-02 1.4352636e-01 1.5155859e-01 2.8468810e-01 3.7839944e-01 4.0511581e-01 3.5872596e-01 8.5721482e-02 9.8649275e-04 9.9519577e-04 8.2139668e-04 8.1049643e-04 8.5306351e-04 9.6215179e-04 2.3325751e-01 1.1532534e-01 6.6086169e-02 2.5930373e-01 5.8454544e-01 6.9166784e-01 7.3823440e-01 6.6539530e-01 5.4508418e-01 4.4608058e-01 4.6320498e-01 4.5239126e-01 2.8192891e-01 2.2203270e-01 3.6861162e-01 4.5258062e-01 4.8524109e-01 4.9535875e-01 4.6947961e-01 5.0319178e-01 5.1703083e-01 4.2461444e-01 5.9750951e-01 6.7134331e-01 5.1708239e-01 3.8604526e-01
4.3760924e-01 9.3514873e-04 9.8194681e-04 8.5075938e-02 2.4852826e-01 3.0078388e-01 1.4411833e-01 8.2018290e-02 1.0035663e-03 9.5190116e-04 1.8151015e-02 6.9104104e-02 1.8009521e-01 2.8211500e-01 2.7621024e-01 6.1984370e-02 9.7705037e-04 7.3327196e-04 7.8689390e-04 9.7880404e-04 7.6118344e-04 1.5252977e-01 9.8366782e-04 9.0781145e-04 1.4504106e-01 1.5347532e-02 9.6518772e-03 1.8413167e-01 5.9623512e-01 5.9133027e-01 7.3727889e-01 6.6602889e-01 5.5044126e-01 5.6518074e-01 6.9698010e-01 9.3649190e-01 7.7378812e-01 5.6164846e-01 6.6916450e-01 8.4029324e-01 1.0282001e+00 1.0009437e+00 1.0188196e+00 9.3062576e-01 9.5656146e-01 9.6581171e-01 8.7516126e-01 9.6801142e-01 1.1673785e+00 1.0209086e+00
9.2518698e-02 9.8418612e-04 9.9916865e-04 9.9896441e-04 9.9983817e-04 1.0106683e-01 3.8082926e-01 9.3227418e-04 3.8669032e-03 9.9425162e-04 3.6657761e-03 1.0020493e-03 3.1977565e-02 9.8074442e-04 9.6116197e-04 8.6471959e-04 8.9806039e-04 7.9211608e-04 9.0120724e-04 3.9052490e-03 4.5311338e-01 4.6530642e-01 5.1784209e-01 7.5603675e-01 8.4967123e-01 9.4969032e-01 1.0434058e+00 1.4123277e+00 1.4807279e+00 1.1510022e+00 1.0641257e+00 9.4504987e-01 9.2268068e-01 8.4958669e-01 1.0319492e+00 1.2578913e+00 1.3595621e+00 1.3613891e+00 1.2899022e+00 1.3295024e+00 1.3418013e+00 1.3760064e+00 1.5623071e+00 1.6708463e+00 1.6475305e+00 1.5618552e+00 1.6193350e+00 1.5050737e+00 1.5222487e+00 1.4647660e+00
9.9981456e-04 9.9756230e-04 9.9928995e-04 9.9962051e-04 9.7221377e-04 3.3933009e-01 5.6702142e-01 4.5227881e-01 8.6970686e-04 1.0211359e-01 2.5552465e-01 9.5881150e-04 9.9973986e-04 9.7081790e-04 9.4510842e-04 9.9279021e-04 9.5699342e-04 5.7287846e-02 2.4766437e-01 4.1647358e-01 6.8883129e-01 8.4099518e-01 1.0857326e+00 1.2988411e+00 1.3123820e+00 1.4034378e+00 1.6688964e+00 2.0563518e+00 2.0866429e+00 1.7795378e+00 1.6568458e+00 1.7346257e+00 1.5828007e+00 1.2798359e+00 1.3601395e+00 1.4853066e+00 1.5887773e+00 1.7890285e+00 1.8673157e+00 1.7891782e+00 1.7318470e+00 1.6610006e+00 1.6880651e+00 2.0690741e+00 2.2424085e+00 2.0371681e+00 1.9875879e+00 1.9529152e+00 1.9855944e+00 1.9945962e+00
1.0017508e-03 9.9882912e-04 9.9896519e-04 9.9850734e-04 9.5553359e-04 9.5476401e-04 7.9757415e-01 9.1731289e-01 4.6601272e-01 9.2137710e-04 9.9380529e-04 9.3494568e-04 8.3542883e-04 9.3899162e-04 8.1913035e-04 9.9016745e-04 7.9800105e-02 3.2959668e-01 4.9607831e-01 7.5671159e-01 1.0245971e+00 1.1703622e+00 1.3416332e+00 1.3671935e+00 1.5887389e+00 1.8952108e+00 1.9702004e+00 1.8309668e+00 2.0539779e+00 1.8206025e+00 1.8101337e+00 1.8716790e+00 1.9618147e+00 1.9983391e+00 1.9367270e+00 1.7267848e+00 1.6047835e+00 1.7180040e+00 1.9252946e+00 2.0926852e+00 2.1610945e+00 2.0411916e+00 1.9322743e+00 2.0364026e+00 2.3025259e+00 2.3715127e+00 2.3311797e+00 2.3196581e+00 2.3526494e+00 2.3230358e+00
9.3338871e-04 9.9857432e-04 9.9636370e-04 9.9675941e-04 5.6787965e-04 9.7824524e-04 9.8275640e-04 3.1831381e-02 9.9005315e-04 9.9949691e-04 9.8755090e-04 8.2450578e-04 8.6994372e-04 9.9039161e-04 9.7166734e-04 1.3143052e-01 4.3760322e-01 7.8499571e-01 8.3913498e-01 1.0091787e+00 1.3012332e+00 1.3667157e+00 1.4157858e+00 1.4938471e+00 1.6854252e+00 2.2207714e+00 2.2594340e+00 1.9839982e+00 2.2149843e+00 1.7777992e+00 1.7612241e+00 1.8770233e+00 2.0812634e+00 2.3125042e+00 2.3621776e+00 2.0111497e+00 1.8123637e+00 1.8100014e+00 1.8459184e+00 2.2360355e+00 2.5046037e+00 2.4135504e+00 2.2954814e+00 2.2724555e+00 2.4296416e+00 2.6084813e+00 2.6231901e+00 2.6600515e+00 2.6561133e+00 2.5066987e+00
9.8830027e-04 9.9601993e-04 9.9922143e-04 9.9945211e-04 0.0000000e+00 6.6544776e-04 9.6125080e-04 9.8142015e-04 9.9564178e-04 9.6602894e-04 8.8698478e-04 9.1845823e-04 7.1962943e-04 5.8151755e-02 3.4219847e-01 4.6045985e-01 8.3482640e-01 1.0237873e+00 1.0352260e+00 1.0842228e+00 1.2923754e+00 1.3690345e+00 1.5133053e+00 1.6615974e+00 1.8057852e+00 2.0378988e+00 1.7798991e+00 1.6272031e+00 2.5304922e+00 2.3053544e+00 2.0920778e+00 2.2524641e+00 1.9237028e+00 2.2749808e+00 2.3575217e+00 2.2524843e+00 2.4114666e+00 2.7473019e+00 2.1914813e+00 2.3291564e+00 2.4391943e+00 2.5384397e+00 2.6048580e+00 2.6280800e+00 2.6455564e+00 2.6493034e+00 2.6528065e+00 2.7857389e+00 2.9301370e+00 2.7915636e+00
0.0000000e+00 9.8414445e-04 9.9928779e-04 1.8454031e-03 7.5491407e-04 9.8519837e-04 9.1715970e-04 8.6342212e-04 9.6840574e-04 8.8161281e-04 9.9984986e-04 9.2930005e-04 9.9590543e-04 9.9434065e-04 4.9791893e-01 8.2532633e-01 1.1305087e+00 1.0975251e+00 1.1883871e+00 1.2882469e+00 1.3326784e+00 1.4089914e+00 1.6835933e+00 1.8674646e+00 1.9555468e+00 1.9682502e+00 1.6746736e+00 1.3383600e+00 1.5478180e+00 2.3631463e+00 2.3686755e+00 2.3066606e+00 2.0981143e+00 2.2039940e+00 2.3279011e+00 2.4692288e+00 2.7296753e+00 3.0228318e+00 2.9206210e+00 2.8246358e+00 2.7372455e+00 2.7034110e+00 2.7293436e+00 2.9154871e+00 2.9708328e+00 2.8943943e+00 2.7360464e+00 2.8167050e+00 2.9721300e+00 2.9697754e+00
0.0000000e+00 0.0000000e+00 9.9562678e-04 3.4357040e-03 4.1913826e-03 4.0109172e-03 5.5211838e-03 9.4213915e-04 7.5438236e-04 8.7586239e-04 9.5833110e-04 9.8424518e-04 1.6833032e-01 1.0141366e-02 2.7225776e-01 8.4723582e-01 1.2435727e+00 1.3648024e+00 1.3472596e+00 1.3917833e+00 1.4710402e+00 1.6886408e+00 1.9885783e+00 2.1122916e+00 2.1946767e+00 2.0602425e+00 1.9132171e+00 1.6006968e+00 1.6647133e+00 2.3094162e+00 2.5063645e+00 2.6418466e+00 2.6025015e+00 2.3394836e+00 2.4046021e+00 2.6023664e+00 2.7869609e+00 2.9496669e+00 3.0497822e+00 2.9642897e+00 3.0434879e+00 3.1143072e+00 2.7950345e+00 2.8827879e+00 3.2010619e+00 2.9948383e+00 2.9070345e+00 2.7751560e+00 2.9047345e+00 2.9755234e+00
8.5498958e-04 9.1721595e-04 9.2332278e-04 9.7881288e-04 9.9069351e-04 9.4479765e-04 1.5229967e-01 2.1950042e-01 6.6226839e-02 2.6224015e-02 3.3778930e-02 2.4149242e-02 2.4618869e-01 3.0330313e-01 5.5387438e-01 9.2161913e-01 1.1159345e+00 1.6508087e+00 1.6643449e+00 1.7171955e+00 1.8752166e+00 2.0790663e+00 2.2911762e+00 2.1030642e+00 2.2714307e+00 2.3384270e+00 2.4022133e+00 2.2144805e+00 2.0944448e+00 2.5810722e+00 2.5759365e+00 2.4006125e+00 2.4318943e+00 2.4367519e+00 2.6569561e+00 2.4984017e+00 2.5667804e+00 2.6895290e+00 2.7287739e+00 2.3434661e+00 2.5025835e+00 2.5451168e+00 2.2405233e+00 2.4087261e+00 2.8738429e+00 2.2736734e+00 1.9058489e+00 1.6709698e+00 2.2889391e+00 2.8708385e+00
