presentation/data/depth_0016.asc
ncols     164
nrows     146
xllcorner -1.242151388888889e+02
yllcorner  4.172986111111111e+01
cellsize  2.777777777820000e-04
nodata_value       -9999
[rows 88 to 109 of 146, columns 100 to 149 of 164]
9.3273337e+00 8.3167401e+00 7.2925849e+00 7.7125591e+00 7.4215189e+00 6.6913853e+00 6.4446286e+00 6.3233284e+00 6.5785862e+00 8.0168927e+00 8.3869457e+00 7.4283145e+00 5.8908858e+00 5.3409451e+00 2.4356385e+00 2.4123642e+00 5.6397855e+00 6.7364212e+00 4.3816222e+00 2.0264009e+00 8.5922946e-01 5.2883789e-01 4.1274463e-01 7.6189991e-01 9.3931137e-01 1.1099705e+00 1.0035694e+00 8.4401802e-01 5.4071241e-01 3.2457244e-01 3.9700780e-01 2.0069269e-01 3.2793004e-01 1.1777011e+00 1.2522048e+00 8.3881815e-01 8.5229855e-01 3.6613112e-01 5.3044422e-01 8.1223812e-01 1.0766164e+00 1.3104933e+00 1.4107418e+00 1.2331726e+00 1.3671530e+00 9.5411173e-01 8.7892030e-01 1.7089743e+00 1.5918595e+00 1.6499912e+00
9.3491456e+00 9.0395897e+00 7.9401511e+00 7.6329598e+00 7.4578672e+00 7.2209419e+00 7.1311941e+00 7.8302722e+00 7.5702590e+00 7.6120697e+00 7.0735967e+00 7.1752927e+00 7.5762969e+00 7.8017779e+00 6.8991045e+00 6.1802816e+00 6.2964274e+00 6.8492182e+00 7.0999911e+00 5.7154988e+00 4.0687830e+00 1.7167508e+00 4.6379585e-01 8.3270179e-01 4.8548029e-01 7.5682969e-01 8.0398653e-01 7.9716959e-01 8.1145163e-01 6.5201361e-01 4.4981691e-01 8.9211280e-01 2.0095472e+00 2.1957179e+00 2.2857528e+00 2.0923279e+00 1.5706556e+00 3.6261383e-01 2.1016822e-01 9.5296618e-04 4.5058736e-01 8.3739193e-01 8.0576781e-01 8.9981535e-01 1.2456327e+00 1.3076602e+00 1.2638038e+00 1.3323722e+00 1.2643812e+00 1.3295166e+00
8.7264366e+00 8.7067765e+00 8.4579750e+00 8.2789710e+00 8.2035138e+00 8.5554948e+00 8.8447200e+00 8.5188135e+00 6.5638444e+00 6.1137774e+00 5.8394339e+00 6.1037146e+00 8.4625695e+00 8.8540625e+00 8.3585598e+00 8.1368590e+00 7.5526241e+00 7.2492783e+00 7.1949007e+00 7.0124770e+00 6.8883999e+00 6.3292196e+00 4.1835183e+00 1.3181411e+00 3.1875307e-01 5.9221882e-01 8.2031741e-01 7.6672739e-01 6.9009790e-01 5.7407473e-01 1.0118151e+00 2.1928484e+00 2.2655966e+00 2.2999090e+00 2.2352860e+00 2.0824481e+00 1.9032947e+00 1.5716407e+00 6.2734992e-01 1.3567105e-01 3.5776967e-01 7.0040998e-01 8.2622038e-01 3.4037650e-01 2.7662642e-01 5.0640968e-01 8.1770003e-01 9.7996406e-01 9.9597796e-01 9.6601546e-01
9.1106450e+00 9.2227390e+00 9.0641385e+00 8.9732087e+00 9.1846471e+00 8.8139291e+00 8.8243699e+00 9.2479374e+00 7.2496876e+00 6.3799296e+00 6.8467682e+00 5.8134072e+00 5.4670206e+00 7.6394361e+00 8.7843657e+00 8.4304284e+00 7.9555506e+00 7.8442108e+00 7.5630567e+00 7.1767749e+00 7.1727179e+00 6.8959046e+00 6.1705395e+00 5.9461510e+00 4.3289611e+00 7.1320018e-01 5.0613671e-01 6.4577756e-01 4.2694486e-01 8.6115331e-01 2.1406868e+00 2.2165551e+00 2.2335509e+00 2.2656460e+00 2.1257772e+00 1.9966376e+00 1.8860956e+00 1.7377211e+00 1.5958392e+00 1.2486051e+00 1.1279564e+00 7.3803813e-01 4.5418553e-01 1.2706917e-01 2.1322626e-01 4.1486357e-01 5.2697571e-01 3.3055572e-01 6.1126106e-01 7.4141480e-01
9.0697363e+00 9.1176284e+00 9.1507282e+00 9.3806979e+00 9.1509384e+00 8.7243709e+00 8.5270112e+00 8.5880922e+00 8.6627596e+00 7.6609434e+00 6.7797683e+00 7.3936317e+00 6.5267752e+00 8.0038199e+00 8.6661979e+00 8.4741992e+00 8.1415625e+00 8.1168797e+00 7.3204550e+00 7.1321466e+00 7.2017546e+00 6.5614385e+00 6.4158931e+00 6.7502382e+00 5.3464494e+00 1.7552617e+00 3.9353938e-01 2.8657976e-01 6.8512280e-01 1.7621974e+00 1.9184695e+00 1.9862055e+00 2.0456303e+00 2.1341085e+00 2.1741123e+00 1.9815377e+00 1.8123247e+00 1.6778423e+00 1.5980516e+00 1.5798591e+00 1.6070399e+00 1.4336678e+00 1.1962449e+00 1.0323892e+00 1.0109766e+00 7.9973753e-01 3.6576630e-01 2.0409308e-01 3.7845047e-01 5.2343789e-01
8.5303888e+00 8.5863139e+00 8.7365109e+00 9.0177459e+00 9.1551879e+00 8.5231991e+00 8.1185055e+00 8.4836831e+00 8.8916937e+00 9.3807033e+00 8.6045365e+00 8.8817650e+00 9.5365380e+00 9.5072506e+00 9.2388657e+00 8.7652673e+00 8.0887364e+00 7.6164137e+00 7.4253062e+00 7.2036905e+00 7.0980147e+00 5.6007707e+00 3.1541261e+00 4.3376366e+00 1.8812144e+00 5.5443820e-01 3.3029901e-01 4.2706643e-01 1.1983917e+00 1.3808415e+00 1.4204979e+00 1.4132637e+00 1.4037123e+00 1.3886686e+00 1.4183643e+00 1.4673362e+00 1.5445127e+00 1.5626439e+00 1.5889431e+00 1.5688651e+00 1.5295568e+00 1.4599648e+00 1.3661071e+00 1.2503645e+00 1.2472369e+00 1.1955458e+00 1.0551040e+00 9.6900662e-01 9.0788791e-01 5.5034230e-01
7.9415747e+00 8.1823054e+00 8.4302734e+00 8.7439019e+00 9.1256986e+00 9.3673530e+00 3.6449973e+00 5.7185841e+00 7.7695116e+00 9.8197913e+00 9.7688507e+00 9.5201761e+00 9.5817006e+00 9.6920973e+00 9.4469425e+00 9.1412112e+00 8.3958699e+00 7.8233663e+00 7.6499853e+00 7.4349899e+00 6.8586039e+00 6.2459552e+00 4.8507493e+00 1.1242885e+00 4.0800230e-01 1.9488823e-01 6.0732809e-01 3.3126492e+00 3.5130534e+00 2.8258862e+00 2.6944476e+00 2.2732712e+00 2.0527341e+00 2.0132451e+00 1.7785171e+00 1.6705520e+00 1.4534202e+00 1.3897557e+00 1.3594710e+00 1.3345338e+00 1.2603644e+00 1.2771477e+00 1.2920737e+00 1.3804591e+00 1.4659389e+00 1.3670502e+00 1.1448729e+00 9.9050117e-01 9.8265463e-01 9.4200429e-01
7.5550916e+00 7.8325611e+00 8.1613883e+00 8.4844911e+00 8.8826938e+00 9.4073648e+00 9.2466503e+00 8.2981110e+00 7.6895299e+00 9.1348935e+00 1.0096081e+01 1.0224871e+01 1.0022600e+01 9.7633910e+00 9.5373916e+00 9.3237649e+00 9.0756811e+00 8.7180809e+00 8.1997507e+00 7.5539743e+00 7.2914864e+00 5.3213961e+00 2.3072826e+00 2.3617254e-01 2.1819759e-01 4.4992275e-01 3.1725708e+00 5.4850002e+00 5.2391905e+00 4.8978740e+00 4.8933262e+00 4.8117431e+00 4.7246877e+00 4.7785331e+00 4.7026839e+00 4.6097131e+00 4.3690996e+00 4.4073459e+00 4.3619278e+00 3.9936218e+00 3.1255654e+00 2.6891499e+00 2.6595537e+00 2.7350543e+00 2.5608240e+00 2.5254382e+00 2.5458023e+00 2.6023497e+00 2.3085999e+00 1.7150988e+00
5.6050041e+00 6.1518818e+00 7.4029347e+00 8.2935645e+00 8.6238320e+00 9.1200963e+00 9.3311384e+00 9.1287003e+00 8.2634574e+00 7.7106116e+00 9.1569706e+00 9.9475177e+00 1.0252096e+01 9.8885532e+00 9.7065542e+00 9.6308108e+00 9.3329791e+00 8.9840436e+00 8.6554645e+00 7.7398285e+00 5.8928364e+00 2.4904395e+00 5.0857777e-01 2.6707030e-01 5.9051621e-01 3.8797375e+00 5.1984253e+00 5.3926316e+00 5.3436734e+00 5.2731408e+00 5.3975608e+00 5.4087504e+00 5.2672163e+00 5.2203142e+00 5.3209873e+00 5.2981676e+00 5.3239931e+00 5.2940507e+00 5.3445133e+00 5.2176052e+00 5.0047027e+00 4.8321729e+00 4.8340523e+00 4.8071241e+00 4.7431266e+00 4.7212776e+00 4.7277891e+00 4.7024989e+00 4.6176824e+00 4.4390793e+00
2.7264909e+00 1.6290453e+00 2.5835597e+00 6.9874063e+00 8.3368654e+00 9.0108928e+00 9.3104042e+00 9.3886197e+00 9.2363101e+00 8.2188243e+00 8.3642184e+00 9.3033534e+00 9.7113002e+00 9.7103039e+00 9.6964008e+00 9.6510202e+00 9.1763886e+00 8.5012131e+00 8.1626641e+00 6.7771881e+00 3.1106209e+00 5.9178128e-01 3.4157056e-01 4.7995362e-01 3.9118941e+00 5.7666523e+00 5.8056354e+00 5.8487328e+00 5.7350279e+00 5.6154364e+00 5.6180604e+00 5.5887863e+00 5.4322338e+00 5.3749300e+00 5.4457290e+00 5.4806086e+00 5.4932044e+00 5.4822104e+00 5.5671241e+00 5.5215296e+00 5.4617373e+00 5.3696456e+00 5.3028666e+00 5.2210987e+00 5.1742447e+00 5.1484656e+00 5.1304794e+00 5.1001958e+00 5.0589601e+00 4.9682051e+00
8.1932827e+00 7.0612068e+00 2.7119600e+00 2.5792611e+00 6.1345186e+00 8.6621649e+00 9.4670567e+00 9.5175450e+00 9.5027294e+00 9.0504898e+00 8.2587234e+00 8.4134706e+00 9.5884016e+00 9.7157136e+00 9.5388360e+00 9.3934995e+00 8.9937325e+00 8.3133239e+00 7.1144344e+00 3.4719956e+00 8.0896483e-01 2.9356289e-01 3.5086917e-01 3.6090103e+00 5.4456005e+00 5.6805547e+00 6.0617476e+00 6.2524619e+00 6.1225092e+00 6.0782022e+00 6.0091301e+00 5.7934488e+00 5.5885231e+00 5.5674906e+00 5.7251021e+00 5.7817394e+00 5.7613079e+00 5.8074993e+00 5.9863900e+00 5.8268343e+00 5.6682505e+00 5.5035924e+00 5.3766955e+00 5.2369271e+00 5.1712304e+00 5.1670272e+00 5.1825675e+00 5.1599313e+00 5.1169338e+00 5.0332464e+00
9.0611605e+00 8.9068847e+00 7.7824724e+00 2.5236586e+00 2.4906822e+00 7.5478835e+00 9.3946605e+00 9.4474679e+00 9.1126459e+00 8.6468533e+00 8.2263423e+00 8.6609846e+00 1.0549077e+01 1.0104850e+01 9.4546131e+00 9.2190713e+00 8.8134159e+00 7.0973174e+00 3.8579234e+00 9.3213628e-01 4.9520103e-01 4.4074861e-01 3.4103785e+00 5.6482653e+00 5.5605290e+00 5.5700328e+00 5.9744502e+00 6.1153582e+00 6.2825135e+00 6.4696198e+00 6.4130816e+00 6.1609081e+00 5.8624092e+00 5.8057129e+00 6.0280817e+00 6.1465003e+00 6.2045402e+00 6.1928961e+00 6.2612697e+00 6.0806777e+00 5.8555857e+00 5.7018623e+00 5.5169226e+00 5.3194865e+00 5.2097690e+00 5.2182714e+00 5.2715527e+00 5.3039257e+00 5.2765589e+00 5.1996338e+00
9.3641002e+00 9.0711894e+00 8.5797714e+00 6.9914765e+00 2.1825451e+00 2.8836404e+00 8.4364363e+00 9.2879817e+00 8.7667763e+00 8.5487444e+00 8.3274038e+00 9.3288295e+00 1.0388770e+01 1.0074581e+01 9.4865283e+00 9.2054301e+00 8.1330990e+00 3.8459723e+00 8.4478450e-01 6.0915085e-01 4.8659927e-01 3.1585499e+00 5.4678181e+00 5.7639922e+00 5.6924350e+00 5.7047302e+00 5.8618181e+00 6.0669737e+00 6.6387100e+00 6.6869395e+00 6.5699111e+00 6.3852747e+00 6.1650454e+00 6.0719249e+00 6.1675886e+00 6.3290933e+00 6.5197053e+00 6.3975945e+00 6.2777613e+00 6.1783114e+00 6.0280117e+00 5.8924700e+00 5.6404066e+00 5.4937603e+00 5.3068823e+00 5.2546839e+00 5.3723755e+00 5.4307394e+00 5.4128229e+00 5.3315153e+00
9.4151375e+00 9.1829328e+00 8.8260045e+00 8.3140308e+00 6.4464059e+00 1.5220731e+00 3.0387251e+00 6.5609055e+00 9.0792205e+00 8.3806648e+00 7.9558381e+00 8.4835822e+00 9.7037472e+00 9.7017231e+00 9.0006567e+00 8.5986177e+00 4.4135285e+00 7.3078989e-01 5.0120545e-01 4.9515705e-01 2.4721450e+00 5.3189347e+00 5.8277385e+00 5.7650987e+00 5.6757166e+00 5.6957761e+00 6.0481527e+00 6.4086999e+00 6.5572159e+00 6.6935489e+00 6.7458097e+00 6.5061002e+00 6.5293814e+00 6.4145610e+00 6.3655396e+00 6.3996312e+00 6.4890876e+00 6.4651331e+00 6.4046230e+00 6.5446521e+00 6.3480065e+00 6.1351687e+00 5.9216584e+00 5.7041306e+00 5.5270959e+00 5.5246236e+00 5.6110481e+00 5.6187055e+00 5.6414714e+00 5.5501046e+00
9.4271882e+00 9.2278884e+00 8.9667954e+00 8.5746787e+00 7.9210303e+00 4.8401452e+00 9.1010901e-01 1.7299922e+00 5.5742242e+00 6.7338020e+00 7.7220547e+00 7.7567965e+00 7.8324824e+00 8.4600805e+00 7.4925988e+00 4.3068544e+00 2.8582568e+00 1.5630933e+00 6.0097270e-01 2.4510192e+00 4.9657593e+00 5.4602668e+00 5.7801599e+00 6.0538087e+00 6.0776856e+00 6.1962112e+00 6.5454521e+00 6.7087311e+00 6.6013839e+00 6.9175777e+00 6.9676147e+00 6.6746331e+00 6.5873590e+00 6.6879937e+00 6.8306952e+00 6.9197110e+00 6.7938004e+00 6.6001828e+00 6.7410185e+00 7.2948792e+00 6.8815234e+00 6.5783658e+00 6.1642862e+00 6.0474562e+00 6.0452330e+00 6.0948757e+00 6.0737611e+00 5.9841138e+00 5.9244041e+00 5.8468517e+00
9.4594662e+00 9.2391677e+00 9.0035042e+00 8.7168445e+00 8.2720089e+00 7.5926996e+00 4.6644658e+00 5.8685488e-01 9.3752194e-01 1.8018380e+00 2.7390914e+00 5.3819857e+00 7.4273924e+00 7.5985425e+00 5.0407977e+00 4.7849480e+00 3.5072492e+00 9.8764228e-01 2.6653518e+00 5.1022604e+00 5.4050422e+00 5.5723026e+00 6.0194583e+00 6.3242825e+00 6.5500291e+00 6.6107744e+00 6.8312064e+00 6.8588302e+00 7.0139828e+00 7.3310677e+00 7.4991078e+00 7.0852063e+00 6.6895549e+00 7.1673736e+00 7.3848757e+00 7.4774915e+00 7.2349653e+00 7.0475515e+00 7.0998646e+00 7.1993972e+00 7.0328798e+00 6.8185941e+00 6.5679688e+00 6.4874852e+00 6.5568474e+00 6.6126913e+00 6.4640472e+00 6.2817532e+00 6.1559367e+00 6.0537068e+00
9.4658938e+00 9.2662614e+00 9.0477950e+00 8.8258142e+00 8.5726893e+00 8.1696174e+00 7.2991973e+00 3.2498939e+00 2.2950237e-01 1.3145738e+00 1.4142968e+00 1.6378058e+00 6.4323227e+00 4.5416398e+00 2.2966904e+00 3.8177062e+00 1.2157639e+00 2.4451330e+00 5.1866542e+00 5.8095025e+00 5.9583748e+00 6.2516864e+00 6.6467030e+00 6.8326884e+00 6.8168877e+00 6.8777055e+00 6.9907122e+00 6.9782200e+00 7.1363133e+00 7.7057852e+00 7.6140006e+00 7.3141135e+00 7.2175977e+00 7.5005702e+00 7.5886906e+00 7.4447601e+00 7.3518900e+00 7.4349935e+00 7.5843876e+00 7.4515581e+00 7.2756047e+00 7.1586552e+00 7.0659444e+00 6.9603225e+00 6.9519527e+00 6.9133208e+00 6.7463889e+00 6.5678285e+00 6.3680252e+00 6.2279591e+00
9.5545810e+00 9.2920952e+00 9.1417357e+00 8.9425106e+00 8.7359247e+00 8.2648978e+00 7.4919827e+00 4.8179119e+00 1.8486772e+00 4.0727145e-01 9.0707761e-01 1.4610132e+00 2.9316642e+00 1.2845544e+00 7.4835336e-01 1.1084711e+00 2.5769568e+00 5.0486635e+00 5.5461651e+00 6.0360691e+00 6.5874530e+00 6.8533124e+00 7.0345693e+00 6.9440345e+00 6.8594540e+00 7.1413146e+00 7.3286468e+00 7.1886337e+00 6.9822434e+00 7.5409483e+00 7.6523294e+00 7.5840751e+00 7.7099800e+00 7.6534761e+00 7.1706866e+00 6.7006982e+00 6.9885115e+00 7.3429349e+00 7.6210964e+00 7.5767083e+00 7.4971914e+00 7.4425390e+00 7.4821398e+00 7.3936223e+00 7.3151124e+00 7.2231128e+00 7.0875648e+00 6.8759592e+00 6.7322373e+00 6.5023934e+00
9.5828974e+00 9.4618280e+00 9.2176989e+00 9.1094917e+00 8.9152854e+00 8.7267203e+00 7.8398935e+00 5.6562833e+00 4.0311307e+00 4.3865532e-01 2.9617822e-01 8.2018753e-01 8.3325898e-01 6.8107474e-01 7.5413095e-01 2.7044602e+00 5.3130164e+00 5.6217600e+00 5.5229870e+00 5.8779915e+00 6.5217352e+00 6.9477382e+00 7.2204810e+00 7.2293901e+00 7.1396452e+00 7.3398181e+00 7.8075102e+00 7.6080666e+00 7.5492111e+00 7.8940663e+00 7.9939311e+00 7.9904301e+00 7.9689506e+00 7.7161376e+00 6.8234721e+00 5.9205030e+00 6.4411624e+00 7.0745625e+00 7.5483975e+00 7.7227001e+00 7.7022816e+00 7.5681625e+00 7.6816238e+00 7.6949189e+00 7.6541555e+00 7.5823408e+00 7.4858802e+00 7.3302498e+00 7.1252013e+00 6.8724270e+00
9.5916819e+00 9.5247702e+00 9.4319168e+00 9.1990605e+00 9.0814822e+00 9.0262779e+00 6.7771882e+00 4.3298744e+00 8.5962122e-01 1.1919093e-01 3.4795874e-01 4.5946871e-01 4.4235945e-01 3.1649725e-01 1.4128004e+00 4.4834092e+00 5.4881867e+00 5.1877295e+00 4.2077612e+00 2.2345563e+00 2.0580433e+00 5.7000576e+00 7.0458691e+00 7.4184349e+00 7.4718553e+00 7.2815275e+00 7.5639811e+00 7.6793785e+00 7.9336336e+00 8.2439682e+00 8.1263128e+00 7.9443407e+00 7.9534552e+00 7.8972627e+00 7.1794357e+00 6.4105473e+00 6.5803334e+00 7.0382690e+00 7.5587702e+00 7.8408936e+00 8.0479310e+00 7.8905977e+00 7.9528574e+00 7.9899268e+00 7.9663557e+00 7.9543596e+00 7.9959695e+00 7.7151201e+00 7.4373068e+00 7.2548515e+00
9.5423512e+00 9.5363252e+00 9.5428603e+00 9.4964001e+00 9.2924446e+00 8.8289564e+00 8.7876466e-01 0.0000000e+00 8.5107101e-04 9.7229550e-04 7.5785079e-02 0.0000000e+00 0.0000000e+00 2.8334848e-01 6.3303213e-01 1.9108714e+00 2.2910553e+00 1.6565688e+00 1.3132427e+00 1.3066820e+00 2.3637099e+00 5.6605912e+00 7.0175226e+00 7.6480590e+00 7.6014416e+00 7.4422269e+00 7.4486436e+00 7.5105468e+00 7.9438475e+00 8.1229931e+00 7.7595148e+00 7.0675448e+00 7.3867416e+00 7.6543125e+00 7.3728250e+00 7.0410870e+00 7.0095501e+00 7.1952115e+00 7.5590233e+00 7.8479664e+00 8.0755680e+00 8.1069129e+00 8.1667082e+00 8.2612973e+00 8.2534589e+00 8.2374684e+00 8.2243290e+00 7.9834720e+00 7.7765408e+00 7.6139374e+00
9.5330982e+00 9.4555967e+00 9.5025016e+00 9.4888849e+00 9.4470211e+00 9.0705636e+00 2.9558899e+00 1.2340736e-03 2.0067091e-02 6.1138031e-02 1.3990041e-02 0.0000000e+00 0.0000000e+00 8.4794483e-02 2.5019119e-01 8.5666309e-01 1.5377207e+00 1.3890034e+00 1.4693866e+00 3.3233283e+00 5.2710008e+00 6.4648478e+00 7.1174747e+00 7.4798140e+00 7.4531581e+00 7.5105012e+00 7.4380025e+00 7.4132970e+00 7.7030711e+00 7.8846406e+00 7.3755059e+00 6.0809407e+00 6.6889078e+00 7.4289868e+00 7.5612458e+00 7.4916902e+00 7.3869034e+00 7.3650177e+00 7.6084211e+00 7.8672680e+00 8.0489346e+00 8.1634721e+00 8.2784936e+00 8.4424291e+00 8.4382669e+00 8.3866560e+00 8.3307289e+00 8.1641461e+00 8.0027912e+00 7.9294474e+00
