presentation/data/depth_0039.asc
ncols     164
nrows     146
xllcorner -1.242151388888889e+02
yllcorner  4.172986111111111e+01
cellsize  2.777777777820000e-04
nodata_value       -9999
[rows 44 to 65 of 146, columns 100 to 149 of 164]
4.6454209e-01 4.6706327e-01 5.0937289e-01 1.0412621e+00 1.3931661e+00 1.0622366e+00 8.5861463e-01 8.2971027e-01 5.5683508e-01 4.8579438e-01 4.8701957e-01 4.8903065e-01 4.9018729e-01 4.9246533e-01 4.9352681e-01 5.5992090e-01 9.8087792e-01 1.6245516e+00 1.4479037e+00 8.0694981e-01 5.2237800e-01 4.9069297e-01 4.0499853e-01 2.6760664e-01 1.2503235e-01 2.8066243e-03 1.1337831e-03 9.9978793e-04 9.9876607e-04 9.9624982e-04 9.8633309e-04 9.9997394e-04 9.5575894e-04 0.0000000e+00 0.0000000e+00 0.0000000e+00 0.0000000e+00 0.0000000e+00 0.0000000e+00 0.0000000e+00 0.0000000e+00 0.0000000e+00 0.0000000e+00 0.0000000e+00 0.0000000e+00 0.0000000e+00 0.0000000e+00 0.0000000e+00 0.0000000e+00 0.0000000e+00
4.5668752e-01 4.7564847e-01 9.2259219e-01 1.4564019e+00 8.8483641e-01 6.4029185e-01 6.6076704e-01 5.4874102e-01 4.7461434e-01 4.7476451e-01 4.7839308e-01 4.8173298e-01 4.8429627e-01 4.8929472e-01 5.0575664e-01 7.7510553e-01 1.4261689e+00 1.6454334e+00 9.8588983e-01 5.5872963e-01 4.9635483e-01 4.6878448e-01 3.2942619e-01 1.8723587e-01 5.4839844e-02 9.9756727e-04 9.9676211e-04 9.9878762e-04 9.9874694e-04 0.0000000e+00 0.0000000e+00 0.0000000e+00 0.0000000e+00 0.0000000e+00 0.0000000e+00 0.0000000e+00 0.0000000e+00 0.0000000e+00 0.0000000e+00 0.0000000e+00 0.0000000e+00 0.0000000e+00 0.0000000e+00 0.0000000e+00 0.0000000e+00 0.0000000e+00 0.0000000e+00 0.0000000e+00 0.0000000e+00 0.0000000e+00
4.6764668e-01 7.4555009e-01 1.4204996e+00 1.3214308e+00 6.4068049e-01 5.7188660e-01 5.2262376e-01 4.6846462e-01 4.7148282e-01 4.7037561e-01 4.7204256e-01 4.7348767e-01 4.7787912e-01 5.0423510e-01 6.7252213e-01 1.1533680e+00 1.7326769e+00 1.2612723e+00 6.6970928e-01 4.9665780e-01 4.9602984e-01 4.4608066e-01 3.1180662e-01 1.4848288e-01 5.5981358e-03 9.8884738e-04 9.9687194e-04 9.9578192e-04 9.9938701e-04 0.0000000e+00 0.0000000e+00 0.0000000e+00 0.0000000e+00 0.0000000e+00 0.0000000e+00 0.0000000e+00 0.0000000e+00 0.0000000e+00 0.0000000e+00 0.0000000e+00 0.0000000e+00 0.0000000e+00 0.0000000e+00 0.0000000e+00 0.0000000e+00 0.0000000e+00 0.0000000e+00 0.0000000e+00 0.0000000e+00 0.0000000e+00
9.0708064e-01 1.4569055e+00 1.5183578e+00 9.6021641e-01 5.8820433e-01 5.3232157e-01 4.6962402e-01 4.6400925e-01 4.6871405e-01 4.6704701e-01 4.6926426e-01 4.7121280e-01 5.4037050e-01 8.5758091e-01 1.3066630e+00 1.6697900e+00 1.4435063e+00 8.3996395e-01 5.2546109e-01 4.9325378e-01 4.9840775e-01 4.8959750e-01 4.0385421e-01 2.2791036e-01 2.6602160e-02 9.9394928e-04 9.9908498e-04 9.9981902e-04 9.9817111e-04 0.0000000e+00 0.0000000e+00 0.0000000e+00 0.0000000e+00 0.0000000e+00 0.0000000e+00 0.0000000e+00 0.0000000e+00 0.0000000e+00 0.0000000e+00 0.0000000e+00 0.0000000e+00 0.0000000e+00 0.0000000e+00 0.0000000e+00 0.0000000e+00 0.0000000e+00 0.0000000e+00 0.0000000e+00 0.0000000e+00 0.0000000e+00
1.4084862e+00 1.5342253e+00 1.0904090e+00 6.7722967e-01 5.9692722e-01 4.7430595e-01 4.5843331e-01 4.5950691e-01 4.5929488e-01 4.6254844e-01 4.6603606e-01 5.4548698e-01 8.6533208e-01 1.4387782e+00 1.6621568e+00 1.1843539e+00 8.1434697e-01 5.5777412e-01 4.8562148e-01 4.8752240e-01 4.9296678e-01 4.8055319e-01 4.3589340e-01 3.1847422e-01 9.5071299e-02 9.9782395e-04 9.9890775e-04 9.9646686e-04 9.9856510e-04 0.0000000e+00 0.0000000e+00 0.0000000e+00 0.0000000e+00 0.0000000e+00 0.0000000e+00 0.0000000e+00 0.0000000e+00 0.0000000e+00 0.0000000e+00 0.0000000e+00 0.0000000e+00 0.0000000e+00 0.0000000e+00 0.0000000e+00 0.0000000e+00 0.0000000e+00 0.0000000e+00 0.0000000e+00 0.0000000e+00 0.0000000e+00
1.3246706e+00 9.4911244e-01 6.3466762e-01 6.4579202e-01 5.9708317e-01 4.6334701e-01 4.5236053e-01 4.5425857e-01 4.5834845e-01 4.5720071e-01 5.1467325e-01 8.2438935e-01 1.4366303e+00 1.6476401e+00 1.0953809e+00 6.3995893e-01 4.9643246e-01 4.8732777e-01 4.8567653e-01 4.8830552e-01 4.8536045e-01 4.0312760e-01 2.7393434e-01 1.8798038e-01 2.8782704e-02 9.9920467e-04 9.9897651e-04 9.9756771e-04 0.0000000e+00 0.0000000e+00 0.0000000e+00 0.0000000e+00 0.0000000e+00 0.0000000e+00 0.0000000e+00 0.0000000e+00 0.0000000e+00 0.0000000e+00 0.0000000e+00 0.0000000e+00 0.0000000e+00 0.0000000e+00 0.0000000e+00 0.0000000e+00 0.0000000e+00 0.0000000e+00 0.0000000e+00 0.0000000e+00 0.0000000e+00 0.0000000e+00
5.8509064e-01 4.5319120e-01 5.1656946e-01 6.1914175e-01 6.4008665e-01 5.4055923e-01 4.5003906e-01 4.4797026e-01 4.5208019e-01 4.8798373e-01 7.6235866e-01 1.3506384e+00 1.6555104e+00 1.1083422e+00 6.2717606e-01 4.8032314e-01 4.7829451e-01 4.8563672e-01 4.8576114e-01 4.8850545e-01 4.9214801e-01 4.3013444e-01 2.7173435e-01 9.6106676e-02 1.0001329e-03 1.2489686e-03 9.9974514e-04 9.9873760e-04 2.1978395e-04 0.0000000e+00 0.0000000e+00 0.0000000e+00 0.0000000e+00 0.0000000e+00 0.0000000e+00 0.0000000e+00 0.0000000e+00 0.0000000e+00 0.0000000e+00 0.0000000e+00 0.0000000e+00 0.0000000e+00 0.0000000e+00 0.0000000e+00 0.0000000e+00 0.0000000e+00 0.0000000e+00 0.0000000e+00 0.0000000e+00 0.0000000e+00
4.3928045e-01 4.3840027e-01 4.5063754e-01 4.9941302e-01 5.4011866e-01 5.4803585e-01 4.6050662e-01 4.4145597e-01 4.6357837e-01 6.8255414e-01 1.2253772e+00 1.6905386e+00 1.1597302e+00 6.6336631e-01 4.7591174e-01 4.6963801e-01 4.7654805e-01 4.8373389e-01 4.8521226e-01 4.8777060e-01 4.8087571e-01 3.8094308e-01 2.5015732e-01 6.6963541e-02 1.0009937e-03 1.9768927e-03 1.0884728e-03 9.9973923e-04 9.9572141e-04 3.5961031e-04 0.0000000e+00 0.0000000e+00 0.0000000e+00 0.0000000e+00 0.0000000e+00 0.0000000e+00 0.0000000e+00 0.0000000e+00 0.0000000e+00 0.0000000e+00 0.0000000e+00 0.0000000e+00 0.0000000e+00 0.0000000e+00 0.0000000e+00 0.0000000e+00 0.0000000e+00 0.0000000e+00 0.0000000e+00 0.0000000e+00
4.2431115e-01 4.2458636e-01 4.2523381e-01 4.3199024e-01 4.3413372e-01 4.3935841e-01 4.2713230e-01 4.3404588e-01 5.9011841e-01 1.1205522e+00 1.6698133e+00 1.2624227e+00 6.9445519e-01 4.6515361e-01 4.5772772e-01 4.6581073e-01 4.7249272e-01 4.7128407e-01 4.4897908e-01 4.0459536e-01 3.3794159e-01 2.3549884e-01 9.7967703e-02 1.0003544e-03 3.3260392e-03 2.5547736e-03 1.5785919e-03 9.9887528e-04 9.9943188e-04 9.9896903e-04 4.3798407e-04 0.0000000e+00 0.0000000e+00 0.0000000e+00 0.0000000e+00 0.0000000e+00 0.0000000e+00 0.0000000e+00 0.0000000e+00 0.0000000e+00 0.0000000e+00 0.0000000e+00 0.0000000e+00 0.0000000e+00 0.0000000e+00 0.0000000e+00 0.0000000e+00 0.0000000e+00 0.0000000e+00 0.0000000e+00
4.0782639e-01 4.0904192e-01 4.1025450e-01 4.1488090e-01 4.1241354e-01 4.0895843e-01 4.1893793e-01 5.8552252e-01 1.0113507e+00 1.6197867e+00 1.3671450e+00 7.5413950e-01 4.6076011e-01 4.0499635e-01 3.9287991e-01 3.7405068e-01 3.4687775e-01 3.1938959e-01 2.5487594e-01 1.8782346e-01 1.1038281e-01 2.7465764e-02 1.0110798e-03 3.7885373e-03 3.5002963e-03 2.6663785e-03 1.7434923e-03 1.0030261e-03 9.9669372e-04 9.9933799e-04 9.9754849e-04 2.0593577e-05 3.6915611e-04 0.0000000e+00 0.0000000e+00 0.0000000e+00 0.0000000e+00 0.0000000e+00 0.0000000e+00 0.0000000e+00 0.0000000e+00 0.0000000e+00 0.0000000e+00 0.0000000e+00 0.0000000e+00 0.0000000e+00 0.0000000e+00 0.0000000e+00 0.0000000e+00 0.0000000e+00
3.8762856e-01 3.9021340e-01 3.9243440e-01 3.9499188e-01 3.9316372e-01 4.0186020e-01 6.0888799e-01 1.1315460e+00 1.5826884e+00 1.4469118e+00 8.4502198e-01 4.7540693e-01 3.3457936e-01 2.6188782e-01 2.0794376e-01 1.5680135e-01 1.0780097e-01 4.8476145e-02 1.8864252e-02 9.8891658e-04 1.0042637e-03 1.6200465e-03 3.7395462e-03 3.8072592e-03 3.3687289e-03 2.6619112e-03 1.7986202e-03 1.0451840e-03 9.9700658e-04 9.9605985e-04 9.9931214e-04 9.9927392e-04 9.9720736e-04 6.3052046e-04 2.5297531e-04 0.0000000e+00 0.0000000e+00 0.0000000e+00 0.0000000e+00 0.0000000e+00 0.0000000e+00 0.0000000e+00 0.0000000e+00 0.0000000e+00 0.0000000e+00 0.0000000e+00 0.0000000e+00 0.0000000e+00 0.0000000e+00 0.0000000e+00
3.6114031e-01 3.6578212e-01 3.6923196e-01 3.7392134e-01 3.9806632e-01 6.3694030e-01 1.1765051e+00 1.6829850e+00 1.5917658e+00 1.0174571e+00 5.2094083e-01 3.3679146e-01 2.3310101e-01 1.4787075e-01 6.0088277e-02 2.0452934e-02 9.9095960e-04 9.9584310e-04 1.4572082e-03 3.1061517e-03 3.2818012e-03 3.4088197e-03 3.4936127e-03 3.5892289e-03 3.3355389e-03 2.7933738e-03 2.0069460e-03 1.2364647e-03 9.9939622e-04 9.9901936e-04 9.9907078e-04 9.9734034e-04 9.9896841e-04 9.9772629e-04 9.9769818e-04 0.0000000e+00 0.0000000e+00 0.0000000e+00 0.0000000e+00 0.0000000e+00 0.0000000e+00 0.0000000e+00 0.0000000e+00 0.0000000e+00 0.0000000e+00 0.0000000e+00 0.0000000e+00 0.0000000e+00 0.0000000e+00 0.0000000e+00
3.3290139e-01 3.3915496e-01 3.4919140e-01 3.9757662e-01 6.6366338e-01 1.1915371e+00 1.6580663e+00 1.5666158e+00 1.0268834e+00 5.8231791e-01 4.0214111e-01 3.3165269e-01 2.4907179e-01 1.6437733e-01 5.9038990e-02 9.9324404e-04 1.5790237e-03 1.7427879e-03 2.5671796e-03 2.7671238e-03 3.1820330e-03 3.3108381e-03 3.1265733e-03 3.4334619e-03 3.3245337e-03 2.9146714e-03 2.4392066e-03 1.7350998e-03 1.0236006e-03 9.9974247e-04 9.9878197e-04 9.9848142e-04 9.9865896e-04 9.9924376e-04 9.9893915e-04 0.0000000e+00 0.0000000e+00 0.0000000e+00 0.0000000e+00 0.0000000e+00 0.0000000e+00 0.0000000e+00 0.0000000e+00 0.0000000e+00 0.0000000e+00 0.0000000e+00 0.0000000e+00 0.0000000e+00 0.0000000e+00 0.0000000e+00
6.5694750e-01 6.6465482e-01 7.1498331e-01 9.1881930e-01 1.3301416e+00 1.6636346e+00 1.5072651e+00 1.0538684e+00 6.7602541e-01 5.0808513e-01 4.3982894e-01 3.8513691e-01 3.2859800e-01 2.1263534e-01 1.0088730e-01 9.9008723e-04 3.4955159e-03 2.5524203e-03 1.2227062e-03 1.1983397e-03 1.8856595e-03 3.2039703e-03 3.6807868e-03 3.0926644e-03 3.0960955e-03 2.9696547e-03 2.8143170e-03 2.2536467e-03 1.4558548e-03 9.9961600e-04 9.9826264e-04 9.9929957e-04 9.9895086e-04 9.9874017e-04 9.9881575e-04 0.0000000e+00 0.0000000e+00 0.0000000e+00 0.0000000e+00 0.0000000e+00 0.0000000e+00 0.0000000e+00 0.0000000e+00 0.0000000e+00 0.0000000e+00 0.0000000e+00 0.0000000e+00 0.0000000e+00 0.0000000e+00 0.0000000e+00
1.5327926e+00 1.5444179e+00 1.5622014e+00 1.6306651e+00 1.6622553e+00 1.4037337e+00 1.0065907e+00 7.4597765e-01 6.5115658e-01 5.6024798e-01 4.7622316e-01 3.9798399e-01 3.5547644e-01 2.4533274e-01 1.3091619e-01 1.1976134e-02 2.6530341e-03 3.3866002e-03 1.8953147e-03 1.7022171e-03 1.6488052e-03 1.3390429e-03 2.1919325e-03 2.5585932e-03 2.5223135e-03 2.5529791e-03 2.5406973e-03 2.0604733e-03 1.2154708e-03 9.9854495e-04 9.9819140e-04 9.9930407e-04 9.9874644e-04 9.9798748e-04 9.9832948e-04 9.9954235e-04 0.0000000e+00 0.0000000e+00 0.0000000e+00 0.0000000e+00 0.0000000e+00 0.0000000e+00 0.0000000e+00 0.0000000e+00 0.0000000e+00 0.0000000e+00 0.0000000e+00 0.0000000e+00 0.0000000e+00 0.0000000e+00
1.2928403e+00 1.3249621e+00 1.3297099e+00 1.2985044e+00 1.1648857e+00 9.3879915e-01 7.4448092e-01 6.9869890e-01 6.1832007e-01 5.4918471e-01 4.8073433e-01 4.0292608e-01 3.6815801e-01 2.6911540e-01 1.5679841e-01 3.3907281e-02 1.1639837e-03 5.0826645e-03 6.6112951e-03 5.1692820e-03 3.7739936e-03 2.9806308e-03 2.5368534e-03 2.2599507e-03 1.8448017e-03 1.7045820e-03 1.4014572e-03 1.0571630e-03 9.9889357e-04 9.9904850e-04 9.9875355e-04 9.9892858e-04 9.9869560e-04 9.9885540e-04 9.9921032e-04 9.9945887e-04 9.9960406e-04 9.9923996e-04 0.0000000e+00 0.0000000e+00 0.0000000e+00 0.0000000e+00 0.0000000e+00 0.0000000e+00 0.0000000e+00 0.0000000e+00 0.0000000e+00 0.0000000e+00 0.0000000e+00 0.0000000e+00
6.7030996e-01 7.4108096e-01 7.8448486e-01 7.9175629e-01 7.7667412e-01 7.4591706e-01 6.9022143e-01 6.7455728e-01 6.0278826e-01 5.6478953e-01 4.8551579e-01 4.2800596e-01 3.7852018e-01 3.1227193e-01 1.9764621e-01 6.8401230e-02 2.5571776e-03 8.4857861e-03 5.2622134e-03 5.3697594e-03 5.0509836e-03 4.1077094e-03 3.1183246e-03 2.2593437e-03 1.7593473e-03 1.0856281e-03 9.9808397e-04 9.9889750e-04 9.9638173e-04 9.9632476e-04 9.9609489e-04 9.9823838e-04 9.9897322e-04 9.9989956e-04 9.9961584e-04 9.9862913e-04 9.9996865e-04 9.9986279e-04 9.9992806e-04 2.2313424e-04 0.0000000e+00 0.0000000e+00 0.0000000e+00 0.0000000e+00 0.0000000e+00 0.0000000e+00 0.0000000e+00 0.0000000e+00 0.0000000e+00 0.0000000e+00
5.4710648e-01 5.9382935e-01 5.9041796e-01 6.3113031e-01 6.5185221e-01 6.6813705e-01 6.6845908e-01 6.2497121e-01 5.8274201e-01 5.6129463e-01 4.8523367e-01 4.4206461e-01 3.8254611e-01 3.1897902e-01 2.0295494e-01 7.7167203e-02 1.3258190e-03 6.6228546e-03 4.5797907e-03 2.4568976e-03 9.9618172e-04 9.9717615e-04 9.9726261e-04 1.0028904e-03 9.9772620e-04 1.0013161e-03 1.3126305e-03 1.4701125e-03 1.1543894e-03 9.9941542e-04 9.9981661e-04 9.9779838e-04 9.9962799e-04 9.9938908e-04 9.9941156e-04 9.9952388e-04 9.9992678e-04 9.9948228e-04 9.9875047e-04 9.9903756e-04 9.9874011e-04 0.0000000e+00 0.0000000e+00 0.0000000e+00 0.0000000e+00 0.0000000e+00 0.0000000e+00 0.0000000e+00 0.0000000e+00 0.0000000e+00
4.0269286e-01 4.1038480e-01 4.4588486e-01 5.0625448e-01 5.3740112e-01 5.6912105e-01 5.8012914e-01 5.7312331e-01 5.6968111e-01 5.3041451e-01 4.7742849e-01 4.1106981e-01 3.7970955e-01 3.1441227e-01 1.9512465e-01 4.5769981e-02 2.3651018e-03 4.7264898e-03 2.3462198e-03 9.9650496e-04 9.9848605e-04 9.9714006e-04 9.9948090e-04 1.2684624e-03 1.9379873e-03 2.2972835e-03 2.5811694e-03 2.6356073e-03 2.3839166e-03 1.7556827e-03 1.0947693e-03 9.9919247e-04 9.9941582e-04 9.9833391e-04 9.9843733e-04 9.9918770e-04 9.9996939e-04 9.9957635e-04 9.9987114e-04 9.9893518e-04 9.9964180e-04 9.9882149e-04 0.0000000e+00 0.0000000e+00 0.0000000e+00 0.0000000e+00 0.0000000e+00 0.0000000e+00 0.0000000e+00 0.0000000e+00
3.2869024e-01 3.3927545e-01 3.5108074e-01 3.7361655e-01 4.1284164e-01 4.4451080e-01 4.6407186e-01 4.9715978e-01 5.0224569e-01 4.8140985e-01 4.6414993e-01 3.9593129e-01 3.7335090e-01 2.8171319e-01 1.5820080e-01 3.1573189e-02 4.4327995e-03 4.8142722e-03 2.9659585e-03 9.9360509e-04 9.9663602e-04 9.9755390e-04 1.6745282e-03 2.6478073e-03 3.0256811e-03 3.1227155e-03 3.2028430e-03 3.2707331e-03 3.1078033e-03 2.8019203e-03 2.0793278e-03 1.2108319e-03 9.9943300e-04 9.9935368e-04 9.9929834e-04 9.9946154e-04 9.9881797e-04 9.9895823e-04 9.9933228e-04 9.9927531e-04 9.9930095e-04 9.9939033e-04 9.9908701e-04 9.9979627e-04 0.0000000e+00 0.0000000e+00 0.0000000e+00 0.0000000e+00 0.0000000e+00 0.0000000e+00
3.1738023e-01 3.2800865e-01 3.3747768e-01 3.4766832e-01 3.5368010e-01 3.6058782e-01 3.6977927e-01 3.9210599e-01 4.0460992e-01 4.0555737e-01 3.9235913e-01 3.7701268e-01 3.6720759e-01 2.7643795e-01 1.5188840e-01 3.2935899e-02 2.0518315e-02 2.5810142e-02 2.2789632e-02 1.9429166e-02 1.3996034e-02 5.8729472e-03 2.3156109e-03 1.6808422e-03 2.5464195e-03 3.7912908e-03 3.8593355e-03 3.7717803e-03 3.5969553e-03 3.3710649e-03 2.8621602e-03 2.1097546e-03 1.2226620e-03 9.9960822e-04 9.9952655e-04 9.9914773e-04 9.9972992e-04 9.9981862e-04 9.9941824e-04 9.9878351e-04 9.9966341e-04 9.9869913e-04 9.9874252e-04 9.9886671e-04 9.9934818e-04 9.9930312e-04 9.9984279e-04 0.0000000e+00 0.0000000e+00 0.0000000e+00
3.0440895e-01 3.1637619e-01 3.2769797e-01 3.3778323e-01 3.4414176e-01 3.5059638e-01 3.5640386e-01 3.6130661e-01 3.6674462e-01 3.6703351e-01 3.5835143e-01 3.3193059e-01 2.6761112e-01 1.6420790e-01 3.9201185e-02 9.9597136e-04 1.9538245e-03 1.0086036e-03 1.1198911e-03 3.9720809e-03 9.3459642e-03 1.4704883e-02 1.2950725e-02 8.4051436e-03 7.2064398e-03 4.9467760e-03 4.4699698e-03 4.0904002e-03 3.7067696e-03 3.1994514e-03 2.7575552e-03 2.4331253e-03 2.1160201e-03 1.3301319e-03 9.9888459e-04 9.9970035e-04 9.9957585e-04 9.9887893e-04 9.9922004e-04 9.9989966e-04 9.9964072e-04 9.9902962e-04 9.9848992e-04 9.9860767e-04 9.9881250e-04 9.9872891e-04 9.9957152e-04 9.9959450e-04 0.0000000e+00 0.0000000e+00
