presentation/data/depth_0032.asc
ncols     164
nrows     146
xllcorner -1.242151388888889e+02
yllcorner  4.172986111111111e+01
cellsize  2.777777777820000e-04
nodata_value       -9999
[rows 110 to 131 of 146, columns 50 to 99 of 164]
6.4577868e+00 5.8599758e+00 4.6558925e+00 2.7757762e+00 7.5468529e-01 5.9920498e-01 5.2092410e-01 6.6412065e-01 1.4788499e-01 1.2337596e+00 2.6675443e+00 3.1119110e+00 3.2780133e+00 1.6362467e+00 1.1695383e+00 5.2956121e-01 4.7729546e-02 4.8137780e-04 4.6834504e+00 5.2923261e+00 5.5165870e+00 5.8924600e+00 6.2096946e+00 6.4670977e+00 6.6288947e+00 6.6527890e+00 6.5408633e+00 6.6287134e+00 7.0411847e+00 7.3819483e+00 7.7261407e+00 7.8310135e+00 8.1253262e+00 8.1707398e+00 8.2585469e+00 8.3143658e+00 8.4034548e+00 8.4457218e+00 8.4598691e+00 8.4584978e+00 8.4758664e+00 8.4480868e+00 8.3878932e+00 8.2543118e+00 8.1535392e+00 8.0599858e+00 8.0467605e+00 8.0486828e+00 8.0406493e+00 8.0441995e+00
7.9639399e+00 7.9583131e+00 6.7000135e+00 3.8499379e+00 2.8551142e-01 1.0019009e-01 8.6676536e-01 6.0247513e-01 1.2673471e+00 2.4132553e+00 3.4358109e+00 4.4013074e+00 5.0648455e+00 8.4899042e-01 1.4679179e+00 2.4773229e+00 2.9100134e-01 2.0413640e-02 1.3756998e+00 4.6622351e+00 5.1428872e+00 5.4808388e+00 5.7994960e+00 6.0547631e+00 6.2497680e+00 6.3466323e+00 6.3541297e+00 6.2513203e+00 6.4389728e+00 6.9311553e+00 7.3060185e+00 7.6020003e+00 7.7852788e+00 8.0383786e+00 8.1077327e+00 8.1601977e+00 8.2112254e+00 8.2556664e+00 8.2609429e+00 8.2600585e+00 8.2217816e+00 8.1475362e+00 8.0359446e+00 7.9236699e+00 7.8539551e+00 7.8304195e+00 7.8679273e+00 7.9136940e+00 7.9483819e+00 7.9583859e+00
9.0943575e+00 9.3190309e+00 8.4651997e+00 5.2131813e+00 8.4323637e-04 0.0000000e+00 4.4353411e-04 2.8589095e-01 1.5250405e+00 3.1161989e+00 4.5080148e+00 5.5776491e+00 6.4461434e+00 6.5896245e+00 6.8225654e+00 6.4719003e+00 5.0971467e+00 1.1086651e-03 5.6352233e-04 2.2729698e+00 4.8240119e+00 5.1654303e+00 5.4311967e+00 5.6933622e+00 5.8978690e+00 6.0373165e+00 6.1133213e+00 6.1070385e+00 6.1073505e+00 6.4858223e+00 6.9249391e+00 7.2527636e+00 7.5070020e+00 7.6983322e+00 7.8112707e+00 7.7967072e+00 7.6722375e+00 7.7022202e+00 7.6969673e+00 7.6898248e+00 7.6872379e+00 7.6351568e+00 7.5952677e+00 7.5501797e+00 7.5407579e+00 7.5932800e+00 7.7259062e+00 7.8135205e+00 7.8832422e+00 7.9375640e+00
1.0128064e+01 9.2116591e+00 9.2485856e+00 6.4261975e+00 8.4068101e-04 0.0000000e+00 0.0000000e+00 3.7825197e-04 3.2468277e+00 4.5662231e+00 5.9581280e+00 6.4508203e+00 7.0728284e+00 7.4558755e+00 7.8448573e+00 7.2517490e+00 6.8268466e+00 5.5315372e+00 1.1119558e-03 1.1975247e-02 4.2460334e+00 4.9993905e+00 5.1095664e+00 5.3819937e+00 5.5836990e+00 5.7563367e+00 5.8822649e+00 5.9973034e+00 6.1664661e+00 6.2837191e+00 6.6845767e+00 7.0066560e+00 7.2412347e+00 7.3486894e+00 7.2604802e+00 6.9474793e+00 6.7392354e+00 6.7389489e+00 6.8780600e+00 6.9642153e+00 7.0231132e+00 7.0746795e+00 7.1648050e+00 7.2698350e+00 7.3285916e+00 7.4394307e+00 7.5677227e+00 7.7354063e+00 7.8711481e+00 7.9557287e+00
1.0647204e+01 1.1019995e+01 1.0649928e+01 8.8333983e+00 5.3859764e+00 1.8299699e+00 1.3858037e-01 2.6020977e-01 6.9732819e+00 6.2977660e+00 7.3824448e+00 6.0664512e+00 7.1400149e+00 7.5963254e+00 8.0249756e+00 7.8925081e+00 7.2536791e+00 6.8741432e+00 2.4371882e+00 5.1759575e-01 1.6974675e+00 4.9115089e+00 4.8918726e+00 5.0735511e+00 5.2947815e+00 5.4930222e+00 5.6464507e+00 5.8378854e+00 6.1460559e+00 6.4647632e+00 6.5484835e+00 6.7440958e+00 6.8514907e+00 6.7075282e+00 6.3415497e+00 6.0316997e+00 5.9568563e+00 6.2888225e+00 6.5134554e+00 6.5178691e+00 6.6036986e+00 6.6731346e+00 6.8634075e+00 7.0670796e+00 7.2164692e+00 7.3466670e+00 7.5488052e+00 7.7665544e+00 7.9827759e+00 8.0624255e+00
1.0783894e+01 1.1267364e+01 1.0972734e+01 7.7179007e+00 8.8049449e+00 8.4293122e+00 7.2234641e+00 7.9242321e+00 8.5479620e+00 8.4509194e+00 7.9981821e+00 7.6752817e+00 9.0317501e+00 8.9562017e+00 8.2886657e+00 8.2355295e+00 8.2316675e+00 7.3260779e+00 4.7292241e+00 3.0523438e-01 9.2056845e-02 3.4948466e+00 4.8732199e+00 4.8582127e+00 5.0608519e+00 5.2481895e+00 5.4274762e+00 5.6406233e+00 5.9747744e+00 6.3210371e+00 6.5570658e+00 6.4542800e+00 6.3167978e+00 5.9083507e+00 5.6269914e+00 5.4766806e+00 5.5071782e+00 5.9052987e+00 6.2756902e+00 6.2180508e+00 6.3352118e+00 6.5200848e+00 6.7426781e+00 6.9478075e+00 7.1244919e+00 7.3143601e+00 7.5749665e+00 7.8635818e+00 8.1696311e+00 8.2410588e+00
1.1163005e+01 1.1320488e+01 1.1408618e+01 1.1931242e+01 1.1223207e+01 1.0907110e+01 1.0927939e+01 1.0614946e+01 1.0112684e+01 9.4357524e+00 9.3367196e+00 9.4056467e+00 9.4072766e+00 9.2517719e+00 8.8315577e+00 9.0368800e+00 8.8053956e+00 7.9466696e+00 6.8433005e+00 3.0949439e+00 2.3048657e-02 6.3113057e-04 3.9688847e+00 4.7607144e+00 4.8592781e+00 5.0465464e+00 5.2437788e+00 5.4468893e+00 5.7363827e+00 6.0095854e+00 6.2725684e+00 6.1723247e+00 5.7528297e+00 5.4362017e+00 5.2452105e+00 5.2339918e+00 5.2657171e+00 5.3981909e+00 5.5939201e+00 5.8535357e+00 6.1215250e+00 6.3992474e+00 6.6599777e+00 6.8581486e+00 7.0433105e+00 7.2727954e+00 7.6136354e+00 8.3299018e+00 8.3290582e+00 8.2090329e+00
1.2390812e+01 1.2256981e+01 1.1925804e+01 1.1308887e+01 1.1750413e+01 1.1565523e+01 1.1200317e+01 1.1098872e+01 1.0305825e+01 1.0104410e+01 9.9500180e+00 1.0128430e+01 1.0136641e+01 9.8235385e+00 8.9449715e+00 8.9330508e+00 8.5190861e+00 7.7220154e+00 7.8043463e+00 7.2490333e+00 4.1686965e+00 9.7089959e-04 9.8178762e-01 4.2588957e+00 4.7389567e+00 4.8070394e+00 4.9217762e+00 5.0545966e+00 5.2087146e+00 5.3417219e+00 5.4915832e+00 5.5290862e+00 5.3699593e+00 5.1357491e+00 4.9729460e+00 4.8780213e+00 4.9346380e+00 5.1109373e+00 5.3274175e+00 5.7285980e+00 6.0339862e+00 6.2568222e+00 6.5528439e+00 6.7912193e+00 6.9892078e+00 7.2031284e+00 7.1762368e+00 7.5059376e+00 8.2060521e+00 8.2115665e+00
1.2694836e+01 1.3166945e+01 1.2915441e+01 1.2565221e+01 1.2182583e+01 1.1521651e+01 1.1360789e+01 1.1165841e+01 1.1104106e+01 1.0681459e+01 1.0145364e+01 1.0396240e+01 1.0295972e+01 1.0219004e+01 9.4106793e+00 8.4235498e+00 9.1164895e+00 8.0430333e+00 7.3631072e+00 7.8946941e+00 6.0406190e+00 8.6651250e-04 5.9341250e-04 2.0422828e+00 4.2718956e+00 4.7103422e+00 4.8415048e+00 4.7685400e+00 4.7554927e+00 4.7079559e+00 4.6518016e+00 4.7363503e+00 4.8181341e+00 4.8348554e+00 4.6219557e+00 4.4954949e+00 4.5565976e+00 4.7731145e+00 5.1443694e+00 5.5251782e+00 5.9839410e+00 6.2326088e+00 6.5278615e+00 6.7611448e+00 7.0291297e+00 7.2885981e+00 7.4794380e+00 7.6804062e+00 8.0932252e+00 8.3324033e+00
1.2775376e+01 1.2423066e+01 1.2897108e+01 1.2596551e+01 1.2093127e+01 1.1254123e+01 1.1577376e+01 1.1491285e+01 1.1722095e+01 1.1308088e+01 1.0314415e+01 1.0168428e+01 9.7601962e+00 1.0655293e+01 1.0586843e+01 9.6303480e+00 9.5561019e+00 8.3707816e+00 8.7711237e+00 8.2014440e+00 7.8131410e+00 1.0673552e+00 0.0000000e+00 9.6447322e-04 1.2845475e+00 3.9944813e+00 4.0652962e+00 4.3027480e+00 4.1479806e+00 4.2893951e+00 4.2344141e+00 4.0941393e+00 4.2296070e+00 4.2909979e+00 4.4074642e+00 4.1327534e+00 4.0486803e+00 4.4919943e+00 4.9713772e+00 5.4475172e+00 5.9478370e+00 6.2601346e+00 6.5999772e+00 6.8909494e+00 7.2017022e+00 7.5027165e+00 7.8444274e+00 8.1529749e+00 8.3380904e+00 8.5144329e+00
1.2969767e+01 1.3088586e+01 1.2934744e+01 1.2383236e+01 1.2118200e+01 1.1998451e+01 1.2071869e+01 1.1689769e+01 1.0737592e+01 1.1667813e+01 1.0801542e+01 1.0379950e+01 1.0355117e+01 1.0429345e+01 1.0911722e+01 1.0844479e+01 1.0322440e+01 9.8342558e+00 9.0975521e+00 7.7070696e+00 8.3047836e+00 6.1270306e+00 7.0430968e-04 8.4468448e-04 9.6270595e-04 8.0830311e-04 8.1460527e-04 8.2561380e-04 2.1913188e-01 7.2585649e-01 3.3609689e+00 2.6329263e+00 3.9714219e+00 3.7331895e+00 3.5388665e+00 4.0402878e+00 3.9278398e+00 4.1202304e+00 4.2256790e+00 5.3527157e+00 6.0535806e+00 6.4310949e+00 6.8386456e+00 7.2041788e+00 7.5486668e+00 7.8385898e+00 8.1547847e+00 8.4355626e+00 8.6520620e+00 8.8011833e+00
1.3295720e+01 1.3114156e+01 1.3245740e+01 1.2808718e+01 1.2273835e+01 1.2151967e+01 1.1946703e+01 1.1890706e+01 1.1646188e+01 1.2202823e+01 1.1276728e+01 1.0783291e+01 1.0521905e+01 1.0634909e+01 1.1105801e+01 1.0608812e+01 1.0872238e+01 1.0098292e+01 9.2610046e+00 8.8386607e+00 8.5755194e+00 9.0363322e+00 5.6163151e+00 9.2371003e-04 7.6668601e-04 9.8404587e-04 9.9670748e-04 2.3489201e-02 8.0401579e-04 8.0041701e-03 1.8642614e-03 8.0722774e-04 9.1121972e-04 7.3425591e-04 4.3477478e-02 3.8621855e-01 9.0000736e-01 1.4012710e+00 2.2123889e+00 5.3032794e+00 6.0494515e+00 6.7128974e+00 7.2698921e+00 7.6729032e+00 8.0207499e+00 8.2847752e+00 8.5404378e+00 8.7219576e+00 8.9184415e+00 9.1359036e+00
1.3720383e+01 1.3629613e+01 1.3502673e+01 1.3039628e+01 1.2567003e+01 1.2364452e+01 1.2279378e+01 1.2257212e+01 1.2282689e+01 1.2055789e+01 1.1571516e+01 1.1291240e+01 1.1187643e+01 1.1191947e+01 1.1523878e+01 1.1365048e+01 1.0030060e+01 1.0153245e+01 9.8435062e+00 9.3058458e+00 8.3690204e+00 9.2393814e+00 8.8428652e+00 6.4405236e+00 4.9589726e+00 3.0546624e-01 2.2183855e-03 1.1770874e-01 3.3400057e+00 3.2000160e+00 2.8731933e+00 3.5577638e+00 2.4625818e+00 7.4520652e-01 4.6372167e-03 1.3877735e-02 5.3424123e-02 5.2529491e-02 1.5563101e+00 5.3639698e+00 6.3916931e+00 7.2357967e+00 7.8208559e+00 8.2327816e+00 8.5226909e+00 8.7576440e+00 8.9087906e+00 9.0322290e+00 9.0641565e+00 9.3316226e+00
1.3475116e+01 1.3618844e+01 1.3616160e+01 1.3277816e+01 1.3070071e+01 1.1516748e+01 1.2380939e+01 1.2807086e+01 1.2456523e+01 1.2202139e+01 1.1955255e+01 1.1881780e+01 1.1725963e+01 1.1798237e+01 1.1695573e+01 1.1430103e+01 1.1501401e+01 1.0028044e+01 1.0300645e+01 9.9173626e+00 9.5481088e+00 9.3246435e+00 9.1234095e+00 8.9997312e+00 7.7456773e+00 2.6839715e+00 8.9839544e-01 2.5696804e+00 4.7408038e+00 7.5095676e+00 7.4026390e+00 6.5877886e+00 6.6783491e+00 6.0719562e+00 5.0397651e+00 4.9080652e+00 3.5477502e+00 5.2807638e+00 6.2441285e+00 6.5320036e+00 7.3306572e+00 7.9317958e+00 8.3823203e+00 8.6927560e+00 8.9179784e+00 9.1196790e+00 9.2601437e+00 9.3688353e+00 9.2410203e+00 9.2505121e+00
1.4129579e+01 1.4063831e+01 1.3875386e+01 1.3668993e+01 1.3346518e+01 9.6170034e+00 1.2384448e+01 1.3332811e+01 1.2948437e+01 1.2725764e+01 1.2550975e+01 1.2468244e+01 1.2217038e+01 1.2176912e+01 1.2085724e+01 1.1743751e+01 1.1512618e+01 1.0280534e+01 1.0371973e+01 1.0778845e+01 1.0672945e+01 1.0003249e+01 9.2396960e+00 9.1024295e+00 8.7682967e+00 5.9973167e+00 2.9472732e+00 2.9092243e+00 4.8696208e+00 7.5085147e+00 6.8491357e+00 7.1023028e+00 6.5285204e+00 6.6536828e+00 6.7647803e+00 6.8077968e+00 5.6139696e+00 6.9865551e+00 6.9326036e+00 7.5059915e+00 8.0479127e+00 8.4483294e+00 8.7461393e+00 9.0023825e+00 9.1845611e+00 9.3315695e+00 9.4632323e+00 8.8653749e+00 9.3674463e+00 9.4941110e+00
1.4393451e+01 1.4304671e+01 1.4248721e+01 1.4007651e+01 1.4026564e+01 1.3955721e+01 1.3934253e+01 1.3848045e+01 1.3747858e+01 1.3522179e+01 1.3227901e+01 1.3153096e+01 1.2809503e+01 1.2833704e+01 1.2564738e+01 1.2150373e+01 1.0273663e+01 1.1371063e+01 1.1285764e+01 1.0725010e+01 1.0594667e+01 1.0920527e+01 1.0114706e+01 9.5866586e+00 9.1785367e+00 8.5188546e+00 5.4590460e+00 5.1096238e+00 8.1651796e+00 7.6489407e+00 6.9763891e+00 7.3228757e+00 6.3011969e+00 6.2558372e+00 6.8207512e+00 6.7179332e+00 6.9443335e+00 7.0932532e+00 7.3506439e+00 7.9853117e+00 8.4069476e+00 8.7221657e+00 9.0045440e+00 9.2090623e+00 9.3852583e+00 9.4620661e+00 9.4954381e+00 8.2628603e+00 8.7207770e+00 9.5805048e+00
1.4680905e+01 1.4586876e+01 1.4542202e+01 1.4504811e+01 1.4393579e+01 1.4241980e+01 1.4207534e+01 1.3893882e+01 1.4134324e+01 1.3891465e+01 1.3895499e+01 1.3407136e+01 1.3271683e+01 1.3096873e+01 1.2933384e+01 1.2416826e+01 1.1689191e+01 1.2025046e+01 1.1930828e+01 1.1764216e+01 1.1199906e+01 1.1656641e+01 1.1061083e+01 1.0294355e+01 9.9027485e+00 8.9288755e+00 9.0792615e+00 9.4092728e+00 8.8614932e+00 8.1124328e+00 7.7843095e+00 7.5211116e+00 6.9863027e+00 7.1412264e+00 7.3888819e+00 7.9160264e+00 8.0301485e+00 8.1472298e+00 7.8843692e+00 8.3205556e+00 8.6477164e+00 8.9048921e+00 9.1197517e+00 9.2697371e+00 9.4221771e+00 9.5182005e+00 9.5784520e+00 9.6844625e+00 9.7860055e+00 9.8056321e+00
1.5012412e+01 1.4914948e+01 1.4842924e+01 1.4861077e+01 1.4730237e+01 1.4569864e+01 1.4388643e+01 1.4262101e+01 1.4223276e+01 1.4066079e+01 1.3902392e+01 1.3843388e+01 1.3595227e+01 1.3324319e+01 1.3238864e+01 1.3083783e+01 1.2633893e+01 1.2287599e+01 1.2314676e+01 1.2174859e+01 1.2138540e+01 1.2137935e+01 1.1872537e+01 1.0915514e+01 1.0417365e+01 9.4630875e+00 1.0266959e+01 9.7482352e+00 9.2232401e+00 8.5429350e+00 8.2557580e+00 7.5168388e+00 6.3981006e+00 7.6569153e+00 5.9006970e+00 8.2263974e+00 8.9827530e+00 8.8174541e+00 8.5636498e+00 8.6426303e+00 8.8229819e+00 8.9899806e+00 9.1454694e+00 9.2505830e+00 9.3660272e+00 9.4925032e+00 9.5247277e+00 9.6458879e+00 9.6880299e+00 9.7468092e+00
1.5311685e+01 1.5209821e+01 1.5116928e+01 1.5057443e+01 1.5098737e+01 1.4922047e+01 1.4660425e+01 1.4452121e+01 1.4340148e+01 1.4258267e+01 1.4066828e+01 1.3993014e+01 1.3831259e+01 1.3711593e+01 1.3425643e+01 1.2976342e+01 1.2720788e+01 1.2285643e+01 1.2547889e+01 1.2526773e+01 1.2470782e+01 1.2262445e+01 1.2158258e+01 1.1331083e+01 1.1189083e+01 1.0884865e+01 1.0563797e+01 1.0041122e+01 9.8954627e+00 9.1881953e+00 9.0819559e+00 8.5736532e+00 7.4162331e+00 7.9411256e+00 7.8910284e+00 9.1453066e+00 9.4357159e+00 9.1360400e+00 8.9780569e+00 8.9911388e+00 9.0411762e+00 9.1185753e+00 9.2190821e+00 9.2835111e+00 9.3727955e+00 9.4731278e+00 9.5467471e+00 9.7053228e+00 9.7872539e+00 9.7920047e+00
1.5606072e+01 1.5651084e+01 1.5460267e+01 1.5178385e+01 1.5066788e+01 1.4961150e+01 1.4856031e+01 1.4642236e+01 1.4489333e+01 1.4448572e+01 1.4281276e+01 1.4161095e+01 1.4067746e+01 1.4125412e+01 1.3760705e+01 1.3756283e+01 1.3099512e+01 1.2289114e+01 1.2747697e+01 1.2910548e+01 1.2825094e+01 1.2560201e+01 1.1936296e+01 1.1625721e+01 1.1525796e+01 1.1453056e+01 1.0874546e+01 9.8760822e+00 1.0415053e+01 1.0460166e+01 9.2372686e+00 9.1270492e+00 8.8553886e+00 8.2533343e+00 9.1706385e+00 9.3937881e+00 8.4772300e+00 9.3777463e+00 9.4198887e+00 9.3204117e+00 9.2878322e+00 9.3121891e+00 9.3672285e+00 9.4142796e+00 9.4919042e+00 9.6002774e+00 9.6970081e+00 9.4420025e+00 1.0054229e+01 1.0032677e+01
1.5821215e+01 1.5617108e+01 1.5619347e+01 1.5382092e+01 1.5168529e+01 1.5112666e+01 1.5112279e+01 1.4910723e+01 1.4778599e+01 1.4715136e+01 1.4638647e+01 1.4544908e+01 1.4481871e+01 1.4439786e+01 1.4139120e+01 1.4003657e+01 1.3417070e+01 1.0159981e+01 1.2286833e+01 1.2770056e+01 1.2508028e+01 1.2408856e+01 1.2379538e+01 1.2215680e+01 1.2031563e+01 1.2075760e+01 1.1216357e+01 1.0705334e+01 9.0898097e+00 1.0046623e+01 1.0536538e+01 1.0132387e+01 9.6011893e+00 8.0484622e+00 8.9493108e+00 8.8070235e+00 8.3664866e+00 9.5694592e+00 9.6904922e+00 9.5807080e+00 9.4956511e+00 9.4773496e+00 9.5218053e+00 9.5904250e+00 9.7304130e+00 9.9000808e+00 9.8546308e+00 9.6110526e+00 1.0105800e+01 1.0362105e+01
1.5908562e+01 1.5806265e+01 1.5661198e+01 1.5554231e+01 1.5360533e+01 1.5295210e+01 1.5290411e+01 1.5285145e+01 1.5224354e+01 1.5137303e+01 1.5058552e+01 1.4941556e+01 1.4790517e+01 1.4562851e+01 1.4461821e+01 1.4032323e+01 1.3707530e+01 1.3191343e+01 1.3522810e+01 1.3098786e+01 1.2877967e+01 1.2275872e+01 1.1907835e+01 1.2395798e+01 1.2458610e+01 1.2522348e+01 1.1788776e+01 1.1258955e+01 1.0828228e+01 1.0842687e+01 1.0673265e+01 1.0257570e+01 1.0055971e+01 9.9761597e+00 9.9746758e+00 1.0063112e+01 9.9198293e+00 9.9622988e+00 9.8676557e+00 9.7878424e+00 9.7180231e+00 9.6795170e+00 9.7048513e+00 9.7839592e+00 9.7246493e+00 9.8042542e+00 9.8905751e+00 7.7536683e+00 7.3969841e+00 9.0649809e+00
