presentation/data/depth_0019.asc
ncols     164
nrows     146
xllcorner -1.242151388888889e+02
yllcorner  4.172986111111111e+01
cellsize  2.777777777820000e-04
nodata_value       -9999
[rows 22 to 43 of 146, columns 100 to 149 of 164]
9.9821864e-01 9.9324058e-01 9.7868020e-01 8.6811848e-01 6.5755332e-01 4.3320910e-01 2.1617364e-01 1.2745846e-03 0.0000000e+00 0.0000000e+00 0.0000000e+00 0.0000000e+00 0.0000000e+00 0.0000000e+00 0.0000000e+00 0.0000000e+00 0.0000000e+00 0.0000000e+00 0.0000000e+00 0.0000000e+00 0.0000000e+00 0.0000000e+00 0.0000000e+00 0.0000000e+00 0.0000000e+00 0.0000000e+00 0.0000000e+00 0.0000000e+00 1.3451552e-02 1.4926989e-02 1.3066433e-02 1.1383426e-03 0.0000000e+00 0.0000000e+00 0.0000000e+00 0.0000000e+00 0.0000000e+00 0.0000000e+00 0.0000000e+00 0.0000000e+00 0.0000000e+00 0.0000000e+00 0.0000000e+00 0.0000000e+00 0.0000000e+00 0.0000000e+00 0.0000000e+00 0.0000000e+00 0.0000000e+00 0.0000000e+00
9.5776248e-01 9.5541186e-01 9.6374862e-01 9.6837207e-01 9.2149464e-01 7.3035892e-01 4.7354376e-01 2.4223677e-01 1.5578535e-02 6.8979027e-02 2.1572604e-01 6.3982223e-01 9.0509141e-01 6.4103063e-01 7.4042951e-02 0.0000000e+00 0.0000000e+00 0.0000000e+00 0.0000000e+00 0.0000000e+00 0.0000000e+00 0.0000000e+00 0.0000000e+00 0.0000000e+00 0.0000000e+00 1.0043335e-02 1.3340037e-01 3.4998923e-01 4.2284817e-01 3.7799053e-01 3.0711621e-01 1.3795346e-01 1.9646978e-02 1.2896628e-03 2.9326769e-04 1.6895657e-04 3.0715541e-05 0.0000000e+00 0.0000000e+00 0.0000000e+00 0.0000000e+00 0.0000000e+00 0.0000000e+00 0.0000000e+00 0.0000000e+00 0.0000000e+00 0.0000000e+00 0.0000000e+00 0.0000000e+00 0.0000000e+00
9.5390178e-01 9.4882454e-01 9.6017250e-01 9.7023347e-01 9.7365444e-01 9.2418778e-01 7.1960314e-01 4.6402581e-01 2.8961012e-01 3.3020230e-01 4.8463925e-01 8.2508213e-01 1.0917712e+00 1.0872682e+00 8.8751590e-01 6.5535953e-01 3.6015335e-01 0.0000000e+00 0.0000000e+00 0.0000000e+00 0.0000000e+00 0.0000000e+00 0.0000000e+00 1.1065492e-01 3.3849965e-01 5.6721562e-01 5.8530092e-01 5.6407363e-01 5.2233162e-01 4.7319512e-01 4.0664678e-01 3.2463560e-01 2.2179073e-01 1.1686507e-01 6.9780650e-02 4.4685270e-02 2.7223323e-02 4.0775552e-02 3.1959295e-02 0.0000000e+00 0.0000000e+00 0.0000000e+00 0.0000000e+00 0.0000000e+00 0.0000000e+00 0.0000000e+00 0.0000000e+00 0.0000000e+00 0.0000000e+00 0.0000000e+00
9.5334885e-01 9.4608549e-01 9.5662525e-01 9.6624812e-01 9.6931148e-01 9.7133326e-01 9.1654056e-01 7.0661143e-01 5.0138227e-01 4.7223417e-01 5.8344677e-01 8.0561238e-01 1.0395042e+00 1.0795868e+00 1.0588232e+00 1.0352375e+00 1.0198939e+00 7.6532644e-01 1.0946857e-02 0.0000000e+00 0.0000000e+00 2.9059273e-01 5.5908299e-01 6.9132768e-01 6.9955167e-01 6.8057205e-01 6.3748884e-01 5.9881557e-01 5.5669837e-01 5.1093326e-01 4.6104200e-01 4.0413537e-01 3.4286040e-01 2.8615178e-01 2.4722355e-01 2.1203882e-01 1.8502591e-01 4.2179055e-01 1.5340184e-01 2.1592830e-03 0.0000000e+00 0.0000000e+00 0.0000000e+00 0.0000000e+00 0.0000000e+00 0.0000000e+00 0.0000000e+00 0.0000000e+00 0.0000000e+00 0.0000000e+00
9.5669990e-01 9.4504951e-01 9.5256069e-01 9.6215506e-01 9.6108935e-01 9.6022121e-01 9.6069362e-01 9.2351362e-01 7.7916306e-01 6.4840411e-01 6.2685951e-01 7.1856899e-01 9.0431672e-01 1.0135809e+00 1.0275248e+00 1.0088031e+00 9.9611717e-01 9.7556543e-01 8.7951963e-01 8.0259893e-01 8.3183672e-01 8.3599108e-01 8.1276386e-01 7.7741890e-01 7.3575123e-01 7.0547114e-01 6.6449157e-01 6.2867259e-01 5.8845991e-01 5.4744896e-01 5.0527165e-01 4.5408758e-01 4.0502164e-01 3.6086722e-01 3.1423525e-01 3.9722354e-01 5.5909441e-01 2.6850809e-01 1.1878456e-01 4.6226098e-03 1.2159397e-06 0.0000000e+00 0.0000000e+00 0.0000000e+00 0.0000000e+00 0.0000000e+00 0.0000000e+00 0.0000000e+00 0.0000000e+00 0.0000000e+00
9.6084907e-01 9.4452454e-01 9.4895098e-01 9.5385273e-01 9.5287744e-01 9.5138284e-01 9.4999191e-01 9.4721179e-01 9.3656816e-01 8.9203445e-01 8.0551001e-01 7.2176751e-01 7.9150629e-01 9.1438523e-01 9.8914193e-01 9.8709750e-01 9.7831637e-01 9.6638499e-01 9.5045870e-01 9.2363099e-01 8.9732521e-01 8.6171894e-01 8.2415482e-01 7.9116554e-01 7.5631157e-01 7.2175152e-01 6.8585778e-01 6.4993167e-01 6.1317832e-01 5.7441429e-01 5.2935645e-01 4.7911124e-01 4.2501907e-01 4.8217994e-01 6.7426959e-01 6.8774394e-01 3.9792416e-01 3.0126886e-01 2.2027585e-01 5.2736863e-02 1.5541892e-04 0.0000000e+00 0.0000000e+00 0.0000000e+00 0.0000000e+00 0.0000000e+00 0.0000000e+00 0.0000000e+00 0.0000000e+00 0.0000000e+00
9.5107697e-01 9.4239900e-01 9.4478186e-01 9.4735891e-01 9.4565859e-01 9.4416334e-01 9.3993162e-01 9.3493564e-01 9.3209209e-01 9.3297192e-01 9.2684532e-01 9.0169203e-01 8.7953404e-01 8.9252540e-01 9.5444603e-01 9.6144075e-01 9.5425532e-01 9.3981170e-01 9.2960233e-01 9.0782241e-01 8.8511408e-01 8.5914833e-01 8.2842822e-01 7.9676349e-01 7.6295035e-01 7.2920081e-01 6.9294150e-01 6.6161282e-01 6.2598081e-01 5.8712699e-01 5.4186882e-01 5.3170940e-01 7.0554184e-01 8.7988679e-01 7.8557242e-01 5.4023791e-01 3.5325523e-01 2.8696709e-01 1.8794649e-01 2.4080827e-02 1.8309571e-05 0.0000000e+00 0.0000000e+00 0.0000000e+00 0.0000000e+00 0.0000000e+00 0.0000000e+00 0.0000000e+00 0.0000000e+00 0.0000000e+00
9.7119057e-01 9.4671429e-01 9.4195297e-01 9.3723357e-01 9.4035003e-01 9.3882461e-01 9.3458428e-01 9.2891512e-01 9.2256916e-01 9.1825316e-01 9.1688412e-01 9.1996203e-01 9.2930293e-01 9.2956834e-01 9.3385972e-01 9.3208709e-01 9.2849160e-01 9.1903658e-01 9.0434036e-01 8.8757287e-01 8.6934382e-01 8.4622770e-01 8.2369957e-01 7.9588463e-01 7.6460294e-01 7.3201349e-01 6.9987169e-01 6.6387330e-01 6.2682292e-01 6.0370905e-01 7.3828723e-01 9.2825554e-01 9.5244782e-01 6.6511235e-01 4.3267378e-01 3.7900671e-01 3.3741704e-01 2.8653706e-01 1.9719392e-01 3.5957465e-02 1.4666689e-05 0.0000000e+00 0.0000000e+00 0.0000000e+00 0.0000000e+00 0.0000000e+00 0.0000000e+00 0.0000000e+00 0.0000000e+00 0.0000000e+00
9.4822210e-01 9.6818206e-01 9.5690074e-01 9.4930341e-01 9.3949843e-01 9.3639593e-01 9.3234753e-01 9.2543532e-01 9.1849353e-01 9.1134776e-01 9.0391658e-01 8.9937633e-01 8.9710672e-01 8.9912616e-01 8.9925088e-01 8.9623144e-01 8.9562253e-01 8.9162633e-01 8.7835856e-01 8.6634321e-01 8.5179664e-01 8.3329131e-01 8.1189931e-01 7.8408642e-01 7.5406175e-01 7.2146424e-01 6.8902451e-01 6.5155652e-01 6.8810357e-01 9.7314061e-01 1.0147506e+00 8.5776728e-01 5.8019316e-01 4.7541062e-01 4.4326719e-01 4.0434291e-01 3.6391724e-01 3.1380548e-01 2.4462419e-01 1.1403565e-01 2.2069913e-03 0.0000000e+00 0.0000000e+00 0.0000000e+00 0.0000000e+00 0.0000000e+00 0.0000000e+00 0.0000000e+00 0.0000000e+00 0.0000000e+00
9.3639711e-01 9.4036207e-01 9.5469337e-01 9.7430053e-01 9.6861338e-01 9.6512047e-01 9.5749163e-01 9.4149449e-01 9.2173272e-01 9.1181191e-01 9.0258469e-01 8.9383628e-01 8.8522721e-01 8.7881412e-01 8.7392388e-01 8.6897555e-01 8.6614321e-01 8.5907148e-01 8.5167072e-01 8.4173214e-01 8.3083502e-01 8.1431237e-01 7.9612667e-01 7.7049168e-01 7.3990583e-01 7.1135414e-01 6.7370529e-01 8.0420741e-01 9.9847176e-01 7.2653008e-01 8.7705916e-01 6.9356106e-01 5.2853496e-01 4.9741602e-01 4.6332226e-01 4.3236958e-01 3.8649091e-01 3.3720217e-01 2.7774236e-01 1.8331757e-01 2.8938062e-02 2.5842519e-05 0.0000000e+00 0.0000000e+00 0.0000000e+00 0.0000000e+00 0.0000000e+00 0.0000000e+00 0.0000000e+00 0.0000000e+00
9.3837216e-01 9.3571055e-01 9.3439351e-01 9.3129079e-01 9.3336211e-01 9.3452395e-01 9.3767379e-01 9.5413542e-01 9.5425508e-01 9.2127210e-01 9.0417847e-01 8.9532033e-01 8.8510426e-01 8.7779166e-01 8.7069078e-01 8.6403227e-01 8.5815085e-01 8.5458778e-01 8.4697654e-01 8.4085593e-01 8.2784169e-01 8.1368107e-01 7.9917645e-01 7.6572577e-01 7.2513698e-01 7.8102160e-01 9.5889604e-01 9.7035470e-01 6.8771661e-01 6.2813227e-01 1.0287319e+00 6.5469125e-01 5.5543022e-01 5.1907481e-01 4.8465441e-01 4.4659854e-01 4.0481777e-01 3.5718889e-01 3.0158942e-01 2.2734239e-01 7.6171333e-02 8.2242994e-04 0.0000000e+00 0.0000000e+00 0.0000000e+00 0.0000000e+00 0.0000000e+00 0.0000000e+00 0.0000000e+00 0.0000000e+00
9.4162083e-01 9.3713703e-01 9.3426196e-01 9.3223825e-01 9.3108478e-01 9.2974701e-01 9.2773425e-01 9.2484246e-01 9.3369841e-01 9.4602924e-01 9.0600810e-01 8.9738653e-01 8.8820810e-01 8.7924469e-01 8.7077995e-01 8.6309935e-01 8.5638723e-01 8.5194648e-01 8.4513482e-01 8.4313091e-01 8.5445841e-01 9.6708365e-01 1.1508484e+00 1.1033475e+00 1.0773631e+00 1.2183650e+00 8.9231117e-01 6.7805187e-01 6.4545239e-01 7.5600104e-01 9.7411855e-01 6.0211486e-01 5.6797238e-01 5.3038162e-01 4.9588669e-01 4.5891482e-01 4.1898907e-01 3.7312227e-01 3.1926859e-01 2.5059218e-01 1.1771975e-01 2.4111027e-03 1.7657096e-07 0.0000000e+00 0.0000000e+00 0.0000000e+00 0.0000000e+00 0.0000000e+00 0.0000000e+00 0.0000000e+00
9.4474081e-01 9.3891360e-01 9.3494490e-01 9.3256539e-01 9.3065591e-01 9.2912823e-01 9.2698865e-01 9.2392752e-01 9.2284109e-01 9.4964221e-01 9.0852056e-01 8.9908535e-01 8.8761292e-01 8.8049317e-01 8.7201128e-01 8.6472947e-01 8.5750023e-01 8.5115822e-01 8.4496859e-01 8.4573114e-01 1.0542060e+00 1.6284023e+00 2.0829623e+00 2.0375172e+00 1.4484745e+00 9.1892637e-01 8.6598061e-01 7.9255679e-01 8.7404456e-01 9.9828235e-01 7.0789249e-01 6.0408875e-01 5.7255060e-01 5.3838875e-01 5.0366926e-01 4.6800696e-01 4.2672300e-01 3.8173263e-01 3.2961750e-01 2.6386018e-01 1.4168685e-01 6.3744005e-03 1.5160868e-06 0.0000000e+00 0.0000000e+00 0.0000000e+00 0.0000000e+00 0.0000000e+00 0.0000000e+00 0.0000000e+00
9.4658288e-01 9.4076130e-01 9.3587960e-01 9.3140634e-01 9.3041832e-01 9.2870055e-01 9.2649381e-01 9.2370156e-01 9.2499690e-01 9.5446929e-01 9.1419158e-01 8.9969335e-01 8.9597248e-01 8.8293347e-01 8.7487540e-01 8.6704981e-01 8.5973154e-01 8.5000560e-01 8.6686985e-01 1.0251661e+00 1.4305437e+00 2.1223503e+00 2.3106681e+00 2.1902111e+00 1.5337693e+00 1.0697775e+00 9.8160757e-01 1.0535306e+00 8.7631017e-01 6.9478118e-01 6.2591667e-01 5.9932031e-01 5.6972893e-01 5.3795267e-01 5.0484648e-01 4.6908532e-01 4.2989489e-01 3.8569727e-01 3.3399173e-01 2.6724423e-01 1.5087918e-01 8.9180259e-03 3.4762474e-06 0.0000000e+00 0.0000000e+00 0.0000000e+00 0.0000000e+00 0.0000000e+00 0.0000000e+00 0.0000000e+00
9.4646248e-01 9.4109276e-01 9.3636549e-01 9.3117144e-01 9.3032532e-01 9.2852083e-01 9.2654062e-01 9.2434987e-01 9.2050175e-01 9.5562962e-01 9.1489382e-01 9.0614618e-01 8.9197385e-01 8.8130862e-01 8.7395434e-01 8.7037965e-01 8.6803377e-01 8.6374446e-01 1.0290602e+00 1.5558469e+00 2.0404887e+00 2.1609773e+00 2.2245590e+00 1.7987411e+00 1.0893789e+00 7.6883754e-01 7.2994963e-01 7.0134176e-01 6.7376591e-01 6.4565756e-01 6.1722056e-01 5.9056903e-01 5.6303323e-01 5.3406901e-01 5.0304992e-01 4.6728507e-01 4.3014253e-01 3.8588556e-01 3.3298731e-01 2.6713487e-01 1.4231541e-01 6.0808453e-03 1.3171214e-06 0.0000000e+00 0.0000000e+00 0.0000000e+00 0.0000000e+00 0.0000000e+00 0.0000000e+00 0.0000000e+00
9.4411201e-01 9.3942846e-01 9.3528089e-01 9.3388894e-01 9.2992353e-01 9.2789208e-01 9.2578502e-01 9.2447031e-01 9.7027676e-01 1.3659704e+00 1.0760227e+00 1.1923889e+00 1.1892424e+00 1.0526674e+00 9.3809226e-01 9.4877605e-01 1.0995983e+00 1.3020812e+00 1.5698912e+00 2.0584732e+00 1.9111024e+00 2.0067086e+00 1.9521486e+00 1.2067155e+00 8.2060231e-01 7.6317015e-01 7.2556678e-01 6.9551326e-01 6.6744214e-01 6.3927745e-01 6.1431141e-01 5.8659918e-01 5.6036181e-01 5.3342316e-01 5.0383894e-01 4.6396268e-01 4.3114438e-01 3.8652368e-01 3.3173711e-01 2.5752359e-01 1.1921627e-01 2.1430624e-03 9.4017858e-08 0.0000000e+00 0.0000000e+00 0.0000000e+00 0.0000000e+00 0.0000000e+00 0.0000000e+00 0.0000000e+00
9.3944945e-01 9.3578671e-01 9.3246654e-01 9.2920501e-01 9.2760763e-01 9.2593552e-01 9.2246109e-01 9.1754418e-01 1.1818490e+00 1.7050369e+00 1.5812749e+00 1.9800795e+00 2.0129455e+00 1.8053005e+00 1.5791248e+00 1.5806230e+00 1.8975929e+00 2.0613717e+00 1.9815382e+00 1.7565409e+00 1.6233098e+00 2.0361534e+00 1.6850682e+00 1.0063494e+00 7.8624399e-01 7.4771188e-01 7.1222648e-01 6.8301965e-01 6.5401622e-01 6.2646080e-01 6.0214856e-01 5.7921871e-01 5.5692451e-01 5.3338137e-01 5.0603900e-01 4.6417318e-01 4.3200242e-01 3.8595560e-01 3.2913376e-01 2.5067954e-01 8.6541012e-02 9.7090743e-04 0.0000000e+00 0.0000000e+00 0.0000000e+00 0.0000000e+00 0.0000000e+00 0.0000000e+00 0.0000000e+00 0.0000000e+00
9.3269559e-01 9.2991692e-01 9.2787100e-01 9.2708535e-01 9.2447611e-01 9.2160672e-01 9.1738650e-01 9.5522155e-01 1.5292323e+00 1.8683946e+00 2.0846079e+00 1.8160623e+00 1.5948370e+00 1.8432856e+00 1.9663016e+00 1.9651317e+00 1.7616998e+00 1.4099583e+00 1.1800591e+00 1.2363897e+00 1.6625093e+00 2.0626428e+00 1.4394168e+00 9.0467172e-01 7.7300976e-01 7.1889281e-01 6.7850864e-01 6.6081694e-01 6.3457525e-01 6.1202050e-01 5.9546081e-01 5.7622968e-01 5.5786656e-01 5.3596443e-01 5.0752663e-01 4.7544452e-01 4.3628725e-01 3.8943127e-01 3.3051513e-01 2.4279634e-01 6.1034293e-02 3.8040715e-04 0.0000000e+00 0.0000000e+00 0.0000000e+00 0.0000000e+00 0.0000000e+00 0.0000000e+00 0.0000000e+00 0.0000000e+00
9.2389825e-01 9.2241436e-01 9.2167868e-01 9.2109362e-01 9.1980162e-01 9.1726886e-01 9.7718092e-01 1.2891849e+00 1.8669607e+00 2.1011942e+00 1.6980042e+00 1.1856709e+00 9.6881557e-01 1.0568366e+00 1.1206324e+00 1.1292935e+00 1.0121973e+00 9.1376875e-01 1.0379291e+00 1.4760072e+00 2.0425665e+00 1.7025812e+00 1.0966061e+00 8.1408124e-01 7.1916268e-01 6.0019845e-01 5.1407967e-01 5.5906391e-01 6.0194194e-01 5.9608774e-01 5.8903038e-01 5.7638342e-01 5.6300139e-01 5.4586443e-01 5.1805475e-01 4.7993771e-01 4.4340045e-01 4.0056657e-01 3.4696921e-01 2.3608164e-01 3.1715885e-02 0.0000000e+00 0.0000000e+00 0.0000000e+00 0.0000000e+00 0.0000000e+00 0.0000000e+00 0.0000000e+00 0.0000000e+00 0.0000000e+00
9.1512882e-01 9.1445448e-01 9.1438230e-01 9.1467092e-01 9.1947324e-01 1.0351524e+00 1.4065959e+00 1.7467564e+00 1.9247890e+00 1.6004700e+00 1.1185108e+00 9.0919134e-01 8.8625595e-01 8.7756040e-01 8.7391618e-01 8.7025182e-01 8.6903507e-01 1.0184004e+00 1.5106540e+00 2.0673467e+00 1.7829112e+00 1.1770019e+00 8.6363704e-01 7.1524541e-01 5.9407506e-01 4.7339759e-01 3.5406715e-01 3.3565333e-01 4.6756350e-01 5.6892665e-01 5.8205080e-01 5.8075424e-01 5.6882304e-01 5.1830132e-01 4.5393531e-01 4.1693117e-01 3.9409590e-01 3.5364840e-01 2.4038938e-01 3.0559866e-02 0.0000000e+00 0.0000000e+00 0.0000000e+00 0.0000000e+00 0.0000000e+00 0.0000000e+00 0.0000000e+00 0.0000000e+00 0.0000000e+00 0.0000000e+00
9.0380506e-01 9.0347599e-01 9.0607662e-01 9.2634422e-01 1.0746109e+00 1.3847056e+00 1.7543587e+00 1.9841419e+00 1.8246459e+00 1.3772790e+00 9.0690663e-01 8.9343726e-01 8.8879555e-01 8.8227479e-01 8.7640670e-01 8.7139787e-01 9.0357768e-01 1.2634730e+00 1.9840130e+00 1.8212235e+00 1.1664393e+00 8.8087664e-01 8.2229745e-01 7.0849892e-01 5.2820088e-01 3.9098901e-01 2.3744769e-01 1.3506739e-01 2.1066786e-01 4.4867079e-01 5.6625314e-01 5.8694248e-01 5.2656226e-01 3.1306691e-01 1.0721695e-01 1.1197960e-02 0.0000000e+00 0.0000000e+00 0.0000000e+00 0.0000000e+00 0.0000000e+00 0.0000000e+00 0.0000000e+00 0.0000000e+00 0.0000000e+00 0.0000000e+00 0.0000000e+00 0.0000000e+00 0.0000000e+00 0.0000000e+00
8.9203700e-01 8.9306788e-01 9.1671117e-01 1.0351926e+00 1.5035556e+00 1.8733529e+00 1.8714436e+00 1.7625199e+00 1.4683688e+00 9.6391062e-01 9.0100547e-01 8.9552348e-01 8.9032924e-01 8.8657448e-01 8.8034860e-01 8.7691397e-01 1.0363721e+00 1.5865848e+00 2.0970266e+00 1.4865534e+00 9.5408594e-01 8.4804572e-01 8.1964076e-01 6.8219389e-01 5.1365950e-01 3.6065595e-01 2.1239065e-01 1.2627587e-01 4.3263272e-02 6.7798777e-02 2.8374179e-01 4.4702869e-01 3.8353561e-01 1.1904296e-01 0.0000000e+00 0.0000000e+00 0.0000000e+00 0.0000000e+00 0.0000000e+00 0.0000000e+00 0.0000000e+00 0.0000000e+00 0.0000000e+00 0.0000000e+00 0.0000000e+00 0.0000000e+00 0.0000000e+00 0.0000000e+00 0.0000000e+00 0.0000000e+00
