presentation/data/depth_0041.asc
ncols     164
nrows     146
xllcorner -1.242151388888889e+02
yllcorner  4.172986111111111e+01
cellsize  2.777777777820000e-04
nodata_value       -9999
[rows 22 to 43 of 146, columns 100 to 149 of 164]
4.4328701e-01 4.2929203e-01 4.1977902e-01 3.1188778e-01 1.0490771e-01 9.8849723e-04 9.9542488e-04 9.9762105e-04 0.0000000e+00 0.0000000e+00 0.0000000e+00 0.0000000e+00 0.0000000e+00 0.0000000e+00 0.0000000e+00 0.0000000e+00 0.0000000e+00 0.0000000e+00 0.0000000e+00 0.0000000e+00 0.0000000e+00 0.0000000e+00 0.0000000e+00 0.0000000e+00 0.0000000e+00 0.0000000e+00 0.0000000e+00 9.8194077e-04 2.2731465e-02 1.0449293e-01 2.6780953e-01 3.8351240e-01 4.0567704e-01 3.9754138e-01 3.3528361e-01 3.1970426e-01 3.7152821e-01 4.4118171e-01 4.7424438e-01 5.9865826e-01 8.5828007e-01 5.4661950e-01 4.7435627e-01 4.7490072e-01 4.7452576e-01 4.7601858e-01 4.7673418e-01 4.7743725e-01 4.7749007e-01 3.8681212e-01
4.4942248e-01 4.3096653e-01 4.3110683e-01 4.2688585e-01 3.7105354e-01 1.7878520e-01 9.8365488e-04 9.8707272e-04 9.9793986e-04 9.9629978e-04 9.7907231e-04 9.6378060e-04 2.1960531e-01 9.6298506e-04 9.7167361e-04 0.0000000e+00 0.0000000e+00 0.0000000e+00 0.0000000e+00 0.0000000e+00 0.0000000e+00 0.0000000e+00 0.0000000e+00 0.0000000e+00 0.0000000e+00 9.7665934e-04 1.2125065e-01 3.3201494e-01 4.2454234e-01 4.3280528e-01 4.6501028e-01 4.6989315e-01 4.7127808e-01 4.7276381e-01 4.7408080e-01 4.7439243e-01 4.7671383e-01 4.7779644e-01 5.5327573e-01 8.3504945e-01 5.8072378e-01 4.7879367e-01 4.7982274e-01 4.8101092e-01 4.8027809e-01 4.8333021e-01 4.8478180e-01 4.8618946e-01 4.8969483e-01 4.6075214e-01
4.5331187e-01 4.3224183e-01 4.3239996e-01 4.3311544e-01 4.3204465e-01 3.7599144e-01 1.7117079e-01 9.8248633e-04 9.9350189e-04 9.4213603e-04 9.6866816e-04 1.4645224e-01 4.1985594e-01 4.3226124e-01 2.5896038e-01 6.2457980e-02 9.7619248e-04 0.0000000e+00 0.0000000e+00 0.0000000e+00 0.0000000e+00 0.0000000e+00 0.0000000e+00 9.8773704e-04 1.7361206e-01 3.7220899e-01 4.4684375e-01 4.6396479e-01 4.6591218e-01 4.6703559e-01 4.7035572e-01 4.6991731e-01 4.7123745e-01 4.7282107e-01 4.7431006e-01 4.7712074e-01 4.7780046e-01 5.4910019e-01 8.2998659e-01 6.2986253e-01 4.8203179e-01 4.8311332e-01 4.8479642e-01 4.8649428e-01 4.9056917e-01 4.9030997e-01 4.9213185e-01 4.9399128e-01 4.9650803e-01 4.9677646e-01
4.5466907e-01 4.3328644e-01 4.3324033e-01 4.3532457e-01 4.3335012e-01 4.3291039e-01 3.7592046e-01 1.6463835e-01 9.7154511e-04 9.9024145e-04 9.7213314e-04 1.5984497e-01 3.9767511e-01 4.5004828e-01 4.5045138e-01 4.4840138e-01 4.4237783e-01 2.0174632e-01 8.9391717e-04 0.0000000e+00 9.4113051e-04 2.0698990e-03 2.8555390e-01 4.1545181e-01 4.5583143e-01 4.6110325e-01 4.6128779e-01 4.6370869e-01 4.6500326e-01 4.6625802e-01 4.6783232e-01 4.6939977e-01 4.7106206e-01 4.7273546e-01 4.7441591e-01 4.7873663e-01 5.4241000e-01 8.5526651e-01 6.3384317e-01 4.8472308e-01 4.8505868e-01 4.8809848e-01 4.8966179e-01 4.9123217e-01 4.9479893e-01 4.9595610e-01 4.9851877e-01 5.0113380e-01 5.0207436e-01 5.0595102e-01
4.5563644e-01 4.3411516e-01 4.3409515e-01 4.3827425e-01 4.3457543e-01 4.3428593e-01 4.3328677e-01 3.9711368e-01 2.4319122e-01 9.9854799e-02 4.3761141e-02 1.2092670e-01 3.1164882e-01 4.3103652e-01 4.5146805e-01 4.5204118e-01 4.5229080e-01 4.4758449e-01 3.8266993e-01 3.3920805e-01 4.0076653e-01 4.4579237e-01 4.5528234e-01 4.5676598e-01 4.5851099e-01 4.5971128e-01 4.5775904e-01 4.6256875e-01 4.6401625e-01 4.6544091e-01 4.6805869e-01 4.6905425e-01 4.7080844e-01 4.7265931e-01 4.8442464e-01 6.1428972e-01 8.0328792e-01 5.8766386e-01 4.8587103e-01 5.1479764e-01 5.6398687e-01 5.7136576e-01 5.6426426e-01 5.2560287e-01 5.0208286e-01 5.0003101e-01 5.0290179e-01 5.0591609e-01 5.1166046e-01 5.1237658e-01
4.5759516e-01 4.3444390e-01 4.3436705e-01 4.3647881e-01 4.3470002e-01 4.3476439e-01 4.3521312e-01 4.3582231e-01 4.2382284e-01 3.7250159e-01 2.7396035e-01 1.7281349e-01 2.4087784e-01 3.6850166e-01 4.4518870e-01 4.5076952e-01 4.5117575e-01 4.5057499e-01 4.5216205e-01 4.5266170e-01 4.5335842e-01 4.5764272e-01 4.5578352e-01 4.5654231e-01 4.5801071e-01 4.5910643e-01 4.6022759e-01 4.6162499e-01 4.6312190e-01 4.6462584e-01 4.6732656e-01 4.6826153e-01 4.7504681e-01 5.7503210e-01 7.8864015e-01 8.2632884e-01 6.0375445e-01 5.5790776e-01 5.7261512e-01 5.6848606e-01 5.1693239e-01 5.0100950e-01 5.2185348e-01 5.7890712e-01 5.5670739e-01 5.0500566e-01 5.0568598e-01 5.0875896e-01 5.1315163e-01 5.1511715e-01
4.4759230e-01 4.3468047e-01 4.3461590e-01 4.3626692e-01 4.3487350e-01 4.3489236e-01 4.3562812e-01 4.3661002e-01 4.3802454e-01 4.3873035e-01 4.3052335e-01 3.9636019e-01 3.6685286e-01 3.7727736e-01 4.4000507e-01 4.4986224e-01 4.5037179e-01 4.4799981e-01 4.5179626e-01 4.5241325e-01 4.5317803e-01 4.5527289e-01 4.5515037e-01 4.5590218e-01 4.5709187e-01 4.5805033e-01 4.5772733e-01 4.6044683e-01 4.6196437e-01 4.6371768e-01 4.6882045e-01 5.2011083e-01 7.3258057e-01 9.2408608e-01 8.5655619e-01 6.3771767e-01 5.0572983e-01 5.0194914e-01 5.0483006e-01 4.9279413e-01 4.9010821e-01 4.9292734e-01 4.9593585e-01 5.0390270e-01 5.7212068e-01 5.8062200e-01 5.1428726e-01 5.1060997e-01 5.1555934e-01 5.1679257e-01
4.6660123e-01 4.3991668e-01 4.3446328e-01 4.2989077e-01 4.3437504e-01 4.3506629e-01 4.3578951e-01 4.3682553e-01 4.3809049e-01 4.3959906e-01 4.4147243e-01 4.4308400e-01 4.4790709e-01 4.4346901e-01 4.4784238e-01 4.4922550e-01 4.4987729e-01 4.5267484e-01 4.5134562e-01 4.5199607e-01 4.5272124e-01 4.5152352e-01 4.5418516e-01 4.5515593e-01 4.5620281e-01 4.5709051e-01 4.6019729e-01 4.5952042e-01 4.6121073e-01 4.9022254e-01 6.6453456e-01 8.8237788e-01 9.2820604e-01 6.7373007e-01 4.9160039e-01 4.7167002e-01 4.7896311e-01 4.8184667e-01 4.8486764e-01 4.8817769e-01 4.9106517e-01 4.9415400e-01 4.9724955e-01 5.0037854e-01 5.1106416e-01 5.7055523e-01 5.9641955e-01 5.2436635e-01 5.1468409e-01 5.1752294e-01
4.4574010e-01 4.6228442e-01 4.5068133e-01 4.4395399e-01 4.3625417e-01 4.3578470e-01 4.3599512e-01 4.3711500e-01 4.3851369e-01 4.3985063e-01 4.4153357e-01 4.4306662e-01 4.4390518e-01 4.4597122e-01 4.4727047e-01 4.4845744e-01 4.4917557e-01 4.5348560e-01 4.5070045e-01 4.5140888e-01 4.5206047e-01 4.5278803e-01 4.5344981e-01 4.5423667e-01 4.5518573e-01 4.5603407e-01 4.5742370e-01 4.6010246e-01 5.4808537e-01 8.4857768e-01 8.9587355e-01 7.7903088e-01 5.4795486e-01 4.7354173e-01 4.7376889e-01 4.7653448e-01 4.7973551e-01 4.8280501e-01 4.8593677e-01 4.9000407e-01 4.9232719e-01 4.9538031e-01 4.9848942e-01 5.0154719e-01 5.0788154e-01 5.0912059e-01 5.5296788e-01 6.1238260e-01 5.5202211e-01 5.1871100e-01
4.3385824e-01 4.3758354e-01 4.5117775e-01 4.7054021e-01 4.6623990e-01 4.6507570e-01 4.6097906e-01 4.5134392e-01 4.4020050e-01 4.3975991e-01 4.4135819e-01 4.4268920e-01 4.4400736e-01 4.4535941e-01 4.4649166e-01 4.4765902e-01 4.4840341e-01 4.4824202e-01 4.4993622e-01 4.5061227e-01 4.5122774e-01 4.5069717e-01 4.5205472e-01 4.5300039e-01 4.5408759e-01 4.5500141e-01 4.6421865e-01 6.3163312e-01 8.3249995e-01 5.9788559e-01 7.4141799e-01 6.0081642e-01 4.6829661e-01 4.7114588e-01 4.7431652e-01 4.8187436e-01 4.8070081e-01 4.8390909e-01 4.8710245e-01 4.9032620e-01 4.9342904e-01 4.9649875e-01 4.9956233e-01 5.0252864e-01 5.0561092e-01 5.0828453e-01 5.1096672e-01 5.3253053e-01 6.0597870e-01 5.8452537e-01
4.3329952e-01 4.3325986e-01 4.3342353e-01 4.3151511e-01 4.3450293e-01 4.3748503e-01 4.4382767e-01 4.6430165e-01 4.7112942e-01 4.4679510e-01 4.4084719e-01 4.4206381e-01 4.4238767e-01 4.4446484e-01 4.4559967e-01 4.4671907e-01 4.4741165e-01 4.5009801e-01 4.4880538e-01 4.4935152e-01 4.4961263e-01 4.4777391e-01 4.5399591e-01 4.5409029e-01 4.5603349e-01 5.5048176e-01 7.4110218e-01 7.6564398e-01 5.2337398e-01 4.8450516e-01 8.6989249e-01 5.3966892e-01 4.6820110e-01 4.7162296e-01 4.7505735e-01 4.7844531e-01 4.8179280e-01 4.8507245e-01 4.8826636e-01 4.9351620e-01 4.9466787e-01 4.9749008e-01 5.0049916e-01 5.0336443e-01 5.0710447e-01 5.0895236e-01 5.1136122e-01 5.1378460e-01 5.2448615e-01 5.6858773e-01
4.3268173e-01 4.3267174e-01 4.3284191e-01 4.3304819e-01 4.3362112e-01 4.3417407e-01 4.3503486e-01 4.3627905e-01 4.5024991e-01 4.6924945e-01 4.4003398e-01 4.4112004e-01 4.4244278e-01 4.4347975e-01 4.4448494e-01 4.4555899e-01 4.4622046e-01 4.4854431e-01 4.4766930e-01 4.4820413e-01 4.6312381e-01 5.8731227e-01 7.8156279e-01 7.6753899e-01 7.7984465e-01 9.3161974e-01 6.3167251e-01 4.6629662e-01 4.5876960e-01 5.8998314e-01 8.1414578e-01 4.7792350e-01 4.6873854e-01 4.7240801e-01 4.7601352e-01 4.7948026e-01 4.8296299e-01 4.8627359e-01 4.8943331e-01 4.9344745e-01 4.9559099e-01 4.9844543e-01 5.0138178e-01 5.0409128e-01 5.0789952e-01 5.0929500e-01 5.1162027e-01 5.1369858e-01 5.1657255e-01 5.1779731e-01
4.3210918e-01 4.3206437e-01 4.3220849e-01 4.3273004e-01 4.3298199e-01 4.3352180e-01 4.3425393e-01 4.3547682e-01 4.3959524e-01 4.7185165e-01 4.4060524e-01 4.3994205e-01 4.3901441e-01 4.4206918e-01 4.4326195e-01 4.4431991e-01 4.4491959e-01 4.4599757e-01 4.4649002e-01 4.5549617e-01 6.6324773e-01 1.2289624e+00 1.6811367e+00 1.6419699e+00 1.0902189e+00 6.3163625e-01 5.9337047e-01 5.5910058e-01 6.6561014e-01 7.9456177e-01 5.4283856e-01 4.6572642e-01 4.6939138e-01 4.7324031e-01 4.7699029e-01 4.8167633e-01 4.8405444e-01 4.8733975e-01 4.9044916e-01 4.9348477e-01 4.9637793e-01 4.9923445e-01 5.0202036e-01 5.0456986e-01 5.0756382e-01 5.0941735e-01 5.1173965e-01 5.1380118e-01 5.1660523e-01 5.1752394e-01
4.3149599e-01 4.3140092e-01 4.3149932e-01 4.3047608e-01 4.3203503e-01 4.3275768e-01 4.3346493e-01 4.3455734e-01 4.4015494e-01 4.7453714e-01 4.4414892e-01 4.3813435e-01 4.4416691e-01 4.4083358e-01 4.4151615e-01 4.4261906e-01 4.4324789e-01 4.4318104e-01 4.6873804e-01 6.3164170e-01 1.0433970e+00 1.7250919e+00 1.9170841e+00 1.8000894e+00 1.1771726e+00 7.6503211e-01 7.0418664e-01 7.8458079e-01 6.3782065e-01 4.9961899e-01 4.6129025e-01 4.6616270e-01 4.7003211e-01 4.7394781e-01 4.7783866e-01 4.8161730e-01 4.8516513e-01 4.8843183e-01 4.9145216e-01 4.9232081e-01 4.9695994e-01 4.9984639e-01 5.0255568e-01 5.0510075e-01 5.1092638e-01 5.0983347e-01 5.1240878e-01 5.1473796e-01 5.1846561e-01 5.1562590e-01
4.3077982e-01 4.3060467e-01 4.3061430e-01 4.2909854e-01 4.3102549e-01 4.3170712e-01 4.3226467e-01 4.3327890e-01 4.3102728e-01 4.7194510e-01 4.4199786e-01 4.4056246e-01 4.3962486e-01 4.3884650e-01 4.3962184e-01 4.4116786e-01 4.4696991e-01 4.5913849e-01 6.3769223e-01 1.1602706e+00 1.6428410e+00 1.7646132e+00 1.8294509e+00 1.4153022e+00 7.3133085e-01 4.5893187e-01 4.5551076e-01 4.5812553e-01 4.5872536e-01 4.6099246e-01 4.6275276e-01 4.6701849e-01 4.7078390e-01 4.7464251e-01 4.7866768e-01 4.8138064e-01 4.8626957e-01 4.8950402e-01 4.9235190e-01 4.9597378e-01 4.9791494e-01 5.0064127e-01 5.0314045e-01 5.0552592e-01 5.0441195e-01 5.0998391e-01 5.1181028e-01 5.1193294e-01 5.0615081e-01 4.0462857e-01
4.2991206e-01 4.2969675e-01 4.2964268e-01 4.3146159e-01 4.3031610e-01 4.3072624e-01 4.3130082e-01 4.3281901e-01 4.7566894e-01 8.6995166e-01 5.9299557e-01 7.1407807e-01 7.1928320e-01 5.9424619e-01 4.9665315e-01 5.2019903e-01 6.8149091e-01 8.9564818e-01 1.1727136e+00 1.6551369e+00 1.5084703e+00 1.6089068e+00 1.5622761e+00 8.4294112e-01 4.8274430e-01 4.5092688e-01 4.5455791e-01 4.5630404e-01 4.5897408e-01 4.6142238e-01 4.6594959e-01 4.6770928e-01 4.7109589e-01 4.7481121e-01 4.7865626e-01 4.7716662e-01 4.8608104e-01 4.8947874e-01 4.9264406e-01 4.9481749e-01 4.9846622e-01 5.0091934e-01 5.0306665e-01 5.0562095e-01 5.0892516e-01 4.9724170e-01 4.2688446e-01 3.2450588e-01 2.4238359e-01 8.5513411e-02
4.2893946e-01 4.2875853e-01 4.2869665e-01 4.2792543e-01 4.2927711e-01 4.3004587e-01 4.3134828e-01 4.3132002e-01 6.9261020e-01 1.2172363e+00 1.0998388e+00 1.5026676e+00 1.5367496e+00 1.3341205e+00 1.1246991e+00 1.1422052e+00 1.4633255e+00 1.6291743e+00 1.5553828e+00 1.3354598e+00 1.2140342e+00 1.6306878e+00 1.2979389e+00 6.4396795e-01 4.4990734e-01 4.5109417e-01 4.5339217e-01 4.5679248e-01 4.5952287e-01 4.6197326e-01 4.6490792e-01 4.6759070e-01 4.7093445e-01 4.7449834e-01 4.7831891e-01 4.7564082e-01 4.8577314e-01 4.8914685e-01 4.9240803e-01 4.9821065e-01 4.9885108e-01 5.0069190e-01 5.0224567e-01 4.9996998e-01 4.3748776e-01 2.4259246e-01 6.6012394e-03 0.0000000e+00 0.0000000e+00 0.0000000e+00
4.2779955e-01 4.2754864e-01 4.2749132e-01 4.2829385e-01 4.2798905e-01 4.2851075e-01 4.2994842e-01 4.7564230e-01 1.0458366e+00 1.3900267e+00 1.6076347e+00 1.3465196e+00 1.1315846e+00 1.3776143e+00 1.5040601e+00 1.5080355e+00 1.3124430e+00 9.7647776e-01 7.5949287e-01 8.3165392e-01 1.2617577e+00 1.6686702e+00 1.0599806e+00 5.4487562e-01 4.4635336e-01 4.3555040e-01 4.3766881e-01 4.5551618e-01 4.6000943e-01 4.6234178e-01 4.6781912e-01 4.6769724e-01 4.7027643e-01 4.7384294e-01 4.7756794e-01 4.8167138e-01 4.8498158e-01 4.8838023e-01 4.9149246e-01 4.9715882e-01 4.9749787e-01 4.9846383e-01 4.6034126e-01 2.9038300e-01 9.6406983e-04 0.0000000e+00 0.0000000e+00 0.0000000e+00 0.0000000e+00 0.0000000e+00
4.2628516e-01 4.2608576e-01 4.2606196e-01 4.2508742e-01 4.2608278e-01 4.2913157e-01 4.9520529e-01 8.0939437e-01 1.3869818e+00 1.6215875e+00 1.2229637e+00 7.2145936e-01 5.1196722e-01 6.0818774e-01 6.7767485e-01 6.9237760e-01 5.8613780e-01 4.9355076e-01 6.2953109e-01 1.0772436e+00 1.6438531e+00 1.3181917e+00 7.1482969e-01 4.4718757e-01 3.8931434e-01 3.2190483e-01 3.0333811e-01 3.9034997e-01 4.5318285e-01 4.6269669e-01 4.6735275e-01 4.6737318e-01 4.6972524e-01 4.7316672e-01 4.7678499e-01 4.7703088e-01 4.8414583e-01 4.8731408e-01 4.8933057e-01 4.8435410e-01 4.3952724e-01 3.3775560e-01 5.0949237e-02 0.0000000e+00 0.0000000e+00 0.0000000e+00 0.0000000e+00 0.0000000e+00 0.0000000e+00 0.0000000e+00
4.2451753e-01 4.2434771e-01 4.2442051e-01 4.2283966e-01 4.3216722e-01 5.5116241e-01 9.2345480e-01 1.2625261e+00 1.4457193e+00 1.1283876e+00 6.5274443e-01 4.4741316e-01 4.3296235e-01 4.3495959e-01 4.3721496e-01 4.3924761e-01 4.4400319e-01 5.9464024e-01 1.0893813e+00 1.6503509e+00 1.3807470e+00 7.8864176e-01 4.7472565e-01 3.4457690e-01 2.6160150e-01 1.8702514e-01 1.4565558e-01 2.1012474e-01 3.5283683e-01 4.5223075e-01 4.6515755e-01 4.6711401e-01 4.6041512e-01 4.3052509e-01 4.0515910e-01 4.1778198e-01 4.2758950e-01 4.1534007e-01 3.3704833e-01 1.8715288e-01 9.3245662e-04 0.0000000e+00 0.0000000e+00 0.0000000e+00 0.0000000e+00 0.0000000e+00 0.0000000e+00 0.0000000e+00 0.0000000e+00 0.0000000e+00
4.2342069e-01 4.2370495e-01 4.2408705e-01 4.4142764e-01 5.9197393e-01 9.0434768e-01 1.2727513e+00 1.4998307e+00 1.3471037e+00 9.0345193e-01 4.3703807e-01 4.2948192e-01 4.3091154e-01 4.3200646e-01 4.3279381e-01 4.3353653e-01 4.7181621e-01 8.3092403e-01 1.5525778e+00 1.4041213e+00 7.7111718e-01 4.8051690e-01 4.2774103e-01 3.2683082e-01 1.7039417e-01 6.7735169e-02 9.9324925e-04 9.7200001e-04 1.2188481e-01 3.3746453e-01 4.3942989e-01 4.6411705e-01 4.0181793e-01 1.9406794e-01 2.0094049e-02 9.8187118e-04 9.7556746e-04 9.9316348e-04 9.7462712e-04 0.0000000e+00 0.0000000e+00 0.0000000e+00 0.0000000e+00 0.0000000e+00 0.0000000e+00 0.0000000e+00 0.0000000e+00 0.0000000e+00 0.0000000e+00 0.0000000e+00
4.2133122e-01 4.2235988e-01 4.4196266e-01 5.5790377e-01 1.0286954e+00 1.3957957e+00 1.3915666e+00 1.2817204e+00 9.9149435e-01 4.9064648e-01 4.2633707e-01 4.2761270e-01 4.2748584e-01 4.2924053e-01 4.3000479e-01 4.3224302e-01 5.9375201e-01 1.1465078e+00 1.6622895e+00 1.0652445e+00 5.3675794e-01 4.3227259e-01 4.1270471e-01 2.8471634e-01 1.2934693e-01 5.3892319e-03 9.9923019e-04 9.9961942e-04 9.7434579e-04 9.7641529e-04 1.8572279e-01 3.3409242e-01 2.6588628e-01 3.9162411e-03 9.3626553e-04 0.0000000e+00 0.0000000e+00 0.0000000e+00 0.0000000e+00 0.0000000e+00 0.0000000e+00 0.0000000e+00 0.0000000e+00 0.0000000e+00 0.0000000e+00 0.0000000e+00 0.0000000e+00 0.0000000e+00 0.0000000e+00 0.0000000e+00
