presentation/data/depth_0027.asc
ncols     164
nrows     146
xllcorner -1.242151388888889e+02
yllcorner  4.172986111111111e+01
cellsize  2.777777777820000e-04
nodata_value       -9999
[rows 110 to 131 of 146, columns 50 to 99 of 164]
1.1201830e+01 1.0609476e+01 9.4074247e+00 7.5638250e+00 5.8236317e+00 4.9633232e+00 4.4991491e+00 4.5958344e+00 4.1353735e+00 5.4392749e+00 6.8156350e+00 7.2759969e+00 7.4375537e+00 5.9297853e+00 5.4077348e+00 5.1690945e+00 2.1111268e+00 4.6186542e-04 4.2182942e+00 4.9152560e+00 5.1791216e+00 5.5765222e+00 5.9181822e+00 6.1912437e+00 6.3692765e+00 6.4114511e+00 6.3201705e+00 6.4282420e+00 6.8597812e+00 7.2215043e+00 7.5868959e+00 7.7166842e+00 8.0379222e+00 8.1163911e+00 8.2357351e+00 8.3370061e+00 8.4672505e+00 8.5503366e+00 8.6023571e+00 8.6358253e+00 8.6870072e+00 8.6962221e+00 8.6776286e+00 8.5907666e+00 8.5385528e+00 8.4957116e+00 8.5330715e+00 8.5871077e+00 8.6337406e+00 8.6936351e+00
1.2716924e+01 1.2717353e+01 1.1458663e+01 8.6048970e+00 5.2541885e+00 3.8771858e+00 4.6995421e+00 4.5849234e+00 5.5984624e+00 6.7481971e+00 7.7942277e+00 8.7381974e+00 9.4297241e+00 5.3957072e+00 5.8605061e+00 6.8250581e+00 4.5692345e+00 3.5223321e-04 1.0366489e+00 4.2989960e+00 4.8783117e+00 5.2264022e+00 5.5667650e+00 5.8327776e+00 6.0418771e+00 6.1552629e+00 6.1817650e+00 6.0990385e+00 6.3077112e+00 6.8213194e+00 7.2198527e+00 7.5422423e+00 7.7553597e+00 8.0416615e+00 8.1448198e+00 8.2467180e+00 8.3446177e+00 8.4384492e+00 8.4914435e+00 8.5358039e+00 8.5414688e+00 8.5126699e+00 8.4505664e+00 8.3914405e+00 8.3770174e+00 8.4098400e+00 8.5023612e+00 8.6034916e+00 8.6956591e+00 8.7646544e+00
1.3823220e+01 1.4050807e+01 1.3198462e+01 9.9445130e+00 6.7691536e-01 0.0000000e+00 4.4353411e-04 4.5084049e+00 6.0306199e+00 7.5753411e+00 8.9552037e+00 9.9865391e+00 1.0865325e+01 1.1035140e+01 1.1256393e+01 1.0928977e+01 9.4866758e+00 3.4814074e+00 3.2100712e-04 2.0165627e+00 4.6488012e+00 4.9646023e+00 5.2529985e+00 5.5199621e+00 5.7394326e+00 5.8947056e+00 5.9887072e+00 6.0023978e+00 6.0246481e+00 6.4254570e+00 6.8896341e+00 7.2452647e+00 7.5306456e+00 7.7577898e+00 7.9078351e+00 7.9480418e+00 7.8833626e+00 7.9780627e+00 8.0347416e+00 8.0842659e+00 8.1365158e+00 8.1393496e+00 8.1556504e+00 8.1680203e+00 8.2147145e+00 8.3237529e+00 8.5109154e+00 8.6541958e+00 8.7809584e+00 8.8923596e+00
1.4839983e+01 1.3929468e+01 1.3973819e+01 1.1160521e+01 2.0789334e+00 0.0000000e+00 0.0000000e+00 3.7825197e-04 8.2304887e+00 9.1681507e+00 1.0456317e+01 1.0900662e+01 1.1502303e+01 1.1899417e+01 1.2333570e+01 1.1861178e+01 1.1564163e+01 1.0017695e+01 2.3681994e+00 4.0197552e-04 4.1734230e+00 4.7958458e+00 4.9633502e+00 5.2352431e+00 5.4556201e+00 5.6475153e+00 5.7952161e+00 5.9330231e+00 6.1245320e+00 6.2677478e+00 6.6954103e+00 7.0480290e+00 7.3166043e+00 7.4632840e+00 7.4196470e+00 7.1802100e+00 7.0524711e+00 7.1349707e+00 7.3479456e+00 7.5029444e+00 7.6298865e+00 7.7451133e+00 7.8936973e+00 8.0513732e+00 8.1613512e+00 8.3244043e+00 8.5052987e+00 8.7252508e+00 8.9122589e+00 9.0472714e+00
1.5338723e+01 1.5721317e+01 1.5363980e+01 1.3546047e+01 1.0083753e+01 7.0949655e+00 3.5581872e+00 5.1413484e+00 1.1510870e+01 1.0833058e+01 1.1890711e+01 1.0596692e+01 1.1672177e+01 1.2135147e+01 1.2581764e+01 1.2480583e+01 1.1842469e+01 1.1393645e+01 8.5844224e+00 6.2104846e-01 1.5512744e+00 4.7701373e+00 4.7756793e+00 4.9610064e+00 5.1978446e+00 5.4177301e+00 5.5968343e+00 5.8141971e+00 6.1485515e+00 6.4918652e+00 6.6050534e+00 6.8350186e+00 6.9826318e+00 6.8893666e+00 6.5900606e+00 6.3768185e+00 6.4016900e+00 6.8202617e+00 7.1243012e+00 7.2128288e+00 7.3790631e+00 7.5189376e+00 7.7645905e+00 8.0161196e+00 8.2105641e+00 8.3880125e+00 8.6352161e+00 8.8993885e+00 9.1538845e+00 9.2711655e+00
1.5464310e+01 1.5960063e+01 1.5694262e+01 1.2459122e+01 1.3530857e+01 1.3247354e+01 1.2209229e+01 1.2968428e+01 1.3297538e+01 1.3105692e+01 1.2602375e+01 1.2264670e+01 1.3622232e+01 1.3564753e+01 1.2921453e+01 1.2901204e+01 1.2918700e+01 1.2028719e+01 9.6518829e+00 5.3516333e+00 2.7973542e-04 3.4446093e+00 4.7386143e+00 4.7640312e+00 4.9759721e+00 5.1851241e+00 5.3948877e+00 5.6416681e+00 6.0081398e+00 6.3857185e+00 6.6538441e+00 6.5928133e+00 6.5080565e+00 6.1737778e+00 5.9824852e+00 5.9444502e+00 6.0847107e+00 6.5766762e+00 7.0420299e+00 7.0953588e+00 7.3007902e+00 7.5516429e+00 7.8240520e+00 8.0710217e+00 8.2863979e+00 8.5119901e+00 8.8026621e+00 9.1247373e+00 9.4525316e+00 9.5521431e+00
1.5809437e+01 1.5960518e+01 1.6048005e+01 1.6562818e+01 1.5866296e+01 1.5575082e+01 1.5461877e+01 1.5225371e+01 1.4662295e+01 1.4006180e+01 1.3901387e+01 1.3980579e+01 1.3989957e+01 1.3842049e+01 1.3421734e+01 1.3669103e+01 1.3491471e+01 1.2741405e+01 1.1660103e+01 8.6674325e+00 2.9849061e+00 7.2800010e-04 3.8146144e+00 4.7025607e+00 4.8013387e+00 5.0060631e+00 5.2299729e+00 5.4677938e+00 5.7923245e+00 6.1038178e+00 6.4044117e+00 6.3549679e+00 6.0107932e+00 5.7915782e+00 5.7095360e+00 5.8271722e+00 5.9888990e+00 6.2480934e+00 6.5806737e+00 6.9644722e+00 7.3131950e+00 7.6452389e+00 7.9480636e+00 8.1759156e+00 8.3830385e+00 8.6271050e+00 8.9780643e+00 9.6947949e+00 9.7264607e+00 9.6301619e+00
1.7030364e+01 1.6893829e+01 1.6565057e+01 1.5946478e+01 1.6368072e+01 1.6169479e+01 1.5766896e+01 1.5690979e+01 1.4854307e+01 1.4662307e+01 1.4510753e+01 1.4700772e+01 1.4719652e+01 1.4422102e+01 1.3561145e+01 1.3590790e+01 1.3258028e+01 1.2590560e+01 1.2735644e+01 1.2107351e+01 8.5103306e+00 0.0000000e+00 8.6607747e-01 4.2033406e+00 4.6937806e+00 4.7721924e+00 4.9082594e+00 5.0783146e+00 5.2730152e+00 5.4576563e+00 5.6583931e+00 5.7611173e+00 5.6940523e+00 5.5711308e+00 5.5411278e+00 5.6149650e+00 5.8587008e+00 6.2110090e+00 6.5807583e+00 7.0918764e+00 7.4824916e+00 7.7566339e+00 8.0861842e+00 8.3411839e+00 8.5489185e+00 8.7609486e+00 8.7394756e+00 9.0716932e+00 9.7602664e+00 9.7683697e+00
1.7317812e+01 1.7774560e+01 1.7518397e+01 1.7166285e+01 1.6779012e+01 1.6109319e+01 1.5923099e+01 1.5734321e+01 1.5642573e+01 1.5240693e+01 1.4710509e+01 1.4979097e+01 1.4893361e+01 1.4839205e+01 1.4056571e+01 1.3105518e+01 1.3849620e+01 1.2820904e+01 1.2179024e+01 1.2643706e+01 1.0674422e+01 1.4194229e+00 5.9341250e-04 2.0272309e+00 4.2573826e+00 4.6929289e+00 4.8338627e+00 4.7957782e+00 4.8287591e+00 4.8496415e+00 4.8571294e+00 5.0215693e+00 5.2036546e+00 5.3384347e+00 5.2969829e+00 5.4155851e+00 5.7413574e+00 6.1941362e+00 6.7258370e+00 7.2448889e+00 7.7809485e+00 8.0532163e+00 8.3570731e+00 8.5828846e+00 8.8319010e+00 9.0634338e+00 9.2275665e+00 9.4023242e+00 9.7867781e+00 1.0012207e+01
1.7393765e+01 1.7032265e+01 1.7486701e+01 1.7182857e+01 1.6674849e+01 1.5829867e+01 1.6130374e+01 1.6041786e+01 1.6256887e+01 1.5862086e+01 1.4876431e+01 1.4749195e+01 1.4351055e+01 1.5265443e+01 1.5219002e+01 1.4280571e+01 1.4242675e+01 1.3097873e+01 1.3532264e+01 1.2995439e+01 1.2574106e+01 5.8229792e+00 0.0000000e+00 9.6447322e-04 1.2918406e+00 4.0353889e+00 4.1034066e+00 4.3709715e+00 4.2437874e+00 4.4603103e+00 4.4513826e+00 4.4042196e+00 4.6498742e+00 4.8691049e+00 5.1873500e+00 5.2682226e+00 5.5969253e+00 6.3191462e+00 7.0618896e+00 7.6928692e+00 8.1706873e+00 8.4569146e+00 8.7578280e+00 8.9964110e+00 9.2456883e+00 9.4802343e+00 9.7618639e+00 1.0021756e+01 1.0172161e+01 1.0324070e+01
1.7577895e+01 1.7682254e+01 1.7520203e+01 1.6966885e+01 1.6693705e+01 1.6567632e+01 1.6625283e+01 1.6248751e+01 1.5299027e+01 1.6228046e+01 1.5370606e+01 1.4966977e+01 1.4953443e+01 1.5044565e+01 1.5545035e+01 1.5496837e+01 1.5005525e+01 1.4551905e+01 1.3857167e+01 1.2493275e+01 1.3123225e+01 1.0973050e+01 2.0206868e+00 8.4468448e-04 9.6270595e-04 8.8904132e-04 8.1809265e-04 9.9424089e-04 3.4609796e-01 1.0460024e+00 3.6706811e+00 3.0719164e+00 4.4842236e+00 4.4666804e+00 4.6286606e+00 5.5020821e+00 5.8011406e+00 6.4157665e+00 7.6524629e+00 8.4911974e+00 8.8305765e+00 9.0393982e+00 9.3127536e+00 9.5656898e+00 9.8124466e+00 1.0016423e+01 1.0256948e+01 1.0472433e+01 1.0638146e+01 1.0748907e+01
1.7898401e+01 1.7707607e+01 1.7824570e+01 1.7386085e+01 1.6853455e+01 1.6733721e+01 1.6515709e+01 1.6456998e+01 1.6212809e+01 1.6766926e+01 1.5856579e+01 1.5380855e+01 1.5130710e+01 1.5253954e+01 1.5740945e+01 1.5265948e+01 1.5561877e+01 1.4830600e+01 1.4039041e+01 1.3669006e+01 1.3453616e+01 1.3925554e+01 1.0538999e+01 3.7761501e+00 1.1953659e+00 9.8732555e-04 9.9716644e-04 8.7095077e-04 9.1491611e-04 8.0933454e-04 4.7389308e-04 7.1865253e-04 7.9686476e-04 3.3841649e-01 7.7678957e-01 2.1923141e+00 3.1821774e+00 4.7333926e+00 9.1907819e+00 9.5250299e+00 9.6520598e+00 9.8274747e+00 1.0067190e+01 1.0270811e+01 1.0475097e+01 1.0637829e+01 1.0812063e+01 1.0915293e+01 1.1038336e+01 1.1193473e+01
1.8320131e+01 1.8222019e+01 1.8087231e+01 1.7625608e+01 1.7154030e+01 1.6959486e+01 1.6863338e+01 1.6837482e+01 1.6860728e+01 1.6637568e+01 1.6164503e+01 1.5892995e+01 1.5795926e+01 1.5807299e+01 1.6151428e+01 1.6020622e+01 1.4734346e+01 1.4894018e+01 1.4633718e+01 1.4152427e+01 1.3276815e+01 1.4158599e+01 1.3819210e+01 1.1419099e+01 9.9510998e+00 5.3150729e+00 4.2302663e+00 5.9072361e+00 1.0541059e+01 1.0549420e+01 1.0936285e+01 1.0491870e+01 9.2133612e+00 7.9299991e+00 5.9503501e+00 4.0701185e+00 1.9452639e+00 2.7093432e+00 1.0909802e+01 1.1068812e+01 1.0777920e+01 1.0808064e+01 1.0929490e+01 1.1048261e+01 1.1144433e+01 1.1250002e+01 1.1307375e+01 1.1339976e+01 1.1296869e+01 1.1490362e+01
1.8083034e+01 1.8214578e+01 1.8202468e+01 1.7865736e+01 1.7657344e+01 1.6149444e+01 1.6979136e+01 1.7389307e+01 1.7045431e+01 1.6795357e+01 1.6555629e+01 1.6484902e+01 1.6336948e+01 1.6415927e+01 1.6331211e+01 1.6097004e+01 1.6204402e+01 1.4795782e+01 1.5123894e+01 1.4801565e+01 1.4500999e+01 1.4297562e+01 1.4156337e+01 1.4079112e+01 1.2868046e+01 7.8670934e+00 6.4479377e+00 8.1466000e+00 1.0776088e+01 1.3549573e+01 1.3412685e+01 1.3062706e+01 1.3276098e+01 1.2852682e+01 1.2543164e+01 1.3122298e+01 1.2740088e+01 1.2075406e+01 1.2536461e+01 1.2019250e+01 1.1776245e+01 1.1707301e+01 1.1711871e+01 1.1710102e+01 1.1712157e+01 1.1757912e+01 1.1797629e+01 1.1776026e+01 1.1591839e+01 1.1538530e+01
1.8734084e+01 1.8662890e+01 1.8471365e+01 1.8263786e+01 1.7945290e+01 1.4311961e+01 1.6973879e+01 1.7904195e+01 1.7527441e+01 1.7312821e+01 1.7142929e+01 1.7061426e+01 1.6818431e+01 1.6782212e+01 1.6702358e+01 1.6385855e+01 1.6220825e+01 1.5052339e+01 1.5174757e+01 1.5616646e+01 1.5570195e+01 1.4965728e+01 1.4256297e+01 1.4160761e+01 1.3878728e+01 1.1226630e+01 8.2193091e+00 8.4272118e+00 1.0758114e+01 1.3533629e+01 1.2787301e+01 1.3385292e+01 1.3129053e+01 1.3489672e+01 1.3727645e+01 1.3604731e+01 1.2549520e+01 1.2921950e+01 1.2670064e+01 1.2481329e+01 1.2354270e+01 1.2273201e+01 1.2201124e+01 1.2170005e+01 1.2140237e+01 1.2134799e+01 1.2170230e+01 1.1441080e+01 1.1846545e+01 1.1925862e+01
1.8998744e+01 1.8906134e+01 1.8847480e+01 1.8609026e+01 1.8620982e+01 1.8569295e+01 1.8538621e+01 1.8449865e+01 1.8347922e+01 1.8123940e+01 1.7830457e+01 1.7750631e+01 1.7414737e+01 1.7440857e+01 1.7188556e+01 1.6810058e+01 1.5043478e+01 1.6117510e+01 1.6069859e+01 1.5572152e+01 1.5488543e+01 1.5831101e+01 1.5102683e+01 1.4646745e+01 1.4308455e+01 1.3776458e+01 1.1008055e+01 1.0725625e+01 1.3807441e+01 1.3519250e+01 1.2866460e+01 1.3426060e+01 1.2683982e+01 1.2901631e+01 1.3714211e+01 1.3691164e+01 1.3896353e+01 1.3309377e+01 1.2974499e+01 1.2845263e+01 1.2712789e+01 1.2614438e+01 1.2553755e+01 1.2495802e+01 1.2475044e+01 1.2411483e+01 1.2331093e+01 1.1059048e+01 1.1396024e+01 1.2164715e+01
1.9287296e+01 1.9191093e+01 1.9145656e+01 1.9110320e+01 1.9002834e+01 1.8859509e+01 1.8819099e+01 1.8512300e+01 1.8743281e+01 1.8502539e+01 1.8503276e+01 1.8021345e+01 1.7887674e+01 1.7715859e+01 1.7564382e+01 1.7082352e+01 1.6409399e+01 1.6756444e+01 1.6693668e+01 1.6576516e+01 1.6062431e+01 1.6522640e+01 1.5986926e+01 1.5306433e+01 1.4982657e+01 1.4174984e+01 1.4372187e+01 1.4767198e+01 1.4401107e+01 1.3863643e+01 1.3612599e+01 1.3554165e+01 1.3365733e+01 1.3616579e+01 1.3824722e+01 1.4123450e+01 1.4021593e+01 1.3737770e+01 1.3222459e+01 1.3043273e+01 1.2923948e+01 1.2820171e+01 1.2744153e+01 1.2661956e+01 1.2620159e+01 1.2562882e+01 1.2473065e+01 1.2493896e+01 1.2533876e+01 1.2494113e+01
1.9618915e+01 1.9520492e+01 1.9449029e+01 1.9468898e+01 1.9342246e+01 1.9187032e+01 1.9006584e+01 1.8883891e+01 1.8842803e+01 1.8686797e+01 1.8522241e+01 1.8462547e+01 1.8219628e+01 1.7955019e+01 1.7878518e+01 1.7746344e+01 1.7342869e+01 1.7035523e+01 1.7074452e+01 1.6962527e+01 1.6947542e+01 1.6967305e+01 1.6750058e+01 1.5896018e+01 1.5463166e+01 1.4666735e+01 1.5415923e+01 1.5036690e+01 1.4621355e+01 1.4114729e+01 1.3926686e+01 1.3419633e+01 1.2782079e+01 1.3508071e+01 1.2325821e+01 1.3835252e+01 1.4181638e+01 1.3870561e+01 1.3459075e+01 1.3209431e+01 1.3059518e+01 1.2935604e+01 1.2845370e+01 1.2749492e+01 1.2692450e+01 1.2672461e+01 1.2576937e+01 1.2583135e+01 1.2545593e+01 1.2534714e+01
1.9921187e+01 1.9818649e+01 1.9726566e+01 1.9669380e+01 1.9711712e+01 1.9540607e+01 1.9286083e+01 1.9084490e+01 1.8973133e+01 1.8889874e+01 1.8699018e+01 1.8623576e+01 1.8463542e+01 1.8345156e+01 1.8070936e+01 1.7645307e+01 1.7417678e+01 1.7038543e+01 1.7294438e+01 1.7288256e+01 1.7253466e+01 1.7073666e+01 1.7005965e+01 1.6276098e+01 1.6170818e+01 1.5930593e+01 1.5658566e+01 1.5260480e+01 1.5163057e+01 1.4572157e+01 1.4499902e+01 1.4121833e+01 1.3426042e+01 1.3520747e+01 1.3627741e+01 1.4385617e+01 1.4399382e+01 1.3919481e+01 1.3589063e+01 1.3374325e+01 1.3207030e+01 1.3068168e+01 1.2974272e+01 1.2870236e+01 1.2808045e+01 1.2769424e+01 1.2722618e+01 1.2740310e+01 1.2737671e+01 1.2675461e+01
2.0218316e+01 2.0259085e+01 2.0070970e+01 1.9795734e+01 1.9687204e+01 1.9584713e+01 1.9484348e+01 1.9278299e+01 1.9129754e+01 1.9087333e+01 1.8921465e+01 1.8801138e+01 1.8707383e+01 1.8761061e+01 1.8406965e+01 1.8407022e+01 1.7781884e+01 1.7044754e+01 1.7486951e+01 1.7648795e+01 1.7586645e+01 1.7358497e+01 1.6795024e+01 1.6525782e+01 1.6443600e+01 1.6392466e+01 1.5885916e+01 1.5051501e+01 1.5523139e+01 1.5581495e+01 1.4568751e+01 1.4426843e+01 1.4294322e+01 1.3777822e+01 1.4388100e+01 1.4411895e+01 1.3407139e+01 1.3897910e+01 1.3809150e+01 1.3572608e+01 1.3392662e+01 1.3253214e+01 1.3155822e+01 1.3061327e+01 1.3006381e+01 1.2989167e+01 1.2983799e+01 1.2588634e+01 1.3064210e+01 1.2981451e+01
2.0436887e+01 2.0232076e+01 2.0232120e+01 1.9999974e+01 1.9792480e+01 1.9739070e+01 1.9742250e+01 1.9548527e+01 1.9424301e+01 1.9361651e+01 1.9284832e+01 1.9189536e+01 1.9125140e+01 1.9081570e+01 1.8788117e+01 1.8657002e+01 1.8088041e+01 1.5013269e+01 1.6997012e+01 1.7458024e+01 1.7235331e+01 1.7170792e+01 1.7178888e+01 1.7053808e+01 1.6893338e+01 1.6937921e+01 1.6165569e+01 1.5727045e+01 1.4320218e+01 1.5069556e+01 1.5513694e+01 1.5183929e+01 1.4723972e+01 1.3448436e+01 1.3886007e+01 1.3612205e+01 1.3151488e+01 1.3979064e+01 1.3957368e+01 1.3742576e+01 1.3549152e+01 1.3408199e+01 1.3332455e+01 1.3287524e+01 1.3311942e+01 1.3362738e+01 1.3267003e+01 1.2874661e+01 1.3184455e+01 1.3352702e+01
2.0528164e+01 2.0423000e+01 2.0277856e+01 2.0172661e+01 1.9984103e+01 1.9920100e+01 1.9917934e+01 1.9916509e+01 1.9864339e+01 1.9782272e+01 1.9705535e+01 1.9585754e+01 1.9431663e+01 1.9203463e+01 1.9102180e+01 1.8681877e+01 1.8366550e+01 1.7907210e+01 1.8218476e+01 1.7815045e+01 1.7612232e+01 1.7055108e+01 1.6721225e+01 1.7181452e+01 1.7253379e+01 1.7318628e+01 1.6668011e+01 1.6182959e+01 1.5847621e+01 1.5820508e+01 1.5620540e+01 1.5201041e+01 1.4920820e+01 1.4888901e+01 1.4747511e+01 1.4693621e+01 1.4495490e+01 1.4371246e+01 1.4124737e+01 1.3919168e+01 1.3745916e+01 1.3611162e+01 1.3543883e+01 1.3539254e+01 1.3410875e+01 1.3378546e+01 1.3428312e+01 1.1337602e+01 1.0801425e+01 1.2192527e+01
