presentation/data/depth_0023.asc
ncols     164
nrows     146
xllcorner -1.242151388888889e+02
yllcorner  4.172986111111111e+01
cellsize  2.777777777820000e-04
nodata_value       -9999
[rows 110 to 131 of 146, columns 100 to 149 of 164]
8.5611082e+00 8.5232231e+00 8.5059750e+00 8.4349456e+00 8.2743403e+00 8.1226473e+00 4.9620459e+00 2.0864354e+00 1.5000485e+00 1.2446377e+00 9.3181954e-04 8.9241775e-04 7.2153410e-04 1.5529138e+00 2.9775821e+00 4.0972906e+00 4.9496268e+00 4.8300355e+00 4.8741939e+00 6.5253426e+00 7.4159738e+00 7.6159495e+00 7.7937173e+00 7.7276961e+00 7.2357310e+00 7.4239691e+00 7.4497037e+00 7.6012168e+00 7.6815708e+00 7.9333738e+00 7.8075778e+00 7.1968920e+00 7.5203329e+00 8.1308849e+00 8.6709866e+00 8.8538367e+00 8.8732502e+00 8.6227396e+00 8.5897218e+00 8.7059738e+00 8.8605459e+00 8.9153827e+00 8.9827851e+00 9.1676857e+00 9.2445016e+00 9.3075596e+00 9.3469661e+00 9.2266595e+00 9.1297995e+00 8.9621580e+00
8.7162602e+00 8.7600883e+00 8.7160523e+00 8.6442424e+00 8.5096847e+00 8.5101548e+00 8.4833020e+00 6.5207385e+00 5.0810805e+00 4.9585345e+00 3.2260265e+00 3.6792807e+00 4.1032140e+00 4.3568232e+00 4.1022261e+00 4.3963036e+00 5.1239612e+00 5.2258011e+00 5.0503930e+00 6.4227177e+00 7.3152622e+00 7.5284961e+00 7.7781504e+00 7.8176620e+00 7.2409996e+00 7.0373452e+00 7.0005241e+00 7.4891998e+00 7.7189024e+00 8.0120464e+00 8.1184932e+00 7.9835544e+00 7.9984680e+00 8.2625544e+00 8.9545442e+00 9.2656031e+00 9.1887042e+00 8.9876455e+00 8.8018276e+00 8.8587707e+00 9.0586071e+00 9.1115875e+00 9.0538930e+00 9.1305279e+00 9.2242381e+00 9.3114036e+00 9.4664692e+00 9.4096238e+00 9.2422564e+00 9.1335177e+00
8.8842128e+00 8.9784897e+00 9.0287852e+00 8.9898816e+00 8.9551795e+00 8.8509297e+00 8.9623574e+00 9.3786644e+00 9.0657450e+00 7.9113358e+00 6.9191052e+00 6.8273636e+00 7.0096283e+00 6.5401187e+00 5.3130678e+00 5.1015466e+00 5.7905701e+00 6.0313836e+00 6.2147799e+00 7.0695534e+00 7.4819905e+00 7.3189673e+00 7.4768421e+00 7.5758642e+00 7.3678049e+00 7.3152099e+00 6.8133823e+00 7.5128601e+00 7.9092783e+00 8.2907863e+00 8.6732080e+00 8.8590879e+00 8.5789862e+00 8.3340894e+00 8.8800266e+00 9.3575486e+00 9.4048154e+00 9.2089880e+00 8.9537075e+00 8.9330746e+00 9.1897168e+00 9.1693790e+00 9.1360360e+00 9.1349466e+00 9.1776095e+00 9.2325944e+00 9.3913319e+00 9.4407856e+00 9.3669665e+00 9.3368054e+00
9.1309099e+00 9.2302024e+00 9.2978511e+00 9.3311275e+00 9.3420333e+00 9.3103062e+00 9.2690209e+00 9.2758510e+00 9.0953375e+00 8.5655475e+00 8.9728380e+00 8.7838211e+00 8.5693987e+00 8.0190374e+00 7.0366482e+00 6.7791367e+00 7.0068995e+00 7.3874115e+00 7.8101701e+00 8.2175437e+00 8.1290195e+00 7.7315600e+00 7.5226209e+00 7.6045264e+00 7.7240084e+00 8.0968966e+00 7.6527684e+00 7.9456174e+00 8.2206340e+00 8.5482371e+00 9.0254776e+00 9.5979261e+00 9.0932692e+00 8.8191480e+00 9.2068180e+00 9.6214620e+00 9.7295614e+00 9.4889728e+00 9.2351698e+00 9.1572790e+00 9.2417101e+00 9.2115776e+00 9.1794712e+00 9.1608959e+00 9.2128819e+00 9.3035788e+00 9.4399074e+00 9.4995857e+00 9.4821996e+00 9.4787498e+00
9.3955496e+00 9.5174376e+00 9.5901589e+00 9.6753516e+00 9.7287939e+00 9.7194994e+00 9.6902556e+00 9.6455450e+00 9.5627692e+00 9.5136894e+00 1.0022931e+01 9.6995673e+00 9.6855046e+00 9.5249734e+00 9.0482804e+00 8.7316105e+00 8.7614981e+00 8.7951603e+00 9.0972264e+00 9.2667525e+00 9.0888077e+00 8.4812501e+00 7.9663479e+00 7.9911528e+00 8.2686866e+00 8.4861262e+00 8.4299043e+00 8.5340944e+00 8.6984768e+00 8.7611740e+00 8.8303295e+00 9.2768853e+00 9.2085080e+00 9.2343004e+00 9.6085146e+00 1.0074356e+01 1.0318821e+01 9.8881329e+00 9.4287571e+00 9.3677533e+00 9.3531820e+00 9.2721289e+00 9.2844357e+00 9.2616804e+00 9.3136788e+00 9.4426010e+00 9.5513709e+00 9.6276429e+00 9.5876898e+00 9.5125513e+00
9.7063694e+00 9.8154229e+00 9.8921436e+00 9.9612710e+00 1.0032490e+01 1.0044545e+01 1.0061943e+01 1.0016418e+01 9.9500084e+00 9.9733914e+00 9.9836871e+00 1.0276604e+01 1.0960738e+01 1.0887720e+01 1.0645702e+01 1.0433243e+01 1.0062611e+01 1.0028274e+01 1.0402260e+01 1.0471610e+01 1.0172662e+01 9.4726640e+00 8.8815033e+00 8.7234367e+00 8.8876710e+00 9.0345617e+00 9.0544032e+00 9.1772429e+00 9.2661918e+00 9.1021797e+00 8.9995733e+00 9.1803618e+00 9.2862881e+00 9.4796125e+00 9.8589256e+00 1.0421895e+01 1.0797892e+01 1.0306208e+01 9.7532437e+00 9.6972405e+00 9.6400639e+00 9.5004634e+00 9.4724369e+00 9.4250643e+00 9.4849307e+00 9.6334267e+00 9.7103837e+00 9.7826768e+00 9.7044153e+00 9.5745577e+00
9.9924954e+00 1.0014311e+01 1.0131578e+01 1.0300293e+01 1.0378271e+01 1.0474144e+01 1.0387967e+01 1.0374220e+01 1.0280342e+01 1.0414848e+01 1.0545772e+01 1.1178315e+01 1.1985001e+01 1.1741606e+01 1.1483447e+01 1.1002402e+01 1.0273139e+01 1.0388190e+01 1.1285988e+01 1.1237438e+01 1.0706978e+01 1.0102203e+01 9.6191702e+00 9.4618694e+00 9.5362736e+00 9.5894864e+00 9.8354673e+00 9.5326660e+00 9.4857091e+00 9.2901288e+00 9.1655629e+00 9.1929483e+00 9.3055374e+00 9.5605060e+00 9.8554183e+00 1.0355191e+01 1.0637049e+01 1.0351688e+01 9.9379008e+00 9.9155360e+00 9.9742844e+00 9.8645770e+00 9.6427111e+00 9.5364618e+00 9.6872387e+00 9.9224807e+00 9.8223980e+00 9.8091730e+00 9.7316785e+00 9.6359020e+00
1.0062406e+01 1.0269104e+01 1.0370955e+01 1.0510969e+01 1.0659140e+01 1.0695093e+01 1.0691688e+01 1.0578070e+01 1.0467389e+01 1.0754929e+01 1.1166371e+01 1.1394239e+01 1.1195580e+01 1.1182795e+01 1.1121522e+01 1.0850490e+01 1.0004715e+01 9.2222392e+00 1.0963962e+01 1.1229034e+01 1.0933143e+01 1.0608927e+01 1.0416657e+01 1.0369341e+01 1.0441404e+01 1.0498457e+01 1.0476918e+01 1.0042742e+01 9.8968150e+00 9.6354239e+00 9.3714404e+00 9.2243922e+00 9.2359617e+00 9.4996296e+00 9.8292867e+00 1.0099197e+01 1.0253170e+01 1.0134715e+01 9.9297919e+00 9.7887842e+00 9.9820503e+00 1.0027993e+01 1.0004371e+01 9.8211730e+00 9.8983988e+00 1.0055308e+01 9.9218145e+00 9.8204892e+00 9.7531925e+00 9.7011103e+00
1.0397368e+01 1.0592921e+01 1.0727585e+01 1.0745726e+01 1.0808931e+01 1.0979712e+01 1.0963237e+01 1.0731112e+01 1.1012794e+01 1.1646722e+01 1.1896910e+01 1.2011953e+01 1.1481766e+01 1.1290121e+01 1.0627162e+01 1.1281241e+01 1.1348053e+01 1.0375696e+01 1.0581802e+01 1.0685522e+01 1.0723013e+01 1.0784168e+01 1.0890193e+01 1.1067976e+01 1.1034251e+01 1.1005497e+01 1.0853293e+01 1.0606129e+01 1.0342304e+01 9.9469027e+00 9.5750732e+00 9.3294066e+00 9.2452644e+00 9.5218481e+00 9.7900321e+00 9.9283598e+00 1.0019962e+01 1.0000268e+01 9.9552154e+00 9.8764034e+00 1.0004867e+01 1.0143320e+01 1.0292020e+01 1.0132519e+01 1.0072995e+01 1.0068231e+01 9.9370676e+00 9.7993509e+00 9.7579415e+00 9.7574350e+00
1.0739355e+01 1.0452196e+01 1.0891418e+01 1.1434249e+01 1.1690671e+01 1.1362504e+01 1.1222166e+01 1.0720531e+01 1.0756111e+01 1.2101882e+01 1.2001947e+01 1.1975015e+01 1.2261475e+01 1.2581620e+01 1.2042150e+01 1.2243914e+01 1.1980863e+01 1.1098157e+01 9.8608861e+00 9.8578449e+00 1.0391429e+01 1.0773436e+01 1.1111018e+01 1.1438230e+01 1.1346577e+01 1.1251198e+01 1.1146361e+01 1.0991929e+01 1.0784347e+01 1.0306234e+01 9.8283584e+00 9.6309071e+00 9.6048935e+00 9.8135650e+00 1.0012650e+01 9.9825409e+00 9.9696708e+00 9.9694887e+00 9.9556540e+00 9.9112567e+00 9.9810021e+00 1.0053026e+01 1.0214626e+01 1.0213918e+01 1.0147348e+01 1.0064975e+01 9.9297510e+00 9.7836798e+00 9.7647117e+00 9.8167465e+00
1.0890321e+01 1.1008173e+01 1.1222856e+01 1.2147597e+01 1.3193007e+01 1.2909660e+01 1.2942732e+01 1.1593716e+01 1.0568184e+01 1.1667535e+01 1.1439488e+01 1.1734008e+01 1.2358402e+01 1.2634209e+01 1.2683971e+01 1.2522261e+01 1.1984533e+01 1.0750961e+01 9.0258457e+00 9.6096517e+00 1.0548026e+01 1.0923855e+01 1.1295808e+01 1.1590651e+01 1.1537857e+01 1.1411412e+01 1.1319780e+01 1.1269393e+01 1.1232010e+01 1.0741133e+01 1.0239099e+01 1.0059663e+01 1.0049301e+01 1.0208190e+01 1.0412659e+01 1.0296718e+01 1.0152178e+01 1.0089808e+01 1.0056261e+01 1.0027520e+01 1.0019348e+01 1.0144100e+01 1.0240599e+01 1.0259481e+01 1.0207923e+01 1.0128063e+01 1.0039107e+01 9.9293561e+00 9.9130576e+00 9.9330602e+00
1.1666789e+01 1.1487745e+01 1.1731220e+01 1.2384297e+01 1.2806233e+01 1.3639310e+01 1.4621902e+01 1.4046000e+01 1.3286174e+01 1.2827519e+01 1.2210251e+01 1.2311519e+01 1.2463755e+01 1.2436790e+01 1.2576903e+01 1.2577555e+01 1.2367006e+01 1.1930054e+01 1.1572784e+01 1.1132370e+01 1.1003798e+01 1.1273599e+01 1.1579505e+01 1.1760968e+01 1.1703209e+01 1.1512336e+01 1.1374554e+01 1.1332929e+01 1.1252189e+01 1.0907435e+01 1.0594135e+01 1.0433017e+01 1.0447449e+01 1.0483958e+01 1.0526084e+01 1.0462434e+01 1.0380406e+01 1.0324398e+01 1.0232358e+01 1.0199507e+01 1.0172429e+01 1.0275435e+01 1.0350543e+01 1.0374765e+01 1.0310161e+01 1.0243554e+01 1.0171723e+01 1.0107174e+01 1.0095794e+01 1.0082559e+01
1.2345586e+01 1.2333794e+01 1.2416304e+01 1.2622494e+01 1.2577038e+01 1.2841820e+01 1.3090911e+01 1.3521377e+01 1.3236263e+01 1.2832087e+01 1.2546558e+01 1.2592250e+01 1.2459725e+01 1.2376971e+01 1.2406317e+01 1.2519205e+01 1.2625660e+01 1.2575978e+01 1.2416923e+01 1.1929594e+01 1.1610716e+01 1.1724849e+01 1.1918434e+01 1.2013378e+01 1.1912767e+01 1.1807974e+01 1.1530043e+01 1.1339366e+01 1.1207396e+01 1.0987995e+01 1.0809122e+01 1.0701102e+01 1.0723167e+01 1.0662640e+01 1.0626750e+01 1.0620464e+01 1.0607053e+01 1.0498483e+01 1.0386355e+01 1.0327159e+01 1.0343004e+01 1.0407184e+01 1.0487519e+01 1.0547691e+01 1.0467287e+01 1.0405912e+01 1.0334973e+01 1.0286816e+01 1.0265305e+01 1.0255191e+01
1.2779742e+01 1.2975724e+01 1.2820756e+01 1.2744079e+01 1.1963612e+01 1.1753434e+01 1.2822012e+01 1.2747154e+01 1.2664330e+01 1.2464435e+01 1.2348294e+01 1.2716595e+01 1.2420679e+01 1.2255740e+01 1.2169368e+01 1.2113896e+01 1.2627520e+01 1.2656971e+01 1.2447615e+01 1.2159349e+01 1.1996453e+01 1.2068334e+01 1.2256933e+01 1.2335860e+01 1.2102641e+01 1.1978274e+01 1.1677809e+01 1.1381205e+01 1.1216124e+01 1.1060903e+01 1.0953065e+01 1.0889134e+01 1.0845412e+01 1.0739924e+01 1.0691025e+01 1.0718013e+01 1.0749004e+01 1.0587805e+01 1.0480721e+01 1.0445577e+01 1.0471049e+01 1.0515926e+01 1.0585137e+01 1.0626988e+01 1.0557424e+01 1.0499981e+01 1.0450397e+01 1.0427069e+01 1.0393736e+01 1.0371978e+01
1.2716930e+01 1.2974891e+01 1.2884164e+01 1.2702995e+01 1.2234404e+01 1.1963684e+01 1.2382599e+01 1.2490248e+01 1.2283342e+01 1.2222655e+01 1.2347389e+01 1.2547173e+01 1.2170436e+01 1.1918078e+01 1.1807762e+01 1.1838793e+01 1.2356231e+01 1.2493960e+01 1.2399690e+01 1.2216553e+01 1.2137378e+01 1.2301736e+01 1.2545579e+01 1.2481032e+01 1.2178437e+01 1.1944622e+01 1.1702435e+01 1.1565022e+01 1.1373520e+01 1.1184693e+01 1.1101935e+01 1.1066316e+01 1.1076932e+01 1.0908363e+01 1.0710361e+01 1.0710322e+01 1.0720047e+01 1.0652340e+01 1.0586952e+01 1.0624268e+01 1.0645668e+01 1.0599143e+01 1.0638347e+01 1.0662315e+01 1.0640905e+01 1.0614402e+01 1.0580281e+01 1.0563793e+01 1.0552776e+01 1.0512497e+01
1.2481555e+01 1.2667810e+01 1.2723899e+01 1.2843844e+01 1.2978812e+01 1.3264554e+01 1.2849634e+01 1.2470186e+01 1.2400581e+01 1.2393448e+01 1.2404315e+01 1.2163149e+01 1.1762928e+01 1.1475685e+01 1.1572414e+01 1.1783842e+01 1.2101332e+01 1.2287099e+01 1.2290731e+01 1.2190281e+01 1.2127572e+01 1.2369099e+01 1.2563328e+01 1.2433362e+01 1.2210164e+01 1.2024474e+01 1.1853230e+01 1.1692171e+01 1.1548109e+01 1.1464496e+01 1.1392057e+01 1.1282468e+01 1.1258372e+01 1.1052733e+01 1.0834949e+01 1.0776131e+01 1.0729425e+01 1.0680141e+01 1.0697154e+01 1.0750129e+01 1.0756115e+01 1.0746743e+01 1.0770654e+01 1.0786665e+01 1.0784422e+01 1.0770672e+01 1.0738859e+01 1.0727554e+01 1.0790639e+01 1.0770051e+01
1.2492862e+01 1.2396628e+01 1.2446726e+01 1.2815220e+01 1.3254828e+01 1.3568840e+01 1.3327169e+01 1.2933731e+01 1.2880091e+01 1.3007638e+01 1.2529179e+01 1.2136775e+01 1.1841906e+01 1.1702260e+01 1.1751369e+01 1.1906621e+01 1.2146042e+01 1.2298229e+01 1.2326889e+01 1.2292860e+01 1.2294197e+01 1.2441917e+01 1.2550869e+01 1.2449271e+01 1.2294983e+01 1.2024371e+01 1.1960146e+01 1.1862341e+01 1.1756906e+01 1.1697168e+01 1.1594882e+01 1.1348335e+01 1.1259971e+01 1.1123150e+01 1.0973766e+01 1.0879991e+01 1.0794792e+01 1.0716676e+01 1.0766625e+01 1.0819199e+01 1.0837142e+01 1.0830591e+01 1.0852090e+01 1.0863566e+01 1.0885727e+01 1.0898726e+01 1.0836311e+01 1.0791673e+01 1.0858885e+01 1.0884460e+01
1.2431288e+01 1.2390067e+01 1.2336312e+01 1.2795096e+01 1.3150920e+01 1.3516504e+01 1.3633392e+01 1.3295929e+01 1.3031785e+01 1.2769650e+01 1.2179853e+01 1.2186310e+01 1.2152051e+01 1.2102533e+01 1.2118401e+01 1.2229056e+01 1.2327591e+01 1.2421656e+01 1.2462571e+01 1.2458148e+01 1.2502364e+01 1.2625936e+01 1.2666893e+01 1.2570864e+01 1.2386161e+01 1.2241325e+01 1.2208072e+01 1.2137702e+01 1.1971750e+01 1.1861479e+01 1.1698798e+01 1.1464902e+01 1.1317334e+01 1.1196226e+01 1.1094561e+01 1.1014720e+01 1.0964042e+01 1.0890894e+01 1.0905228e+01 1.0945234e+01 1.0945743e+01 1.0935695e+01 1.0919327e+01 1.0910869e+01 1.0957292e+01 1.1003538e+01 1.0920958e+01 1.0868434e+01 1.0905412e+01 1.0960678e+01
1.2483102e+01 1.2390800e+01 1.2376143e+01 1.2723480e+01 1.2911652e+01 1.3316380e+01 1.3512734e+01 1.3356818e+01 1.3015858e+01 1.2656164e+01 1.2378025e+01 1.2474079e+01 1.2592279e+01 1.2561902e+01 1.2527149e+01 1.2570530e+01 1.2589671e+01 1.2613116e+01 1.2620785e+01 1.2619725e+01 1.2700228e+01 1.2848051e+01 1.2851261e+01 1.2740673e+01 1.2584008e+01 1.2463719e+01 1.2471182e+01 1.2455321e+01 1.2219719e+01 1.2013537e+01 1.1812942e+01 1.1591737e+01 1.1413321e+01 1.1304856e+01 1.1249726e+01 1.1200585e+01 1.1133795e+01 1.1101422e+01 1.1093498e+01 1.1081434e+01 1.1066012e+01 1.1064530e+01 1.1005247e+01 1.0957557e+01 1.0978149e+01 1.1005439e+01 1.0971665e+01 1.0944106e+01 1.0957536e+01 1.1055166e+01
1.2642041e+01 1.2730736e+01 1.3023630e+01 1.3274572e+01 1.3017714e+01 1.3241727e+01 1.3619875e+01 1.3363996e+01 1.3106526e+01 1.2882162e+01 1.2759908e+01 1.2827943e+01 1.3038701e+01 1.3042824e+01 1.3032728e+01 1.3018262e+01 1.2921856e+01 1.2848968e+01 1.2829180e+01 1.2849913e+01 1.2861539e+01 1.3012522e+01 1.3034315e+01 1.2961157e+01 1.2747720e+01 1.2518099e+01 1.2503014e+01 1.2485248e+01 1.2322554e+01 1.2122864e+01 1.1942694e+01 1.1742341e+01 1.1554668e+01 1.1499278e+01 1.1465510e+01 1.1425973e+01 1.1374334e+01 1.1315198e+01 1.1282049e+01 1.1271231e+01 1.1213174e+01 1.1186258e+01 1.1139427e+01 1.1061662e+01 1.1036376e+01 1.1048840e+01 1.1081359e+01 1.1048470e+01 1.1011273e+01 1.1158806e+01
1.2899975e+01 1.2894179e+01 1.2584167e+01 1.3521784e+01 1.3416894e+01 1.3090925e+01 1.3506583e+01 1.3501679e+01 1.3294976e+01 1.3254416e+01 1.3300712e+01 1.3133950e+01 1.3200735e+01 1.3321387e+01 1.3491553e+01 1.3592394e+01 1.3329735e+01 1.3065018e+01 1.2997651e+01 1.3066876e+01 1.3161817e+01 1.3289848e+01 1.3213612e+01 1.3099357e+01 1.2902992e+01 1.2462641e+01 1.2445393e+01 1.2459785e+01 1.2354732e+01 1.2232132e+01 1.2116941e+01 1.2026112e+01 1.1828619e+01 1.1754564e+01 1.1728996e+01 1.1693415e+01 1.1616197e+01 1.1541115e+01 1.1464031e+01 1.1434570e+01 1.1333756e+01 1.1262546e+01 1.1252308e+01 1.1207653e+01 1.1108098e+01 1.1134604e+01 1.1213969e+01 1.1252160e+01 1.1234359e+01 1.1261359e+01
1.3100710e+01 1.3306249e+01 1.3199326e+01 1.2902187e+01 1.3340494e+01 1.3502195e+01 1.3786223e+01 1.3486196e+01 1.3281322e+01 1.3157472e+01 1.3086079e+01 1.3052472e+01 1.3205598e+01 1.3393269e+01 1.3705918e+01 1.3979664e+01 1.3593376e+01 1.3125989e+01 1.3019946e+01 1.3115367e+01 1.3388640e+01 1.3584047e+01 1.3294708e+01 1.3038411e+01 1.2822110e+01 1.2505836e+01 1.2457640e+01 1.2506286e+01 1.2415059e+01 1.2334556e+01 1.2241559e+01 1.2155127e+01 1.2054440e+01 1.1989900e+01 1.1948761e+01 1.2012189e+01 1.1815915e+01 1.1675402e+01 1.1591780e+01 1.1499874e+01 1.1391120e+01 1.1316831e+01 1.1369497e+01 1.1405360e+01 1.1183579e+01 1.1236962e+01 1.1373857e+01 1.1453331e+01 1.1421644e+01 1.1278212e+01
