presentation/data/depth_0013.asc
ncols     164
nrows     146
xllcorner -1.242151388888889e+02
yllcorner  4.172986111111111e+01
cellsize  2.777777777820000e-04
nodata_value       -9999
[rows 110 to 131 of 146, columns 100 to 149 of 164]
1.0224281e+01 1.0129657e+01 1.0062169e+01 9.9451271e+00 9.7553751e+00 9.5807651e+00 6.4172487e+00 3.8456030e+00 3.3392229e+00 3.2154107e+00 9.0560699e-01 1.0585047e+00 3.0068193e+00 5.9003993e+00 7.1555467e+00 7.7822294e+00 8.0787129e+00 7.9026232e+00 8.0631406e+00 9.6307577e+00 1.0547633e+01 1.0791833e+01 1.0992996e+01 1.0941377e+01 1.0468625e+01 1.0636653e+01 1.0657890e+01 1.0828036e+01 1.0918621e+01 1.1175562e+01 1.1070515e+01 1.0506701e+01 1.0840605e+01 1.1452339e+01 1.2003276e+01 1.2203633e+01 1.2241227e+01 1.2011474e+01 1.1998363e+01 1.2135272e+01 1.2312730e+01 1.2391581e+01 1.2483120e+01 1.2693070e+01 1.2794908e+01 1.2882043e+01 1.2945258e+01 1.2848348e+01 1.2773529e+01 1.2626237e+01
1.0383383e+01 1.0378183e+01 1.0296286e+01 1.0208234e+01 1.0092116e+01 1.0124525e+01 1.0206884e+01 8.3789455e+00 7.0845179e+00 7.1524948e+00 5.4767877e+00 6.3223290e+00 7.0917944e+00 7.6681916e+00 7.7552626e+00 7.9017247e+00 8.4303002e+00 8.5300477e+00 8.4795423e+00 9.7210092e+00 1.0542686e+01 1.0732868e+01 1.0967481e+01 1.1018924e+01 1.0512799e+01 1.0348919e+01 1.0303369e+01 1.0782703e+01 1.1017201e+01 1.1315460e+01 1.1437318e+01 1.1330415e+01 1.1354536e+01 1.1618856e+01 1.2313425e+01 1.2632476e+01 1.2566075e+01 1.2378862e+01 1.2207579e+01 1.2280830e+01 1.2500843e+01 1.2575687e+01 1.2541668e+01 1.2643471e+01 1.2762210e+01 1.2874792e+01 1.3054504e+01 1.3021518e+01 1.2876199e+01 1.2788137e+01
1.0548814e+01 1.0604175e+01 1.0626548e+01 1.0582853e+01 1.0578262e+01 1.0542515e+01 1.0767830e+01 1.1282115e+01 1.1105763e+01 1.0122121e+01 9.2770578e+00 9.4331772e+00 9.8420095e+00 9.5437667e+00 8.5611248e+00 8.3509720e+00 8.9325487e+00 9.1606718e+00 9.4426648e+00 1.0297728e+01 1.0705937e+01 1.0566573e+01 1.0711197e+01 1.0803713e+01 1.0649706e+01 1.0657076e+01 1.0213613e+01 1.0890322e+01 1.1285996e+01 1.1664798e+01 1.2051157e+01 1.2245844e+01 1.1970192e+01 1.1721951e+01 1.2262300e+01 1.2738091e+01 1.2787253e+01 1.2598231e+01 1.2352766e+01 1.2345111e+01 1.2619273e+01 1.2619783e+01 1.2609630e+01 1.2633071e+01 1.2702102e+01 1.2784003e+01 1.2968461e+01 1.3042827e+01 1.2991899e+01 1.2983008e+01
1.0781175e+01 1.0855733e+01 1.0908080e+01 1.0943948e+01 1.0982837e+01 1.1011729e+01 1.1054910e+01 1.1173882e+01 1.1109952e+01 1.0715789e+01 1.1246265e+01 1.1212657e+01 1.1108052e+01 1.0645219e+01 9.7873358e+00 9.6253646e+00 9.8908858e+00 1.0259935e+01 1.0747694e+01 1.1217986e+01 1.1210216e+01 1.0897600e+01 1.0740437e+01 1.0839708e+01 1.1003898e+01 1.1417865e+01 1.1065959e+01 1.1389077e+01 1.1676865e+01 1.2000798e+01 1.2463788e+01 1.3028882e+01 1.2514223e+01 1.2225140e+01 1.2600337e+01 1.3007977e+01 1.3111270e+01 1.2869696e+01 1.2620343e+01 1.2555636e+01 1.2658249e+01 1.2647821e+01 1.2638021e+01 1.2644582e+01 1.2723107e+01 1.2841608e+01 1.3004932e+01 1.3090844e+01 1.3097969e+01 1.3117795e+01
1.1024050e+01 1.1133904e+01 1.1202132e+01 1.1294358e+01 1.1381862e+01 1.1428544e+01 1.1468578e+01 1.1505718e+01 1.1510490e+01 1.1576446e+01 1.2179541e+01 1.1956189e+01 1.2006425e+01 1.1895998e+01 1.1500409e+01 1.1266979e+01 1.1379812e+01 1.1479001e+01 1.1851201e+01 1.2084417e+01 1.1989532e+01 1.1491113e+01 1.1081511e+01 1.1184660e+01 1.1539292e+01 1.1826277e+01 1.1843311e+01 1.2003476e+01 1.2189398e+01 1.2255377e+01 1.2308000e+01 1.2731857e+01 1.2639123e+01 1.2640813e+01 1.2996933e+01 1.3452203e+01 1.3695569e+01 1.3266310e+01 1.2810672e+01 1.2756712e+01 1.2753769e+01 1.2688482e+01 1.2723321e+01 1.2726161e+01 1.2806516e+01 1.2965117e+01 1.3102969e+01 1.3207677e+01 1.3194548e+01 1.3144314e+01
1.1306149e+01 1.1416492e+01 1.1498400e+01 1.1579868e+01 1.1691365e+01 1.1752461e+01 1.1826870e+01 1.1850095e+01 1.1858257e+01 1.1963038e+01 1.2041244e+01 1.2399880e+01 1.3130812e+01 1.3115612e+01 1.2939641e+01 1.2793242e+01 1.2496063e+01 1.2515876e+01 1.2968497e+01 1.3120623e+01 1.2915097e+01 1.2332320e+01 1.1869147e+01 1.1842108e+01 1.2120276e+01 1.2365787e+01 1.2467647e+01 1.2638292e+01 1.2757368e+01 1.2595894e+01 1.2480418e+01 1.2638111e+01 1.2717614e+01 1.2884157e+01 1.3241198e+01 1.3788194e+01 1.4154202e+01 1.3656541e+01 1.3107316e+01 1.3060415e+01 1.3018555e+01 1.2898849e+01 1.2894979e+01 1.2874091e+01 1.2963402e+01 1.3142659e+01 1.3250134e+01 1.3352692e+01 1.3303470e+01 1.3200985e+01
1.1577877e+01 1.1606530e+01 1.1733377e+01 1.1918195e+01 1.2036325e+01 1.2178678e+01 1.2143711e+01 1.2190290e+01 1.2159144e+01 1.2356201e+01 1.2544514e+01 1.3232633e+01 1.4081669e+01 1.3891530e+01 1.3690540e+01 1.3269013e+01 1.2613469e+01 1.2780723e+01 1.3749593e+01 1.3784375e+01 1.3349665e+01 1.2857217e+01 1.2494039e+01 1.2459152e+01 1.2654197e+01 1.2816271e+01 1.3159794e+01 1.2922006e+01 1.2921613e+01 1.2734623e+01 1.2602549e+01 1.2607643e+01 1.2699940e+01 1.2932556e+01 1.3208946e+01 1.3696897e+01 1.3971587e+01 1.3688245e+01 1.3282714e+01 1.3270196e+01 1.3342243e+01 1.3251105e+01 1.3052345e+01 1.2972586e+01 1.3153153e+01 1.3419486e+01 1.3351406e+01 1.3370518e+01 1.3324879e+01 1.3259317e+01
1.1631927e+01 1.1848862e+01 1.1964381e+01 1.2125453e+01 1.2310205e+01 1.2392094e+01 1.2436105e+01 1.2376153e+01 1.2315774e+01 1.2652643e+01 1.3118758e+01 1.3401113e+01 1.3249914e+01 1.3288395e+01 1.3273785e+01 1.3054964e+01 1.2286598e+01 1.1576690e+01 1.3379829e+01 1.3720814e+01 1.3514316e+01 1.3292800e+01 1.3209733e+01 1.3272572e+01 1.3455226e+01 1.3612367e+01 1.3684310e+01 1.3319022e+01 1.3216523e+01 1.2988863e+01 1.2733571e+01 1.2587966e+01 1.2593048e+01 1.2843047e+01 1.3160313e+01 1.3424068e+01 1.3575609e+01 1.3460569e+01 1.3264290e+01 1.3134246e+01 1.3340543e+01 1.3405250e+01 1.3404661e+01 1.3248595e+01 1.3355558e+01 1.3544163e+01 1.3444570e+01 1.3377425e+01 1.3344210e+01 1.3324580e+01
1.1957953e+01 1.2168528e+01 1.2321405e+01 1.2362394e+01 1.2458751e+01 1.2673760e+01 1.2700531e+01 1.2521697e+01 1.2857678e+01 1.3542639e+01 1.3837121e+01 1.3990866e+01 1.3498946e+01 1.3355216e+01 1.2737301e+01 1.3442974e+01 1.3576436e+01 1.2674757e+01 1.2948910e+01 1.3129712e+01 1.3256636e+01 1.3411249e+01 1.3614203e+01 1.3886535e+01 1.3949428e+01 1.4011253e+01 1.3942935e+01 1.3762872e+01 1.3554671e+01 1.3203184e+01 1.2864353e+01 1.2637316e+01 1.2560960e+01 1.2833209e+01 1.3097926e+01 1.3237957e+01 1.3333124e+01 1.3320124e+01 1.3285012e+01 1.3218874e+01 1.3361022e+01 1.3517832e+01 1.3688578e+01 1.3556347e+01 1.3526604e+01 1.3554345e+01 1.3458462e+01 1.3356413e+01 1.3350312e+01 1.3383449e+01
1.2296149e+01 1.2030019e+01 1.2487489e+01 1.3050101e+01 1.3339006e+01 1.3052253e+01 1.2954494e+01 1.2503575e+01 1.2590698e+01 1.3982672e+01 1.3928386e+01 1.3942817e+01 1.4271740e+01 1.4636390e+01 1.4140807e+01 1.4390127e+01 1.4183102e+01 1.3363308e+01 1.2188533e+01 1.2265996e+01 1.2888143e+01 1.3354213e+01 1.3779067e+01 1.4189339e+01 1.4184407e+01 1.4172358e+01 1.4145612e+01 1.4056125e+01 1.3907185e+01 1.3484725e+01 1.3053205e+01 1.2884974e+01 1.2876292e+01 1.3091275e+01 1.3296171e+01 1.3276952e+01 1.3274611e+01 1.3285490e+01 1.3284295e+01 1.3254347e+01 1.3339059e+01 1.3430074e+01 1.3613701e+01 1.3640244e+01 1.3603692e+01 1.3554341e+01 1.3454865e+01 1.3344973e+01 1.3361248e+01 1.3446667e+01
1.2447754e+01 1.2582283e+01 1.2817875e+01 1.3764849e+01 1.4840738e+01 1.4598893e+01 1.4674660e+01 1.3373058e+01 1.2399392e+01 1.3539112e+01 1.3356857e+01 1.3694822e+01 1.4362920e+01 1.4681260e+01 1.4776383e+01 1.4658303e+01 1.4169083e+01 1.2992742e+01 1.1332024e+01 1.1994687e+01 1.3010918e+01 1.3464025e+01 1.3914783e+01 1.4285655e+01 1.4312513e+01 1.4263855e+01 1.4247153e+01 1.4260946e+01 1.4281163e+01 1.3852869e+01 1.3405645e+01 1.3264631e+01 1.3280404e+01 1.3455671e+01 1.3672578e+01 1.3573910e+01 1.3446100e+01 1.3399806e+01 1.3382951e+01 1.3371915e+01 1.3381914e+01 1.3526191e+01 1.3645645e+01 1.3692348e+01 1.3671404e+01 1.3624663e+01 1.3570572e+01 1.3495955e+01 1.3513455e+01 1.3565867e+01
1.3215284e+01 1.3054276e+01 1.3317971e+01 1.3997381e+01 1.4456385e+01 1.5329240e+01 1.6353082e+01 1.5823406e+01 1.5110676e+01 1.4695292e+01 1.4123533e+01 1.4269034e+01 1.4465707e+01 1.4482459e+01 1.4668852e+01 1.4713678e+01 1.4551619e+01 1.4166684e+01 1.3868304e+01 1.3490266e+01 1.3434856e+01 1.3779935e+01 1.4159312e+01 1.4411884e+01 1.4427351e+01 1.4309828e+01 1.4243760e+01 1.4267713e+01 1.4247626e+01 1.3969520e+01 1.3712190e+01 1.3595260e+01 1.3641381e+01 1.3704152e+01 1.3768235e+01 1.3726967e+01 1.3664969e+01 1.3627447e+01 1.3554615e+01 1.3541440e+01 1.3535327e+01 1.3660193e+01 1.3760456e+01 1.3813691e+01 1.3780672e+01 1.3747179e+01 1.3709232e+01 1.3678280e+01 1.3699054e+01 1.3717210e+01
1.3888085e+01 1.3894762e+01 1.3999132e+01 1.4233017e+01 1.4225503e+01 1.4532163e+01 1.4824957e+01 1.5298876e+01 1.5059697e+01 1.4699129e+01 1.4456903e+01 1.4545944e+01 1.4457166e+01 1.4419514e+01 1.4496650e+01 1.4657226e+01 1.4812568e+01 1.4815719e+01 1.4715014e+01 1.4285730e+01 1.4031830e+01 1.4214636e+01 1.4475944e+01 1.4636016e+01 1.4601554e+01 1.4563642e+01 1.4352278e+01 1.4227663e+01 1.4159791e+01 1.4004864e+01 1.3884014e+01 1.3831653e+01 1.3892090e+01 1.3866883e+01 1.3859633e+01 1.3877573e+01 1.3885452e+01 1.3798570e+01 1.3707960e+01 1.3670029e+01 1.3707609e+01 1.3795094e+01 1.3901714e+01 1.3991226e+01 1.3943117e+01 1.3914576e+01 1.3876755e+01 1.3861008e+01 1.3870619e+01 1.3890718e+01
1.4312071e+01 1.4533631e+01 1.4405256e+01 1.4361274e+01 1.3620510e+01 1.3451619e+01 1.4559373e+01 1.4528941e+01 1.4487001e+01 1.4330786e+01 1.4261280e+01 1.4672559e+01 1.4420805e+01 1.4300577e+01 1.4261206e+01 1.4255544e+01 1.4818835e+01 1.4901184e+01 1.4748055e+01 1.4515922e+01 1.4413296e+01 1.4547824e+01 1.4798420e+01 1.4937397e+01 1.4765052e+01 1.4702953e+01 1.4466636e+01 1.4236250e+01 1.4137552e+01 1.4045632e+01 1.3997253e+01 1.3983919e+01 1.3986868e+01 1.3925836e+01 1.3912045e+01 1.3970379e+01 1.4025842e+01 1.3890297e+01 1.3806080e+01 1.3792248e+01 1.3839799e+01 1.3908920e+01 1.4004832e+01 1.4076107e+01 1.4038703e+01 1.4013011e+01 1.3994852e+01 1.4002217e+01 1.3999122e+01 1.4006855e+01
1.4240908e+01 1.4530487e+01 1.4473192e+01 1.4328974e+01 1.3902848e+01 1.3675149e+01 1.4135653e+01 1.4285418e+01 1.4120972e+01 1.4101875e+01 1.4268962e+01 1.4510692e+01 1.4179395e+01 1.3975060e+01 1.3913580e+01 1.3997255e+01 1.4560039e+01 1.4748115e+01 1.4706359e+01 1.4575867e+01 1.4552342e+01 1.4774929e+01 1.5075726e+01 1.5066793e+01 1.4820161e+01 1.4645455e+01 1.4464974e+01 1.4391117e+01 1.4265124e+01 1.4143313e+01 1.4125688e+01 1.4146958e+01 1.4206391e+01 1.4082226e+01 1.3924914e+01 1.3958447e+01 1.3996510e+01 1.3956931e+01 1.3919665e+01 1.3980778e+01 1.4024630e+01 1.4003445e+01 1.4067737e+01 1.4119688e+01 1.4128236e+01 1.4130949e+01 1.4126014e+01 1.4138841e+01 1.4157349e+01 1.4146528e+01
1.3998501e+01 1.4223123e+01 1.4319153e+01 1.4479895e+01 1.4660652e+01 1.4991443e+01 1.4621032e+01 1.4284601e+01 1.4258978e+01 1.4294206e+01 1.4347710e+01 1.4149095e+01 1.3793060e+01 1.3550907e+01 1.3696438e+01 1.3962077e+01 1.4323289e+01 1.4557318e+01 1.4610140e+01 1.4558987e+01 1.4547455e+01 1.4842176e+01 1.5088299e+01 1.5008729e+01 1.4838685e+01 1.4708964e+01 1.4596602e+01 1.4498400e+01 1.4418885e+01 1.4400955e+01 1.4392775e+01 1.4344019e+01 1.4374489e+01 1.4220116e+01 1.4047690e+01 1.4024273e+01 1.4010512e+01 1.3993567e+01 1.4039926e+01 1.4115973e+01 1.4147412e+01 1.4164533e+01 1.4214956e+01 1.4256325e+01 1.4280112e+01 1.4292149e+01 1.4287518e+01 1.4304489e+01 1.4395755e+01 1.4404886e+01
1.4008022e+01 1.3959580e+01 1.4055979e+01 1.4470645e+01 1.4957814e+01 1.5318524e+01 1.5124278e+01 1.4774962e+01 1.4766037e+01 1.4936033e+01 1.4499707e+01 1.4150297e+01 1.3900828e+01 1.3807106e+01 1.3904429e+01 1.4110153e+01 1.4393033e+01 1.4591690e+01 1.4666489e+01 1.4677789e+01 1.4727147e+01 1.4922402e+01 1.5078371e+01 1.5023713e+01 1.4918829e+01 1.4700032e+01 1.4693417e+01 1.4656745e+01 1.4614970e+01 1.4620356e+01 1.4582368e+01 1.4398560e+01 1.4368051e+01 1.4283736e+01 1.4181763e+01 1.4129948e+01 1.4083338e+01 1.4041518e+01 1.4122181e+01 1.4203272e+01 1.4249936e+01 1.4269144e+01 1.4314497e+01 1.4349170e+01 1.4394843e+01 1.4431645e+01 1.4393646e+01 1.4375254e+01 1.4469100e+01 1.4523992e+01
1.3956074e+01 1.3967153e+01 1.3964495e+01 1.4475404e+01 1.4881326e+01 1.5295730e+01 1.5460004e+01 1.5168791e+01 1.4949117e+01 1.4730053e+01 1.4183106e+01 1.4234225e+01 1.4245564e+01 1.4241234e+01 1.4303987e+01 1.4464009e+01 1.4602823e+01 1.4740686e+01 1.4826430e+01 1.4867438e+01 1.4955344e+01 1.5121715e+01 1.5205501e+01 1.5153075e+01 1.5014612e+01 1.4920201e+01 1.4941774e+01 1.4930999e+01 1.4827480e+01 1.4781909e+01 1.4684127e+01 1.4513583e+01 1.4424932e+01 1.4358748e+01 1.4307427e+01 1.4272446e+01 1.4262584e+01 1.4227943e+01 1.4276956e+01 1.4347433e+01 1.4376792e+01 1.4392410e+01 1.4400007e+01 1.4414512e+01 1.4481700e+01 1.4549453e+01 1.4493004e+01 1.4465625e+01 1.4527130e+01 1.4608737e+01
1.4021835e+01 1.3988725e+01 1.4031046e+01 1.4434542e+01 1.4677558e+01 1.5131828e+01 1.5376831e+01 1.5266967e+01 1.4970339e+01 1.4654327e+01 1.4418678e+01 1.4558411e+01 1.4721127e+01 1.4734746e+01 1.4745254e+01 1.4836257e+01 1.4897274e+01 1.4962565e+01 1.5012783e+01 1.5055182e+01 1.5175667e+01 1.5364869e+01 1.5409077e+01 1.5340689e+01 1.5228540e+01 1.5155769e+01 1.5216662e+01 1.5258876e+01 1.5084041e+01 1.4943295e+01 1.4807038e+01 1.4649705e+01 1.4531697e+01 1.4479464e+01 1.4475715e+01 1.4473111e+01 1.4449195e+01 1.4456184e+01 1.4483490e+01 1.4503480e+01 1.4517005e+01 1.4541262e+01 1.4506089e+01 1.4480290e+01 1.4520845e+01 1.4567283e+01 1.4558051e+01 1.4554791e+01 1.4593336e+01 1.4716416e+01
1.4202442e+01 1.4354982e+01 1.4707041e+01 1.5017012e+01 1.4818090e+01 1.5093310e+01 1.5521352e+01 1.5312277e+01 1.5099326e+01 1.4918165e+01 1.4837835e+01 1.4947679e+01 1.5200951e+01 1.5246979e+01 1.5280831e+01 1.5310288e+01 1.5259796e+01 1.5227921e+01 1.5249271e+01 1.5311656e+01 1.5363516e+01 1.5554386e+01 1.5616325e+01 1.5583314e+01 1.5413338e+01 1.5230752e+01 1.5269216e+01 1.5309331e+01 1.5207392e+01 1.5071760e+01 1.4956519e+01 1.4820899e+01 1.4694577e+01 1.4696189e+01 1.4714647e+01 1.4722720e+01 1.4714207e+01 1.4694228e+01 1.4695861e+01 1.4716267e+01 1.4686371e+01 1.4684514e+01 1.4661340e+01 1.4605826e+01 1.4601019e+01 1.4635163e+01 1.4689205e+01 1.4677629e+01 1.4662935e+01 1.4830526e+01
1.4479195e+01 1.4544479e+01 1.4300593e+01 1.5298697e+01 1.5250950e+01 1.4980209e+01 1.5446894e+01 1.5488097e+01 1.5324813e+01 1.5325361e+01 1.5411373e+01 1.5283579e+01 1.5391119e+01 1.5551927e+01 1.5764728e+01 1.5907985e+01 1.5687586e+01 1.5464864e+01 1.5440475e+01 1.5551803e+01 1.5688680e+01 1.5856140e+01 1.5819580e+01 1.5746543e+01 1.5594032e+01 1.5201593e+01 1.5239179e+01 1.5311609e+01 1.5267857e+01 1.5209406e+01 1.5158971e+01 1.5132155e+01 1.4995949e+01 1.4979853e+01 1.5007417e+01 1.5020079e+01 1.4986006e+01 1.4949170e+01 1.4905496e+01 1.4905606e+01 1.4831724e+01 1.4785061e+01 1.4797953e+01 1.4775335e+01 1.4697547e+01 1.4745643e+01 1.4844686e+01 1.4901821e+01 1.4903275e+01 1.4949256e+01
1.4710320e+01 1.4985767e+01 1.4944999e+01 1.4714673e+01 1.5209734e+01 1.5425694e+01 1.5760971e+01 1.5505412e+01 1.5342608e+01 1.5257159e+01 1.5223108e+01 1.5225305e+01 1.5416847e+01 1.5643586e+01 1.5997060e+01 1.6312385e+01 1.5968789e+01 1.5544921e+01 1.5482171e+01 1.5621139e+01 1.5936161e+01 1.6171830e+01 1.5923200e+01 1.5709914e+01 1.5539500e+01 1.5274447e+01 1.5281234e+01 1.5388555e+01 1.5358844e+01 1.5342510e+01 1.5313820e+01 1.5290899e+01 1.5251492e+01 1.5245132e+01 1.5257741e+01 1.5368843e+01 1.5215179e+01 1.5112328e+01 1.5061203e+01 1.4997842e+01 1.4915428e+01 1.4865196e+01 1.4940431e+01 1.4997675e+01 1.4800354e+01 1.4873324e+01 1.5027651e+01 1.5123576e+01 1.5110222e+01 1.4986770e+01
