presentation/data/depth_0012.asc
ncols     164
nrows     146
xllcorner -1.242151388888889e+02
yllcorner  4.172986111111111e+01
cellsize  2.777777777820000e-04
nodata_value       -9999
[rows 88 to 109 of 146, columns 50 to 99 of 164]
5.8143100e-02 5.9241971e-02 1.5942175e-02 4.5487368e-02 1.8669437e-01 7.7337873e-01 3.7651795e+00 5.3995028e+00 5.4467883e+00 5.3036023e+00 5.2843958e+00 5.4103324e+00 5.6475013e+00 5.8784865e+00 6.0413945e+00 6.0913856e+00 6.3753943e+00 6.7994586e+00 6.9778684e+00 7.1519282e+00 7.0559061e+00 7.1693555e+00 7.1408443e+00 7.0061880e+00 7.1616433e+00 7.1614512e+00 7.3825742e+00 7.0471337e+00 5.9490484e+00 7.1138723e+00 7.5202988e+00 7.1533013e+00 7.3512159e+00 7.6565402e+00 7.8116305e+00 7.7556732e+00 7.9014712e+00 8.0090632e+00 8.0351392e+00 8.0041804e+00 8.0940488e+00 8.1026541e+00 8.0480329e+00 8.0114590e+00 8.0278060e+00 8.0333701e+00 8.2340145e+00 7.2644484e+00 7.2495928e+00 7.9104083e+00
1.9846021e+00 2.6631287e+00 2.3802788e+00 5.4741776e-02 6.8230440e-02 2.3149307e-01 7.4374708e-01 3.1148884e+00 5.2952480e+00 5.5688156e+00 5.4642194e+00 5.4763737e+00 5.6376728e+00 6.1156539e+00 6.2462628e+00 6.3693853e+00 6.6662430e+00 6.8202107e+00 6.7808558e+00 7.1174325e+00 7.4454060e+00 7.5076473e+00 7.3211335e+00 7.1876841e+00 7.2271045e+00 6.8168959e+00 6.4769856e+00 6.3542246e+00 6.1239371e+00 6.6765721e+00 7.2138532e+00 7.4564944e+00 7.6117603e+00 7.7682543e+00 7.9106381e+00 7.9863461e+00 8.0308625e+00 8.1691844e+00 8.2299884e+00 8.2719546e+00 8.2957128e+00 8.3048921e+00 8.3361946e+00 8.2160309e+00 8.0966980e+00 8.0360524e+00 8.1367964e+00 7.6721978e+00 7.2754576e+00 7.2059295e+00
5.0745754e+00 4.7302904e+00 3.8474737e+00 3.2805042e+00 6.0580054e-04 2.2540274e-01 4.3807041e-01 6.1080915e-01 2.7068868e+00 5.2683367e+00 5.4982125e+00 5.4395948e+00 5.5617175e+00 5.8728371e+00 6.0087750e+00 6.2188001e+00 6.3360760e+00 6.4700491e+00 6.5405940e+00 6.7506761e+00 6.9691420e+00 7.0263234e+00 6.8103408e+00 6.6872844e+00 6.6399194e+00 6.1840078e+00 5.7725221e+00 6.4016051e+00 6.8994184e+00 7.2168112e+00 7.5386505e+00 7.7483697e+00 7.8919576e+00 7.9656288e+00 8.0674405e+00 8.1930107e+00 8.2861083e+00 8.3405526e+00 8.4507829e+00 8.4967445e+00 8.5183101e+00 8.4747327e+00 8.5405825e+00 8.5141943e+00 8.3549016e+00 8.2692722e+00 8.1485802e+00 8.0720986e+00 7.4713720e+00 7.4425008e+00
4.8267430e+00 4.8433401e+00 4.6771743e+00 4.4688193e+00 1.0935265e+00 2.2760506e-01 2.1525725e-01 7.5344892e-01 7.3939813e-01 2.1939605e+00 5.1569241e+00 5.3697223e+00 5.3037206e+00 5.4128126e+00 5.2861554e+00 5.0792701e+00 5.5450247e+00 5.8927027e+00 6.0079624e+00 6.1449428e+00 6.2034012e+00 6.1254537e+00 5.9445012e+00 5.8324562e+00 6.0752164e+00 6.2551101e+00 6.4712974e+00 6.9885162e+00 7.4199991e+00 7.6495079e+00 7.8032046e+00 7.9401456e+00 8.0450469e+00 8.1653100e+00 8.2499499e+00 8.3607516e+00 8.4863406e+00 8.5766004e+00 8.6111615e+00 8.7072916e+00 8.7023910e+00 8.6976862e+00 8.7798616e+00 8.7356749e+00 8.6152174e+00 8.5546535e+00 8.4473946e+00 8.3143861e+00 8.1479756e+00 8.0253127e+00
4.5264204e+00 4.7804629e+00 3.8984175e+00 4.8736805e+00 4.1583975e+00 4.2581545e-01 4.4661698e-01 8.6654198e-01 1.5406143e+00 7.8873354e-01 1.8128573e+00 4.9141635e+00 5.2304187e+00 5.2884134e+00 3.4249552e+00 1.4197185e+00 4.3007941e+00 5.3746314e+00 5.4581927e+00 5.5355660e+00 5.4530621e+00 5.2777074e+00 5.2252194e+00 5.2347306e+00 5.8693844e+00 6.5289434e+00 7.0020559e+00 7.3650911e+00 7.7118377e+00 7.9028551e+00 8.0236122e+00 8.0934021e+00 8.1865184e+00 8.2933304e+00 8.4072576e+00 8.5132381e+00 8.6359163e+00 8.7552792e+00 8.8326283e+00 8.8425545e+00 8.8743563e+00 8.9088149e+00 8.9709918e+00 8.9009709e+00 8.8595330e+00 8.7573779e+00 8.5905598e+00 8.4003495e+00 8.1596198e+00 7.9965346e+00
4.2227256e+00 4.4802873e+00 4.7477696e+00 5.1025493e+00 5.0003830e+00 2.4225584e+00 2.0038221e-01 4.2221924e-01 1.5195232e+00 2.4966819e+00 9.9339691e-01 8.9423473e-01 4.2101556e+00 4.7789122e+00 3.5362159e+00 3.3312053e+00 4.8135265e+00 4.9817633e+00 5.0328791e+00 5.0418312e+00 4.8798649e+00 4.7992316e+00 5.2575004e+00 5.6975723e+00 6.4141693e+00 6.9942534e+00 7.4688654e+00 7.7267436e+00 7.9304999e+00 8.0664785e+00 8.1895561e+00 8.2954898e+00 8.3566725e+00 8.4491788e+00 8.5701771e+00 8.6440465e+00 8.7594039e+00 8.8730349e+00 8.9202755e+00 8.9837126e+00 9.0664912e+00 9.1218754e+00 9.1241862e+00 9.0808302e+00 9.0129899e+00 8.9171544e+00 8.6078796e+00 8.1557051e+00 7.7902315e+00 7.5337698e+00
4.2328530e+00 4.5104571e+00 4.9368329e+00 5.0262319e+00 5.0802770e+00 4.3071273e+00 9.1019961e-01 4.1987156e-01 3.3050156e+00 4.3716765e+00 3.9851121e+00 1.1099208e+00 4.0311781e-01 5.3254955e-01 2.1610094e+00 4.6966960e+00 4.5291903e+00 4.6256024e+00 4.7268806e+00 4.7619623e+00 4.7797073e+00 5.2899891e+00 5.9633819e+00 6.5651196e+00 6.9937274e+00 7.3494252e+00 7.6466088e+00 7.9443064e+00 8.1679935e+00 8.2582910e+00 8.3512129e+00 8.4504632e+00 8.5489201e+00 8.6081669e+00 8.7232081e+00 8.8057597e+00 8.8989808e+00 8.9589551e+00 9.0300490e+00 9.1493592e+00 9.2367470e+00 9.2806735e+00 9.3081015e+00 9.2732163e+00 9.2555647e+00 9.1699194e+00 8.2918382e+00 7.4518004e+00 7.1310010e+00 6.8306983e+00
4.4562045e+00 4.6581623e+00 4.8664940e+00 5.0038757e+00 5.1558791e+00 5.0864166e+00 3.9374459e+00 5.9258562e-01 1.7889823e+00 4.4227385e+00 3.1327804e+00 3.1448053e+00 3.2778373e-01 2.5612527e-02 9.8001624e-01 4.6497840e+00 4.5307434e+00 4.6093140e+00 4.6708058e+00 4.9686442e+00 5.3663339e+00 6.0386476e+00 6.6148264e+00 7.0167260e+00 7.3716960e+00 7.6174322e+00 7.8361421e+00 8.1340640e+00 8.3775196e+00 8.5085936e+00 8.5571880e+00 8.6187319e+00 8.6958278e+00 8.7758998e+00 8.8641578e+00 8.9222608e+00 8.9695327e+00 9.0376517e+00 9.1238249e+00 9.2449598e+00 9.3492120e+00 9.4114749e+00 9.4856375e+00 9.5462944e+00 9.6683957e+00 9.6428937e+00 7.2457727e+00 5.4309532e+00 5.3583011e+00 5.9718958e+00
4.6585223e+00 4.8439188e+00 4.9717463e+00 5.0880118e+00 5.1942421e+00 5.2538312e+00 5.0152976e+00 3.2294290e+00 3.3129861e-01 2.4860603e+00 3.5330056e+00 3.5197283e+00 1.9014228e+00 2.1817237e+00 3.8362339e+00 4.5761272e+00 4.7395146e+00 4.8873031e+00 4.9906470e+00 5.5854406e+00 6.3443110e+00 6.8662983e+00 7.1945492e+00 7.4490033e+00 7.6264627e+00 7.8005746e+00 8.0051932e+00 8.2981026e+00 8.5312949e+00 8.6828920e+00 8.7431624e+00 8.7749081e+00 8.8203311e+00 8.8574371e+00 8.9119153e+00 8.9460655e+00 9.0125019e+00 9.0664439e+00 9.1607650e+00 9.2769617e+00 9.3677440e+00 9.4598169e+00 9.5528022e+00 9.6558779e+00 9.7633087e+00 8.7497129e+00 2.4132575e+00 2.3409481e+00 2.4963272e+00 3.1174201e+00
4.8593281e+00 5.0002225e+00 5.0948265e+00 5.1918424e+00 5.2598436e+00 5.2453406e+00 5.2750440e+00 4.9534694e+00 1.9072076e+00 6.6032709e-01 2.3201641e+00 3.7938978e+00 4.2973716e+00 4.7492328e+00 4.6771473e+00 4.9323100e+00 5.2709482e+00 5.5209615e+00 5.7142541e+00 6.2336301e+00 6.7439943e+00 7.1657562e+00 7.5097929e+00 7.6677906e+00 7.8051398e+00 7.9580148e+00 8.1993163e+00 8.4765472e+00 8.6708233e+00 8.8019439e+00 8.8503654e+00 8.8646587e+00 8.8735923e+00 8.8430206e+00 8.9450318e+00 8.9810638e+00 9.0750909e+00 9.1192426e+00 9.2019222e+00 9.2743213e+00 9.3630944e+00 9.4629760e+00 9.5281315e+00 9.5646168e+00 9.4805880e+00 8.8706165e+00 6.7662281e+00 5.4336080e+00 3.6997006e+00 2.9461023e+00
5.0812093e+00 5.1748164e+00 5.2427028e+00 5.3173601e+00 5.3341700e+00 5.3210847e+00 5.3071593e+00 5.4150984e+00 4.4704532e+00 3.4266334e-01 8.0822077e-01 3.7816032e+00 3.8826084e+00 4.1803649e+00 4.4844199e+00 4.9204326e+00 5.3897547e+00 5.6615202e+00 5.9278751e+00 6.4675603e+00 6.9220293e+00 7.3881111e+00 7.7292701e+00 7.8926587e+00 7.9690078e+00 8.0780926e+00 8.3157125e+00 8.5870841e+00 8.7461649e+00 8.8459007e+00 8.8818348e+00 8.8665623e+00 8.8174392e+00 8.8925383e+00 8.9900071e+00 9.0054657e+00 9.1068496e+00 9.1375875e+00 9.1979737e+00 9.2528273e+00 9.3278417e+00 9.3919210e+00 9.4145976e+00 9.3555956e+00 9.2218056e+00 8.9284349e+00 8.6623912e+00 8.5045438e+00 8.5069897e+00 8.2585082e+00
5.2610815e+00 5.3143547e+00 5.3844033e+00 5.4212983e+00 5.3860844e+00 5.3669702e+00 5.2799236e+00 5.2925100e+00 5.0788078e+00 2.6412128e+00 7.3690704e-01 2.3444025e+00 4.2193838e+00 4.5490013e+00 4.7073354e+00 5.0734428e+00 5.3796137e+00 5.6027747e+00 6.1774889e+00 6.6220151e+00 7.0629415e+00 7.4788078e+00 7.7655829e+00 7.8724715e+00 8.0190217e+00 8.1877600e+00 8.3729941e+00 8.5543459e+00 8.7181340e+00 8.8004429e+00 8.8571688e+00 8.8724574e+00 8.8459475e+00 8.8968639e+00 9.0074962e+00 9.0206308e+00 9.0999139e+00 9.1208869e+00 9.1631770e+00 9.2139240e+00 9.2625166e+00 9.3013367e+00 9.2892678e+00 9.2325228e+00 9.1874420e+00 9.0540726e+00 8.9769995e+00 9.0807741e+00 8.9860289e+00 8.8787728e+00
5.4060549e+00 5.4272484e+00 5.4864334e+00 5.4837651e+00 5.4069354e+00 5.3788311e+00 5.2904877e+00 5.2346111e+00 5.1664578e+00 4.3236357e+00 1.3618758e+00 3.9195006e-01 2.9122435e+00 4.4901931e+00 4.7991700e+00 5.1924723e+00 5.5800781e+00 5.8832933e+00 6.4253444e+00 6.7760393e+00 7.1458822e+00 7.4477082e+00 7.6560606e+00 7.8297604e+00 7.9688405e+00 8.0787877e+00 8.2280070e+00 8.3933035e+00 8.5650164e+00 8.7241399e+00 8.8138957e+00 8.8223551e+00 8.8598272e+00 8.9007864e+00 9.0026633e+00 9.0248303e+00 9.0930683e+00 9.1031502e+00 9.1301378e+00 9.1617981e+00 9.2084908e+00 9.2020603e+00 9.1852757e+00 9.1556703e+00 9.1950396e+00 9.2470558e+00 9.1991722e+00 9.0766108e+00 8.9583376e+00 9.0122864e+00
5.7009791e+00 5.6766442e+00 5.6638074e+00 5.5914370e+00 5.4714916e+00 5.4055441e+00 5.3157222e+00 5.2460013e+00 5.2303862e+00 5.2606866e+00 4.0268025e+00 1.0706549e-01 1.4130761e+00 4.2724131e+00 4.5710491e+00 5.0941041e+00 5.6303030e+00 6.0350823e+00 6.3572408e+00 6.7612184e+00 7.0658361e+00 7.2833899e+00 7.5028772e+00 7.6871813e+00 7.8651161e+00 8.0349088e+00 8.1744105e+00 8.3383746e+00 8.5035787e+00 8.6521193e+00 8.7379398e+00 8.7506871e+00 8.8399188e+00 8.9029223e+00 9.0118738e+00 9.0246184e+00 9.0627304e+00 9.0466236e+00 9.0659160e+00 9.1083714e+00 9.1034659e+00 9.0980717e+00 9.0923906e+00 9.0593124e+00 9.1364440e+00 9.1933179e+00 9.1497718e+00 9.0068656e+00 9.0278447e+00 9.0775051e+00
6.1648824e+00 6.0543725e+00 5.9511362e+00 5.8096503e+00 5.6355493e+00 5.4809989e+00 5.3683508e+00 5.2861948e+00 5.2014491e+00 5.2499292e+00 4.8655270e+00 1.9975020e+00 2.6691454e-01 3.7504170e+00 4.8402732e+00 5.2280415e+00 5.7330083e+00 6.1640692e+00 6.4529704e+00 6.6620326e+00 6.9044663e+00 7.1330795e+00 7.3419477e+00 7.5711824e+00 7.7590990e+00 7.9367500e+00 8.1051288e+00 8.2587461e+00 8.3948388e+00 8.5023161e+00 8.5868656e+00 8.6905534e+00 8.8009695e+00 8.8659705e+00 8.9488719e+00 9.0027556e+00 9.0450263e+00 9.0036658e+00 8.9908552e+00 9.0126547e+00 8.9996980e+00 8.9719886e+00 8.9376751e+00 8.8576684e+00 8.8606064e+00 8.8750801e+00 8.8813416e+00 8.9367992e+00 9.0058430e+00 9.0651657e+00
6.5439898e+00 6.3534228e+00 6.1747839e+00 5.9398196e+00 5.6875437e+00 5.4741971e+00 5.3218445e+00 5.2352752e+00 5.1768738e+00 5.1575541e+00 5.0467766e+00 3.4734976e+00 4.5077339e-03 1.4958212e+00 4.6923198e+00 4.8493203e+00 5.3258910e+00 5.7822357e+00 6.1774000e+00 6.5515187e+00 6.7545619e+00 7.0222973e+00 7.2816924e+00 7.4960367e+00 7.7040355e+00 7.8634554e+00 8.0292045e+00 8.1847822e+00 8.3008958e+00 8.3429745e+00 8.4865304e+00 8.6602923e+00 8.7305279e+00 8.7544076e+00 8.8472918e+00 8.8761887e+00 8.9155903e+00 8.9184147e+00 8.8665320e+00 8.8345999e+00 8.8175102e+00 8.7577603e+00 8.7103776e+00 8.6321987e+00 8.6234431e+00 8.6696084e+00 8.7265837e+00 8.8371029e+00 8.9519331e+00 8.9849046e+00
6.9823563e+00 6.6710274e+00 6.4113050e+00 6.0634096e+00 5.7230871e+00 5.4528246e+00 5.2737221e+00 5.1666502e+00 5.1172471e+00 5.0374459e+00 4.9739135e+00 4.8775173e+00 2.1387772e+00 1.2482505e-02 3.3690714e+00 4.8976180e+00 5.1562663e+00 5.5750449e+00 5.9224813e+00 6.3417607e+00 6.6434304e+00 6.8010016e+00 7.1011791e+00 7.3195862e+00 7.5254189e+00 7.7393857e+00 7.8924459e+00 8.0554041e+00 8.1724756e+00 8.2072058e+00 8.3979727e+00 8.5466162e+00 8.6192400e+00 8.6441524e+00 8.6975199e+00 8.7643576e+00 8.7682996e+00 8.7906739e+00 8.7112745e+00 8.6462412e+00 8.5908069e+00 8.5201834e+00 8.4357423e+00 8.3597873e+00 8.3424221e+00 8.4192650e+00 8.5144643e+00 8.6643016e+00 8.8346986e+00 8.9781344e+00
7.4582358e+00 7.0404236e+00 6.6575249e+00 6.1962499e+00 5.7354677e+00 5.3911215e+00 5.2027336e+00 5.1466691e+00 5.1822936e+00 5.0604111e+00 4.9971575e+00 5.0739137e+00 4.6021181e+00 1.9347524e-01 2.6658246e-01 4.2471692e+00 4.8095870e+00 5.2245308e+00 5.6227197e+00 6.0511094e+00 6.4143007e+00 6.6725318e+00 6.8660303e+00 7.1445822e+00 7.3506312e+00 7.5422782e+00 7.7357623e+00 7.8892001e+00 8.0270877e+00 8.0954248e+00 8.2796819e+00 8.4243227e+00 8.5192987e+00 8.5209347e+00 8.5573818e+00 8.6242776e+00 8.6398168e+00 8.6511911e+00 8.5538167e+00 8.5221773e+00 8.4543215e+00 8.3562901e+00 8.2345780e+00 8.1469925e+00 8.1212153e+00 8.2071397e+00 8.3246171e+00 8.5332125e+00 8.7693532e+00 8.9692279e+00
7.9696177e+00 7.4639970e+00 6.9484805e+00 6.3245961e+00 5.6949869e+00 5.2109411e+00 5.0008245e+00 4.8535149e+00 4.5979681e+00 4.9379416e+00 5.0110322e+00 4.9295077e+00 4.7958430e+00 2.5970708e+00 4.7841096e-02 9.3696624e-01 4.3102195e+00 4.8038334e+00 5.2328832e+00 5.7278459e+00 6.1680702e+00 6.5570782e+00 6.6742860e+00 6.8453393e+00 7.0879961e+00 7.3103717e+00 7.5528116e+00 7.7047602e+00 7.8712357e+00 7.9885731e+00 8.1292933e+00 8.2938587e+00 8.4301152e+00 8.4473828e+00 8.4634025e+00 8.5394470e+00 8.5280541e+00 8.5349881e+00 8.4466453e+00 8.4004588e+00 8.3259795e+00 8.2482673e+00 8.1638744e+00 8.0931903e+00 8.0886725e+00 8.1881528e+00 8.3706423e+00 8.5606095e+00 8.7583279e+00 8.9320924e+00
8.5357138e+00 7.9719623e+00 7.3152718e+00 6.4552153e+00 5.5947562e+00 4.7832026e+00 3.9151796e+00 3.8003456e+00 2.1047513e+00 4.4976110e+00 5.1645364e+00 5.0607547e+00 4.9157633e+00 4.3252516e+00 1.0650733e+00 2.2388662e-01 2.4230955e+00 4.6666138e+00 4.9937459e+00 5.4601080e+00 5.9192819e+00 6.3446656e+00 6.5781709e+00 6.6450963e+00 6.7942002e+00 7.0140603e+00 7.2575478e+00 7.4872412e+00 7.6782692e+00 7.8634267e+00 8.0540054e+00 8.1262497e+00 8.2473905e+00 8.2969764e+00 8.3587827e+00 8.4308405e+00 8.4411205e+00 8.4826860e+00 8.4249744e+00 8.4067582e+00 8.3588120e+00 8.2897884e+00 8.2552651e+00 8.2117078e+00 8.2117444e+00 8.3147689e+00 8.5036171e+00 8.6755517e+00 8.8052219e+00 8.9517783e+00
9.2178239e+00 8.5503487e+00 7.7644208e+00 6.6777290e+00 5.5448944e+00 4.4903438e+00 3.7043077e+00 4.2132947e+00 4.0643489e+00 4.7720949e+00 5.5040249e+00 5.4438309e+00 5.2389561e+00 4.7418905e+00 3.3064349e+00 4.3228799e-01 6.2300407e-01 4.6377953e+00 4.8312398e+00 5.1135347e+00 5.5854326e+00 6.0214135e+00 6.3569792e+00 6.5416295e+00 6.5197384e+00 6.6179257e+00 6.8668157e+00 7.1780241e+00 7.4592882e+00 7.7958926e+00 8.1166970e+00 8.1660870e+00 8.1652762e+00 8.2207052e+00 8.2713243e+00 8.3474237e+00 8.3841245e+00 8.4372281e+00 8.3982214e+00 8.3967344e+00 8.4195354e+00 8.4359627e+00 8.4642089e+00 8.4211835e+00 8.4495011e+00 8.5281462e+00 8.6870513e+00 8.8526914e+00 8.9990865e+00 9.0893099e+00
9.8494386e+00 9.1243523e+00 8.2422046e+00 6.9937054e+00 5.6833092e+00 4.7332528e+00 4.5579933e+00 4.4759231e+00 2.6989952e+00 4.9768600e+00 5.8353025e+00 5.8207244e+00 5.6594544e+00 5.2495694e+00 4.6686323e+00 2.9973916e+00 5.1567325e-02 2.2695698e+00 4.6743663e+00 4.9162320e+00 5.3493599e+00 5.7752601e+00 6.1255621e+00 6.3865608e+00 6.4724106e+00 6.3758113e+00 6.4776865e+00 6.7931798e+00 7.1457621e+00 7.4868833e+00 7.6293481e+00 7.9021782e+00 8.0280837e+00 8.0606693e+00 8.1787125e+00 8.2878297e+00 8.3744901e+00 8.4640945e+00 8.4893444e+00 8.5343622e+00 8.5708968e+00 8.6169153e+00 8.6719245e+00 8.6128530e+00 8.6502226e+00 8.7057102e+00 8.8455757e+00 9.0075613e+00 9.1684998e+00 9.3050037e+00
