presentation/data/depth_0027.asc
ncols     164
nrows     146
xllcorner -1.242151388888889e+02
yllcorner  4.172986111111111e+01
cellsize  2.777777777820000e-04
nodata_value       -9999
[rows 66 to 87 of 146, columns 50 to 99 of 164]
0.0000000e+00 0.0000000e+00 0.0000000e+00 0.0000000e+00 0.0000000e+00 0.0000000e+00 0.0000000e+00 0.0000000e+00 0.0000000e+00 0.0000000e+00 0.0000000e+00 0.0000000e+00 0.0000000e+00 0.0000000e+00 9.9948125e-04 9.9940451e-04 9.9863140e-04 9.9845350e-04 9.9622582e-04 9.9861998e-04 3.0500202e-03 9.7027812e-04 4.7497495e-01 9.1574628e-01 1.0700767e+00 1.0776435e+00 1.0428397e+00 1.0089223e+00 9.8437335e-01 1.5676967e+00 2.6587259e+00 3.7545721e+00 2.6353021e+00 1.2862382e+00 1.0466487e+00 1.1049699e+00 1.0278888e+00 8.1336996e-01 5.0841592e-01 2.2380704e-01 1.3449278e-01 1.1997231e-01 1.3917995e-01 1.6413073e-01 1.7634030e-01 2.0367502e-01 2.3254276e-01 2.6525611e-01 2.8425039e-01 3.0190818e-01
0.0000000e+00 0.0000000e+00 0.0000000e+00 0.0000000e+00 0.0000000e+00 9.9484659e-04 9.9891148e-04 9.9638514e-04 9.9628300e-04 9.9787176e-04 9.8869479e-04 9.7309226e-04 9.8423272e-04 9.5117314e-04 1.1722365e-03 9.9841366e-04 9.9810365e-04 9.9820409e-04 9.9683041e-04 9.9880845e-04 9.9159092e-04 1.4441986e-01 6.5342473e-01 9.4756022e-01 1.0711117e+00 1.0656946e+00 1.0263427e+00 1.0808565e+00 3.3202143e+00 4.2072358e+00 3.5439312e+00 1.6878874e+00 9.7733305e-01 9.9129627e-01 9.8209761e-01 9.1117008e-01 8.1567467e-01 7.1568760e-01 5.5721373e-01 3.7950107e-01 2.6026996e-01 1.2896789e-01 9.9803427e-02 1.3608775e-01 1.7404632e-01 2.0037397e-01 1.9627422e-01 1.7879941e-01 1.6587538e-01 1.3916049e-01
0.0000000e+00 0.0000000e+00 0.0000000e+00 0.0000000e+00 0.0000000e+00 9.9923071e-04 9.9725030e-04 9.8828118e-04 9.9571805e-04 9.5227580e-04 9.1130734e-04 9.9820710e-04 9.7581966e-04 9.9838453e-04 9.7888642e-04 9.9832068e-04 9.9822355e-04 9.9616623e-04 9.9854204e-04 9.9627354e-04 3.8176791e-02 5.6084862e-01 8.1856087e-01 9.8389492e-01 1.0651208e+00 1.0390691e+00 9.6746441e-01 1.9934023e+00 4.3161940e+00 2.9858338e+00 1.4491442e+00 9.4085861e-01 9.4657817e-01 9.3951117e-01 9.3388881e-01 8.8528345e-01 7.4554619e-01 6.6594556e-01 6.1157948e-01 6.0650718e-01 5.6935720e-01 4.8863292e-01 4.2211543e-01 3.3409179e-01 2.1725898e-01 1.5786889e-01 1.2406805e-01 1.1019671e-01 9.0951792e-02 1.0838942e-01
0.0000000e+00 0.0000000e+00 0.0000000e+00 0.0000000e+00 0.0000000e+00 9.9642118e-04 9.8376194e-04 7.9412125e-02 9.5070477e-04 9.3384866e-04 2.9488097e-01 5.5570702e-01 4.9672120e-01 2.9709792e-01 1.8652004e-01 9.8814086e-04 9.9589395e-04 9.9935782e-04 9.9853833e-04 9.9357630e-04 4.1029904e-01 7.8480000e-01 8.9274148e-01 1.0074336e+00 1.0513595e+00 9.9811719e-01 8.4476716e-01 2.8533252e+00 4.4903650e+00 2.5493611e+00 1.2291658e+00 8.8336770e-01 8.7846903e-01 8.7643034e-01 8.6810631e-01 7.9702997e-01 7.2480445e-01 6.5909257e-01 6.3194940e-01 6.2378096e-01 6.3660673e-01 5.9560705e-01 5.6424362e-01 5.4441357e-01 4.8416103e-01 3.8506964e-01 3.4896247e-01 3.2837132e-01 2.6293893e-01 2.3768612e-01
0.0000000e+00 0.0000000e+00 0.0000000e+00 0.0000000e+00 0.0000000e+00 9.6576913e-04 9.7869871e-04 2.1729167e-01 2.7272273e-01 5.0512409e-01 4.1329052e-01 4.5101978e-01 6.2745321e-01 4.4781632e-01 5.0748471e-01 6.0192346e-01 2.5180242e-01 9.4215534e-04 9.9709373e-04 1.6333363e-01 4.4298932e-01 6.6290156e-01 7.7483047e-01 8.8631488e-01 9.8616962e-01 9.6397184e-01 7.7898092e-01 1.9310565e+00 4.7965032e+00 4.1702053e+00 2.7247112e+00 8.9159174e-01 8.2195660e-01 7.9069792e-01 7.4946805e-01 6.8905548e-01 6.8735727e-01 6.9759529e-01 6.7837413e-01 6.6170133e-01 6.3653767e-01 6.2037716e-01 5.8819976e-01 5.4776070e-01 5.0761980e-01 4.7405778e-01 4.9311286e-01 5.0793944e-01 5.0076619e-01 4.6108600e-01
0.0000000e+00 0.0000000e+00 0.0000000e+00 9.8977218e-04 9.5334459e-04 9.6997207e-04 9.3175306e-04 3.2759898e-01 4.3853662e-01 6.9654367e-01 4.0322513e-01 7.1548926e-04 2.8533138e-01 5.2852719e-01 6.1268560e-01 7.4816107e-01 5.5603218e-01 4.2248673e-02 8.6111248e-02 4.0775052e-01 2.5025570e-01 2.6251299e-01 5.4469175e-01 6.1722732e-01 6.5369808e-01 6.3236160e-01 5.3360266e-01 5.8588438e-01 3.3473543e+00 4.7901330e+00 3.5320427e+00 8.7435247e-01 7.5411008e-01 8.1850606e-01 7.6603347e-01 6.6522208e-01 6.4780488e-01 6.5862172e-01 6.3995666e-01 6.2219070e-01 6.0177419e-01 5.7907741e-01 5.5505673e-01 5.2811050e-01 5.1325206e-01 4.9120064e-01 4.9834030e-01 5.1119173e-01 5.0247898e-01 4.9997783e-01
9.9882359e-04 0.0000000e+00 9.7457103e-04 9.4479654e-04 9.9998833e-04 3.2120605e-02 9.9899820e-04 8.0001720e-04 8.9084998e-04 3.7041241e-01 5.9044127e-01 5.7320101e-01 6.5329354e-01 5.1920296e-01 6.0277588e-01 3.1300482e-01 3.8028582e-01 2.8449067e-01 1.9479685e-01 2.9639631e-01 4.0087951e-01 3.0429488e-01 4.1754691e-01 4.5679247e-01 3.5170386e-01 2.9196339e-01 5.9635123e-02 2.2710067e-01 1.4345521e+00 3.5876619e+00 2.4655279e+00 5.2357884e-01 7.7979364e-01 8.7923770e-01 9.0251937e-01 6.1871550e-01 5.3525505e-01 4.9858920e-01 4.7354370e-01 4.5424095e-01 4.4141770e-01 4.1486550e-01 3.8552342e-01 3.8203581e-01 3.8272811e-01 4.0142584e-01 4.2915136e-01 4.3972222e-01 4.4785433e-01 4.5862560e-01
9.9712624e-04 9.8390457e-04 9.7177320e-04 1.5143980e-01 9.9569189e-04 3.1880889e-02 9.8044442e-04 8.6468801e-04 6.7770495e-04 8.8740585e-04 6.9593426e-01 7.3346945e-01 7.1323920e-01 5.0807164e-01 3.2068680e-01 3.0881995e-01 2.4480018e-01 1.8112631e-01 1.3610075e-01 4.4689668e-02 3.0763887e-01 3.8603649e-01 3.4791264e-01 3.6913595e-01 4.8379804e-01 4.2851344e-01 1.8171003e-02 4.1312103e-03 1.0921559e+00 2.7602666e+00 1.3548098e+00 1.3180355e-01 2.4601814e-01 2.2407526e-01 4.6211360e-01 4.2361972e-01 3.9929298e-01 6.6162520e-01 6.8641663e-01 4.5461871e-01 4.7097940e-01 5.0138196e-01 5.3379892e-01 4.9270209e-01 4.8921800e-01 3.3359362e-01 2.2377570e-01 2.3837482e-01 2.2245338e-01 2.5312369e-01
9.9887253e-04 9.9760218e-04 8.4704384e-04 8.9862670e-04 1.3017193e-02 7.9056042e-02 2.6067928e-02 1.2060071e-01 3.7709359e-02 3.4161643e-01 5.0111263e-01 4.2826139e-01 3.9391736e-01 3.6961765e-01 2.6953660e-01 8.4231593e-02 9.0347768e-04 9.4373653e-04 3.3522874e-02 6.9279784e-02 1.8284415e-01 1.9864013e-01 1.7744880e-01 2.8448612e-01 3.1666350e-01 8.5833071e-03 8.8993123e-04 7.9550153e-04 1.5881105e+00 3.4789435e+00 2.6592768e+00 1.5051974e+00 2.3223393e+00 2.5352856e+00 1.9818535e+00 2.0343365e+00 2.0785628e+00 3.0593889e+00 3.8036209e+00 3.8268874e+00 3.8363717e+00 3.8354611e+00 3.8303194e+00 3.7666290e+00 3.7107506e+00 3.0952525e+00 2.7096654e+00 2.0258237e+00 1.4645091e+00 1.0496358e+00
9.9832073e-04 9.8421208e-04 1.5154141e-01 2.5804232e-01 3.1492954e-01 3.5912370e-01 4.8994297e-01 6.7690329e-01 6.3362098e-01 4.3025506e-01 3.4640012e-01 3.6154858e-01 3.9540939e-01 2.8634270e-01 2.4392153e-01 2.4650642e-01 9.9356756e-02 9.9588308e-04 6.7557820e-02 1.8780878e-01 4.3564507e-01 1.9722441e-01 3.1271035e-02 9.8314021e-04 9.1165394e-04 9.6394026e-04 7.9432429e-04 2.5544654e+00 3.7849024e+00 3.9669134e+00 4.0336176e+00 3.7079678e+00 3.9570385e+00 3.8727803e+00 3.7995942e+00 3.8461674e+00 3.8706033e+00 4.0154681e+00 4.2127421e+00 4.3148899e+00 4.3088219e+00 4.2346780e+00 4.0206362e+00 3.8843261e+00 4.0590919e+00 4.1637963e+00 4.1848139e+00 4.1545486e+00 3.9250747e+00 3.6895249e+00
9.4162366e-04 8.2382207e-04 2.1862146e-01 7.1342408e-01 7.8850926e-01 8.7466510e-01 7.7734168e-01 5.6235740e-01 4.5196179e-01 2.6857235e-01 1.7451665e-01 2.4258226e-01 1.5701791e-01 2.4998803e-01 2.5448799e-01 2.8344901e-01 3.2233175e-01 1.6120938e-01 2.3484724e-01 2.8460542e-01 4.3624501e-01 6.5514480e-02 8.8997256e-04 9.9942380e-04 7.1730352e-04 2.1082112e+00 3.1543015e+00 3.6761258e+00 3.9170482e+00 3.9119866e+00 4.1221621e+00 4.1174074e+00 4.0283072e+00 3.8958802e+00 3.9198752e+00 4.0007787e+00 4.0963246e+00 4.0989914e+00 4.2063365e+00 4.2991753e+00 4.3019647e+00 4.1679946e+00 3.7993025e+00 3.4442408e+00 3.9621718e+00 4.2333390e+00 4.3589723e+00 4.4019862e+00 4.3871525e+00 4.3670201e+00
9.4371768e-04 9.6815266e-04 4.8963634e-01 6.1528829e-01 6.0269400e-01 8.7370195e-01 5.4343915e-01 3.9689145e-01 2.6933431e-01 2.6636402e-01 2.1685639e-01 2.0822311e-01 2.2116744e-01 2.6850155e-01 3.8392654e-01 3.8736673e-01 4.8977783e-01 4.3226594e-01 4.2751568e-01 1.4059233e-01 9.3151891e-04 9.4781988e-04 8.6256867e-04 1.1584393e+00 3.0732179e+00 3.8047296e+00 3.3895636e+00 3.4264111e+00 3.8208345e+00 4.1104445e+00 4.3253307e+00 4.3733007e+00 4.3953451e+00 4.3476778e+00 4.3671218e+00 4.4049333e+00 4.3911579e+00 4.2464064e+00 4.3590574e+00 4.5264427e+00 4.5432826e+00 4.4668392e+00 4.3383060e+00 4.2588191e+00 4.2913968e+00 4.4794809e+00 4.6257967e+00 4.6269622e+00 4.5650973e+00 4.5291672e+00
3.5812781e-01 4.3232401e-01 4.4876209e-01 4.9708112e-01 7.9319835e-01 8.1682450e-01 4.8197990e-01 2.9550999e-01 1.6036082e-01 2.1359894e-01 1.5494791e-01 2.1004534e-01 2.2183929e-01 3.5549819e-01 4.4790719e-01 4.7406554e-01 4.2812278e-01 1.5352944e-01 8.9572726e-04 9.6612372e-04 8.3092462e-04 1.5263788e+00 2.8232862e+00 3.6561143e+00 3.9951855e+00 3.7709183e+00 3.3984954e+00 3.6959206e+00 4.2180397e+00 4.3585111e+00 4.6153554e+00 4.6424900e+00 4.6493148e+00 4.6939370e+00 4.7518151e+00 4.7251964e+00 4.5772155e+00 4.5642858e+00 4.7120407e+00 4.7857558e+00 4.8274508e+00 4.8404123e+00 4.8244678e+00 4.8669249e+00 4.8890207e+00 4.7831785e+00 4.9473363e+00 5.0169919e+00 4.8726302e+00 4.7536758e+00
4.9883053e-01 4.1632194e-02 2.2884894e-02 1.4901823e-01 3.1215859e-01 3.6569951e-01 2.0755127e-01 1.4771598e-01 4.9488274e-02 9.8604320e-04 7.6718711e-02 1.4125421e-01 2.5207169e-01 3.5335139e-01 3.4762297e-01 1.3179137e-01 9.6315312e-04 9.9871883e-04 9.3437440e-04 1.1726998e+00 3.0268771e+00 4.3590924e+00 4.0823810e+00 3.9603224e+00 4.3119352e+00 4.1706606e+00 4.1149453e+00 4.4498689e+00 5.0348395e+00 5.0727906e+00 5.2092798e+00 4.9936388e+00 4.8905385e+00 4.8535481e+00 4.9807824e+00 5.2083707e+00 5.0522631e+00 4.8482192e+00 4.9675552e+00 5.1493641e+00 5.3402262e+00 5.3178341e+00 5.3403221e+00 5.2466169e+00 5.2832578e+00 5.2948752e+00 5.2087573e+00 5.3053040e+00 5.5106670e+00 5.3772172e+00
1.5897919e-01 9.8413342e-04 9.9771282e-04 9.9443984e-04 9.1952952e-04 1.6556024e-01 4.4486712e-01 9.4813055e-04 5.2962875e-03 9.0814032e-04 1.2844480e-02 2.0059965e-02 1.0454892e-01 2.8009731e-02 9.3604233e-04 9.7857590e-04 7.0024286e-04 1.5494814e+00 3.5423801e+00 4.2164496e+00 4.7021704e+00 4.6989784e+00 4.7557727e+00 5.0006557e+00 5.1044043e+00 5.2218759e+00 5.3253631e+00 5.6847311e+00 5.7707396e+00 5.5794744e+00 5.5575241e+00 5.4478594e+00 5.3007667e+00 5.1531087e+00 5.3045639e+00 5.5204429e+00 5.6313727e+00 5.6407159e+00 5.5759943e+00 5.6253332e+00 5.6448840e+00 5.6851386e+00 5.8782419e+00 5.9873169e+00 5.9689123e+00 5.8821990e+00 5.9421364e+00 5.8335772e+00 5.8545988e+00 5.8021577e+00
9.8011267e-04 9.9760420e-04 9.9791573e-04 9.9904387e-04 9.7221377e-04 4.0270777e-01 6.3039015e-01 5.1650789e-01 7.9091431e-04 1.2227098e-01 2.7436683e-01 9.8501466e-04 9.4515620e-04 9.5172065e-04 9.9862040e-04 7.3234795e-01 3.1925401e+00 4.2933736e+00 4.4970677e+00 4.6685554e+00 4.9345509e+00 5.0842913e+00 5.3353209e+00 5.5545807e+00 5.5671748e+00 5.6693314e+00 5.9346390e+00 6.3308531e+00 6.3375103e+00 6.0170649e+00 5.8809168e+00 5.9451808e+00 5.8205018e+00 5.5277754e+00 5.6140948e+00 5.7431765e+00 5.8547492e+00 6.0634186e+00 6.1480774e+00 6.0754111e+00 6.0232089e+00 5.9563372e+00 5.9867666e+00 6.3697639e+00 6.5469363e+00 6.3442681e+00 6.3003752e+00 6.2721489e+00 6.3119832e+00 6.3248770e+00
9.9912702e-04 9.9902498e-04 9.9986392e-04 9.9890704e-04 9.5553359e-04 8.5101958e-04 8.6234543e-01 9.8245119e-01 5.3131926e-01 8.4293194e-04 9.9266422e-04 9.8356261e-04 9.1660383e-04 2.5563321e-01 2.8074856e+00 4.0149513e+00 4.3230948e+00 4.5793977e+00 4.7400148e+00 4.9983422e+00 5.2686608e+00 5.4173620e+00 5.5916615e+00 5.6261270e+00 5.8467929e+00 6.1637479e+00 6.2399021e+00 6.1114289e+00 6.3116181e+00 6.0906764e+00 6.0622519e+00 6.1201968e+00 6.2132945e+00 6.2465436e+00 6.1882972e+00 5.9823637e+00 5.8702842e+00 5.9920165e+00 6.2027324e+00 6.3744837e+00 6.4454208e+00 6.3290881e+00 6.2221568e+00 6.3291923e+00 6.5994215e+00 6.6728682e+00 6.6375979e+00 6.6321901e+00 6.6725883e+00 6.6457819e+00
9.3338871e-04 9.9817940e-04 9.9913541e-04 9.8210727e-04 5.6787965e-04 9.7824524e-04 8.8441722e-04 9.6655307e-02 8.8344461e-04 9.8777668e-04 9.7694071e-04 8.6753127e-04 2.2962181e+00 3.6687884e+00 4.0502049e+00 4.3791695e+00 4.6849271e+00 5.0317242e+00 5.0848706e+00 5.2570496e+00 5.5524083e+00 5.6212372e+00 5.6718177e+00 5.7557124e+00 5.9474969e+00 6.4909211e+00 6.5315400e+00 6.2618826e+00 6.4802618e+00 6.0530574e+00 6.0316612e+00 6.1460498e+00 6.3291498e+00 6.5646657e+00 6.6222458e+00 6.2741472e+00 6.0843954e+00 6.0882165e+00 6.1272739e+00 6.5205045e+00 6.7913750e+00 6.7033786e+00 6.5875031e+00 6.5681839e+00 6.7284593e+00 6.9109599e+00 6.9306536e+00 6.9716238e+00 6.9744000e+00 6.8292720e+00
9.8830027e-04 9.9711577e-04 9.9845608e-04 9.8441686e-04 0.0000000e+00 6.6544776e-04 9.8075790e-04 9.8808043e-04 9.9120537e-04 9.9680969e-04 9.5327281e-04 3.5400683e-01 2.3651837e+00 4.2711313e+00 4.5914122e+00 4.7154544e+00 5.0862045e+00 5.2693750e+00 5.2814655e+00 5.3331588e+00 5.5456916e+00 5.6252993e+00 5.7692301e+00 5.9217918e+00 6.0664751e+00 6.3039529e+00 6.0481995e+00 5.9031932e+00 6.8000580e+00 6.5704860e+00 6.3575887e+00 6.5120070e+00 6.1916422e+00 6.5372526e+00 6.6276859e+00 6.5247227e+00 6.6891668e+00 7.0273648e+00 6.4762522e+00 6.6148524e+00 6.7269887e+00 6.8291078e+00 6.8960536e+00 6.9224310e+00 6.9442998e+00 6.9516820e+00 6.9609060e+00 7.0958512e+00 7.2474621e+00 7.1170382e+00
0.0000000e+00 9.8414445e-04 9.9967920e-04 9.9488818e-04 9.9117763e-04 9.6074530e-04 8.6804564e-04 7.9230249e-04 9.5003515e-04 8.0436311e-04 6.2980153e-01 2.2142010e+00 3.7016675e+00 3.9742000e+00 4.7649804e+00 5.0892148e+00 5.3858659e+00 5.3470485e+00 5.4369117e+00 5.5381730e+00 5.5856620e+00 5.6641021e+00 5.9389885e+00 6.1259406e+00 6.2140206e+00 6.2310391e+00 5.9375919e+00 5.6078000e+00 5.8102313e+00 6.6259452e+00 6.6224911e+00 6.5681447e+00 6.3689703e+00 6.4716410e+00 6.6052992e+00 6.7483888e+00 7.0115715e+00 7.3069792e+00 7.2082889e+00 7.1131128e+00 7.0275760e+00 6.9963645e+00 7.0226903e+00 7.2106487e+00 7.2716435e+00 7.1994309e+00 7.0465604e+00 7.1290362e+00 7.2915352e+00 7.2916580e+00
0.0000000e+00 0.0000000e+00 9.9497600e-04 1.6621111e-02 3.4525377e-03 7.8597581e-01 2.2611162e+00 1.9195003e+00 1.6331158e+00 2.5069396e+00 3.3808664e+00 4.0576115e+00 4.3586396e+00 4.2141485e+00 4.5551687e+00 5.1060226e+00 5.4981116e+00 5.6180305e+00 5.6013234e+00 5.6469315e+00 5.7273733e+00 5.9449311e+00 6.2442428e+00 6.3673022e+00 6.4516720e+00 6.3202735e+00 6.1720705e+00 5.8624017e+00 5.9230992e+00 6.5648296e+00 6.7611349e+00 6.8875021e+00 6.8557430e+00 6.6097253e+00 6.6814320e+00 6.8796010e+00 7.0677146e+00 7.2351029e+00 7.3394300e+00 7.2563021e+00 7.3375680e+00 7.4109322e+00 7.0933434e+00 7.1829558e+00 7.5059706e+00 7.3043586e+00 7.2215545e+00 7.0922327e+00 7.2268641e+00 7.3032138e+00
8.5498958e-04 9.1721595e-04 9.2332278e-04 9.8412061e-04 9.9157688e-04 8.6713985e-01 3.7908744e+00 3.8485347e+00 3.7012814e+00 3.6901514e+00 3.9002228e+00 4.1665561e+00 4.4620314e+00 4.5377767e+00 4.8001626e+00 5.1711561e+00 5.3617738e+00 5.8992688e+00 5.9154828e+00 5.9712083e+00 6.1317506e+00 6.3352168e+00 6.5458443e+00 6.3589616e+00 6.5271297e+00 6.5929823e+00 6.6549891e+00 6.4737324e+00 6.3455161e+00 6.8354242e+00 6.8262531e+00 6.6543833e+00 6.7004756e+00 6.7177626e+00 6.9411425e+00 6.7825700e+00 6.8547651e+00 6.9848057e+00 7.0288779e+00 6.6498093e+00 6.8109350e+00 6.8550014e+00 6.5540749e+00 6.7240033e+00 7.1884239e+00 6.5950600e+00 6.2369757e+00 6.0016551e+00 6.6144096e+00 7.2007030e+00
