presentation/data/depth_0049.asc
ncols     164
nrows     146
xllcorner -1.242151388888889e+02
yllcorner  4.172986111111111e+01
cellsize  2.777777777820000e-04
nodata_value       -9999
[rows 88 to 109 of 146, columns 0 to 49 of 164]
1.2162322e+01 1.2188904e+01 1.2077132e+01 1.1660213e+01 1.1543683e+01 1.1744405e+01 1.1322872e+01 1.1218779e+01 1.1040646e+01 1.0843269e+01 1.0607975e+01 1.0382471e+01 1.0166720e+01 9.9365099e+00 9.6761564e+00 9.4045445e+00 9.1019234e+00 8.6907735e+00 8.0922340e+00 7.4716276e+00 6.6702863e+00 5.8575066e+00 5.2082009e+00 4.6979801e+00 4.1911290e+00 3.7594911e+00 3.4467717e+00 1.3098185e+00 2.7584494e-01 3.7270537e+00 3.9268965e+00 4.1856241e+00 3.9247317e+00 3.4272840e+00 3.6578310e+00 3.6597083e+00 3.7116487e+00 3.7521320e+00 3.7559522e+00 3.7562053e+00 3.8264194e+00 3.2274532e+00 3.1577803e+00 2.2029660e+00 4.3750544e+00 4.1823761e+00 3.5636913e+00 1.3035593e+00 9.5960170e-04 9.5159739e-04
1.2565183e+01 1.2053676e+01 1.1852593e+01 1.1604728e+01 1.1600220e+01 1.1758335e+01 1.1584519e+01 1.1456236e+01 1.1255792e+01 1.1044250e+01 1.0781839e+01 1.0552911e+01 1.0311984e+01 1.0049181e+01 9.7506069e+00 9.4045913e+00 9.0276883e+00 8.5184130e+00 7.8238538e+00 7.2059207e+00 6.4817222e+00 5.7777145e+00 5.1995208e+00 4.7443614e+00 4.2898848e+00 3.9588460e+00 3.6903443e+00 3.4656395e+00 2.0287954e+00 4.0314533e+00 4.0423025e+00 4.1055623e+00 4.1050293e+00 3.8541992e+00 3.7502145e+00 3.7469151e+00 3.7604784e+00 3.7569519e+00 3.7519125e+00 3.7519679e+00 3.8440637e+00 4.0534100e+00 4.0084254e+00 3.9802950e+00 3.9876842e+00 4.1990762e+00 4.1427579e+00 2.9055302e+00 8.7529681e-01 6.0321180e-01
1.2792130e+01 1.2215830e+01 1.1771413e+01 1.1538317e+01 1.1860463e+01 1.1889896e+01 1.1826480e+01 1.1705982e+01 1.1469001e+01 1.1219226e+01 1.0955780e+01 1.0721038e+01 1.0464300e+01 1.0191258e+01 9.8443382e+00 9.4419859e+00 8.9734700e+00 8.3856414e+00 7.5994620e+00 6.9606498e+00 6.2458667e+00 5.6054341e+00 5.1123895e+00 4.7255065e+00 4.3469243e+00 4.0912421e+00 4.0337423e+00 4.1203993e+00 4.1112916e+00 4.1374200e+00 4.1904179e+00 4.2200131e+00 4.1369379e+00 3.9871026e+00 3.9171292e+00 3.8698960e+00 3.8313010e+00 3.7998463e+00 3.7839606e+00 3.7881082e+00 3.8749126e+00 4.0082201e+00 3.9861908e+00 3.8327099e+00 3.9311903e+00 4.0293125e+00 4.1681141e+00 4.0391182e+00 2.6671908e+00 2.9740085e+00
1.2666127e+01 1.2297622e+01 1.2011404e+01 1.1936226e+01 1.2022115e+01 1.2176577e+01 1.2187504e+01 1.2048391e+01 1.1727815e+01 1.1383008e+01 1.1132623e+01 1.0894694e+01 1.0667616e+01 1.0375495e+01 9.9954380e+00 9.5223911e+00 8.9671256e+00 8.2915253e+00 7.4250344e+00 6.7244214e+00 6.0050848e+00 5.3849157e+00 4.9054617e+00 4.6186151e+00 4.3380054e+00 4.1658046e+00 4.1130012e+00 4.1635723e+00 4.2274826e+00 4.2850687e+00 4.3273573e+00 4.3427562e+00 4.2993535e+00 4.1781850e+00 4.0627876e+00 3.9643976e+00 3.8919423e+00 3.8328521e+00 3.8256132e+00 3.8094520e+00 3.8942651e+00 4.0479035e+00 4.4311252e+00 4.6543243e+00 4.0244436e+00 3.5719336e+00 2.6631918e+00 2.9241648e+00 4.1447615e+00 4.1466910e+00
1.2830719e+01 1.2783998e+01 1.2680332e+01 1.2581367e+01 1.2507217e+01 1.2552614e+01 1.2297475e+01 1.2185208e+01 1.1921139e+01 1.1789982e+01 1.1394967e+01 1.1278074e+01 1.0997253e+01 1.0652196e+01 1.0215056e+01 9.6619999e+00 9.0243119e+00 8.2398121e+00 7.2849799e+00 6.4737167e+00 5.7204256e+00 5.0855842e+00 4.6360497e+00 4.4296082e+00 4.2713379e+00 4.2034319e+00 4.1807407e+00 4.1814117e+00 4.2765803e+00 4.3931131e+00 4.4792874e+00 4.5269188e+00 4.4955391e+00 4.3682515e+00 4.2384290e+00 4.0694423e+00 3.9498447e+00 3.8605767e+00 3.8189992e+00 3.7865517e+00 3.8381615e+00 3.8404289e+00 2.8325895e+00 8.8653762e-02 1.8767028e-01 8.6483737e-04 9.4536052e-04 1.8972838e+00 3.2784723e+00 4.0218646e+00
1.3799589e+01 1.3709913e+01 1.3573898e+01 1.3407295e+01 1.3259040e+01 1.3114376e+01 1.3123752e+01 1.2948253e+01 1.2291150e+01 1.1989925e+01 1.2223192e+01 1.1886243e+01 1.1682341e+01 1.1051200e+01 1.0498682e+01 9.8391346e+00 9.1417496e+00 8.2534483e+00 7.1629859e+00 6.2304561e+00 5.3749054e+00 4.7232661e+00 4.3469280e+00 4.2182646e+00 4.0714889e+00 3.9248071e+00 3.9397640e+00 4.1754691e+00 4.3105299e+00 4.4799940e+00 4.6413810e+00 4.7327897e+00 4.7086191e+00 4.5687483e+00 4.3803990e+00 4.1373234e+00 3.9561690e+00 3.8710526e+00 3.8902860e+00 3.8056375e+00 3.8499494e+00 2.1437825e+00 0.0000000e+00 0.0000000e+00 0.0000000e+00 0.0000000e+00 0.0000000e+00 2.0709158e+00 4.1173821e+00 3.9659291e+00
1.4927527e+01 1.4723075e+01 1.4502487e+01 1.4291450e+01 1.4089600e+01 1.3917604e+01 1.3964671e+01 1.3728828e+01 1.3387407e+01 1.3195278e+01 1.3062760e+01 1.2933455e+01 1.2258948e+01 1.1508251e+01 1.0758994e+01 1.0027309e+01 9.2754995e+00 8.2967567e+00 7.0977085e+00 6.0448418e+00 5.0783557e+00 4.3561866e+00 4.1033068e+00 4.1268546e+00 3.7227797e+00 3.0586221e+00 3.2288187e+00 4.1110895e+00 4.3426354e+00 4.5836137e+00 4.8204842e+00 4.9684613e+00 4.9524723e+00 4.7792534e+00 4.5107647e+00 4.2004068e+00 3.9303143e+00 3.8965695e+00 3.9355492e+00 3.7155491e+00 3.9730223e+00 2.6834372e+00 7.2686686e-04 0.0000000e+00 0.0000000e+00 0.0000000e+00 8.3952089e-04 2.4759423e+00 4.1971904e+00 4.0439707e+00
1.5779969e+01 1.5543943e+01 1.5307597e+01 1.5105091e+01 1.4936072e+01 1.4802153e+01 1.4677081e+01 1.4563756e+01 1.4346089e+01 1.3878475e+01 1.2472084e+01 1.2832421e+01 1.2402124e+01 1.1767781e+01 1.1032828e+01 1.0284598e+01 9.5539865e+00 8.5945307e+00 7.2259303e+00 5.9723200e+00 4.7634145e+00 3.3169455e+00 3.2444816e+00 3.0097689e+00 3.3756887e+00 3.3769386e+00 3.4901649e+00 3.6698443e+00 4.4020527e+00 4.9561285e+00 5.3303839e+00 5.5410729e+00 5.5548138e+00 5.3152105e+00 4.9554943e+00 4.4170428e+00 3.8750589e+00 3.7929226e+00 2.9277958e+00 2.7390492e+00 3.9913915e+00 3.2858547e+00 8.3713343e-04 9.5977383e-04 7.7203221e-04 1.3022393e+00 2.4397913e+00 3.9850643e+00 4.0894175e+00 4.1444920e+00
1.6516605e+01 1.6337023e+01 1.6179196e+01 1.6087322e+01 1.5923954e+01 1.5735018e+01 1.5631042e+01 1.5117148e+01 1.3842616e+01 1.2988307e+01 1.2274031e+01 1.2291513e+01 1.2073821e+01 1.1627223e+01 1.1136012e+01 1.0535813e+01 9.9039978e+00 9.0310544e+00 7.6256439e+00 6.2013388e+00 4.6442349e+00 3.7661570e+00 2.5743647e+00 1.5392309e+00 3.3691226e+00 3.7426517e+00 3.8383404e+00 3.8924731e+00 4.8676750e+00 5.5614548e+00 5.9984408e+00 6.2398208e+00 6.2548639e+00 5.9854396e+00 5.5604273e+00 4.9323255e+00 4.1716404e+00 3.7700946e+00 3.9626615e+00 4.1075558e+00 4.1803646e+00 3.9946133e+00 3.7890994e+00 3.8787654e+00 3.3922031e+00 3.0128176e+00 3.3893948e+00 3.3557510e+00 4.3157189e+00 4.3342403e+00
1.7145202e+01 1.7388151e+01 1.7141807e+01 1.6697938e+01 1.6333379e+01 1.6446436e+01 1.5941595e+01 1.5819324e+01 1.3775092e+01 1.2251514e+01 1.2233173e+01 1.2087639e+01 1.1782201e+01 1.1560016e+01 1.1256953e+01 1.0814073e+01 1.0370582e+01 9.7392609e+00 8.4237943e+00 6.9790240e+00 4.9539110e+00 3.7568308e+00 3.4759114e+00 3.1556576e+00 3.0306265e+00 4.3349173e+00 4.9784978e+00 5.4066237e+00 5.9635504e+00 6.5050602e+00 6.8969058e+00 7.1202009e+00 7.1196291e+00 6.8579223e+00 6.4647362e+00 5.8973678e+00 5.2440520e+00 4.7826311e+00 4.8498321e+00 4.8653615e+00 4.6947598e+00 4.4712343e+00 4.4096996e+00 4.2325523e+00 3.9377787e+00 3.0925077e+00 3.5018635e+00 4.1885402e+00 4.4856281e+00 4.5396515e+00
1.8335784e+01 1.8453149e+01 1.7562276e+01 1.7460578e+01 1.6484717e+01 1.6801822e+01 1.6247427e+01 1.3913417e+01 1.2381620e+01 1.2630134e+01 1.2303668e+01 1.1963773e+01 1.1777563e+01 1.1685297e+01 1.1465165e+01 1.1108801e+01 1.0909875e+01 1.0825847e+01 9.9110473e+00 8.9239628e+00 7.4782254e+00 5.1908560e+00 4.0043579e+00 3.8785588e+00 4.1316838e+00 5.5721457e+00 6.5602421e+00 7.0053996e+00 7.3834851e+00 7.7499590e+00 8.0364355e+00 8.1868345e+00 8.1703423e+00 7.9457705e+00 7.6281617e+00 7.1808593e+00 6.6608451e+00 6.2698360e+00 6.0458926e+00 5.8112892e+00 5.5708708e+00 5.1973755e+00 4.8197754e+00 4.4455658e+00 4.0095789e+00 3.9485512e+00 4.2722820e+00 4.5521370e+00 4.7074141e+00 4.7927690e+00
1.8661437e+01 1.9189152e+01 1.8731180e+01 1.8072006e+01 1.7919855e+01 1.6541841e+01 1.4980104e+01 1.0284572e+01 1.0734660e+01 1.0889988e+01 1.2013318e+01 1.2534199e+01 1.1881484e+01 1.1916949e+01 1.1857767e+01 1.1500588e+01 1.1092798e+01 1.1712195e+01 1.1957495e+01 1.1361526e+01 1.0961269e+01 8.9627495e+00 7.5678536e+00 7.8452615e+00 8.4192732e+00 9.1539083e+00 8.9923226e+00 8.7966698e+00 8.8585515e+00 9.0677347e+00 9.2621437e+00 9.3438772e+00 9.3142751e+00 9.1449993e+00 8.8833678e+00 8.5327043e+00 8.0645922e+00 7.9080348e+00 7.6893986e+00 7.0610893e+00 6.5173058e+00 6.0576696e+00 5.6159394e+00 5.1723586e+00 4.7330648e+00 4.5231266e+00 4.6673585e+00 4.8833984e+00 5.0423885e+00 5.0879513e+00
1.8808185e+01 1.7394679e+01 1.9109677e+01 1.8584234e+01 1.8342059e+01 1.7456898e+01 1.3666393e+01 1.1627665e+01 8.9363332e+00 7.9369745e+00 1.0702987e+01 1.2856368e+01 1.1806983e+01 1.2044883e+01 1.2396011e+01 1.2335953e+01 1.1439697e+01 1.2296905e+01 1.3410107e+01 1.3555216e+01 1.2716360e+01 1.2277261e+01 1.1467151e+01 1.1684607e+01 1.2128751e+01 1.2536894e+01 1.1077886e+01 1.0095741e+01 9.9567736e+00 1.0112832e+01 1.0257145e+01 1.0282054e+01 1.0234408e+01 1.0124033e+01 9.9424831e+00 9.6225232e+00 9.3532417e+00 8.3295563e+00 8.7424212e+00 8.1268590e+00 7.3638456e+00 6.8217712e+00 6.3181173e+00 5.8795790e+00 5.4716435e+00 5.2227396e+00 5.2228087e+00 5.3293316e+00 5.3897768e+00 5.3879476e+00
2.0077329e+01 1.9100971e+01 1.9464904e+01 1.8589343e+01 1.8437309e+01 1.7552518e+01 1.5698416e+01 1.4719458e+01 1.2308333e+01 1.3512338e+01 1.4090780e+01 1.4217111e+01 1.3462197e+01 1.3406603e+01 1.3233241e+01 1.3286490e+01 1.3866960e+01 1.4023194e+01 1.4102752e+01 1.3079739e+01 1.3184113e+01 1.3541119e+01 1.3546484e+01 1.3285952e+01 1.3463799e+01 1.2972074e+01 1.1225924e+01 1.0771368e+01 1.1168135e+01 1.1361635e+01 1.1426343e+01 1.1312572e+01 1.1241532e+01 1.1231649e+01 1.1096440e+01 1.0888595e+01 1.0951533e+01 7.2262913e+00 3.2631090e+00 8.0952370e+00 8.6670284e+00 7.8681327e+00 7.2199013e+00 6.7145969e+00 6.3235024e+00 6.0731901e+00 6.0751643e+00 5.9167325e+00 5.8108491e+00 5.7545528e+00
2.0119593e+01 1.9535268e+01 1.8628521e+01 1.8997950e+01 1.8757618e+01 1.8048251e+01 1.8453204e+01 1.6572264e+01 1.6189445e+01 1.6016489e+01 1.4356420e+01 1.0948183e+01 1.5139362e+01 1.4800424e+01 1.4267117e+01 1.4639331e+01 1.4821136e+01 1.4749863e+01 1.4639166e+01 1.4287011e+01 1.4060340e+01 1.3414200e+01 1.3491619e+01 1.2858795e+01 1.3891244e+01 1.3874296e+01 1.2309790e+01 1.1863755e+01 1.2358692e+01 1.2549709e+01 1.2766678e+01 1.2505821e+01 1.2352104e+01 1.2693929e+01 1.2780695e+01 1.2451174e+01 1.2709499e+01 1.0860034e+01 9.8449270e+00 9.7551355e+00 4.7136477e+00 4.2701108e+00 8.0114480e+00 7.9517183e+00 7.5715897e+00 6.3951045e+00 3.4986599e+00 5.7746141e+00 6.5649047e+00 6.3155762e+00
1.9989297e+01 1.9535302e+01 1.8685041e+01 1.9708291e+01 1.9327344e+01 1.8701260e+01 1.7592618e+01 1.6641998e+01 1.7130717e+01 1.4326422e+01 1.5126107e+01 1.1848970e+01 1.4807483e+01 1.5899373e+01 1.5537991e+01 1.5365740e+01 1.5229097e+01 1.5234743e+01 1.4809095e+01 1.4521779e+01 1.4373387e+01 1.4021729e+01 1.3886885e+01 1.2511483e+01 1.3564158e+01 1.3808782e+01 1.3950170e+01 1.3218260e+01 1.3747992e+01 1.3193235e+01 1.3054396e+01 1.2956202e+01 1.2797283e+01 1.3031510e+01 1.3470919e+01 1.2860954e+01 1.2984639e+01 1.3288338e+01 1.2478165e+01 1.1246602e+01 8.4849497e+00 8.0038805e+00 9.1738340e+00 8.7417534e+00 8.4330682e+00 7.1263927e+00 3.6598093e+00 6.2019904e+00 7.1758306e+00 6.8001227e+00
2.0713099e+01 1.9848136e+01 2.0094859e+01 2.0122237e+01 1.6969999e+01 1.9314937e+01 1.8035918e+01 1.7444506e+01 1.7442953e+01 1.5675905e+01 1.6405658e+01 1.5597785e+01 1.5725505e+01 1.6779427e+01 1.6101873e+01 1.5852949e+01 1.5811989e+01 1.5860172e+01 1.5578057e+01 1.4959719e+01 1.4708782e+01 1.4439404e+01 1.4176810e+01 1.3695756e+01 1.4214061e+01 1.4102789e+01 1.3983164e+01 1.3792196e+01 1.3930745e+01 1.3462373e+01 1.3274078e+01 1.2943174e+01 1.2526043e+01 1.2957357e+01 1.2139843e+01 1.2986277e+01 1.3036313e+01 1.3035134e+01 1.2469846e+01 1.1777369e+01 1.1300171e+01 1.0668765e+01 9.9280199e+00 9.3931761e+00 9.0174624e+00 8.5821888e+00 7.9505320e+00 7.9799270e+00 7.6784526e+00 7.3260958e+00
2.0993853e+01 2.0738544e+01 2.0410821e+01 1.9760103e+01 1.8634415e+01 1.9327717e+01 1.8629199e+01 1.8085728e+01 1.7912017e+01 1.7568220e+01 1.7648827e+01 1.7617677e+01 1.7346100e+01 1.7195460e+01 1.6729365e+01 1.6556768e+01 1.6070161e+01 1.5059912e+01 1.5198835e+01 1.5819998e+01 1.5207675e+01 1.4864348e+01 1.4842193e+01 1.4586704e+01 1.4526281e+01 1.3738819e+01 1.3356554e+01 1.3934226e+01 1.4219578e+01 1.3608505e+01 1.3335966e+01 1.3331118e+01 1.2237337e+01 1.1897672e+01 1.3047237e+01 1.3321224e+01 1.3292508e+01 1.2988993e+01 1.2579837e+01 1.2086852e+01 1.1517577e+01 1.0930084e+01 1.0430608e+01 1.0021117e+01 9.6385026e+00 9.3471479e+00 9.1118817e+00 8.7144146e+00 8.2486801e+00 7.8812919e+00
2.0716992e+01 2.0580480e+01 1.9835742e+01 1.9833000e+01 1.9833297e+01 1.9195637e+01 1.9683149e+01 1.9170151e+01 1.8862248e+01 1.8810214e+01 1.8451391e+01 1.8038539e+01 1.7678984e+01 1.7681644e+01 1.7245402e+01 1.6680775e+01 1.5675153e+01 1.4603862e+01 1.5581063e+01 1.6374234e+01 1.5833931e+01 1.5578533e+01 1.5470945e+01 1.5017706e+01 1.4815843e+01 1.4064495e+01 1.4212436e+01 1.4335065e+01 1.3747261e+01 1.4016045e+01 1.2938444e+01 1.1992421e+01 1.1756465e+01 1.1297501e+01 1.1928965e+01 1.2735392e+01 1.2599817e+01 1.2458055e+01 1.2634188e+01 1.2577973e+01 1.1866362e+01 1.1348610e+01 1.0897063e+01 1.0517881e+01 1.0192844e+01 9.9313046e+00 9.6632786e+00 9.3482817e+00 8.8929394e+00 8.4354482e+00
2.0138568e+01 2.0100992e+01 2.0441551e+01 2.0065903e+01 1.9946773e+01 1.9925223e+01 1.9792613e+01 1.9671581e+01 1.9514388e+01 1.9245692e+01 1.8857381e+01 1.8254162e+01 1.8128581e+01 1.7541490e+01 1.7244425e+01 1.7740134e+01 1.6928647e+01 1.6495371e+01 1.6963821e+01 1.6858281e+01 1.6465692e+01 1.6127213e+01 1.5828258e+01 1.5578304e+01 1.5230203e+01 1.4992740e+01 1.3920523e+01 1.4797580e+01 1.5139473e+01 1.3677972e+01 1.3766646e+01 1.3269021e+01 1.2659569e+01 1.2577517e+01 1.2299308e+01 1.2467672e+01 1.1817029e+01 1.0849432e+01 1.2840816e+01 1.2865338e+01 1.2301343e+01 1.1839766e+01 1.1282451e+01 1.0910037e+01 1.0689687e+01 1.0495084e+01 1.0300717e+01 1.0030584e+01 9.5967216e+00 9.1111350e+00
2.1232464e+01 2.1115956e+01 2.0791619e+01 2.0368504e+01 2.0175728e+01 1.9651313e+01 1.9709784e+01 1.9779939e+01 1.9706932e+01 1.9480283e+01 1.9130421e+01 1.8757337e+01 1.8525627e+01 1.8160447e+01 1.7961228e+01 1.8004147e+01 1.7912927e+01 1.7717464e+01 1.7969396e+01 1.7492500e+01 1.6998281e+01 1.6693775e+01 1.6544210e+01 1.6216897e+01 1.6027718e+01 1.5879580e+01 1.5439625e+01 1.4928450e+01 1.4482733e+01 1.1813557e+01 1.2465207e+01 1.2806108e+01 1.2942751e+01 1.3310786e+01 1.2882255e+01 1.2369485e+01 1.2245752e+01 1.2159086e+01 1.1675543e+01 1.2207564e+01 1.1273611e+01 1.0856622e+01 1.1249377e+01 1.1308936e+01 1.1141678e+01 1.1042489e+01 1.0934089e+01 1.0727592e+01 1.0319746e+01 9.8541968e+00
2.0542302e+01 2.1209176e+01 2.1069716e+01 2.0740545e+01 2.0549785e+01 2.0485675e+01 2.0323384e+01 2.0137303e+01 1.9752734e+01 1.9534543e+01 1.9354745e+01 1.9238654e+01 1.9339895e+01 1.8828717e+01 1.7842719e+01 1.8436894e+01 1.8313548e+01 1.7614196e+01 1.8005826e+01 1.8072233e+01 1.7662799e+01 1.7623553e+01 1.7018742e+01 1.6812680e+01 1.6381837e+01 1.6148726e+01 1.6278409e+01 1.6167523e+01 1.5789601e+01 1.3617966e+01 1.4661412e+01 1.4567481e+01 1.4018092e+01 1.3624689e+01 1.3312765e+01 1.2858742e+01 1.2550347e+01 1.1900087e+01 1.1634474e+01 1.0271379e+01 4.1011177e+00 4.4697318e+00 1.0552580e+01 1.1678774e+01 1.1453698e+01 1.1491246e+01 1.1453781e+01 1.1300027e+01 1.0941759e+01 1.0486964e+01
