presentation/data/depth_0001.asc
ncols     164
nrows     146
xllcorner -1.242151388888889e+02
yllcorner  4.172986111111111e+01
cellsize  2.777777777820000e-04
nodata_value       -9999
[rows 110 to 131 of 146, columns 0 to 49 of 164]
2.0389289e+01 2.0445818e+01 1.9774457e+01 2.0046032e+01 1.9763104e+01 1.9647716e+01 1.9533510e+01 1.9031397e+01 1.8772743e+01 1.8447578e+01 1.8317448e+01 1.8407959e+01 1.8268323e+01 1.7195197e+01 1.8114366e+01 1.8283646e+01 1.7605413e+01 1.6924606e+01 1.7100291e+01 1.7075127e+01 1.6978808e+01 1.5687135e+01 1.5093652e+01 1.5473532e+01 1.5541370e+01 1.5284868e+01 1.5211911e+01 1.4598941e+01 1.4848011e+01 1.4415285e+01 1.3920516e+01 1.3308854e+01 1.3187299e+01 1.2806028e+01 1.2163902e+01 1.1753557e+01 1.1488087e+01 1.0677794e+01 1.0312885e+01 9.3424415e+00 5.6900610e+00 5.7733429e+00 9.9406346e+00 1.0187551e+01 1.0230364e+01 1.0537080e+01 1.0840757e+01 1.0569617e+01 1.0355158e+01 9.9209030e+00
2.0357148e+01 2.0308880e+01 2.0209376e+01 2.0203275e+01 1.9926982e+01 1.9235954e+01 1.9042856e+01 1.9220845e+01 1.9060247e+01 1.8803500e+01 1.8694949e+01 1.8643148e+01 1.8473508e+01 1.7896171e+01 1.8861004e+01 1.8959524e+01 1.8327457e+01 1.8380240e+01 1.8004179e+01 1.7749193e+01 1.7216827e+01 1.5910499e+01 1.6267800e+01 1.6599375e+01 1.6436793e+01 1.6016492e+01 1.5757452e+01 1.5395796e+01 1.5159063e+01 1.5161717e+01 1.5096555e+01 1.4002725e+01 1.3842330e+01 1.3333065e+01 1.2877019e+01 1.2235736e+01 1.1780886e+01 1.1566874e+01 1.0809458e+01 1.0996663e+01 1.0804449e+01 1.0061302e+01 1.0222504e+01 1.0325662e+01 1.0524289e+01 1.1349227e+01 1.1746059e+01 1.1296173e+01 1.0980785e+01 1.0464769e+01
2.0408670e+01 2.0311292e+01 2.0296629e+01 2.0112417e+01 2.0118830e+01 1.9926807e+01 1.9726534e+01 1.9521005e+01 1.9365407e+01 1.9157080e+01 1.9065157e+01 1.9025222e+01 1.9088871e+01 1.9139174e+01 1.9111971e+01 1.9126066e+01 1.8799774e+01 1.8621794e+01 1.7999705e+01 1.7874212e+01 1.7094719e+01 1.7700171e+01 1.7823474e+01 1.7664077e+01 1.7221416e+01 1.6888021e+01 1.6672183e+01 1.6142108e+01 1.5636968e+01 1.5326135e+01 1.5215635e+01 1.5195229e+01 1.4561473e+01 1.3397121e+01 1.3039248e+01 1.2853370e+01 1.1832552e+01 1.0980506e+01 1.0433972e+01 1.1020272e+01 1.0845023e+01 1.0208980e+01 1.0136273e+01 1.0509798e+01 1.1214631e+01 1.2261353e+01 1.2166981e+01 1.0891172e+01 9.9975811e+00 1.0155412e+01
2.0554384e+01 2.0454254e+01 2.0397357e+01 2.0380656e+01 2.0213403e+01 2.0032631e+01 1.9895467e+01 1.9765192e+01 1.9651936e+01 1.9569353e+01 1.9493106e+01 1.9486773e+01 1.9466549e+01 1.9415658e+01 1.9309007e+01 1.9289926e+01 1.9078366e+01 1.8769028e+01 1.8665472e+01 1.8684518e+01 1.8778295e+01 1.8674015e+01 1.8377881e+01 1.8075303e+01 1.7870136e+01 1.7577097e+01 1.6484642e+01 1.5045781e+01 1.6364925e+01 1.5824051e+01 1.5422272e+01 1.5260326e+01 1.4419115e+01 1.4358071e+01 1.4186199e+01 1.3157658e+01 1.1945006e+01 1.0592829e+01 9.5853600e+00 9.6842328e+00 9.9726002e+00 9.3465158e+00 9.1661423e+00 1.0464336e+01 1.2131761e+01 1.2608406e+01 1.2697177e+01 1.2505680e+01 1.1957500e+01 1.2701864e+01
2.0655644e+01 2.0577794e+01 2.0509203e+01 2.0447229e+01 2.0343072e+01 2.0221639e+01 2.0136472e+01 2.0080988e+01 2.0061475e+01 2.0005685e+01 1.9870296e+01 1.9820423e+01 1.8388988e+01 1.7000797e+01 1.9858136e+01 1.9407407e+01 1.9195781e+01 1.9136492e+01 1.9079661e+01 1.9051131e+01 1.9154234e+01 1.9038355e+01 1.8786730e+01 1.8523457e+01 1.8321451e+01 1.8097149e+01 1.7693723e+01 1.7333897e+01 1.7329627e+01 1.5904774e+01 1.6016364e+01 1.4768817e+01 1.4932884e+01 1.4425732e+01 1.4482915e+01 1.1128648e+01 1.1448908e+01 1.0277645e+01 6.7390422e+00 1.0411769e+01 1.0560993e+01 1.0271809e+01 9.3174145e+00 1.1586891e+01 1.2938509e+01 1.3201630e+01 1.2332560e+01 1.3284870e+01 1.3350696e+01 1.3358548e+01
2.0788547e+01 2.0715801e+01 2.0656615e+01 2.0569182e+01 2.0514040e+01 2.0443914e+01 2.0375498e+01 2.0313637e+01 1.9826429e+01 1.4482913e+01 2.0042762e+01 2.0118506e+01 2.0153978e+01 1.9967243e+01 2.0010838e+01 1.9778903e+01 1.9590788e+01 1.9505853e+01 1.9495128e+01 1.9585055e+01 1.9697200e+01 1.9634488e+01 1.9433431e+01 1.8888008e+01 1.8887023e+01 1.8319832e+01 1.8608834e+01 1.8616558e+01 1.8487242e+01 1.7309277e+01 1.6837640e+01 1.4575920e+01 1.5320368e+01 1.6222382e+01 1.4697555e+01 1.0056675e+01 9.3936614e+00 1.0828626e+01 1.1614264e+01 1.0693126e+01 1.1020273e+01 1.1486802e+01 1.2218655e+01 1.3143023e+01 1.3081010e+01 1.3908706e+01 1.3428493e+01 1.3768220e+01 1.3782660e+01 1.3976629e+01
2.0914571e+01 2.0868976e+01 2.0817782e+01 2.0739632e+01 2.0680245e+01 2.0632537e+01 2.0590377e+01 2.0520580e+01 2.0356552e+01 1.8028146e+01 2.0306590e+01 2.0435534e+01 2.0299704e+01 2.0180405e+01 2.0046871e+01 1.9937164e+01 1.9853093e+01 1.9785438e+01 1.9736627e+01 1.9941711e+01 1.9036613e+01 1.9811704e+01 1.9623278e+01 1.9406360e+01 1.8973719e+01 1.9004720e+01 1.8200129e+01 1.8998431e+01 1.8943034e+01 1.8789344e+01 1.7652181e+01 1.7516799e+01 1.7313310e+01 1.6843086e+01 1.6052081e+01 1.2117527e+01 1.1761170e+01 1.0916381e+01 1.1172162e+01 1.1792806e+01 1.2098992e+01 1.2311121e+01 1.2928674e+01 1.3639411e+01 1.3641323e+01 1.4160409e+01 1.4370183e+01 1.4127317e+01 1.4366244e+01 1.4581502e+01
2.1079811e+01 2.1011881e+01 2.0964885e+01 2.0884772e+01 2.0825651e+01 2.0777562e+01 2.0746728e+01 2.0732818e+01 2.0732818e+01 2.0743937e+01 2.0655991e+01 2.0527430e+01 2.0425943e+01 2.0316203e+01 2.0196931e+01 2.0097725e+01 2.0048281e+01 1.9849630e+01 1.9845574e+01 2.0073803e+01 1.9891013e+01 2.0325662e+01 2.0007263e+01 2.0089099e+01 1.9413836e+01 1.9217127e+01 1.6612474e+01 1.8368222e+01 1.9156607e+01 1.8751278e+01 1.8026623e+01 1.6872034e+01 1.7742082e+01 1.6747616e+01 1.6417804e+01 1.5899828e+01 1.6054005e+01 1.4228139e+01 1.2589465e+01 1.2972325e+01 1.2544536e+01 1.2678075e+01 1.3857244e+01 1.4001444e+01 1.4209139e+01 1.4963604e+01 1.5020666e+01 1.4933427e+01 1.4875495e+01 1.4957738e+01
2.1316593e+01 2.1248181e+01 2.1164082e+01 2.1081762e+01 2.0975173e+01 2.0939747e+01 2.0862214e+01 2.0874230e+01 2.0834008e+01 2.0787953e+01 2.0732383e+01 2.0650218e+01 2.0545661e+01 2.0462118e+01 2.0374454e+01 2.0274545e+01 2.0213065e+01 2.0151400e+01 2.0110846e+01 2.0092339e+01 2.0146932e+01 2.0144057e+01 2.0046762e+01 1.9962477e+01 1.9806028e+01 1.9843207e+01 1.8864146e+01 1.9257883e+01 1.9759658e+01 1.9328604e+01 1.8827717e+01 1.8485918e+01 1.8461535e+01 1.7531300e+01 1.6154954e+01 1.6107968e+01 1.5751416e+01 1.5054253e+01 1.5083735e+01 1.4387829e+01 1.3536764e+01 1.4058534e+01 1.4712442e+01 1.4843810e+01 1.5027034e+01 1.5119296e+01 1.4498542e+01 1.5378416e+01 1.5296416e+01 1.5416148e+01
2.1468262e+01 2.1394522e+01 2.1332900e+01 2.1277498e+01 2.1231688e+01 2.1135244e+01 2.1063615e+01 2.1016657e+01 2.0953617e+01 2.0899574e+01 2.0827227e+01 2.0765851e+01 2.0713418e+01 2.0618640e+01 2.0530255e+01 2.0440426e+01 2.0361442e+01 2.0297893e+01 2.0247728e+01 2.0194129e+01 2.0165940e+01 2.0214213e+01 2.0351889e+01 1.9876824e+01 1.9881359e+01 1.9982601e+01 2.0120301e+01 2.0240639e+01 1.9990614e+01 1.9633387e+01 1.9320295e+01 1.8783595e+01 1.8776799e+01 1.8799698e+01 1.6548677e+01 1.6888879e+01 1.6915031e+01 1.5878636e+01 1.5642606e+01 1.5436157e+01 1.4465455e+01 1.3931482e+01 1.5637773e+01 1.5349189e+01 1.5423195e+01 1.6122856e+01 1.6305156e+01 1.5748109e+01 1.5645037e+01 1.5624091e+01
2.1631033e+01 2.1582376e+01 2.1522983e+01 2.1457969e+01 2.1378124e+01 2.1281556e+01 2.1232112e+01 2.1209433e+01 2.1169535e+01 2.1135835e+01 2.1028082e+01 2.0888823e+01 2.0825167e+01 2.0785218e+01 2.0704720e+01 2.0633238e+01 2.0555147e+01 2.0469412e+01 2.0378017e+01 2.0264134e+01 2.0309973e+01 2.0296046e+01 2.0328820e+01 2.0380430e+01 2.0206855e+01 1.9681787e+01 1.7999212e+01 1.7110827e+01 2.0046791e+01 1.9557398e+01 1.9804184e+01 1.9683508e+01 1.9472342e+01 1.7817411e+01 1.8457487e+01 1.7492339e+01 1.6314219e+01 1.5891382e+01 1.4079691e+01 1.3665113e+01 1.4800110e+01 1.4835270e+01 1.6394565e+01 1.5395289e+01 1.5044343e+01 1.6348685e+01 1.6409726e+01 1.6215055e+01 1.6026708e+01 1.5935625e+01
2.1832647e+01 2.1754549e+01 2.1699118e+01 2.1634669e+01 2.1581177e+01 2.1522757e+01 2.1435331e+01 2.1368454e+01 2.1322683e+01 2.1332991e+01 2.1300746e+01 2.1128040e+01 2.1017912e+01 2.0933269e+01 2.0884142e+01 2.0823811e+01 2.0760388e+01 2.0674024e+01 2.0551881e+01 2.0439214e+01 2.0487476e+01 2.0457850e+01 2.0442311e+01 2.0443205e+01 2.0393762e+01 2.0376296e+01 2.0448964e+01 1.9600368e+01 1.9828920e+01 2.0464199e+01 2.0070524e+01 1.9969645e+01 1.9559792e+01 1.8880921e+01 1.9264672e+01 1.7517261e+01 1.6118791e+01 1.6164343e+01 1.5704837e+01 1.4175815e+01 1.1319352e+01 1.0712937e+01 1.6084384e+01 1.6976612e+01 1.5825709e+01 1.6973229e+01 1.6634069e+01 1.6459715e+01 1.6357089e+01 1.6273961e+01
2.2021157e+01 2.1961845e+01 2.1910256e+01 2.1842713e+01 2.1755222e+01 2.1674986e+01 2.1593363e+01 2.1541602e+01 2.1512554e+01 2.1445577e+01 2.1365953e+01 2.1293037e+01 2.1227234e+01 2.1136597e+01 2.1049623e+01 2.0979219e+01 2.0913025e+01 2.0849127e+01 2.0779562e+01 2.0694900e+01 2.0646047e+01 2.0607121e+01 2.0592570e+01 2.0555432e+01 2.0450701e+01 2.0683214e+01 2.0821571e+01 2.0456614e+01 2.1026746e+01 2.0546601e+01 2.0299243e+01 2.0240499e+01 1.9831625e+01 1.8758146e+01 1.9001681e+01 1.7600719e+01 1.6334184e+01 1.6678130e+01 1.4889926e+01 1.3001379e+01 1.1943330e+01 9.9322959e+00 1.6064039e+01 1.8198290e+01 1.6956201e+01 1.7240380e+01 1.6943308e+01 1.6781192e+01 1.6709650e+01 1.6676894e+01
2.2166759e+01 2.2126936e+01 2.2082479e+01 2.2047887e+01 2.1978191e+01 2.1881027e+01 2.1797802e+01 2.1711358e+01 2.1660977e+01 2.1596385e+01 2.1541329e+01 2.1469545e+01 2.1393976e+01 2.1319169e+01 2.1250441e+01 2.1187078e+01 2.1131216e+01 2.1048126e+01 2.0978369e+01 2.0905638e+01 2.0835460e+01 2.0789784e+01 2.0763692e+01 2.0760692e+01 2.0799045e+01 2.0812728e+01 2.0598807e+01 2.0303014e+01 2.0728699e+01 2.0761170e+01 2.0434797e+01 2.0362804e+01 2.0069984e+01 2.0354684e+01 1.9733144e+01 1.9152117e+01 1.7982437e+01 1.5832482e+01 1.4531345e+01 1.1831949e+01 1.0013668e+01 1.2708925e+01 1.7903677e+01 1.8200625e+01 1.7689889e+01 1.7394658e+01 1.7234592e+01 1.7109062e+01 1.7024780e+01 1.6984823e+01
2.2388680e+01 2.2314852e+01 2.2262968e+01 2.2197660e+01 2.2148726e+01 2.2069621e+01 2.2006025e+01 2.1933436e+01 2.1859734e+01 2.1788652e+01 2.1723398e+01 2.1664724e+01 2.1581234e+01 2.1514770e+01 2.1431322e+01 2.1386411e+01 2.1326561e+01 2.1262316e+01 2.1195131e+01 2.1079719e+01 2.1002186e+01 2.0985722e+01 2.0965491e+01 2.0933586e+01 2.0924297e+01 2.0950932e+01 2.1074755e+01 2.1141284e+01 2.1208018e+01 2.1025020e+01 2.0669359e+01 2.0528816e+01 2.0338187e+01 2.0632611e+01 2.0642123e+01 1.9609936e+01 1.8465031e+01 1.7999072e+01 1.7163943e+01 1.4186212e+01 1.5125884e+01 1.6195145e+01 1.8645220e+01 1.8231453e+01 1.7903692e+01 1.7693241e+01 1.7579128e+01 1.7430741e+01 1.7317095e+01 1.7196568e+01
2.2626560e+01 2.2516493e+01 2.2474217e+01 2.2390106e+01 2.2330139e+01 2.2250636e+01 2.2173314e+01 2.2108451e+01 2.2037838e+01 2.1972220e+01 2.1915149e+01 2.1879889e+01 2.1803562e+01 2.1716554e+01 2.1616756e+01 2.1559693e+01 2.1499918e+01 2.1446607e+01 2.1353906e+01 2.1262561e+01 2.1214632e+01 2.1186317e+01 2.1158042e+01 2.1103534e+01 2.1074451e+01 2.1085814e+01 2.1122412e+01 2.1162415e+01 2.1213892e+01 2.1194201e+01 2.0406846e+01 2.0767439e+01 2.0746945e+01 2.0723463e+01 2.0658707e+01 2.0202585e+01 1.9296475e+01 1.8312117e+01 1.8891420e+01 1.9386860e+01 1.7970687e+01 1.8737979e+01 1.8837784e+01 1.8519022e+01 1.8249444e+01 1.8032383e+01 1.7871309e+01 1.7721112e+01 1.7600310e+01 1.7465225e+01
2.2843048e+01 2.2717488e+01 2.2668010e+01 2.2591525e+01 2.2555543e+01 2.2507980e+01 2.2391774e+01 2.2301368e+01 2.2205439e+01 2.2136203e+01 2.2072726e+01 2.2048026e+01 2.2005706e+01 2.1923492e+01 2.1830158e+01 2.1748691e+01 2.1676353e+01 2.1586629e+01 2.1509804e+01 2.1470643e+01 2.1425271e+01 2.1369622e+01 2.1318546e+01 2.1282568e+01 2.1243830e+01 2.1214195e+01 2.1187690e+01 2.1173264e+01 2.1180801e+01 2.1148152e+01 2.1035583e+01 2.0929576e+01 2.0846330e+01 2.0799046e+01 2.0751365e+01 2.0642917e+01 2.0790583e+01 2.0540694e+01 2.0419094e+01 2.0030720e+01 1.9895310e+01 1.9562865e+01 1.9189656e+01 1.8871065e+01 1.8617883e+01 1.8404675e+01 1.8212254e+01 1.8046374e+01 1.7913552e+01 1.7780820e+01
2.3050126e+01 2.2948333e+01 2.2830278e+01 2.2806158e+01 2.2733002e+01 2.2726608e+01 2.2659925e+01 2.2508360e+01 2.2418829e+01 2.2312529e+01 2.2240460e+01 2.2183419e+01 2.2152557e+01 2.2096855e+01 2.2031114e+01 2.1946313e+01 2.1872896e+01 2.1789646e+01 2.1733810e+01 2.1661368e+01 2.1602122e+01 2.1546445e+01 2.1481141e+01 2.1439305e+01 2.1395204e+01 2.1356420e+01 2.1301125e+01 2.1272320e+01 2.1227029e+01 2.1166519e+01 2.1072911e+01 2.1009922e+01 2.0968717e+01 2.0933403e+01 2.0883963e+01 2.0849824e+01 2.0860685e+01 2.0721363e+01 2.0579632e+01 2.0356668e+01 2.0059604e+01 1.9712942e+01 1.9449558e+01 1.9211772e+01 1.8981987e+01 1.8760742e+01 1.8550051e+01 1.8373268e+01 1.8218762e+01 1.8091506e+01
2.3229723e+01 2.3170397e+01 2.3031905e+01 2.2978591e+01 2.2924077e+01 2.2876528e+01 2.2877852e+01 2.2745954e+01 2.2607871e+01 2.2518335e+01 2.2416156e+01 2.2374829e+01 2.2318450e+01 2.2247370e+01 2.2183098e+01 2.2121982e+01 2.2036398e+01 2.1987869e+01 2.1936027e+01 2.1875367e+01 2.1800460e+01 2.1729282e+01 2.1652351e+01 2.1582691e+01 2.1532394e+01 2.1484928e+01 2.1442040e+01 2.1391840e+01 2.1323420e+01 2.1249210e+01 2.1164624e+01 2.1090885e+01 2.1050246e+01 2.1060260e+01 2.0936560e+01 2.0941550e+01 2.0806794e+01 2.0740370e+01 2.0550416e+01 2.0324453e+01 2.0302904e+01 1.9926781e+01 1.9654592e+01 1.9442525e+01 1.9241709e+01 1.9052789e+01 1.8865858e+01 1.8670810e+01 1.8520059e+01 1.8383934e+01
2.3388743e+01 2.3374527e+01 2.3254781e+01 2.3152716e+01 2.3135992e+01 2.3051644e+01 2.3032574e+01 2.2981734e+01 2.2835362e+01 2.2740390e+01 2.2669180e+01 2.2590856e+01 2.2491813e+01 2.2441546e+01 2.2364540e+01 2.2257217e+01 2.2200264e+01 2.2138657e+01 2.2080617e+01 2.2024606e+01 2.1971547e+01 2.1904597e+01 2.1842446e+01 2.1765376e+01 2.1692676e+01 2.1630338e+01 2.1580533e+01 2.1518157e+01 2.1443767e+01 2.1369733e+01 2.1301318e+01 2.1213967e+01 2.1153289e+01 2.1157530e+01 2.1165103e+01 2.0523941e+01 2.0991963e+01 2.0812501e+01 2.0614141e+01 2.0501079e+01 2.0346189e+01 2.0111173e+01 1.9855746e+01 1.9655794e+01 1.9454282e+01 1.9265632e+01 1.9084426e+01 1.8933447e+01 1.8805004e+01 1.8700438e+01
2.3554946e+01 2.3553390e+01 2.3502716e+01 2.3361164e+01 2.3292232e+01 2.3250102e+01 2.3187450e+01 2.3187785e+01 2.3086075e+01 2.2951873e+01 2.2882304e+01 2.2813070e+01 2.2730315e+01 2.2598152e+01 2.2500540e+01 2.2433129e+01 2.2352055e+01 2.2300552e+01 2.2220289e+01 2.2155360e+01 2.2104558e+01 2.2038805e+01 2.1993846e+01 2.1949191e+01 2.1873325e+01 2.1803310e+01 2.1736368e+01 2.1663376e+01 2.1584801e+01 2.1487798e+01 2.1421676e+01 2.1343677e+01 2.1282292e+01 2.1240576e+01 2.1247743e+01 2.1314582e+01 2.1305677e+01 2.1024009e+01 2.0782803e+01 2.0621236e+01 2.0491569e+01 2.0242802e+01 2.0030634e+01 1.9859235e+01 1.9678809e+01 1.9484410e+01 1.9296131e+01 1.9137711e+01 1.8993327e+01 1.8745396e+01
2.3738209e+01 2.3722610e+01 2.3703318e+01 2.3607590e+01 2.3479847e+01 2.3453170e+01 2.3362433e+01 2.3358482e+01 2.3322085e+01 2.3170597e+01 2.3074404e+01 2.3000021e+01 2.2965335e+01 2.2820597e+01 2.2697088e+01 2.2619948e+01 2.2541227e+01 2.2464952e+01 2.2382115e+01 2.2285580e+01 2.2251111e+01 2.2174453e+01 2.2116951e+01 2.2061056e+01 2.2015322e+01 2.1954497e+01 2.1904192e+01 2.1834327e+01 2.1753846e+01 2.1656076e+01 2.1560515e+01 2.1489751e+01 2.1418274e+01 2.1377597e+01 2.1356474e+01 2.1309813e+01 2.1366114e+01 2.1178717e+01 2.1043493e+01 2.0621976e+01 2.0637735e+01 2.0411303e+01 2.0216790e+01 2.0028494e+01 1.9846642e+01 1.9666594e+01 1.9476120e+01 1.9326071e+01 1.9165965e+01 1.8988426e+01
