presentation/data/depth_0029.asc
ncols     164
nrows     146
xllcorner -1.242151388888889e+02
yllcorner  4.172986111111111e+01
cellsize  2.777777777820000e-04
nodata_value       -9999
[rows 88 to 109 of 146, columns 100 to 149 of 164]
7.4010894e+00 6.4157700e+00 5.4191687e+00 5.8423328e+00 5.5569305e+00 4.8246697e+00 4.5655254e+00 4.4836476e+00 4.7603903e+00 6.2102579e+00 6.5174671e+00 5.4598555e+00 4.0484778e+00 3.6203015e+00 7.2334671e-01 9.3349737e-01 4.1617756e+00 5.1950933e+00 2.7981232e+00 5.9173458e-01 1.4055919e-01 2.9614473e-01 5.2533293e-01 8.1444026e-01 1.2300720e+00 1.6303940e+00 1.6219111e+00 1.6018299e+00 1.5325029e+00 1.2718470e+00 1.3177017e+00 1.3686372e+00 2.4802356e+00 3.3416431e+00 3.4620965e+00 3.1571166e+00 2.8141587e+00 1.3354261e+00 7.3101263e-01 3.9489297e-01 7.3819435e-01 1.0374770e+00 1.2588550e+00 1.1424290e+00 1.2654853e+00 9.3197848e-01 7.7654781e-01 1.3833086e+00 1.2570122e+00 1.2895550e+00
7.5272706e+00 7.2376389e+00 6.1636181e+00 5.8569170e+00 5.6899783e+00 5.4684653e+00 5.4001189e+00 6.1580354e+00 5.8973192e+00 5.8985724e+00 5.2716273e+00 5.3567219e+00 5.8906137e+00 6.2130378e+00 5.3814081e+00 4.7601759e+00 4.8782917e+00 5.4096413e+00 5.7472376e+00 4.3496703e+00 2.6688476e+00 3.8453601e-01 4.7369570e-01 6.2105392e-01 8.4043818e-01 1.3192308e+00 1.5643026e+00 1.7024311e+00 1.8671928e+00 1.9436286e+00 2.0324273e+00 2.9325077e+00 3.9792431e+00 4.0192111e+00 4.0471786e+00 3.9452384e+00 3.5862678e+00 2.9897933e+00 1.1292483e+00 1.0328016e-01 7.0227771e-01 9.7085016e-01 9.9647701e-01 8.3137132e-01 7.4132106e-01 7.8316021e-01 8.7953612e-01 8.3582953e-01 7.7446376e-01 7.9102561e-01
7.0085165e+00 7.0123484e+00 6.7836733e+00 6.6071380e+00 6.5427254e+00 6.9120542e+00 7.2155230e+00 6.9125330e+00 4.9398643e+00 4.4525718e+00 4.1877968e+00 4.5110854e+00 6.9187899e+00 7.3606763e+00 6.9100791e+00 6.7156892e+00 6.1296832e+00 5.8348396e+00 5.8473103e+00 5.7214454e+00 5.7311543e+00 5.2012806e+00 2.8283261e+00 3.5960009e-01 5.2745335e-01 1.2859872e+00 1.6854650e+00 1.7956421e+00 1.8450687e+00 2.0397082e+00 2.8931531e+00 4.1426094e+00 4.2012844e+00 4.2502463e+00 4.2106439e+00 4.0923516e+00 3.9402904e+00 3.7187502e+00 2.8933721e+00 1.9457140e+00 1.7816496e+00 1.7509077e+00 1.8547848e+00 1.1079181e+00 4.3120074e-01 6.2464915e-01 8.3763339e-01 6.9159987e-01 7.6370262e-01 7.4908617e-01
7.4890476e+00 7.6223609e+00 7.4879970e+00 7.4037409e+00 7.6204826e+00 7.2566633e+00 7.2634393e+00 7.6856383e+00 5.6807758e+00 4.8199468e+00 5.3220957e+00 4.3273848e+00 3.9955427e+00 6.3041227e+00 7.5118381e+00 7.1761641e+00 6.7194279e+00 6.6260060e+00 6.3745869e+00 6.0278778e+00 6.1136299e+00 5.8735827e+00 5.3924564e+00 4.9534519e+00 2.2715670e+00 1.2529877e+00 1.5593418e+00 1.7828047e+00 1.8852855e+00 2.8256282e+00 4.1509463e+00 4.2482653e+00 4.2734612e+00 4.3112224e+00 4.1926925e+00 4.0984470e+00 4.0210196e+00 3.9739973e+00 3.8621384e+00 3.7276316e+00 3.5155745e+00 3.3058390e+00 2.9731910e+00 2.6207298e+00 2.2963858e+00 1.9011376e+00 1.5140669e+00 5.9148839e-01 8.5364687e-01 9.3566784e-01
7.5393899e+00 7.6044095e+00 7.6627655e+00 7.8999651e+00 7.6622849e+00 7.2412864e+00 7.0410651e+00 7.0920079e+00 7.1775664e+00 6.2016416e+00 5.3318713e+00 6.0303015e+00 5.2314405e+00 6.7916006e+00 7.4900733e+00 7.3015795e+00 6.9903783e+00 6.9754230e+00 6.1544166e+00 5.9521595e+00 6.0153901e+00 5.4238538e+00 5.3031647e+00 5.3633411e+00 2.1507034e+00 1.3239132e+00 1.5851299e+00 1.8016001e+00 2.7561035e+00 3.9615777e+00 4.1117122e+00 4.1786773e+00 4.2185931e+00 4.2957294e+00 4.3302339e+00 4.1706137e+00 4.0325280e+00 3.9342903e+00 3.8858018e+00 3.8573777e+00 3.8492610e+00 3.7784418e+00 3.7352124e+00 3.6710785e+00 3.5975112e+00 3.5679702e+00 3.3851612e+00 3.1243728e+00 2.6944517e+00 1.8463083e+00
7.0845294e+00 7.1567769e+00 7.3374145e+00 7.6304596e+00 7.7661615e+00 7.1333664e+00 6.7222026e+00 7.0903672e+00 7.5160686e+00 8.0301018e+00 7.2889809e+00 7.6142435e+00 8.3305023e+00 8.3352736e+00 8.0822580e+00 7.6121203e+00 6.9590440e+00 6.5000150e+00 6.3020221e+00 6.0667940e+00 5.9472104e+00 4.4359475e+00 2.0114271e+00 1.2020702e+00 7.8398187e-01 1.4843729e+00 1.9311840e+00 2.8519269e+00 3.9452568e+00 4.0410411e+00 4.0804437e+00 4.0362369e+00 4.0021013e+00 3.9804942e+00 3.9639722e+00 4.0086839e+00 4.0777191e+00 4.0799206e+00 4.1229895e+00 4.1194580e+00 4.0699540e+00 3.9924279e+00 3.9415826e+00 3.8829206e+00 3.8108772e+00 3.7204766e+00 3.6820554e+00 3.6723538e+00 3.6749424e+00 3.6231081e+00
6.5673419e+00 6.8234501e+00 7.0906039e+00 7.4100659e+00 7.7887860e+00 8.0293141e+00 2.2866428e+00 4.4418891e+00 6.5009711e+00 8.5796694e+00 8.5536256e+00 8.3248547e+00 8.4228142e+00 8.5661148e+00 8.3270944e+00 8.0245236e+00 7.2893858e+00 6.7145104e+00 6.5274044e+00 6.2942082e+00 5.6862355e+00 5.0171578e+00 2.1133504e+00 9.4246571e-01 1.4158161e+00 1.7963992e+00 3.0596539e+00 5.9386410e+00 6.1087386e+00 5.4651466e+00 5.3810473e+00 5.0345507e+00 4.8777009e+00 4.8882279e+00 4.7333347e+00 4.6547346e+00 4.4497612e+00 4.4029944e+00 4.3533633e+00 4.3281893e+00 4.2185175e+00 4.1988789e+00 4.2093722e+00 4.2586309e+00 4.3354938e+00 4.2699293e+00 4.1160146e+00 4.0065227e+00 3.8832807e+00 3.7378204e+00
6.2579904e+00 6.5567432e+00 6.9083944e+00 7.2251925e+00 7.6216569e+00 8.1467734e+00 8.0004642e+00 7.0840368e+00 6.4909303e+00 7.9437341e+00 8.9248698e+00 9.0731052e+00 8.8927267e+00 8.6546471e+00 8.4417610e+00 8.2326398e+00 7.9951294e+00 7.6347215e+00 7.1053060e+00 6.4422168e+00 6.1344757e+00 3.2114047e+00 6.4282693e-01 1.2193635e+00 1.7951145e+00 2.8816802e+00 5.7527023e+00 8.0795772e+00 7.8290820e+00 7.4836735e+00 7.4822704e+00 7.4091841e+00 7.3305568e+00 7.3930765e+00 7.3267762e+00 7.2459888e+00 7.0321509e+00 7.0653318e+00 7.0630971e+00 6.6975452e+00 5.8969981e+00 5.4992793e+00 5.4597437e+00 5.5516098e+00 5.4037344e+00 5.3887950e+00 5.4333155e+00 5.5386788e+00 5.3149792e+00 4.9227928e+00
4.2517367e+00 4.7047714e+00 5.9342462e+00 7.0299079e+00 7.4039121e+00 7.9187761e+00 8.1682392e+00 7.9980320e+00 7.1569248e+00 6.6160154e+00 8.0561154e+00 8.8606155e+00 9.1842267e+00 8.8281434e+00 8.6445207e+00 8.5655631e+00 8.2723420e+00 7.9108367e+00 7.5617866e+00 6.6119001e+00 4.2156317e+00 6.3341006e-01 1.3926091e+00 1.8238299e+00 3.0310255e+00 6.4986234e+00 7.8264356e+00 8.0049957e+00 7.9539964e+00 7.8846611e+00 8.0142094e+00 8.0325804e+00 7.8951598e+00 7.8527844e+00 7.9600693e+00 7.9479117e+00 7.9759023e+00 7.9609862e+00 8.0237853e+00 7.9174718e+00 7.7155787e+00 7.5563138e+00 7.5761431e+00 7.5835955e+00 7.5457224e+00 7.5401573e+00 7.5568838e+00 7.5509156e+00 7.4720711e+00 7.3070253e+00
1.8718899e+00 9.4031257e-01 1.5604182e+00 5.7196367e+00 7.1500005e+00 7.8683848e+00 8.2007657e+00 8.3123981e+00 8.1898785e+00 7.1883832e+00 7.3137901e+00 8.2501148e+00 8.6551463e+00 8.6545056e+00 8.6356810e+00 8.5911552e+00 8.1359375e+00 7.4483274e+00 7.1159532e+00 5.4594754e+00 9.2127134e-01 1.3041560e+00 1.8269897e+00 2.7337055e+00 6.4652872e+00 8.3412223e+00 8.3993593e+00 8.4493620e+00 8.3530773e+00 8.2511400e+00 8.2678208e+00 8.2456875e+00 8.0952195e+00 8.0435190e+00 8.1215424e+00 8.1673907e+00 8.1873714e+00 8.1893851e+00 8.2857255e+00 8.2538393e+00 8.1999521e+00 8.1206345e+00 8.0671754e+00 8.0098088e+00 7.9807163e+00 7.9736985e+00 7.9760998e+00 7.9630365e+00 7.9363833e+00 7.8558457e+00
7.3729611e+00 6.4297411e+00 2.2537622e+00 2.0070525e+00 5.1115303e+00 7.6227153e+00 8.4491835e+00 8.5274824e+00 8.5266477e+00 8.0781940e+00 7.2773023e+00 7.4126127e+00 8.5547368e+00 8.6603508e+00 8.4822371e+00 8.3249241e+00 7.9331187e+00 7.2570258e+00 5.9141068e+00 1.2398728e+00 1.0749472e+00 1.6025401e+00 2.5986758e+00 6.1605914e+00 8.0001621e+00 8.2534493e+00 8.6514974e+00 8.8551691e+00 8.7495310e+00 8.7306849e+00 8.6800790e+00 8.4767839e+00 8.2803097e+00 8.2666693e+00 8.4316637e+00 8.4991004e+00 8.4894540e+00 8.5467382e+00 8.7364454e+00 8.5902767e+00 8.4386019e+00 8.2872048e+00 8.1717826e+00 8.0519962e+00 7.9989981e+00 8.0125046e+00 8.0451622e+00 8.0372386e+00 8.0141928e+00 7.9475428e+00
8.3222248e+00 8.1827701e+00 7.2897725e+00 2.7444566e+00 2.1489531e+00 6.6408591e+00 8.4601742e+00 8.5362981e+00 8.2009703e+00 7.7274032e+00 7.2843040e+00 7.6580798e+00 9.5097110e+00 9.0274033e+00 8.3920730e+00 8.1666880e+00 7.7943294e+00 5.8783383e+00 1.3975456e+00 1.1748722e+00 1.7290853e+00 2.5381813e+00 5.9329627e+00 8.1746451e+00 8.1153838e+00 8.1435490e+00 8.5690986e+00 8.7315715e+00 8.9256854e+00 9.1369154e+00 9.0988096e+00 8.8595163e+00 8.5730678e+00 8.5280368e+00 8.7580897e+00 8.8852497e+00 8.9555093e+00 8.9553559e+00 9.0349558e+00 8.8703370e+00 8.6551970e+00 8.5151279e+00 8.3406825e+00 8.1599434e+00 8.0623603e+00 8.0881803e+00 8.1587196e+00 8.2036983e+00 8.1942065e+00 8.1350929e+00
8.7814919e+00 8.5554192e+00 8.1493441e+00 6.9782396e+00 2.2393507e+00 2.2899697e+00 7.6155703e+00 8.4636882e+00 7.9156530e+00 7.6477045e+00 7.3638906e+00 8.2472058e+00 9.2624666e+00 8.8717546e+00 8.3066107e+00 8.1032836e+00 6.9198288e+00 1.4918346e+00 1.2332097e+00 1.7743921e+00 2.3165055e+00 5.6024439e+00 7.9301965e+00 8.2741535e+00 8.2273835e+00 8.2703047e+00 8.4625581e+00 8.7013431e+00 9.2928333e+00 9.3666554e+00 9.2685687e+00 9.0957034e+00 8.8893552e+00 8.8097154e+00 8.9189971e+00 9.0900004e+00 9.2909353e+00 9.1823973e+00 9.0751579e+00 8.9953597e+00 8.8573369e+00 8.7351527e+00 8.4940572e+00 8.3623002e+00 8.1877404e+00 8.1521101e+00 8.2858658e+00 8.3565966e+00 8.3537135e+00 8.2876074e+00
8.9793762e+00 8.8435504e+00 8.5739139e+00 8.1398159e+00 6.8230205e+00 1.6221551e+00 2.3768079e+00 5.8977698e+00 8.3675126e+00 7.6316639e+00 7.1488174e+00 7.4932700e+00 8.5690510e+00 8.4763716e+00 7.7525861e+00 7.3856044e+00 2.3356347e+00 9.1792620e-01 1.7596101e+00 2.2427855e+00 4.8591781e+00 7.7356513e+00 8.2826034e+00 8.2537973e+00 8.2011326e+00 8.2626726e+00 8.6564992e+00 9.0501934e+00 9.2216931e+00 9.3823403e+00 9.4531273e+00 9.2268359e+00 9.2597550e+00 9.1612560e+00 9.1274852e+00 9.1784682e+00 9.2802888e+00 9.2699438e+00 9.2253237e+00 9.3852569e+00 9.2038152e+00 9.0049321e+00 8.8033577e+00 8.5989410e+00 8.4370512e+00 8.4509633e+00 8.5517828e+00 8.5704206e+00 8.6052689e+00 8.5276722e+00
9.1024058e+00 9.0413757e+00 8.8998315e+00 8.5975268e+00 8.0245213e+00 5.6117826e+00 9.6220545e-01 1.3430670e+00 4.8968344e+00 5.7597100e+00 6.8752478e+00 6.7544004e+00 6.7699463e+00 7.5605741e+00 6.1184304e+00 2.6378083e+00 1.5885467e+00 1.9736477e+00 2.2330950e+00 4.5987068e+00 7.2386148e+00 7.8088879e+00 8.1769019e+00 8.4943268e+00 8.5654028e+00 8.7361217e+00 9.1312419e+00 9.3280258e+00 9.2498829e+00 9.5924249e+00 9.6616623e+00 9.3867067e+00 9.3082946e+00 9.4271628e+00 9.5783011e+00 9.6857031e+00 9.5791145e+00 9.4052433e+00 9.5653406e+00 1.0135832e+01 9.7406766e+00 9.4520369e+00 9.0518413e+00 8.9487457e+00 8.9620982e+00 9.0263595e+00 9.0205352e+00 8.9405408e+00 8.8922828e+00 8.8275313e+00
9.2676300e+00 9.1878831e+00 9.0723672e+00 8.8773159e+00 8.5089941e+00 7.9122603e+00 5.3989131e+00 6.9353180e-01 4.5028580e-01 7.4937147e-01 2.0122200e+00 4.4148360e+00 6.9530287e+00 7.1460512e+00 4.0918626e+00 2.3559215e+00 2.1375058e+00 2.3096714e+00 4.4373599e+00 7.1133964e+00 7.5635504e+00 7.8308925e+00 8.3664185e+00 8.7353190e+00 9.0202399e+00 9.1420323e+00 9.4131980e+00 9.4763039e+00 9.6554982e+00 1.0002764e+01 1.0188408e+01 9.7960650e+00 9.4218168e+00 9.9151667e+00 1.0136197e+01 1.0251507e+01 1.0034164e+01 9.8761084e+00 9.9562455e+00 1.0075927e+01 9.9269119e+00 9.7276422e+00 9.4911872e+00 9.4230535e+00 9.5050905e+00 9.5723210e+00 9.4363084e+00 9.2613111e+00 9.1467534e+00 9.0576204e+00
9.3706075e+00 9.3202033e+00 9.2193617e+00 9.0771463e+00 8.8844050e+00 8.5533221e+00 7.6795943e+00 4.1259382e+00 8.0969392e-04 3.4151187e-01 7.5747658e-01 1.1512810e+00 5.8669609e+00 2.5673709e+00 1.9590320e+00 1.9061343e+00 2.0869737e+00 3.7668643e+00 6.9904231e+00 7.7396784e+00 8.0125285e+00 8.4350032e+00 8.9310597e+00 9.1983615e+00 9.2541249e+00 9.3865945e+00 9.5638461e+00 9.5936511e+00 9.7749909e+00 1.0367890e+01 1.0295797e+01 1.0017165e+01 9.9474491e+00 1.0257181e+01 1.0346341e+01 1.0224015e+01 1.0157801e+01 1.0272322e+01 1.0451955e+01 1.0344087e+01 1.0186824e+01 1.0083015e+01 1.0003919e+01 9.9097739e+00 9.9108345e+00 9.8827932e+00 9.7246426e+00 9.5551208e+00 9.3677591e+00 9.2423475e+00
9.5508736e+00 9.4109632e+00 9.3626923e+00 9.2263498e+00 9.0573148e+00 8.6141992e+00 7.8212834e+00 5.1580275e+00 2.9134577e+00 2.2309143e-01 6.6683147e-01 1.6602801e+00 1.2220008e+00 1.0048811e+00 1.3422290e+00 2.0660252e+00 3.9504876e+00 6.6747718e+00 7.2782247e+00 7.8876921e+00 8.5442471e+00 8.9787289e+00 9.2858616e+00 9.2975460e+00 9.3002347e+00 9.6499191e+00 9.9006017e+00 9.8027114e+00 9.6346435e+00 1.0213872e+01 1.0342370e+01 1.0291154e+01 1.0446003e+01 1.0425915e+01 9.9607470e+00 9.5123928e+00 9.8262346e+00 1.0205805e+01 1.0510611e+01 1.0488109e+01 1.0425129e+01 1.0380124e+01 1.0429385e+01 1.0349943e+01 1.0276855e+01 1.0194239e+01 1.0066843e+01 9.8654726e+00 9.7359194e+00 9.5235381e+00
9.6661096e+00 9.6222059e+00 9.4609595e+00 9.3701988e+00 9.1933339e+00 9.0425472e+00 8.1252230e+00 5.9942421e+00 4.4253829e+00 7.1929975e-01 5.5271020e-01 8.6065325e-01 9.1544727e-01 1.2475996e+00 1.7709098e+00 4.1355690e+00 6.8591572e+00 7.2447136e+00 7.2112588e+00 7.6799368e+00 8.4236700e+00 9.1027976e+00 9.4841528e+00 9.5888373e+00 9.5881465e+00 9.8534781e+00 1.0366923e+01 1.0207420e+01 1.0191271e+01 1.0565708e+01 1.0687628e+01 1.0704902e+01 1.0715768e+01 1.0503961e+01 9.6484999e+00 8.7836790e+00 9.3266396e+00 9.9820932e+00 1.0469491e+01 1.0657078e+01 1.0647091e+01 1.0518318e+01 1.0635558e+01 1.0654359e+01 1.0614263e+01 1.0549819e+01 1.0462735e+01 1.0318609e+01 1.0128996e+01 9.8967912e+00
9.7547102e+00 9.7515909e+00 9.6959860e+00 9.4414306e+00 9.2998021e+00 9.2738780e+00 6.9637781e+00 4.5839403e+00 1.4330211e+00 1.3216677e-01 6.3998065e-01 7.1868129e-01 9.5474303e-01 1.2287193e+00 2.8882889e+00 5.9483022e+00 7.0232472e+00 6.7766661e+00 5.8804728e+00 4.1651278e+00 4.3335596e+00 8.2327547e+00 9.5472949e+00 9.9269360e+00 1.0005608e+01 9.8599288e+00 1.0172283e+01 1.0314925e+01 1.0604273e+01 1.0942491e+01 1.0847728e+01 1.0677865e+01 1.0711992e+01 1.0703853e+01 1.0026868e+01 9.3046988e+00 9.5080441e+00 9.9789954e+00 1.0508048e+01 1.0793238e+01 1.1002708e+01 1.0847989e+01 1.0909205e+01 1.0947723e+01 1.0922658e+01 1.0916232e+01 1.0967275e+01 1.0700139e+01 1.0440938e+01 1.0282789e+01
9.8213273e+00 9.8404457e+00 9.8408928e+00 9.7580467e+00 9.5285719e+00 9.0230853e+00 1.0265409e+00 0.0000000e+00 8.5107101e-04 9.7229550e-04 2.4532668e-03 0.0000000e+00 0.0000000e+00 1.4624508e+00 2.3953975e+00 3.7513730e+00 4.2802037e+00 3.3903024e+00 3.2331018e+00 3.9895764e+00 5.5274451e+00 8.5067122e+00 9.7170602e+00 1.0286774e+01 1.0224701e+01 1.0090094e+01 1.0115231e+01 1.0201030e+01 1.0658832e+01 1.0870215e+01 1.0544432e+01 9.8626589e+00 1.0197394e+01 1.0497428e+01 1.0256947e+01 9.9642686e+00 9.9631441e+00 1.0166186e+01 1.0529389e+01 1.0817559e+01 1.1042745e+01 1.1072935e+01 1.1128982e+01 1.1221435e+01 1.1211328e+01 1.1200512e+01 1.1196604e+01 1.0971003e+01 1.0785154e+01 1.0649408e+01
9.9372710e+00 9.9108205e+00 9.9524695e+00 9.9052243e+00 9.7506801e+00 9.1382262e+00 3.4308594e+00 9.7579709e-04 9.9647466e-04 2.5906422e-01 9.9921001e-04 0.0000000e+00 0.0000000e+00 2.4315456e+00 3.9923284e+00 6.2738119e+00 7.2934372e+00 6.8357336e+00 6.5724785e+00 7.8337720e+00 9.0852898e+00 9.6432863e+00 1.0031709e+01 1.0279497e+01 1.0181131e+01 1.0231007e+01 1.0167981e+01 1.0178607e+01 1.0486370e+01 1.0688821e+01 1.0226146e+01 8.9778919e+00 9.5914031e+00 1.0334637e+01 1.0501707e+01 1.0457778e+01 1.0373643e+01 1.0367450e+01 1.0607189e+01 1.0859252e+01 1.1033903e+01 1.1139454e+01 1.1245126e+01 1.1401737e+01 1.1397761e+01 1.1352121e+01 1.1307669e+01 1.1158721e+01 1.1020687e+01 1.0974020e+01
