presentation/data/depth_0054.asc
ncols     164
nrows     146
xllcorner -1.242151388888889e+02
yllcorner  4.172986111111111e+01
cellsize  2.777777777820000e-04
nodata_value       -9999
[rows 88 to 109 of 146, columns 100 to 149 of 164]
6.5594222e+00 5.5727561e+00 4.5866780e+00 5.0288373e+00 4.7586304e+00 4.0547035e+00 3.8301495e+00 3.7410496e+00 4.0101211e+00 5.4477728e+00 5.8183642e+00 4.8437661e+00 3.3238645e+00 2.6247874e+00 8.0969854e-02 8.9751686e-02 2.8751409e+00 4.1140028e+00 1.4895280e+00 2.7600237e-02 6.3011684e-02 1.1533457e-02 9.9947753e-04 9.7122480e-04 8.0951809e-02 2.7050908e-01 2.2186167e-01 9.1402344e-02 3.6680386e-03 2.8856099e-02 4.5656979e-02 1.7150105e-03 1.8799083e-03 4.0043247e-02 1.3459061e-01 1.6362329e-01 2.7326311e-01 2.0444954e-03 8.3899849e-04 9.9745683e-04 9.4789459e-04 2.0350045e-01 3.3008709e-01 1.6548133e-01 2.9116721e-01 9.6463830e-04 8.7038774e-04 6.0910943e-01 5.0505402e-01 5.6287745e-01
6.6314815e+00 6.3431467e+00 5.2675933e+00 4.9825537e+00 4.8283161e+00 4.6152665e+00 4.5531081e+00 5.2885671e+00 5.0515262e+00 5.1087194e+00 4.5920988e+00 4.7244743e+00 5.1654167e+00 5.4789807e+00 4.5617504e+00 3.9153186e+00 3.9807845e+00 4.5522210e+00 4.8548484e+00 3.4059934e+00 1.3964756e+00 9.4327791e-04 9.2526048e-04 1.0168859e-02 9.8247963e-04 1.4244468e-02 6.5690643e-02 6.0740902e-02 8.5450566e-02 5.7604042e-02 1.1412120e-02 7.5897564e-03 7.8677417e-02 2.0487241e-01 3.2144842e-01 2.6846633e-01 1.2685669e-01 1.3529786e-03 9.0112924e-04 8.4285660e-04 9.4706995e-04 9.7308436e-04 9.6667038e-04 1.2287275e-02 1.9395457e-01 2.5248748e-01 2.6649902e-01 2.8915168e-01 2.2573160e-01 2.8388606e-01
6.0460754e+00 6.0565388e+00 5.8246811e+00 5.6669416e+00 5.6147044e+00 5.9911825e+00 6.3037496e+00 6.0142790e+00 4.0903004e+00 3.6660922e+00 3.4232453e+00 3.7251656e+00 6.1035858e+00 6.5472720e+00 6.0621053e+00 5.8749141e+00 5.2880910e+00 5.0048268e+00 5.0091776e+00 4.8317475e+00 4.8056817e+00 4.2625597e+00 2.1863338e+00 1.0622693e-03 9.9190763e-04 1.9174849e-02 1.7737256e-01 1.3557613e-01 8.8562535e-02 5.1614627e-02 2.3075109e-02 1.8802705e-01 4.1621124e-01 4.7611162e-01 4.7070567e-01 3.8116644e-01 2.1443993e-01 6.3336952e-04 9.9821528e-04 9.7823433e-04 9.7927510e-04 9.7759543e-04 6.1691454e-03 6.3621456e-03 8.0335956e-04 9.4570650e-04 9.9057482e-04 9.8206478e-04 9.9661066e-04 9.5869633e-04
6.4610818e+00 6.6020444e+00 6.4630257e+00 6.3951996e+00 6.6294587e+00 6.2805250e+00 6.3051336e+00 6.7532654e+00 4.7871098e+00 3.9623396e+00 4.4684318e+00 3.4876997e+00 3.1756839e+00 5.3771154e+00 6.5380439e+00 6.2016562e+00 5.7398440e+00 5.6426473e+00 5.4312574e+00 5.0529787e+00 5.1215408e+00 4.8370946e+00 4.1211032e+00 3.9442418e+00 1.9476480e+00 1.6116018e-02 8.3033123e-02 1.2224403e-01 9.9648346e-03 2.1008179e-02 1.5752562e-01 4.6394432e-01 4.9816861e-01 5.4949037e-01 4.4343750e-01 3.6046521e-01 2.9244921e-01 2.2891142e-01 1.1076862e-01 2.1936617e-03 7.0524267e-03 4.5496008e-03 4.8218716e-03 3.4201153e-03 2.5671793e-03 9.6022863e-04 9.8997719e-04 7.8565181e-04 8.3439196e-04 9.9678143e-04
6.4561275e+00 6.5377143e+00 6.5934614e+00 6.8484078e+00 6.6378274e+00 6.2352149e+00 6.0451203e+00 6.1323269e+00 6.2368478e+00 5.2668919e+00 4.4281530e+00 5.0890697e+00 4.2737597e+00 5.7812338e+00 6.4602308e+00 6.2811180e+00 5.9654039e+00 5.9508951e+00 5.1829388e+00 4.9883529e+00 5.0903824e+00 4.4325774e+00 4.2817143e+00 4.6358095e+00 3.0395535e+00 8.9033529e-03 5.6111564e-02 1.1967391e-02 9.4407180e-03 6.4123364e-02 2.9798833e-01 3.8248876e-01 4.4216994e-01 5.3779224e-01 5.9094244e-01 4.3152964e-01 2.8075574e-01 1.5827796e-01 8.6804314e-02 2.3540691e-02 1.2735054e-02 5.0993881e-03 7.6112341e-03 7.0857591e-03 7.3684063e-03 7.1863709e-03 5.4024233e-03 5.1808173e-03 6.5356379e-03 1.1328550e-02
5.9416223e+00 6.0359458e+00 6.2161924e+00 6.5279046e+00 6.6902659e+00 6.0949101e+00 5.6823416e+00 6.0862513e+00 6.5213685e+00 7.0373528e+00 6.2916878e+00 6.5986686e+00 7.2797298e+00 7.2676286e+00 7.0190969e+00 6.5527292e+00 5.8923814e+00 5.4305826e+00 5.2680319e+00 5.0553194e+00 4.9842048e+00 3.4840437e+00 1.0702447e+00 2.2730663e+00 9.9950171e-04 9.9779351e-04 1.8875144e-03 1.8424367e-03 1.6717321e-02 1.2127603e-01 1.9406097e-01 1.8606786e-01 1.8221547e-01 1.7672678e-01 1.8611753e-01 1.8479736e-01 2.0328316e-01 1.5923334e-01 1.2623004e-01 6.6443244e-02 3.5456365e-02 8.6703340e-03 1.4400312e-02 1.3349632e-02 1.1621819e-02 9.9262690e-03 8.1027248e-03 4.4556883e-03 9.9579298e-03 1.0443264e-02
5.3784697e+00 5.6656926e+00 5.9449010e+00 6.2904921e+00 6.6926365e+00 6.9615008e+00 1.1368795e+00 3.3994712e+00 5.4635519e+00 7.5240560e+00 7.4900510e+00 7.2597647e+00 7.3392299e+00 7.4670349e+00 7.2348217e+00 6.9400246e+00 6.2102149e+00 5.6479507e+00 5.4952420e+00 5.2916078e+00 4.7478664e+00 4.1419086e+00 2.7819106e+00 8.6897959e-04 1.0655690e-03 9.9689314e-04 9.9972591e-04 2.6870237e-02 1.0879582e-01 2.4779691e-02 4.8232549e-02 5.7283769e-02 6.0593027e-02 1.0838081e-01 9.6005813e-02 1.3070877e-01 1.2548288e-01 1.4755752e-01 1.2463147e-01 9.3608081e-02 3.1440526e-02 1.9663352e-02 2.0229004e-02 1.5967716e-02 3.2206350e-02 1.0485186e-02 1.7489726e-02 2.0597812e-02 2.1600698e-02 2.0764964e-02
5.0135359e+00 5.3471452e+00 5.7005881e+00 6.0693236e+00 6.4944316e+00 7.0414688e+00 6.9266568e+00 5.9869002e+00 5.4005584e+00 6.8594358e+00 7.8297561e+00 7.9702327e+00 7.7812482e+00 7.5360661e+00 7.3240490e+00 7.1255418e+00 6.8932257e+00 6.5457235e+00 6.0416285e+00 5.4005601e+00 5.1637552e+00 3.1947495e+00 2.2548704e-01 9.0941493e-04 9.9682036e-04 9.7614533e-04 9.2436617e-04 2.0067897e+00 1.7635343e+00 1.3351467e+00 1.2891497e+00 1.1239391e+00 9.5430177e-01 9.5399680e-01 7.9480349e-01 7.7474917e-01 5.2950202e-01 5.2336046e-01 5.3508447e-01 2.5302456e-01 1.9760793e-03 1.6661036e-03 2.1093890e-03 4.6009967e-03 1.1139548e-02 9.8372363e-04 2.6122789e-03 3.1464367e-03 1.6057505e-03 6.6364794e-03
3.1645374e+00 3.7726212e+00 5.0257292e+00 5.9427975e+00 6.2926426e+00 6.8066105e+00 7.0481549e+00 6.8734458e+00 6.0182089e+00 5.4717962e+00 6.9183752e+00 7.7139760e+00 8.0310009e+00 7.6711270e+00 7.4950420e+00 7.4320157e+00 7.1485793e+00 6.8091732e+00 6.4929832e+00 5.5846648e+00 3.7613036e+00 3.8562629e-01 9.3735976e-04 9.9359141e-04 9.9746458e-04 4.3440922e-01 1.7567545e+00 1.9781354e+00 1.9381124e+00 1.8978361e+00 2.0302127e+00 2.0576456e+00 1.9234481e+00 1.8999921e+00 2.0181470e+00 2.0094563e+00 2.0234642e+00 1.9948365e+00 2.0288963e+00 1.8731180e+00 1.6414359e+00 1.3432958e+00 1.2538143e+00 1.2212566e+00 1.0947870e+00 1.1644760e+00 1.1510221e+00 1.1002274e+00 1.1467327e+00 8.4251150e-01
1.7977210e-01 8.5283650e-04 4.4142829e-01 4.7244635e+00 6.0572626e+00 6.7490539e+00 7.0689794e+00 7.1637105e+00 7.0119119e+00 5.9994434e+00 6.1413691e+00 7.0792421e+00 7.4952935e+00 7.5004766e+00 7.4936492e+00 7.4611341e+00 7.0051693e+00 6.3389856e+00 6.0123380e+00 4.6420426e+00 1.0075750e+00 9.1868583e-04 9.9916272e-04 9.6443229e-04 4.5043744e-01 2.3133410e+00 2.3891886e+00 2.4595377e+00 2.3708124e+00 2.2879132e+00 2.3099237e+00 2.2970938e+00 2.1467011e+00 2.1035382e+00 2.1917284e+00 2.2402493e+00 2.2621972e+00 2.2542484e+00 2.3368565e+00 2.2821544e+00 2.2140741e+00 2.1086636e+00 2.0348187e+00 1.9698580e+00 1.9418583e+00 1.9155767e+00 1.9501288e+00 1.9036894e+00 1.8268067e+00 1.7982114e+00
4.7690898e+00 3.8660716e+00 3.0282050e-01 7.3398587e-01 3.9791141e+00 6.4296772e+00 7.2414671e+00 7.2994131e+00 7.2759095e+00 6.8343358e+00 6.0387012e+00 6.1942052e+00 7.3794801e+00 7.5140987e+00 7.3448203e+00 7.2142198e+00 6.8307557e+00 6.1597640e+00 4.9820368e+00 1.3493860e+00 9.2658798e-04 9.9269213e-04 9.8325447e-04 2.3627297e-01 2.0375814e+00 2.2940298e+00 2.7125840e+00 2.9263292e+00 2.8300656e+00 2.8185194e+00 2.7690293e+00 2.5702948e+00 2.3736241e+00 2.3685850e+00 2.5412504e+00 2.6128788e+00 2.6004231e+00 2.6532482e+00 2.8314255e+00 2.6699534e+00 2.5053897e+00 2.3345379e+00 2.1974102e+00 2.0509197e+00 1.9868820e+00 1.9840987e+00 2.0295202e+00 2.0131653e+00 1.9642279e+00 1.9041510e+00
5.7910043e+00 5.5551708e+00 4.3881820e+00 2.6548690e-01 9.7829330e-01 5.3921371e+00 7.1982116e+00 7.2409411e+00 6.8968002e+00 6.4453937e+00 6.0132704e+00 6.4427046e+00 8.3359008e+00 7.9088700e+00 7.2743027e+00 7.0519754e+00 6.6644218e+00 4.9519704e+00 1.7344748e+00 9.4271583e-04 9.9266945e-04 9.6184760e-04 1.1233464e-01 2.2997820e+00 2.2386531e+00 2.2708773e+00 2.7079513e+00 2.8784895e+00 3.0789027e+00 3.2924763e+00 3.2536705e+00 3.0146118e+00 2.7267156e+00 2.6781081e+00 2.9091823e+00 3.0397910e+00 3.1065244e+00 3.1042051e+00 3.1767245e+00 3.0053038e+00 2.7796170e+00 2.6238092e+00 2.4333047e+00 2.2256934e+00 2.1119032e+00 2.1262285e+00 2.1955996e+00 2.2268918e+00 2.2010592e+00 2.1287544e+00
6.2739002e+00 5.9669701e+00 5.5565420e+00 3.9186075e+00 2.7951888e-01 1.0820790e+00 6.2688871e+00 7.0700315e+00 6.5553755e+00 6.3513922e+00 6.1181159e+00 7.1135284e+00 8.1784329e+00 7.8816953e+00 7.3073013e+00 7.0398776e+00 5.9771907e+00 1.7097414e+00 8.5997903e-04 9.9585364e-04 9.9979829e-04 8.3447875e-04 2.1653217e+00 2.4547874e+00 2.4225739e+00 2.4700556e+00 2.6704074e+00 2.9134211e+00 3.5072571e+00 3.5847384e+00 3.4868712e+00 3.3131958e+00 3.1023869e+00 3.0160348e+00 3.1136716e+00 3.2869190e+00 3.4832019e+00 3.3727355e+00 3.2635951e+00 3.1785072e+00 3.0323107e+00 2.8996204e+00 2.6451532e+00 2.4902908e+00 2.2956245e+00 2.2448973e+00 2.3638676e+00 2.4207846e+00 2.4067359e+00 2.3274437e+00
6.4579679e+00 6.2543890e+00 5.8979714e+00 5.4247878e+00 3.3660497e+00 1.7107569e-01 1.1685241e+00 4.4590723e+00 6.8621376e+00 6.2211002e+00 5.7719997e+00 6.2880015e+00 7.5075825e+00 7.5250184e+00 6.8401534e+00 6.4500925e+00 2.3010748e+00 9.0420715e-04 9.9575503e-04 9.9800806e-04 9.6755508e-04 2.0425672e+00 2.5619886e+00 2.5239457e+00 2.4773896e+00 2.5363081e+00 2.9307294e+00 3.3245927e+00 3.4972615e+00 3.6616528e+00 3.7323855e+00 3.5053236e+00 3.5305962e+00 3.4277244e+00 3.3822640e+00 3.4260056e+00 3.5197406e+00 3.5021555e+00 3.4544899e+00 3.6066490e+00 3.4178624e+00 3.2121058e+00 3.0009444e+00 2.7804414e+00 2.6017814e+00 2.5963388e+00 2.6777920e+00 2.6818429e+00 2.7047064e+00 2.6146247e+00
6.5363933e+00 6.3973911e+00 6.1069997e+00 5.7008084e+00 5.0559990e+00 2.5051557e+00 7.9311405e-04 9.2823181e-04 3.3174335e+00 4.3626137e+00 5.4963086e+00 5.5548793e+00 5.6447950e+00 6.2919385e+00 5.3422031e+00 2.2150254e+00 7.2473110e-01 2.8450902e-03 1.5041038e-03 9.1030664e-04 1.6960536e+00 2.2249308e+00 2.5494082e+00 2.8532586e+00 2.9210708e+00 3.0835455e+00 3.4735529e+00 3.6685856e+00 3.5904755e+00 3.9325287e+00 4.0007396e+00 3.7247677e+00 3.6388586e+00 3.7483545e+00 3.8880467e+00 3.9802002e+00 3.8618988e+00 3.6768082e+00 3.8298639e+00 4.3875810e+00 3.9881038e+00 3.6948150e+00 3.2888961e+00 3.1714053e+00 3.1683781e+00 3.2161438e+00 3.1906808e+00 3.0971476e+00 3.0359829e+00 2.9588865e+00
6.6631938e+00 6.5428995e+00 6.3553287e+00 6.1382456e+00 5.6684584e+00 5.1538288e+00 2.6341378e+00 6.6956531e-04 9.3670935e-04 3.3475272e-03 4.5240525e-01 3.1638178e+00 5.2177407e+00 5.4148095e+00 2.8783256e+00 2.6731920e+00 1.4231897e+00 8.5095444e-04 9.6165464e-04 1.7618718e+00 2.1095937e+00 2.3474517e+00 2.8369567e+00 3.1867817e+00 3.4616220e+00 3.5745804e+00 3.8375394e+00 3.8963518e+00 4.0719337e+00 4.4157120e+00 4.5970792e+00 4.2044102e+00 3.8219531e+00 4.2992539e+00 4.5094709e+00 4.6004749e+00 4.3668348e+00 4.1926678e+00 4.2625089e+00 4.3693933e+00 4.2144257e+00 4.0103849e+00 3.7690486e+00 3.6909626e+00 3.7609826e+00 3.8159544e+00 3.6669329e+00 3.4825582e+00 3.3550697e+00 3.2521241e+00
6.7292322e+00 6.6524287e+00 6.4978301e+00 6.3396078e+00 6.1179451e+00 5.8386124e+00 4.9485276e+00 1.4369097e+00 3.1055083e-04 1.5455100e-02 1.9375330e-02 1.1811716e-03 4.2237909e+00 2.3541058e+00 1.7801849e-01 1.8000168e+00 9.7203977e-04 9.7983973e-04 1.7563629e+00 2.4416239e+00 2.6526514e+00 3.0548354e+00 3.4952577e+00 3.7410333e+00 3.7851143e+00 3.9063379e+00 4.0715221e+00 4.0920811e+00 4.2664370e+00 4.8523743e+00 4.7748529e+00 4.4929072e+00 4.4103847e+00 4.7022439e+00 4.7802865e+00 4.6269675e+00 4.5386032e+00 4.6326437e+00 4.7974661e+00 4.6783214e+00 4.5171346e+00 4.4102575e+00 4.3281083e+00 4.2285449e+00 4.2228595e+00 4.1848697e+00 4.0193762e+00 3.8402709e+00 3.6402841e+00 3.4997005e+00
6.8740859e+00 6.7226036e+00 6.6519334e+00 6.5081210e+00 6.3310002e+00 5.8960574e+00 5.1312327e+00 2.4468402e+00 1.9115440e-01 8.8152675e-04 1.0000318e-03 9.6642004e-04 6.9072384e-01 9.1944277e-04 9.8094458e-04 9.0830206e-04 9.8603638e-04 1.5884085e+00 2.1505160e+00 2.6895737e+00 3.2849109e+00 3.6966425e+00 3.9529360e+00 3.9381806e+00 3.9160897e+00 4.2474452e+00 4.4852883e+00 4.3763538e+00 4.1976151e+00 4.7636547e+00 4.8831069e+00 4.8234132e+00 4.9625665e+00 4.9231651e+00 4.4458077e+00 3.9680991e+00 4.2532652e+00 4.6105667e+00 4.8992049e+00 4.8683156e+00 4.8044591e+00 4.7598612e+00 4.8090857e+00 4.7284683e+00 4.6541715e+00 4.5641867e+00 4.4312421e+00 4.2204067e+00 4.0765745e+00 3.8483951e+00
6.9441874e+00 6.9003606e+00 6.7326065e+00 6.6510049e+00 6.4860686e+00 6.2836971e+00 5.4638700e+00 3.2888102e+00 1.7661266e+00 9.9452696e-04 1.0301516e-03 1.8787894e-03 9.7260560e-04 1.7915152e-03 1.3936399e-03 9.8967617e-04 1.7405728e+00 2.1312982e+00 2.1114670e+00 2.5462788e+00 3.2306187e+00 3.9050716e+00 4.2370207e+00 4.3171431e+00 4.2886723e+00 4.5330646e+00 5.0363993e+00 4.8634741e+00 4.8323830e+00 5.1884450e+00 5.2941726e+00 5.2958049e+00 5.2912325e+00 5.0587035e+00 4.1895685e+00 3.2998546e+00 3.8083153e+00 4.4323814e+00 4.9070292e+00 5.0890825e+00 5.0826400e+00 4.9599169e+00 5.0805932e+00 5.1009162e+00 5.0636367e+00 4.9935471e+00 4.8999676e+00 4.7449943e+00 4.5409786e+00 4.2915885e+00
6.9761685e+00 6.9797141e+00 6.9330039e+00 6.6991406e+00 6.5788899e+00 6.4640820e+00 4.3166994e+00 1.8173207e+00 8.3416715e-04 9.7224724e-04 1.2749106e-03 2.0614014e-03 3.4766670e-03 2.9580916e-03 2.9308096e-03 4.3767663e-01 1.9425434e+00 1.7139782e+00 8.3910942e-01 7.8580796e-04 5.8063442e-04 3.0276878e+00 4.3285020e+00 4.7134432e+00 4.7721102e+00 4.6092307e+00 4.9022099e+00 5.0265884e+00 5.2960116e+00 5.6132595e+00 5.5000861e+00 5.3136910e+00 5.3332747e+00 5.2958586e+00 4.6009662e+00 3.8644223e+00 4.0405449e+00 4.4901950e+00 5.0033744e+00 5.2868209e+00 5.5005719e+00 5.3552088e+00 5.4240080e+00 5.4676640e+00 5.4472829e+00 5.4361781e+00 5.4785335e+00 5.2000685e+00 4.9247358e+00 4.7459507e+00
6.9665516e+00 6.9877526e+00 7.0052816e+00 6.9342754e+00 6.7255045e+00 6.1555227e+00 3.7305499e-04 0.0000000e+00 8.5107101e-04 9.7229550e-04 9.9944967e-04 0.0000000e+00 0.0000000e+00 3.1288286e-03 2.2071881e-03 9.9299898e-04 6.5764777e-04 9.5319810e-04 8.3018155e-04 8.6856381e-04 2.6980766e-01 3.2783825e+00 4.5404472e+00 5.1304039e+00 5.0697370e+00 4.9226032e+00 4.9200628e+00 4.9823884e+00 5.4118868e+00 5.5967471e+00 5.2473134e+00 4.5455395e+00 4.8592474e+00 5.1324533e+00 4.8663472e+00 4.5611930e+00 4.5428763e+00 4.7325531e+00 5.0891012e+00 5.3772227e+00 5.6065047e+00 5.6451649e+00 5.7104575e+00 5.8104154e+00 5.8063501e+00 5.7915199e+00 5.7790118e+00 5.5401981e+00 5.3359052e+00 5.1779602e+00
7.0005536e+00 6.9633716e+00 7.0111518e+00 7.0087797e+00 6.9763265e+00 6.6167452e+00 9.2661838e-01 9.3276836e-04 9.6835592e-04 9.1076040e-04 9.9921001e-04 0.0000000e+00 0.0000000e+00 9.4148078e-04 9.9569310e-04 1.2492709e+00 2.2346547e+00 1.7835665e+00 1.4764415e+00 2.7917980e+00 4.0646180e+00 4.5799729e+00 4.9708555e+00 5.2167558e+00 5.1101864e+00 5.1393809e+00 5.0436570e+00 5.0283267e+00 5.3078259e+00 5.4835499e+00 4.9945209e+00 3.7203584e+00 4.3025822e+00 5.0176177e+00 5.1539164e+00 5.0983577e+00 5.0032723e+00 4.9900938e+00 5.2261116e+00 5.4813306e+00 5.6640448e+00 5.7811551e+00 5.8979627e+00 6.0640054e+00 6.0628469e+00 6.0129060e+00 5.9582485e+00 5.7930419e+00 5.6339914e+00 5.5636571e+00
