presentation/data/depth_0007.asc
ncols     164
nrows     146
xllcorner -1.242151388888889e+02
yllcorner  4.172986111111111e+01
cellsize  2.777777777820000e-04
nodata_value       -9999
[rows 110 to 131 of 146, columns 0 to 49 of 164]
1.9499279e+01 1.9546962e+01 1.8866804e+01 1.9130074e+01 1.8839045e+01 1.8715632e+01 1.8593607e+01 1.8083814e+01 1.7817748e+01 1.7484969e+01 1.7345004e+01 1.7431681e+01 1.7285211e+01 1.6204910e+01 1.7118771e+01 1.7282534e+01 1.6598701e+01 1.5913015e+01 1.6084508e+01 1.6055945e+01 1.5956673e+01 1.4661480e+01 1.4064765e+01 1.4442253e+01 1.4507316e+01 1.4247004e+01 1.4169673e+01 1.3552360e+01 1.3798149e+01 1.3363503e+01 1.2867001e+01 1.2253547e+01 1.2130716e+01 1.1747664e+01 1.1103752e+01 1.0691215e+01 1.0424232e+01 9.6122943e+00 9.2445036e+00 8.2701627e+00 4.6167446e+00 4.7033005e+00 8.8736002e+00 9.1191120e+00 9.1605809e+00 9.4669084e+00 9.7701364e+00 9.4988953e+00 9.2832001e+00 8.8487968e+00
1.9470739e+01 1.9413490e+01 1.9305473e+01 1.9291001e+01 1.9006578e+01 1.8307382e+01 1.8106371e+01 1.8276847e+01 1.8108884e+01 1.7844373e+01 1.7725986e+01 1.7670253e+01 1.7493711e+01 1.6909718e+01 1.7869267e+01 1.7962149e+01 1.7324470e+01 1.7372646e+01 1.6992018e+01 1.6733271e+01 1.6197327e+01 1.4887601e+01 1.5242540e+01 1.5571676e+01 1.5406289e+01 1.4982398e+01 1.4718952e+01 1.4352907e+01 1.4112376e+01 1.4112617e+01 1.4045738e+01 1.2950013e+01 1.2788551e+01 1.2277673e+01 1.1820086e+01 1.1176300e+01 1.0720133e+01 1.0505589e+01 9.7447291e+00 9.9303491e+00 9.7377884e+00 8.9964212e+00 9.1522433e+00 9.2547289e+00 9.4537499e+00 1.0278936e+01 1.0675792e+01 1.0226259e+01 9.9099374e+00 9.3942384e+00
1.9525972e+01 1.9419616e+01 1.9396416e+01 1.9203762e+01 1.9202051e+01 1.9002081e+01 1.8794036e+01 1.8580860e+01 1.8417915e+01 1.8201459e+01 1.8099716e+01 1.8055915e+01 1.8112807e+01 1.8156737e+01 1.8123800e+01 1.8132229e+01 1.7800548e+01 1.7617566e+01 1.6990712e+01 1.6861294e+01 1.6078176e+01 1.6681355e+01 1.6802083e+01 1.6639782e+01 1.6194158e+01 1.5857568e+01 1.5637528e+01 1.5102775e+01 1.4593384e+01 1.4279548e+01 1.4167197e+01 1.4145363e+01 1.3510341e+01 1.2344089e+01 1.1985276e+01 1.1797172e+01 1.0774346e+01 9.9211896e+00 9.3706543e+00 9.9562743e+00 9.7794872e+00 9.1439645e+00 9.0671327e+00 9.4404816e+00 1.0146504e+01 1.1193998e+01 1.1098605e+01 9.8219620e+00 8.9272694e+00 9.0856387e+00
1.9675626e+01 1.9566510e+01 1.9500981e+01 1.9475853e+01 1.9300376e+01 1.9111596e+01 1.8966609e+01 1.8828699e+01 1.8708314e+01 1.8617341e+01 1.8531442e+01 1.8521357e+01 1.8494378e+01 1.8436727e+01 1.8324160e+01 1.8299588e+01 1.8082714e+01 1.7768225e+01 1.7660033e+01 1.7675062e+01 1.7765517e+01 1.7658437e+01 1.7359333e+01 1.7053682e+01 1.6845634e+01 1.6549607e+01 1.5452689e+01 1.4009106e+01 1.5325022e+01 1.4780682e+01 1.4376628e+01 1.4212818e+01 1.3370176e+01 1.3308189e+01 1.3135831e+01 1.2104040e+01 1.0888585e+01 9.5349442e+00 8.5207111e+00 8.6184314e+00 8.9061144e+00 8.2806749e+00 8.0985146e+00 9.3973797e+00 1.1065914e+01 1.1542271e+01 1.1629291e+01 1.1436458e+01 1.0887396e+01 1.1631269e+01
1.9781006e+01 1.9694116e+01 1.9616802e+01 1.9546303e+01 1.9433868e+01 1.9304407e+01 1.9211428e+01 1.9148361e+01 1.9122123e+01 1.9056981e+01 1.8911698e+01 1.8858170e+01 1.7419827e+01 1.6024717e+01 1.8877481e+01 1.8421204e+01 1.8204273e+01 1.8139895e+01 1.8078208e+01 1.8045361e+01 1.8144827e+01 1.8025850e+01 1.7771262e+01 1.7504988e+01 1.7300027e+01 1.7072850e+01 1.6665537e+01 1.6302034e+01 1.6293497e+01 1.4864380e+01 1.4973439e+01 1.3723293e+01 1.3886211e+01 1.3377908e+01 1.3434337e+01 1.0075105e+01 1.0392297e+01 9.2173606e+00 5.6714915e+00 9.3525358e+00 9.4998929e+00 9.2097184e+00 8.2543852e+00 1.0525387e+01 1.1876925e+01 1.2139547e+01 1.1268521e+01 1.2220349e+01 1.2285158e+01 1.2291794e+01
1.9918123e+01 1.9836243e+01 1.9768211e+01 1.9672133e+01 1.9608620e+01 1.9530399e+01 1.9454136e+01 1.9384695e+01 1.8890270e+01 1.3536099e+01 1.9088415e+01 1.9160554e+01 1.9189782e+01 1.8997263e+01 1.9034714e+01 1.8797077e+01 1.8603561e+01 1.8513383e+01 1.8497578e+01 1.8583032e+01 1.8691220e+01 1.8625254e+01 1.8421052e+01 1.7872555e+01 1.7868579e+01 1.7298530e+01 1.7584016e+01 1.7588224e+01 1.7454565e+01 1.6272254e+01 1.5797180e+01 1.3532459e+01 1.4276589e+01 1.5178424e+01 1.3651387e+01 9.0043807e+00 8.3392303e+00 9.7735319e+00 1.0560620e+01 9.6356828e+00 9.9615365e+00 1.0427253e+01 1.1160997e+01 1.2084588e+01 1.2021323e+01 1.2848626e+01 1.2367307e+01 1.2706594e+01 1.2720563e+01 1.2914414e+01
2.0048808e+01 1.9994002e+01 1.9933854e+01 1.9846948e+01 1.9779044e+01 1.9723078e+01 1.9672911e+01 1.9595336e+01 1.9423496e+01 1.7088419e+01 1.9356410e+01 1.9482033e+01 1.9339775e+01 1.9214484e+01 1.9074679e+01 1.8959327e+01 1.8869859e+01 1.8796899e+01 1.8742904e+01 1.8943318e+01 1.8033666e+01 1.8805581e+01 1.8613975e+01 1.8394060e+01 1.7958177e+01 1.7986565e+01 1.7178057e+01 1.7972796e+01 1.7913255e+01 1.7755287e+01 1.6614013e+01 1.6476464e+01 1.6271583e+01 1.5800310e+01 1.5006881e+01 1.1068768e+01 1.0711938e+01 9.8645342e+00 1.0119882e+01 1.0739268e+01 1.1043531e+01 1.1254131e+01 1.1873387e+01 1.2582752e+01 1.2583101e+01 1.3101979e+01 1.3311179e+01 1.3067038e+01 1.3305513e+01 1.3520153e+01
2.0218984e+01 2.0141774e+01 2.0085725e+01 1.9996737e+01 1.9928938e+01 1.9872411e+01 1.9833403e+01 1.9811593e+01 1.9803806e+01 1.9808729e+01 1.9709690e+01 1.9577708e+01 1.9469808e+01 1.9354016e+01 1.9228782e+01 1.9124056e+01 1.9069269e+01 1.8865288e+01 1.8856034e+01 1.9079294e+01 1.8892076e+01 1.9323080e+01 1.9001303e+01 1.9080003e+01 1.8401482e+01 1.8201755e+01 1.5592943e+01 1.7345967e+01 1.8130695e+01 1.7720882e+01 1.6991828e+01 1.5834037e+01 1.6702968e+01 1.5707079e+01 1.5374991e+01 1.4855985e+01 1.5009098e+01 1.3180188e+01 1.1538952e+01 1.1920297e+01 1.1489795e+01 1.1622160e+01 1.2803709e+01 1.2946316e+01 1.3152615e+01 1.3906605e+01 1.3962637e+01 1.3874096e+01 1.3815551e+01 1.3897039e+01
2.0460849e+01 2.0383133e+01 2.0289930e+01 2.0198670e+01 2.0083299e+01 2.0039285e+01 1.9953376e+01 1.9957291e+01 1.9909076e+01 1.9856247e+01 1.9789697e+01 1.9704265e+01 1.9593384e+01 1.9503942e+01 1.9410512e+01 1.9305162e+01 1.9238341e+01 1.9171388e+01 1.9125561e+01 1.9101763e+01 1.9151666e+01 1.9144620e+01 1.9043884e+01 1.8956219e+01 1.8796678e+01 1.8830745e+01 1.7848791e+01 1.8239215e+01 1.8737403e+01 1.8301558e+01 1.7796078e+01 1.7451122e+01 1.7424482e+01 1.6492650e+01 1.5113826e+01 1.5065891e+01 1.4707776e+01 1.4008968e+01 1.4037311e+01 1.3338659e+01 1.2484646e+01 1.3004931e+01 1.3660305e+01 1.3790215e+01 1.3972056e+01 1.4063244e+01 1.3441259e+01 1.4320967e+01 1.4238231e+01 1.4357328e+01
2.0617677e+01 2.0534595e+01 2.0463828e+01 2.0399434e+01 2.0344784e+01 2.0239633e+01 2.0159489e+01 2.0104242e+01 2.0033076e+01 1.9971868e+01 1.9888541e+01 1.9823878e+01 1.9765088e+01 1.9664401e+01 1.9570347e+01 1.9475157e+01 1.9390899e+01 1.9322094e+01 1.9266615e+01 1.9207623e+01 1.9174444e+01 1.9218300e+01 1.9352399e+01 1.8873775e+01 1.8875224e+01 1.8973470e+01 1.9108449e+01 1.9225044e+01 1.8971380e+01 1.8609493e+01 1.8291494e+01 1.7751087e+01 1.7741780e+01 1.7763058e+01 1.5509670e+01 1.5849362e+01 1.5874214e+01 1.4836295e+01 1.4598579e+01 1.4389224e+01 1.3415304e+01 1.2878871e+01 1.4587636e+01 1.4297705e+01 1.4369867e+01 1.5068770e+01 1.5250358e+01 1.4691800e+01 1.4587805e+01 1.4566209e+01
2.0785686e+01 2.0727671e+01 2.0659107e+01 2.0585065e+01 2.0496316e+01 2.0390966e+01 2.0332899e+01 2.0301801e+01 2.0253652e+01 2.0212446e+01 2.0093513e+01 1.9950885e+01 1.9880724e+01 1.9834772e+01 1.9748597e+01 1.9671778e+01 1.9588457e+01 1.9497494e+01 1.9400763e+01 1.9281413e+01 1.9322091e+01 1.9303444e+01 1.9332302e+01 1.9380460e+01 1.9203627e+01 1.8675326e+01 1.6989288e+01 1.6097236e+01 1.9031355e+01 1.8537642e+01 1.8779608e+01 1.8654772e+01 1.8440310e+01 1.6782339e+01 1.7421771e+01 1.6455095e+01 1.5274595e+01 1.4850383e+01 1.3036676e+01 1.2619099e+01 1.3752396e+01 1.3784250e+01 1.5344835e+01 1.4343927e+01 1.3991880e+01 1.5296220e+01 1.5356234e+01 1.5160359e+01 1.4970980e+01 1.4879103e+01
2.0992804e+01 2.0905317e+01 2.0840693e+01 2.0767200e+01 2.0704792e+01 2.0637574e+01 2.0541465e+01 2.0466072e+01 2.0411956e+01 2.0414462e+01 2.0370703e+01 2.0194600e+01 2.0077755e+01 1.9986914e+01 1.9931996e+01 1.9866245e+01 1.9797566e+01 1.9705973e+01 1.9578496e+01 1.9460367e+01 1.9503287e+01 1.9468644e+01 1.9448918e+01 1.9446159e+01 1.9393284e+01 1.9372700e+01 1.9442765e+01 1.8591304e+01 1.8816667e+01 1.9448343e+01 1.9049549e+01 1.8944049e+01 1.8529968e+01 1.7848400e+01 1.8230709e+01 1.6480947e+01 1.5080117e+01 1.5124673e+01 1.4664753e+01 1.3132332e+01 1.0268886e+01 9.6596622e+00 1.5037574e+01 1.5929784e+01 1.4776952e+01 1.5923676e+01 1.5582961e+01 1.5407226e+01 1.5303423e+01 1.5219287e+01
2.1187227e+01 2.1118474e+01 2.1057661e+01 2.0981067e+01 2.0884654e+01 2.0795602e+01 2.0705271e+01 2.0644945e+01 2.0607499e+01 2.0532484e+01 2.0440874e+01 2.0364667e+01 2.0291917e+01 2.0194839e+01 2.0101842e+01 2.0025819e+01 1.9954235e+01 1.9885045e+01 1.9810149e+01 1.9720039e+01 1.9665705e+01 1.9621549e+01 1.9602539e+01 1.9561598e+01 1.9453326e+01 1.9682802e+01 1.9818439e+01 1.9450531e+01 2.0017869e+01 1.9534017e+01 1.9281734e+01 1.9218113e+01 1.8804498e+01 1.7727858e+01 1.7969485e+01 1.6566149e+01 1.5297802e+01 1.5640752e+01 1.3850529e+01 1.1957922e+01 1.0894534e+01 8.8807655e+00 1.5018955e+01 1.7154429e+01 1.5910495e+01 1.6192910e+01 1.5894078e+01 1.5730416e+01 1.5657589e+01 1.5623761e+01
2.1339306e+01 2.1289957e+01 2.1236224e+01 2.1192565e+01 2.1113959e+01 2.1007993e+01 2.0916071e+01 2.0821043e+01 2.0762220e+01 2.0689459e+01 2.0621970e+01 2.0547075e+01 2.0464321e+01 2.0382797e+01 2.0307756e+01 2.0238478e+01 2.0176977e+01 2.0088410e+01 2.0013216e+01 1.9934973e+01 1.9859221e+01 1.9808134e+01 1.9777247e+01 1.9770248e+01 1.9804953e+01 1.9815304e+01 1.9598406e+01 1.9299707e+01 1.9722570e+01 1.9751891e+01 1.9420803e+01 1.9343706e+01 1.9045929e+01 1.9327344e+01 1.8703120e+01 1.8119762e+01 1.6947707e+01 1.4794320e+01 1.3491031e+01 1.0786777e+01 8.9633201e+00 1.1666643e+01 1.6863805e+01 1.7159187e+01 1.6646496e+01 1.6348959e+01 1.6187107e+01 1.6060004e+01 1.5974419e+01 1.5933298e+01
2.1567953e+01 2.1484531e+01 2.1423333e+01 2.1348948e+01 2.1291126e+01 2.1203271e+01 2.1131036e+01 2.1049914e+01 2.0967800e+01 2.0888522e+01 2.0810551e+01 2.0748927e+01 2.0658101e+01 2.0584694e+01 2.0494651e+01 2.0443505e+01 2.0377705e+01 2.0307731e+01 2.0234936e+01 2.0113909e+01 2.0030747e+01 2.0008773e+01 1.9983491e+01 1.9947325e+01 1.9934236e+01 1.9957329e+01 2.0078174e+01 2.0141940e+01 2.0205631e+01 2.0019555e+01 1.9659411e+01 1.9513505e+01 1.9317490e+01 1.9607958e+01 1.9614486e+01 1.8579229e+01 1.7431568e+01 1.6963170e+01 1.6125641e+01 1.3144537e+01 1.4085178e+01 1.5155823e+01 1.7606192e+01 1.7190528e+01 1.6861066e+01 1.6648778e+01 1.6533061e+01 1.6383092e+01 1.6267966e+01 1.6145996e+01
2.1812094e+01 2.1692370e+01 2.1640750e+01 2.1547578e+01 2.1478779e+01 2.1390621e+01 2.1304766e+01 2.1231480e+01 2.1152557e+01 2.1078808e+01 2.1009123e+01 2.0970897e+01 2.0887210e+01 2.0793147e+01 2.0686579e+01 2.0623031e+01 2.0557035e+01 2.0497725e+01 2.0399196e+01 2.0302112e+01 2.0248502e+01 2.0214601e+01 2.0181086e+01 2.0122031e+01 2.0089048e+01 2.0096737e+01 2.0130117e+01 2.0167178e+01 2.0215553e+01 2.0192824e+01 1.9401292e+01 1.9756908e+01 1.9730907e+01 1.9702735e+01 1.9634456e+01 1.9175192e+01 1.8266360e+01 1.7279335e+01 1.7857335e+01 1.8351537e+01 1.6933631e+01 1.7701255e+01 1.7799391e+01 1.7478807e+01 1.7207601e+01 1.6988873e+01 1.6826316e+01 1.6674679e+01 1.6552497e+01 1.6416058e+01
2.2033960e+01 2.1898649e+01 2.1839738e+01 2.1754148e+01 2.1709344e+01 2.1653193e+01 2.1528572e+01 2.1429895e+01 2.1325830e+01 2.1248631e+01 2.1173073e+01 2.1145143e+01 2.1095532e+01 2.1006269e+01 2.0906114e+01 2.0818028e+01 2.0739283e+01 2.0643356e+01 2.0560521e+01 2.0515492e+01 2.0464354e+01 2.0403050e+01 2.0346632e+01 2.0305927e+01 2.0263231e+01 2.0229903e+01 2.0200048e+01 2.0182605e+01 2.0187032e+01 2.0151294e+01 2.0035224e+01 1.9924171e+01 1.9835337e+01 1.9782925e+01 1.9731362e+01 1.9619730e+01 1.9764871e+01 1.9512443e+01 1.9388655e+01 1.8997999e+01 1.8861015e+01 1.8528082e+01 1.8152935e+01 1.7832733e+01 1.7578081e+01 1.7363283e+01 1.7169344e+01 1.7001937e+01 1.6867706e+01 1.6733498e+01
2.2246161e+01 2.2134501e+01 2.2006876e+01 2.1973530e+01 2.1891449e+01 2.1876415e+01 2.1801334e+01 2.1641553e+01 2.1543981e+01 2.1429820e+01 2.1346140e+01 2.1285648e+01 2.1247593e+01 2.1184896e+01 2.1112339e+01 2.1020867e+01 2.0940936e+01 2.0851352e+01 2.0789380e+01 2.0710975e+01 2.0645906e+01 2.0584524e+01 2.0513771e+01 2.0467008e+01 2.0418831e+01 2.0376397e+01 2.0317727e+01 2.0285927e+01 2.0237622e+01 2.0174075e+01 2.0077235e+01 2.0009524e+01 1.9962689e+01 1.9921910e+01 1.9868182e+01 1.9830803e+01 1.9838777e+01 1.9696761e+01 1.9552705e+01 1.9327348e+01 1.9027920e+01 1.8680700e+01 1.8415443e+01 1.8175995e+01 1.7944608e+01 1.7721636e+01 1.7509235e+01 1.7330785e+01 1.7174661e+01 1.7045787e+01
2.2430472e+01 2.2361182e+01 2.2213028e+01 2.2150376e+01 2.2086850e+01 2.2030579e+01 2.2023472e+01 2.1883395e+01 2.1737350e+01 2.1640070e+01 2.1526577e+01 2.1481746e+01 2.1418253e+01 2.1340221e+01 2.1269138e+01 2.1201318e+01 2.1109129e+01 2.1054142e+01 2.0995989e+01 2.0929180e+01 2.0848289e+01 2.0771296e+01 2.0688811e+01 2.0614066e+01 2.0559515e+01 2.0508393e+01 2.0462086e+01 2.0408823e+01 2.0337448e+01 2.0260218e+01 2.0172601e+01 2.0094763e+01 2.0048708e+01 2.0053097e+01 1.9924601e+01 1.9926110e+01 1.9788335e+01 1.9719206e+01 1.9526797e+01 1.9298363e+01 1.9274577e+01 1.8897498e+01 1.8623480e+01 1.8409677e+01 1.8207205e+01 1.8016462e+01 1.7827703e+01 1.7630839e+01 1.7478307e+01 1.7340404e+01
2.2593389e+01 2.2569149e+01 2.2439666e+01 2.2328149e+01 2.2302283e+01 2.2209087e+01 2.2181474e+01 2.2122415e+01 2.1968104e+01 2.1865464e+01 2.1783597e+01 2.1701374e+01 2.1595370e+01 2.1538307e+01 2.1454610e+01 2.1340672e+01 2.1277186e+01 2.1209121e+01 2.1144717e+01 2.1082459e+01 2.1023301e+01 2.0950403e+01 2.0882552e+01 2.0800219e+01 2.0723042e+01 2.0657016e+01 2.0603762e+01 2.0538268e+01 2.0460934e+01 2.0383823e+01 2.0312260e+01 2.0221149e+01 2.0155338e+01 2.0153943e+01 2.0156397e+01 1.9511140e+01 1.9976445e+01 1.9794147e+01 1.9593200e+01 1.9477662e+01 1.9320251e+01 1.9083949e+01 1.8826719e+01 1.8625091e+01 1.8421956e+01 1.8231598e+01 1.8048584e+01 1.7895786e+01 1.7765505e+01 1.7659098e+01
2.2763846e+01 2.2752219e+01 2.2691745e+01 2.2540643e+01 2.2462416e+01 2.2411284e+01 2.2339907e+01 2.2331847e+01 2.2222068e+01 2.2080068e+01 2.1999679e+01 2.1926531e+01 2.1836800e+01 2.1697833e+01 2.1593554e+01 2.1519585e+01 2.1432032e+01 2.1374122e+01 2.1287508e+01 2.1216298e+01 2.1159305e+01 2.1087465e+01 2.1036616e+01 2.0986463e+01 2.0905854e+01 2.0832051e+01 2.0761676e+01 2.0685599e+01 2.0604212e+01 2.0504300e+01 2.0435084e+01 2.0353664e+01 2.0287502e+01 2.0240165e+01 2.0241976e+01 2.0304749e+01 2.0292774e+01 2.0008181e+01 1.9764310e+01 1.9600104e+01 1.9467685e+01 1.9217370e+01 1.9003316e+01 1.8830247e+01 1.8648135e+01 1.8451971e+01 1.8261849e+01 1.8101534e+01 1.7955226e+01 1.7705327e+01
2.2952391e+01 2.2926676e+01 2.2897519e+01 2.2792185e+01 2.2655067e+01 2.2619282e+01 2.2519681e+01 2.2507156e+01 2.2462508e+01 2.2303033e+01 2.2195228e+01 2.2117258e+01 2.2075365e+01 2.1923626e+01 2.1793308e+01 2.1709514e+01 2.1624261e+01 2.1541529e+01 2.1452279e+01 2.1349354e+01 2.1308546e+01 2.1225610e+01 2.1161975e+01 2.1100277e+01 2.1049457e+01 2.0984622e+01 2.0930851e+01 2.0857880e+01 2.0774668e+01 2.0674173e+01 2.0575596e+01 2.0501600e+01 2.0425812e+01 2.0379577e+01 2.0352876e+01 2.0301650e+01 2.0354736e+01 2.0164482e+01 2.0026607e+01 1.9602273e+01 1.9615555e+01 1.9387114e+01 1.9190627e+01 1.9000625e+01 1.8817174e+01 1.8635477e+01 1.8443247e+01 1.8291345e+01 1.8129254e+01 1.7949707e+01
