presentation/data/depth_0038.asc
ncols     164
nrows     146
xllcorner -1.242151388888889e+02
yllcorner  4.172986111111111e+01
cellsize  2.777777777820000e-04
nodata_value       -9999
[rows 44 to 65 of 146, columns 100 to 149 of 164]
4.9518387e-01 4.9426756e-01 5.3460530e-01 1.0665608e+00 1.4189048e+00 1.0875682e+00 8.8313670e-01 8.5363975e-01 5.7924453e-01 5.0773443e-01 5.0684521e-01 5.0792082e-01 5.0854344e-01 5.1047452e-01 5.1262205e-01 5.7907110e-01 1.0009042e+00 1.6456534e+00 1.4694460e+00 8.2869882e-01 5.4439941e-01 5.1354143e-01 4.2918646e-01 2.9224220e-01 1.5136817e-01 6.0553980e-03 1.8320527e-03 1.1568376e-03 9.9876607e-04 9.9624982e-04 9.8633309e-04 9.9997394e-04 9.5575894e-04 0.0000000e+00 0.0000000e+00 0.0000000e+00 0.0000000e+00 0.0000000e+00 0.0000000e+00 0.0000000e+00 0.0000000e+00 0.0000000e+00 0.0000000e+00 0.0000000e+00 0.0000000e+00 0.0000000e+00 0.0000000e+00 0.0000000e+00 0.0000000e+00 0.0000000e+00
4.8420715e-01 5.0165835e-01 9.4685394e-01 1.4819568e+00 9.1020762e-01 6.6455375e-01 6.8433339e-01 5.7125161e-01 4.9560112e-01 4.9522080e-01 4.9787588e-01 5.0021806e-01 5.0235759e-01 5.0704168e-01 5.2499996e-01 7.9441065e-01 1.4465737e+00 1.6661051e+00 1.0072476e+00 5.8023741e-01 5.1811469e-01 4.9160534e-01 3.5279432e-01 2.1249938e-01 7.2040800e-02 1.0001431e-03 1.2930848e-03 9.9909789e-04 9.9874694e-04 0.0000000e+00 0.0000000e+00 0.0000000e+00 0.0000000e+00 0.0000000e+00 0.0000000e+00 0.0000000e+00 0.0000000e+00 0.0000000e+00 0.0000000e+00 0.0000000e+00 0.0000000e+00 0.0000000e+00 0.0000000e+00 0.0000000e+00 0.0000000e+00 0.0000000e+00 0.0000000e+00 0.0000000e+00 0.0000000e+00 0.0000000e+00
4.9002624e-01 7.6967179e-01 1.4451445e+00 1.3463287e+00 6.6452005e-01 5.9525510e-01 5.4513737e-01 4.8991888e-01 4.9181641e-01 4.9026194e-01 4.9114409e-01 4.9284757e-01 4.9705973e-01 5.2379525e-01 6.9213381e-01 1.1747119e+00 1.7537025e+00 1.2828385e+00 6.9150711e-01 5.1836971e-01 5.1818353e-01 4.6878582e-01 3.3468436e-01 1.7248952e-01 8.1301568e-03 9.9224846e-04 9.9940110e-04 9.9847190e-04 9.9938701e-04 0.0000000e+00 0.0000000e+00 0.0000000e+00 0.0000000e+00 0.0000000e+00 0.0000000e+00 0.0000000e+00 0.0000000e+00 0.0000000e+00 0.0000000e+00 0.0000000e+00 0.0000000e+00 0.0000000e+00 0.0000000e+00 0.0000000e+00 0.0000000e+00 0.0000000e+00 0.0000000e+00 0.0000000e+00 0.0000000e+00 0.0000000e+00
9.3258895e-01 1.4819334e+00 1.5433226e+00 9.8490145e-01 6.1152740e-01 5.5524577e-01 4.9147038e-01 4.8491274e-01 4.8886102e-01 4.8695125e-01 4.8878086e-01 4.9231756e-01 5.6159082e-01 8.7917734e-01 1.3282919e+00 1.6909921e+00 1.4650633e+00 8.6171594e-01 5.4732805e-01 5.1507014e-01 5.2050604e-01 5.1215423e-01 4.2711081e-01 2.5077257e-01 4.0880268e-02 9.8717604e-04 9.9910654e-04 9.9848936e-04 9.9817111e-04 0.0000000e+00 0.0000000e+00 0.0000000e+00 0.0000000e+00 0.0000000e+00 0.0000000e+00 0.0000000e+00 0.0000000e+00 0.0000000e+00 0.0000000e+00 0.0000000e+00 0.0000000e+00 0.0000000e+00 0.0000000e+00 0.0000000e+00 0.0000000e+00 0.0000000e+00 0.0000000e+00 0.0000000e+00 0.0000000e+00 0.0000000e+00
1.4324366e+00 1.5584385e+00 1.1141979e+00 7.0111705e-01 6.1924318e-01 4.9566062e-01 4.7912108e-01 4.7997080e-01 4.7929436e-01 4.8260981e-01 4.8616928e-01 5.6581305e-01 8.8755475e-01 1.4611011e+00 1.6841686e+00 1.2069335e+00 8.3695002e-01 5.8011265e-01 5.0835825e-01 5.0958758e-01 5.1486484e-01 5.0239039e-01 4.5847776e-01 3.3972208e-01 1.1922100e-01 9.9315428e-04 9.9759585e-04 9.9651564e-04 9.9856510e-04 0.0000000e+00 0.0000000e+00 0.0000000e+00 0.0000000e+00 0.0000000e+00 0.0000000e+00 0.0000000e+00 0.0000000e+00 0.0000000e+00 0.0000000e+00 0.0000000e+00 0.0000000e+00 0.0000000e+00 0.0000000e+00 0.0000000e+00 0.0000000e+00 0.0000000e+00 0.0000000e+00 0.0000000e+00 0.0000000e+00 0.0000000e+00
1.3489187e+00 9.7318373e-01 6.5690629e-01 6.6742444e-01 6.1805690e-01 4.8404536e-01 4.7326003e-01 4.7487538e-01 4.7841010e-01 4.7775887e-01 5.3533395e-01 8.4668191e-01 1.4594899e+00 1.6703198e+00 1.1190149e+00 6.6360586e-01 5.1946751e-01 5.1007934e-01 5.0837473e-01 5.1076217e-01 5.0770423e-01 4.2500949e-01 2.9576124e-01 2.0758666e-01 4.2026143e-02 9.9693084e-04 1.1320840e-03 9.9883897e-04 0.0000000e+00 0.0000000e+00 0.0000000e+00 0.0000000e+00 0.0000000e+00 0.0000000e+00 0.0000000e+00 0.0000000e+00 0.0000000e+00 0.0000000e+00 0.0000000e+00 0.0000000e+00 0.0000000e+00 0.0000000e+00 0.0000000e+00 0.0000000e+00 0.0000000e+00 0.0000000e+00 0.0000000e+00 0.0000000e+00 0.0000000e+00 0.0000000e+00
6.0726124e-01 4.7430512e-01 5.3673339e-01 6.3934579e-01 6.6028157e-01 5.6001940e-01 4.7080380e-01 4.6872262e-01 4.7407014e-01 5.0449648e-01 7.8464511e-01 1.3736710e+00 1.6786905e+00 1.1323147e+00 6.5201496e-01 5.0432640e-01 5.0185214e-01 5.0899731e-01 5.0852200e-01 5.1110924e-01 5.1383906e-01 4.5078252e-01 2.9219999e-01 1.1402773e-01 9.7561821e-04 1.7979744e-03 1.0007459e-03 9.9998570e-04 2.1375835e-04 0.0000000e+00 0.0000000e+00 0.0000000e+00 0.0000000e+00 0.0000000e+00 0.0000000e+00 0.0000000e+00 0.0000000e+00 0.0000000e+00 0.0000000e+00 0.0000000e+00 0.0000000e+00 0.0000000e+00 0.0000000e+00 0.0000000e+00 0.0000000e+00 0.0000000e+00 0.0000000e+00 0.0000000e+00 0.0000000e+00 0.0000000e+00
4.5849580e-01 4.5706032e-01 4.6867229e-01 5.1736371e-01 5.5858497e-01 5.6645395e-01 4.7855031e-01 4.5931382e-01 4.8080853e-01 7.0399417e-01 1.2478118e+00 1.7134328e+00 1.1854828e+00 6.8829258e-01 5.0151561e-01 4.9472644e-01 5.0101302e-01 5.0768541e-01 5.0812941e-01 5.0995757e-01 5.0162830e-01 4.0035986e-01 2.6690212e-01 7.7629506e-02 1.0013852e-03 2.4586080e-03 1.2156891e-03 1.0005015e-03 9.9706902e-04 3.5961031e-04 0.0000000e+00 0.0000000e+00 0.0000000e+00 0.0000000e+00 0.0000000e+00 0.0000000e+00 0.0000000e+00 0.0000000e+00 0.0000000e+00 0.0000000e+00 0.0000000e+00 0.0000000e+00 0.0000000e+00 0.0000000e+00 0.0000000e+00 0.0000000e+00 0.0000000e+00 0.0000000e+00 0.0000000e+00 0.0000000e+00
4.4036256e-01 4.4025296e-01 4.4059191e-01 4.4824793e-01 4.5012160e-01 4.5583508e-01 4.4345830e-01 4.5096152e-01 6.0959244e-01 1.1407472e+00 1.6908569e+00 1.2850193e+00 7.1802447e-01 4.9034452e-01 4.8327958e-01 4.9114781e-01 4.9741018e-01 4.9530805e-01 4.7175332e-01 4.2618415e-01 3.5801158e-01 2.5353987e-01 1.1766189e-01 9.8378367e-04 3.8519374e-03 2.9447039e-03 1.8487680e-03 1.0373805e-03 9.9738407e-04 9.9896903e-04 4.3798407e-04 0.0000000e+00 0.0000000e+00 0.0000000e+00 0.0000000e+00 0.0000000e+00 0.0000000e+00 0.0000000e+00 0.0000000e+00 0.0000000e+00 0.0000000e+00 0.0000000e+00 0.0000000e+00 0.0000000e+00 0.0000000e+00 0.0000000e+00 0.0000000e+00 0.0000000e+00 0.0000000e+00 0.0000000e+00
4.2099923e-01 4.2189077e-01 4.2276796e-01 4.2885017e-01 4.2644227e-01 4.2314882e-01 4.3358876e-01 6.0299945e-01 1.0299291e+00 1.6383893e+00 1.3872157e+00 7.7642265e-01 4.8358633e-01 4.2942414e-01 4.1769573e-01 3.9887580e-01 3.7124014e-01 3.4280529e-01 2.7788749e-01 2.0959785e-01 1.2987610e-01 4.0900809e-02 9.8523030e-04 4.0452594e-03 3.7880226e-03 2.9357696e-03 2.0174759e-03 1.2244763e-03 9.9987063e-04 9.9733045e-04 9.9754849e-04 2.0593577e-05 3.6915611e-04 0.0000000e+00 0.0000000e+00 0.0000000e+00 0.0000000e+00 0.0000000e+00 0.0000000e+00 0.0000000e+00 0.0000000e+00 0.0000000e+00 0.0000000e+00 0.0000000e+00 0.0000000e+00 0.0000000e+00 0.0000000e+00 0.0000000e+00 0.0000000e+00 0.0000000e+00
3.9750272e-01 4.0012706e-01 4.0214218e-01 4.0597897e-01 4.0379722e-01 4.1413027e-01 6.2071027e-01 1.1455532e+00 1.5978766e+00 1.4633583e+00 8.6338767e-01 4.9508626e-01 3.5632055e-01 2.8500972e-01 2.3170470e-01 1.8011579e-01 1.3107572e-01 6.8207497e-02 3.5809152e-02 9.9678342e-04 1.0024502e-03 1.8384442e-03 4.0054607e-03 3.9860518e-03 3.5730727e-03 2.8834496e-03 2.0330786e-03 1.2214013e-03 9.9898056e-04 9.9674142e-04 9.9931214e-04 9.9927392e-04 9.9720736e-04 6.3052046e-04 2.5297531e-04 0.0000000e+00 0.0000000e+00 0.0000000e+00 0.0000000e+00 0.0000000e+00 0.0000000e+00 0.0000000e+00 0.0000000e+00 0.0000000e+00 0.0000000e+00 0.0000000e+00 0.0000000e+00 0.0000000e+00 0.0000000e+00 0.0000000e+00
3.6655401e-01 3.7208261e-01 3.7658641e-01 3.8059597e-01 4.0724448e-01 6.4587418e-01 1.1904477e+00 1.6951712e+00 1.6052627e+00 1.0322775e+00 5.3661815e-01 3.5263039e-01 2.5047053e-01 1.6567808e-01 8.0775018e-02 3.5358459e-02 9.9762222e-04 9.9214267e-04 1.7680017e-03 3.5390647e-03 3.6142594e-03 3.6892456e-03 3.6625613e-03 3.7638557e-03 3.5145152e-03 2.9826533e-03 2.1862060e-03 1.3646992e-03 1.0003774e-03 9.9946517e-04 9.9907078e-04 9.9734034e-04 9.9896841e-04 9.9772629e-04 9.9769818e-04 0.0000000e+00 0.0000000e+00 0.0000000e+00 0.0000000e+00 0.0000000e+00 0.0000000e+00 0.0000000e+00 0.0000000e+00 0.0000000e+00 0.0000000e+00 0.0000000e+00 0.0000000e+00 0.0000000e+00 0.0000000e+00 0.0000000e+00
3.3304596e-01 3.4214481e-01 3.5313805e-01 4.0272079e-01 6.7111947e-01 1.1994428e+00 1.6658010e+00 1.5750473e+00 1.0364720e+00 5.9255858e-01 4.1158947e-01 3.4172674e-01 2.5836559e-01 1.7488529e-01 7.0169558e-02 1.0071259e-03 2.3232643e-03 2.3854351e-03 3.0776750e-03 3.0293500e-03 3.3923022e-03 3.5109577e-03 3.2764712e-03 3.6087244e-03 3.4940694e-03 3.0697998e-03 2.5742173e-03 1.8462176e-03 1.1130001e-03 1.0006762e-03 9.9878197e-04 9.9848142e-04 9.9865896e-04 9.9924376e-04 9.9893915e-04 0.0000000e+00 0.0000000e+00 0.0000000e+00 0.0000000e+00 0.0000000e+00 0.0000000e+00 0.0000000e+00 0.0000000e+00 0.0000000e+00 0.0000000e+00 0.0000000e+00 0.0000000e+00 0.0000000e+00 0.0000000e+00 0.0000000e+00
6.5423942e-01 6.6409044e-01 7.1583221e-01 9.2120833e-01 1.3340261e+00 1.6682994e+00 1.5130762e+00 1.0605053e+00 6.8293026e-01 5.1438859e-01 4.4601236e-01 3.9161315e-01 3.3405851e-01 2.1780649e-01 1.0483203e-01 1.0858584e-03 5.2194935e-03 3.3633365e-03 1.4445762e-03 1.3455991e-03 1.9837445e-03 3.3330204e-03 3.8792755e-03 3.2468554e-03 3.2516972e-03 3.1074101e-03 2.9365264e-03 2.4500252e-03 1.7053704e-03 1.0061849e-03 9.9826264e-04 9.9929957e-04 9.9895086e-04 9.9874017e-04 9.9881575e-04 0.0000000e+00 0.0000000e+00 0.0000000e+00 0.0000000e+00 0.0000000e+00 0.0000000e+00 0.0000000e+00 0.0000000e+00 0.0000000e+00 0.0000000e+00 0.0000000e+00 0.0000000e+00 0.0000000e+00 0.0000000e+00 0.0000000e+00
1.5320079e+00 1.5438256e+00 1.5624498e+00 1.6319359e+00 1.6645656e+00 1.4074901e+00 1.0100644e+00 7.4990263e-01 6.5494653e-01 5.6395824e-01 4.7964072e-01 4.0069575e-01 3.5783559e-01 2.4631151e-01 1.3087907e-01 8.9445630e-03 5.3187636e-03 4.2539160e-03 2.3348113e-03 1.9910412e-03 1.7511974e-03 1.2930902e-03 2.2293496e-03 2.6768453e-03 2.6529227e-03 2.6530123e-03 2.6470177e-03 2.4526743e-03 1.8651522e-03 1.0428792e-03 9.9819140e-04 9.9930407e-04 9.9874644e-04 9.9798748e-04 9.9832948e-04 9.9954235e-04 0.0000000e+00 0.0000000e+00 0.0000000e+00 0.0000000e+00 0.0000000e+00 0.0000000e+00 0.0000000e+00 0.0000000e+00 0.0000000e+00 0.0000000e+00 0.0000000e+00 0.0000000e+00 0.0000000e+00 0.0000000e+00
1.2887849e+00 1.3229413e+00 1.3267427e+00 1.2971865e+00 1.1643226e+00 9.3902761e-01 7.4511857e-01 6.9995257e-01 6.1980001e-01 5.5055668e-01 4.8200378e-01 4.0342933e-01 3.6831964e-01 2.6762548e-01 1.5385926e-01 2.7145626e-02 2.7577340e-03 6.6011497e-03 7.8986352e-03 5.9035343e-03 4.1144312e-03 3.1245831e-03 2.6637059e-03 2.3595274e-03 1.9379442e-03 1.7602148e-03 1.4676150e-03 1.4614835e-03 1.0990738e-03 9.9904850e-04 9.9875355e-04 9.9892858e-04 9.9869560e-04 9.9885540e-04 9.9921032e-04 9.9945887e-04 9.9960406e-04 9.9923996e-04 0.0000000e+00 0.0000000e+00 0.0000000e+00 0.0000000e+00 0.0000000e+00 0.0000000e+00 0.0000000e+00 0.0000000e+00 0.0000000e+00 0.0000000e+00 0.0000000e+00 0.0000000e+00
6.6413478e-01 7.3575444e-01 7.7968459e-01 7.8849590e-01 7.7352018e-01 7.4345057e-01 6.8870003e-01 6.7381656e-01 6.0229903e-01 5.6413901e-01 4.8468499e-01 4.2655695e-01 3.7674772e-01 3.0906801e-01 1.9298915e-01 5.9734356e-02 4.0128077e-03 1.0035905e-02 5.9978385e-03 5.8761260e-03 5.3795565e-03 4.3827688e-03 3.4189642e-03 2.5204227e-03 1.9879312e-03 1.2583342e-03 9.9808397e-04 9.9889750e-04 9.9638173e-04 9.9632476e-04 9.9609489e-04 9.9823838e-04 9.9897322e-04 9.9989956e-04 9.9961584e-04 9.9862913e-04 9.9996865e-04 9.9986279e-04 9.9992806e-04 2.2313424e-04 0.0000000e+00 0.0000000e+00 0.0000000e+00 0.0000000e+00 0.0000000e+00 0.0000000e+00 0.0000000e+00 0.0000000e+00 0.0000000e+00 0.0000000e+00
5.3957871e-01 5.8725939e-01 5.8460030e-01 6.2591604e-01 6.4702907e-01 6.6383570e-01 6.6499421e-01 6.2214696e-01 5.8008630e-01 5.5866661e-01 4.8248916e-01 4.3895951e-01 3.7904207e-01 3.1496954e-01 1.9698637e-01 6.6961865e-02 1.8894289e-03 7.4973587e-03 5.0867757e-03 2.8316310e-03 9.9733860e-04 9.9695200e-04 1.0026767e-03 1.0003089e-03 1.0003897e-03 1.0190853e-03 1.4370773e-03 1.5852378e-03 1.5691707e-03 1.1283792e-03 9.9981661e-04 9.9779838e-04 9.9962799e-04 9.9938908e-04 9.9941156e-04 9.9952388e-04 9.9992678e-04 9.9948228e-04 9.9875047e-04 9.9903756e-04 9.9874011e-04 0.0000000e+00 0.0000000e+00 0.0000000e+00 0.0000000e+00 0.0000000e+00 0.0000000e+00 0.0000000e+00 0.0000000e+00 0.0000000e+00
3.9447113e-01 4.0292575e-01 4.3913512e-01 4.9923335e-01 5.3145173e-01 5.6348201e-01 5.7512528e-01 5.6861225e-01 5.6535339e-01 5.2616598e-01 4.7297206e-01 4.0617755e-01 3.7460061e-01 3.0915003e-01 1.8922695e-01 3.9600741e-02 4.2586500e-03 6.2105737e-03 2.6862838e-03 9.9773192e-04 9.9576420e-04 9.9719214e-04 9.9794793e-04 1.4559806e-03 2.1356531e-03 2.5033330e-03 2.7261055e-03 2.7904067e-03 2.6814285e-03 2.2496642e-03 1.4727061e-03 9.9919247e-04 9.9941582e-04 9.9833391e-04 9.9843733e-04 9.9918770e-04 9.9996939e-04 9.9957635e-04 9.9987114e-04 9.9893518e-04 9.9964180e-04 9.9882149e-04 0.0000000e+00 0.0000000e+00 0.0000000e+00 0.0000000e+00 0.0000000e+00 0.0000000e+00 0.0000000e+00 0.0000000e+00
3.2036280e-01 3.3149829e-01 3.4403633e-01 3.6690992e-01 4.0633978e-01 4.3846016e-01 4.5828071e-01 4.9160791e-01 4.9680211e-01 4.7591216e-01 4.5815781e-01 3.8939208e-01 3.6625947e-01 2.7392698e-01 1.4940519e-01 2.5879654e-02 8.3617032e-03 7.4111397e-03 4.5936823e-03 9.9864199e-04 9.9302161e-04 1.0010838e-03 1.6002173e-03 2.7655633e-03 3.1391172e-03 3.2169248e-03 3.3299442e-03 3.4001712e-03 3.2578761e-03 3.0049746e-03 2.5486118e-03 1.7269939e-03 1.0113638e-03 9.9935368e-04 9.9929834e-04 9.9946154e-04 9.9881797e-04 9.9895823e-04 9.9933228e-04 9.9927531e-04 9.9930095e-04 9.9939033e-04 9.9908701e-04 9.9979627e-04 0.0000000e+00 0.0000000e+00 0.0000000e+00 0.0000000e+00 0.0000000e+00 0.0000000e+00
3.0905825e-01 3.2016635e-01 3.3023562e-01 3.4094320e-01 3.4722466e-01 3.5465342e-01 3.6394674e-01 3.8631244e-01 3.9869027e-01 3.9913858e-01 3.8484062e-01 3.6870838e-01 3.5791357e-01 2.6614224e-01 1.3950370e-01 2.7792347e-02 2.9363687e-02 2.9872730e-02 2.6619923e-02 2.2513847e-02 1.5964460e-02 6.8263625e-03 3.1646838e-03 1.2788635e-03 2.5880513e-03 3.9342945e-03 4.0112552e-03 3.8985481e-03 3.7129834e-03 3.5024782e-03 3.1105520e-03 2.5013580e-03 1.7977529e-03 1.0091608e-03 9.9952655e-04 9.9914773e-04 9.9972992e-04 9.9981862e-04 9.9941824e-04 9.9878351e-04 9.9966341e-04 9.9869913e-04 9.9874252e-04 9.9886671e-04 9.9934818e-04 9.9930312e-04 9.9984279e-04 0.0000000e+00 0.0000000e+00 0.0000000e+00
2.9658592e-01 3.0881691e-01 3.2051636e-01 3.3104869e-01 3.3759304e-01 3.4431426e-01 3.5009165e-01 3.5498941e-01 3.6017259e-01 3.6014302e-01 3.4995666e-01 3.2299543e-01 2.5653771e-01 1.5114217e-01 2.9599417e-02 1.9625571e-03 2.7196759e-03 1.5648649e-03 2.4787192e-03 5.5116402e-03 1.0987499e-02 1.6698261e-02 1.4501143e-02 9.2394253e-03 7.8018646e-03 5.3217868e-03 4.7156898e-03 4.2876874e-03 3.8599396e-03 3.3220335e-03 2.8717470e-03 2.5556168e-03 2.2757686e-03 1.9135987e-03 1.1293708e-03 9.9970035e-04 9.9957585e-04 9.9887893e-04 9.9922004e-04 9.9989966e-04 9.9964072e-04 9.9902962e-04 9.9848992e-04 9.9860767e-04 9.9881250e-04 9.9872891e-04 9.9957152e-04 9.9959450e-04 0.0000000e+00 0.0000000e+00
