presentation/data/depth_0049.asc
ncols     164
nrows     146
xllcorner -1.242151388888889e+02
yllcorner  4.172986111111111e+01
cellsize  2.777777777820000e-04
nodata_value       -9999
[rows 110 to 131 of 146, columns 50 to 99 of 164]
1.1238258e+01 1.0654851e+01 9.4592742e+00 7.6144652e+00 5.9409069e+00 5.0952300e+00 4.6528573e+00 4.7604680e+00 4.2908984e+00 5.6224183e+00 7.0064309e+00 7.4552631e+00 7.6087991e+00 6.0814531e+00 5.5189872e+00 5.2649408e+00 1.8625268e+00 1.0057570e-01 5.1299474e+00 5.8224483e+00 6.0602041e+00 6.4564473e+00 6.7950223e+00 7.0677763e+00 7.2476461e+00 7.2962473e+00 7.2135932e+00 7.3317868e+00 7.7725229e+00 8.1405540e+00 8.5084030e+00 8.6359050e+00 8.9519902e+00 9.0213204e+00 9.1285091e+00 9.2201050e+00 9.3379268e+00 9.4097304e+00 9.4536600e+00 9.4831083e+00 9.5360579e+00 9.5466445e+00 9.5321874e+00 9.4539854e+00 9.4172001e+00 9.3967842e+00 9.4628570e+00 9.5486229e+00 9.6283085e+00 9.7196464e+00
1.2745413e+01 1.2755508e+01 1.1499752e+01 8.6224060e+00 5.3471052e+00 3.9525707e+00 4.7989102e+00 4.7290522e+00 5.7432912e+00 6.9247797e+00 7.9669528e+00 8.9144909e+00 9.6006256e+00 5.5137974e+00 5.9957043e+00 6.9770073e+00 4.6203401e+00 4.9362678e-02 1.8771036e+00 5.1414528e+00 5.6921274e+00 6.0493703e+00 6.3948605e+00 6.6671402e+00 6.8828197e+00 7.0061562e+00 7.0436492e+00 6.9722502e+00 7.1905354e+00 7.7113589e+00 8.1135522e+00 8.4368656e+00 8.6479480e+00 8.9306430e+00 9.0270820e+00 9.1235427e+00 9.2132794e+00 9.2989858e+00 9.3467118e+00 9.3892515e+00 9.3979185e+00 9.3759140e+00 9.3194829e+00 9.2732733e+00 9.2726052e+00 9.3241303e+00 9.4392580e+00 9.5653421e+00 9.6843776e+00 9.7806190e+00
1.3850109e+01 1.4081857e+01 1.3226557e+01 9.9358009e+00 6.9674330e-01 0.0000000e+00 4.4353411e-04 4.6530695e+00 6.1535494e+00 7.7142067e+00 9.1042784e+00 1.0134790e+01 1.1016874e+01 1.1198930e+01 1.1435525e+01 1.1101646e+01 9.6627487e+00 3.5087024e+00 1.7805428e-04 2.8445686e+00 5.4123543e+00 5.7350886e+00 6.0402084e+00 6.3200215e+00 6.5487287e+00 6.7155550e+00 6.8212571e+00 6.8459409e+00 6.8765838e+00 7.2828290e+00 7.7512370e+00 8.1099206e+00 8.3984153e+00 8.6278985e+00 8.7784433e+00 8.8174976e+00 8.7462592e+00 8.8340127e+00 8.8882391e+00 8.9399812e+00 8.9988676e+00 9.0117953e+00 9.0424919e+00 9.0673694e+00 9.1301986e+00 9.2562796e+00 9.4621645e+00 9.6247085e+00 9.7711717e+00 9.9019971e+00
1.4864672e+01 1.3947059e+01 1.3989159e+01 1.1150115e+01 1.7759926e+00 0.0000000e+00 0.0000000e+00 6.9027058e-04 8.3735303e+00 9.3074571e+00 1.0600476e+01 1.1048157e+01 1.1656489e+01 1.2062424e+01 1.2515186e+01 1.2051066e+01 1.1762566e+01 1.0249843e+01 2.4990899e+00 2.1575689e-01 4.8525321e+00 5.5296726e+00 5.7106189e+00 6.0040280e+00 6.2357670e+00 6.4405104e+00 6.6007045e+00 6.7490821e+00 6.9478364e+00 7.0962773e+00 7.5278800e+00 7.8853941e+00 8.1601182e+00 8.3136382e+00 8.2732271e+00 8.0308606e+00 7.8974558e+00 7.9779806e+00 8.1966114e+00 8.3583551e+00 8.4949923e+00 8.6241026e+00 8.7904976e+00 8.9665754e+00 9.0938693e+00 9.2718888e+00 9.4699717e+00 9.7067550e+00 9.9100379e+00 1.0060934e+01
1.5366396e+01 1.5751167e+01 1.5398852e+01 1.3575957e+01 1.0114765e+01 7.1868374e+00 3.6817840e+00 5.2782343e+00 1.1650267e+01 1.0975620e+01 1.2036592e+01 1.0743723e+01 1.1823241e+01 1.2288656e+01 1.2742814e+01 1.2647272e+01 1.1998991e+01 1.1559696e+01 8.7231891e+00 8.0411855e-01 2.1523838e+00 5.4542518e+00 5.4885191e+00 5.7049137e+00 5.9578472e+00 6.1920727e+00 6.3842595e+00 6.6111364e+00 6.9507148e+00 7.2973497e+00 7.4144020e+00 7.6484871e+00 7.8020072e+00 7.7146876e+00 7.4166956e+00 7.2030883e+00 7.2281430e+00 7.6541544e+00 7.9694672e+00 8.0659122e+00 8.2451055e+00 8.4018149e+00 8.6685094e+00 8.9425578e+00 9.1590210e+00 9.3549593e+00 9.6193571e+00 9.8993906e+00 1.0166287e+01 1.0291826e+01
1.5501953e+01 1.6000865e+01 1.5739532e+01 1.2497797e+01 1.3587862e+01 1.3312110e+01 1.2307057e+01 1.3081522e+01 1.3425381e+01 1.3234098e+01 1.2743351e+01 1.2410786e+01 1.3779015e+01 1.3726120e+01 1.3094420e+01 1.3081990e+01 1.3105717e+01 1.2223403e+01 9.8456177e+00 5.4512353e+00 1.8288856e-01 4.1202622e+00 5.4735171e+00 5.5009169e+00 5.7225832e+00 5.9422737e+00 6.1635715e+00 6.4194478e+00 6.7931527e+00 7.1761933e+00 7.4480573e+00 7.3904692e+00 7.3089515e+00 6.9787536e+00 6.7886004e+00 6.7547426e+00 6.9010778e+00 7.4031835e+00 7.8805960e+00 7.9441245e+00 8.1650839e+00 8.4354169e+00 8.7301560e+00 9.0002746e+00 9.2375270e+00 9.4840731e+00 9.7923555e+00 1.0132086e+01 1.0473215e+01 1.0580253e+01
1.5855524e+01 1.6012980e+01 1.6107584e+01 1.6632431e+01 1.5950375e+01 1.5665700e+01 1.5572729e+01 1.5348883e+01 1.4796392e+01 1.4144102e+01 1.4047405e+01 1.4131877e+01 1.4147326e+01 1.3999985e+01 1.3585419e+01 1.3835647e+01 1.3652924e+01 1.2902291e+01 1.1799217e+01 8.8121110e+00 2.8790853e+00 1.2728987e-01 4.5451768e+00 5.4436826e+00 5.5445729e+00 5.7564244e+00 5.9862667e+00 6.2273797e+00 6.5577063e+00 6.8750552e+00 7.1794880e+00 7.1332875e+00 6.7927457e+00 6.5772344e+00 6.4963579e+00 6.6168998e+00 6.7842280e+00 7.0544503e+00 7.3990450e+00 7.7955387e+00 8.1619872e+00 8.5154987e+00 8.8424602e+00 9.0953972e+00 9.3276089e+00 9.5964655e+00 9.9692328e+00 1.0710997e+01 1.0755939e+01 1.0667774e+01
1.7088652e+01 1.6959541e+01 1.6638311e+01 1.6024362e+01 1.6459948e+01 1.6267483e+01 1.5876300e+01 1.5811556e+01 1.4985429e+01 1.4798563e+01 1.4656083e+01 1.4851529e+01 1.4876745e+01 1.4579603e+01 1.3722075e+01 1.3755925e+01 1.3418163e+01 1.2751630e+01 1.2887171e+01 1.2260971e+01 8.6184589e+00 3.4842319e-03 1.5907418e+00 4.9489391e+00 5.4268129e+00 5.5094817e+00 5.6481663e+00 5.8186815e+00 6.0203639e+00 6.2136344e+00 6.4188617e+00 6.5244565e+00 6.4566549e+00 6.3348744e+00 6.3040812e+00 6.3829401e+00 6.6281552e+00 6.9877382e+00 7.3666999e+00 7.8915801e+00 8.3021757e+00 8.6025053e+00 8.9607594e+00 9.2466989e+00 9.4858236e+00 9.7286826e+00 9.7332052e+00 1.0090871e+01 1.0797853e+01 1.0816403e+01
1.7385485e+01 1.7849885e+01 1.7600517e+01 1.7255300e+01 1.6879643e+01 1.6213201e+01 1.6034900e+01 1.5855859e+01 1.5773767e+01 1.5375893e+01 1.4853320e+01 1.5127277e+01 1.5045654e+01 1.4990881e+01 1.4209076e+01 1.3256478e+01 1.3997178e+01 1.2960979e+01 1.2302600e+01 1.2766391e+01 1.0791868e+01 1.3928225e+00 7.4882695e-04 2.7522354e+00 4.9792769e+00 5.4139327e+00 5.5568931e+00 5.5216406e+00 5.5649140e+00 5.5975058e+00 5.6028819e+00 5.7652804e+00 5.9371022e+00 6.0661601e+00 6.0205546e+00 6.1405236e+00 6.4650231e+00 6.9281143e+00 7.4663957e+00 7.9987505e+00 8.5546867e+00 8.8565263e+00 9.1932919e+00 9.4553721e+00 9.7409863e+00 1.0009365e+01 1.0207896e+01 1.0408812e+01 1.0812202e+01 1.1051659e+01
1.7469454e+01 1.7113526e+01 1.7575587e+01 1.7277547e+01 1.6776833e+01 1.5937138e+01 1.6246394e+01 1.6164860e+01 1.6387998e+01 1.5995351e+01 1.5014458e+01 1.4891630e+01 1.4496172e+01 1.5411722e+01 1.5366091e+01 1.4428650e+01 1.4391312e+01 1.3240695e+01 1.3673945e+01 1.3137907e+01 1.2717142e+01 5.9038099e+00 0.0000000e+00 8.9422842e-04 2.0231732e+00 4.7722275e+00 4.8344296e+00 5.1174281e+00 4.9755416e+00 5.1911354e+00 5.1657895e+00 5.1128916e+00 5.3431207e+00 5.5563950e+00 5.8670982e+00 5.9479361e+00 6.2839733e+00 7.0122157e+00 7.7374056e+00 8.3879586e+00 8.9009699e+00 9.2228433e+00 9.5575481e+00 9.8315033e+00 1.0116705e+01 1.0387082e+01 1.0699571e+01 1.0982901e+01 1.1157120e+01 1.1328400e+01
1.7659885e+01 1.7770347e+01 1.7614439e+01 1.7066051e+01 1.6799094e+01 1.6679139e+01 1.6743718e+01 1.6371456e+01 1.5425203e+01 1.6359058e+01 1.5504118e+01 1.5103059e+01 1.5093241e+01 1.5186242e+01 1.5687897e+01 1.5642799e+01 1.5152087e+01 1.4696985e+01 1.3998701e+01 1.2629144e+01 1.3256766e+01 1.1101757e+01 2.1018865e+00 8.4468448e-04 9.5671527e-04 4.3937465e-04 8.0606990e-04 2.5385348e-01 1.0544303e+00 1.8840672e+00 4.4141906e+00 3.8362463e+00 5.2026964e+00 5.1486342e+00 5.2764179e+00 6.1361756e+00 6.4508100e+00 7.0757270e+00 8.2729851e+00 9.1342485e+00 9.5080297e+00 9.7528504e+00 1.0057853e+01 1.0341972e+01 1.0621497e+01 1.0858996e+01 1.1131579e+01 1.1376378e+01 1.1570504e+01 1.1707761e+01
1.7984482e+01 1.7799098e+01 1.7921863e+01 1.7488117e+01 1.6960140e+01 1.6846621e+01 1.6631439e+01 1.6577821e+01 1.6337604e+01 1.6896876e+01 1.5986780e+01 1.5512971e+01 1.5266000e+01 1.5392132e+01 1.5881375e+01 1.5407436e+01 1.5706568e+01 1.4972566e+01 1.4177314e+01 1.3805852e+01 1.3586513e+01 1.4054394e+01 1.0649537e+01 3.9366591e+00 1.3217330e+00 7.4310988e-04 9.4559988e-04 3.2731453e-03 9.9397425e-04 3.4772444e-02 2.8463103e-01 8.0961518e-02 4.2562030e-01 7.3064635e-01 1.2906951e+00 2.6667425e+00 3.7716407e+00 5.3094669e+00 9.7473959e+00 1.0122768e+01 1.0290043e+01 1.0503041e+01 1.0774651e+01 1.1008295e+01 1.1242543e+01 1.1435619e+01 1.1640102e+01 1.1776728e+01 1.1933121e+01 1.2116417e+01
1.8410893e+01 1.8317638e+01 1.8187930e+01 1.7729659e+01 1.7261649e+01 1.7073099e+01 1.6977740e+01 1.6956777e+01 1.6984708e+01 1.6763933e+01 1.6291593e+01 1.6022647e+01 1.5929524e+01 1.5945597e+01 1.6293312e+01 1.6165067e+01 1.4878323e+01 1.5037852e+01 1.4775909e+01 1.4293687e+01 1.3414788e+01 1.4298772e+01 1.3949897e+01 1.1556419e+01 1.0133214e+01 5.5814180e+00 4.5785291e+00 6.2347884e+00 1.0850546e+01 1.0839472e+01 1.1257672e+01 1.0824357e+01 9.5564053e+00 8.2834017e+00 6.3565476e+00 4.4783217e+00 2.2684024e+00 3.2793846e+00 1.1447264e+01 1.1623558e+01 1.1369114e+01 1.1437571e+01 1.1592366e+01 1.1743109e+01 1.1872716e+01 1.2013085e+01 1.2106645e+01 1.2176568e+01 1.2172730e+01 1.2393581e+01
1.8174100e+01 1.8311053e+01 1.8303639e+01 1.7969861e+01 1.7765465e+01 1.6258925e+01 1.7090833e+01 1.7506801e+01 1.7166209e+01 1.6919812e+01 1.6681566e+01 1.6614265e+01 1.6470004e+01 1.6554202e+01 1.6473086e+01 1.6242026e+01 1.6354648e+01 1.4944699e+01 1.5275805e+01 1.4955512e+01 1.4658211e+01 1.4459084e+01 1.4309445e+01 1.4245733e+01 1.3050782e+01 8.0583346e+00 6.7117016e+00 8.4498494e+00 1.1089050e+01 1.3896352e+01 1.3785729e+01 1.3461849e+01 1.3700575e+01 1.3307646e+01 1.3046674e+01 1.3652376e+01 1.3345124e+01 1.2645663e+01 1.3081516e+01 1.2575298e+01 1.2357348e+01 1.2323831e+01 1.2363543e+01 1.2396538e+01 1.2434890e+01 1.2516753e+01 1.2590759e+01 1.2601323e+01 1.2451982e+01 1.2426834e+01
1.8828317e+01 1.8763038e+01 1.8576334e+01 1.8371137e+01 1.8057809e+01 1.4415955e+01 1.7087747e+01 1.8023032e+01 1.7648375e+01 1.7437305e+01 1.7270262e+01 1.7192620e+01 1.6953481e+01 1.6922323e+01 1.6846874e+01 1.6535971e+01 1.6374764e+01 1.5204106e+01 1.5333398e+01 1.5781446e+01 1.5740227e+01 1.5139560e+01 1.4432469e+01 1.4343422e+01 1.4075963e+01 1.1431641e+01 8.4540404e+00 8.7067284e+00 1.1064172e+01 1.3866415e+01 1.3143171e+01 1.3767874e+01 1.3541876e+01 1.3928865e+01 1.4213819e+01 1.4115552e+01 1.3105554e+01 1.3456069e+01 1.3213237e+01 1.3042142e+01 1.2943653e+01 1.2892764e+01 1.2853377e+01 1.2854186e+01 1.2856052e+01 1.2881235e+01 1.2949805e+01 1.2259966e+01 1.2691180e+01 1.2795489e+01
1.9094538e+01 1.9006485e+01 1.8951812e+01 1.8715270e+01 1.8731201e+01 1.8683134e+01 1.8661039e+01 1.8573762e+01 1.8473678e+01 1.8253143e+01 1.7962448e+01 1.7886666e+01 1.7554500e+01 1.7586626e+01 1.7339204e+01 1.6966342e+01 1.5198872e+01 1.6280703e+01 1.6240697e+01 1.5747757e+01 1.5669440e+01 1.6020840e+01 1.5296179e+01 1.4850494e+01 1.4521579e+01 1.4001458e+01 1.1249707e+01 1.1015108e+01 1.4120515e+01 1.3848818e+01 1.3219444e+01 1.3805986e+01 1.3094308e+01 1.3340993e+01 1.4193985e+01 1.4187883e+01 1.4431978e+01 1.3849051e+01 1.3524184e+01 1.3418833e+01 1.3313020e+01 1.3243932e+01 1.3212409e+01 1.3184680e+01 1.3193100e+01 1.3157244e+01 1.3103974e+01 1.1871894e+01 1.2238307e+01 1.3022065e+01
1.9384961e+01 1.9294044e+01 1.9253460e+01 1.9221668e+01 1.9118691e+01 1.8977657e+01 1.8942013e+01 1.8636464e+01 1.8870832e+01 1.8633002e+01 1.8637555e+01 1.8159221e+01 1.8030632e+01 1.7864925e+01 1.7719324e+01 1.7242512e+01 1.6574830e+01 1.6931559e+01 1.6873619e+01 1.6762971e+01 1.6255019e+01 1.6725740e+01 1.6194367e+01 1.5523132e+01 1.5208516e+01 1.4410304e+01 1.4628071e+01 1.5055138e+01 1.4711973e+01 1.4191446e+01 1.3965153e+01 1.3933367e+01 1.3772941e+01 1.4051145e+01 1.4293944e+01 1.4606830e+01 1.4534394e+01 1.4269761e+01 1.3776619e+01 1.3621963e+01 1.3525390e+01 1.3449423e+01 1.3399930e+01 1.3345045e+01 1.3330551e+01 1.3301576e+01 1.3238452e+01 1.3285291e+01 1.3348684e+01 1.3329038e+01
1.9717112e+01 1.9623662e+01 1.9557601e+01 1.9581739e+01 1.9459224e+01 1.9306509e+01 1.9130012e+01 1.9009772e+01 1.8971534e+01 1.8818224e+01 1.8657162e+01 1.8601899e+01 1.8364389e+01 1.8106014e+01 1.8037060e+01 1.7911766e+01 1.7515626e+01 1.7217214e+01 1.7260900e+01 1.7156347e+01 1.7149293e+01 1.7179129e+01 1.6968295e+01 1.6122644e+01 1.5700320e+01 1.4915942e+01 1.5686605e+01 1.5327322e+01 1.4931982e+01 1.4444320e+01 1.4279628e+01 1.3797739e+01 1.3187329e+01 1.3939087e+01 1.2791172e+01 1.4317246e+01 1.4688035e+01 1.4399665e+01 1.4011807e+01 1.3786097e+01 1.3659722e+01 1.3561585e+01 1.3496417e+01 1.3426223e+01 1.3395004e+01 1.3400865e+01 1.3330786e+01 1.3361514e+01 1.3346412e+01 1.3355899e+01
2.0018362e+01 1.9920805e+01 1.9833938e+01 1.9781725e+01 1.9828347e+01 1.9660145e+01 1.9409332e+01 1.9210734e+01 1.9102363e+01 1.9022049e+01 1.8834965e+01 1.8764173e+01 1.8609578e+01 1.8498066e+01 1.8231857e+01 1.7812872e+01 1.7592932e+01 1.7223330e+01 1.7484635e+01 1.7487695e+01 1.7461711e+01 1.7291896e+01 1.7232159e+01 1.6510596e+01 1.6417520e+01 1.6190317e+01 1.5936286e+01 1.5555160e+01 1.5476107e+01 1.4904408e+01 1.4854603e+01 1.4498734e+01 1.3828477e+01 1.3949046e+01 1.4081686e+01 1.4863670e+01 1.4901213e+01 1.4442842e+01 1.4137032e+01 1.3946857e+01 1.3803394e+01 1.3689047e+01 1.3619888e+01 1.3541242e+01 1.3504370e+01 1.3491014e+01 1.3467189e+01 1.3508344e+01 1.3525226e+01 1.3482397e+01
2.0313738e+01 2.0360058e+01 2.0176827e+01 1.9906443e+01 1.9802335e+01 1.9703244e+01 1.9607030e+01 1.9404345e+01 1.9259475e+01 1.9220221e+01 1.9058351e+01 1.8942670e+01 1.8854477e+01 1.8915205e+01 1.8568593e+01 1.8577137e+01 1.7960765e+01 1.7231906e+01 1.7679642e+01 1.7852317e+01 1.7799240e+01 1.7581173e+01 1.7026547e+01 1.6767786e+01 1.6698742e+01 1.6660970e+01 1.6170258e+01 1.5351698e+01 1.5843109e+01 1.5916954e+01 1.4926683e+01 1.4808873e+01 1.4701040e+01 1.4210614e+01 1.4843456e+01 1.4888574e+01 1.3906922e+01 1.4418001e+01 1.4353953e+01 1.4141262e+01 1.3983856e+01 1.3868307e+01 1.3794509e+01 1.3724448e+01 1.3693740e+01 1.3702036e+01 1.3719247e+01 1.3350272e+01 1.3842534e+01 1.3777307e+01
2.0531176e+01 2.0331093e+01 2.0336282e+01 2.0108925e+01 1.9906219e+01 1.9857358e+01 1.9865060e+01 1.9675316e+01 1.9555769e+01 1.9496879e+01 1.9424751e+01 1.9334312e+01 1.9275794e+01 1.9238828e+01 1.8952627e+01 1.8829813e+01 1.8268760e+01 1.5198097e+01 1.7195053e+01 1.7666254e+01 1.7452000e+01 1.7397591e+01 1.7415484e+01 1.7301236e+01 1.7153595e+01 1.7212407e+01 1.6454924e+01 1.6032599e+01 1.4644206e+01 1.5412389e+01 1.5877600e+01 1.5570257e+01 1.5133453e+01 1.3884577e+01 1.4346800e+01 1.4093452e+01 1.3656049e+01 1.4503671e+01 1.4503320e+01 1.4309967e+01 1.4138158e+01 1.4019550e+01 1.3966201e+01 1.3945211e+01 1.3993867e+01 1.4070477e+01 1.4000514e+01 1.3633340e+01 1.3961401e+01 1.4138801e+01
2.0623246e+01 2.0522969e+01 2.0382971e+01 2.0282644e+01 2.0099514e+01 2.0041617e+01 2.0043569e+01 2.0046874e+01 1.9999980e+01 1.9921921e+01 1.9850545e+01 1.9735525e+01 1.9587090e+01 1.9364724e+01 1.9270155e+01 1.8856623e+01 1.8547513e+01 1.8097616e+01 1.8424102e+01 1.8028889e+01 1.7834999e+01 1.7288117e+01 1.6964857e+01 1.7436866e+01 1.7520837e+01 1.7599260e+01 1.6962988e+01 1.6494126e+01 1.6177989e+01 1.6173424e+01 1.5992553e+01 1.5594482e+01 1.5337900e+01 1.5330182e+01 1.5213851e+01 1.5180130e+01 1.5003437e+01 1.4898616e+01 1.4670820e+01 1.4483803e+01 1.4328941e+01 1.4213971e+01 1.4167715e+01 1.4185223e+01 1.4080435e+01 1.4071411e+01 1.4143426e+01 1.2085124e+01 1.1584887e+01 1.2982894e+01
