presentation/data/depth_0038.asc
ncols     164
nrows     146
xllcorner -1.242151388888889e+02
yllcorner  4.172986111111111e+01
cellsize  2.777777777820000e-04
nodata_value       -9999
[rows 88 to 109 of 146, columns 100 to 149 of 164]
3.1307222e+00 2.1414366e+00 1.1366669e+00 1.5635075e+00 1.2751947e+00 5.4669654e-01 2.2873649e-01 3.1393085e-01 7.5697515e-01 2.3323176e+00 2.8794805e+00 1.4144242e+00 3.8144230e-02 1.2469330e-02 2.7044056e-02 1.5073134e-02 2.0349097e-01 3.1444293e-01 8.8297519e-02 1.1595986e-01 1.1374206e-01 4.9990549e-03 9.0982004e-04 9.9679932e-04 4.1114281e-02 2.3176764e-01 1.8095661e-01 5.9574098e-02 1.1482929e-02 4.7107945e-02 7.8206694e-02 1.7482794e-02 6.5632350e-03 7.3580385e-02 1.8797866e-01 1.9432576e-01 3.1184759e-01 9.6557020e-03 8.5027895e-04 9.9394978e-04 1.9369518e-02 2.5090806e-01 3.7307181e-01 2.1055175e-01 3.0388286e-01 3.0512810e-03 9.4682453e-04 6.0495758e-01 4.9834239e-01 5.5207842e-01
3.2289067e+00 2.9322764e+00 1.8083670e+00 1.4966444e+00 1.3428778e+00 1.1406643e+00 1.0114072e+00 1.7682526e+00 1.6385813e+00 1.8334963e+00 1.3565327e+00 1.5088283e+00 1.7575098e+00 2.0380180e+00 8.5186009e-01 3.7363400e-01 6.0542380e-01 1.2288558e+00 1.1807047e+00 6.2967081e-02 2.8270093e-02 9.5941869e-04 9.5446579e-04 1.6512097e-03 9.7483173e-04 9.6996061e-04 3.1832672e-02 3.8722797e-02 7.6044333e-02 6.5843000e-02 2.9287099e-02 1.5839163e-02 9.4158625e-02 2.4673506e-01 3.7143182e-01 3.0630693e-01 1.4463743e-01 6.0540123e-03 9.9989481e-04 7.0204539e-04 9.9245358e-04 9.6987967e-04 9.9537857e-04 2.3782919e-02 2.0945037e-01 2.6716136e-01 2.7943016e-01 2.9370644e-01 2.1970889e-01 2.7437075e-01
2.6079259e+00 2.6190394e+00 2.3828158e+00 2.2206775e+00 2.1794010e+00 2.5815097e+00 2.9081010e+00 2.5132749e+00 5.6911295e-01 5.8878997e-01 5.4410572e-01 4.8079068e-01 2.8123958e+00 3.2322109e+00 2.8085839e+00 2.6033463e+00 2.0728530e+00 1.7742067e+00 1.7417735e+00 1.4986626e+00 1.2175530e+00 9.5765124e-01 9.2944592e-04 9.5097762e-04 9.9649966e-04 9.7856682e-04 1.4611166e-01 1.1277298e-01 7.2028030e-02 4.4191239e-02 3.0281562e-02 2.0686818e-01 4.6598824e-01 5.2049489e-01 5.1630339e-01 4.2247933e-01 2.3182209e-01 5.7725269e-04 1.7657632e-03 2.9531110e-03 3.6951871e-03 3.0398653e-03 2.0253837e-02 1.1660073e-02 9.3830512e-04 9.6865450e-04 9.7662027e-04 9.8590561e-04 6.5805520e-03 9.5973353e-04
2.9890442e+00 3.1501261e+00 3.0163816e+00 2.9609325e+00 3.2140865e+00 2.8560814e+00 2.9077461e+00 3.3894877e+00 1.3486790e+00 4.8384400e-01 9.4481148e-01 2.0092193e-01 4.8736302e-04 2.0723234e+00 3.2708471e+00 2.9247381e+00 2.4929488e+00 2.3974988e+00 2.1718133e+00 1.7893035e+00 1.8589528e+00 1.6036577e+00 8.9340241e-01 4.8233946e-01 1.6516354e-02 3.3431114e-02 6.2462543e-02 9.3581749e-02 3.5127057e-03 1.4365362e-02 1.7572200e-01 4.8781928e-01 5.2896232e-01 5.8628728e-01 4.7827265e-01 3.9190047e-01 3.0895813e-01 2.3306497e-01 8.5760866e-02 1.3302300e-03 7.3598837e-03 1.3428279e-02 1.6572936e-02 9.4547943e-03 3.5422198e-03 2.8320285e-03 1.8293584e-03 7.6724838e-04 9.7405437e-04 9.8617226e-04
2.9526436e+00 3.0635588e+00 3.1563884e+00 3.4457696e+00 3.2413492e+00 2.8352845e+00 2.6581357e+00 2.7958536e+00 2.9144585e+00 1.9326674e+00 1.2005386e+00 1.8578834e+00 1.0479218e+00 2.5087841e+00 3.2089247e+00 3.0188950e+00 2.7149220e+00 2.6961882e+00 1.9217246e+00 1.7196160e+00 1.8371945e+00 1.1995916e+00 1.0794321e+00 1.4191185e+00 5.0113517e-02 3.0573572e-02 3.7410305e-02 1.9327083e-03 1.9921086e-03 6.7370850e-02 3.3096299e-01 4.1102014e-01 4.7668410e-01 5.7627880e-01 6.3058713e-01 4.6455494e-01 3.1393219e-01 1.8061089e-01 1.1539176e-01 3.6652061e-02 2.8705039e-02 1.5901569e-02 1.9228467e-02 1.0489205e-02 5.3784038e-03 6.4680370e-03 1.0891186e-02 1.5433086e-02 1.5584860e-02 1.7630110e-02
2.3904250e+00 2.5402745e+00 2.7884009e+00 3.1505296e+00 3.3316300e+00 2.7276421e+00 2.2746224e+00 2.7050350e+00 3.2016427e+00 3.7503970e+00 3.0262425e+00 3.3344035e+00 4.0330005e+00 4.0050343e+00 3.7681190e+00 3.2959376e+00 2.6379524e+00 2.1732456e+00 2.0083627e+00 1.7981584e+00 1.7189939e+00 2.3536038e-01 5.8501333e-04 9.8641100e-04 9.9805007e-04 9.9846430e-04 9.9743060e-04 1.0385424e-03 8.2728270e-03 1.1504775e-01 1.9941201e-01 1.9755641e-01 2.0073428e-01 2.0513859e-01 2.2131739e-01 2.0994533e-01 2.2642252e-01 1.7871330e-01 1.4730453e-01 7.5697355e-02 4.2093989e-02 1.2828767e-02 1.9828528e-02 1.2635238e-02 1.0022067e-02 1.1939961e-02 1.2995472e-02 1.2630390e-02 1.9943064e-02 2.3873141e-02
1.8299116e+00 2.1647917e+00 2.4741030e+00 2.8419502e+00 3.2292338e+00 3.5189440e+00 3.0862247e-04 1.4129408e-01 2.2318664e+00 4.2832066e+00 4.2579614e+00 4.0205705e+00 4.1038434e+00 4.2224187e+00 3.9971306e+00 3.7006589e+00 2.9655035e+00 2.4003807e+00 2.2482368e+00 2.0408577e+00 1.4909112e+00 8.7250647e-01 9.5031683e-04 9.3472640e-04 9.9709384e-04 9.9775905e-04 9.9851078e-04 9.8387159e-04 3.2995731e-02 6.3171073e-02 1.0966664e-01 1.0858416e-01 1.0033344e-01 1.2768210e-01 1.0750673e-01 1.4940224e-01 1.4180550e-01 1.6374650e-01 1.4434445e-01 1.1856019e-01 3.6682878e-02 1.6166575e-02 1.7681663e-02 1.2257168e-02 2.3089410e-02 1.2736489e-02 2.2850312e-02 3.1344347e-02 3.6148635e-02 4.0099098e-02
1.4083268e+00 1.8939055e+00 2.2812895e+00 2.7170921e+00 3.1668339e+00 3.7456699e+00 3.6588066e+00 2.7029601e+00 2.1082641e+00 3.6140100e+00 4.5952047e+00 4.7322540e+00 4.5461556e+00 4.2980362e+00 4.0905379e+00 3.8932406e+00 3.6594341e+00 3.3149736e+00 2.8114171e+00 2.1732858e+00 1.9205554e+00 8.3516130e-03 9.3851139e-04 9.8844744e-04 9.9830021e-04 9.9944291e-04 9.9641209e-04 2.9897095e-01 7.2203190e-02 7.5389637e-02 1.2599194e-01 9.8680293e-02 6.9531813e-02 1.5035992e-01 1.5503514e-01 1.6061696e-01 7.9028064e-02 1.0806850e-01 1.2271855e-01 3.1178496e-02 7.1309869e-03 3.3818952e-03 2.2486377e-03 1.0718091e-02 7.5670686e-03 2.2798545e-03 4.3978393e-03 7.1160165e-03 6.6187936e-03 1.9357554e-02
1.3497613e-02 3.8679576e-01 1.7049110e+00 2.6382120e+00 3.0153083e+00 3.5568735e+00 3.8234656e+00 3.6246250e+00 2.7737007e+00 2.2323922e+00 3.6919983e+00 4.4873642e+00 4.8052914e+00 4.4455727e+00 4.2707229e+00 4.2043043e+00 3.9209645e+00 3.5849003e+00 3.2669857e+00 2.3549235e+00 5.2750184e-01 9.0432128e-04 9.9980334e-04 9.9569397e-04 9.9803083e-04 9.9759561e-04 1.7796171e-01 3.6448382e-01 3.5075190e-01 3.1785088e-01 5.2718631e-01 6.4635485e-01 5.6881404e-01 6.8908707e-01 9.1789187e-01 9.9216306e-01 1.0715068e+00 1.1112121e+00 1.2075921e+00 1.0989357e+00 8.4985827e-01 7.6752467e-01 7.7118963e-01 8.4696510e-01 8.7636939e-01 9.4971634e-01 1.0263643e+00 1.0418902e+00 9.3657018e-01 7.6767855e-01
5.2089529e-04 8.8106693e-04 5.4937845e-04 1.4101150e+00 2.7880814e+00 3.5045745e+00 3.8383907e+00 3.9233650e+00 3.7827218e+00 2.7660790e+00 2.9084472e+00 3.8526877e+00 4.2688773e+00 4.2756145e+00 4.2699190e+00 4.2339438e+00 3.7769689e+00 3.1167530e+00 2.7834512e+00 1.4232416e+00 7.8186390e-04 9.9890967e-04 9.9716519e-04 9.9974610e-04 9.9986833e-04 7.4275187e-01 8.4692147e-01 9.2386937e-01 8.5093582e-01 7.7882196e-01 8.5992088e-01 8.8845028e-01 7.5979308e-01 8.6345272e-01 1.0853360e+00 1.2368604e+00 1.3420345e+00 1.4342663e+00 1.6153862e+00 1.6357182e+00 1.6809343e+00 1.6856497e+00 1.7212444e+00 1.7307660e+00 1.7651177e+00 1.8272071e+00 1.8777218e+00 1.8924118e+00 1.9044767e+00 1.8533237e+00
1.8164104e+00 7.8103761e-01 7.5219829e-04 9.2163746e-04 7.4537278e-01 3.2207596e+00 4.0229525e+00 4.0816326e+00 4.0617484e+00 3.6157861e+00 2.8208906e+00 2.9735544e+00 4.1558781e+00 4.2938897e+00 4.1249921e+00 3.9891083e+00 3.6088637e+00 2.9440117e+00 1.7657410e+00 8.3326088e-04 8.8723594e-04 9.9711837e-04 9.9853852e-04 9.9998724e-04 3.9316183e-01 6.9326127e-01 1.1422234e+00 1.3762366e+00 1.2817182e+00 1.2803256e+00 1.2737298e+00 1.0950122e+00 9.1038601e-01 1.0573328e+00 1.4042265e+00 1.5862684e+00 1.6732767e+00 1.8307772e+00 2.1221355e+00 2.0133252e+00 1.9313659e+00 1.8591159e+00 1.8276937e+00 1.7727804e+00 1.7924460e+00 1.8933348e+00 1.9946535e+00 2.0335865e+00 2.0557047e+00 2.0259346e+00
2.7209737e+00 2.5460109e+00 1.5854125e+00 6.3774936e-04 6.9158861e-04 2.1620753e+00 3.9742295e+00 4.0149174e+00 3.6777313e+00 3.2195873e+00 2.7954560e+00 3.2240319e+00 5.1163827e+00 4.6890990e+00 4.0543132e+00 3.8293536e+00 3.4442852e+00 1.7409389e+00 7.0467230e-04 9.8266644e-04 9.9313530e-04 9.9852119e-04 9.9991046e-04 3.3934098e-01 4.2388661e-01 5.4938762e-01 1.0946244e+00 1.2779759e+00 1.5004107e+00 1.7471849e+00 1.7323173e+00 1.5032788e+00 1.1923806e+00 1.2852362e+00 1.7151941e+00 1.9832722e+00 2.1910961e+00 2.3095636e+00 2.5017866e+00 2.3994423e+00 2.2320129e+00 2.1518605e+00 2.0256392e+00 1.9018990e+00 1.8928357e+00 2.0262370e+00 2.1936475e+00 2.3109059e+00 2.3518782e+00 2.3210548e+00
3.1583939e+00 2.8984384e+00 2.4359203e+00 1.2555866e+00 8.0336289e-04 8.8625609e-04 3.0389714e+00 3.8556116e+00 3.3377863e+00 3.1176333e+00 2.8969458e+00 3.8923619e+00 4.9546685e+00 4.6578999e+00 4.0858933e+00 3.8134205e+00 2.7627323e+00 9.0611282e-04 9.8222702e-04 9.9503147e-04 9.9820192e-04 9.5521696e-04 1.0668965e-01 5.2797131e-01 5.3853495e-01 6.7947534e-01 9.7585571e-01 1.2506186e+00 1.9011097e+00 2.0050434e+00 1.9313259e+00 1.7681007e+00 1.5607101e+00 1.5641457e+00 1.8428249e+00 2.2071702e+00 2.5982791e+00 2.6039472e+00 2.5798841e+00 2.5936277e+00 2.4991957e+00 2.4174301e+00 2.2020368e+00 2.1527077e+00 2.0584222e+00 2.1446742e+00 2.4018238e+00 2.5357331e+00 2.5713541e+00 2.5281494e+00
3.3117780e+00 3.1303198e+00 2.8329876e+00 2.3612357e+00 1.0448537e+00 5.9171008e-04 8.4291498e-04 1.1904862e+00 3.6433135e+00 2.9619630e+00 2.5466401e+00 3.0553490e+00 4.2749624e+00 4.2907615e+00 3.6106280e+00 3.2236699e+00 9.7263428e-04 9.4917444e-04 9.9774157e-04 9.9845115e-04 9.9713661e-04 7.3896078e-03 5.5529280e-01 5.5384723e-01 5.5008221e-01 6.8777935e-01 1.2027767e+00 1.6413965e+00 1.8399317e+00 2.0408405e+00 2.1392007e+00 1.9070530e+00 1.9632243e+00 1.9294258e+00 2.0367562e+00 2.3123734e+00 2.6267838e+00 2.7330696e+00 2.7607989e+00 3.0640949e+00 2.9120614e+00 2.7467136e+00 2.5751452e+00 2.4271940e+00 2.3761643e+00 2.5424217e+00 2.7441207e+00 2.8042292e+00 2.8705778e+00 2.8073415e+00
3.4155495e+00 3.3032225e+00 3.1161170e+00 2.7742625e+00 2.1584680e+00 9.8484695e-04 8.8450503e-04 7.2844496e-04 1.2246452e-01 1.2794787e+00 2.2821321e+00 2.3337385e+00 2.4136886e+00 3.0504863e+00 2.1066929e+00 6.4679052e-04 7.3035280e-04 9.9814237e-04 9.9828526e-04 9.9914003e-04 9.8144822e-04 1.0813787e-01 5.4331653e-01 9.2487011e-01 1.0005325e+00 1.2006451e+00 1.6765444e+00 1.9062302e+00 1.8561172e+00 2.2576972e+00 2.3584368e+00 2.0734243e+00 2.0037914e+00 2.2052953e+00 2.5080997e+00 2.8211152e+00 2.8905145e+00 2.8269583e+00 3.1396112e+00 3.8924337e+00 3.4832299e+00 3.2185314e+00 2.8277354e+00 2.8498843e+00 3.0091365e+00 3.1986008e+00 3.2561097e+00 3.2041033e+00 3.1814371e+00 3.1428827e+00
3.5312069e+00 3.4111331e+00 3.2538492e+00 3.0206715e+00 2.6165164e+00 1.9659546e+00 8.8400689e-04 9.7453541e-04 8.6569693e-04 9.7397458e-04 9.6966275e-04 9.0726562e-04 1.9465515e+00 2.1561813e+00 9.6900828e-04 5.5501930e-03 9.7220603e-04 5.9743981e-04 9.9968129e-04 9.9547712e-04 3.1465606e-03 2.7567585e-01 8.4843742e-01 1.2479644e+00 1.5533938e+00 1.6792950e+00 1.9962544e+00 2.0860203e+00 2.2979398e+00 2.6953572e+00 2.9119632e+00 2.5066262e+00 2.1002977e+00 2.7349798e+00 3.1275064e+00 3.4344186e+00 3.3628519e+00 3.3386599e+00 3.6024901e+00 3.8434609e+00 3.7270894e+00 3.5670800e+00 3.3872419e+00 3.4385164e+00 3.6499075e+00 3.8143395e+00 3.7161630e+00 3.5738256e+00 3.4977284e+00 3.4521693e+00
3.5983944e+00 3.5134384e+00 3.3758095e+00 3.1980645e+00 2.9882828e+00 2.6140101e+00 1.7367232e+00 8.4275390e-04 9.7746261e-04 9.9671429e-04 9.9658285e-04 9.1198354e-04 9.1451873e-01 9.6670416e-04 8.7843376e-04 9.7453222e-04 4.0725710e-04 9.9929941e-04 9.9817542e-04 2.0641505e-01 5.6163008e-01 1.0266039e+00 1.5159025e+00 1.7872189e+00 1.8259925e+00 1.9714587e+00 2.1833222e+00 2.2346412e+00 2.4451510e+00 3.0972885e+00 3.0411535e+00 2.7543163e+00 2.6788016e+00 3.0888177e+00 3.3235653e+00 3.3614299e+00 3.4721520e+00 3.7822516e+00 4.1489328e+00 4.1318095e+00 4.0197416e+00 3.9801895e+00 3.9908848e+00 4.0004791e+00 4.1068048e+00 4.1515403e+00 4.0447608e+00 3.9218802e+00 3.7850224e+00 3.7232700e+00
3.7318141e+00 3.5695082e+00 3.5003918e+00 3.3445971e+00 3.1648927e+00 2.6972318e+00 1.9079092e+00 9.3666280e-04 8.3275398e-04 9.9397752e-04 9.9963385e-04 1.0002083e-03 1.1350467e-03 9.9673499e-04 9.6938836e-04 7.7223849e-04 9.9767604e-04 1.0643278e-03 4.8351925e-02 5.8401621e-01 1.3047103e+00 1.6825583e+00 1.9602420e+00 1.9438773e+00 1.9171903e+00 2.2924222e+00 2.5668477e+00 2.4782275e+00 2.3181305e+00 2.9675002e+00 3.1181610e+00 3.0704526e+00 3.2337720e+00 3.2570014e+00 2.8718345e+00 2.5627954e+00 3.1697870e+00 3.7912949e+00 4.2666169e+00 4.3197476e+00 4.3260006e+00 4.3506447e+00 4.4951032e+00 4.5061721e+00 4.5229869e+00 4.5094627e+00 4.4508616e+00 4.3101852e+00 4.2549904e+00 4.1075562e+00
3.8064293e+00 3.7546410e+00 3.5893789e+00 3.4952939e+00 3.3254605e+00 3.1407849e+00 2.2488341e+00 7.4175981e-02 9.6987525e-04 9.9971137e-04 9.9407757e-04 9.9762495e-04 3.7167722e-03 9.9869810e-04 9.9908791e-04 9.9656041e-04 9.9784822e-04 3.8570818e-02 2.3365391e-02 4.4557944e-01 1.2956116e+00 1.9214280e+00 2.2542522e+00 2.3219517e+00 2.2722272e+00 2.5371000e+00 3.0782635e+00 2.9298055e+00 2.9312453e+00 3.3453414e+00 3.4844206e+00 3.5151116e+00 3.5526574e+00 3.3816591e+00 2.5496407e+00 1.7726472e+00 2.7376939e+00 3.6591053e+00 4.3022523e+00 4.5812025e+00 4.6367070e+00 4.5719127e+00 4.7846566e+00 4.8926750e+00 4.9377724e+00 4.9449094e+00 4.9370676e+00 4.8697781e+00 4.7508832e+00 4.5881665e+00
3.8412608e+00 3.8435670e+00 3.8018012e+00 3.5677457e+00 3.4585705e+00 3.4015043e+00 1.1733264e+00 8.4004818e-04 9.7989359e-04 9.6567624e-04 9.9903839e-04 1.0890911e-03 1.4734789e-03 9.9991874e-04 1.0005500e-03 1.5037840e-03 4.0501866e-02 1.0261877e-02 8.8307530e-04 9.0917246e-04 9.1461169e-04 1.0315313e+00 2.3392957e+00 2.6896704e+00 2.7079885e+00 2.5527656e+00 2.8968630e+00 3.0635156e+00 3.3802818e+00 3.7476689e+00 3.6586166e+00 3.5042067e+00 3.5753916e+00 3.6058019e+00 2.9890860e+00 2.4356726e+00 2.9644939e+00 3.7139927e+00 4.4208148e+00 4.8053377e+00 5.0935865e+00 5.0021542e+00 5.1513104e+00 5.2767940e+00 5.3375040e+00 5.4105204e+00 5.5463905e+00 5.3482769e+00 5.1589298e+00 5.0773782e+00
3.8337356e+00 3.8673382e+00 3.9085295e+00 3.8673810e+00 3.7075965e+00 3.1905969e+00 7.7102791e-04 0.0000000e+00 8.5107101e-04 9.7229550e-04 9.9944967e-04 0.0000000e+00 0.0000000e+00 9.9974716e-04 9.9375709e-04 9.9504429e-04 9.9204272e-04 9.8052040e-04 8.8647134e-04 7.9691006e-04 7.1448120e-04 1.1751930e+00 2.4712005e+00 3.0229383e+00 2.9318387e+00 2.8023497e+00 2.8575242e+00 2.9705950e+00 3.4629705e+00 3.6967517e+00 3.3725328e+00 2.6888524e+00 3.0758313e+00 3.4271257e+00 3.2986099e+00 3.2186838e+00 3.5194688e+00 3.9822051e+00 4.5254546e+00 4.9315001e+00 5.2386311e+00 5.3420567e+00 5.4772317e+00 5.6502301e+00 5.7179742e+00 5.7816101e+00 5.8550470e+00 5.7005866e+00 5.5888423e+00 5.5248581e+00
3.8614457e+00 3.8398074e+00 3.9169935e+00 3.9491377e+00 3.9706399e+00 3.5354611e+00 7.5789851e-04 9.0299813e-04 9.5401741e-04 9.6390093e-04 9.9921001e-04 0.0000000e+00 0.0000000e+00 9.9554289e-04 9.9972066e-04 9.9869641e-04 4.0523323e-03 9.9847391e-04 9.0094676e-04 2.6347584e-01 1.5836466e+00 2.2779375e+00 2.7183036e+00 2.9839729e+00 2.8830192e+00 2.9477990e+00 2.9211607e+00 2.9674968e+00 3.3122758e+00 3.5399228e+00 3.0823457e+00 1.8257889e+00 2.5097827e+00 3.3371163e+00 3.6501630e+00 3.8247727e+00 4.0015192e+00 4.2417370e+00 4.6792942e+00 5.0701245e+00 5.3422847e+00 5.5273618e+00 5.7052772e+00 5.9326866e+00 5.9945164e+00 6.0169838e+00 6.0459770e+00 5.9703024e+00 5.9045187e+00 5.9231412e+00
