presentation/data/depth_0055.asc
ncols     164
nrows     146
xllcorner -1.242151388888889e+02
yllcorner  4.172986111111111e+01
cellsize  2.777777777820000e-04
nodata_value       -9999
[rows 66 to 87 of 146, columns 100 to 149 of 164]
2.7920837e-01 2.9822436e-01 3.0426675e-01 3.2026940e-01 3.3255324e-01 3.3999440e-01 3.5373154e-01 3.6953850e-01 3.7607893e-01 3.4130443e-01 2.7822695e-01 2.1057570e-01 1.1684576e-01 9.9403560e-03 2.8072518e-03 5.0990455e-03 5.0106777e-03 4.3969087e-03 4.0761273e-03 3.6850809e-03 2.6457085e-03 1.2150665e-03 2.3512129e-03 3.7174108e-03 2.2702340e-03 1.4141795e-03 9.9928421e-04 9.9952788e-04 9.9901521e-04 9.9969345e-04 9.9885266e-04 9.9939926e-04 9.9999835e-04 9.8276370e-04 9.9973317e-04 9.9935765e-04 9.9769617e-04 9.9912507e-04 9.9928385e-04 9.9966300e-04 9.9919002e-04 9.9987941e-04 9.9886800e-04 9.9878776e-04 9.9855903e-04 9.9988141e-04 9.9979051e-04 9.9843761e-04 9.9957594e-04 9.9986276e-04
1.0180603e-01 1.1867478e-01 1.0219454e-01 1.2998073e-01 1.9099585e-01 2.3920750e-01 2.5720206e-01 2.7584949e-01 2.8171008e-01 2.4949235e-01 1.4825088e-01 1.2895979e-02 1.0961778e-03 4.9455969e-03 5.6501636e-03 3.2274186e-03 2.8908248e-03 2.4079270e-03 2.0246680e-03 1.7687079e-03 1.5860115e-03 1.0357324e-03 9.9902244e-04 1.0009807e-03 9.9887466e-04 1.2678990e-03 9.9953075e-04 9.9968320e-04 9.9835598e-04 9.9855341e-04 9.9814203e-04 9.8940774e-04 9.9527305e-04 9.9959793e-04 9.9889634e-04 9.9799636e-04 9.9779316e-04 9.8729749e-04 9.9658482e-04 9.9854162e-04 9.9948690e-04 9.9960371e-04 9.9973642e-04 9.9993098e-04 9.9966481e-04 9.9910325e-04 9.9926664e-04 9.9891201e-04 9.9890443e-04 9.9915003e-04
1.1053452e-01 1.0615180e-01 1.0345885e-01 1.4197350e-01 1.4616871e-01 1.2684867e-01 1.0137904e-01 8.7883377e-02 9.6986985e-02 6.7301797e-02 9.9272501e-04 2.8392852e-03 2.5666509e-03 3.3206452e-03 4.9096867e-03 6.9474074e-03 7.0861944e-03 5.4923119e-03 3.7313279e-03 2.5726609e-03 2.1627057e-03 9.9937204e-04 9.9979320e-04 9.9838389e-04 9.9123250e-04 9.9780109e-04 9.9455938e-04 9.8889326e-04 9.9890610e-04 9.8301167e-04 9.8249249e-04 9.9622830e-04 9.8476890e-04 9.8297683e-04 9.9196591e-04 9.8680470e-04 9.9688135e-04 9.9986495e-04 9.9230894e-04 9.9737680e-04 9.8359576e-04 9.8165596e-04 9.9377404e-04 9.9969774e-04 9.9997446e-04 9.9964749e-04 9.9787216e-04 9.9888940e-04 9.9892627e-04 9.9995495e-04
9.7344726e-02 9.7524320e-02 9.3848407e-02 1.1494916e-01 1.2287346e-01 9.4790344e-02 8.2232371e-02 6.6180750e-02 5.6298283e-02 2.5959125e-02 2.3591322e-03 3.1388266e-03 4.8020090e-03 6.6411967e-03 9.1769586e-03 1.1258519e-02 1.0988306e-02 9.3432972e-03 8.2089505e-03 1.2364546e-02 2.3928263e-02 5.7900340e-02 7.7459476e-02 7.8697476e-02 1.0516678e-01 8.5808422e-02 1.0941705e-01 1.2562125e-01 1.4191107e-01 1.1433529e-01 1.3605779e-01 1.1027032e-01 6.1549995e-02 1.2828598e-02 9.8987367e-04 9.9520135e-04 9.7523313e-04 9.9084526e-04 9.8182577e-04 9.9014312e-04 9.9710609e-04 9.9981178e-04 9.9991203e-04 9.9778954e-04 9.9910050e-04 9.9898002e-04 9.9909284e-04 9.9997974e-04 9.9945013e-04 9.9958013e-04
2.4239959e-01 2.1593944e-01 1.8288898e-01 1.6450059e-01 1.4071533e-01 1.0109743e-01 1.0280174e-01 6.8939169e-02 9.8319982e-03 9.9163203e-03 5.2733472e-03 4.8678558e-03 5.4545223e-03 6.1779433e-03 8.9598415e-03 1.8759935e-02 4.5695979e-02 8.8473534e-02 1.4909481e-01 2.3450169e-01 2.8397000e-01 3.4301607e-01 3.9195921e-01 4.2788630e-01 4.2841697e-01 4.2599281e-01 4.5319623e-01 4.8578226e-01 5.0604058e-01 5.1735170e-01 4.8663200e-01 4.7334047e-01 4.3923794e-01 3.5494242e-01 2.9410703e-01 2.8407022e-01 2.5588777e-01 2.6533346e-01 1.9890477e-01 5.1148858e-02 9.9234879e-04 9.9800560e-04 9.7118684e-04 9.9537559e-04 9.9253507e-04 9.9940087e-04 9.9834748e-04 9.9914887e-04 9.9972350e-04 9.9939759e-04
2.9688618e-01 2.3547534e-01 1.4747082e-01 1.0669621e-01 8.6791683e-02 7.1917141e-02 7.1669910e-02 7.0411074e-02 7.3739620e-02 6.2121754e-02 2.6780308e-03 4.7702416e-03 6.1279636e-03 8.6748485e-03 1.3806807e-02 3.2073469e-02 8.6660135e-02 1.6869022e-01 2.8687103e-01 4.0293178e-01 5.1917606e-01 5.8544642e-01 6.5931756e-01 6.7900979e-01 6.6528350e-01 7.0057021e-01 7.4018550e-01 7.7126165e-01 7.8895112e-01 7.8547270e-01 7.6127122e-01 7.6242807e-01 7.2186189e-01 6.5206827e-01 6.4670886e-01 6.7077628e-01 6.3739470e-01 6.1628093e-01 5.1676669e-01 4.1866291e-01 3.3704214e-01 2.2651330e-01 1.2445738e-01 9.9162832e-04 9.9007394e-04 9.9662118e-04 9.9571114e-04 9.9930787e-04 9.9921270e-04 9.9869820e-04
2.9220404e-01 2.7757001e-01 1.7609999e-01 5.3083650e-02 7.0796008e-02 1.6712485e-01 1.6149269e-01 5.9239561e-02 5.0325682e-02 9.1867143e-02 8.8033946e-02 2.9131270e-02 9.5884990e-04 1.0329224e-03 2.4557282e-02 8.6751881e-02 1.7692009e-01 2.9716986e-01 3.6129966e-01 4.6266219e-01 5.0320081e-01 5.9375150e-01 7.0055147e-01 7.7094560e-01 8.0769073e-01 8.4148676e-01 8.8586771e-01 9.0935494e-01 9.3750788e-01 9.5959852e-01 9.9241725e-01 9.4566260e-01 8.4605138e-01 9.3097374e-01 9.9260999e-01 1.0188478e+00 9.9077059e-01 9.0227555e-01 8.0362683e-01 7.1742227e-01 6.0677088e-01 5.1775483e-01 4.0796026e-01 2.9010459e-01 1.7851925e-01 6.2645668e-02 9.9568240e-04 9.9966848e-04 9.9927680e-04 9.9870958e-04
2.1871872e-01 2.1616460e-01 2.0643981e-01 2.7837730e-02 4.1327713e-02 9.3982122e-02 1.4368842e-01 1.4244437e-01 9.5196356e-02 1.0086495e-01 1.9059727e-02 1.2376942e+00 3.3875152e+00 6.3629076e-01 1.3915466e-01 2.8469831e-01 3.3005992e-01 3.7607832e-01 3.8412643e-01 3.3503997e-01 2.6356651e-01 2.3749763e-01 3.9362648e-01 5.5138826e-01 6.7720065e-01 6.3780237e-01 6.0395522e-01 6.3741115e-01 7.4474955e-01 8.3647050e-01 9.1171160e-01 9.9591732e-01 1.0920996e+00 1.1914096e+00 1.2297628e+00 1.2372037e+00 1.2234466e+00 1.1429422e+00 1.0526369e+00 9.7285181e-01 8.7149672e-01 7.7476872e-01 6.8292352e-01 5.7076392e-01 4.7015383e-01 3.1576406e-01 1.4439504e-01 9.7298289e-04 1.3421444e-03 9.9831829e-04
6.9314553e-02 1.4051617e-01 1.1422384e-01 2.2560947e-02 9.9698310e-04 9.8699237e-04 9.8304770e-04 1.3869449e-03 4.7468713e-02 6.1715839e-03 2.5657062e+00 4.9006315e+00 5.2428343e+00 3.9077029e+00 1.1156996e+00 1.6494312e-01 4.1312637e-01 4.6288011e-01 2.6963887e-01 7.7303847e-02 1.5505125e-03 6.0660566e-03 4.1692593e-02 1.4460764e-01 1.8980212e-01 1.6400352e-01 1.3146664e-01 1.7374765e-01 2.7438205e-01 3.9806232e-01 5.9599980e-01 9.1289409e-01 1.2585337e+00 1.3573548e+00 1.4006565e+00 1.4069278e+00 1.3621484e+00 1.3312063e+00 1.2538277e+00 1.1827171e+00 1.0971612e+00 1.0288496e+00 9.5172680e-01 8.5857491e-01 6.9600055e-01 4.5307402e-01 2.6314306e-01 1.6406371e-02 1.3096748e-03 1.4216363e-03
1.9592934e+00 7.9127923e-01 6.8267397e-03 1.3599881e-02 9.9974982e-04 9.3790984e-04 8.7032898e-04 8.3867553e-04 1.5080253e-01 3.6814853e+00 5.1967664e+00 5.4864814e+00 5.5128222e+00 5.5633069e+00 5.4868230e+00 2.6845468e+00 1.9142403e-01 1.7562636e-01 5.6730375e-02 1.6613961e-02 8.3174975e-03 9.8024907e-04 1.6607973e-03 1.7367161e-02 2.3781203e-02 1.9606737e-02 6.9346890e-04 9.9076916e-04 9.9736235e-03 1.1489283e-01 4.0713635e-01 8.4669470e-01 1.3413013e+00 1.5728405e+00 1.5802432e+00 1.5542097e+00 1.5501960e+00 1.4704223e+00 1.4176907e+00 1.3468127e+00 1.2744077e+00 1.2055180e+00 1.1274391e+00 1.0091698e+00 7.7007050e-01 4.9208177e-01 2.6207237e-01 3.4371647e-02 9.8961650e-04 1.0014432e-03
2.7927149e+00 2.7181183e+00 1.6245575e+00 2.2652845e-03 9.9317630e-04 7.6671122e-04 9.0097407e-04 2.7495807e-01 4.7067176e+00 5.4830285e+00 5.6342068e+00 5.7955570e+00 5.8926619e+00 5.9700348e+00 6.0240736e+00 4.8820116e+00 3.6222553e+00 5.5608959e-01 4.4176773e-03 3.5161202e-02 6.1543171e-02 1.8053065e-01 6.1631435e-02 8.8338214e-02 2.5040466e-01 2.5159609e-01 6.9099395e-02 1.9898506e-02 8.6945013e-03 5.2691997e-02 2.6516871e-01 7.1615067e-01 1.3170324e+00 1.7382613e+00 1.8697283e+00 1.8285492e+00 1.7343969e+00 1.6461782e+00 1.5640836e+00 1.4815265e+00 1.3973977e+00 1.2977110e+00 1.1817479e+00 1.0227395e+00 7.8576725e-01 5.3595958e-01 3.0411352e-01 1.3883835e-01 6.5896045e-02 9.6421006e-02
3.1183179e+00 2.7829463e+00 2.5699520e+00 1.7869171e+00 1.0271430e-02 5.2200861e-04 5.9241418e-02 4.3544873e+00 5.4209537e+00 5.5422350e+00 5.6985657e+00 5.8048013e+00 5.9168095e+00 6.1356711e+00 6.3152303e+00 6.0885332e+00 6.2409606e+00 4.2338377e+00 1.5500316e-01 7.7838779e-02 9.0236683e-02 2.0174413e-01 2.4660090e-01 4.3589756e-01 6.9006270e-01 7.1042232e-01 4.4460060e-01 4.6682424e-01 1.7029335e-01 1.2707314e-01 2.0280654e-01 5.0509507e-01 1.1262798e+00 1.7620632e+00 2.0839090e+00 2.1247738e+00 1.9793231e+00 1.8248852e+00 1.7248308e+00 1.6182935e+00 1.4731496e+00 1.3287312e+00 1.2016505e+00 1.0414939e+00 7.9941595e-01 5.7595341e-01 4.0409313e-01 3.3147896e-01 3.0831655e-01 4.1683664e-01
3.6368130e+00 3.4151049e+00 2.7646265e+00 1.8531882e+00 6.7413539e-04 1.1909097e+00 4.7682785e+00 5.2287325e+00 5.1780069e+00 5.1125156e+00 5.3341631e+00 5.4940865e+00 5.9186013e+00 6.1675962e+00 6.3570057e+00 6.4003123e+00 6.1065374e+00 3.4207204e+00 2.7373487e-02 2.0634798e-02 3.5256679e-02 2.4473279e-02 2.9528944e-01 3.9806068e-01 4.5507255e-01 3.8430343e-01 7.6978164e-01 6.1553703e-01 5.5123561e-01 4.7318400e-01 3.1687695e-01 3.8481663e-01 9.6089078e-01 1.7200623e+00 2.1515124e+00 2.3030390e+00 2.2013877e+00 2.0189582e+00 1.8644787e+00 1.7684090e+00 1.5971550e+00 1.4160126e+00 1.2283523e+00 1.0562781e+00 8.0333911e-01 6.6298838e-01 5.9725484e-01 5.8098396e-01 6.7621815e-01 7.7249056e-01
3.9436930e+00 3.7567383e+00 1.4542537e+00 4.1594428e-04 2.6840850e+00 5.0431409e+00 5.1707301e+00 5.0915552e+00 5.0294971e+00 4.9129554e+00 4.8326453e+00 5.2618371e+00 5.9224442e+00 6.0804349e+00 6.3841790e+00 5.7176611e+00 2.1590641e+00 9.4407375e-04 9.5665286e-04 9.9295820e-04 3.0917470e-03 2.0377776e-01 3.5661456e-01 4.1872803e-01 4.9711318e-01 3.9994256e-01 2.1684777e-01 1.8563689e-01 9.3579682e-01 8.2641569e-01 7.3555606e-01 5.9933505e-01 9.9672305e-01 1.6495628e+00 2.0707359e+00 2.2613100e+00 2.3130654e+00 2.2182327e+00 2.0945665e+00 1.9734790e+00 1.7906142e+00 1.5591586e+00 1.3349256e+00 1.0980481e+00 9.2442472e-01 7.9191596e-01 8.1057366e-01 8.7267922e-01 9.3349209e-01 9.9272107e-01
4.4425163e+00 2.9429345e+00 6.1079387e-04 4.8561540e-01 4.6176024e+00 5.3197937e+00 4.9402019e+00 4.8957611e+00 4.8599507e+00 4.9255465e+00 5.4764863e+00 5.4268388e+00 5.2753127e+00 5.5486920e+00 4.3009295e+00 1.2488915e+00 9.8462043e-04 9.9422207e-04 2.5406729e-03 1.0954684e-01 4.9035256e-01 3.5136593e-01 6.1149420e-01 5.0411042e-01 5.0740692e-01 3.5904154e-01 1.6165858e-01 3.6172343e-01 2.3116809e-01 9.4883166e-01 9.9849263e-01 9.8653812e-01 1.1406828e+00 1.5317847e+00 1.8747187e+00 2.0921498e+00 2.2061341e+00 2.2379057e+00 2.2275976e+00 2.1561679e+00 2.0038913e+00 1.7465994e+00 1.4532633e+00 1.2356096e+00 1.0685419e+00 9.9684989e-01 1.0240774e+00 1.0530344e+00 1.1049968e+00 1.1394191e+00
4.9710145e+00 4.6067560e+00 3.7486976e+00 8.3321430e-01 1.3291947e-01 3.7865058e+00 4.7542155e+00 4.6370342e+00 5.1308836e+00 5.4584122e+00 5.4566236e+00 5.2988103e+00 4.8493940e+00 3.4636428e+00 8.2101119e-04 8.7824884e-04 9.9808452e-04 8.0261664e-04 6.7179605e-01 1.0567101e+00 6.7413656e-01 2.1064291e-01 5.9190028e-01 5.4956302e-01 3.3602354e-01 2.5818832e-01 3.4922970e-01 2.5860367e-01 4.4372912e-01 7.8669851e-01 1.0351372e+00 1.0023335e+00 1.0513523e+00 1.3014208e+00 1.7098657e+00 1.9232854e+00 1.9507928e+00 1.9118069e+00 1.8633746e+00 1.8951118e+00 1.9097646e+00 1.8032987e+00 1.6061124e+00 1.3364061e+00 1.1602685e+00 1.1164143e+00 1.1351415e+00 1.1567303e+00 1.1788332e+00 1.1910041e+00
5.1950650e+00 5.1221665e+00 4.9738295e+00 5.0713953e+00 2.9178966e+00 1.8378627e-02 2.5118002e+00 4.8633362e+00 5.2661663e+00 5.1468001e+00 5.3731035e+00 5.0782865e+00 2.3146909e+00 8.3830812e-04 9.7719088e-04 9.9410818e-04 9.9296101e-04 4.9425517e-01 1.0370129e+00 1.2416590e+00 1.2330117e+00 7.4029176e-01 4.2011639e-01 2.4041894e-01 1.4434711e-01 2.2296602e-01 1.9756309e-01 2.6037042e-01 2.5660005e-01 6.5787583e-01 3.6425582e-01 7.7869842e-01 9.8922177e-01 1.0680806e+00 1.5738812e+00 1.7503079e+00 1.5563529e+00 1.2521168e+00 1.0989362e+00 1.1669195e+00 1.3071772e+00 1.4265324e+00 1.5238813e+00 1.4908744e+00 1.2745981e+00 1.0973204e+00 1.1265248e+00 1.1589098e+00 1.1832341e+00 1.1940973e+00
5.2609793e+00 5.3199694e+00 5.4050687e+00 5.1450563e+00 4.4810090e+00 4.3657348e+00 5.5424777e-01 9.2663693e-01 4.5476258e+00 5.2237246e+00 5.5851968e+00 4.1762647e+00 6.7654667e-04 8.2588094e-04 9.9611975e-04 9.4756363e-04 7.6609747e-01 9.5017885e-01 1.0121706e+00 1.0218886e+00 4.5881626e-01 5.1278026e-01 2.1716552e-01 2.1917810e-02 4.5612936e-02 9.5951646e-04 1.1577730e-01 1.9055200e-02 9.9310589e-04 5.7657371e-03 2.2152756e-01 3.9476875e-01 6.7143400e-01 8.9047404e-01 1.2275897e+00 1.3962893e+00 1.0192059e+00 6.1370881e-01 4.2697875e-01 4.1435137e-01 5.4443464e-01 7.4046966e-01 1.0353209e+00 1.2654270e+00 1.1938193e+00 8.5493604e-01 8.5907498e-01 1.0663751e+00 1.1553691e+00 1.2091109e+00
5.5303080e+00 5.5847551e+00 5.8181474e+00 5.6164111e+00 4.9059627e+00 5.0019605e+00 4.3180226e+00 7.9009292e-01 8.7201301e-02 3.2251952e+00 4.2628633e+00 5.5147429e+00 2.7255575e+00 3.6042323e-02 5.5848200e-03 3.8880559e-01 9.5739818e-01 9.8870148e-01 1.1216317e+00 1.4985895e+00 8.5219949e-04 0.0000000e+00 8.4996305e-04 3.4316334e-03 9.7463293e-04 9.8839360e-04 9.9804923e-04 1.0036906e-03 9.8833097e-04 1.0227560e-03 1.4289737e-01 9.0862019e-04 9.3630693e-04 2.9760801e-01 6.3929665e-01 9.2532328e-01 7.4466840e-01 4.5801424e-01 2.1995731e-01 5.8947731e-02 8.1658988e-02 2.7178306e-01 4.9085963e-01 7.1464573e-01 7.9106393e-01 5.8752034e-01 4.4087043e-01 5.5304261e-01 7.8409751e-01 1.0655639e+00
5.8218632e+00 5.8192949e+00 6.0052629e+00 6.0765306e+00 5.8218003e+00 5.5578424e+00 5.5339422e+00 4.9711113e+00 2.7094657e+00 0.0000000e+00 3.5304380e+00 4.9553280e+00 3.9961566e+00 7.4486426e-01 2.8736589e-01 4.9370580e-01 7.3182577e-01 7.7416830e-01 1.0254296e+00 9.5439767e-01 8.5771720e-04 0.0000000e+00 2.6155726e-01 2.3896744e-01 9.9260284e-04 2.0206219e-03 1.3390548e-03 1.0917339e-03 9.7199592e-04 5.9116596e-02 2.0186160e-02 9.9048875e-04 9.8074518e-04 9.4474370e-04 9.4661952e-02 6.7543660e-01 6.1994486e-01 6.1039947e-01 4.0458662e-01 1.8559272e-02 1.2134223e-02 1.5869071e-01 2.2984282e-01 2.3879575e-01 3.0696649e-01 3.4626012e-01 2.8893855e-01 2.8345176e-01 4.5958233e-01 6.9879354e-01
5.9806591e+00 5.8578515e+00 5.9995971e+00 6.1689819e+00 5.8852300e+00 5.7455997e+00 5.3480848e+00 3.5288812e+00 2.8135823e+00 2.6706734e+00 5.6036632e+00 6.2140179e+00 2.1776026e+00 1.6559031e-02 7.3686881e-02 1.7202585e-01 4.7004294e-01 4.5211002e-01 3.1809076e-01 4.6673365e-01 5.1241957e-01 8.3002325e-02 9.3800827e-04 9.6785141e-03 2.4659904e-02 1.0013503e-03 9.9506979e-04 9.7830126e-04 9.9283398e-04 9.7512335e-02 1.0255265e-01 7.5600184e-02 5.8685052e-02 9.8194866e-04 3.1202669e-01 6.0743633e-01 8.1689995e-01 4.6143217e-01 3.6357042e-01 1.7545480e-01 3.6421550e-01 3.0668204e-01 2.0014551e-01 4.2354997e-02 1.0090856e-03 4.8095943e-02 3.0768940e-01 4.8058147e-01 6.2073598e-01 7.1628092e-01
5.9566038e+00 5.4184954e+00 4.9777626e+00 5.4910384e+00 5.0523706e+00 3.8929832e+00 2.9739066e+00 2.3299424e+00 2.6704896e+00 3.4067626e+00 5.4573212e+00 4.6024041e+00 7.5021336e-04 4.5467705e-02 6.9253064e-02 4.4829256e-02 3.0526325e-01 2.1324668e-01 1.3077881e-01 2.3137038e-01 3.6133289e-01 9.9815629e-04 9.0549760e-03 5.4270728e-03 3.4294320e-02 1.0253647e-01 1.1851220e-01 9.9986077e-04 9.9909311e-04 9.6985845e-04 5.4630576e-02 9.8826788e-04 9.8333020e-04 8.2707019e-02 1.8675308e-01 2.1198588e-02 5.5922654e-01 2.0211614e-02 1.6093658e-01 2.0072425e-01 3.7466995e-01 5.5087111e-01 1.8132095e-01 5.0419754e-02 9.7962434e-04 9.9664400e-04 4.3506039e-04 8.7703234e-01 8.6472403e-01 9.6287247e-01
