presentation/data/depth_0052.asc
ncols     164
nrows     146
xllcorner -1.242151388888889e+02
yllcorner  4.172986111111111e+01
cellsize  2.777777777820000e-04
nodata_value       -9999
[rows 44 to 65 of 146, columns 100 to 149 of 164]
5.9159644e-01 5.9097692e-01 6.3291500e-01 1.1650157e+00 1.5133532e+00 1.1823176e+00 9.7740358e-01 9.4585015e-01 6.6753753e-01 5.9691231e-01 5.9524091e-01 5.9373600e-01 5.9181333e-01 5.9065561e-01 5.8844662e-01 6.5366856e-01 1.0766902e+00 1.7200141e+00 1.5378513e+00 8.9911509e-01 6.1457976e-01 5.8295500e-01 4.9254723e-01 3.5165698e-01 2.0692448e-01 6.3911721e-02 4.1596107e-03 6.9242054e-03 2.7605549e-03 9.9620776e-04 9.9632363e-04 9.6472206e-04 9.5845263e-04 0.0000000e+00 0.0000000e+00 0.0000000e+00 0.0000000e+00 0.0000000e+00 0.0000000e+00 0.0000000e+00 0.0000000e+00 0.0000000e+00 0.0000000e+00 0.0000000e+00 0.0000000e+00 0.0000000e+00 0.0000000e+00 0.0000000e+00 0.0000000e+00 0.0000000e+00
5.8088412e-01 5.9636581e-01 1.0436930e+00 1.5747300e+00 1.0017554e+00 7.5652519e-01 7.7317138e-01 6.5625915e-01 5.8202408e-01 5.7964662e-01 5.8149060e-01 5.8145940e-01 5.8150483e-01 5.8344674e-01 5.9741662e-01 8.6591158e-01 1.5182085e+00 1.7334376e+00 1.0713013e+00 6.4747945e-01 5.8308941e-01 5.5200389e-01 4.0775861e-01 2.6230662e-01 1.2010499e-01 6.2530116e-03 7.9405655e-03 3.9700359e-03 9.9874694e-04 0.0000000e+00 0.0000000e+00 0.0000000e+00 0.0000000e+00 0.0000000e+00 0.0000000e+00 0.0000000e+00 0.0000000e+00 0.0000000e+00 0.0000000e+00 0.0000000e+00 0.0000000e+00 0.0000000e+00 0.0000000e+00 0.0000000e+00 0.0000000e+00 0.0000000e+00 0.0000000e+00 0.0000000e+00 0.0000000e+00 0.0000000e+00
5.8826955e-01 8.6432357e-01 1.5360784e+00 1.4357942e+00 7.5415630e-01 6.8259408e-01 6.2995313e-01 5.7344106e-01 5.7374458e-01 5.7070651e-01 5.6986840e-01 5.6900084e-01 5.7326038e-01 5.9672236e-01 7.6309911e-01 1.2429751e+00 1.8200167e+00 1.3439416e+00 7.5304711e-01 5.8193329e-01 5.7680687e-01 5.2146431e-01 3.8287228e-01 2.1947956e-01 5.4333882e-02 6.7878557e-03 7.5668977e-03 9.9779267e-04 9.9938701e-04 0.0000000e+00 0.0000000e+00 0.0000000e+00 0.0000000e+00 0.0000000e+00 0.0000000e+00 0.0000000e+00 0.0000000e+00 0.0000000e+00 0.0000000e+00 0.0000000e+00 0.0000000e+00 0.0000000e+00 0.0000000e+00 0.0000000e+00 0.0000000e+00 0.0000000e+00 0.0000000e+00 0.0000000e+00 0.0000000e+00 0.0000000e+00
1.0226986e+00 1.5695141e+00 1.6302539e+00 1.0700580e+00 6.9714825e-01 6.3816135e-01 5.7232498e-01 5.6365039e-01 5.6635951e-01 5.6295180e-01 5.6235401e-01 5.6353760e-01 6.3045054e-01 9.4699573e-01 1.3945224e+00 1.7552486e+00 1.5271180e+00 9.1992646e-01 6.0251118e-01 5.7203376e-01 5.7133475e-01 5.5777403e-01 4.6875043e-01 2.9203508e-01 7.2853140e-02 5.9240730e-03 6.6004904e-03 9.9912889e-04 9.9817111e-04 0.0000000e+00 0.0000000e+00 0.0000000e+00 0.0000000e+00 0.0000000e+00 0.0000000e+00 0.0000000e+00 0.0000000e+00 0.0000000e+00 0.0000000e+00 0.0000000e+00 0.0000000e+00 0.0000000e+00 0.0000000e+00 0.0000000e+00 0.0000000e+00 0.0000000e+00 0.0000000e+00 0.0000000e+00 0.0000000e+00 0.0000000e+00
1.5199974e+00 1.6448771e+00 1.1996421e+00 7.8465118e-01 7.0244889e-01 5.7654525e-01 5.5709112e-01 5.5622342e-01 5.5381819e-01 5.5531267e-01 5.5592813e-01 6.3445773e-01 9.5564654e-01 1.5254706e+00 1.7469071e+00 1.2673999e+00 8.9490050e-01 6.3037360e-01 5.6006617e-01 5.5747055e-01 5.5801329e-01 5.4160305e-01 4.9445006e-01 3.7704947e-01 1.3954767e-01 5.4012199e-03 4.5825855e-03 9.9688187e-04 9.9856510e-04 0.0000000e+00 0.0000000e+00 0.0000000e+00 0.0000000e+00 0.0000000e+00 0.0000000e+00 0.0000000e+00 0.0000000e+00 0.0000000e+00 0.0000000e+00 0.0000000e+00 0.0000000e+00 0.0000000e+00 0.0000000e+00 0.0000000e+00 0.0000000e+00 0.0000000e+00 0.0000000e+00 0.0000000e+00 0.0000000e+00 0.0000000e+00
1.4349641e+00 1.0571364e+00 7.4137586e-01 7.4810956e-01 6.9943554e-01 5.6416679e-01 5.4977853e-01 5.4913065e-01 5.5059846e-01 5.4797626e-01 6.0296226e-01 9.1620212e-01 1.5240350e+00 1.7323452e+00 1.1795912e+00 7.2176629e-01 5.6782576e-01 5.5616103e-01 5.5200562e-01 5.5045735e-01 5.4419182e-01 4.5915797e-01 3.2801981e-01 2.4249221e-01 7.6209822e-02 7.7864739e-03 1.1683831e-02 9.9936882e-04 0.0000000e+00 0.0000000e+00 0.0000000e+00 0.0000000e+00 0.0000000e+00 0.0000000e+00 0.0000000e+00 0.0000000e+00 0.0000000e+00 0.0000000e+00 0.0000000e+00 0.0000000e+00 0.0000000e+00 0.0000000e+00 0.0000000e+00 0.0000000e+00 0.0000000e+00 0.0000000e+00 0.0000000e+00 0.0000000e+00 0.0000000e+00 0.0000000e+00
6.9364325e-01 5.6204988e-01 6.2014913e-01 7.2031948e-01 7.3969704e-01 6.3783873e-01 5.4555791e-01 5.4100236e-01 5.4401747e-01 5.7631607e-01 8.5683722e-01 1.4410464e+00 1.7416055e+00 1.1927880e+00 7.0962378e-01 5.5276902e-01 5.4600978e-01 5.5011400e-01 5.4709057e-01 5.4619297e-01 5.4658145e-01 4.8197440e-01 3.2123245e-01 1.4696251e-01 2.4035878e-02 8.5981560e-03 4.8812909e-03 9.9545770e-04 2.2179379e-04 0.0000000e+00 0.0000000e+00 0.0000000e+00 0.0000000e+00 0.0000000e+00 0.0000000e+00 0.0000000e+00 0.0000000e+00 0.0000000e+00 0.0000000e+00 0.0000000e+00 0.0000000e+00 0.0000000e+00 0.0000000e+00 0.0000000e+00 0.0000000e+00 0.0000000e+00 0.0000000e+00 0.0000000e+00 0.0000000e+00 0.0000000e+00
5.4646107e-01 5.4378608e-01 5.5402833e-01 6.0026187e-01 6.3939568e-01 6.4579677e-01 5.5640759e-01 5.3335691e-01 5.5450982e-01 7.7973594e-01 1.3240037e+00 1.7808530e+00 1.2488648e+00 7.4801348e-01 5.5226870e-01 5.4043745e-01 5.4215679e-01 5.4567407e-01 5.4371909e-01 5.4220155e-01 5.3223370e-01 4.2980354e-01 2.9536620e-01 1.1884688e-01 1.5613975e-02 1.0294748e-02 4.5919470e-03 9.9888727e-04 9.9681786e-04 3.5961031e-04 0.0000000e+00 0.0000000e+00 0.0000000e+00 0.0000000e+00 0.0000000e+00 0.0000000e+00 0.0000000e+00 0.0000000e+00 0.0000000e+00 0.0000000e+00 0.0000000e+00 0.0000000e+00 0.0000000e+00 0.0000000e+00 0.0000000e+00 0.0000000e+00 0.0000000e+00 0.0000000e+00 0.0000000e+00 0.0000000e+00
5.3331745e-01 5.3188390e-01 5.3094301e-01 5.3586330e-01 5.3699939e-01 5.4091925e-01 5.3045355e-01 5.3351575e-01 6.9400807e-01 1.2228950e+00 1.7662704e+00 1.3564262e+00 7.8532697e-01 5.4740811e-01 5.3328983e-01 5.3545524e-01 5.3570570e-01 5.3059446e-01 5.0493389e-01 4.5629969e-01 3.8821182e-01 2.8150326e-01 1.5147262e-01 3.3074178e-02 1.1280965e-02 8.1121937e-03 9.9579817e-04 9.9737877e-04 9.9923649e-04 9.9896903e-04 4.3798407e-04 0.0000000e+00 0.0000000e+00 0.0000000e+00 0.0000000e+00 0.0000000e+00 0.0000000e+00 0.0000000e+00 0.0000000e+00 0.0000000e+00 0.0000000e+00 0.0000000e+00 0.0000000e+00 0.0000000e+00 0.0000000e+00 0.0000000e+00 0.0000000e+00 0.0000000e+00 0.0000000e+00 0.0000000e+00
5.1905209e-01 5.1933375e-01 5.1915233e-01 5.2336245e-01 5.1897762e-01 5.1757145e-01 5.3192425e-01 6.9862488e-01 1.1226391e+00 1.7243051e+00 1.4683818e+00 8.5393498e-01 5.5353556e-01 4.8965303e-01 4.6849565e-01 4.4346641e-01 4.0946092e-01 3.7635657e-01 3.0815664e-01 2.3926189e-01 1.5682853e-01 7.3543820e-02 1.0536094e-02 8.9269674e-03 7.8025358e-03 5.1017667e-03 9.9851285e-04 9.9883434e-04 9.9636413e-04 9.9933799e-04 9.9754849e-04 2.0593577e-05 3.6915611e-04 0.0000000e+00 0.0000000e+00 0.0000000e+00 0.0000000e+00 0.0000000e+00 0.0000000e+00 0.0000000e+00 0.0000000e+00 0.0000000e+00 0.0000000e+00 0.0000000e+00 0.0000000e+00 0.0000000e+00 0.0000000e+00 0.0000000e+00 0.0000000e+00 0.0000000e+00
5.0367679e-01 5.0548516e-01 5.0678055e-01 5.0791293e-01 5.0787078e-01 5.2028345e-01 7.2566777e-01 1.2438963e+00 1.6911534e+00 1.5525988e+00 9.5090121e-01 5.7676914e-01 4.3268214e-01 3.5201374e-01 2.8712560e-01 2.2721440e-01 1.7436093e-01 1.0835213e-01 7.3637944e-02 1.1802791e-02 5.0211620e-03 6.7368100e-03 6.7962227e-03 5.0433803e-03 9.9689663e-04 9.9913783e-04 9.9762452e-04 9.9953277e-04 9.9916865e-04 9.9605985e-04 9.9931214e-04 9.9927392e-04 9.9720736e-04 6.3052046e-04 2.5297531e-04 0.0000000e+00 0.0000000e+00 0.0000000e+00 0.0000000e+00 0.0000000e+00 0.0000000e+00 0.0000000e+00 0.0000000e+00 0.0000000e+00 0.0000000e+00 0.0000000e+00 0.0000000e+00 0.0000000e+00 0.0000000e+00 0.0000000e+00
4.8500330e-01 4.8886178e-01 4.9189086e-01 4.9355548e-01 5.2066230e-01 7.5510894e-01 1.2925090e+00 1.7924677e+00 1.6994723e+00 1.1250297e+00 6.2987785e-01 4.4457785e-01 3.3885312e-01 2.4808512e-01 1.5176273e-01 9.6109714e-02 3.4671474e-02 1.0738112e-02 1.1332788e-02 1.1856847e-02 8.2076463e-03 3.8415591e-03 1.1738017e-03 9.9943290e-04 9.9953651e-04 9.9958356e-04 9.9919993e-04 9.9968449e-04 9.9894563e-04 9.9901936e-04 9.9907078e-04 9.9734034e-04 9.9896841e-04 9.9772629e-04 9.9769818e-04 0.0000000e+00 0.0000000e+00 0.0000000e+00 0.0000000e+00 0.0000000e+00 0.0000000e+00 0.0000000e+00 0.0000000e+00 0.0000000e+00 0.0000000e+00 0.0000000e+00 0.0000000e+00 0.0000000e+00 0.0000000e+00 0.0000000e+00
4.6910991e-01 4.7554734e-01 4.8331487e-01 5.2565854e-01 7.8772812e-01 1.3092703e+00 1.7711510e+00 1.6776160e+00 1.1376777e+00 6.9259112e-01 5.1076837e-01 4.3967620e-01 3.5773211e-01 2.7193169e-01 1.7504506e-01 7.1337058e-02 1.3676706e-02 1.2496104e-02 1.1302183e-02 9.6418492e-03 7.7763089e-03 4.7161518e-03 1.0822329e-03 9.9974698e-04 9.9878679e-04 9.9865921e-04 9.9926074e-04 9.9891449e-04 9.9853649e-04 9.9974247e-04 9.9878197e-04 9.9848142e-04 9.9865896e-04 9.9924376e-04 9.9893915e-04 0.0000000e+00 0.0000000e+00 0.0000000e+00 0.0000000e+00 0.0000000e+00 0.0000000e+00 0.0000000e+00 0.0000000e+00 0.0000000e+00 0.0000000e+00 0.0000000e+00 0.0000000e+00 0.0000000e+00 0.0000000e+00 0.0000000e+00
7.7970006e-01 7.8574563e-01 8.3362402e-01 1.0361815e+00 1.4466015e+00 1.7774075e+00 1.6211910e+00 1.1634572e+00 7.8508497e-01 6.1458677e-01 5.4770300e-01 4.9292523e-01 4.3595498e-01 3.1931455e-01 2.1110304e-01 1.0315535e-01 2.5918212e-02 1.9020775e-02 6.7012548e-03 3.8699090e-03 3.9994069e-03 3.7628911e-03 9.9853007e-04 9.9855154e-04 9.9909076e-04 9.9932947e-04 9.9946553e-04 9.9987658e-04 9.9915822e-04 9.9961600e-04 9.9826264e-04 9.9929957e-04 9.9895086e-04 9.9874017e-04 9.9881575e-04 0.0000000e+00 0.0000000e+00 0.0000000e+00 0.0000000e+00 0.0000000e+00 0.0000000e+00 0.0000000e+00 0.0000000e+00 0.0000000e+00 0.0000000e+00 0.0000000e+00 0.0000000e+00 0.0000000e+00 0.0000000e+00 0.0000000e+00
1.6526574e+00 1.6617397e+00 1.6779657e+00 1.7457902e+00 1.7774981e+00 1.5167222e+00 1.1155689e+00 8.5115528e-01 7.5436596e-01 6.6406759e-01 5.8049290e-01 5.0220276e-01 4.6040014e-01 3.5076294e-01 2.3843397e-01 1.2589321e-01 2.6430186e-02 2.5117715e-02 2.4162197e-02 1.7108001e-02 9.9215630e-03 1.8373961e-03 9.9892165e-04 9.9924171e-04 9.9983335e-04 9.9910751e-04 9.9990296e-04 9.9873620e-04 9.9979748e-04 9.9854495e-04 9.9819140e-04 9.9930407e-04 9.9874644e-04 9.9798748e-04 9.9832948e-04 9.9954235e-04 0.0000000e+00 0.0000000e+00 0.0000000e+00 0.0000000e+00 0.0000000e+00 0.0000000e+00 0.0000000e+00 0.0000000e+00 0.0000000e+00 0.0000000e+00 0.0000000e+00 0.0000000e+00 0.0000000e+00 0.0000000e+00
1.4052225e+00 1.4362710e+00 1.4383172e+00 1.4062724e+00 1.2707720e+00 1.0430919e+00 8.4479197e-01 7.9889927e-01 7.1861768e-01 6.4972457e-01 5.8176362e-01 5.0406583e-01 4.7069251e-01 3.7284374e-01 2.6277471e-01 1.5140589e-01 5.3250140e-02 3.7134391e-02 3.3398308e-02 2.1981606e-02 1.3665794e-02 8.9992209e-03 9.9841122e-04 9.9977314e-04 9.9944789e-04 9.9941948e-04 9.9885772e-04 9.9956853e-04 9.9889357e-04 9.9904850e-04 9.9875355e-04 9.9892858e-04 9.9869560e-04 9.9885540e-04 9.9921032e-04 9.9945887e-04 9.9960406e-04 9.9923996e-04 0.0000000e+00 0.0000000e+00 0.0000000e+00 0.0000000e+00 0.0000000e+00 0.0000000e+00 0.0000000e+00 0.0000000e+00 0.0000000e+00 0.0000000e+00 0.0000000e+00 0.0000000e+00
7.7667432e-01 8.4591081e-01 8.8723587e-01 8.9235582e-01 8.7502455e-01 8.4177987e-01 7.8586007e-01 7.7113822e-01 6.9965995e-01 6.6215288e-01 5.8358031e-01 5.2695198e-01 4.7952219e-01 4.1522592e-01 3.0275350e-01 1.8510931e-01 7.7444517e-02 2.7864685e-02 2.9495033e-02 2.1496348e-02 1.5210902e-02 1.0141287e-02 9.9995169e-04 9.9713765e-04 9.9915425e-04 9.9831191e-04 9.9808397e-04 9.9889750e-04 9.9638173e-04 9.9632476e-04 9.9609489e-04 9.9823838e-04 9.9897322e-04 9.9989956e-04 9.9961584e-04 9.9862913e-04 9.9996865e-04 9.9986279e-04 9.9992806e-04 2.2313424e-04 0.0000000e+00 0.0000000e+00 0.0000000e+00 0.0000000e+00 0.0000000e+00 0.0000000e+00 0.0000000e+00 0.0000000e+00 0.0000000e+00 0.0000000e+00
6.5017355e-01 6.9462158e-01 6.8940768e-01 7.2729323e-01 7.4692723e-01 7.6179344e-01 7.6216707e-01 7.1945857e-01 6.7760230e-01 6.5702967e-01 5.8153172e-01 5.3935631e-01 4.8192829e-01 4.2034033e-01 3.0648048e-01 1.9466229e-01 6.2702117e-02 2.6471935e-02 2.7052449e-02 1.7169883e-02 6.5210336e-03 3.0975259e-03 9.9997521e-04 9.9783878e-04 9.9706535e-04 9.9860886e-04 9.9839279e-04 9.9877089e-04 9.9975603e-04 9.9941542e-04 9.9981661e-04 9.9779838e-04 9.9962799e-04 9.9938908e-04 9.9941156e-04 9.9952388e-04 9.9992678e-04 9.9948228e-04 9.9875047e-04 9.9903756e-04 9.9874011e-04 0.0000000e+00 0.0000000e+00 0.0000000e+00 0.0000000e+00 0.0000000e+00 0.0000000e+00 0.0000000e+00 0.0000000e+00 0.0000000e+00
5.0445335e-01 5.0985858e-01 5.4380256e-01 6.0107619e-01 6.3146908e-01 6.6245998e-01 6.7382856e-01 6.6693110e-01 6.6385449e-01 6.2459263e-01 5.7225774e-01 5.0670337e-01 4.7762856e-01 4.1435429e-01 2.9684550e-01 1.5986345e-01 4.3793247e-02 2.4880727e-02 1.4740388e-02 3.9621379e-03 4.1124634e-03 2.3643993e-03 9.9870002e-04 9.9481503e-04 9.9918167e-04 9.9966108e-04 9.9954512e-04 9.9941194e-04 9.9942415e-04 9.9945676e-04 9.9988539e-04 9.9919247e-04 9.9941582e-04 9.9833391e-04 9.9843733e-04 9.9918770e-04 9.9996939e-04 9.9957635e-04 9.9987114e-04 9.9893518e-04 9.9964180e-04 9.9882149e-04 0.0000000e+00 0.0000000e+00 0.0000000e+00 0.0000000e+00 0.0000000e+00 0.0000000e+00 0.0000000e+00 0.0000000e+00
4.2872048e-01 4.3785659e-01 4.4849429e-01 4.6908318e-01 5.0730211e-01 5.3873913e-01 5.5832821e-01 5.9144559e-01 5.9633298e-01 5.7511143e-01 5.5794935e-01 4.8994040e-01 4.6881027e-01 3.7809403e-01 2.5592701e-01 1.3763036e-01 2.7721105e-02 2.6038557e-02 1.6205794e-02 8.7675490e-03 2.0571317e-03 2.2134620e-03 9.9915433e-04 9.9762082e-04 9.9914535e-04 9.9963414e-04 9.9928371e-04 9.9999224e-04 9.9982704e-04 9.9946009e-04 9.9971023e-04 9.9965141e-04 9.9943300e-04 9.9935368e-04 9.9929834e-04 9.9946154e-04 9.9881797e-04 9.9895823e-04 9.9933228e-04 9.9927531e-04 9.9930095e-04 9.9939033e-04 9.9908701e-04 9.9979627e-04 0.0000000e+00 0.0000000e+00 0.0000000e+00 0.0000000e+00 0.0000000e+00 0.0000000e+00
4.1452160e-01 4.2474993e-01 4.3374958e-01 4.4332437e-01 4.4854905e-01 4.5508996e-01 4.6425364e-01 4.8653611e-01 4.9885487e-01 4.9925125e-01 4.8570917e-01 4.7008153e-01 4.6096748e-01 3.7007316e-01 2.4542446e-01 1.3495478e-01 5.6192417e-02 5.8506014e-02 4.4812875e-02 3.2970753e-02 2.0615227e-02 9.2955133e-03 9.9767291e-04 9.9801212e-04 9.9794781e-04 9.9879938e-04 9.9853486e-04 9.9912036e-04 9.9964643e-04 9.9953941e-04 9.9963039e-04 9.9997387e-04 9.9892368e-04 9.9960822e-04 9.9952655e-04 9.9914773e-04 9.9972992e-04 9.9981862e-04 9.9941824e-04 9.9878351e-04 9.9966341e-04 9.9869913e-04 9.9874252e-04 9.9886671e-04 9.9934818e-04 9.9930312e-04 9.9984279e-04 0.0000000e+00 0.0000000e+00 0.0000000e+00
3.9827401e-01 4.1067257e-01 4.2256955e-01 4.3284282e-01 4.3877506e-01 4.4481589e-01 4.5061168e-01 4.5506717e-01 4.6037255e-01 4.5869751e-01 4.5049813e-01 4.2255334e-01 3.5716279e-01 2.5286372e-01 1.3424110e-01 2.4005415e-02 1.4599377e-02 1.2686562e-02 1.1299413e-02 1.1179892e-02 1.3739785e-02 1.5273286e-02 1.0208929e-02 5.5294723e-03 3.8774028e-03 1.8696207e-03 1.0980472e-03 9.9960712e-04 9.9934671e-04 9.9875808e-04 9.9975196e-04 9.9861382e-04 9.9935766e-04 9.9937845e-04 9.9888459e-04 9.9970035e-04 9.9957585e-04 9.9887893e-04 9.9922004e-04 9.9989966e-04 9.9964072e-04 9.9902962e-04 9.9848992e-04 9.9860767e-04 9.9881250e-04 9.9872891e-04 9.9957152e-04 9.9959450e-04 0.0000000e+00 0.0000000e+00
