presentation/data/depth_0057.asc
ncols     164
nrows     146
xllcorner -1.242151388888889e+02
yllcorner  4.172986111111111e+01
cellsize  2.777777777820000e-04
nodata_value       -9999
[rows 44 to 65 of 146, columns 100 to 149 of 164]
4.4387330e-01 4.4581557e-01 4.8658788e-01 1.0175361e+00 1.3683651e+00 1.0366194e+00 8.3213995e-01 8.0331352e-01 5.3016915e-01 4.5900970e-01 4.5859505e-01 4.5907503e-01 4.5908987e-01 4.6027260e-01 4.6042504e-01 5.2686026e-01 9.4785478e-01 1.5911414e+00 1.4137737e+00 7.7328491e-01 4.8840218e-01 4.5660428e-01 3.7146724e-01 2.3478272e-01 9.4057509e-02 1.0022682e-03 1.5051710e-03 9.9897138e-04 9.9889220e-04 9.8782883e-04 9.6650632e-04 9.6981399e-04 9.5845263e-04 0.0000000e+00 0.0000000e+00 0.0000000e+00 0.0000000e+00 0.0000000e+00 0.0000000e+00 0.0000000e+00 0.0000000e+00 0.0000000e+00 0.0000000e+00 0.0000000e+00 0.0000000e+00 0.0000000e+00 0.0000000e+00 0.0000000e+00 0.0000000e+00 0.0000000e+00
4.3594180e-01 4.5347136e-01 8.9947081e-01 1.4319069e+00 8.5976743e-01 6.1464792e-01 6.3464124e-01 5.2211631e-01 4.4727735e-01 4.4638143e-01 4.4949483e-01 4.5116769e-01 4.5248480e-01 4.5623764e-01 4.7252974e-01 7.4151979e-01 1.3912988e+00 1.6108917e+00 9.5094095e-01 5.2372152e-01 4.6074567e-01 4.3286384e-01 2.9341935e-01 1.5223366e-01 1.6981899e-02 9.9943804e-04 1.0316474e-03 9.9979643e-04 9.9874694e-04 0.0000000e+00 0.0000000e+00 0.0000000e+00 0.0000000e+00 0.0000000e+00 0.0000000e+00 0.0000000e+00 0.0000000e+00 0.0000000e+00 0.0000000e+00 0.0000000e+00 0.0000000e+00 0.0000000e+00 0.0000000e+00 0.0000000e+00 0.0000000e+00 0.0000000e+00 0.0000000e+00 0.0000000e+00 0.0000000e+00 0.0000000e+00
4.4679476e-01 7.2251204e-01 1.3967461e+00 1.2970948e+00 6.1586706e-01 5.4618886e-01 4.9662820e-01 4.4210727e-01 4.4418106e-01 4.4239771e-01 4.4262682e-01 4.4290392e-01 4.4658786e-01 4.7168348e-01 6.3970388e-01 1.1198790e+00 1.6984011e+00 1.2265490e+00 6.3444641e-01 4.6047723e-01 4.5902577e-01 4.0821900e-01 2.7262246e-01 1.1355961e-01 9.8500328e-04 9.9858300e-04 9.9701155e-04 9.9779267e-04 9.9938701e-04 0.0000000e+00 0.0000000e+00 0.0000000e+00 0.0000000e+00 0.0000000e+00 0.0000000e+00 0.0000000e+00 0.0000000e+00 0.0000000e+00 0.0000000e+00 0.0000000e+00 0.0000000e+00 0.0000000e+00 0.0000000e+00 0.0000000e+00 0.0000000e+00 0.0000000e+00 0.0000000e+00 0.0000000e+00 0.0000000e+00 0.0000000e+00
8.8535841e-01 1.4336705e+00 1.4947248e+00 9.3584782e-01 5.6354886e-01 5.0669599e-01 4.4384043e-01 4.3763548e-01 4.4142416e-01 4.3913583e-01 4.4008144e-01 4.4083475e-01 5.0933073e-01 8.2519335e-01 1.2723940e+00 1.6354510e+00 1.4078982e+00 8.0370093e-01 4.8816873e-01 4.5494123e-01 4.5870829e-01 4.4879446e-01 3.6168284e-01 1.8761195e-01 9.9353305e-04 9.9855744e-04 9.9883112e-04 9.9912889e-04 9.9817111e-04 0.0000000e+00 0.0000000e+00 0.0000000e+00 0.0000000e+00 0.0000000e+00 0.0000000e+00 0.0000000e+00 0.0000000e+00 0.0000000e+00 0.0000000e+00 0.0000000e+00 0.0000000e+00 0.0000000e+00 0.0000000e+00 0.0000000e+00 0.0000000e+00 0.0000000e+00 0.0000000e+00 0.0000000e+00 0.0000000e+00 0.0000000e+00
1.3865601e+00 1.5112342e+00 1.0670740e+00 6.5390304e-01 5.7280758e-01 4.4970874e-01 4.3332660e-01 4.3413912e-01 4.3314306e-01 4.3629659e-01 4.3649582e-01 5.1590157e-01 8.3508923e-01 1.4070843e+00 1.6297264e+00 1.1511727e+00 7.7991866e-01 5.2134086e-01 4.4728928e-01 4.4744456e-01 4.5143757e-01 4.3784936e-01 3.9235580e-01 2.7365432e-01 5.1142302e-02 9.9853707e-04 9.9331094e-04 9.9688187e-04 9.9856510e-04 0.0000000e+00 0.0000000e+00 0.0000000e+00 0.0000000e+00 0.0000000e+00 0.0000000e+00 0.0000000e+00 0.0000000e+00 0.0000000e+00 0.0000000e+00 0.0000000e+00 0.0000000e+00 0.0000000e+00 0.0000000e+00 0.0000000e+00 0.0000000e+00 0.0000000e+00 0.0000000e+00 0.0000000e+00 0.0000000e+00 0.0000000e+00
1.3023257e+00 9.2611669e-01 6.1190611e-01 6.2329679e-01 5.7421389e-01 4.4041605e-01 4.2861760e-01 4.2995335e-01 4.3269497e-01 4.3100541e-01 4.8678999e-01 7.9649840e-01 1.4054757e+00 1.6163397e+00 1.0622725e+00 6.0593750e-01 4.6025268e-01 4.4861075e-01 4.4572723e-01 4.4688571e-01 4.4304017e-01 3.5965954e-01 2.3040944e-01 1.3902203e-01 9.9377816e-04 1.4771509e-03 1.3907498e-03 9.9936882e-04 0.0000000e+00 0.0000000e+00 0.0000000e+00 0.0000000e+00 0.0000000e+00 0.0000000e+00 0.0000000e+00 0.0000000e+00 0.0000000e+00 0.0000000e+00 0.0000000e+00 0.0000000e+00 0.0000000e+00 0.0000000e+00 0.0000000e+00 0.0000000e+00 0.0000000e+00 0.0000000e+00 0.0000000e+00 0.0000000e+00 0.0000000e+00 0.0000000e+00
5.6415515e-01 4.3237466e-01 4.9588124e-01 5.9896713e-01 6.1886764e-01 5.1845961e-01 4.2828534e-01 4.2616264e-01 4.2879357e-01 4.6267027e-01 7.3760701e-01 1.3228765e+00 1.6269626e+00 1.0781437e+00 5.9540320e-01 4.4655116e-01 4.4164336e-01 4.4691380e-01 4.4538912e-01 4.4638391e-01 4.4898665e-01 3.8558567e-01 2.2672737e-01 4.7003028e-02 9.9976930e-04 1.3389242e-03 9.9937962e-04 9.9545770e-04 2.2179379e-04 0.0000000e+00 0.0000000e+00 0.0000000e+00 0.0000000e+00 0.0000000e+00 0.0000000e+00 0.0000000e+00 0.0000000e+00 0.0000000e+00 0.0000000e+00 0.0000000e+00 0.0000000e+00 0.0000000e+00 0.0000000e+00 0.0000000e+00 0.0000000e+00 0.0000000e+00 0.0000000e+00 0.0000000e+00 0.0000000e+00 0.0000000e+00
4.2095487e-01 4.1954185e-01 4.3161366e-01 4.8035657e-01 5.2090920e-01 5.2919554e-01 4.4113454e-01 4.2072751e-01 4.3930337e-01 6.6045277e-01 1.2062644e+00 1.6661732e+00 1.1342462e+00 6.3537219e-01 4.4584100e-01 4.3607083e-01 4.3998282e-01 4.4467189e-01 4.4410073e-01 4.4470743e-01 4.3636741e-01 3.3562735e-01 2.0190563e-01 2.4022456e-02 1.0561436e-03 1.1784069e-03 9.9937202e-04 9.9888727e-04 9.9681786e-04 3.5961031e-04 0.0000000e+00 0.0000000e+00 0.0000000e+00 0.0000000e+00 0.0000000e+00 0.0000000e+00 0.0000000e+00 0.0000000e+00 0.0000000e+00 0.0000000e+00 0.0000000e+00 0.0000000e+00 0.0000000e+00 0.0000000e+00 0.0000000e+00 0.0000000e+00 0.0000000e+00 0.0000000e+00 0.0000000e+00 0.0000000e+00
4.0813568e-01 4.0835128e-01 4.0914909e-01 4.1591623e-01 4.1810714e-01 4.2366828e-01 4.1194138e-01 4.1784823e-01 5.7323056e-01 1.1027018e+00 1.6506079e+00 1.2400031e+00 6.7149469e-01 4.3892323e-01 4.2808447e-01 4.3266034e-01 4.3601673e-01 4.3258174e-01 4.0856154e-01 3.6160033e-01 2.9366136e-01 1.8620124e-01 5.7777726e-02 9.9328781e-04 1.0628217e-03 9.9791158e-04 9.9579817e-04 9.9737877e-04 9.9923649e-04 9.9896903e-04 4.3798407e-04 0.0000000e+00 0.0000000e+00 0.0000000e+00 0.0000000e+00 0.0000000e+00 0.0000000e+00 0.0000000e+00 0.0000000e+00 0.0000000e+00 0.0000000e+00 0.0000000e+00 0.0000000e+00 0.0000000e+00 0.0000000e+00 0.0000000e+00 0.0000000e+00 0.0000000e+00 0.0000000e+00 0.0000000e+00
3.9485695e-01 3.9602058e-01 3.9744834e-01 4.0258997e-01 3.9972713e-01 3.9853705e-01 4.0878673e-01 5.7450603e-01 9.9889885e-01 1.6049156e+00 1.3506023e+00 7.3632445e-01 4.4061351e-01 3.8080457e-01 3.6447120e-01 3.4151511e-01 3.1034351e-01 2.7917721e-01 2.0932569e-01 1.4408179e-01 6.2240660e-02 1.0664458e-03 9.8775415e-04 9.9957850e-04 9.9827059e-04 9.9876415e-04 9.9851285e-04 9.9883434e-04 9.9636413e-04 9.9933799e-04 9.9754849e-04 2.0593577e-05 3.6915611e-04 0.0000000e+00 0.0000000e+00 0.0000000e+00 0.0000000e+00 0.0000000e+00 0.0000000e+00 0.0000000e+00 0.0000000e+00 0.0000000e+00 0.0000000e+00 0.0000000e+00 0.0000000e+00 0.0000000e+00 0.0000000e+00 0.0000000e+00 0.0000000e+00 0.0000000e+00
3.7843627e-01 3.8103168e-01 3.8375321e-01 3.8618288e-01 3.8543036e-01 3.9792812e-01 6.0202586e-01 1.1219964e+00 1.5725300e+00 1.4352700e+00 8.3274502e-01 4.6246821e-01 3.1942220e-01 2.4273504e-01 1.8338531e-01 1.2834826e-01 7.5340682e-02 1.6559313e-02 1.1084740e-03 9.9185742e-04 9.9279163e-04 1.0007657e-03 9.9657927e-04 9.9959869e-04 9.9689663e-04 9.9913783e-04 9.9762452e-04 9.9953277e-04 9.9916865e-04 9.9605985e-04 9.9931214e-04 9.9927392e-04 9.9720736e-04 6.3052046e-04 2.5297531e-04 0.0000000e+00 0.0000000e+00 0.0000000e+00 0.0000000e+00 0.0000000e+00 0.0000000e+00 0.0000000e+00 0.0000000e+00 0.0000000e+00 0.0000000e+00 0.0000000e+00 0.0000000e+00 0.0000000e+00 0.0000000e+00 0.0000000e+00
3.5806930e-01 3.6271055e-01 3.6616519e-01 3.7085993e-01 3.9534093e-01 6.3472882e-01 1.1728032e+00 1.6762071e+00 1.5843429e+00 1.0097422e+00 5.1395285e-01 3.3040138e-01 2.2438166e-01 1.3770561e-01 4.3235171e-02 9.2904281e-03 9.9486009e-04 1.0310453e-03 2.4106893e-03 2.5992626e-03 2.0189481e-03 1.0617558e-03 9.9957076e-04 9.9943290e-04 9.9953651e-04 9.9958356e-04 9.9919993e-04 9.9968449e-04 9.9894563e-04 9.9901936e-04 9.9907078e-04 9.9734034e-04 9.9896841e-04 9.9772629e-04 9.9769818e-04 0.0000000e+00 0.0000000e+00 0.0000000e+00 0.0000000e+00 0.0000000e+00 0.0000000e+00 0.0000000e+00 0.0000000e+00 0.0000000e+00 0.0000000e+00 0.0000000e+00 0.0000000e+00 0.0000000e+00 0.0000000e+00 0.0000000e+00
3.3688412e-01 3.4213757e-01 3.5237491e-01 4.0065420e-01 6.6520395e-01 1.1889393e+00 1.6551316e+00 1.5608757e+00 1.0233867e+00 5.7944295e-01 4.0141675e-01 3.3036748e-01 2.4942242e-01 1.6508245e-01 6.1877388e-02 9.9613751e-04 1.1868611e-03 1.9171607e-03 2.6991649e-03 2.1118645e-03 1.2683953e-03 9.9886161e-04 9.9934434e-04 9.9974698e-04 9.9878679e-04 9.9865921e-04 9.9926074e-04 9.9891449e-04 9.9853649e-04 9.9974247e-04 9.9878197e-04 9.9848142e-04 9.9865896e-04 9.9924376e-04 9.9893915e-04 0.0000000e+00 0.0000000e+00 0.0000000e+00 0.0000000e+00 0.0000000e+00 0.0000000e+00 0.0000000e+00 0.0000000e+00 0.0000000e+00 0.0000000e+00 0.0000000e+00 0.0000000e+00 0.0000000e+00 0.0000000e+00 0.0000000e+00
6.6051564e-01 6.6808239e-01 7.1767144e-01 9.2086643e-01 1.3317787e+00 1.6647368e+00 1.5088430e+00 1.0539287e+00 6.7661292e-01 5.0994896e-01 4.4266126e-01 3.8807098e-01 3.3241759e-01 2.1672429e-01 1.0465566e-01 1.0261814e-03 3.4232676e-03 2.8739085e-03 1.4791190e-03 9.9939883e-04 9.9994486e-04 9.9888783e-04 9.9853007e-04 9.9855154e-04 9.9909076e-04 9.9932947e-04 9.9946553e-04 9.9987658e-04 9.9915822e-04 9.9961600e-04 9.9826264e-04 9.9929957e-04 9.9895086e-04 9.9874017e-04 9.9881575e-04 0.0000000e+00 0.0000000e+00 0.0000000e+00 0.0000000e+00 0.0000000e+00 0.0000000e+00 0.0000000e+00 0.0000000e+00 0.0000000e+00 0.0000000e+00 0.0000000e+00 0.0000000e+00 0.0000000e+00 0.0000000e+00 0.0000000e+00
1.5363461e+00 1.5478389e+00 1.5652823e+00 1.6333749e+00 1.6647059e+00 1.4058203e+00 1.0074046e+00 7.4743502e-01 6.5343297e-01 5.6386127e-01 4.8011735e-01 4.0276923e-01 3.6100147e-01 2.5119244e-01 1.3711547e-01 1.7643561e-02 2.3094636e-03 3.8049762e-03 2.2382179e-03 1.3350720e-03 9.9961505e-04 9.9807953e-04 9.9892165e-04 9.9924171e-04 9.9983335e-04 9.9910751e-04 9.9990296e-04 9.9873620e-04 9.9979748e-04 9.9854495e-04 9.9819140e-04 9.9930407e-04 9.9874644e-04 9.9798748e-04 9.9832948e-04 9.9954235e-04 0.0000000e+00 0.0000000e+00 0.0000000e+00 0.0000000e+00 0.0000000e+00 0.0000000e+00 0.0000000e+00 0.0000000e+00 0.0000000e+00 0.0000000e+00 0.0000000e+00 0.0000000e+00 0.0000000e+00 0.0000000e+00
1.2962900e+00 1.3281996e+00 1.3328957e+00 1.3013843e+00 1.1674375e+00 9.4121772e-01 7.4662605e-01 7.0202766e-01 6.2234521e-01 5.5428514e-01 4.8639848e-01 4.0945519e-01 3.7526901e-01 2.7657341e-01 1.6533361e-01 4.1619423e-02 1.0182213e-03 5.6639665e-03 7.0440292e-03 4.5588393e-03 2.2346276e-03 9.9719604e-04 9.9841122e-04 9.9977314e-04 9.9944789e-04 9.9941948e-04 9.9885772e-04 9.9956853e-04 9.9889357e-04 9.9904850e-04 9.9875355e-04 9.9892858e-04 9.9869560e-04 9.9885540e-04 9.9921032e-04 9.9945887e-04 9.9960406e-04 9.9923996e-04 0.0000000e+00 0.0000000e+00 0.0000000e+00 0.0000000e+00 0.0000000e+00 0.0000000e+00 0.0000000e+00 0.0000000e+00 0.0000000e+00 0.0000000e+00 0.0000000e+00 0.0000000e+00
6.7479280e-01 7.4537347e-01 7.8849954e-01 7.9532088e-01 7.8011643e-01 7.4943184e-01 6.9411505e-01 6.7939135e-01 6.0822841e-01 5.7086915e-01 4.9236821e-01 4.3578435e-01 3.8684629e-01 3.2103376e-01 2.0788917e-01 7.9674394e-02 3.0846154e-03 9.5916755e-03 5.4803229e-03 5.0120824e-03 3.7874169e-03 2.3586407e-03 9.9995169e-04 9.9713765e-04 9.9915425e-04 9.9831191e-04 9.9808397e-04 9.9889750e-04 9.9638173e-04 9.9632476e-04 9.9609489e-04 9.9823838e-04 9.9897322e-04 9.9989956e-04 9.9961584e-04 9.9862913e-04 9.9996865e-04 9.9986279e-04 9.9992806e-04 2.2313424e-04 0.0000000e+00 0.0000000e+00 0.0000000e+00 0.0000000e+00 0.0000000e+00 0.0000000e+00 0.0000000e+00 0.0000000e+00 0.0000000e+00 0.0000000e+00
5.5268950e-01 5.9905030e-01 5.9552950e-01 6.3596977e-01 6.5684589e-01 6.7327587e-01 6.7389257e-01 6.3122134e-01 5.8959528e-01 5.6883820e-01 4.9369185e-01 4.5116528e-01 3.9234374e-01 3.2919632e-01 2.1456122e-01 8.9253329e-02 1.3606517e-03 6.9965761e-03 4.6422662e-03 2.6221908e-03 9.9812778e-04 9.9961814e-04 9.9997521e-04 9.9783878e-04 9.9706535e-04 9.9860886e-04 9.9839279e-04 9.9877089e-04 9.9975603e-04 9.9941542e-04 9.9981661e-04 9.9779838e-04 9.9962799e-04 9.9938908e-04 9.9941156e-04 9.9952388e-04 9.9992678e-04 9.9948228e-04 9.9875047e-04 9.9903756e-04 9.9874011e-04 0.0000000e+00 0.0000000e+00 0.0000000e+00 0.0000000e+00 0.0000000e+00 0.0000000e+00 0.0000000e+00 0.0000000e+00 0.0000000e+00
4.1037918e-01 4.1769850e-01 4.5306125e-01 5.1309829e-01 5.4427925e-01 5.7610754e-01 5.8737358e-01 5.8097717e-01 5.7800576e-01 5.3924172e-01 4.8672712e-01 4.2079254e-01 3.9006338e-01 3.2526353e-01 2.0727876e-01 6.3090913e-02 9.9113145e-04 1.1680529e-03 9.9675097e-04 9.9841319e-04 9.9918422e-04 9.9912147e-04 9.9870002e-04 9.9481503e-04 9.9918167e-04 9.9966108e-04 9.9954512e-04 9.9941194e-04 9.9942415e-04 9.9945676e-04 9.9988539e-04 9.9919247e-04 9.9941582e-04 9.9833391e-04 9.9843733e-04 9.9918770e-04 9.9996939e-04 9.9957635e-04 9.9987114e-04 9.9893518e-04 9.9964180e-04 9.9882149e-04 0.0000000e+00 0.0000000e+00 0.0000000e+00 0.0000000e+00 0.0000000e+00 0.0000000e+00 0.0000000e+00 0.0000000e+00
3.3831603e-01 3.4882568e-01 3.6072694e-01 3.8314621e-01 4.2229099e-01 4.5391144e-01 4.7351608e-01 5.0672399e-01 5.1204535e-01 4.9148384e-01 4.7452051e-01 4.0652227e-01 3.8444910e-01 2.9311190e-01 1.7034145e-01 5.0264018e-02 9.9808422e-04 9.9489142e-04 9.9536956e-04 9.9965932e-04 9.9652706e-04 9.9786937e-04 9.9915433e-04 9.9762082e-04 9.9914535e-04 9.9963414e-04 9.9928371e-04 9.9999224e-04 9.9982704e-04 9.9946009e-04 9.9971023e-04 9.9965141e-04 9.9943300e-04 9.9935368e-04 9.9929834e-04 9.9946154e-04 9.9881797e-04 9.9895823e-04 9.9933228e-04 9.9927531e-04 9.9930095e-04 9.9939033e-04 9.9908701e-04 9.9979627e-04 0.0000000e+00 0.0000000e+00 0.0000000e+00 0.0000000e+00 0.0000000e+00 0.0000000e+00
3.2892940e-01 3.3971174e-01 3.4941992e-01 3.5973036e-01 3.6579120e-01 3.7283250e-01 3.8209561e-01 4.0434807e-01 4.1675265e-01 4.1749800e-01 4.0418162e-01 3.8847253e-01 3.7892551e-01 2.8790066e-01 1.6449862e-01 4.3827806e-02 6.1668163e-03 1.5383537e-02 1.2351542e-02 9.7966131e-03 6.2894101e-03 1.4992617e-03 9.9767291e-04 9.9801212e-04 9.9794781e-04 9.9879938e-04 9.9853486e-04 9.9912036e-04 9.9964643e-04 9.9953941e-04 9.9963039e-04 9.9997387e-04 9.9892368e-04 9.9960822e-04 9.9952655e-04 9.9914773e-04 9.9972992e-04 9.9981862e-04 9.9941824e-04 9.9878351e-04 9.9966341e-04 9.9869913e-04 9.9874252e-04 9.9886671e-04 9.9934818e-04 9.9930312e-04 9.9984279e-04 0.0000000e+00 0.0000000e+00 0.0000000e+00
3.1718853e-01 3.2945000e-01 3.4114802e-01 3.5162985e-01 3.5802643e-01 3.6468263e-01 3.7052158e-01 3.7527583e-01 3.8063325e-01 3.8047385e-01 3.7181719e-01 3.4468169e-01 2.7957344e-01 1.7737379e-01 5.3621883e-02 1.0112810e-03 1.6427106e-03 9.9572626e-04 1.2687981e-03 2.6045827e-03 4.8467694e-03 6.9837888e-03 5.0229327e-03 2.6768241e-03 2.0003586e-03 9.9981750e-04 9.9992982e-04 9.9960712e-04 9.9934671e-04 9.9875808e-04 9.9975196e-04 9.9861382e-04 9.9935766e-04 9.9937845e-04 9.9888459e-04 9.9970035e-04 9.9957585e-04 9.9887893e-04 9.9922004e-04 9.9989966e-04 9.9964072e-04 9.9902962e-04 9.9848992e-04 9.9860767e-04 9.9881250e-04 9.9872891e-04 9.9957152e-04 9.9959450e-04 0.0000000e+00 0.0000000e+00
