presentation/data/depth_0046.asc
ncols     164
nrows     146
xllcorner -1.242151388888889e+02
yllcorner  4.172986111111111e+01
cellsize  2.777777777820000e-04
nodata_value       -9999
[rows 66 to 87 of 146, columns 50 to 99 of 164]
0.0000000e+00 0.0000000e+00 0.0000000e+00 0.0000000e+00 0.0000000e+00 0.0000000e+00 0.0000000e+00 0.0000000e+00 0.0000000e+00 0.0000000e+00 0.0000000e+00 0.0000000e+00 0.0000000e+00 0.0000000e+00 9.9948125e-04 9.9940451e-04 9.9863140e-04 9.9845350e-04 9.9674346e-04 9.9137893e-04 1.1940768e-03 1.0023959e-03 3.5518627e-01 8.2259544e-01 1.0179372e+00 1.0753814e+00 1.1151795e+00 1.1672808e+00 1.2963882e+00 1.9146533e+00 2.9122956e+00 3.9859307e+00 2.8544009e+00 1.4773661e+00 1.2681307e+00 1.3535559e+00 1.3320799e+00 1.1757613e+00 9.2852038e-01 6.9779950e-01 6.6622517e-01 6.4736077e-01 6.3805964e-01 6.5649153e-01 6.5403763e-01 6.6061447e-01 6.5809134e-01 6.5126022e-01 6.2594619e-01 6.0345667e-01
0.0000000e+00 0.0000000e+00 0.0000000e+00 0.0000000e+00 0.0000000e+00 9.9484659e-04 9.9891148e-04 9.9638514e-04 9.9628300e-04 9.9787176e-04 9.8869479e-04 9.7309226e-04 9.8423272e-04 9.5117314e-04 9.9952402e-04 9.9841366e-04 9.9810365e-04 9.9820409e-04 9.9683041e-04 9.9907823e-04 9.9334918e-04 5.2090702e-02 6.2334391e-01 9.3229402e-01 1.0990492e+00 1.1604511e+00 1.2091773e+00 1.4041158e+00 3.7272028e+00 4.6087848e+00 3.9332025e+00 2.0620197e+00 1.3651220e+00 1.3545475e+00 1.3774501e+00 1.3492344e+00 1.3259302e+00 1.3273305e+00 1.2953236e+00 1.2872260e+00 1.3071015e+00 1.2531012e+00 1.1806246e+00 1.1113501e+00 1.0303201e+00 9.6223940e-01 8.6153257e-01 7.4782231e-01 6.6299167e-01 5.8158297e-01
0.0000000e+00 0.0000000e+00 0.0000000e+00 0.0000000e+00 0.0000000e+00 9.9923071e-04 9.9725030e-04 9.8828118e-04 9.9571805e-04 9.5227580e-04 9.1130734e-04 9.4983677e-04 9.7866610e-04 9.8984932e-04 9.9802054e-04 9.9832068e-04 9.9822355e-04 9.9616623e-04 9.9854204e-04 9.9662752e-04 2.2010832e-03 5.4899446e-01 8.2759916e-01 1.0138231e+00 1.1685810e+00 1.2404425e+00 1.3013259e+00 2.4627899e+00 4.8214304e+00 3.5160535e+00 1.9594374e+00 1.4406713e+00 1.4698065e+00 1.4836818e+00 1.4952082e+00 1.4883511e+00 1.4198753e+00 1.4390353e+00 1.5018715e+00 1.6026128e+00 1.6434952e+00 1.6302888e+00 1.6166946e+00 1.5902235e+00 1.5417745e+00 1.4466471e+00 1.3798921e+00 1.3271742e+00 1.2287527e+00 1.1812341e+00
0.0000000e+00 0.0000000e+00 0.0000000e+00 0.0000000e+00 0.0000000e+00 9.9642118e-04 9.8376194e-04 9.9020750e-04 9.3583436e-04 8.8216884e-04 1.4686711e-01 4.0820673e-01 3.4964066e-01 1.4920233e-01 4.0782618e-02 9.4663739e-04 9.9589395e-04 9.9935782e-04 9.8074784e-04 9.9661035e-04 2.5260984e-01 7.6136207e-01 8.9783852e-01 1.0862090e+00 1.2279520e+00 1.3056280e+00 1.3811634e+00 3.4055005e+00 5.0699786e+00 3.1916540e+00 1.9159431e+00 1.5283109e+00 1.5486283e+00 1.5519723e+00 1.5535221e+00 1.5183683e+00 1.5091302e+00 1.5234122e+00 1.5806222e+00 1.6493132e+00 1.7304024e+00 1.7544870e+00 1.7692667e+00 1.7889137e+00 1.7722836e+00 1.7217906e+00 1.7239183e+00 1.7277909e+00 1.6859461e+00 1.6651863e+00
0.0000000e+00 0.0000000e+00 0.0000000e+00 0.0000000e+00 0.0000000e+00 9.6576913e-04 9.7869871e-04 6.6857904e-02 1.2383353e-01 3.5600210e-01 2.6424037e-01 3.0365064e-01 4.8012245e-01 3.0082179e-01 3.5978064e-01 4.5620701e-01 1.0540157e-01 9.5140491e-04 9.8506755e-04 1.7340949e-02 2.7924902e-01 6.2499716e-01 8.0122074e-01 1.0031592e+00 1.2083732e+00 1.3315899e+00 1.4259860e+00 2.6041499e+00 5.4804280e+00 4.9576743e+00 3.4657734e+00 1.5954652e+00 1.5779782e+00 1.5803218e+00 1.5631561e+00 1.5329408e+00 1.5769059e+00 1.6396652e+00 1.6736339e+00 1.7081373e+00 1.7325938e+00 1.7708511e+00 1.7908029e+00 1.7999475e+00 1.8084563e+00 1.8147292e+00 1.8530309e+00 1.8800194e+00 1.8785022e+00 1.8391851e+00
0.0000000e+00 0.0000000e+00 0.0000000e+00 9.8977218e-04 9.5334459e-04 9.6997207e-04 9.3175306e-04 1.7598277e-01 2.8761458e-01 5.4568531e-01 2.5243245e-01 7.1548926e-04 1.3884567e-01 3.8370330e-01 4.6787616e-01 6.0424229e-01 4.1283970e-01 9.3467490e-04 7.8020441e-02 2.0681259e-01 1.1463502e-01 2.0243977e-01 5.7947899e-01 7.1790583e-01 8.4536784e-01 9.4470327e-01 1.1798182e+00 1.5372587e+00 4.1445866e+00 5.6760908e+00 4.3235703e+00 1.6261255e+00 1.6109869e+00 1.7187188e+00 1.7036914e+00 1.6188108e+00 1.6398118e+00 1.6809222e+00 1.7019446e+00 1.7225685e+00 1.7418717e+00 1.7614144e+00 1.7810847e+00 1.7964784e+00 1.8180708e+00 1.8272060e+00 1.8540356e+00 1.8828066e+00 1.8878959e+00 1.8938670e+00
9.9882359e-04 0.0000000e+00 9.7457103e-04 9.4479654e-04 9.9998833e-04 1.5711067e-03 9.9899820e-04 8.0001720e-04 8.9084998e-04 2.2116950e-01 4.4182114e-01 4.2498058e-01 5.0507274e-01 3.7324180e-01 4.5646268e-01 1.7023612e-01 2.4737719e-01 1.6857954e-01 1.1828550e-01 9.4932955e-02 1.7584969e-01 1.1839496e-01 3.2591076e-01 4.2756339e-01 3.7781674e-01 3.9648971e-01 4.3305187e-01 1.5940024e+00 2.5831017e+00 4.7971128e+00 3.5608596e+00 1.5057482e+00 1.8346687e+00 1.9170163e+00 1.9804535e+00 1.7076742e+00 1.6655488e+00 1.6786017e+00 1.6911495e+00 1.7072792e+00 1.7219639e+00 1.7350884e+00 1.7477976e+00 1.7609249e+00 1.7756023e+00 1.7936744e+00 1.8110280e+00 1.8283982e+00 1.8468298e+00 1.8652583e+00
9.9712624e-04 9.8390457e-04 9.7177320e-04 1.5143980e-01 9.9569189e-04 2.6539544e-03 9.8044442e-04 8.6468801e-04 6.7770495e-04 8.8740585e-04 5.4775480e-01 5.8554143e-01 5.6566564e-01 3.6101393e-01 1.7742093e-01 1.7057702e-01 1.2017218e-01 6.6012010e-02 5.3712068e-02 2.6395941e-02 6.9247296e-02 1.4370798e-01 1.3069408e-01 2.5495887e-01 4.1187805e-01 2.5045360e-01 2.1211144e-01 1.3122549e+00 2.8664335e+00 4.5019015e+00 2.9045573e+00 1.5335261e+00 1.5231922e+00 1.4751999e+00 1.9697612e+00 2.0536125e+00 2.1027263e+00 2.5309616e+00 2.5777993e+00 2.2553686e+00 2.2559248e+00 2.2565560e+00 2.2650885e+00 2.2620614e+00 2.2819641e+00 2.0391507e+00 1.8221574e+00 1.8085131e+00 1.7927461e+00 1.8087782e+00
9.9887253e-04 9.9760218e-04 8.4704384e-04 8.9862670e-04 9.8683847e-04 9.8219815e-04 9.8059869e-04 9.7808991e-04 9.7797046e-04 1.9409855e-01 3.5099879e-01 2.7802270e-01 2.4407427e-01 2.1984618e-01 1.1796785e-01 9.9063997e-04 9.3823915e-04 9.4373653e-04 7.7068684e-03 5.1747716e-03 8.4647958e-02 7.7566807e-02 4.4347848e-02 3.6785038e-02 6.4404721e-02 2.0762100e-02 9.3443091e-04 1.1288311e+00 3.7630596e+00 5.3511182e+00 4.6542193e+00 3.4355794e+00 4.1958296e+00 4.4078604e+00 3.8023261e+00 3.7827530e+00 3.7856281e+00 4.7464361e+00 5.4601605e+00 5.4859020e+00 5.4928406e+00 5.4855030e+00 5.4818910e+00 5.4163745e+00 5.3620346e+00 4.7564987e+00 4.3729250e+00 3.6944407e+00 3.1448720e+00 2.7476542e+00
9.9832073e-04 9.8421208e-04 2.0915476e-03 1.0622127e-01 1.6406631e-01 2.0753646e-01 3.3907555e-01 5.2660709e-01 4.8541054e-01 2.8293101e-01 1.9768537e-01 2.1049839e-01 2.4480046e-01 1.3370019e-01 8.9477789e-02 8.7207964e-02 9.8281049e-04 9.9227805e-04 2.0454024e-02 3.9919175e-02 2.8157667e-01 7.8047016e-02 1.6298107e-03 1.7181765e-02 4.7130719e-02 1.6380857e-01 1.5836499e+00 4.3776725e+00 5.5288640e+00 5.6936995e+00 5.7896050e+00 5.5164699e+00 5.7011535e+00 5.5975056e+00 5.4970592e+00 5.5355955e+00 5.5534995e+00 5.6801670e+00 5.8692528e+00 5.9771649e+00 5.9667573e+00 5.8920050e+00 5.6799405e+00 5.5403359e+00 5.7147088e+00 5.8222673e+00 5.8464103e+00 5.8123324e+00 5.5808251e+00 5.3377886e+00
9.4162366e-04 8.2382207e-04 6.5944700e-02 5.6233256e-01 6.3760159e-01 7.2380133e-01 6.2766420e-01 4.1314742e-01 3.0497602e-01 1.2308713e-01 2.8925509e-02 9.1125115e-02 3.8099175e-03 9.2447985e-02 9.7376586e-02 1.2725067e-01 1.7325966e-01 5.3194249e-02 1.2974996e-01 1.1505347e-01 2.4516483e-01 9.8997015e-04 9.9127755e-04 4.8205834e-02 1.0505165e+00 3.9952851e+00 5.0366954e+00 5.5747511e+00 5.7223353e+00 5.7314586e+00 5.9045975e+00 5.9318124e+00 5.7855621e+00 5.6350421e+00 5.6278280e+00 5.7025208e+00 5.7914811e+00 5.7736614e+00 5.8688461e+00 5.9644130e+00 5.9627083e+00 5.8284934e+00 5.4603250e+00 5.0994709e+00 5.6159417e+00 5.8905514e+00 6.0184383e+00 6.0623418e+00 6.0507795e+00 6.0243226e+00
9.6249346e-04 9.8016188e-04 3.3990896e-01 4.6554355e-01 4.5243331e-01 7.2327945e-01 3.9301729e-01 2.4795125e-01 1.2331053e-01 1.2197391e-01 7.6389726e-02 5.9684512e-02 6.1568753e-02 1.0705247e-01 2.2272656e-01 2.2935268e-01 3.3695297e-01 2.8600081e-01 2.7509881e-01 2.7476379e-02 9.8539715e-04 1.1584555e-03 1.1614068e+00 3.1140395e+00 5.0235039e+00 5.7392713e+00 5.3090000e+00 5.3408541e+00 5.6730433e+00 5.9284929e+00 6.1069153e+00 6.1717151e+00 6.1520078e+00 6.0835998e+00 6.0725645e+00 6.1086441e+00 6.0895878e+00 5.9277232e+00 6.0322999e+00 6.1983115e+00 6.2111595e+00 6.1344084e+00 6.0055681e+00 5.9219123e+00 5.9516445e+00 6.1425715e+00 6.2896601e+00 6.2889573e+00 6.2268861e+00 6.1845119e+00
1.9675095e-01 2.7450929e-01 2.9623294e-01 3.4356781e-01 6.3994140e-01 6.6349566e-01 3.2925459e-01 1.4501223e-01 1.4993883e-02 7.4093661e-02 1.7001819e-02 5.7011894e-02 5.9931672e-02 1.9592943e-01 2.9424323e-01 3.1502333e-01 2.6771835e-01 4.0535151e-03 2.5260736e-02 5.9968533e-02 1.0042276e+00 3.5208580e+00 4.8118044e+00 5.6358417e+00 5.9603396e+00 5.7183709e+00 5.3290414e+00 5.6183181e+00 6.0882350e+00 6.1625265e+00 6.3930448e+00 6.4259093e+00 6.3984385e+00 6.4296159e+00 6.4616273e+00 6.4315056e+00 6.2747993e+00 6.2481236e+00 6.3884727e+00 6.4569060e+00 6.4932774e+00 6.4998067e+00 6.4781823e+00 6.5168339e+00 6.5365583e+00 6.4311737e+00 6.5965593e+00 6.6671843e+00 6.5246999e+00 6.3991177e+00
3.3279817e-01 9.3514873e-04 9.8194681e-04 9.7103075e-04 1.6099042e-01 2.1398717e-01 5.7677704e-02 2.2517223e-03 9.9043524e-04 9.5190116e-04 9.9804113e-04 9.9396959e-04 8.6956234e-02 1.8703914e-01 1.7730266e-01 9.9215225e-04 9.9922192e-04 8.9833920e-04 1.0469261e+00 3.2127385e+00 5.0477413e+00 6.3692126e+00 6.0755086e+00 5.9438331e+00 6.2815337e+00 6.1262769e+00 6.0513764e+00 6.3696106e+00 6.9010648e+00 6.8812695e+00 7.0045047e+00 6.7890545e+00 6.6567092e+00 6.6006087e+00 6.6998771e+00 6.9221355e+00 6.7550194e+00 6.5387917e+00 6.6497264e+00 6.8235798e+00 7.0081889e+00 6.9801704e+00 6.9975964e+00 6.9003683e+00 6.9319509e+00 6.9417601e+00 6.8535128e+00 6.9462760e+00 7.1492575e+00 7.0115058e+00
9.9152436e-04 9.8418612e-04 9.9916865e-04 9.9896441e-04 9.9983817e-04 1.7053817e-02 2.9609024e-01 9.9022311e-04 9.9841224e-04 9.9425162e-04 9.8861897e-04 1.0435397e-03 1.1171170e-03 1.8547831e-03 1.7443716e-02 9.9359893e-04 7.7763605e-01 3.6401908e+00 5.6107725e+00 6.2739811e+00 6.7371986e+00 6.7200931e+00 6.7651344e+00 6.9956865e+00 7.0811994e+00 7.1776701e+00 7.2561774e+00 7.5930612e+00 7.6388591e+00 7.4036444e+00 7.3696802e+00 7.2481210e+00 7.0764245e+00 6.9082321e+00 7.0295662e+00 7.2389792e+00 7.3369627e+00 7.3347053e+00 7.2599333e+00 7.3003959e+00 7.3109331e+00 7.3436439e+00 7.5274789e+00 7.6307563e+00 7.6051819e+00 7.5141414e+00 7.5707645e+00 7.4586348e+00 7.4795895e+00 7.4263356e+00
9.9714191e-04 9.9756230e-04 9.9928995e-04 9.9962051e-04 9.7221377e-04 2.5448914e-01 4.8151888e-01 3.6569494e-01 8.6970686e-04 7.9601086e-02 2.2156952e-01 1.1545144e-02 8.4605980e-02 2.0991382e-03 6.6267729e-01 2.8976412e+00 5.3168742e+00 6.3988412e+00 6.5806733e+00 6.7368497e+00 6.9878290e+00 7.1252433e+00 7.3593652e+00 7.5582025e+00 7.5442343e+00 7.6201302e+00 7.8574196e+00 8.2253902e+00 8.2011877e+00 7.8539496e+00 7.7068723e+00 7.7488427e+00 7.5995963e+00 7.2878249e+00 7.3440748e+00 7.4673465e+00 7.5657763e+00 7.7631271e+00 7.8366971e+00 7.7546127e+00 7.6923560e+00 7.6167133e+00 7.6356063e+00 8.0112476e+00 8.1793762e+00 7.9678024e+00 7.9146507e+00 7.8791628e+00 7.9146184e+00 7.9229188e+00
9.9889503e-04 9.9882912e-04 9.9896519e-04 9.9850734e-04 9.5553359e-04 9.5476401e-04 7.1135658e-01 8.3020636e-01 3.7887095e-01 9.2137710e-04 1.0063687e-03 2.3296922e-02 6.2504598e-01 2.4670591e+00 4.9868680e+00 6.1752978e+00 6.4574501e+00 6.6932462e+00 6.8396278e+00 7.0847220e+00 7.3409284e+00 7.4745915e+00 7.6305021e+00 7.6367522e+00 7.8282337e+00 8.1141083e+00 8.1615174e+00 8.0023362e+00 8.1777685e+00 7.9326171e+00 7.8883328e+00 7.9266995e+00 7.9980578e+00 8.0141420e+00 7.9268970e+00 7.7145422e+00 7.5872234e+00 7.6957140e+00 7.8929008e+00 8.0538393e+00 8.1142760e+00 7.9840482e+00 7.8623302e+00 7.9588316e+00 8.2185771e+00 8.2811428e+00 8.2362146e+00 8.2223059e+00 8.2552654e+00 8.2227504e+00
9.3338871e-04 9.9857432e-04 9.9636370e-04 9.9675941e-04 5.6787965e-04 9.7824524e-04 9.6951248e-04 9.4695330e-04 9.9005315e-04 9.9949691e-04 2.1234042e-03 1.2336631e+00 4.5070361e+00 5.8685683e+00 6.2279854e+00 6.5361485e+00 6.8229176e+00 7.1540867e+00 7.1934936e+00 7.3526032e+00 7.6330297e+00 7.6843862e+00 7.7147393e+00 7.7699198e+00 7.9314846e+00 8.4432569e+00 8.4561375e+00 8.1597884e+00 8.3496171e+00 7.9029641e+00 7.8658701e+00 7.9593513e+00 8.1221358e+00 8.3407191e+00 8.3696186e+00 8.0141569e+00 7.8051941e+00 7.7897588e+00 7.8106678e+00 8.1885490e+00 8.4474054e+00 8.3398344e+00 8.2074775e+00 8.1739174e+00 8.3238070e+00 8.4963453e+00 8.5069494e+00 8.5401556e+00 8.5351721e+00 8.3834741e+00
9.8830027e-04 9.9601993e-04 9.9922143e-04 9.9945211e-04 0.0000000e+00 6.6544776e-04 5.4930172e-02 1.9645737e-02 8.5025841e-03 4.1606508e-03 1.4990671e+00 2.5391534e+00 4.5476093e+00 6.4422289e+00 6.7494919e+00 6.8599528e+00 7.2185526e+00 7.3897141e+00 7.3907476e+00 7.4294354e+00 7.6269119e+00 7.6879836e+00 7.8114231e+00 7.9354937e+00 8.0530428e+00 8.2603048e+00 7.9769774e+00 7.8048195e+00 8.6777173e+00 8.4282572e+00 8.2016852e+00 8.3360288e+00 7.9968403e+00 8.3243344e+00 8.3860146e+00 8.2742445e+00 8.4160180e+00 8.7328624e+00 8.1554759e+00 8.2706590e+00 8.3641964e+00 8.4508765e+00 8.4989850e+00 8.5078344e+00 8.5217090e+00 8.5192725e+00 8.5203794e+00 8.6485578e+00 8.7919663e+00 8.6539146e+00
0.0000000e+00 9.8414445e-04 1.0396413e-03 9.8220392e-03 7.5491407e-04 1.1607220e+00 1.8327026e+00 6.9232383e-01 1.6131678e+00 1.6550030e+00 2.7568768e+00 4.3626452e+00 5.8570992e+00 6.1261752e+00 6.9092563e+00 7.2210759e+00 7.5085653e+00 7.4595484e+00 7.5397421e+00 7.6291639e+00 7.6623879e+00 7.7224426e+00 7.9755791e+00 8.1372886e+00 8.2022247e+00 8.1910052e+00 7.8741483e+00 7.5232767e+00 7.6987492e+00 8.5011054e+00 8.4851273e+00 8.4095541e+00 8.1940411e+00 8.2770791e+00 8.3797991e+00 8.5117019e+00 8.7498314e+00 9.0183572e+00 8.8907632e+00 8.7632767e+00 8.6497944e+00 8.5964086e+00 8.6019071e+00 8.7773579e+00 8.8298165e+00 8.7509413e+00 8.5930597e+00 8.6687724e+00 8.8227656e+00 8.8149659e+00
0.0000000e+00 0.0000000e+00 5.5816153e-03 5.7842368e-01 1.3619002e+00 3.1251314e+00 4.4254405e+00 4.0900959e+00 3.8094786e+00 4.6821226e+00 5.5569451e+00 6.2245974e+00 6.5176120e+00 6.3590868e+00 6.6905843e+00 7.2262749e+00 7.6104316e+00 7.7177738e+00 7.6901371e+00 7.7253483e+00 7.7932843e+00 7.9953166e+00 8.2760510e+00 8.3794267e+00 8.4420579e+00 8.2866840e+00 8.1177178e+00 7.7906521e+00 7.8289240e+00 8.4598991e+00 8.6406554e+00 8.7513913e+00 8.7034584e+00 8.4397275e+00 8.4774162e+00 8.6630587e+00 8.8224471e+00 8.9561537e+00 9.0266506e+00 8.9055308e+00 8.9534752e+00 9.0004798e+00 8.6643042e+00 8.7376655e+00 9.0497117e+00 8.8403988e+00 8.7554269e+00 8.6204759e+00 8.7473115e+00 8.8152611e+00
8.5498958e-04 9.1721595e-04 9.2332278e-04 2.3432808e-01 1.2004867e+00 3.1136108e+00 6.0156100e+00 6.0866636e+00 5.9244003e+00 5.9013839e+00 6.0983946e+00 6.3558522e+00 6.6358888e+00 6.6923676e+00 6.9411981e+00 7.2906335e+00 7.4713983e+00 7.9922416e+00 7.9956523e+00 8.0388299e+00 8.1851564e+00 8.3742735e+00 8.5694165e+00 8.3654440e+00 8.5192413e+00 8.5706246e+00 8.6177911e+00 8.4271565e+00 8.2769346e+00 8.7549462e+00 8.7333574e+00 8.5422302e+00 8.5712394e+00 8.5698291e+00 8.7585496e+00 8.5814780e+00 8.6206074e+00 8.7139282e+00 8.7196891e+00 8.2997370e+00 8.4268129e+00 8.4429989e+00 8.1232451e+00 8.2797273e+00 8.7342184e+00 8.1348662e+00 7.7667645e+00 7.5223845e+00 8.1238349e+00 8.7021673e+00
