presentation/data/depth_0013.asc
ncols     164
nrows     146
xllcorner -1.242151388888889e+02
yllcorner  4.172986111111111e+01
cellsize  2.777777777820000e-04
nodata_value       -9999
[rows 66 to 87 of 146, columns 50 to 99 of 164]
0.0000000e+00 0.0000000e+00 0.0000000e+00 0.0000000e+00 0.0000000e+00 0.0000000e+00 0.0000000e+00 0.0000000e+00 0.0000000e+00 0.0000000e+00 0.0000000e+00 0.0000000e+00 0.0000000e+00 0.0000000e+00 0.0000000e+00 0.0000000e+00 0.0000000e+00 0.0000000e+00 0.0000000e+00 0.0000000e+00 0.0000000e+00 4.1140209e-01 1.1274162e+00 1.5616026e+00 1.7374906e+00 1.7527872e+00 1.7229545e+00 1.6124006e+00 1.6790851e+00 2.3533855e+00 3.4598131e+00 4.5752421e+00 3.4284490e+00 2.0140081e+00 1.7726507e+00 1.7981388e+00 1.6738460e+00 1.3680823e+00 1.0048639e+00 8.5872026e-01 9.0536976e-01 9.0136474e-01 8.9391533e-01 9.1543149e-01 9.1873328e-01 9.3682314e-01 9.5621606e-01 9.8357231e-01 1.0076654e+00 1.0356834e+00
0.0000000e+00 0.0000000e+00 0.0000000e+00 0.0000000e+00 0.0000000e+00 0.0000000e+00 0.0000000e+00 0.0000000e+00 0.0000000e+00 0.0000000e+00 0.0000000e+00 0.0000000e+00 0.0000000e+00 3.3675467e-03 3.4126849e-02 5.4298059e-03 0.0000000e+00 0.0000000e+00 0.0000000e+00 0.0000000e+00 1.6615621e-02 7.1652212e-01 1.2680024e+00 1.5746997e+00 1.7265227e+00 1.7556974e+00 1.7381306e+00 1.8662763e+00 4.2399455e+00 5.1707697e+00 4.4835416e+00 2.5707433e+00 1.8292122e+00 1.7568335e+00 1.7193463e+00 1.6242481e+00 1.5098549e+00 1.4509072e+00 1.3989965e+00 1.4127095e+00 1.4522520e+00 1.4083105e+00 1.3552981e+00 1.3130964e+00 1.2679982e+00 1.2482682e+00 1.2053259e+00 1.1586826e+00 1.1274502e+00 1.0787362e+00
0.0000000e+00 0.0000000e+00 0.0000000e+00 0.0000000e+00 0.0000000e+00 0.0000000e+00 1.0626370e-01 2.4024868e-01 6.7178670e-02 5.9322865e-02 2.4502973e-01 4.1395388e-01 4.6216082e-01 4.1211560e-01 2.8092316e-01 7.5050724e-02 2.1099930e-04 0.0000000e+00 0.0000000e+00 9.5015838e-04 5.5640986e-01 1.1086191e+00 1.4031219e+00 1.5910744e+00 1.7137572e+00 1.7418590e+00 1.7325957e+00 2.8938352e+00 5.2751880e+00 3.9187435e+00 2.2760555e+00 1.7785316e+00 1.7465372e+00 1.7174097e+00 1.7142345e+00 1.6864078e+00 1.5977580e+00 1.6106343e+00 1.6734174e+00 1.7725378e+00 1.8112464e+00 1.7995477e+00 1.7984068e+00 1.7960447e+00 1.7871904e+00 1.7478541e+00 1.7435799e+00 1.7447907e+00 1.6839784e+00 1.6646596e+00
0.0000000e+00 0.0000000e+00 0.0000000e+00 0.0000000e+00 0.0000000e+00 0.0000000e+00 1.5453740e-01 6.0757170e-01 3.7114288e-01 3.6183966e-01 7.9008400e-01 1.0368246e+00 9.6798941e-01 7.6658449e-01 6.5644627e-01 4.6019239e-01 1.6874852e-01 5.5459340e-02 4.6061296e-02 1.2662729e-01 9.3502540e-01 1.3344082e+00 1.4643315e+00 1.6088740e+00 1.7157479e+00 1.7571968e+00 1.7735143e+00 3.7621719e+00 5.3921145e+00 3.4581138e+00 2.1435370e+00 1.7582697e+00 1.7545123e+00 1.7466363e+00 1.7542705e+00 1.7310901e+00 1.7399741e+00 1.7752395e+00 1.8373691e+00 1.8940481e+00 1.9598109e+00 1.9727960e+00 1.9894911e+00 2.0294910e+00 2.0500266e+00 2.0461022e+00 2.0958241e+00 2.1417867e+00 2.1271113e+00 2.1258920e+00
0.0000000e+00 0.0000000e+00 0.0000000e+00 0.0000000e+00 0.0000000e+00 0.0000000e+00 8.6211732e-03 7.4190174e-01 8.0078729e-01 1.0119267e+00 9.1461922e-01 9.3136013e-01 1.0965899e+00 9.1308275e-01 9.7028493e-01 1.0722184e+00 7.0499668e-01 2.4676766e-01 8.1812752e-02 5.6436968e-01 9.5956550e-01 1.2073853e+00 1.3475350e+00 1.4944848e+00 1.6610722e+00 1.7902550e+00 1.8629985e+00 2.9617209e+00 5.8064657e+00 5.2931789e+00 3.7934844e+00 1.8735002e+00 1.8143157e+00 1.8000851e+00 1.7898110e+00 1.7827131e+00 1.8577340e+00 1.9485462e+00 1.9890818e+00 2.0155114e+00 2.0273141e+00 2.0528975e+00 2.0710762e+00 2.0949989e+00 2.1335245e+00 2.1773595e+00 2.2411428e+00 2.2728486e+00 2.2686750e+00 2.2248516e+00
0.0000000e+00 0.0000000e+00 0.0000000e+00 9.9478390e-04 9.7669315e-04 9.1343335e-04 3.2119953e-01 8.4962530e-01 9.6080104e-01 1.2010701e+00 8.9187715e-01 5.4185824e-02 7.2230162e-01 9.8361513e-01 1.0618114e+00 1.2046390e+00 9.9224063e-01 3.6659994e-01 4.0447041e-01 8.7466417e-01 7.4247142e-01 8.1720306e-01 1.1310855e+00 1.2382904e+00 1.3408754e+00 1.4733144e+00 1.6676294e+00 1.9671811e+00 4.4282202e+00 6.0030165e+00 4.6499894e+00 1.9194257e+00 1.8681456e+00 1.9734403e+00 1.9587311e+00 1.8986151e+00 1.9456229e+00 2.0133172e+00 2.0493324e+00 2.0702309e+00 2.0823405e+00 2.0932362e+00 2.1146140e+00 2.1469845e+00 2.1920140e+00 2.2173101e+00 2.2465412e+00 2.2661204e+00 2.2586410e+00 2.2548394e+00
9.9882359e-04 0.0000000e+00 9.3298491e-04 8.7968600e-02 3.5941859e-01 4.8564500e-01 3.6773922e-01 9.7530493e-04 8.8147273e-04 8.5471559e-01 1.0587247e+00 1.0390081e+00 1.1034622e+00 9.6069589e-01 1.0362919e+00 7.4015481e-01 7.8772871e-01 6.5141776e-01 5.2289788e-01 7.9929275e-01 9.1401818e-01 8.4913187e-01 1.0168903e+00 1.0997014e+00 1.0313143e+00 1.0725269e+00 9.8951491e-01 1.9495994e+00 2.8270722e+00 5.0820708e+00 3.8421778e+00 1.7781629e+00 2.0855948e+00 2.1693148e+00 2.2410081e+00 1.9915221e+00 1.9712303e+00 2.0130708e+00 2.0473220e+00 2.0708307e+00 2.0829279e+00 2.0924326e+00 2.1105739e+00 2.1389732e+00 2.1722525e+00 2.2016016e+00 2.2194702e+00 2.2278057e+00 2.2363205e+00 2.2474436e+00
1.1334200e-02 2.6997027e-03 1.1364594e-01 3.8088246e-01 2.3880094e-01 5.0110833e-01 2.8219918e-01 8.9136771e-04 7.7867373e-04 2.0504827e-01 1.1272838e+00 1.1767644e+00 1.1622105e+00 9.5463018e-01 7.4726623e-01 7.1370243e-01 5.9839016e-01 4.3352221e-01 3.4876056e-01 5.0714405e-01 8.4971971e-01 9.4055634e-01 9.4650656e-01 1.0468348e+00 1.1950510e+00 1.2106263e+00 6.4017889e-01 1.6638687e+00 3.1429554e+00 4.7584718e+00 3.1493300e+00 1.7774518e+00 1.7795420e+00 1.7432665e+00 2.2456674e+00 2.3453172e+00 2.4092364e+00 2.8451556e+00 2.9047688e+00 2.5856574e+00 2.5868624e+00 2.5879351e+00 2.6011676e+00 2.6094897e+00 2.6482857e+00 2.4275631e+00 2.2343056e+00 2.2364500e+00 2.2321457e+00 2.2521734e+00
4.2173761e-03 1.6639977e-01 5.8724162e-02 1.3344042e-01 4.6983310e-01 5.4730123e-01 4.8937767e-01 5.7337143e-01 4.7265283e-01 7.8660770e-01 9.4990408e-01 8.7863349e-01 8.4266851e-01 8.1992484e-01 7.2299765e-01 5.3614148e-01 1.6359596e-01 2.8756619e-02 1.5142144e-01 4.5486915e-01 6.1118607e-01 6.8165606e-01 7.6793834e-01 9.5411042e-01 9.8386233e-01 5.5079906e-01 4.8889918e-03 1.4867574e+00 4.0880067e+00 5.6389771e+00 4.9440319e+00 3.7257065e+00 4.4885860e+00 4.7137458e+00 4.1040404e+00 4.1045714e+00 4.1133406e+00 5.0765821e+00 5.7912651e+00 5.8110772e+00 5.8113908e+00 5.7987667e+00 5.7929721e+00 5.7296302e+00 5.6827262e+00 5.0863259e+00 4.7156589e+00 4.0531837e+00 3.5271030e+00 3.1558222e+00
2.0039882e-01 2.9108515e-01 6.1508934e-01 7.2349198e-01 7.7909639e-01 8.2623166e-01 9.4799983e-01 1.1391161e+00 1.0890492e+00 8.7492159e-01 7.8573942e-01 8.0817792e-01 8.4696840e-01 7.4011163e-01 7.0147390e-01 7.0646047e-01 5.6302717e-01 2.9300985e-01 3.3498119e-01 6.2979722e-01 9.2116313e-01 6.7238021e-01 3.1018852e-01 3.1273469e-01 1.7360550e-01 4.4026729e-01 1.9921591e+00 4.7292579e+00 5.8732924e+00 6.0111467e+00 6.1042471e+00 5.8310057e+00 6.0211513e+00 5.9207720e+00 5.8195856e+00 5.8693800e+00 5.8948524e+00 6.0207302e+00 6.2029175e+00 6.3020251e+00 6.2831749e+00 6.2000968e+00 5.9833093e+00 5.8434716e+00 6.0248577e+00 6.1417617e+00 6.1761295e+00 6.1512050e+00 5.9289173e+00 5.6967816e+00
2.1542821e-02 5.1566926e-04 6.5037483e-01 1.1447475e+00 1.2329778e+00 1.3260761e+00 1.2300742e+00 1.0156741e+00 9.0445773e-01 7.1429713e-01 6.1783662e-01 6.9566379e-01 6.0651751e-01 7.1215255e-01 7.1325780e-01 7.4230229e-01 7.9059461e-01 6.2810265e-01 6.7656425e-01 7.3163163e-01 8.2247154e-01 4.4187006e-01 1.3983270e-01 4.0267543e-01 1.4406837e+00 4.3811774e+00 5.4184268e+00 5.9401157e+00 6.0784639e+00 6.0641256e+00 6.2328361e+00 6.2590734e+00 6.1077656e+00 5.9586433e+00 5.9531700e+00 6.0355235e+00 6.1287021e+00 6.1100768e+00 6.1993055e+00 6.2861141e+00 6.2753088e+00 6.1330047e+00 5.7608013e+00 5.4008880e+00 5.9246475e+00 6.2056071e+00 6.3387621e+00 6.3846741e+00 6.3733763e+00 6.3479527e+00
4.6545596e-01 3.6324882e-01 9.3320466e-01 1.0666046e+00 1.0596429e+00 1.3366397e+00 9.9875734e-01 8.4873947e-01 7.1555698e-01 7.1217411e-01 6.6172740e-01 6.5929555e-01 6.7831938e-01 7.2939377e-01 8.5703258e-01 8.7518707e-01 9.9849982e-01 9.4964855e-01 9.2597502e-01 6.8283294e-01 2.6421839e-01 3.8372360e-01 1.6417756e+00 3.5760710e+00 5.4713427e+00 6.1655910e+00 5.7127975e+00 5.7125729e+00 6.0261806e+00 6.2623189e+00 6.4393079e+00 6.5052145e+00 6.4830195e+00 6.4165379e+00 6.4035012e+00 6.4407925e+00 6.4206529e+00 6.2556762e+00 6.3546351e+00 6.5125760e+00 6.5166496e+00 6.4322991e+00 6.2997422e+00 6.2161292e+00 6.2478613e+00 6.4441676e+00 6.5935208e+00 6.5957688e+00 6.5354553e+00 6.4934217e+00
8.3249964e-01 8.8027893e-01 8.9428835e-01 9.3645997e-01 1.2472360e+00 1.2782112e+00 9.4019458e-01 7.4869630e-01 6.0048968e-01 6.6009707e-01 6.0450038e-01 6.6675757e-01 6.8440352e-01 8.3051298e-01 9.5043707e-01 1.0060413e+00 9.7908544e-01 7.3475918e-01 4.0830417e-01 5.7972195e-01 1.4049647e+00 4.0188768e+00 5.3029512e+00 6.1123863e+00 6.4120752e+00 6.1443301e+00 5.7245490e+00 5.9879243e+00 6.4487009e+00 6.5187278e+00 6.7433903e+00 6.7690625e+00 6.7371863e+00 6.7606587e+00 6.7842389e+00 6.7524807e+00 6.5934830e+00 6.5644700e+00 6.6997924e+00 6.7607621e+00 6.7879103e+00 6.7873831e+00 6.7610863e+00 6.7987409e+00 6.8186229e+00 6.7141273e+00 6.8764482e+00 6.9434588e+00 6.7969997e+00 6.6709435e+00
9.9210651e-01 5.0574810e-01 4.7169114e-01 5.9782940e-01 7.5924454e-01 8.2060410e-01 6.6137578e-01 5.9225543e-01 4.8633339e-01 4.1887572e-01 5.3332892e-01 5.9657144e-01 7.2034798e-01 8.3954520e-01 8.9231642e-01 6.9176379e-01 1.9733033e-01 5.6986903e-01 1.2651780e+00 3.6753086e+00 5.5050517e+00 6.8437105e+00 6.5255572e+00 6.3859433e+00 6.7232205e+00 6.5581933e+00 6.4679913e+00 6.7664648e+00 7.2848453e+00 7.2393546e+00 7.3419165e+00 7.1177501e+00 6.9791795e+00 6.9186198e+00 7.0109557e+00 7.2304445e+00 7.0581260e+00 6.8385089e+00 6.9448918e+00 7.1119291e+00 7.2876354e+00 7.2520665e+00 7.2634418e+00 7.1628346e+00 7.1933834e+00 7.2021215e+00 7.1086276e+00 7.1948638e+00 7.3897285e+00 7.2457481e+00
6.3207702e-01 3.5945637e-01 2.7211214e-01 1.7128793e-01 1.2401446e-01 6.0931298e-01 8.8620206e-01 4.0720184e-01 4.1324006e-01 1.5330970e-01 4.2004128e-01 4.6816837e-01 5.6637492e-01 4.9751862e-01 1.8494344e-01 3.1674341e-01 8.7743196e-01 3.9760274e+00 5.9748390e+00 6.6805213e+00 7.1438261e+00 7.1409238e+00 7.1898338e+00 7.4290383e+00 7.5191077e+00 7.6127748e+00 7.6809559e+00 7.9979392e+00 8.0201474e+00 7.7541991e+00 7.6984087e+00 7.5675415e+00 7.3907974e+00 7.2184203e+00 7.3318524e+00 7.5365857e+00 7.6257609e+00 7.6168266e+00 7.5349518e+00 7.5661940e+00 7.5677289e+00 7.5911123e+00 7.7677131e+00 7.8650292e+00 7.8360535e+00 7.7406930e+00 7.7891684e+00 7.6662089e+00 7.6761457e+00 7.6113710e+00
2.6260270e-01 6.6185604e-02 4.3348502e-02 3.2495471e-02 9.7939426e-04 8.3899900e-01 1.0658906e+00 9.4717917e-01 3.2017472e-01 5.3061125e-01 6.8566196e-01 3.2989502e-01 1.9469792e-01 1.8958429e-01 9.9541570e-01 2.9565531e+00 5.5894758e+00 6.7357402e+00 6.9078076e+00 7.0962394e+00 7.3644763e+00 7.5148740e+00 7.7590278e+00 7.9697766e+00 7.9642517e+00 8.0400636e+00 8.2734856e+00 8.6176110e+00 8.5740817e+00 8.1960991e+00 8.0264303e+00 8.0636226e+00 7.9074598e+00 7.5899817e+00 7.6385253e+00 7.7558820e+00 7.8403793e+00 8.0251441e+00 8.0858617e+00 7.9903502e+00 7.9169296e+00 7.8306061e+00 7.8402463e+00 8.2062225e+00 8.3669269e+00 8.1461980e+00 8.0867671e+00 8.0392194e+00 8.0645936e+00 8.0666072e+00
2.2559847e-02 3.2185160e-02 4.6191627e-02 2.3607232e-02 2.1720146e-03 5.8387756e-02 1.2927751e+00 1.4093059e+00 9.5986241e-01 9.0484964e-04 2.6977090e-01 1.6336532e-01 1.0358440e+00 2.0691352e+00 5.1910162e+00 6.4129222e+00 6.6893251e+00 6.9649982e+00 7.1098319e+00 7.3763658e+00 7.6575405e+00 7.8055168e+00 7.9806742e+00 8.0066509e+00 8.2229432e+00 8.5149736e+00 8.5503438e+00 8.3580691e+00 8.5219223e+00 8.2546917e+00 8.1926553e+00 8.2290308e+00 8.2961340e+00 8.3074346e+00 8.2081099e+00 7.9853814e+00 7.8399864e+00 7.9323886e+00 8.1118441e+00 8.2548950e+00 8.2991089e+00 8.1574999e+00 8.0229413e+00 8.1058725e+00 8.3542546e+00 8.4031994e+00 8.3466906e+00 8.3222485e+00 8.3410197e+00 8.3143017e+00
5.6018757e-04 3.6932545e-02 4.0475320e-03 0.0000000e+00 0.0000000e+00 0.0000000e+00 7.8143100e-04 5.1977268e-01 9.3485542e-04 5.7213613e-03 2.8732289e-01 1.2242644e+00 4.8319332e+00 6.0473119e+00 6.4060973e+00 6.6874074e+00 6.9915995e+00 7.3451209e+00 7.3804619e+00 7.5574498e+00 7.8722165e+00 7.9419634e+00 8.0011310e+00 8.0906646e+00 8.2833905e+00 8.8050769e+00 8.7958499e+00 8.4573090e+00 8.6401960e+00 8.1826667e+00 8.1429547e+00 8.2443688e+00 8.4069567e+00 8.6167922e+00 8.6273425e+00 8.2543508e+00 8.0263131e+00 7.9978326e+00 8.0032210e+00 8.3626586e+00 8.5992400e+00 8.4764548e+00 8.3242445e+00 8.2714770e+00 8.4001104e+00 8.5513503e+00 8.5405520e+00 8.5623154e+00 8.5490320e+00 8.4093044e+00
4.5994480e-05 3.2339184e-02 4.2135110e-02 0.0000000e+00 0.0000000e+00 0.0000000e+00 3.5380867e-02 1.8344989e-01 8.4405992e-02 1.3734667e-06 1.1832911e+00 2.0270284e+00 4.5281784e+00 6.5433089e+00 6.8940401e+00 6.9628244e+00 7.3184558e+00 7.4820254e+00 7.4706621e+00 7.5314642e+00 7.7687109e+00 7.8636488e+00 8.0344179e+00 8.1993370e+00 8.3413570e+00 8.5512441e+00 8.2352158e+00 8.0303649e+00 8.9137826e+00 8.6663074e+00 8.4459976e+00 8.5918574e+00 8.2488857e+00 8.5716642e+00 8.6135008e+00 8.4858790e+00 8.6165015e+00 8.9230065e+00 8.3274031e+00 8.4273217e+00 8.4975326e+00 8.5571911e+00 8.5799123e+00 8.5630283e+00 8.5412160e+00 8.5047307e+00 8.4750298e+00 8.5753404e+00 8.7193148e+00 8.5985705e+00
0.0000000e+00 0.0000000e+00 1.5685870e-01 1.0456708e-01 0.0000000e+00 6.2610400e-01 1.2792127e+00 3.3653105e-01 7.7378219e-01 1.3041123e+00 2.1724065e+00 4.0794281e+00 5.7013678e+00 6.0322344e+00 6.9163774e+00 7.2227325e+00 7.5022858e+00 7.4321359e+00 7.5153314e+00 7.6282623e+00 7.6954059e+00 7.8029318e+00 8.1217211e+00 8.3237110e+00 8.4058477e+00 8.3897029e+00 8.0447915e+00 7.6709916e+00 7.8543369e+00 8.6955802e+00 8.6946578e+00 8.6228024e+00 8.4086691e+00 8.4885440e+00 8.5792743e+00 8.7044630e+00 8.9383230e+00 9.1964611e+00 9.0547900e+00 8.9066688e+00 8.7676320e+00 8.6900136e+00 8.6636185e+00 8.7975851e+00 8.8040150e+00 8.6769355e+00 8.4734430e+00 8.5148035e+00 8.6613083e+00 8.6784887e+00
0.0000000e+00 0.0000000e+00 4.3719695e-02 1.0032564e-01 9.6360638e-01 2.7653209e+00 4.1307268e+00 3.8972981e+00 3.5827407e+00 4.4578853e+00 5.3195714e+00 5.9683800e+00 6.3166223e+00 6.1622609e+00 6.5430572e+00 7.1049883e+00 7.4950458e+00 7.5806518e+00 7.5449493e+00 7.6006538e+00 7.7122430e+00 7.9793872e+00 8.3303176e+00 8.4672092e+00 8.5441426e+00 8.3844574e+00 8.2096179e+00 7.8813186e+00 7.9388579e+00 8.6147759e+00 8.8150704e+00 8.9297423e+00 8.8806450e+00 8.6076380e+00 8.6510426e+00 8.8378572e+00 8.9983449e+00 9.1286421e+00 9.1929101e+00 9.0482759e+00 9.0694763e+00 9.0825236e+00 8.6951774e+00 8.7200353e+00 8.9849541e+00 8.7225867e+00 8.5789476e+00 8.3979532e+00 8.5104217e+00 8.6027995e+00
8.5498958e-04 9.1721595e-04 9.2332278e-04 4.4577346e-03 8.1702720e-01 2.7514057e+00 5.6885820e+00 5.8331174e+00 5.7149480e+00 5.7014958e+00 5.9013829e+00 6.1634720e+00 6.4539589e+00 6.4811957e+00 6.6991721e+00 7.0348469e+00 7.2025519e+00 7.7298089e+00 7.7292535e+00 7.7881891e+00 7.9829980e+00 8.2446632e+00 8.5102615e+00 8.3403483e+00 8.5347491e+00 8.6063109e+00 8.6718504e+00 8.4976304e+00 8.3401357e+00 8.8530941e+00 8.8508104e+00 8.6574939e+00 8.6891611e+00 8.6981598e+00 8.9101975e+00 8.7299080e+00 8.7775291e+00 8.8753454e+00 8.8677002e+00 8.4141899e+00 8.5117025e+00 8.4788178e+00 8.0988953e+00 8.2014842e+00 8.5965828e+00 7.9292823e+00 7.5117366e+00 7.2364265e+00 7.8320484e+00 8.4334814e+00
