presentation/data/depth_0046.asc
ncols     164
nrows     146
xllcorner -1.242151388888889e+02
yllcorner  4.172986111111111e+01
cellsize  2.777777777820000e-04
nodata_value       -9999
[rows 110 to 131 of 146, columns 100 to 149 of 164]
1.0115067e+01 1.0069640e+01 1.0056592e+01 1.0015626e+01 9.9134632e+00 9.9296742e+00 6.9790101e+00 4.2164117e+00 2.9679913e+00 2.5170350e+00 7.6136680e-01 5.1952437e-04 1.1365717e+00 3.9583392e+00 5.1078395e+00 5.6996685e+00 5.9468353e+00 5.7254627e+00 5.8264370e+00 7.3155488e+00 8.1702526e+00 8.3666694e+00 8.5224124e+00 8.4256912e+00 7.9100668e+00 8.0318239e+00 8.0048437e+00 8.1207860e+00 8.1520074e+00 8.3493398e+00 8.1867990e+00 7.5635173e+00 7.8384180e+00 8.4010503e+00 8.9083663e+00 9.0689097e+00 9.0711020e+00 8.8085869e+00 8.7645577e+00 8.8720426e+00 9.0210634e+00 9.0727727e+00 9.1381240e+00 9.3229240e+00 9.4007144e+00 9.4649547e+00 9.5065027e+00 9.3894500e+00 9.2959206e+00 9.1314415e+00
1.0220688e+01 1.0243236e+01 1.0194559e+01 1.0132866e+01 1.0021957e+01 1.0086112e+01 1.0007623e+01 8.0803130e+00 6.4833468e+00 6.2564882e+00 4.5825960e+00 4.9429177e+00 5.4921535e+00 5.8879280e+00 5.8422905e+00 5.9027002e+00 6.3674658e+00 6.4088660e+00 6.2933160e+00 7.4640844e+00 8.2298086e+00 8.3801219e+00 8.5702514e+00 8.5789320e+00 8.0310113e+00 7.8212781e+00 7.7287589e+00 8.1564849e+00 8.3354668e+00 8.5740657e+00 8.6363790e+00 8.4670170e+00 8.4275409e+00 8.6332473e+00 9.2766525e+00 9.5502049e+00 9.4435204e+00 9.2202772e+00 9.0151593e+00 9.0559210e+00 9.2447414e+00 9.2899990e+00 9.2272162e+00 9.3010161e+00 9.3927760e+00 9.4798929e+00 9.6357908e+00 9.5802915e+00 9.4147056e+00 9.3074550e+00
1.0332576e+01 1.0389258e+01 1.0408720e+01 1.0349761e+01 1.0302090e+01 1.0185881e+01 1.0290733e+01 1.0628523e+01 1.0276438e+01 9.1653959e+00 8.1508432e+00 8.0306965e+00 8.2642917e+00 7.8159124e+00 6.7311187e+00 6.4319768e+00 6.9455630e+00 7.1110636e+00 7.3260981e+00 8.1139884e+00 8.4698423e+00 8.2888311e+00 8.3856678e+00 8.4353874e+00 8.2393186e+00 8.2012883e+00 7.7118899e+00 8.3377427e+00 8.6794152e+00 8.9997694e+00 9.3246825e+00 9.4572357e+00 9.1184395e+00 8.8057553e+00 9.2857752e+00 9.7097080e+00 9.7138585e+00 9.4847354e+00 9.2025382e+00 9.1588943e+00 9.3992209e+00 9.3677374e+00 9.3261571e+00 9.3188536e+00 9.3581956e+00 9.4118343e+00 9.5699883e+00 9.6196739e+00 9.5461946e+00 9.5162366e+00
1.0516103e+01 1.0569590e+01 1.0595820e+01 1.0590778e+01 1.0567586e+01 1.0500596e+01 1.0424651e+01 1.0408662e+01 1.0200690e+01 9.6713966e+00 1.0023634e+01 9.8232954e+00 9.5891803e+00 9.0144425e+00 8.0638559e+00 7.8046437e+00 7.9895071e+00 8.2872951e+00 8.7059807e+00 9.1141599e+00 9.0529075e+00 8.6942319e+00 8.4868958e+00 8.5416223e+00 8.6610667e+00 9.0290675e+00 8.6317316e+00 8.9050755e+00 9.1398293e+00 9.4053500e+00 9.8056716e+00 1.0307325e+01 9.7309505e+00 9.3758000e+00 9.6864285e+00 1.0036702e+01 1.0090216e+01 9.8043036e+00 9.5137514e+00 9.4100421e+00 9.4752525e+00 9.4297016e+00 9.3857807e+00 9.3593456e+00 9.4056428e+00 9.4932860e+00 9.6280458e+00 9.6870205e+00 9.6690673e+00 9.6657524e+00
1.0725740e+01 1.0796259e+01 1.0819731e+01 1.0855459e+01 1.0861470e+01 1.0805758e+01 1.0734265e+01 1.0652045e+01 1.0534105e+01 1.0462891e+01 1.0927896e+01 1.0585195e+01 1.0526037e+01 1.0317617e+01 9.8353738e+00 9.5133648e+00 9.5485523e+00 9.5763436e+00 9.8775890e+00 1.0050569e+01 9.9032648e+00 9.3590313e+00 8.8990384e+00 8.9545909e+00 9.2611016e+00 9.5008966e+00 9.4706358e+00 9.5811462e+00 9.7153970e+00 9.7254763e+00 9.7151636e+00 1.0073496e+01 9.9177664e+00 9.8524253e+00 1.0141796e+01 1.0536268e+01 1.0726173e+01 1.0249205e+01 9.7488658e+00 9.6518356e+00 9.6084748e+00 9.5052940e+00 9.5031373e+00 9.4707274e+00 9.5164334e+00 9.6416488e+00 9.7485042e+00 9.8238076e+00 9.7832919e+00 9.7072680e+00
1.0987730e+01 1.1046540e+01 1.1073100e+01 1.1090439e+01 1.1109722e+01 1.1069987e+01 1.1036985e+01 1.0950042e+01 1.0845274e+01 1.0827617e+01 1.0794472e+01 1.1040146e+01 1.1671120e+01 1.1571984e+01 1.1316381e+01 1.1089919e+01 1.0722598e+01 1.0673302e+01 1.1056048e+01 1.1149584e+01 1.0891248e+01 1.0261264e+01 9.7485141e+00 9.6725880e+00 9.9015049e+00 1.0098649e+01 1.0151626e+01 1.0272506e+01 1.0341073e+01 1.0126243e+01 9.9499067e+00 1.0041118e+01 1.0056140e+01 1.0155485e+01 1.0444174e+01 1.0926495e+01 1.1235050e+01 1.0686355e+01 1.0089310e+01 9.9964275e+00 9.9111947e+00 9.7505977e+00 9.7074141e+00 9.6488199e+00 9.7010732e+00 9.8446171e+00 9.9187071e+00 9.9894800e+00 9.9102123e+00 9.7791458e+00
1.1236109e+01 1.1210488e+01 1.1275577e+01 1.1389820e+01 1.1414524e+01 1.1457108e+01 1.1320628e+01 1.1262046e+01 1.1125598e+01 1.1212259e+01 1.1297127e+01 1.1881125e+01 1.2643654e+01 1.2379794e+01 1.2105701e+01 1.1611298e+01 1.0889705e+01 1.0988941e+01 1.1889694e+01 1.1868809e+01 1.1382155e+01 1.0840922e+01 1.0427009e+01 1.0343060e+01 1.0487680e+01 1.0601000e+01 1.0894792e+01 1.0608674e+01 1.0558125e+01 1.0318924e+01 1.0128510e+01 1.0067878e+01 1.0094817e+01 1.0260778e+01 1.0468223e+01 1.0888750e+01 1.1101340e+01 1.0762659e+01 1.0305914e+01 1.0244864e+01 1.0271311e+01 1.0136799e+01 9.8967945e+00 9.7769557e+00 9.9182387e+00 1.0146923e+01 1.0043364e+01 1.0028184e+01 9.9496511e+00 9.8526399e+00
1.1279154e+01 1.1435166e+01 1.1486136e+01 1.1574133e+01 1.1668736e+01 1.1653632e+01 1.1598213e+01 1.1441020e+01 1.1281028e+01 1.1512518e+01 1.1881264e+01 1.2073450e+01 1.1845559e+01 1.1809494e+01 1.1726350e+01 1.1440391e+01 1.0608909e+01 9.8324732e+00 1.1563275e+01 1.1850271e+01 1.1592481e+01 1.1321398e+01 1.1187795e+01 1.1201570e+01 1.1334744e+01 1.1444028e+01 1.1467245e+01 1.1054295e+01 1.0901838e+01 1.0623098e+01 1.0311241e+01 1.0100771e+01 1.0040588e+01 1.0224157e+01 1.0472868e+01 1.0668107e+01 1.0754056e+01 1.0578501e+01 1.0327147e+01 1.0145792e+01 1.0303883e+01 1.0322991e+01 1.0278658e+01 1.0081086e+01 1.0147272e+01 1.0296645e+01 1.0159430e+01 1.0055757e+01 9.9871288e+00 9.9334926e+00
1.1577942e+01 1.1732321e+01 1.1823947e+01 1.1795061e+01 1.1804420e+01 1.1922770e+01 1.1853379e+01 1.1580271e+01 1.1817293e+01 1.2404155e+01 1.2613751e+01 1.2691222e+01 1.2130231e+01 1.1914284e+01 1.1229734e+01 1.1864302e+01 1.1934531e+01 1.0971964e+01 1.1182885e+01 1.1307577e+01 1.1379469e+01 1.1481596e+01 1.1633519e+01 1.1856163e+01 1.1870679e+01 1.1885051e+01 1.1768802e+01 1.1540957e+01 1.1283412e+01 1.0882193e+01 1.0488088e+01 1.0197283e+01 1.0056374e+01 1.0262368e+01 1.0458903e+01 1.0529874e+01 1.0557159e+01 1.0479706e+01 1.0385237e+01 1.0265086e+01 1.0357062e+01 1.0466244e+01 1.0591466e+01 1.0415496e+01 1.0343463e+01 1.0330503e+01 1.0195477e+01 1.0055140e+01 1.0011627e+01 1.0008819e+01
1.1896773e+01 1.1578999e+01 1.1975206e+01 1.2469734e+01 1.2674365e+01 1.2302434e+01 1.2111290e+01 1.1567172e+01 1.1559510e+01 1.2858346e+01 1.2725856e+01 1.2666041e+01 1.2921480e+01 1.3218172e+01 1.2659802e+01 1.2844728e+01 1.2578425e+01 1.1699822e+01 1.0469657e+01 1.0487206e+01 1.1047351e+01 1.1457057e+01 1.1828746e+01 1.2189356e+01 1.2137975e+01 1.2080293e+01 1.2007296e+01 1.1871080e+01 1.1673876e+01 1.1203094e+01 1.0717301e+01 1.0485883e+01 1.0413243e+01 1.0562824e+01 1.0700303e+01 1.0612276e+01 1.0540619e+01 1.0484181e+01 1.0420260e+01 1.0333205e+01 1.0365467e+01 1.0406948e+01 1.0543094e+01 1.0524056e+01 1.0443597e+01 1.0352098e+01 1.0212181e+01 1.0063136e+01 1.0041244e+01 1.0089943e+01
1.2028067e+01 1.2109404e+01 1.2286191e+01 1.3163128e+01 1.4163862e+01 1.3844208e+01 1.3836796e+01 1.2453689e+01 1.1388515e+01 1.2439466e+01 1.2180744e+01 1.2443198e+01 1.3039619e+01 1.3293733e+01 1.3326094e+01 1.3147312e+01 1.2602719e+01 1.1371349e+01 9.6549415e+00 1.0246998e+01 1.1198772e+01 1.1595974e+01 1.1993960e+01 1.2315784e+01 1.2297091e+01 1.2203995e+01 1.2142328e+01 1.2109881e+01 1.2082262e+01 1.1606428e+01 1.1105515e+01 1.0901589e+01 1.0853605e+01 1.0963802e+01 1.1114282e+01 1.0947989e+01 1.0750822e+01 1.0635653e+01 1.0553307e+01 1.0481870e+01 1.0436554e+01 1.0529287e+01 1.0600052e+01 1.0599624e+01 1.0533195e+01 1.0443223e+01 1.0348052e+01 1.0233843e+01 1.0213162e+01 1.0229135e+01
1.2790070e+01 1.2577232e+01 1.2779590e+01 1.3388089e+01 1.3773363e+01 1.4566839e+01 1.5510203e+01 1.4903681e+01 1.4109858e+01 1.3620953e+01 1.2974888e+01 1.3044912e+01 1.3171014e+01 1.3122475e+01 1.3245463e+01 1.3229311e+01 1.3010969e+01 1.2569845e+01 1.2212094e+01 1.1772492e+01 1.1656938e+01 1.1943383e+01 1.2268071e+01 1.2471261e+01 1.2441506e+01 1.2280410e+01 1.2170102e+01 1.2148984e+01 1.2081377e+01 1.1754998e+01 1.1444084e+01 1.1265033e+01 1.1247890e+01 1.1246568e+01 1.1244291e+01 1.1134371e+01 1.1002448e+01 1.0895883e+01 1.0756944e+01 1.0681638e+01 1.0617615e+01 1.0688143e+01 1.0737656e+01 1.0742678e+01 1.0663330e+01 1.0585727e+01 1.0506576e+01 1.0436556e+01 1.0419989e+01 1.0402266e+01
1.3470241e+01 1.3425322e+01 1.3469926e+01 1.3635736e+01 1.3554927e+01 1.3782767e+01 1.3998873e+01 1.4391477e+01 1.4076312e+01 1.3645391e+01 1.3330807e+01 1.3347455e+01 1.3190343e+01 1.3086707e+01 1.3099302e+01 1.3196412e+01 1.3294459e+01 1.3238520e+01 1.3078415e+01 1.2590156e+01 1.2277915e+01 1.2402716e+01 1.2610404e+01 1.2722551e+01 1.2644385e+01 1.2563564e+01 1.2310610e+01 1.2141600e+01 1.2026227e+01 1.1821582e+01 1.1645918e+01 1.1530522e+01 1.1527158e+01 1.1438559e+01 1.1365182e+01 1.1314256e+01 1.1252339e+01 1.1096546e+01 1.0939168e+01 1.0837626e+01 1.0815405e+01 1.0846827e+01 1.0901006e+01 1.0941291e+01 1.0846394e+01 1.0773617e+01 1.0695095e+01 1.0641313e+01 1.0614784e+01 1.0600283e+01
1.3914006e+01 1.4080355e+01 1.3890694e+01 1.3778525e+01 1.2964519e+01 1.2718075e+01 1.3746204e+01 1.3639181e+01 1.3523470e+01 1.3297577e+01 1.3157078e+01 1.3498087e+01 1.3180552e+01 1.2994923e+01 1.2890177e+01 1.2817831e+01 1.3320449e+01 1.3342005e+01 1.3129326e+01 1.2838946e+01 1.2678878e+01 1.2757111e+01 1.2956044e+01 1.3048243e+01 1.2833407e+01 1.2730522e+01 1.2453214e+01 1.2179203e+01 1.2033368e+01 1.1891058e+01 1.1786919e+01 1.1710654e+01 1.1650159e+01 1.1526113e+01 1.1446313e+01 1.1435690e+01 1.1421605e+01 1.1217223e+01 1.1065511e+01 1.0986795e+01 1.0973077e+01 1.0984681e+01 1.1026932e+01 1.1048559e+01 1.0964398e+01 1.0894800e+01 1.0836440e+01 1.0806759e+01 1.0768503e+01 1.0742089e+01
1.3871561e+01 1.4099486e+01 1.3975828e+01 1.3761255e+01 1.3258912e+01 1.2952348e+01 1.3335193e+01 1.3409684e+01 1.3173493e+01 1.3084554e+01 1.3181632e+01 1.3355851e+01 1.2959525e+01 1.2689601e+01 1.2562232e+01 1.2576725e+01 1.3078707e+01 1.3205495e+01 1.3104317e+01 1.2916439e+01 1.2836904e+01 1.3004319e+01 1.3255290e+01 1.3201234e+01 1.2913906e+01 1.2699002e+01 1.2477587e+01 1.2360192e+01 1.2187539e+01 1.2015289e+01 1.1942059e+01 1.1900665e+01 1.1896748e+01 1.1710505e+01 1.1487884e+01 1.1452257e+01 1.1420590e+01 1.1312020e+01 1.1206865e+01 1.1202247e+01 1.1184044e+01 1.1104500e+01 1.1114437e+01 1.1116851e+01 1.1079112e+01 1.1038573e+01 1.0993945e+01 1.0970019e+01 1.0953439e+01 1.0908083e+01
1.3660161e+01 1.3815275e+01 1.3838469e+01 1.3924026e+01 1.4025171e+01 1.4277755e+01 1.3832896e+01 1.3422165e+01 1.3324510e+01 1.3290202e+01 1.3275835e+01 1.3011805e+01 1.2590469e+01 1.2282154e+01 1.2360805e+01 1.2558441e+01 1.2858459e+01 1.3030776e+01 1.3024109e+01 1.2916011e+01 1.2849510e+01 1.3090627e+01 1.3288373e+01 1.3165768e+01 1.2954806e+01 1.2784685e+01 1.2631655e+01 1.2489858e+01 1.2363868e+01 1.2295583e+01 1.2232327e+01 1.2122390e+01 1.2090235e+01 1.1874375e+01 1.1637758e+01 1.1546516e+01 1.1463298e+01 1.1377018e+01 1.1355037e+01 1.1365068e+01 1.1333814e+01 1.1292091e+01 1.1288217e+01 1.1280862e+01 1.1259119e+01 1.1228403e+01 1.1183988e+01 1.1163451e+01 1.1218392e+01 1.1191300e+01
1.3698677e+01 1.3574779e+01 1.3590199e+01 1.3923427e+01 1.4327279e+01 1.4609043e+01 1.4339885e+01 1.3917075e+01 1.3837212e+01 1.3939435e+01 1.3438491e+01 1.3024201e+01 1.2709043e+01 1.2549854e+01 1.2581834e+01 1.2721271e+01 1.2942724e+01 1.3080434e+01 1.3096137e+01 1.3051543e+01 1.3045895e+01 1.3189889e+01 1.3298998e+01 1.3201296e+01 1.3055628e+01 1.2797259e+01 1.2748656e+01 1.2668222e+01 1.2579771e+01 1.2534996e+01 1.2442598e+01 1.2199316e+01 1.2106617e+01 1.1962196e+01 1.1797684e+01 1.1678689e+01 1.1563188e+01 1.1452487e+01 1.1465162e+01 1.1480503e+01 1.1464617e+01 1.1425177e+01 1.1416723e+01 1.1403383e+01 1.1404194e+01 1.1398275e+01 1.1319612e+01 1.1261851e+01 1.1316801e+01 1.1332418e+01
1.3665538e+01 1.3595499e+01 1.3508966e+01 1.3936042e+01 1.4258470e+01 1.4592619e+01 1.4680950e+01 1.4316788e+01 1.4027160e+01 1.3740802e+01 1.3128622e+01 1.3113441e+01 1.3059987e+01 1.2991621e+01 1.2990900e+01 1.3088130e+01 1.3165938e+01 1.3244362e+01 1.3272488e+01 1.3256362e+01 1.3291184e+01 1.3408335e+01 1.3446442e+01 1.3351273e+01 1.3171981e+01 1.3036416e+01 1.3015938e+01 1.2960879e+01 1.2810386e+01 1.2714706e+01 1.2562593e+01 1.2333818e+01 1.2184772e+01 1.2058648e+01 1.1945338e+01 1.1844287e+01 1.1767019e+01 1.1664869e+01 1.1647173e+01 1.1652991e+01 1.1620664e+01 1.1578335e+01 1.1532729e+01 1.1499147e+01 1.1521438e+01 1.1545639e+01 1.1446622e+01 1.1377100e+01 1.1396433e+01 1.1435317e+01
1.3743954e+01 1.3624517e+01 1.3582204e+01 1.3900525e+01 1.4059282e+01 1.4432271e+01 1.4599838e+01 1.4417726e+01 1.4051772e+01 1.3667814e+01 1.3366866e+01 1.3441288e+01 1.3540049e+01 1.3491786e+01 1.3440794e+01 1.3472396e+01 1.3472610e+01 1.3480998e+01 1.3473922e+01 1.3461040e+01 1.3530989e+01 1.3670943e+01 1.3669443e+01 1.3557473e+01 1.3403606e+01 1.3289963e+01 1.3307890e+01 1.3305306e+01 1.3083643e+01 1.2891615e+01 1.2702041e+01 1.2487591e+01 1.2310065e+01 1.2198451e+01 1.2133977e+01 1.2066473e+01 1.1976443e+01 1.1917431e+01 1.1879865e+01 1.1836834e+01 1.1789843e+01 1.1756973e+01 1.1668935e+01 1.1594289e+01 1.1588697e+01 1.1589653e+01 1.1534921e+01 1.1486148e+01 1.1479102e+01 1.1556349e+01
1.3926455e+01 1.3990236e+01 1.4256436e+01 1.4481714e+01 1.4199466e+01 1.4393751e+01 1.4745086e+01 1.4462976e+01 1.4180865e+01 1.3932242e+01 1.3786726e+01 1.3832522e+01 1.4023182e+01 1.4009276e+01 1.3983509e+01 1.3957390e+01 1.3846789e+01 1.3759127e+01 1.3726044e+01 1.3735173e+01 1.3736466e+01 1.3879409e+01 1.3895967e+01 1.3820461e+01 1.3608317e+01 1.3383506e+01 1.3377265e+01 1.3371127e+01 1.3220969e+01 1.3034636e+01 1.2865673e+01 1.2673514e+01 1.2488774e+01 1.2431625e+01 1.2390472e+01 1.2335135e+01 1.2262123e+01 1.2178065e+01 1.2116778e+01 1.2075903e+01 1.1986736e+01 1.1928172e+01 1.1851600e+01 1.1745786e+01 1.1692470e+01 1.1678379e+01 1.1683967e+01 1.1623882e+01 1.1560678e+01 1.1680449e+01
1.4205916e+01 1.4177969e+01 1.3845547e+01 1.4758814e+01 1.4629883e+01 1.4278707e+01 1.4668936e+01 1.4637736e+01 1.4405634e+01 1.4339837e+01 1.4362063e+01 1.4172367e+01 1.4218269e+01 1.4320543e+01 1.4475483e+01 1.4564171e+01 1.4289044e+01 1.4012667e+01 1.3934133e+01 1.3993661e+01 1.4079143e+01 1.4200220e+01 1.4119522e+01 1.4003476e+01 1.3808544e+01 1.3372530e+01 1.3363075e+01 1.3387792e+01 1.3293952e+01 1.3183755e+01 1.3079372e+01 1.2997155e+01 1.2803833e+01 1.2729669e+01 1.2698729e+01 1.2649843e+01 1.2553263e+01 1.2454350e+01 1.2349618e+01 1.2289760e+01 1.2157153e+01 1.2053252e+01 1.2011004e+01 1.1935563e+01 1.1806221e+01 1.1802689e+01 1.1850802e+01 1.1857506e+01 1.1809133e+01 1.1806806e+01
1.4429221e+01 1.4612888e+01 1.4484942e+01 1.4171230e+01 1.4582617e+01 1.4722050e+01 1.4981986e+01 1.4656422e+01 1.4425310e+01 1.4274801e+01 1.4178039e+01 1.4120808e+01 1.4252190e+01 1.4421219e+01 1.4718834e+01 1.4979960e+01 1.4583317e+01 1.4106470e+01 1.3990235e+01 1.4077563e+01 1.4343575e+01 1.4533894e+01 1.4242497e+01 1.3986384e+01 1.3772713e+01 1.3461487e+01 1.3421041e+01 1.3479154e+01 1.3397575e+01 1.3327881e+01 1.3244710e+01 1.3166537e+01 1.3070516e+01 1.3006800e+01 1.2962171e+01 1.3014220e+01 1.2800822e+01 1.2637912e+01 1.2527052e+01 1.2404225e+01 1.2262449e+01 1.2153314e+01 1.2170820e+01 1.2172462e+01 1.1920790e+01 1.1939423e+01 1.2040225e+01 1.2084261e+01 1.2020810e+01 1.1849200e+01
