presentation/data/depth_0018.asc
ncols     164
nrows     146
xllcorner -1.242151388888889e+02
yllcorner  4.172986111111111e+01
cellsize  2.777777777820000e-04
nodata_value       -9999
[rows 88 to 109 of 146, columns 50 to 99 of 164]
2.0456546e-01 1.0131035e-01 7.5940082e-03 1.2590872e-03 5.5813729e-02 3.4862374e-02 1.8243617e+00 3.8726654e+00 3.8752160e+00 3.8396818e+00 3.9801767e+00 4.2599363e+00 4.6365707e+00 4.9047207e+00 5.1728041e+00 5.3131298e+00 5.6387222e+00 6.1073264e+00 6.3283046e+00 6.5717071e+00 6.5464023e+00 6.7339469e+00 6.7732560e+00 6.6679770e+00 6.7912608e+00 6.6710356e+00 6.7807505e+00 6.3145421e+00 5.1719624e+00 6.1941437e+00 6.5296604e+00 6.1056132e+00 6.2376007e+00 6.4752557e+00 6.5896776e+00 6.4812944e+00 6.5954022e+00 6.6839365e+00 6.7079082e+00 6.6869925e+00 6.8137252e+00 6.8729744e+00 6.8768842e+00 6.9320534e+00 7.0670213e+00 7.1666012e+00 7.4419363e+00 6.5764642e+00 6.6024840e+00 7.2086012e+00
1.5970045e+00 2.1144019e+00 1.6070073e+00 5.5657143e-02 4.5059575e-02 1.1455469e-01 3.4846351e-02 1.2816667e+00 3.7083646e+00 4.0692803e+00 4.1161162e+00 4.3057298e+00 4.6387814e+00 5.1854957e+00 5.4036593e+00 5.6138445e+00 5.9811807e+00 6.2014885e+00 6.2045788e+00 6.5843694e+00 6.9551742e+00 7.0666600e+00 6.8951415e+00 6.7522700e+00 6.7408741e+00 6.2212289e+00 5.7732380e+00 5.5778221e+00 5.2908273e+00 5.8164950e+00 6.2861216e+00 6.4489022e+00 6.5406929e+00 6.6339827e+00 6.7297906e+00 6.7436799e+00 6.7492884e+00 6.8636839e+00 6.9158745e+00 6.9656280e+00 7.0205427e+00 7.0783560e+00 7.1775070e+00 7.1670933e+00 7.2013506e+00 7.2785924e+00 7.4828390e+00 7.0907034e+00 6.7949439e+00 6.7727914e+00
5.0643178e+00 4.5312274e+00 3.7111604e+00 3.3089070e+00 3.6413110e-04 1.9859799e-01 1.6498312e-01 3.4105868e-02 9.6430670e-01 3.9059465e+00 4.2354269e+00 4.3096890e+00 4.5447934e+00 4.9467016e+00 5.1738385e+00 5.4688292e+00 5.6967923e+00 5.8841156e+00 5.9828127e+00 6.2021677e+00 6.4249087e+00 6.4960752e+00 6.2813038e+00 6.1292003e+00 6.0113348e+00 5.4590172e+00 4.9370487e+00 5.5350971e+00 5.9761553e+00 6.2754071e+00 6.5661882e+00 6.7267934e+00 6.8241609e+00 6.8455252e+00 6.8981506e+00 6.9647729e+00 7.0127133e+00 7.0399810e+00 7.1397967e+00 7.1920646e+00 7.2390615e+00 7.2399308e+00 7.3832820e+00 7.4603116e+00 7.4541340e+00 7.5185281e+00 7.5144941e+00 7.5102636e+00 6.9930434e+00 7.0218788e+00
4.7886378e+00 4.6603537e+00 4.6442894e+00 4.5413415e+00 1.2010509e+00 2.8804636e-01 1.7183524e-01 2.9131451e-01 9.5636651e-04 1.2004229e+00 3.9934118e+00 4.3595254e+00 4.3529771e+00 4.5243854e+00 4.4791276e+00 4.3698845e+00 5.0143335e+00 5.3076643e+00 5.4376714e+00 5.5687795e+00 5.6300712e+00 5.5698814e+00 5.3815068e+00 5.2064358e+00 5.3142144e+00 5.3791844e+00 5.4882384e+00 6.0208413e+00 6.4353369e+00 6.6663808e+00 6.8052358e+00 6.9176602e+00 6.9841945e+00 7.0516461e+00 7.0852585e+00 7.1374216e+00 7.2205884e+00 7.2807760e+00 7.2959469e+00 7.3893962e+00 7.3998729e+00 7.4330998e+00 7.5882564e+00 7.6500950e+00 7.6664973e+00 7.7253228e+00 7.7238813e+00 7.6878150e+00 7.6154988e+00 7.5712988e+00
4.4119771e+00 4.6193032e+00 3.6661318e+00 4.6747071e+00 3.5586738e+00 2.0066787e-01 4.6373166e-01 6.6302317e-01 8.8918550e-01 3.6509818e-02 9.6144868e-01 3.9690013e+00 4.3261546e+00 4.4075448e+00 2.7235919e+00 8.6601234e-01 4.1844197e+00 4.7331994e+00 4.8254852e+00 4.8936226e+00 4.8302601e+00 4.6916345e+00 4.6023264e+00 4.5190585e+00 5.0506488e+00 5.6681810e+00 6.0592077e+00 6.4104433e+00 6.7284482e+00 6.9117471e+00 7.0170119e+00 7.0670624e+00 7.1221608e+00 7.1771373e+00 7.2332939e+00 7.2821033e+00 7.3613682e+00 7.4454429e+00 7.4984231e+00 7.4992794e+00 7.5351142e+00 7.5957835e+00 7.7181220e+00 7.7408119e+00 7.8045380e+00 7.7962899e+00 7.7252861e+00 7.6510208e+00 7.5272514e+00 7.4788223e+00
4.1358987e+00 4.2668932e+00 4.4992753e+00 4.8125262e+00 4.5599539e+00 1.6546165e+00 3.5212528e-01 3.2852931e-01 7.0375469e-01 1.4763512e+00 1.3330050e-01 1.3792647e-01 3.4095478e+00 4.0418593e+00 3.1461660e+00 3.0936467e+00 4.2680310e+00 4.3384933e+00 4.3955301e+00 4.3975840e+00 4.2758900e+00 4.2123778e+00 4.6087753e+00 4.9823987e+00 5.6446606e+00 6.1963536e+00 6.5860035e+00 6.8008891e+00 6.9475721e+00 7.0584484e+00 7.1573664e+00 7.2404805e+00 7.2692841e+00 7.3178592e+00 7.3826765e+00 7.4032662e+00 7.4709243e+00 7.5475305e+00 7.5652781e+00 7.6069824e+00 7.6796631e+00 7.7495174e+00 7.8003098e+00 7.8207670e+00 7.8227396e+00 7.7683699e+00 7.5900484e+00 7.2777724e+00 7.0685928e+00 6.9825811e+00
4.1928200e+00 4.3189690e+00 4.6804584e+00 4.7343154e+00 4.7481365e+00 3.9829247e+00 8.1024558e-01 3.1627869e-01 2.4052435e+00 3.7241633e+00 3.2422312e+00 3.6202595e-01 2.8683195e-04 6.9383419e-02 2.2000731e+00 4.3053875e+00 4.1005025e+00 4.1422723e+00 4.1974935e+00 4.1887495e+00 4.1895446e+00 4.6906208e+00 5.3313114e+00 5.8991914e+00 6.3059510e+00 6.6153385e+00 6.8700456e+00 7.0666949e+00 7.1705538e+00 7.2010386e+00 7.2663779e+00 7.3470131e+00 7.4238888e+00 7.4506003e+00 7.5147179e+00 7.5497694e+00 7.5907333e+00 7.6039503e+00 7.6317685e+00 7.7164141e+00 7.7840273e+00 7.8308731e+00 7.8802994e+00 7.8784618e+00 7.8629773e+00 7.6983142e+00 7.0025685e+00 6.3967060e+00 6.3655041e+00 6.2605429e+00
4.3828562e+00 4.4804552e+00 4.5934234e+00 4.6470579e+00 4.7192767e+00 4.5248738e+00 2.9869565e+00 2.3933670e-01 1.8630832e+00 4.0380112e+00 2.7129075e+00 2.7963825e+00 7.3265109e-04 9.8236170e-04 9.0289472e-01 4.1666545e+00 4.0859136e+00 4.1480347e+00 4.2045036e+00 4.4687357e+00 4.8305898e+00 5.4818846e+00 6.0469262e+00 6.4095065e+00 6.7263987e+00 6.9159911e+00 7.0785894e+00 7.2074767e+00 7.3231460e+00 7.3791054e+00 7.4014032e+00 7.4536224e+00 7.5255849e+00 7.5882420e+00 7.6328517e+00 7.6536293e+00 7.6480399e+00 7.6652783e+00 7.7015696e+00 7.7842849e+00 7.8649394e+00 7.9161832e+00 7.9778446e+00 8.0027975e+00 8.0726419e+00 7.7420486e+00 5.9047015e+00 4.6659905e+00 4.8925716e+00 5.4116167e+00
4.5298849e+00 4.6467071e+00 4.6922373e+00 4.7259156e+00 4.7714316e+00 4.7801576e+00 4.4550082e+00 1.8886210e+00 2.1048361e-01 3.0187376e+00 3.5883716e+00 3.6302016e+00 2.8597044e+00 2.6877300e+00 3.7087141e+00 4.2699665e+00 4.3727741e+00 4.4630892e+00 4.5511339e+00 5.1201264e+00 5.8210894e+00 6.2658204e+00 6.5144462e+00 6.7294276e+00 6.9296799e+00 7.1115023e+00 7.2173413e+00 7.3231084e+00 7.4032007e+00 7.4771760e+00 7.5161946e+00 7.5517037e+00 7.6091146e+00 7.6434916e+00 7.6615425e+00 7.6705121e+00 7.6867479e+00 7.6885309e+00 7.7280081e+00 7.7943099e+00 7.8376449e+00 7.8812442e+00 7.9043397e+00 7.9169820e+00 7.8868171e+00 6.1283774e+00 7.0062399e-01 1.1604935e+00 1.6022589e+00 2.9064945e+00
4.7705942e+00 4.8309995e+00 4.8817010e+00 4.9117863e+00 4.9268118e+00 4.9145776e+00 4.9525288e+00 4.6147125e+00 1.3929850e+00 3.6199452e-01 3.1868180e+00 3.9334430e+00 4.1399910e+00 4.3950530e+00 4.3751001e+00 4.5221138e+00 4.8577679e+00 5.0971559e+00 5.3207348e+00 5.8218609e+00 6.2756971e+00 6.6054515e+00 6.8448804e+00 6.9345722e+00 7.0714040e+00 7.1999428e+00 7.3158430e+00 7.3979694e+00 7.4595441e+00 7.5298099e+00 7.5685231e+00 7.6033137e+00 7.6373979e+00 7.6117848e+00 7.6823115e+00 7.7045128e+00 7.7543887e+00 7.7481965e+00 7.7731305e+00 7.7822175e+00 7.7986719e+00 7.8167218e+00 7.7764239e+00 7.6663434e+00 7.4227975e+00 6.8388824e+00 4.4608318e+00 2.1267350e+00 1.1806351e+00 8.6853283e-01
5.0771180e+00 5.1270639e+00 5.1391313e+00 5.1540175e+00 5.1114587e+00 5.0696179e+00 5.0898864e+00 5.2077230e+00 4.2295139e+00 6.8075094e-02 2.1105783e+00 4.2160911e+00 3.9885949e+00 4.1607490e+00 4.4374507e+00 4.7356262e+00 5.1269244e+00 5.3478283e+00 5.5830738e+00 6.0719415e+00 6.4434091e+00 6.7922061e+00 7.0235121e+00 7.1001060e+00 7.1524288e+00 7.2537130e+00 7.3386579e+00 7.4433965e+00 7.4984713e+00 7.5691121e+00 7.6150428e+00 7.6239879e+00 7.5881399e+00 7.6637520e+00 7.7261313e+00 7.7367566e+00 7.8019543e+00 7.7895165e+00 7.7992345e+00 7.7914840e+00 7.7853786e+00 7.7462629e+00 7.6441342e+00 7.4417687e+00 7.1733662e+00 6.8137442e+00 6.4961458e+00 6.1140586e+00 5.7814624e+00 5.3075881e+00
5.3788935e+00 5.3943979e+00 5.4102555e+00 5.3862286e+00 5.2895303e+00 5.2096445e+00 5.1286153e+00 5.1186815e+00 4.8376256e+00 2.1823252e+00 2.5360341e-01 3.4563461e+00 4.1488150e+00 4.3584504e+00 4.5627725e+00 4.8495925e+00 5.0901324e+00 5.2658701e+00 5.7917767e+00 6.1807983e+00 6.5341024e+00 6.8359094e+00 7.0321679e+00 7.0951444e+00 7.1787447e+00 7.2699011e+00 7.3559835e+00 7.4451091e+00 7.5360595e+00 7.5830510e+00 7.6263064e+00 7.6549871e+00 7.6359214e+00 7.6835057e+00 7.7551587e+00 7.7738887e+00 7.8263805e+00 7.8151971e+00 7.8158998e+00 7.8087147e+00 7.7753703e+00 7.7053040e+00 7.5585941e+00 7.3540229e+00 7.1253837e+00 6.7947208e+00 6.6120189e+00 6.6218433e+00 6.4467891e+00 6.3455984e+00
5.6622532e+00 5.6382684e+00 5.6211016e+00 5.5480976e+00 5.4061745e+00 5.2930915e+00 5.1784826e+00 5.0990142e+00 4.9891143e+00 4.1807664e+00 1.2130943e+00 1.7804459e-01 3.3895939e+00 4.4220473e+00 4.6170293e+00 4.9433351e+00 5.2665397e+00 5.4981982e+00 5.9602694e+00 6.2753411e+00 6.5509236e+00 6.7745104e+00 6.9221135e+00 7.0596104e+00 7.1894480e+00 7.2855228e+00 7.3764911e+00 7.4616951e+00 7.5475807e+00 7.6301363e+00 7.6704282e+00 7.6561302e+00 7.6788619e+00 7.7082665e+00 7.7671243e+00 7.8031773e+00 7.8522708e+00 7.8389600e+00 7.8332875e+00 7.8157415e+00 7.7894876e+00 7.6821647e+00 7.5317272e+00 7.3391222e+00 7.2016363e+00 7.0683724e+00 6.9260327e+00 6.7994810e+00 6.6206336e+00 6.6539914e+00
6.0619386e+00 5.9645046e+00 5.8756607e+00 5.7326456e+00 5.5568685e+00 5.4068885e+00 5.2723885e+00 5.1757279e+00 5.1781110e+00 5.2838918e+00 4.1121541e+00 2.9205508e-02 2.3090248e+00 4.5204099e+00 4.5368353e+00 4.9723916e+00 5.4275597e+00 5.7531538e+00 5.9767188e+00 6.3225616e+00 6.5645105e+00 6.7281962e+00 6.8996852e+00 7.0401031e+00 7.1738828e+00 7.2905748e+00 7.3735504e+00 7.4700667e+00 7.5626033e+00 7.6479715e+00 7.6830522e+00 7.6621281e+00 7.7101587e+00 7.7382113e+00 7.8022509e+00 7.8334090e+00 7.8593457e+00 7.8278263e+00 7.8269110e+00 7.8356218e+00 7.7744871e+00 7.6815649e+00 7.5509484e+00 7.3741516e+00 7.2986866e+00 7.2017779e+00 7.0673387e+00 6.9304106e+00 6.8583209e+00 6.8270650e+00
6.5127505e+00 6.3290238e+00 6.1721911e+00 5.9727037e+00 5.7436279e+00 5.5215844e+00 5.3540869e+00 5.2403699e+00 5.1404667e+00 5.2068727e+00 4.8622484e+00 1.8957197e+00 3.2384434e-02 4.1981054e+00 4.5301954e+00 4.8627634e+00 5.3236681e+00 5.7411860e+00 6.0307905e+00 6.2461507e+00 6.4947683e+00 6.7046264e+00 6.8691830e+00 7.0397812e+00 7.1631833e+00 7.2750877e+00 7.3892967e+00 7.4889377e+00 7.5761652e+00 7.6340636e+00 7.6588207e+00 7.7032238e+00 7.7571735e+00 7.7713618e+00 7.8098179e+00 7.8311205e+00 7.8643626e+00 7.8243603e+00 7.8149886e+00 7.8294772e+00 7.7899785e+00 7.7106309e+00 7.6036070e+00 7.4166424e+00 7.3016372e+00 7.2225401e+00 7.1137111e+00 7.0987949e+00 7.0164577e+00 6.9363981e+00
6.9340165e+00 6.6727501e+00 6.4425022e+00 6.1559610e+00 5.8579296e+00 5.5888184e+00 5.3795421e+00 5.2497348e+00 5.1470242e+00 5.1453492e+00 5.0960646e+00 3.5827766e+00 8.5204016e-04 1.7223670e+00 4.5118022e+00 4.6734334e+00 5.1267143e+00 5.5507250e+00 5.8968054e+00 6.2234365e+00 6.3812609e+00 6.6102930e+00 6.8234420e+00 6.9872812e+00 7.1434104e+00 7.2550833e+00 7.3752515e+00 7.4874252e+00 7.5589594e+00 7.5543409e+00 7.6432798e+00 7.7578193e+00 7.7737177e+00 7.7493363e+00 7.8086810e+00 7.8158100e+00 7.8401841e+00 7.8404706e+00 7.7999339e+00 7.7816622e+00 7.7708344e+00 7.7090778e+00 7.6403306e+00 7.4981526e+00 7.4082949e+00 7.3465047e+00 7.2390223e+00 7.1706573e+00 7.0780800e+00 6.9429501e+00
7.3652303e+00 6.9961159e+00 6.6918343e+00 6.2971288e+00 5.9145495e+00 5.5959639e+00 5.3619993e+00 5.2168934e+00 5.1168684e+00 5.0347867e+00 4.9657829e+00 4.9038472e+00 2.2722236e+00 4.2667814e-04 3.4833623e+00 4.5749936e+00 4.8803467e+00 5.3165426e+00 5.6546035e+00 6.0540252e+00 6.3369383e+00 6.4707867e+00 6.7318783e+00 6.9032852e+00 7.0570917e+00 7.2241241e+00 7.3312704e+00 7.4529539e+00 7.5328977e+00 7.5249667e+00 7.6681965e+00 7.7616902e+00 7.7762252e+00 7.7508335e+00 7.7815223e+00 7.8182183e+00 7.8245290e+00 7.8624484e+00 7.8072221e+00 7.7726663e+00 7.7600068e+00 7.7288647e+00 7.6677081e+00 7.5723683e+00 7.5120926e+00 7.4395769e+00 7.3141963e+00 7.1933041e+00 7.0745532e+00 6.9844561e+00
7.8401738e+00 7.3793146e+00 6.9639776e+00 6.4559679e+00 5.9547389e+00 5.5633557e+00 5.3137966e+00 5.2070245e+00 5.1698633e+00 5.0003812e+00 4.9014571e+00 4.9908526e+00 4.3782698e+00 7.1599994e-04 5.1391623e-02 4.2809177e+00 4.7742144e+00 5.1065344e+00 5.4602474e+00 5.8536864e+00 6.1844132e+00 6.4085596e+00 6.5539329e+00 6.7958607e+00 6.9614203e+00 7.1193169e+00 7.2776775e+00 7.3969154e+00 7.4982839e+00 7.5247673e+00 7.6651516e+00 7.7598562e+00 7.8017769e+00 7.7560415e+00 7.7824484e+00 7.8085027e+00 7.8225390e+00 7.8434485e+00 7.7702509e+00 7.7811525e+00 7.7718788e+00 7.7424920e+00 7.6829899e+00 7.6126905e+00 7.5474726e+00 7.4645529e+00 7.3426624e+00 7.2414643e+00 7.1421545e+00 7.0591602e+00
8.3604951e+00 7.8237293e+00 7.2842636e+00 6.6200834e+00 5.9526178e+00 5.4138939e+00 5.1369151e+00 4.9388003e+00 4.6094142e+00 4.8955778e+00 4.9776316e+00 4.9129269e+00 4.7587079e+00 2.7955147e+00 6.5585072e-04 1.2370196e+00 4.6966328e+00 4.8913470e+00 5.2727688e+00 5.7094900e+00 6.0949062e+00 6.4146647e+00 6.4639005e+00 6.5787082e+00 6.7791709e+00 6.9692045e+00 7.1848950e+00 7.3062376e+00 7.4342919e+00 7.5034784e+00 7.5936610e+00 7.7085065e+00 7.7994279e+00 7.7810260e+00 7.7873390e+00 7.8237474e+00 7.8120988e+00 7.8360987e+00 7.7747765e+00 7.7754529e+00 7.7581752e+00 7.7440939e+00 7.6985270e+00 7.6242492e+00 7.5416050e+00 7.4613579e+00 7.3860594e+00 7.2779776e+00 7.1850967e+00 7.0963314e+00
8.9452311e+00 8.3604023e+00 7.6898758e+00 6.7953819e+00 5.9012449e+00 5.0353202e+00 4.1085587e+00 3.9640975e+00 2.0079086e+00 4.5458901e+00 5.2261125e+00 5.1257261e+00 4.9070095e+00 4.1133542e+00 7.8885645e-01 4.3285407e-04 4.1312999e+00 4.7381716e+00 5.0611505e+00 5.4739617e+00 5.8924324e+00 6.2646572e+00 6.4438682e+00 6.4623435e+00 6.5724070e+00 6.7664585e+00 6.9877513e+00 7.1895796e+00 7.3460391e+00 7.4839385e+00 7.6253154e+00 7.6477522e+00 7.7277610e+00 7.7439896e+00 7.7886528e+00 7.8133316e+00 7.8047961e+00 7.8385040e+00 7.7829231e+00 7.7978701e+00 7.7960809e+00 7.7554487e+00 7.7220622e+00 7.6355624e+00 7.5237066e+00 7.4411715e+00 7.3849688e+00 7.2902207e+00 7.1599181e+00 7.0763118e+00
9.6423194e+00 8.9615974e+00 8.1650781e+00 7.0549029e+00 5.8828646e+00 4.7715725e+00 3.9088418e+00 4.3634069e+00 4.1102946e+00 4.9191788e+00 5.6595572e+00 5.5985608e+00 5.3251293e+00 4.6663253e+00 2.9692510e+00 1.1631827e-03 9.1053077e-01 4.8411032e+00 4.9210980e+00 5.1788223e+00 5.6083720e+00 5.9960815e+00 6.2866361e+00 6.4267404e+00 6.3686283e+00 6.4406174e+00 6.6588353e+00 6.9277991e+00 7.1599293e+00 7.4372144e+00 7.7097605e+00 7.7149241e+00 7.6864043e+00 7.7165793e+00 7.7587108e+00 7.7944299e+00 7.8032046e+00 7.8353386e+00 7.7821762e+00 7.7684823e+00 7.7667656e+00 7.7533705e+00 7.7353888e+00 7.6105167e+00 7.4814000e+00 7.3711228e+00 7.3026065e+00 7.2271740e+00 7.1468736e+00 7.0414251e+00
1.0293913e+01 9.5636144e+00 8.6768438e+00 7.4007970e+00 6.0482624e+00 5.0593413e+00 4.8418600e+00 4.7071709e+00 2.7649589e+00 5.2084925e+00 6.0965441e+00 6.0925580e+00 5.8906808e+00 5.3019623e+00 4.5876128e+00 2.6421631e+00 9.1511079e-02 2.6008069e+00 4.7880011e+00 4.9263826e+00 5.3382306e+00 5.7318404e+00 6.0438318e+00 6.2582614e+00 6.2969962e+00 6.1643170e+00 6.2388374e+00 6.5364522e+00 6.8621174e+00 7.1749547e+00 7.2782114e+00 7.5183348e+00 7.6097503e+00 7.6047453e+00 7.6860435e+00 7.7411804e+00 7.7760028e+00 7.8127110e+00 7.7801583e+00 7.7667831e+00 7.7477867e+00 7.7297548e+00 7.6967768e+00 7.5139101e+00 7.3624061e+00 7.2219429e+00 7.1433122e+00 7.0829991e+00 7.0363122e+00 6.9932651e+00
