presentation/data/depth_0039.asc
ncols     164
nrows     146
xllcorner -1.242151388888889e+02
yllcorner  4.172986111111111e+01
cellsize  2.777777777820000e-04
nodata_value       -9999
[rows 110 to 131 of 146, columns 0 to 49 of 164]
1.9678393e+01 1.9746347e+01 1.9073648e+01 1.9354599e+01 1.9079787e+01 1.8973294e+01 1.8869399e+01 1.8372786e+01 1.8124649e+01 1.7809842e+01 1.7683990e+01 1.7805754e+01 1.7684826e+01 1.6614978e+01 1.7572480e+01 1.7780788e+01 1.7117599e+01 1.6450437e+01 1.6660227e+01 1.6662012e+01 1.6591326e+01 1.5303122e+01 1.4723149e+01 1.5138042e+01 1.5230824e+01 1.4991215e+01 1.4932795e+01 1.4319513e+01 1.4586693e+01 1.4154385e+01 1.3685703e+01 1.3097067e+01 1.3041874e+01 1.2748705e+01 1.2209547e+01 1.1895703e+01 1.1699597e+01 1.0922303e+01 1.0585637e+01 9.6155749e+00 5.8814797e+00 6.0563639e+00 1.0326407e+01 1.0598983e+01 1.0671168e+01 1.1002967e+01 1.1331388e+01 1.1078926e+01 1.0881917e+01 1.0457574e+01
1.9690661e+01 1.9650224e+01 1.9557668e+01 1.9563803e+01 1.9294700e+01 1.8607283e+01 1.8422843e+01 1.8614969e+01 1.8467220e+01 1.8223232e+01 1.8118312e+01 1.8098075e+01 1.7946053e+01 1.7383889e+01 1.8390054e+01 1.8516607e+01 1.7901410e+01 1.7982686e+01 1.7637065e+01 1.7409299e+01 1.6897153e+01 1.5594797e+01 1.5991966e+01 1.6362639e+01 1.6221521e+01 1.5816488e+01 1.5571715e+01 1.5216471e+01 1.4995728e+01 1.5007079e+01 1.4970814e+01 1.3896141e+01 1.3796611e+01 1.3365144e+01 1.3008253e+01 1.2442614e+01 1.2045243e+01 1.1867666e+01 1.1125750e+01 1.1348686e+01 1.1163370e+01 1.0479808e+01 1.0695125e+01 1.0828269e+01 1.1064326e+01 1.1924877e+01 1.2348240e+01 1.1919859e+01 1.1618460e+01 1.1115982e+01
1.9790669e+01 1.9702924e+01 1.9697287e+01 1.9522151e+01 1.9538440e+01 1.9357648e+01 1.9171637e+01 1.8979837e+01 1.8837351e+01 1.8643687e+01 1.8551529e+01 1.8547059e+01 1.8634120e+01 1.8709745e+01 1.8712776e+01 1.8754140e+01 1.8451744e+01 1.8299512e+01 1.7699646e+01 1.7601535e+01 1.6838160e+01 1.7482562e+01 1.7644907e+01 1.7514970e+01 1.7092135e+01 1.6779908e+01 1.6584078e+01 1.6065147e+01 1.5577273e+01 1.5277410e+01 1.5193351e+01 1.5209856e+01 1.4627631e+01 1.3525700e+01 1.3261693e+01 1.3150001e+01 1.2187333e+01 1.1376463e+01 1.0851154e+01 1.1489158e+01 1.1313504e+01 1.0727397e+01 1.0706950e+01 1.1123980e+01 1.1865962e+01 1.2946235e+01 1.2874600e+01 1.1622524e+01 1.0753659e+01 1.0937668e+01
1.9992951e+01 1.9904240e+01 1.9858663e+01 1.9855331e+01 1.9700010e+01 1.9530801e+01 1.9408011e+01 1.9292701e+01 1.9195179e+01 1.9129865e+01 1.9051865e+01 1.9088241e+01 1.9091726e+01 1.9062556e+01 1.8982812e+01 1.8993710e+01 1.8805334e+01 1.8518851e+01 1.8442923e+01 1.8494264e+01 1.8623252e+01 1.8553908e+01 1.8286830e+01 1.8012627e+01 1.7835891e+01 1.7569675e+01 1.6487043e+01 1.5048709e+01 1.6414756e+01 1.5886491e+01 1.5507992e+01 1.5374556e+01 1.4576252e+01 1.4589151e+01 1.4499936e+01 1.3528483e+01 1.2386170e+01 1.1079835e+01 1.0097054e+01 1.0253959e+01 1.0543385e+01 9.9569346e+00 9.8200480e+00 1.1181258e+01 1.2893570e+01 1.3398733e+01 1.3512327e+01 1.3349144e+01 1.2828991e+01 1.3602374e+01
2.0157243e+01 2.0093295e+01 2.0038520e+01 1.9990872e+01 1.9900896e+01 1.9793562e+01 1.9725054e+01 1.9686048e+01 1.9683138e+01 1.9648132e+01 1.9511793e+01 1.9517443e+01 1.8091904e+01 1.6702405e+01 1.9619187e+01 1.9191797e+01 1.9003738e+01 1.8971544e+01 1.8943408e+01 1.8946907e+01 1.9082173e+01 1.8997805e+01 1.8775151e+01 1.8540491e+01 1.8367019e+01 1.8170406e+01 1.7789860e+01 1.7458511e+01 1.7488315e+01 1.6069992e+01 1.6214735e+01 1.4984426e+01 1.5208097e+01 1.4765740e+01 1.4897615e+01 1.1572247e+01 1.2014667e+01 1.0876958e+01 7.2716884e+00 1.1107588e+01 1.1272747e+01 1.1020827e+01 1.0084879e+01 1.2418170e+01 1.3805792e+01 1.4092829e+01 1.3243016e+01 1.4238133e+01 1.4342739e+01 1.4390703e+01
2.0359721e+01 2.0303140e+01 2.0260269e+01 2.0189218e+01 2.0151446e+01 2.0098920e+01 2.0051684e+01 2.0012654e+01 1.9543531e+01 1.4123759e+01 1.9762239e+01 1.9879193e+01 1.9937575e+01 1.9782528e+01 1.9859681e+01 1.9646556e+01 1.9483872e+01 1.9425380e+01 1.9442436e+01 1.9564319e+01 1.9708092e+01 1.9676637e+01 1.9505184e+01 1.8985336e+01 1.9014198e+01 1.8472977e+01 1.8792447e+01 1.8833227e+01 1.8738461e+01 1.7577658e+01 1.7133446e+01 1.4878512e+01 1.5692676e+01 1.6670313e+01 1.5196653e+01 1.0564918e+01 9.9997333e+00 1.1528830e+01 1.2363877e+01 1.1481308e+01 1.1817987e+01 1.2331470e+01 1.3104050e+01 1.4072229e+01 1.4035601e+01 1.4897342e+01 1.4445281e+01 1.4825198e+01 1.4877287e+01 1.5114746e+01
2.0557311e+01 2.0529126e+01 2.0495096e+01 2.0433736e+01 2.0391138e+01 2.0360058e+01 2.0335354e+01 2.0283170e+01 2.0134898e+01 1.7797820e+01 2.0132703e+01 2.0290917e+01 2.0176383e+01 2.0078899e+01 1.9972443e+01 1.9884603e+01 1.9826043e+01 1.9785263e+01 1.9764450e+01 2.0000806e+01 1.9115642e+01 1.9927886e+01 1.9768570e+01 1.9580020e+01 1.9174843e+01 1.9238248e+01 1.8455660e+01 1.9293974e+01 1.9271392e+01 1.9143510e+01 1.8028493e+01 1.7931988e+01 1.7783884e+01 1.7372444e+01 1.6633970e+01 1.2723732e+01 1.2468916e+01 1.1670010e+01 1.1976548e+01 1.2659709e+01 1.2987224e+01 1.3250799e+01 1.3909254e+01 1.4662399e+01 1.4692441e+01 1.5247704e+01 1.5488527e+01 1.5281408e+01 1.5560403e+01 1.5815656e+01
2.0793251e+01 2.0743195e+01 2.0713779e+01 2.0650484e+01 2.0608077e+01 2.0576467e+01 2.0562066e+01 2.0564824e+01 2.0585205e+01 2.0612618e+01 2.0547325e+01 2.0451498e+01 2.0372998e+01 2.0285502e+01 2.0193965e+01 2.0119337e+01 2.0095653e+01 1.9921397e+01 1.9944341e+01 2.0201676e+01 2.0047180e+01 2.0518194e+01 2.0228511e+01 2.0343748e+01 1.9697457e+01 1.9532159e+01 1.6927465e+01 1.8738013e+01 1.9565577e+01 1.9183905e+01 1.8482095e+01 1.7349556e+01 1.8276215e+01 1.7325400e+01 1.7054500e+01 1.6597833e+01 1.6838661e+01 1.5060760e+01 1.3455436e+01 1.3893684e+01 1.3479803e+01 1.3677134e+01 1.4913588e+01 1.5098296e+01 1.5342564e+01 1.6139994e+01 1.6229736e+01 1.6177040e+01 1.6152418e+01 1.6267646e+01
2.1096093e+01 2.1045727e+01 2.0979096e+01 2.0913803e+01 2.0823930e+01 2.0805484e+01 2.0744954e+01 2.0775775e+01 2.0756859e+01 2.0727289e+01 2.0686212e+01 2.0640151e+01 2.0559304e+01 2.0498906e+01 2.0438647e+01 2.0364763e+01 2.0329616e+01 2.0294331e+01 2.0281090e+01 2.0289818e+01 2.0372733e+01 2.0400673e+01 2.0331948e+01 2.0278309e+01 2.0152153e+01 2.0222379e+01 1.9265723e+01 1.9702463e+01 2.0241243e+01 1.9835998e+01 1.9361672e+01 1.9053624e+01 1.9074398e+01 1.8183680e+01 1.6849236e+01 1.6859699e+01 1.6565339e+01 1.5925686e+01 1.6015289e+01 1.5365778e+01 1.4530190e+01 1.5131515e+01 1.5846082e+01 1.6018617e+01 1.6238354e+01 1.6366060e+01 1.5767429e+01 1.6683350e+01 1.6628562e+01 1.6776310e+01
2.1308142e+01 2.1252055e+01 2.1207843e+01 2.1169588e+01 2.1141291e+01 2.1062097e+01 2.1008036e+01 2.0980404e+01 2.0939407e+01 2.0903272e+01 2.0843036e+01 2.0820541e+01 2.0793419e+01 2.0722780e+01 2.0661253e+01 2.0598106e+01 2.0545924e+01 2.0508956e+01 2.0485820e+01 2.0459442e+01 2.0458223e+01 2.0537473e+01 2.0705667e+01 2.0257708e+01 2.0292580e+01 2.0429119e+01 2.0597530e+01 2.0758207e+01 2.0540772e+01 2.0209685e+01 1.9922977e+01 1.9414374e+01 1.9448861e+01 1.9514678e+01 1.7292776e+01 1.7693483e+01 1.7781021e+01 1.6794571e+01 1.6617606e+01 1.6468775e+01 1.5513444e+01 1.5053604e+01 1.6841110e+01 1.6589390e+01 1.6694904e+01 1.7431041e+01 1.7638240e+01 1.7100564e+01 1.7020455e+01 1.7024235e+01
2.1526702e+01 2.1496007e+01 2.1454306e+01 2.1406727e+01 2.1344272e+01 2.1265483e+01 2.1234847e+01 2.1232469e+01 2.1215327e+01 2.1202247e+01 2.1104832e+01 2.1005609e+01 2.0968585e+01 2.0955102e+01 2.0902060e+01 2.0858225e+01 2.0807753e+01 2.0749099e+01 2.0684581e+01 2.0598014e+01 2.0672129e+01 2.0689061e+01 2.0753841e+01 2.0839734e+01 2.0699476e+01 2.0204679e+01 1.8535657e+01 1.7668638e+01 2.0664566e+01 2.0200391e+01 2.0476723e+01 2.0385938e+01 2.0209455e+01 1.8581246e+01 1.9278011e+01 1.8359400e+01 1.7228664e+01 1.6861356e+01 1.5080360e+01 1.4720511e+01 1.5906802e+01 1.6028909e+01 1.7667528e+01 1.6688579e+01 1.6356697e+01 1.7695288e+01 1.7775232e+01 1.7600177e+01 1.7432450e+01 1.7364613e+01
2.1781417e+01 2.1721416e+01 2.1684091e+01 2.1637632e+01 2.1602464e+01 2.1563095e+01 2.1495311e+01 2.1449497e+01 2.1427363e+01 2.1460822e+01 2.1438888e+01 2.1307379e+01 2.1224823e+01 2.1167833e+01 2.1147234e+01 2.1115413e+01 2.1080319e+01 2.1021473e+01 2.0925896e+01 2.0840364e+01 2.0916259e+01 2.0915340e+01 2.0929214e+01 2.0959977e+01 2.0942171e+01 2.0957710e+01 2.1061543e+01 2.0240151e+01 2.0506860e+01 2.1174083e+01 2.0807045e+01 2.0736207e+01 2.0358257e+01 1.9715187e+01 2.0149235e+01 1.8437048e+01 1.7086018e+01 1.7194840e+01 1.6793161e+01 1.5303567e+01 1.2435159e+01 1.1897263e+01 1.7406771e+01 1.8322262e+01 1.7176996e+01 1.8350098e+01 1.8024743e+01 1.7868688e+01 1.7788105e+01 1.7729824e+01
2.2021882e+01 2.1981524e+01 2.1948940e+01 2.1900326e+01 2.1831958e+01 2.1771589e+01 2.1710807e+01 2.1681252e+01 2.1677008e+01 2.1634644e+01 2.1564928e+01 2.1535141e+01 2.1498073e+01 2.1436258e+01 2.1378322e+01 2.1336895e+01 2.1299321e+01 2.1263406e+01 2.1220920e+01 2.1163449e+01 2.1141287e+01 2.1129870e+01 2.1143699e+01 2.1134698e+01 2.1059257e+01 2.1324301e+01 2.1494142e+01 2.1157416e+01 2.1768183e+01 2.1314995e+01 2.1096664e+01 2.1070092e+01 2.0694389e+01 1.9653544e+01 1.9945617e+01 1.8578721e+01 1.7357121e+01 1.7761908e+01 1.6018911e+01 1.4166007e+01 1.3131094e+01 1.1155068e+01 1.7405455e+01 1.9571155e+01 1.8333305e+01 1.8639614e+01 1.8359845e+01 1.8218874e+01 1.8172534e+01 1.8167558e+01
2.2219551e+01 2.2199708e+01 2.2175225e+01 2.2160771e+01 2.2111420e+01 2.2035198e+01 2.1974044e+01 2.1910643e+01 2.1885499e+01 2.1846761e+01 2.1802374e+01 2.1774877e+01 2.1728337e+01 2.1682962e+01 2.1643813e+01 2.1609776e+01 2.1582670e+01 2.1527365e+01 2.1484344e+01 2.1438065e+01 2.1393723e+01 2.1374272e+01 2.1375271e+01 2.1400252e+01 2.1467908e+01 2.1512289e+01 2.1326000e+01 2.1057788e+01 2.1521129e+01 2.1586134e+01 2.1289519e+01 2.1250864e+01 2.0993855e+01 2.1321110e+01 2.0740767e+01 2.0201784e+01 1.9074240e+01 1.6962307e+01 1.5702096e+01 1.3012371e+01 1.1178742e+01 1.3985244e+01 1.9269711e+01 1.9585418e+01 1.9083405e+01 1.8808808e+01 1.8670603e+01 1.8570611e+01 1.8515294e+01 1.8505216e+01
2.2494202e+01 2.2441380e+01 2.2410549e+01 2.2366292e+01 2.2338871e+01 2.2281859e+01 2.2241496e+01 2.2192976e+01 2.2144938e+01 2.2100464e+01 2.2046275e+01 2.2032664e+01 2.1978379e+01 2.1941565e+01 2.1887633e+01 2.1872069e+01 2.1840634e+01 2.1803861e+01 2.1762801e+01 2.1672404e+01 2.1619386e+01 2.1627661e+01 2.1632614e+01 2.1626849e+01 2.1644657e+01 2.1701122e+01 2.1856421e+01 2.1954235e+01 2.2056445e+01 2.1906184e+01 2.1581802e+01 2.1474651e+01 2.1317917e+01 2.1651331e+01 2.1701837e+01 2.0702275e+01 1.9591346e+01 1.9168081e+01 1.8363318e+01 1.5383513e+01 1.6360446e+01 1.7492311e+01 2.0003173e+01 1.9615883e+01 1.9307605e+01 1.9123762e+01 1.9038212e+01 1.8920363e+01 1.8839263e+01 1.8751111e+01
2.2784483e+01 2.2696302e+01 2.2676236e+01 2.2614256e+01 2.2576919e+01 2.2520557e+01 2.2467322e+01 2.2427316e+01 2.2382784e+01 2.2344198e+01 2.2298801e+01 2.2308810e+01 2.2261784e+01 2.2204220e+01 2.2133638e+01 2.2105470e+01 2.2073524e+01 2.2046933e+01 2.1979243e+01 2.1911861e+01 2.1887399e+01 2.1882401e+01 2.1877973e+01 2.1848668e+01 2.1846470e+01 2.1887702e+01 2.1956553e+01 2.2029142e+01 2.2116920e+01 2.2132247e+01 2.1374794e+01 2.1772432e+01 2.1785233e+01 2.1794793e+01 2.1762528e+01 2.1333584e+01 2.0449328e+01 1.9488390e+01 2.0105261e+01 2.0639821e+01 1.9235787e+01 2.0057755e+01 2.0196409e+01 1.9909391e+01 1.9667783e+01 1.9479869e+01 1.9349644e+01 1.9231692e+01 1.9143903e+01 1.9040736e+01
2.3052380e+01 2.2949299e+01 2.2922739e+01 2.2869233e+01 2.2857022e+01 2.2833722e+01 2.2742264e+01 2.2677353e+01 2.2607793e+01 2.2565879e+01 2.2514798e+01 2.2534864e+01 2.2521864e+01 2.2468848e+01 2.2404369e+01 2.2351069e+01 2.2305657e+01 2.2241358e+01 2.2188534e+01 2.2172402e+01 2.2149264e+01 2.2115680e+01 2.2087572e+01 2.2076735e+01 2.2065505e+01 2.2066275e+01 2.2072956e+01 2.2092229e+01 2.2135817e+01 2.2138133e+01 2.2058991e+01 2.1983915e+01 2.1928568e+01 2.1908027e+01 2.1886809e+01 2.1802803e+01 2.1975731e+01 2.1751079e+01 2.1656573e+01 2.1295997e+01 2.1181405e+01 2.0891682e+01 2.0555441e+01 2.0270243e+01 2.0049176e+01 1.9869187e+01 1.9709977e+01 1.9577348e+01 1.9477474e+01 1.9376286e+01
2.3310246e+01 2.3231414e+01 2.3136338e+01 2.3135929e+01 2.3086847e+01 2.3105501e+01 2.3064379e+01 2.2938577e+01 2.2875865e+01 2.2796890e+01 2.2737805e+01 2.2724586e+01 2.2722710e+01 2.2695797e+01 2.2658321e+01 2.2600765e+01 2.2553252e+01 2.2494363e+01 2.2461574e+01 2.2410923e+01 2.2373068e+01 2.2339099e+01 2.2296793e+01 2.2280588e+01 2.2265152e+01 2.2257996e+01 2.2236966e+01 2.2242941e+01 2.2233063e+01 2.2206344e+01 2.2143775e+01 2.2108976e+01 2.2092073e+01 2.2078837e+01 2.2051088e+01 2.2038287e+01 2.2071074e+01 2.1953639e+01 2.1837549e+01 2.1639989e+01 2.1360145e+01 2.1054628e+01 2.0825636e+01 2.0623602e+01 2.0428070e+01 2.0240391e+01 2.0062406e+01 1.9917810e+01 1.9794990e+01 1.9698692e+01
2.3539234e+01 2.3503271e+01 2.3387904e+01 2.3358378e+01 2.3328237e+01 2.3305861e+01 2.3333354e+01 2.3227700e+01 2.3116508e+01 2.3054556e+01 2.2965639e+01 2.2967510e+01 2.2939465e+01 2.2896258e+01 2.2859207e+01 2.2824276e+01 2.2763311e+01 2.2738157e+01 2.2708384e+01 2.2668945e+01 2.2615207e+01 2.2566050e+01 2.2512906e+01 2.2469764e+01 2.2449230e+01 2.2434186e+01 2.2425777e+01 2.2409847e+01 2.2375033e+01 2.2332185e+01 2.2275666e+01 2.2226817e+01 2.2207191e+01 2.2236108e+01 2.2130262e+01 2.2154872e+01 2.2040255e+01 2.1994249e+01 2.1828726e+01 2.1627464e+01 2.1623786e+01 2.1288029e+01 2.1047233e+01 2.0869057e+01 2.0701225e+01 2.0544819e+01 2.0389464e+01 2.0225070e+01 2.0104845e+01 1.9999220e+01
2.3745154e+01 2.3754773e+01 2.3658327e+01 2.3579915e+01 2.3587735e+01 2.3528418e+01 2.3535486e+01 2.3511344e+01 2.3391943e+01 2.3324592e+01 2.3267637e+01 2.3230951e+01 2.3159386e+01 2.3136245e+01 2.3085304e+01 2.3002735e+01 2.2969521e+01 2.2930374e+01 2.2893927e+01 2.2859253e+01 2.2828160e+01 2.2784401e+01 2.2747478e+01 2.2698064e+01 2.2655702e+01 2.2625709e+01 2.2609211e+01 2.2579177e+01 2.2535538e+01 2.2489669e+01 2.2446061e+01 2.2380473e+01 2.2338169e+01 2.2359075e+01 2.2382958e+01 2.1755790e+01 2.2247085e+01 2.2087910e+01 2.1914080e+01 2.1827925e+01 2.1690832e+01 2.1495384e+01 2.1269529e+01 2.1100043e+01 2.0928753e+01 2.0769526e+01 2.0616967e+01 2.0494728e+01 2.0395691e+01 2.0322053e+01
2.3956498e+01 2.3979271e+01 2.3952394e+01 2.3834373e+01 2.3789660e+01 2.3772598e+01 2.3735785e+01 2.3762858e+01 2.3688028e+01 2.3580862e+01 2.3525486e+01 2.3496566e+01 2.3440349e+01 2.3333665e+01 2.3260755e+01 2.3217222e+01 2.3159053e+01 2.3129843e+01 2.3071424e+01 2.3028735e+01 2.3001263e+01 2.2960253e+01 2.2941968e+01 2.2925882e+01 2.2880190e+01 2.2841369e+01 2.2805411e+01 2.2761831e+01 2.2710611e+01 2.2638330e+01 2.2594062e+01 2.2535534e+01 2.2490844e+01 2.2464324e+01 2.2487317e+01 2.2572651e+01 2.2584912e+01 2.2324074e+01 2.2107348e+01 2.1972490e+01 2.1861347e+01 2.1651138e+01 2.1467032e+01 2.1322911e+01 2.1168837e+01 2.1000140e+01 2.0837522e+01 2.0705829e+01 2.0589702e+01 2.0371757e+01
2.4183529e+01 2.4192698e+01 2.4197667e+01 2.4125875e+01 2.4022209e+01 2.4020548e+01 2.3955262e+01 2.3977656e+01 2.3967745e+01 2.3842335e+01 2.3759384e+01 2.3723749e+01 2.3714446e+01 2.3593784e+01 2.3493730e+01 2.3439639e+01 2.3383653e+01 2.3330024e+01 2.3270103e+01 2.3197224e+01 2.3187898e+01 2.3137441e+01 2.3107416e+01 2.3079923e+01 2.3063277e+01 2.3031506e+01 2.3009299e+01 2.2965523e+01 2.2909037e+01 2.2833034e+01 2.2756845e+01 2.2704038e+01 2.2648708e+01 2.2623165e+01 2.2617831e+01 2.2589197e+01 2.2668093e+01 2.2503619e+01 2.2394287e+01 2.1997896e+01 2.2033506e+01 2.1842860e+01 2.1674050e+01 2.1510049e+01 2.1351375e+01 2.1194214e+01 2.1027154e+01 2.0902460e+01 2.0770088e+01 2.0623426e+01
