presentation/data/depth_0019.asc
ncols     164
nrows     146
xllcorner -1.242151388888889e+02
yllcorner  4.172986111111111e+01
cellsize  2.777777777820000e-04
nodata_value       -9999
[rows 44 to 65 of 146, columns 100 to 149 of 164]
8.7301806e-01 8.7448786e-01 9.1848791e-01 1.4547260e+00 1.8057222e+00 1.4750366e+00 1.2707468e+00 1.2427554e+00 9.6314460e-01 8.9680158e-01 8.9507297e-01 8.9287616e-01 8.8977300e-01 8.8653638e-01 8.8061287e-01 9.4102835e-01 1.3617860e+00 2.0027297e+00 1.8104111e+00 1.1709642e+00 8.9045745e-01 8.5203424e-01 7.5436308e-01 6.0888489e-01 4.6094716e-01 3.1093360e-01 1.6581572e-01 5.9219901e-02 2.6804015e-02 1.3892527e-02 6.8081413e-03 9.5463304e-04 5.0288120e-07 0.0000000e+00 0.0000000e+00 0.0000000e+00 0.0000000e+00 0.0000000e+00 0.0000000e+00 0.0000000e+00 0.0000000e+00 0.0000000e+00 0.0000000e+00 0.0000000e+00 0.0000000e+00 0.0000000e+00 0.0000000e+00 0.0000000e+00 0.0000000e+00 0.0000000e+00
8.5462529e-01 8.7255202e-01 1.3260848e+00 1.8625065e+00 1.2870862e+00 1.0468889e+00 1.0664344e+00 9.5273051e-01 8.7913369e-01 8.8228099e-01 8.8420408e-01 8.8560112e-01 8.8582933e-01 8.8672215e-01 8.9737706e-01 1.1638106e+00 1.8148155e+00 2.0236060e+00 1.3526214e+00 9.3276356e-01 8.6972058e-01 8.3437285e-01 6.8487222e-01 5.3789308e-01 3.9651262e-01 2.4537575e-01 1.0435489e-01 1.3442082e-02 1.2605433e-02 0.0000000e+00 0.0000000e+00 0.0000000e+00 0.0000000e+00 0.0000000e+00 0.0000000e+00 0.0000000e+00 0.0000000e+00 0.0000000e+00 0.0000000e+00 0.0000000e+00 0.0000000e+00 0.0000000e+00 0.0000000e+00 0.0000000e+00 0.0000000e+00 0.0000000e+00 0.0000000e+00 0.0000000e+00 0.0000000e+00 0.0000000e+00
8.5263500e-01 1.1344208e+00 1.8147682e+00 1.7169535e+00 1.0380938e+00 9.7443170e-01 9.2544086e-01 8.7229479e-01 8.7747738e-01 8.7766001e-01 8.7826734e-01 8.7910213e-01 8.8384847e-01 9.0519066e-01 1.0673260e+00 1.5467111e+00 2.1240417e+00 1.6411703e+00 1.0488450e+00 8.8027876e-01 8.7424949e-01 8.1598100e-01 6.7571471e-01 5.1048456e-01 3.4847762e-01 1.8847161e-01 3.7540659e-02 1.2343829e-02 1.0003774e-02 0.0000000e+00 0.0000000e+00 0.0000000e+00 0.0000000e+00 0.0000000e+00 0.0000000e+00 0.0000000e+00 0.0000000e+00 0.0000000e+00 0.0000000e+00 0.0000000e+00 0.0000000e+00 0.0000000e+00 0.0000000e+00 0.0000000e+00 0.0000000e+00 0.0000000e+00 0.0000000e+00 0.0000000e+00 0.0000000e+00 0.0000000e+00
1.2801220e+00 1.8350971e+00 1.8998696e+00 1.3466883e+00 9.8533250e-01 9.3199537e-01 8.7167947e-01 8.6857835e-01 8.7499534e-01 8.7412953e-01 8.7561730e-01 8.7802252e-01 9.4539608e-01 1.2605915e+00 1.7071096e+00 2.0686970e+00 1.8330656e+00 1.2262619e+00 9.1436177e-01 8.7803827e-01 8.7563100e-01 8.6096999e-01 7.7211392e-01 5.9450102e-01 3.8607585e-01 2.0741103e-01 2.7323126e-02 1.2647091e-02 8.6369364e-03 0.0000000e+00 0.0000000e+00 0.0000000e+00 0.0000000e+00 0.0000000e+00 0.0000000e+00 0.0000000e+00 0.0000000e+00 0.0000000e+00 0.0000000e+00 0.0000000e+00 0.0000000e+00 0.0000000e+00 0.0000000e+00 0.0000000e+00 0.0000000e+00 0.0000000e+00 0.0000000e+00 0.0000000e+00 0.0000000e+00 0.0000000e+00
1.7656864e+00 1.9011697e+00 1.4615878e+00 1.0571260e+00 9.8773300e-01 8.6955331e-01 8.5740071e-01 8.6252420e-01 8.6486535e-01 8.6885526e-01 8.7143791e-01 9.5234371e-01 1.2731817e+00 1.8447455e+00 2.0667269e+00 1.5800897e+00 1.2058978e+00 9.4616128e-01 8.7093585e-01 8.6613651e-01 8.6592567e-01 8.4972582e-01 8.0277316e-01 6.8328559e-01 4.6350852e-01 2.3463114e-01 2.0156095e-02 1.3482482e-02 6.0276881e-03 0.0000000e+00 0.0000000e+00 0.0000000e+00 0.0000000e+00 0.0000000e+00 0.0000000e+00 0.0000000e+00 0.0000000e+00 0.0000000e+00 0.0000000e+00 0.0000000e+00 0.0000000e+00 0.0000000e+00 0.0000000e+00 0.0000000e+00 0.0000000e+00 0.0000000e+00 0.0000000e+00 0.0000000e+00 0.0000000e+00 0.0000000e+00
1.6733754e+00 1.3048021e+00 9.9884023e-01 1.0186435e+00 9.8118323e-01 8.5560138e-01 8.4968490e-01 8.5614995e-01 8.6339294e-01 8.6374569e-01 9.2229553e-01 1.2367441e+00 1.8462930e+00 2.0557175e+00 1.4978381e+00 1.0389360e+00 8.8782941e-01 8.7112186e-01 8.6817208e-01 8.6407416e-01 8.5608049e-01 7.7097233e-01 6.3892650e-01 5.5056136e-01 3.9138523e-01 2.0450821e-01 2.3606629e-02 1.7296187e-02 0.0000000e+00 0.0000000e+00 0.0000000e+00 0.0000000e+00 0.0000000e+00 0.0000000e+00 0.0000000e+00 0.0000000e+00 0.0000000e+00 0.0000000e+00 0.0000000e+00 0.0000000e+00 0.0000000e+00 0.0000000e+00 0.0000000e+00 0.0000000e+00 0.0000000e+00 0.0000000e+00 0.0000000e+00 0.0000000e+00 0.0000000e+00 0.0000000e+00
9.2444264e-01 8.0148505e-01 8.7372465e-01 9.8539054e-01 1.0157855e+00 9.2570073e-01 8.4383700e-01 8.4707623e-01 8.5554993e-01 8.9229184e-01 1.1763915e+00 1.7636319e+00 2.0661456e+00 1.5134114e+00 1.0304154e+00 8.7888059e-01 8.6791289e-01 8.7049701e-01 8.6551331e-01 8.6284705e-01 8.6190871e-01 7.9674958e-01 6.3526573e-01 4.6129467e-01 3.2078146e-01 1.5808331e-01 9.8470051e-03 1.6242592e-02 0.0000000e+00 0.0000000e+00 0.0000000e+00 0.0000000e+00 0.0000000e+00 0.0000000e+00 0.0000000e+00 0.0000000e+00 0.0000000e+00 0.0000000e+00 0.0000000e+00 0.0000000e+00 0.0000000e+00 0.0000000e+00 0.0000000e+00 0.0000000e+00 0.0000000e+00 0.0000000e+00 0.0000000e+00 0.0000000e+00 0.0000000e+00 0.0000000e+00
7.6774713e-01 7.7702400e-01 8.0067435e-01 8.6096079e-01 9.1221123e-01 9.3116098e-01 8.5291440e-01 8.3824357e-01 8.6453711e-01 1.0965361e+00 1.6435116e+00 2.1044393e+00 1.5704007e+00 1.0717414e+00 8.8190701e-01 8.6849916e-01 8.6881298e-01 8.6908078e-01 8.6470019e-01 8.6086135e-01 8.4901758e-01 7.4592449e-01 6.1077707e-01 4.3464785e-01 2.7729988e-01 9.9217118e-02 1.6167996e-02 1.3552385e-02 6.1517055e-07 0.0000000e+00 0.0000000e+00 0.0000000e+00 0.0000000e+00 0.0000000e+00 0.0000000e+00 0.0000000e+00 0.0000000e+00 0.0000000e+00 0.0000000e+00 0.0000000e+00 0.0000000e+00 0.0000000e+00 0.0000000e+00 0.0000000e+00 0.0000000e+00 0.0000000e+00 0.0000000e+00 0.0000000e+00 0.0000000e+00 0.0000000e+00
7.4820781e-01 7.6096975e-01 7.7378386e-01 7.9314366e-01 8.0689852e-01 8.2330203e-01 8.2462913e-01 8.3530226e-01 1.0033951e+00 1.5376206e+00 2.0857321e+00 1.6758689e+00 1.1081130e+00 8.7704749e-01 8.6301801e-01 8.6601608e-01 8.6442230e-01 8.5650995e-01 8.2772082e-01 7.7589261e-01 7.0698150e-01 5.9840984e-01 4.6717715e-01 3.3945020e-01 1.9577889e-01 7.1334250e-02 1.6660175e-02 1.4935461e-02 1.1811095e-03 3.6792587e-05 0.0000000e+00 0.0000000e+00 0.0000000e+00 0.0000000e+00 0.0000000e+00 0.0000000e+00 0.0000000e+00 0.0000000e+00 0.0000000e+00 0.0000000e+00 0.0000000e+00 0.0000000e+00 0.0000000e+00 0.0000000e+00 0.0000000e+00 0.0000000e+00 0.0000000e+00 0.0000000e+00 0.0000000e+00 0.0000000e+00
7.3236900e-01 7.4696053e-01 7.6095198e-01 7.7877102e-01 7.8749761e-01 7.9921236e-01 8.2459407e-01 9.9827148e-01 1.4287978e+00 2.0344431e+00 1.7812101e+00 1.1710603e+00 8.7924376e-01 8.1817478e-01 8.0029642e-01 7.7493050e-01 7.3812025e-01 7.0248492e-01 6.3046616e-01 5.6122644e-01 4.7831201e-01 3.9250964e-01 2.9943218e-01 1.9445769e-01 9.1460836e-02 1.5667313e-02 1.4287618e-02 9.3540272e-03 5.8211453e-03 3.3287331e-03 7.1631800e-04 4.2580807e-06 0.0000000e+00 0.0000000e+00 0.0000000e+00 0.0000000e+00 0.0000000e+00 0.0000000e+00 0.0000000e+00 0.0000000e+00 0.0000000e+00 0.0000000e+00 0.0000000e+00 0.0000000e+00 0.0000000e+00 0.0000000e+00 0.0000000e+00 0.0000000e+00 0.0000000e+00 0.0000000e+00
7.1834496e-01 7.3329483e-01 7.4763469e-01 7.6155902e-01 7.7456277e-01 8.0029369e-01 1.0135743e+00 1.5388786e+00 1.9928773e+00 1.8590261e+00 1.2614331e+00 8.9612073e-01 7.5784017e-01 6.8175676e-01 6.1768561e-01 5.5544242e-01 4.9566395e-01 4.2683444e-01 3.8728824e-01 3.0732166e-01 2.4876882e-01 1.7320694e-01 9.9847597e-02 2.7204480e-02 1.2299817e-02 1.6413229e-02 1.3982875e-02 1.1773923e-02 9.7029263e-03 7.1128975e-03 4.2085689e-03 2.6640423e-03 7.4943472e-04 5.2757423e-06 3.9060380e-05 0.0000000e+00 0.0000000e+00 0.0000000e+00 0.0000000e+00 0.0000000e+00 0.0000000e+00 0.0000000e+00 0.0000000e+00 0.0000000e+00 0.0000000e+00 0.0000000e+00 0.0000000e+00 0.0000000e+00 0.0000000e+00 0.0000000e+00
7.0402590e-01 7.1950327e-01 7.3448316e-01 7.4736486e-01 7.8742979e-01 1.0323997e+00 1.5776128e+00 2.0839454e+00 1.9971578e+00 1.4279137e+00 9.4000019e-01 7.6185750e-01 6.6322412e-01 5.7752813e-01 4.7954099e-01 4.1274862e-01 3.3326747e-01 2.6695321e-01 1.9333041e-01 1.2748199e-01 6.6842258e-02 2.2051950e-02 2.1091979e-02 2.9883078e-02 2.7244429e-02 2.0004030e-02 1.4706486e-02 1.1138581e-02 9.9284171e-03 9.2521530e-03 7.3885627e-03 4.6783339e-03 2.5185687e-03 1.2356105e-03 1.0024159e-03 0.0000000e+00 0.0000000e+00 0.0000000e+00 0.0000000e+00 0.0000000e+00 0.0000000e+00 0.0000000e+00 0.0000000e+00 0.0000000e+00 0.0000000e+00 0.0000000e+00 0.0000000e+00 0.0000000e+00 0.0000000e+00 0.0000000e+00
6.9447545e-01 7.0997474e-01 7.2754587e-01 7.8088366e-01 1.0531978e+00 1.5827598e+00 2.0521321e+00 1.9648761e+00 1.4317987e+00 9.9401910e-01 8.1874587e-01 7.5512692e-01 6.8008599e-01 5.9897709e-01 5.0059299e-01 3.8817035e-01 2.7386049e-01 1.7630380e-01 9.9237821e-02 5.8353400e-02 4.0322934e-02 4.1941594e-02 3.4680447e-02 3.4206980e-02 3.1981500e-02 2.3579692e-02 1.8602598e-02 1.3965789e-02 1.0698432e-02 9.2319540e-03 8.4090954e-03 6.7690173e-03 4.4677908e-03 2.4767450e-03 1.4349605e-03 0.0000000e+00 0.0000000e+00 0.0000000e+00 0.0000000e+00 0.0000000e+00 0.0000000e+00 0.0000000e+00 0.0000000e+00 0.0000000e+00 0.0000000e+00 0.0000000e+00 0.0000000e+00 0.0000000e+00 0.0000000e+00 0.0000000e+00
1.0072585e+00 1.0218799e+00 1.0791591e+00 1.2906278e+00 1.7100084e+00 2.0478838e+00 1.8992720e+00 1.4487010e+00 1.0766673e+00 9.1388092e-01 8.5495501e-01 8.0624372e-01 7.5456100e-01 6.4096364e-01 5.3050982e-01 4.1352868e-01 2.9688554e-01 1.8365112e-01 7.8416959e-02 2.6053315e-02 4.0084579e-02 5.7204008e-02 6.1379454e-02 4.5577770e-02 3.7169244e-02 2.8904108e-02 2.4121284e-02 1.9843740e-02 1.5485317e-02 1.0218730e-02 7.2918071e-03 6.3444734e-03 4.8912592e-03 2.9745060e-03 1.3562285e-03 0.0000000e+00 0.0000000e+00 0.0000000e+00 0.0000000e+00 0.0000000e+00 0.0000000e+00 0.0000000e+00 0.0000000e+00 0.0000000e+00 0.0000000e+00 0.0000000e+00 0.0000000e+00 0.0000000e+00 0.0000000e+00 0.0000000e+00
1.8839614e+00 1.9015903e+00 1.9258516e+00 2.0016599e+00 2.0407680e+00 1.7871390e+00 1.3934001e+00 1.1345143e+00 1.0446975e+00 9.6295194e-01 8.8644284e-01 8.1308172e-01 7.7479343e-01 6.6643653e-01 5.5139891e-01 4.3034809e-01 3.0624021e-01 1.9617655e-01 1.2241534e-01 7.3148349e-02 5.1430671e-02 3.1295591e-02 2.7645507e-02 3.3069471e-02 3.9349130e-02 4.2857768e-02 3.9140987e-02 3.1723477e-02 2.2183698e-02 1.4233392e-02 7.5724465e-03 3.4590481e-03 3.0250629e-03 2.8627121e-03 2.3507653e-03 1.4796880e-03 0.0000000e+00 0.0000000e+00 0.0000000e+00 0.0000000e+00 0.0000000e+00 0.0000000e+00 0.0000000e+00 0.0000000e+00 0.0000000e+00 0.0000000e+00 0.0000000e+00 0.0000000e+00 0.0000000e+00 0.0000000e+00
1.6339730e+00 1.6723847e+00 1.6820140e+00 1.6575930e+00 1.5298333e+00 1.3084506e+00 1.1174240e+00 1.0788302e+00 1.0072464e+00 9.4644632e-01 8.8487760e-01 8.1168706e-01 7.8062757e-01 6.8305894e-01 5.6899629e-01 4.4911420e-01 3.3448348e-01 2.3203250e-01 1.3596910e-01 7.3432946e-02 6.7527041e-02 5.4338233e-02 4.5950228e-02 3.7076215e-02 2.7485531e-02 2.2774760e-02 2.0367692e-02 2.2336757e-02 2.2854105e-02 1.8783539e-02 1.2079045e-02 2.6319359e-03 4.8823149e-03 5.2259656e-03 4.8057811e-03 3.3183831e-03 2.0916957e-03 1.2289320e-03 0.0000000e+00 0.0000000e+00 0.0000000e+00 0.0000000e+00 0.0000000e+00 0.0000000e+00 0.0000000e+00 0.0000000e+00 0.0000000e+00 0.0000000e+00 0.0000000e+00 0.0000000e+00
1.0029730e+00 1.0792560e+00 1.1282857e+00 1.1413734e+00 1.1311562e+00 1.1058881e+00 1.0587936e+00 1.0523179e+00 9.8858052e-01 9.5753275e-01 8.8391034e-01 8.3116410e-01 7.8463927e-01 7.1954997e-01 6.0420241e-01 4.8053804e-01 3.6480686e-01 2.4064878e-01 1.2841426e-01 7.7142395e-02 7.6512050e-02 6.2572006e-02 5.7279804e-02 5.1667198e-02 3.7458475e-02 2.2080160e-02 1.2933649e-02 1.3491689e-02 1.4645728e-02 1.5703993e-02 1.8476597e-02 1.8753235e-02 1.3129119e-02 8.8018259e-03 6.6942105e-03 5.3870695e-03 3.8526947e-03 2.4957977e-03 1.4080580e-03 2.2313424e-04 0.0000000e+00 0.0000000e+00 0.0000000e+00 0.0000000e+00 0.0000000e+00 0.0000000e+00 0.0000000e+00 0.0000000e+00 0.0000000e+00 0.0000000e+00
8.7913673e-01 9.3044827e-01 9.3306482e-01 9.7794810e-01 1.0050616e+00 1.0283942e+00 1.0367953e+00 1.0010054e+00 9.6532831e-01 9.5013824e-01 8.7870028e-01 8.3995514e-01 7.8271542e-01 7.2060028e-01 6.0453484e-01 4.8926048e-01 3.5304759e-01 2.4021672e-01 1.3931581e-01 7.4613470e-02 5.9986029e-02 3.9658283e-02 2.7670747e-02 1.5608886e-02 2.0587423e-02 2.6550454e-02 2.6608611e-02 2.2695316e-02 1.7854316e-02 1.7257089e-02 1.5749200e-02 1.3148432e-02 1.3468407e-02 1.3321257e-02 1.0997574e-02 7.9259501e-03 6.1532921e-03 4.2369009e-03 2.7017471e-03 1.4592638e-03 9.9874011e-04 0.0000000e+00 0.0000000e+00 0.0000000e+00 0.0000000e+00 0.0000000e+00 0.0000000e+00 0.0000000e+00 0.0000000e+00 0.0000000e+00
7.3564623e-01 7.4766937e-01 7.8851716e-01 8.5319305e-01 8.9149421e-01 9.2991038e-01 9.4795907e-01 9.4709156e-01 9.4892212e-01 9.1428381e-01 8.6515357e-01 8.0180620e-01 7.7383536e-01 7.1040760e-01 5.9217450e-01 4.5508225e-01 3.3763231e-01 2.4269957e-01 1.5360066e-01 9.3109286e-02 7.0349178e-02 4.6464278e-02 3.2473824e-02 2.5780682e-02 2.4330953e-02 2.4668653e-02 2.5899412e-02 2.6266369e-02 2.6286018e-02 2.4346366e-02 2.2514865e-02 2.0527724e-02 1.8146143e-02 1.4874394e-02 1.1588701e-02 9.3002474e-03 7.1565399e-03 5.2980195e-03 3.8403612e-03 2.7894994e-03 1.8119826e-03 1.1084329e-03 0.0000000e+00 0.0000000e+00 0.0000000e+00 0.0000000e+00 0.0000000e+00 0.0000000e+00 0.0000000e+00 0.0000000e+00
6.6019589e-01 6.7544026e-01 6.9256115e-01 7.2001361e-01 7.6573259e-01 8.0427794e-01 8.3054113e-01 8.6924362e-01 8.7878524e-01 8.6177838e-01 8.4769562e-01 7.8066005e-01 7.6099963e-01 6.7103686e-01 5.5009481e-01 4.3794580e-01 3.2609652e-01 2.4500308e-01 2.0510773e-01 1.6960332e-01 1.2988573e-01 1.0264952e-01 6.9885503e-02 4.2144201e-02 2.3555301e-02 2.1250259e-02 2.8612410e-02 3.2175869e-02 3.2851173e-02 3.1280084e-02 2.8779206e-02 2.4833301e-02 1.9982244e-02 1.4961085e-02 1.1331079e-02 8.8279119e-03 7.3941226e-03 6.0218894e-03 4.6706501e-03 3.6988040e-03 2.9961764e-03 2.5189649e-03 2.0887511e-03 1.3818178e-03 0.0000000e+00 0.0000000e+00 0.0000000e+00 0.0000000e+00 0.0000000e+00 0.0000000e+00
6.4735360e-01 6.6304139e-01 6.7775357e-01 6.9292471e-01 7.0435420e-01 7.1674784e-01 7.3144101e-01 7.5839640e-01 7.7478177e-01 7.7930303e-01 7.6904731e-01 7.5624408e-01 7.5041787e-01 6.6210696e-01 5.4170939e-01 4.4300809e-01 3.5942816e-01 3.0647156e-01 2.7906812e-01 2.5717522e-01 2.2586749e-01 1.9325072e-01 1.6766571e-01 1.3517541e-01 1.0191990e-01 7.2006950e-02 5.4811653e-02 4.4175251e-02 3.8553591e-02 4.0158503e-02 3.2737547e-02 2.4571416e-02 1.8612274e-02 1.3743467e-02 1.0966338e-02 1.0004589e-02 9.4059883e-03 7.8304245e-03 6.2086011e-03 5.0284230e-03 4.2408924e-03 3.8531839e-03 3.5445726e-03 3.1876588e-03 2.7126882e-03 2.0446738e-03 1.2192309e-03 0.0000000e+00 0.0000000e+00 0.0000000e+00
6.2691896e-01 6.4459386e-01 6.6158143e-01 6.7755594e-01 6.8872047e-01 7.0032459e-01 7.1112180e-01 7.2044741e-01 7.2897281e-01 7.3199638e-01 7.2633357e-01 7.0230581e-01 6.4197296e-01 5.4212836e-01 4.3440263e-01 3.3547671e-01 2.7923367e-01 2.5573040e-01 2.5962266e-01 2.5953272e-01 2.6483496e-01 2.6085055e-01 2.3224009e-01 2.3171035e-01 2.1142588e-01 1.6467594e-01 1.0623458e-01 8.3228861e-02 6.0027979e-02 3.3393735e-02 2.1459991e-02 1.7710987e-02 1.7350570e-02 1.7431360e-02 1.9463873e-02 1.5654677e-02 1.4757420e-02 1.1533928e-02 8.6404668e-03 6.9256447e-03 5.9936825e-03 5.6644467e-03 5.6179224e-03 5.3159071e-03 4.5172544e-03 3.5453309e-03 2.3622950e-03 1.3716111e-03 0.0000000e+00 0.0000000e+00
