presentation/data/depth_0021.asc
ncols     164
nrows     146
xllcorner -1.242151388888889e+02
yllcorner  4.172986111111111e+01
cellsize  2.777777777820000e-04
nodata_value       -9999
[rows 88 to 109 of 146, columns 0 to 49 of 164]
1.0425595e+01 1.0449425e+01 1.0333694e+01 9.9143865e+00 9.7960728e+00 9.9925247e+00 9.5683547e+00 9.4605666e+00 9.2793884e+00 9.0668896e+00 8.8365784e+00 8.6092188e+00 8.3894027e+00 8.1557671e+00 7.8912715e+00 7.6151963e+00 7.3074838e+00 6.8892969e+00 6.2818581e+00 5.6511071e+00 4.8370700e+00 4.0128866e+00 3.3504319e+00 2.8263330e+00 2.3090339e+00 1.8859442e+00 1.5420597e+00 5.2017448e-04 5.0069410e-04 1.5464563e+00 1.6916397e+00 1.9055153e+00 1.5995958e+00 1.0667617e+00 1.2197678e+00 1.1511065e+00 1.1629442e+00 1.1842874e+00 1.1763769e+00 1.1671849e+00 1.2155934e+00 6.0429287e-01 5.3511209e-01 5.2257098e-04 1.7662771e+00 1.5742973e+00 9.6286070e-01 9.9967128e-04 1.9218946e-03 1.4358047e-03
1.0842782e+01 1.0329932e+01 1.0126043e+01 9.8741489e+00 9.8673284e+00 1.0021174e+01 9.8444562e+00 9.7128692e+00 9.5086902e+00 9.2809507e+00 9.0241997e+00 8.7944332e+00 8.5499147e+00 8.2844796e+00 7.9826545e+00 7.6333654e+00 7.2524320e+00 6.7379399e+00 6.0358565e+00 5.4095675e+00 4.6749327e+00 3.9632457e+00 3.3752083e+00 2.9093358e+00 2.4410451e+00 2.1005375e+00 1.7992606e+00 1.5719948e+00 1.6539002e-01 1.9860018e+00 1.9860173e+00 1.9922090e+00 1.9375486e+00 1.6671097e+00 1.5204116e+00 1.4401878e+00 1.3622305e+00 1.2623372e+00 1.2006225e+00 1.1882293e+00 1.2631453e+00 1.4711004e+00 1.4026930e+00 1.3530871e+00 1.3553604e+00 1.5554630e+00 1.5051130e+00 2.0290501e-01 9.6260771e-04 9.7634036e-04
1.1085131e+01 1.0507329e+01 1.0060296e+01 9.8228010e+00 1.0141715e+01 1.0166779e+01 1.0099798e+01 9.9759360e+00 9.7344268e+00 9.4690727e+00 9.2121055e+00 8.9768695e+00 8.7174179e+00 8.4425428e+00 8.0936280e+00 7.6893434e+00 7.2177913e+00 6.6280946e+00 5.8367518e+00 5.1924232e+00 4.4678800e+00 3.8179698e+00 3.3115959e+00 2.9092766e+00 2.5057676e+00 2.2273787e+00 2.1445775e+00 2.1967447e+00 2.1931557e+00 2.1453428e+00 2.1855925e+00 2.1721786e+00 2.0454889e+00 1.8771896e+00 1.7791923e+00 1.6893548e+00 1.5971616e+00 1.4840088e+00 1.3578083e+00 1.2623884e+00 1.3058046e+00 1.4314214e+00 1.3793099e+00 1.2189090e+00 1.3180537e+00 1.4071046e+00 1.5498082e+00 1.4010182e+00 8.2547541e-02 2.9262771e-01
1.0975181e+01 1.0604862e+01 1.0315936e+01 1.0236803e+01 1.0318636e+01 1.0468032e+01 1.0475515e+01 1.0332867e+01 1.0006529e+01 9.6450155e+00 9.4039207e+00 9.1651315e+00 8.9365116e+00 8.6430732e+00 8.2629804e+00 7.7887105e+00 7.2318564e+00 6.5570080e+00 5.6881867e+00 4.9807206e+00 4.2484839e+00 3.6133831e+00 3.1124805e+00 2.8008205e+00 2.4938139e+00 2.2946225e+00 2.2144386e+00 2.2434418e+00 2.3057567e+00 2.3285069e+00 2.3577997e+00 2.3518122e+00 2.2741035e+00 2.1342563e+00 1.9936866e+00 1.8669056e+00 1.7678892e+00 1.6756414e+00 1.6048878e+00 1.4906355e+00 1.4239437e+00 1.5322457e+00 1.8548962e+00 2.0383747e+00 1.3943715e+00 9.1043691e-01 4.3996331e-02 2.1728794e-01 1.6751265e+00 1.6735741e+00
1.1153738e+01 1.1102675e+01 1.0995696e+01 1.0892583e+01 1.0815139e+01 1.0855648e+01 1.0597402e+01 1.0481695e+01 1.0212287e+01 1.0063205e+01 9.6786452e+00 9.5616577e+00 9.2802092e+00 8.9360638e+00 8.4998740e+00 7.9466508e+00 7.3096009e+00 6.5260516e+00 5.5693380e+00 4.7520997e+00 3.9851511e+00 3.3293274e+00 2.8487454e+00 2.6141186e+00 2.4268489e+00 2.3300188e+00 2.2888762e+00 2.2761710e+00 2.3670388e+00 2.4660095e+00 2.5433722e+00 2.5799073e+00 2.5232816e+00 2.3730432e+00 2.2206425e+00 2.0256366e+00 1.8856430e+00 1.7835928e+00 1.7238938e+00 1.6471804e+00 1.5973441e+00 1.3899415e+00 3.4202382e-01 7.0083574e-04 8.9387152e-04 8.7059718e-04 8.7134453e-04 8.1932739e-04 7.7448944e-01 1.5499102e+00
1.2140151e+01 1.2043887e+01 1.1903545e+01 1.1731704e+01 1.1579700e+01 1.1429707e+01 1.1434653e+01 1.1255253e+01 1.0592896e+01 1.0273125e+01 1.0514561e+01 1.0182012e+01 9.9799286e+00 9.3528657e+00 8.8013853e+00 8.1431608e+00 7.4466441e+00 6.5589223e+00 5.4674841e+00 4.5285963e+00 3.6624876e+00 2.9823730e+00 2.5673236e+00 2.4085288e+00 2.2407222e+00 2.0665564e+00 2.0693024e+00 2.3083385e+00 2.4458186e+00 2.5915326e+00 2.7485868e+00 2.8305970e+00 2.7851921e+00 2.6244173e+00 2.4137723e+00 2.1507458e+00 1.9508912e+00 1.8613058e+00 1.8648303e+00 1.7710746e+00 1.7962479e+00 8.9745697e-02 0.0000000e+00 0.0000000e+00 0.0000000e+00 0.0000000e+00 0.0000000e+00 9.3420986e-04 1.7332455e+00 1.5571222e+00
1.3278201e+01 1.3069620e+01 1.2844586e+01 1.2627897e+01 1.2421143e+01 1.2243272e+01 1.2283977e+01 1.2042960e+01 1.1696972e+01 1.1489435e+01 1.1367898e+01 1.1240512e+01 1.0569704e+01 9.8221243e+00 9.0768557e+00 8.3476524e+00 7.5973234e+00 6.6196414e+00 5.4206379e+00 4.3629583e+00 3.3915766e+00 2.6368486e+00 2.3436856e+00 2.3364449e+00 1.9216984e+00 1.2344664e+00 1.3856669e+00 2.2862239e+00 2.5355218e+00 2.7556845e+00 2.9614704e+00 3.1066584e+00 3.0749873e+00 2.8812473e+00 2.5888800e+00 2.2521287e+00 1.9479449e+00 1.9006366e+00 1.9184011e+00 1.6819565e+00 1.9281439e+00 6.3922470e-01 7.2686686e-04 0.0000000e+00 0.0000000e+00 0.0000000e+00 6.9816174e-04 1.4230781e-01 1.8368566e+00 1.6865708e+00
1.4139686e+01 1.3900585e+01 1.3660393e+01 1.3452512e+01 1.3278795e+01 1.3139952e+01 1.3009806e+01 1.2890521e+01 1.2667311e+01 1.2181760e+01 1.0790953e+01 1.1152272e+01 1.0725862e+01 1.0096620e+01 9.3652389e+00 8.6207928e+00 7.8928703e+00 6.9335309e+00 5.5629047e+00 4.3056136e+00 3.1031405e+00 1.6140284e+00 1.4896097e+00 1.2115185e+00 1.5722180e+00 1.5916350e+00 1.6999107e+00 1.8774190e+00 2.6068757e+00 3.1623638e+00 3.5053549e+00 3.7040739e+00 3.7096789e+00 3.4538724e+00 3.0722896e+00 2.5124964e+00 1.9266041e+00 1.8382052e+00 9.5248884e-01 7.5609989e-01 1.9439730e+00 1.2108968e+00 7.9485918e-04 9.5977383e-04 7.4756249e-04 8.4184557e-04 1.6307970e-01 1.7487411e+00 1.8018056e+00 1.8673754e+00
1.4888638e+01 1.4706408e+01 1.4544918e+01 1.4448616e+01 1.4281001e+01 1.4087880e+01 1.3978542e+01 1.3460353e+01 1.2180349e+01 1.1310385e+01 1.0613328e+01 1.0634351e+01 1.0416947e+01 9.9747060e+00 9.4839122e+00 8.8852164e+00 8.2523536e+00 7.3760459e+00 5.9664451e+00 4.5256228e+00 2.9671765e+00 2.0938630e+00 8.5456675e-01 8.8156549e-04 1.6085312e+00 1.9838747e+00 2.0548465e+00 2.0921827e+00 3.0501908e+00 3.7503208e+00 4.1834380e+00 4.3949832e+00 4.4117104e+00 4.1412577e+00 3.7021393e+00 3.0573987e+00 2.2604379e+00 1.8398069e+00 2.0087937e+00 2.1374765e+00 2.1532832e+00 1.9296788e+00 1.7275812e+00 1.7964019e+00 1.3219036e+00 9.1968048e-01 1.2877205e+00 1.1977182e+00 2.1351946e+00 2.1332849e+00
1.5528618e+01 1.5768021e+01 1.5519320e+01 1.5071357e+01 1.4703405e+01 1.4810713e+01 1.4299347e+01 1.4169805e+01 1.2120912e+01 1.0585108e+01 1.0582461e+01 1.0444157e+01 1.0140006e+01 9.9230473e+00 9.6225039e+00 9.1804248e+00 8.7369170e+00 8.0977379e+00 6.7741454e+00 5.3135227e+00 3.2529216e+00 2.1033223e+00 1.7633697e+00 1.3992798e+00 1.2363009e+00 2.5594795e+00 3.1904361e+00 3.6137208e+00 4.1380945e+00 4.6646667e+00 5.0478862e+00 5.2638470e+00 5.2601619e+00 5.0097590e+00 4.6137092e+00 4.0367155e+00 3.3687203e+00 2.8782786e+00 2.9248535e+00 2.9220699e+00 2.7322520e+00 2.5075085e+00 2.4651345e+00 2.2664430e+00 1.9586226e+00 1.0924968e+00 1.4703546e+00 2.1422101e+00 2.3707405e+00 2.4009091e+00
1.6728445e+01 1.6841577e+01 1.5949040e+01 1.5842907e+01 1.4866429e+01 1.5179157e+01 1.4622068e+01 1.2283019e+01 1.0739673e+01 1.0973706e+01 1.0666875e+01 1.0331662e+01 1.0145191e+01 1.0055505e+01 9.8357029e+00 9.4761177e+00 9.2731268e+00 9.1798388e+00 8.2617085e+00 7.2685002e+00 5.7773865e+00 3.4199805e+00 2.0369223e+00 1.9264163e+00 2.2778953e+00 3.7529820e+00 4.7480840e+00 5.1965275e+00 5.5587540e+00 5.9078029e+00 6.1846941e+00 6.3366361e+00 6.3053355e+00 6.0961432e+00 5.7821682e+00 5.3309684e+00 4.7986400e+00 4.3799731e+00 4.1422964e+00 3.8936227e+00 3.6404068e+00 3.2796566e+00 2.9044064e+00 2.5035899e+00 2.0442294e+00 1.9824721e+00 2.2873933e+00 2.5431943e+00 2.6424927e+00 2.6950460e+00
1.7065254e+01 1.7588894e+01 1.7129802e+01 1.6469343e+01 1.6316685e+01 1.4940111e+01 1.3374430e+01 8.6829987e+00 9.1190272e+00 9.2585754e+00 1.0396686e+01 1.0914998e+01 1.0261748e+01 1.0296598e+01 1.0235653e+01 9.8723692e+00 9.4558712e+00 1.0073332e+01 1.0304708e+01 9.7082293e+00 9.2936129e+00 7.2162709e+00 5.7393182e+00 5.9319409e+00 6.5246300e+00 7.2703556e+00 7.1231831e+00 6.9479582e+00 7.0238685e+00 7.2339937e+00 7.4328995e+00 7.5088863e+00 7.4973596e+00 7.3096663e+00 7.0457867e+00 6.6864491e+00 6.1930473e+00 6.0227911e+00 5.8081283e+00 5.1619785e+00 4.5984934e+00 4.1507012e+00 3.7173860e+00 3.2493441e+00 2.7958100e+00 2.5805261e+00 2.7016355e+00 2.8897526e+00 3.0136643e+00 3.0227058e+00
1.7223993e+01 1.5809665e+01 1.7520721e+01 1.6993943e+01 1.6750974e+01 1.5867764e+01 1.2080860e+01 1.0041179e+01 7.3518338e+00 6.3323258e+00 9.1052272e+00 1.1245503e+01 1.0201381e+01 1.0437164e+01 1.0781016e+01 1.0712344e+01 9.8022826e+00 1.0649166e+01 1.1753477e+01 1.1877065e+01 1.0997626e+01 1.0496199e+01 9.6315075e+00 9.8358098e+00 1.0321313e+01 1.0741751e+01 9.2764352e+00 8.2942049e+00 8.1586252e+00 8.3215158e+00 8.4707642e+00 8.4828403e+00 8.4469457e+00 8.3142452e+00 8.1272910e+00 7.7916503e+00 7.4925196e+00 6.4711894e+00 6.8630290e+00 6.2576752e+00 5.4514611e+00 4.9091969e+00 4.4216773e+00 3.9617321e+00 3.5444786e+00 3.2903002e+00 3.2616016e+00 3.3442208e+00 3.3791649e+00 3.3444388e+00
1.8501261e+01 1.7524324e+01 1.7883285e+01 1.7005600e+01 1.6848206e+01 1.5959133e+01 1.4099702e+01 1.3114058e+01 1.0702345e+01 1.1882510e+01 1.2485790e+01 1.2603326e+01 1.1855695e+01 1.1799984e+01 1.1620666e+01 1.1667456e+01 1.2243518e+01 1.2395138e+01 1.2464322e+01 1.1410194e+01 1.1480264e+01 1.1804462e+01 1.1771821e+01 1.1476766e+01 1.1681526e+01 1.1202998e+01 9.4612501e+00 9.0297210e+00 9.4425012e+00 9.6317949e+00 9.6846172e+00 9.5552319e+00 9.4918173e+00 9.4632109e+00 9.3124592e+00 9.0823196e+00 9.1287813e+00 5.4164180e+00 1.3619606e+00 6.2108868e+00 6.7359379e+00 5.9347421e+00 5.3074992e+00 4.7909930e+00 4.3996495e+00 4.1608322e+00 4.1471834e+00 3.9634994e+00 3.8202650e+00 3.7324420e+00
1.8544200e+01 1.7956759e+01 1.7046508e+01 1.7411898e+01 1.7165575e+01 1.6454556e+01 1.6852902e+01 1.4966203e+01 1.4582361e+01 1.4404429e+01 1.2750067e+01 9.3299643e+00 1.3526359e+01 1.3185740e+01 1.2644450e+01 1.3011358e+01 1.3185824e+01 1.3107713e+01 1.2988888e+01 1.2621433e+01 1.2381720e+01 1.1706295e+01 1.1761305e+01 1.1084963e+01 1.2153059e+01 1.2145222e+01 1.0576445e+01 1.0141386e+01 1.0638624e+01 1.0821189e+01 1.1030558e+01 1.0755477e+01 1.0599751e+01 1.0931084e+01 1.1007520e+01 1.0665862e+01 1.0901985e+01 9.0375182e+00 8.0278280e+00 7.9114753e+00 2.8691312e+00 2.3592931e+00 6.0818789e+00 6.0089528e+00 5.6259878e+00 4.4484769e+00 1.4428199e+00 3.8012092e+00 4.5819090e+00 4.3120984e+00
1.8441372e+01 1.7984118e+01 1.7131800e+01 1.8150912e+01 1.7765924e+01 1.7138803e+01 1.6026558e+01 1.5072722e+01 1.5558532e+01 1.2750327e+01 1.3535724e+01 1.0266640e+01 1.3222657e+01 1.4314049e+01 1.3946781e+01 1.3769814e+01 1.3625095e+01 1.3622060e+01 1.3190215e+01 1.2889465e+01 1.2730587e+01 1.2369213e+01 1.2213856e+01 1.0803603e+01 1.1881638e+01 1.2131235e+01 1.2280945e+01 1.1550622e+01 1.2080156e+01 1.1513229e+01 1.1363734e+01 1.1253418e+01 1.1082167e+01 1.1309711e+01 1.1737344e+01 1.1109828e+01 1.1216382e+01 1.1499625e+01 1.0693670e+01 9.4159268e+00 6.6266293e+00 6.1534254e+00 7.3194569e+00 6.8708177e+00 6.5503354e+00 5.2348155e+00 1.7137762e+00 4.2431562e+00 5.2354226e+00 4.8569855e+00
1.9178820e+01 1.8311324e+01 1.8555753e+01 1.8579457e+01 1.5425101e+01 1.7766696e+01 1.6485968e+01 1.5891147e+01 1.5886156e+01 1.4115165e+01 1.4828334e+01 1.4029547e+01 1.4155758e+01 1.5206627e+01 1.4524253e+01 1.4271330e+01 1.4223466e+01 1.4263609e+01 1.3977435e+01 1.3347167e+01 1.3084360e+01 1.2807266e+01 1.2529554e+01 1.2034544e+01 1.2573517e+01 1.2463340e+01 1.2343668e+01 1.2156076e+01 1.2289858e+01 1.1810153e+01 1.1609066e+01 1.1269185e+01 1.0835265e+01 1.1261541e+01 1.0428828e+01 1.1261072e+01 1.1299866e+01 1.1276645e+01 1.0707905e+01 9.9749182e+00 9.4740252e+00 8.8415106e+00 8.0912566e+00 7.5562135e+00 7.1852441e+00 6.7390392e+00 6.1242882e+00 6.1000071e+00 5.8014245e+00 5.4438901e+00
1.9472338e+01 1.9215144e+01 1.8884955e+01 1.8231144e+01 1.7103503e+01 1.7793506e+01 1.7093568e+01 1.6546617e+01 1.6370255e+01 1.6022720e+01 1.6088048e+01 1.6065846e+01 1.5793133e+01 1.5639095e+01 1.5168554e+01 1.4992444e+01 1.4498480e+01 1.3479256e+01 1.3614047e+01 1.4225880e+01 1.3602385e+01 1.3249655e+01 1.3231603e+01 1.2967652e+01 1.2921694e+01 1.2131967e+01 1.1745121e+01 1.2324909e+01 1.2600532e+01 1.1976437e+01 1.1693164e+01 1.1681009e+01 1.0574494e+01 1.0229001e+01 1.1367054e+01 1.1630660e+01 1.1587315e+01 1.1264926e+01 1.0849263e+01 1.0334394e+01 9.7348147e+00 9.1391352e+00 8.6377105e+00 8.2249179e+00 7.8423024e+00 7.5479817e+00 7.3280881e+00 6.9001946e+00 6.4250629e+00 6.0520927e+00
1.9208783e+01 1.9070106e+01 1.8322795e+01 1.8317462e+01 1.8314764e+01 1.7675101e+01 1.8160164e+01 1.7644947e+01 1.7335311e+01 1.7279735e+01 1.6905885e+01 1.6504154e+01 1.6143694e+01 1.6144484e+01 1.5705620e+01 1.5138651e+01 1.4126446e+01 1.3048384e+01 1.4019383e+01 1.4804238e+01 1.4256228e+01 1.3995665e+01 1.3890810e+01 1.3428084e+01 1.3229550e+01 1.2479681e+01 1.2630053e+01 1.2751904e+01 1.2150714e+01 1.2412118e+01 1.1326772e+01 1.0373768e+01 1.0128685e+01 9.6608256e+00 1.0281935e+01 1.1080084e+01 1.0932086e+01 1.0773205e+01 1.0943019e+01 1.0871112e+01 1.0124968e+01 9.5974495e+00 9.1543011e+00 8.7751563e+00 8.4496620e+00 8.1823773e+00 7.9261868e+00 7.5953416e+00 7.1332178e+00 6.6654601e+00
1.8642677e+01 1.8602940e+01 1.8940412e+01 1.8562634e+01 1.8440682e+01 1.8417481e+01 1.8283587e+01 1.8159879e+01 1.8001386e+01 1.7729728e+01 1.7326375e+01 1.6735415e+01 1.6608106e+01 1.6018718e+01 1.5719955e+01 1.6212711e+01 1.5396681e+01 1.4957406e+01 1.5419627e+01 1.5308097e+01 1.4908099e+01 1.4566295e+01 1.4267868e+01 1.4013351e+01 1.3667584e+01 1.3430890e+01 1.2357790e+01 1.3236129e+01 1.3567127e+01 1.2098354e+01 1.2183346e+01 1.1678759e+01 1.1063542e+01 1.0973998e+01 1.0689403e+01 1.0847431e+01 1.0183617e+01 9.1951909e+00 1.1180845e+01 1.1195097e+01 1.0589241e+01 1.0121563e+01 9.5848118e+00 9.2131372e+00 8.9919567e+00 8.7956750e+00 8.6058085e+00 8.3286255e+00 7.8901223e+00 7.3973327e+00
1.9746825e+01 1.9628210e+01 1.9300788e+01 1.8876490e+01 1.8681228e+01 1.8155338e+01 1.8212695e+01 1.8280469e+01 1.8206607e+01 1.7977435e+01 1.7612620e+01 1.7252182e+01 1.7018370e+01 1.6650161e+01 1.6450268e+01 1.6490801e+01 1.6396652e+01 1.6197013e+01 1.6443847e+01 1.5962230e+01 1.5459573e+01 1.5153979e+01 1.5004764e+01 1.4674215e+01 1.4486733e+01 1.4338841e+01 1.3899321e+01 1.3387916e+01 1.2931549e+01 1.0254581e+01 1.0904321e+01 1.1237755e+01 1.1370844e+01 1.1731903e+01 1.1294600e+01 1.0772901e+01 1.0639232e+01 1.0540269e+01 1.0044442e+01 1.0566543e+01 9.5953016e+00 9.1794655e+00 9.6087584e+00 9.6631489e+00 9.4898430e+00 9.3887218e+00 9.2796552e+00 9.0660754e+00 8.6528797e+00 8.1825076e+00
1.9067637e+01 1.9731586e+01 1.9589033e+01 1.9258481e+01 1.9065459e+01 1.8999919e+01 1.8836322e+01 1.8648940e+01 1.8264118e+01 1.8043789e+01 1.7849710e+01 1.7746972e+01 1.7846164e+01 1.7332549e+01 1.6347254e+01 1.6937500e+01 1.6810044e+01 1.6106994e+01 1.6494061e+01 1.6557048e+01 1.6141642e+01 1.6101180e+01 1.5496194e+01 1.5288093e+01 1.4857176e+01 1.4622569e+01 1.4750262e+01 1.4638597e+01 1.4255041e+01 1.2079763e+01 1.3118407e+01 1.3019309e+01 1.2469209e+01 1.2071358e+01 1.1756799e+01 1.1301616e+01 1.0993066e+01 1.0341080e+01 1.0083824e+01 8.7191760e+00 2.4634212e+00 2.7853596e+00 8.9865357e+00 1.0094729e+01 9.8541559e+00 9.8844994e+00 9.8387006e+00 9.6748636e+00 9.3123543e+00 8.8543188e+00
