presentation/data/depth_0035.asc
ncols     164
nrows     146
xllcorner -1.242151388888889e+02
yllcorner  4.172986111111111e+01
cellsize  2.777777777820000e-04
nodata_value       -9999
[rows 66 to 87 of 146, columns 50 to 99 of 164]
0.0000000e+00 0.0000000e+00 0.0000000e+00 0.0000000e+00 0.0000000e+00 0.0000000e+00 0.0000000e+00 0.0000000e+00 0.0000000e+00 0.0000000e+00 0.0000000e+00 0.0000000e+00 0.0000000e+00 0.0000000e+00 9.9948125e-04 9.9940451e-04 9.9863140e-04 9.9845350e-04 9.9674346e-04 1.1890147e-03 1.2223304e-02 8.4139651e-03 1.7039819e-01 6.8218691e-01 8.4033775e-01 8.5188804e-01 8.2064897e-01 7.8541279e-01 7.3916799e-01 1.3172200e+00 2.4287619e+00 3.5299705e+00 2.4128356e+00 1.0521074e+00 8.2313145e-01 8.8623056e-01 8.1428174e-01 6.0087177e-01 3.0614731e-01 8.1606671e-02 1.0594111e-01 1.2775278e-01 1.4294635e-01 1.6950867e-01 1.8889590e-01 2.1942665e-01 2.5292298e-01 2.9041985e-01 3.1406591e-01 3.3658943e-01
0.0000000e+00 0.0000000e+00 0.0000000e+00 0.0000000e+00 0.0000000e+00 9.9484659e-04 9.9891148e-04 9.9638514e-04 9.9628300e-04 9.9787176e-04 9.8869479e-04 9.7309226e-04 9.8423272e-04 9.5117314e-04 9.9952402e-04 9.9841366e-04 9.9810365e-04 9.9820409e-04 9.9683041e-04 2.7248459e-03 6.5561567e-03 9.4781585e-04 3.9652302e-01 7.0585323e-01 8.2875574e-01 8.2888105e-01 7.9793923e-01 8.4723916e-01 3.0992809e+00 3.9779289e+00 3.2986211e+00 1.4483800e+00 7.3848036e-01 7.8845177e-01 7.7431204e-01 7.0390306e-01 6.1541475e-01 5.1948182e-01 3.6941084e-01 2.0132526e-01 1.3049626e-01 9.8093801e-02 1.1571693e-01 1.6284124e-01 1.8809618e-01 2.2430430e-01 2.1905731e-01 1.9901454e-01 1.8448806e-01 1.5530104e-01
0.0000000e+00 0.0000000e+00 0.0000000e+00 0.0000000e+00 0.0000000e+00 9.9923071e-04 9.9725030e-04 9.8828118e-04 9.9571805e-04 9.5227580e-04 9.1130734e-04 9.4983677e-04 7.9633889e-03 9.8984932e-04 9.9802054e-04 9.9832068e-04 9.9822355e-04 9.9616623e-04 9.9854204e-04 2.2269965e-03 9.6375714e-04 3.2287528e-01 5.8554843e-01 7.5593716e-01 8.3675062e-01 8.1531258e-01 7.5512960e-01 1.7700275e+00 4.0899998e+00 2.7556376e+00 1.1960274e+00 6.9754146e-01 7.3893797e-01 7.3669305e-01 7.3135856e-01 6.8462052e-01 5.5094951e-01 4.7893771e-01 4.3801878e-01 4.5053820e-01 4.3588755e-01 3.7633620e-01 3.1987221e-01 2.5094422e-01 2.0863184e-01 1.5252932e-01 1.3252092e-01 1.3093504e-01 1.2483754e-01 1.4980274e-01
0.0000000e+00 0.0000000e+00 0.0000000e+00 0.0000000e+00 0.0000000e+00 9.9642118e-04 9.8376194e-04 8.7632744e-02 9.3583436e-04 8.8216884e-04 3.1217725e-01 5.7208922e-01 5.1373464e-01 3.1191832e-01 2.0557376e-01 7.0700635e-03 9.9589395e-04 9.9935782e-04 9.8074784e-04 9.7546627e-04 1.3074270e-01 5.6668623e-01 6.5763613e-01 7.8340498e-01 8.3197952e-01 7.8490061e-01 6.5951168e-01 2.6490364e+00 4.2847272e+00 2.3489137e+00 1.0300476e+00 6.7399423e-01 6.7496917e-01 6.7909322e-01 6.7399647e-01 6.1137761e-01 5.4272130e-01 4.8642377e-01 4.7004528e-01 4.7753288e-01 5.0912680e-01 4.9576070e-01 4.8365821e-01 4.7544619e-01 4.3175916e-01 3.5244118e-01 3.3098598e-01 3.1427279e-01 2.5302070e-01 2.3707181e-01
0.0000000e+00 0.0000000e+00 0.0000000e+00 0.0000000e+00 0.0000000e+00 9.6576913e-04 9.7869871e-04 2.2691631e-01 2.8413430e-01 5.1772461e-01 4.2811045e-01 4.6588014e-01 6.4369477e-01 4.6242757e-01 5.2147957e-01 6.1440366e-01 2.6388695e-01 9.5140491e-04 9.8506755e-04 1.0006858e-01 1.8937016e-01 4.2706100e-01 5.4006826e-01 6.6220812e-01 7.6578376e-01 7.5317787e-01 6.0769959e-01 1.7623404e+00 4.6072849e+00 3.9914479e+00 2.5326921e+00 6.8574104e-01 6.1717543e-01 5.9739202e-01 5.6088763e-01 5.1292226e-01 5.1660373e-01 5.3635292e-01 5.2798474e-01 5.2089617e-01 5.1049966e-01 5.1333720e-01 5.0349403e-01 4.8582795e-01 4.6607498e-01 4.5296417e-01 4.8007557e-01 5.0205197e-01 4.9483716e-01 4.5309316e-01
0.0000000e+00 0.0000000e+00 0.0000000e+00 9.8977218e-04 9.5334459e-04 9.6997207e-04 9.3175306e-04 3.3786240e-01 4.4967098e-01 7.0799870e-01 4.1599605e-01 7.1548926e-04 2.9887017e-01 5.4125680e-01 6.2493044e-01 7.6185164e-01 5.6741409e-01 5.2038828e-02 8.1122618e-02 3.4524648e-01 1.9454478e-01 1.0223715e-01 2.8631536e-01 3.7675451e-01 4.0033213e-01 3.9786524e-01 3.9057496e-01 5.3692600e-01 3.1849755e+00 4.6297574e+00 3.3550639e+00 7.0656850e-01 5.9045342e-01 6.6147771e-01 5.9146553e-01 4.9900162e-01 4.9045428e-01 5.0952609e-01 5.0444741e-01 4.9621668e-01 4.9052481e-01 4.8630477e-01 4.8301590e-01 4.7656219e-01 4.7648270e-01 4.6758321e-01 4.8421826e-01 5.0267068e-01 4.9820916e-01 4.9676722e-01
9.9882359e-04 0.0000000e+00 9.7457103e-04 9.4479654e-04 9.9998833e-04 6.2185590e-02 9.9899820e-04 8.0001720e-04 8.9084998e-04 3.8252052e-01 6.0308704e-01 5.8571772e-01 6.6469326e-01 5.3074867e-01 6.1361439e-01 3.2461501e-01 3.8816118e-01 2.8064208e-01 2.3962458e-01 2.2097148e-01 3.4288279e-01 2.3077708e-01 2.4087849e-01 2.4226220e-01 1.1656830e-01 7.1007481e-02 9.6843432e-04 3.6288905e-01 1.3326094e+00 3.4909260e+00 2.3431530e+00 3.7340248e-01 6.8712743e-01 7.8275375e-01 7.9030345e-01 4.7501705e-01 3.9185905e-01 3.7065223e-01 3.7035325e-01 3.7407439e-01 3.7454268e-01 3.7082300e-01 3.6670876e-01 3.5986277e-01 3.6665332e-01 3.7962967e-01 4.1837298e-01 4.3990903e-01 4.5386718e-01 4.6151353e-01
9.9712624e-04 9.8390457e-04 9.7177320e-04 1.5143980e-01 9.9569189e-04 6.2444982e-02 9.8044442e-04 8.6468801e-04 6.7770495e-04 8.8740585e-04 7.0730583e-01 7.4596483e-01 7.2498793e-01 5.1987451e-01 3.3130122e-01 3.1821902e-01 2.5233691e-01 1.8643483e-01 1.4257182e-01 5.7713827e-02 2.4684457e-01 3.1276517e-01 2.2204141e-01 1.6837998e-01 2.5690164e-01 2.5434939e-01 9.9774748e-04 3.3573312e-03 1.0477390e+00 2.7257076e+00 1.3246129e+00 2.1360561e-01 3.1938898e-01 2.5068336e-01 5.4095573e-01 4.8359036e-01 3.2700199e-01 3.3919714e-01 2.9436489e-01 1.7382922e-01 2.2776916e-01 2.3247527e-01 2.3475041e-01 2.7438677e-01 3.6349885e-01 3.1114813e-01 2.6798349e-01 3.3709680e-01 3.3923647e-01 3.3039284e-01
9.9887253e-04 9.9760218e-04 8.4704384e-04 8.9862670e-04 4.4087572e-02 1.1126954e-01 5.2963865e-02 1.4882714e-01 6.0816678e-02 3.6175555e-01 5.1651457e-01 4.4334126e-01 4.0712207e-01 3.8245288e-01 2.8092218e-01 9.4155381e-02 9.3823915e-04 9.4373653e-04 3.8649002e-02 7.7148776e-02 1.8606958e-01 1.7527454e-01 9.8970665e-02 6.0604662e-02 6.5533886e-02 9.8685639e-04 6.5577125e-04 0.0000000e+00 7.1385088e-01 2.1098663e+00 9.0892690e-01 1.7819313e-02 1.8990883e-01 2.6281952e-01 1.3322457e-01 1.7182818e-01 1.2403411e-01 4.3079557e-01 8.2442030e-01 7.7186148e-01 8.0318614e-01 7.9304310e-01 7.9775326e-01 6.8354238e-01 6.4895965e-01 3.7851635e-01 2.3653177e-01 1.0089223e-01 1.4807299e-01 2.3915832e-01
9.9832073e-04 9.8421208e-04 1.8544324e-01 2.9391506e-01 3.4883606e-01 3.9266702e-01 5.2044587e-01 7.0643896e-01 6.5983509e-01 4.5344255e-01 3.6590097e-01 3.7863970e-01 4.1001020e-01 2.9984352e-01 2.5699295e-01 2.5919828e-01 1.1288963e-01 9.9714282e-04 7.5247663e-02 1.9708153e-01 4.4233104e-01 2.1102607e-01 4.2375983e-02 1.2041530e-02 9.8373604e-04 6.2210796e-04 6.7209811e-04 1.2214930e-01 9.2402683e-01 1.6796201e+00 1.6832675e+00 1.5544960e+00 1.7857175e+00 1.6981023e+00 1.6166686e+00 1.6259302e+00 1.6775921e+00 1.7977828e+00 2.0014240e+00 2.1100822e+00 2.1080721e+00 2.0293741e+00 1.8201943e+00 1.6535829e+00 1.7930080e+00 1.8880169e+00 1.9146111e+00 1.8310116e+00 1.4627349e+00 9.7757292e-01
9.4162366e-04 8.2382207e-04 2.5587823e-01 7.4967934e-01 8.2282698e-01 9.0877453e-01 8.0946399e-01 5.9229263e-01 4.7951253e-01 2.9383877e-01 1.9650329e-01 2.6241184e-01 1.7340820e-01 2.6608550e-01 2.7013058e-01 2.9880105e-01 3.3780575e-01 1.7588478e-01 2.4896419e-01 3.0229292e-01 4.4123727e-01 8.1018536e-02 8.6631806e-04 6.4867319e-04 9.0348138e-04 3.0262082e-02 1.0523464e+00 1.5491653e+00 1.8370471e+00 1.8679996e+00 2.0805901e+00 2.0637116e+00 1.9127899e+00 1.7752868e+00 1.7908612e+00 1.8763833e+00 1.9741845e+00 1.9323822e+00 2.0315633e+00 2.1145711e+00 2.0995372e+00 1.9534318e+00 1.5830839e+00 1.1895736e+00 1.7275249e+00 1.9847428e+00 2.1237693e+00 2.1486002e+00 2.1287869e+00 2.1454725e+00
4.6679615e-02 1.3748474e-02 5.3294672e-01 6.5721746e-01 6.4077911e-01 9.1061097e-01 5.7734191e-01 4.2799913e-01 2.9698211e-01 2.9142832e-01 2.4021937e-01 2.2855422e-01 2.4071658e-01 2.8817578e-01 4.0294100e-01 4.0547528e-01 5.0726838e-01 4.4916361e-01 4.4427492e-01 1.5561356e-01 9.4033450e-04 9.3845498e-04 9.1082227e-04 7.7703392e-04 1.0285672e+00 1.7486277e+00 1.3353466e+00 1.3382412e+00 1.6976483e+00 2.0175615e+00 2.2238173e+00 2.2744172e+00 2.2701415e+00 2.2238537e+00 2.2377979e+00 2.2880225e+00 2.2774964e+00 2.1025971e+00 2.2171359e+00 2.3701145e+00 2.3648093e+00 2.2737137e+00 2.1395312e+00 2.0520207e+00 2.0859424e+00 2.2654495e+00 2.4163643e+00 2.4005447e+00 2.3276906e+00 2.2847353e+00
4.1506601e-01 4.8535225e-01 4.9679790e-01 5.3878002e-01 8.2762049e-01 8.4974816e-01 5.1355137e-01 3.2447689e-01 1.8601636e-01 2.3942333e-01 1.7860419e-01 2.3230676e-01 2.4312495e-01 3.7696684e-01 4.6826774e-01 4.9373205e-01 4.4782004e-01 1.7259886e-01 9.8649275e-04 9.9519577e-04 8.2139668e-04 8.1049643e-04 7.4625939e-01 1.5752770e+00 1.9163478e+00 1.6818730e+00 1.2999589e+00 1.5909284e+00 1.9887285e+00 2.1555712e+00 2.5224607e+00 2.5219677e+00 2.5161280e+00 2.5716856e+00 2.6280286e+00 2.6138709e+00 2.4629537e+00 2.4310358e+00 2.5780049e+00 2.6292007e+00 2.6513358e+00 2.6505628e+00 2.6288826e+00 2.6797932e+00 2.6996436e+00 2.5993933e+00 2.7611696e+00 2.8234592e+00 2.6734286e+00 2.5458622e+00
5.5220508e-01 8.6610063e-02 6.6673996e-02 1.8802076e-01 3.5036034e-01 4.0404079e-01 2.4646327e-01 1.8046725e-01 8.5083857e-02 1.6294306e-02 1.0143242e-01 1.6348614e-01 2.7437647e-01 3.7623945e-01 3.7121138e-01 1.5435425e-01 9.7705037e-04 7.3327196e-04 7.8689390e-04 9.7880404e-04 9.3105264e-01 2.2496853e+00 1.9777337e+00 1.8504531e+00 2.2011530e+00 2.0447945e+00 1.9685995e+00 2.3045218e+00 2.8430653e+00 2.8298116e+00 3.1039651e+00 2.8530510e+00 2.7597744e+00 2.7378497e+00 2.8655087e+00 3.0975864e+00 2.9341090e+00 2.7151268e+00 2.8283226e+00 2.9924975e+00 3.1744644e+00 3.1484201e+00 3.1702429e+00 3.0855288e+00 3.1219809e+00 3.1417380e+00 3.0559144e+00 3.1481779e+00 3.3468295e+00 3.2093896e+00
2.0880827e-01 9.9519884e-04 1.3190623e-03 1.0000144e-03 9.9983817e-04 2.1098117e-01 4.9390196e-01 2.5431861e-02 3.2500236e-02 9.9425162e-04 2.8913205e-02 4.2701698e-02 1.2755300e-01 5.1633104e-02 9.6116197e-04 8.6471959e-04 8.9806039e-04 7.9211608e-04 1.4605757e+00 2.1183551e+00 2.5992968e+00 2.5847890e+00 2.6303627e+00 2.8619236e+00 2.9575452e+00 3.0631976e+00 3.1697267e+00 3.5404159e+00 3.6322842e+00 3.4577955e+00 3.4923580e+00 3.3170419e+00 3.1825947e+00 3.0425769e+00 3.1918764e+00 3.4059485e+00 3.5086572e+00 3.5062537e+00 3.4332580e+00 3.4728884e+00 3.4893743e+00 3.5322122e+00 3.7300555e+00 3.8460434e+00 3.8276761e+00 3.7449311e+00 3.8019611e+00 3.6903345e+00 3.7123887e+00 3.6486702e+00
1.0135314e-03 3.5081365e-03 3.4520528e-03 1.8756362e-03 9.7221377e-04 4.5484501e-01 6.8352451e-01 5.7343951e-01 8.6970686e-04 1.5184234e-01 3.0163143e-01 9.5881150e-04 9.9973986e-04 9.7081790e-04 9.4510842e-04 9.9279021e-04 1.1465164e+00 2.2349873e+00 2.4332712e+00 2.5929472e+00 2.8473393e+00 2.9825472e+00 3.2164576e+00 3.4155736e+00 3.4105365e+00 3.5021810e+00 3.7635218e+00 4.1634900e+00 4.2300514e+00 3.9143182e+00 3.7956777e+00 3.8233306e+00 3.7087895e+00 3.4186491e+00 3.5013112e+00 3.6251021e+00 3.7296288e+00 3.9291025e+00 4.0090693e+00 3.9306512e+00 3.8800837e+00 3.8180429e+00 3.8544148e+00 4.2464020e+00 4.4279564e+00 4.2250975e+00 4.1783320e+00 4.1460160e+00 4.1734968e+00 4.1778449e+00
4.2720792e-03 2.0192458e-03 2.1807254e-03 1.2472889e-03 9.5553359e-04 9.5476401e-04 9.1832516e-01 1.0397812e+00 5.9001105e-01 9.2137710e-04 9.9380529e-04 9.3494568e-04 8.3542883e-04 9.3899162e-04 7.8323852e-01 1.9818311e+00 2.2863501e+00 2.5312824e+00 2.6840999e+00 2.9325195e+00 3.1937803e+00 3.3308650e+00 3.4901001e+00 3.4963459e+00 3.6997192e+00 3.9958466e+00 4.0634340e+00 3.9508524e+00 4.1757347e+00 3.9963371e+00 3.9499449e+00 4.0003741e+00 4.1096526e+00 4.1449171e+00 4.0820883e+00 3.8659930e+00 3.7438289e+00 3.8568052e+00 4.0646523e+00 4.2339269e+00 4.3094431e+00 4.1976477e+00 4.0950266e+00 4.2097369e+00 4.4843755e+00 4.5561984e+00 4.5162432e+00 4.4966683e+00 4.5185286e+00 4.4786797e+00
9.3338871e-04 9.9857432e-04 9.9636370e-04 9.9675941e-04 5.6787965e-04 9.7824524e-04 9.8275640e-04 1.5378868e-01 9.9005315e-04 9.9949691e-04 9.8755090e-04 8.2450578e-04 2.8278105e-01 1.6525071e+00 2.0327148e+00 2.3545453e+00 2.6528460e+00 2.9878637e+00 3.0373874e+00 3.2007699e+00 3.4878856e+00 3.5447405e+00 3.5843419e+00 3.6500363e+00 3.8214845e+00 4.3511627e+00 4.3930175e+00 4.1552026e+00 4.3519066e+00 3.9537390e+00 3.9095169e+00 4.0296252e+00 4.2232561e+00 4.4601403e+00 4.5144549e+00 4.1548644e+00 3.9532845e+00 3.9463923e+00 3.9808855e+00 4.3748148e+00 4.6508044e+00 4.5665740e+00 4.4549517e+00 4.4393613e+00 4.6033187e+00 4.7854349e+00 4.7972615e+00 4.8260616e+00 4.8181346e+00 4.6620566e+00
9.8830027e-04 1.6056220e-03 4.0972609e-03 9.9945211e-04 0.0000000e+00 6.6544776e-04 9.6125080e-04 9.8142015e-04 9.9564178e-04 9.6602894e-04 8.8698478e-04 9.1845823e-04 3.5091306e-01 2.2493015e+00 2.5694335e+00 2.6847070e+00 3.0524688e+00 3.2273789e+00 3.2386019e+00 3.2849621e+00 3.4923381e+00 3.5638295e+00 3.6994262e+00 3.8388312e+00 3.9676320e+00 4.1911379e+00 3.9160451e+00 3.7899978e+00 4.7213649e+00 4.4805144e+00 4.2410315e+00 4.4027493e+00 4.0874395e+00 4.4337210e+00 4.5218137e+00 4.4052236e+00 4.5571480e+00 4.8859300e+00 4.3231380e+00 4.4608243e+00 4.5767348e+00 4.6847827e+00 4.7596642e+00 4.7913938e+00 4.8127449e+00 4.8189236e+00 4.8213951e+00 4.9458153e+00 5.0870844e+00 4.9437571e+00
0.0000000e+00 9.8414445e-04 1.0688180e-02 1.3100092e-02 7.5491407e-04 9.8519837e-04 9.1715970e-04 8.6342212e-04 9.6840574e-04 8.8161281e-04 9.9984986e-04 2.2001405e-01 1.6941572e+00 1.9613865e+00 2.7469036e+00 3.0622964e+00 3.3556007e+00 3.3099401e+00 3.3994993e+00 3.4972265e+00 3.5419047e+00 3.6145000e+00 3.8822413e+00 4.0614973e+00 4.1351661e+00 4.1452899e+00 3.8153384e+00 3.4551390e+00 3.6728438e+00 4.5098224e+00 4.4948215e+00 4.4516350e+00 4.2577441e+00 4.3617414e+00 4.4938929e+00 4.6237019e+00 4.8768721e+00 5.1650425e+00 5.0563909e+00 4.9565250e+00 4.8704236e+00 4.8418638e+00 4.8756077e+00 5.0716138e+00 5.1322772e+00 5.0558719e+00 4.8943573e+00 4.9646387e+00 5.1176795e+00 5.1049383e+00
0.0000000e+00 0.0000000e+00 1.5839696e-03 1.1340859e-02 1.4134052e-02 1.3134987e-02 2.3881463e-01 9.6879889e-02 7.5438236e-04 5.2031165e-01 1.3779530e+00 2.0579321e+00 2.3559291e+00 2.2030408e+00 2.5375975e+00 3.0818195e+00 3.4714413e+00 3.5843665e+00 3.5665519e+00 3.6099833e+00 3.6895106e+00 3.9031944e+00 4.1977968e+00 4.3175492e+00 4.3879231e+00 4.2584427e+00 4.0788992e+00 3.7332623e+00 3.8112028e+00 4.4397206e+00 4.6282109e+00 4.7715870e+00 4.7449826e+00 4.4978490e+00 4.5653804e+00 4.7513588e+00 4.9301977e+00 5.0885674e+00 5.1831403e+00 5.0940020e+00 5.1733533e+00 5.2474920e+00 4.9329802e+00 5.0309014e+00 5.3580397e+00 5.1537640e+00 5.0636489e+00 4.9237539e+00 5.0539423e+00 5.1229595e+00
8.5498958e-04 9.1721595e-04 9.2332278e-04 9.7881288e-04 9.9069351e-04 9.4479765e-04 1.8596280e+00 1.9296781e+00 1.7537463e+00 1.7243226e+00 1.9163074e+00 2.1776728e+00 2.4654863e+00 2.5340588e+00 2.7876734e+00 3.1535789e+00 3.3419596e+00 3.8732107e+00 3.8872006e+00 3.9415505e+00 4.0998109e+00 4.3009696e+00 4.5092172e+00 4.3177327e+00 4.4726114e+00 4.5493575e+00 4.5955269e+00 4.3938578e+00 4.2674853e+00 4.7113770e+00 4.6886708e+00 4.5307770e+00 4.5844596e+00 4.6001926e+00 4.8183582e+00 4.6459358e+00 4.7069232e+00 4.8244885e+00 4.8568465e+00 4.4641254e+00 4.6203756e+00 4.6641956e+00 4.3627975e+00 4.5422346e+00 5.0220939e+00 4.4203320e+00 4.0489092e+00 3.7986057e+00 4.4217774e+00 5.0102138e+00
