presentation/data/depth_0018.asc
ncols     164
nrows     146
xllcorner -1.242151388888889e+02
yllcorner  4.172986111111111e+01
cellsize  2.777777777820000e-04
nodata_value       -9999
[rows 66 to 87 of 146, columns 100 to 149 of 164]
7.5681210e-01 7.8468327e-01 7.9896945e-01 8.2140484e-01 8.4057493e-01 8.5282790e-01 8.7088671e-01 8.8932165e-01 8.9530058e-01 8.5769223e-01 7.9129219e-01 7.2188510e-01 6.3460272e-01 5.3123432e-01 4.3824414e-01 3.6011814e-01 3.2236626e-01 3.0764425e-01 2.9279213e-01 3.0538513e-01 3.1245805e-01 2.9645539e-01 2.8943668e-01 2.9073906e-01 2.5375440e-01 2.1002280e-01 1.5204952e-01 1.0003921e-01 5.3807973e-02 3.2948195e-02 2.7403448e-02 3.0301386e-02 2.6055614e-02 2.6171547e-02 3.5570382e-02 2.6023322e-02 2.3482177e-02 1.9634115e-02 1.3010435e-02 1.7733371e-02 1.5868624e-02 1.4587052e-02 1.2620845e-02 1.1573746e-02 1.0313701e-02 7.1051287e-03 4.7146280e-03 3.5231927e-03 2.6612881e-03 2.0199467e-03
4.8973062e-01 5.2443636e-01 5.2351152e-01 5.4578460e-01 6.3418730e-01 6.9497757e-01 7.2604324e-01 7.5603234e-01 7.6742164e-01 7.3460598e-01 6.3027873e-01 4.8976535e-01 4.5491225e-01 3.7608223e-01 3.2543851e-01 2.8184318e-01 2.8155809e-01 2.8260572e-01 2.7180222e-01 2.8248581e-01 2.8672296e-01 3.2212223e-01 3.1559337e-01 2.9054359e-01 2.7455016e-01 2.6990192e-01 2.4625123e-01 2.3380567e-01 2.5272917e-01 2.5872557e-01 2.2866936e-01 1.9306240e-01 1.7335975e-01 1.7317948e-01 1.3258282e-01 1.7483411e-01 1.3456858e-01 1.5707096e-01 7.5222903e-02 9.8336477e-03 7.7172657e-03 9.9050795e-03 1.3856900e-02 1.9537279e-02 1.6379966e-02 1.1098281e-02 7.7868560e-03 5.5254026e-03 3.8048300e-03 3.0281814e-03
4.6712645e-01 4.4994495e-01 4.5045422e-01 5.1279125e-01 5.0478469e-01 4.7973126e-01 4.6497912e-01 4.7005752e-01 5.0067771e-01 4.8719596e-01 4.0047152e-01 3.9703541e-01 3.2733319e-01 2.9843840e-01 2.8829566e-01 3.1368435e-01 3.3505153e-01 3.5534618e-01 3.6253480e-01 3.5369299e-01 3.6505464e-01 4.2132456e-01 4.2855116e-01 4.3713132e-01 4.3588216e-01 4.6670526e-01 4.9033784e-01 4.9778974e-01 5.2908937e-01 5.1662200e-01 5.1179002e-01 4.9179322e-01 4.9727893e-01 4.7385242e-01 4.6971992e-01 4.5534477e-01 4.4414000e-01 4.6066568e-01 4.0775585e-01 3.1031958e-01 2.5677957e-01 1.5959975e-01 6.2924329e-02 1.2354755e-02 1.2735376e-02 1.1171775e-02 1.0834959e-02 1.0488502e-02 9.0228418e-03 8.5153477e-03
8.7771950e-01 7.9775445e-01 6.8086828e-01 6.0414590e-01 5.3762830e-01 4.5654153e-01 4.0366535e-01 3.5639054e-01 3.2237884e-01 3.0647654e-01 2.6900817e-01 2.6028012e-01 2.6895890e-01 2.7586535e-01 3.0872266e-01 3.5084794e-01 3.8847680e-01 4.1356446e-01 4.5822456e-01 5.3087609e-01 5.5030954e-01 6.1258434e-01 6.5230017e-01 6.7916000e-01 7.3711656e-01 7.3777742e-01 7.8184454e-01 8.2328443e-01 8.6214932e-01 8.5482077e-01 8.9800292e-01 8.9023533e-01 8.5710268e-01 8.1600577e-01 7.7646994e-01 7.6930850e-01 7.5512213e-01 7.3903237e-01 7.1975681e-01 6.0513224e-01 5.5960784e-01 4.5882561e-01 3.5363199e-01 2.0595802e-01 9.1082493e-02 4.3969157e-02 2.4149348e-02 1.2563182e-02 1.5234034e-02 1.7262555e-02
1.0987008e+00 1.0531626e+00 9.8588694e-01 9.0206116e-01 8.1003087e-01 7.0764206e-01 6.5792617e-01 5.4239160e-01 3.1979483e-01 2.4816197e-01 2.4085735e-01 2.5114795e-01 2.6643625e-01 2.7269942e-01 2.7006742e-01 3.2895290e-01 4.1164325e-01 4.8366847e-01 5.8401410e-01 7.1024304e-01 8.0056888e-01 8.8902014e-01 9.7023511e-01 1.0355938e+00 1.0602445e+00 1.0798433e+00 1.1310809e+00 1.1875801e+00 1.2295095e+00 1.2592326e+00 1.2462864e+00 1.2489352e+00 1.2293473e+00 1.1576067e+00 1.1085909e+00 1.1084637e+00 1.0889740e+00 1.1057790e+00 1.0471707e+00 9.1032694e-01 8.4664089e-01 7.7238077e-01 6.6413353e-01 4.9497550e-01 3.7794841e-01 2.3513450e-01 1.3539333e-01 6.6468845e-02 4.4465310e-02 2.2997099e-02
1.1326724e+00 1.0652162e+00 9.6075468e-01 8.5530247e-01 7.7489793e-01 7.4608632e-01 7.2387823e-01 7.1966356e-01 7.5130877e-01 7.2128592e-01 5.4039104e-01 2.4789450e-01 2.2191917e-01 2.7533956e-01 3.0770811e-01 3.5702586e-01 4.4680686e-01 5.5816470e-01 6.8652548e-01 8.4090680e-01 1.0280126e+00 1.1289819e+00 1.2372931e+00 1.2850902e+00 1.2947824e+00 1.3540525e+00 1.4165848e+00 1.4694116e+00 1.5065702e+00 1.5231656e+00 1.5179499e+00 1.5359443e+00 1.5084090e+00 1.4481460e+00 1.4536907e+00 1.4866156e+00 1.4592240e+00 1.4430026e+00 1.3463784e+00 1.2505395e+00 1.1728565e+00 1.0638163e+00 9.6577616e-01 8.1301537e-01 6.9087347e-01 5.6530147e-01 3.8651302e-01 2.4448074e-01 1.5911592e-01 1.2256292e-01
1.0771285e+00 1.0816341e+00 9.8179035e-01 8.3182781e-01 7.9710999e-01 8.7657924e-01 8.5772644e-01 7.1321564e-01 6.8551572e-01 8.2773753e-01 7.9973177e-01 7.4821663e-01 7.9762105e-01 6.0718635e-01 4.2032167e-01 4.0477137e-01 5.7054313e-01 6.6164671e-01 7.7982950e-01 8.3854351e-01 9.9448600e-01 1.1220335e+00 1.2665593e+00 1.3719258e+00 1.4346870e+00 1.4903534e+00 1.5565804e+00 1.6004894e+00 1.6508211e+00 1.6921013e+00 1.7439942e+00 1.7120103e+00 1.6282943e+00 1.7280195e+00 1.8008649e+00 1.8338037e+00 1.8098106e+00 1.7238112e+00 1.6264314e+00 1.5418538e+00 1.4315684e+00 1.3419264e+00 1.2327542e+00 1.1155756e+00 1.0035556e+00 8.8988310e-01 7.2739629e-01 5.3296757e-01 3.8697043e-01 2.9958262e-01
8.7686108e-01 9.5729013e-01 9.7903304e-01 8.3440457e-01 7.7077307e-01 8.3065372e-01 8.7729036e-01 8.0836930e-01 7.4463603e-01 7.7904545e-01 1.0762752e+00 3.2880653e+00 5.1835694e+00 2.6527681e+00 7.0590648e-01 6.6648967e-01 8.5078998e-01 8.9899750e-01 8.0687187e-01 7.0282595e-01 6.6152634e-01 7.6213959e-01 9.4837288e-01 1.1521241e+00 1.3062211e+00 1.2772835e+00 1.2543776e+00 1.3106282e+00 1.4445147e+00 1.5602241e+00 1.6521407e+00 1.7578090e+00 1.8740914e+00 1.9925038e+00 2.0389566e+00 2.0520198e+00 2.0412276e+00 1.9619943e+00 1.8720196e+00 1.7929861e+00 1.6922129e+00 1.5969225e+00 1.5066695e+00 1.3942253e+00 1.2934965e+00 1.1395056e+00 9.7137914e-01 7.7764572e-01 5.9497236e-01 3.9435539e-01
8.6750199e-01 4.5040707e-01 7.3820342e-01 7.2650323e-01 4.4569083e-01 2.9772897e-01 3.0964745e-01 4.3941666e-01 6.0625465e-01 1.3802032e+00 4.5973679e+00 6.7031227e+00 7.0910251e+00 5.7635804e+00 3.0745643e+00 8.5564376e-01 8.9500440e-01 9.9430106e-01 6.5633004e-01 3.7488618e-01 3.5307513e-01 4.3737336e-01 5.6453118e-01 7.2981136e-01 8.1090536e-01 8.0126704e-01 7.7453193e-01 8.3578387e-01 9.6550638e-01 1.1053279e+00 1.3335850e+00 1.6857134e+00 2.0559664e+00 2.1667003e+00 2.2142151e+00 2.2238318e+00 2.1797574e+00 2.1497910e+00 2.0722458e+00 2.0019674e+00 1.9170529e+00 1.8505079e+00 1.7753318e+00 1.6838178e+00 1.5221335e+00 1.2789735e+00 1.0900687e+00 8.5104987e-01 6.1833156e-01 4.7957630e-01
3.7330540e+00 2.5947115e+00 6.3088804e-01 4.1483875e-01 1.8085735e-01 9.8657804e-04 9.8673166e-04 2.5815673e-01 1.7705485e+00 5.4216379e+00 6.9406885e+00 7.2433069e+00 7.2851938e+00 7.3909025e+00 7.2641183e+00 4.7501619e+00 1.6275050e+00 8.3668456e-01 3.7609611e-01 3.3813105e-01 3.7025123e-01 4.3189305e-01 5.0239439e-01 5.9922794e-01 6.5532834e-01 6.8342393e-01 6.2492912e-01 6.0478519e-01 6.5267065e-01 8.0418738e-01 1.1483578e+00 1.6291601e+00 2.1490103e+00 2.3918863e+00 2.4023914e+00 2.3776641e+00 2.3735579e+00 2.2931915e+00 2.2399291e+00 2.1688039e+00 2.0969332e+00 2.0296679e+00 1.9542447e+00 1.8368111e+00 1.5948930e+00 1.3120660e+00 1.0838311e+00 8.5857640e-01 6.8622035e-01 6.3654558e-01
4.5198964e+00 4.4388557e+00 3.4781273e+00 1.5314639e+00 7.1511287e-01 8.2496094e-04 8.2398764e-04 1.7584481e+00 6.3614760e+00 7.1661225e+00 7.3122933e+00 7.4749961e+00 7.5725541e+00 7.6912863e+00 7.7210697e+00 6.5640259e+00 5.3046679e+00 2.6037004e+00 1.0429097e-01 3.2382227e-01 5.6472340e-01 8.2036399e-01 7.5986220e-01 8.3527427e-01 1.0517844e+00 1.0519056e+00 8.5983416e-01 7.6810417e-01 6.8075649e-01 7.0848394e-01 9.9647441e-01 1.5013240e+00 2.1318351e+00 2.5667237e+00 2.7015851e+00 2.6609937e+00 2.5639024e+00 2.4739476e+00 2.3905892e+00 2.3075977e+00 2.2235430e+00 2.1240326e+00 2.0086350e+00 1.8490515e+00 1.6064827e+00 1.3511644e+00 1.1188098e+00 9.5283045e-01 8.7129322e-01 9.0233852e-01
4.8281162e+00 4.4864634e+00 4.1895652e+00 3.5385909e+00 1.4258908e+00 5.0228227e-02 1.7016479e+00 6.0353578e+00 7.0948510e+00 7.2318258e+00 7.3781303e+00 7.4997594e+00 7.6214993e+00 7.8699509e+00 8.0221367e+00 7.8005172e+00 7.9542687e+00 5.9743978e+00 1.2462839e+00 4.3617545e-01 5.8336282e-01 8.0000398e-01 9.1430115e-01 1.1445244e+00 1.4359979e+00 1.4777920e+00 1.1973077e+00 1.2219673e+00 9.1755470e-01 7.8777617e-01 9.1453871e-01 1.2701359e+00 1.9417901e+00 2.5966793e+00 2.9219973e+00 2.9636522e+00 2.8138592e+00 2.6555656e+00 2.5532737e+00 2.4461860e+00 2.2982688e+00 2.1525924e+00 2.0260189e+00 1.8651046e+00 1.6131301e+00 1.3829305e+00 1.2107361e+00 1.1432821e+00 1.1208913e+00 1.2560954e+00
5.3651521e+00 5.1397381e+00 4.4900049e+00 3.6225806e+00 8.6208759e-01 2.6289070e+00 6.3084397e+00 6.8247519e+00 6.7927188e+00 6.7540040e+00 6.9740324e+00 7.1464760e+00 7.5777364e+00 7.8504771e+00 8.0053487e+00 8.0559762e+00 7.7741864e+00 5.3532160e+00 7.8194609e-01 3.8618484e-01 5.4876594e-01 5.9179085e-01 1.0236783e+00 1.1265041e+00 1.2067483e+00 1.1354709e+00 1.5303348e+00 1.3598453e+00 1.2622873e+00 1.1872759e+00 1.0262863e+00 1.1291526e+00 1.7713687e+00 2.5620570e+00 2.9992957e+00 3.1487953e+00 3.0388916e+00 2.8527297e+00 2.6940224e+00 2.5976410e+00 2.4249002e+00 2.2402155e+00 2.0482094e+00 1.8721266e+00 1.6058270e+00 1.4634493e+00 1.4028865e+00 1.3957570e+00 1.5088660e+00 1.6247621e+00
5.6834947e+00 5.4691954e+00 3.1781048e+00 9.4458207e-01 4.1776279e+00 6.5929508e+00 6.7567868e+00 6.7052903e+00 6.6533922e+00 6.5544904e+00 6.4707462e+00 6.9148169e+00 7.5782499e+00 7.7470111e+00 8.0258443e+00 7.3809516e+00 3.6929319e+00 3.4492005e-01 2.5595083e-01 4.3589109e-01 6.4085001e-01 1.0858132e+00 1.1466250e+00 1.1729709e+00 1.2632431e+00 1.1715172e+00 9.7508308e-01 8.1152316e-01 1.6339168e+00 1.5480986e+00 1.4691423e+00 1.3488501e+00 1.7917840e+00 2.4838838e+00 2.9162708e+00 3.1065242e+00 3.1539850e+00 3.0504286e+00 2.9252225e+00 2.8023491e+00 2.6157754e+00 2.3810945e+00 2.1513948e+00 1.9049135e+00 1.7239080e+00 1.5899272e+00 1.6220469e+00 1.6990507e+00 1.7788252e+00 1.8547253e+00
6.2204116e+00 4.6802621e+00 1.0292812e+00 1.8925529e+00 6.1177172e+00 6.8589169e+00 6.5243706e+00 6.5002705e+00 6.4861465e+00 6.5701894e+00 7.1313302e+00 7.0937587e+00 6.9327806e+00 7.2203408e+00 5.9606915e+00 2.6502165e+00 1.0728753e-01 4.5481087e-01 6.7685413e-01 8.5050312e-01 1.4238250e+00 1.1423492e+00 1.4164357e+00 1.2717446e+00 1.2476173e+00 1.2072748e+00 7.3380833e-01 9.6836739e-01 8.3541832e-01 1.7120345e+00 1.7637529e+00 1.7511381e+00 1.9308138e+00 2.3539966e+00 2.7133624e+00 2.9337381e+00 3.0441005e+00 3.0709431e+00 3.0517016e+00 2.9841449e+00 2.8274949e+00 2.5640065e+00 2.2646839e+00 2.0422194e+00 1.8682203e+00 1.7987583e+00 1.8413949e+00 1.8862863e+00 1.9538503e+00 2.0032016e+00
6.7583060e+00 6.3842409e+00 5.5177433e+00 2.5651324e+00 1.5205842e+00 5.3542537e+00 6.3671115e+00 6.2554839e+00 6.7707995e+00 7.1143482e+00 7.1294445e+00 6.9876721e+00 6.5185042e+00 5.1605217e+00 1.2159428e+00 8.0586780e-02 3.2918718e-01 4.9135925e-01 1.6285513e+00 1.9191090e+00 1.5619340e+00 9.2266161e-01 1.3861120e+00 1.3220858e+00 1.0907768e+00 9.0568986e-01 9.9551415e-01 8.2584256e-01 1.0666760e+00 1.5173891e+00 1.7923760e+00 1.7678195e+00 1.8391947e+00 2.1140653e+00 2.5439291e+00 2.7616787e+00 2.7820739e+00 2.7342971e+00 2.6784240e+00 2.7064223e+00 2.7286117e+00 2.6172447e+00 2.4174228e+00 2.1410280e+00 1.9636196e+00 1.9260581e+00 1.9585240e+00 1.9960325e+00 2.0321805e+00 2.0575667e+00
7.0077683e+00 6.9399142e+00 6.8078811e+00 6.8934538e+00 4.9189940e+00 1.2730333e+00 4.1244568e+00 6.4897079e+00 6.9159637e+00 6.8064111e+00 7.0525220e+00 6.7694022e+00 3.9410883e+00 7.3212523e-02 6.0059692e-02 2.0674646e-01 4.4225981e-01 1.2635972e+00 1.8372622e+00 2.0530478e+00 2.0738490e+00 1.5146319e+00 1.2023104e+00 1.0762557e+00 6.9994465e-01 8.8047130e-01 7.9215985e-01 8.2354153e-01 8.7480957e-01 1.4113704e+00 1.0908436e+00 1.5641718e+00 1.7952240e+00 1.8790270e+00 2.4031730e+00 2.5818426e+00 2.3780991e+00 2.0535356e+00 1.8891052e+00 1.9617355e+00 2.1115340e+00 2.2381137e+00 2.3436255e+00 2.3142203e+00 2.0921527e+00 1.9068775e+00 1.9519533e+00 2.0013788e+00 2.0388552e+00 2.0621749e+00
7.1039457e+00 7.1810647e+00 7.2785418e+00 7.0465515e+00 6.4254739e+00 6.4990208e+00 2.4219485e+00 2.5387056e+00 6.1868025e+00 6.8930724e+00 7.2875733e+00 5.9195700e+00 1.0515145e+00 1.5394794e-03 1.7376237e-01 4.3784259e-01 1.3925476e+00 1.6203742e+00 1.6601612e+00 1.6731394e+00 1.1709204e+00 1.2521005e+00 1.0736530e+00 7.6088284e-01 4.7308510e-01 4.3512206e-01 7.8587787e-01 4.9042092e-01 4.2409721e-01 7.2563615e-01 9.6791053e-01 1.1577511e+00 1.4708850e+00 1.7023624e+00 2.0496148e+00 2.2187933e+00 1.8260591e+00 1.3893883e+00 1.1896471e+00 1.1797237e+00 1.3311127e+00 1.5460165e+00 1.8632531e+00 2.1079197e+00 2.0338680e+00 1.6685790e+00 1.6850736e+00 1.9167215e+00 2.0207975e+00 2.0857027e+00
7.3714621e+00 7.4375813e+00 7.6762562e+00 7.4942334e+00 6.8035630e+00 6.8229254e+00 6.1814883e+00 2.8024101e+00 1.6261727e+00 4.9325078e+00 6.0226480e+00 7.2670404e+00 4.5425057e+00 1.1133100e+00 3.4656801e-01 7.9840299e-01 1.6218159e+00 1.5819448e+00 1.6194188e+00 1.9034662e+00 8.5219949e-04 0.0000000e+00 9.9811067e-04 7.2855331e-01 4.8250168e-01 2.8049563e-01 5.2607945e-01 3.9514790e-01 3.6625138e-01 6.5766125e-01 8.2058613e-01 5.6774150e-01 5.4916578e-01 1.0968538e+00 1.4535004e+00 1.7405865e+00 1.5521166e+00 1.2332617e+00 9.7678195e-01 7.9449375e-01 8.3450722e-01 1.0659332e+00 1.3099925e+00 1.5496930e+00 1.6345915e+00 1.4122688e+00 1.2675372e+00 1.4068610e+00 1.6569153e+00 1.9543132e+00
7.6883501e+00 7.7017251e+00 7.8956361e+00 7.9815316e+00 7.7368568e+00 7.4539132e+00 7.4566379e+00 6.9504137e+00 4.6314781e+00 1.3695080e+00 5.4833453e+00 6.8789725e+00 6.0170907e+00 3.0885501e+00 4.0507938e-01 9.7917301e-01 1.2986528e+00 1.3051098e+00 1.5495994e+00 1.4474419e+00 9.5262060e-04 0.0000000e+00 7.6092127e-01 8.1899454e-01 4.9966262e-01 2.9032651e-01 3.1786648e-01 4.5422674e-01 4.5332622e-01 6.9092677e-01 6.5577934e-01 6.4044738e-01 5.8736010e-01 5.1796979e-01 8.4293350e-01 1.4663569e+00 1.4118147e+00 1.3713720e+00 1.1565894e+00 7.2603005e-01 7.7746128e-01 9.6633070e-01 1.0532796e+00 1.0632058e+00 1.1445141e+00 1.2008948e+00 1.1414655e+00 1.1474047e+00 1.3310414e+00 1.5879869e+00
7.8623929e+00 7.7493023e+00 7.9038533e+00 8.0783387e+00 7.7893965e+00 7.6411233e+00 7.2559270e+00 5.4836385e+00 4.7601465e+00 4.6444272e+00 7.4762750e+00 8.0453275e+00 4.5304116e+00 2.3278030e-01 3.4946574e-01 5.9941955e-01 9.3687515e-01 8.7625767e-01 7.3766108e-01 9.0240136e-01 9.5172766e-01 3.9895697e-01 2.7647378e-01 4.6708606e-01 5.3815749e-01 3.6247383e-01 7.2962101e-02 5.3605524e-02 4.6751154e-01 7.2901206e-01 7.1326937e-01 6.9442156e-01 7.0067832e-01 5.8999176e-01 1.0451613e+00 1.3388732e+00 1.5499170e+00 1.1704748e+00 1.1001084e+00 9.1507835e-01 1.1637232e+00 1.1129824e+00 1.0109889e+00 8.4552755e-01 7.7716307e-01 8.4973414e-01 1.1670579e+00 1.3644228e+00 1.5104743e+00 1.6117596e+00
7.8339574e+00 7.2952345e+00 6.8696446e+00 7.3893195e+00 6.9530084e+00 5.8022639e+00 4.8999743e+00 4.2677302e+00 4.6046351e+00 5.3449067e+00 7.3956728e+00 6.5260864e+00 6.2170707e-01 8.8169805e-02 1.5170268e-01 1.6693100e-01 8.0245477e-01 6.7198172e-01 2.3126885e-01 5.1308995e-01 6.9998417e-01 2.7366249e-01 4.5216704e-01 4.0200201e-01 4.5989496e-01 4.9464827e-01 4.4168496e-01 1.3076119e-01 3.0147001e-01 4.7089395e-01 5.8333726e-01 4.9846832e-01 3.2958320e-01 7.0761013e-01 8.2572545e-01 5.8308770e-01 1.1978954e+00 5.5207139e-01 8.3642971e-01 9.5328633e-01 1.1926359e+00 1.3738025e+00 9.8583474e-01 8.6110350e-01 7.4831454e-01 4.2917156e-01 7.3570300e-01 1.7908694e+00 1.7763359e+00 1.8720900e+00
