presentation/data/depth_0012.asc
ncols     164
nrows     146
xllcorner -1.242151388888889e+02
yllcorner  4.172986111111111e+01
cellsize  2.777777777820000e-04
nodata_value       -9999
[rows 66 to 87 of 146, columns 50 to 99 of 164]
0.0000000e+00 0.0000000e+00 0.0000000e+00 0.0000000e+00 0.0000000e+00 0.0000000e+00 0.0000000e+00 0.0000000e+00 0.0000000e+00 0.0000000e+00 0.0000000e+00 0.0000000e+00 0.0000000e+00 0.0000000e+00 0.0000000e+00 0.0000000e+00 0.0000000e+00 0.0000000e+00 0.0000000e+00 0.0000000e+00 0.0000000e+00 9.5505141e-02 7.5586537e-01 1.1096102e+00 1.1568004e+00 9.9388042e-01 9.9158946e-01 1.1232572e+00 1.5419241e+00 2.0238111e+00 3.0814483e+00 4.2152389e+00 3.0025522e+00 1.3868946e+00 1.1573941e+00 1.2124117e+00 1.2348853e+00 1.1585750e+00 1.0280849e+00 9.2873186e-01 9.4873441e-01 9.2309124e-01 9.0058814e-01 9.0547104e-01 8.9348906e-01 8.9263919e-01 8.8401528e-01 8.7532766e-01 8.5243790e-01 8.2207268e-01
0.0000000e+00 0.0000000e+00 0.0000000e+00 0.0000000e+00 0.0000000e+00 0.0000000e+00 0.0000000e+00 0.0000000e+00 0.0000000e+00 0.0000000e+00 0.0000000e+00 0.0000000e+00 0.0000000e+00 0.0000000e+00 1.9892675e-03 0.0000000e+00 0.0000000e+00 0.0000000e+00 0.0000000e+00 0.0000000e+00 0.0000000e+00 5.3517356e-01 9.7032483e-01 1.1461613e+00 1.1591067e+00 1.0369646e+00 1.0651768e+00 1.4352096e+00 3.9443976e+00 4.9202195e+00 4.1306252e+00 2.1610193e+00 1.2179969e+00 1.2905798e+00 1.3782511e+00 1.3638010e+00 1.3513390e+00 1.3862610e+00 1.4024611e+00 1.4355821e+00 1.4678188e+00 1.4223138e+00 1.3606437e+00 1.3019025e+00 1.2340969e+00 1.1777558e+00 1.0912871e+00 9.9238089e-01 9.0577237e-01 8.0773117e-01
0.0000000e+00 0.0000000e+00 0.0000000e+00 0.0000000e+00 0.0000000e+00 0.0000000e+00 0.0000000e+00 0.0000000e+00 0.0000000e+00 0.0000000e+00 8.5800513e-02 3.5161695e-01 4.4595770e-01 4.1857220e-01 2.6853247e-01 5.9302316e-02 0.0000000e+00 0.0000000e+00 0.0000000e+00 0.0000000e+00 4.3004831e-01 9.2853332e-01 1.0721266e+00 1.1028284e+00 1.0917984e+00 1.0355710e+00 1.1228832e+00 2.4982948e+00 4.9048379e+00 3.4926816e+00 1.7317560e+00 1.1397945e+00 1.2736849e+00 1.4221512e+00 1.5264999e+00 1.5606947e+00 1.5082555e+00 1.5430960e+00 1.6183077e+00 1.7280264e+00 1.7783583e+00 1.7733530e+00 1.7695389e+00 1.7482889e+00 1.7072293e+00 1.6201052e+00 1.5604452e+00 1.5088710e+00 1.4034123e+00 1.3379341e+00
0.0000000e+00 0.0000000e+00 0.0000000e+00 0.0000000e+00 0.0000000e+00 0.0000000e+00 1.7568152e-03 2.3032677e-01 1.6754502e-01 1.3381113e-01 6.5790622e-01 9.4850809e-01 9.0216249e-01 7.1891575e-01 6.2188396e-01 4.3143544e-01 1.2145814e-01 8.7067341e-03 7.1075770e-04 4.9010763e-02 8.0351199e-01 1.1480580e+00 1.0733167e+00 1.0126958e+00 9.9353873e-01 1.0134651e+00 1.1498543e+00 3.2865923e+00 4.8456969e+00 2.7844551e+00 1.5463945e+00 1.2048757e+00 1.3550696e+00 1.4583352e+00 1.5436365e+00 1.5597396e+00 1.5835115e+00 1.6258680e+00 1.7025713e+00 1.7827972e+00 1.8729249e+00 1.8990041e+00 1.9178768e+00 1.9382981e+00 1.9226968e+00 1.8734501e+00 1.8732960e+00 1.8743072e+00 1.8236358e+00 1.7879106e+00
0.0000000e+00 0.0000000e+00 0.0000000e+00 0.0000000e+00 0.0000000e+00 0.0000000e+00 8.5668168e-02 2.8970247e-01 6.1293743e-01 7.1761881e-01 7.4691667e-01 8.5768376e-01 1.0428266e+00 8.7597151e-01 9.5285498e-01 1.0548142e+00 6.8766112e-01 2.1071319e-01 7.3259402e-02 2.6055017e-01 7.3622805e-01 9.3955591e-01 8.9596530e-01 8.3206060e-01 8.4843677e-01 9.0143559e-01 1.1024783e+00 2.3601940e+00 5.2713368e+00 4.8177756e+00 3.3242795e+00 1.3892613e+00 1.3640581e+00 1.3930428e+00 1.4307462e+00 1.4915821e+00 1.6192736e+00 1.7416693e+00 1.8081420e+00 1.8606653e+00 1.8948226e+00 1.9358009e+00 1.9528849e+00 1.9574884e+00 1.9599787e+00 1.9598204e+00 1.9898564e+00 2.0074228e+00 1.9931247e+00 1.9378263e+00
0.0000000e+00 0.0000000e+00 0.0000000e+00 2.3475556e-03 3.7591710e-03 9.1343335e-04 2.8855807e-01 2.8763663e-01 4.3743303e-01 7.9337169e-01 5.7918225e-01 0.0000000e+00 5.9637831e-01 8.8657909e-01 1.0234643e+00 1.1827901e+00 9.9942875e-01 3.5200239e-01 3.6682665e-01 5.2276999e-01 4.5866454e-01 4.7132128e-01 6.0368772e-01 4.1376064e-01 2.9036666e-01 2.5566121e-01 5.5329295e-01 1.0559686e+00 3.7727254e+00 5.4531371e+00 4.1482478e+00 1.3267525e+00 1.3138186e+00 1.4533719e+00 1.4797798e+00 1.4649813e+00 1.5808920e+00 1.7115953e+00 1.8056164e+00 1.8722820e+00 1.9150369e+00 1.9481457e+00 1.9658885e+00 1.9743069e+00 1.9840426e+00 1.9791221e+00 1.9910057e+00 2.0054185e+00 1.9948916e+00 1.9833375e+00
9.9882359e-04 0.0000000e+00 9.3298491e-04 3.3038694e-01 5.8626868e-01 7.5415515e-01 5.8978064e-01 9.1421722e-02 6.2659002e-02 3.3250513e-01 8.3202096e-01 8.7558794e-01 9.6439262e-01 8.4897193e-01 9.7440768e-01 6.7726126e-01 7.5697826e-01 6.2765545e-01 4.8473068e-01 3.9899044e-01 6.0863611e-01 5.3765417e-01 5.0094956e-01 2.8629255e-01 4.7868154e-02 2.7691905e-02 5.2594798e-02 1.0177060e+00 2.0108823e+00 4.3738437e+00 3.1450832e+00 9.8871115e-01 1.4380926e+00 1.6254949e+00 1.7698407e+00 1.5296060e+00 1.5219781e+00 1.5800845e+00 1.6561161e+00 1.7475764e+00 1.8320183e+00 1.8861534e+00 1.9194937e+00 1.9392829e+00 1.9457610e+00 1.9507355e+00 1.9554645e+00 1.9603907e+00 1.9619453e+00 1.9610814e+00
3.7431734e-02 2.3743002e-02 4.0048776e-01 6.5965823e-01 5.3100144e-01 7.9442280e-01 5.6693366e-01 1.2615309e-01 7.7867373e-04 3.7083958e-02 7.5503384e-01 1.0495086e+00 1.0844186e+00 9.2657457e-01 7.1455930e-01 7.1565633e-01 4.9208832e-01 2.9656096e-01 2.5551366e-01 1.8196907e-01 5.0958247e-01 5.1531051e-01 4.3755308e-01 3.6503093e-01 2.8298080e-01 7.6460566e-02 8.1293050e-04 9.0513796e-01 2.4697019e+00 4.0611137e+00 2.4567694e+00 1.2718603e+00 1.3418378e+00 1.3495362e+00 1.8262085e+00 1.9361531e+00 2.0095144e+00 2.4626354e+00 2.5368254e+00 2.2334168e+00 2.2650509e+00 2.2987978e+00 2.3347714e+00 2.3542833e+00 2.3862852e+00 2.1468309e+00 1.9287209e+00 1.9067542e+00 1.8819597e+00 1.8809760e+00
8.5264972e-02 3.8772932e-01 2.5509993e-01 3.6293154e-01 7.3469383e-01 8.1785435e-01 7.5022738e-01 8.1775351e-01 6.0346346e-01 7.1816657e-01 8.3772709e-01 8.1361851e-01 8.2679496e-01 8.8446872e-01 8.1505115e-01 6.4379494e-01 3.0918356e-01 1.3787748e-01 1.6775532e-01 3.9792921e-01 6.1496083e-01 6.1613161e-01 5.0958155e-01 3.5905495e-01 2.0512989e-01 3.7498278e-02 0.0000000e+00 1.0133802e+00 3.5515605e+00 5.1135273e+00 4.4962906e+00 3.3220442e+00 4.0856317e+00 4.2968634e+00 3.7225038e+00 3.7076613e+00 3.7218793e+00 4.6989157e+00 5.4354789e+00 5.4774346e+00 5.4993717e+00 5.5088280e+00 5.5208997e+00 5.4705958e+00 5.4293156e+00 4.8305923e+00 4.4494202e+00 3.7677381e+00 3.2155003e+00 2.8215299e+00
4.5274542e-01 4.2303658e-01 7.2559831e-01 9.6694179e-01 1.0466300e+00 1.0927927e+00 1.2066471e+00 1.3975787e+00 1.3042728e+00 9.9270535e-01 8.2171427e-01 8.2353008e-01 8.9554579e-01 8.7740131e-01 8.6182716e-01 8.8137563e-01 7.5395282e-01 4.5022201e-01 4.5891535e-01 6.2213208e-01 1.0220419e+00 7.4284814e-01 3.6131006e-01 1.8911214e-01 1.2052522e-03 2.3618032e-02 1.3639292e+00 4.2488356e+00 5.3810329e+00 5.5386806e+00 5.6655569e+00 5.4077641e+00 5.6140695e+00 5.5192721e+00 5.4378629e+00 5.4788908e+00 5.5077583e+00 5.6423650e+00 5.8437644e+00 5.9631180e+00 5.9611314e+00 5.8952439e+00 5.6906173e+00 5.5617669e+00 5.7463382e+00 5.8605306e+00 5.8937915e+00 5.8709576e+00 5.6537055e+00 5.4273646e+00
2.5249662e-01 7.9100397e-02 7.6110239e-01 1.4228808e+00 1.5103558e+00 1.6188579e+00 1.5201874e+00 1.3002125e+00 1.1586022e+00 9.1103310e-01 7.2947566e-01 7.9419503e-01 7.1429728e-01 8.8421886e-01 9.0868662e-01 9.3863843e-01 9.7879426e-01 7.6629108e-01 7.7939080e-01 7.7475871e-01 9.6624906e-01 6.0981402e-01 2.0984463e-02 8.4419623e-04 8.2204415e-01 3.8250770e+00 4.8707026e+00 5.4264341e+00 5.5780821e+00 5.5861213e+00 5.7728877e+00 5.8228529e+00 5.6770561e+00 5.5359142e+00 5.5493802e+00 5.6317668e+00 5.7351649e+00 5.7274941e+00 5.8341492e+00 5.9407008e+00 5.9473172e+00 5.8195874e+00 5.4548248e+00 5.0981728e+00 5.6270309e+00 5.9128573e+00 6.0511244e+00 6.1064440e+00 6.1138137e+00 6.1178324e+00
6.9590891e-01 5.1985813e-01 1.1171598e+00 1.3657943e+00 1.3678422e+00 1.6641628e+00 1.3146644e+00 1.1572069e+00 9.8632778e-01 9.4889647e-01 8.3732792e-01 8.0686841e-01 8.3280610e-01 9.3258216e-01 1.0718432e+00 1.0654257e+00 1.1632849e+00 1.0585808e+00 1.0368324e+00 6.1781191e-01 3.2147862e-01 9.1394437e-02 8.2319869e-01 2.8807919e+00 4.8157522e+00 5.5468256e+00 5.1240903e+00 5.1660052e+00 5.5111942e+00 5.7725068e+00 5.9595774e+00 6.0436699e+00 6.0334779e+00 5.9791418e+00 5.9902807e+00 6.0322220e+00 6.0274177e+00 5.8768611e+00 5.9921203e+00 6.1687065e+00 6.1902240e+00 6.1200932e+00 5.9961976e+00 5.9172581e+00 5.9528173e+00 6.1605522e+00 6.3288609e+00 6.3496841e+00 6.3184650e+00 6.3029031e+00
1.0763917e+00 1.1105289e+00 1.1468941e+00 1.2415558e+00 1.5853865e+00 1.6280927e+00 1.2685085e+00 1.0747501e+00 8.8774129e-01 9.3341380e-01 8.0843459e-01 8.7506234e-01 8.9167503e-01 1.0559522e+00 1.1541126e+00 1.1795458e+00 1.1084192e+00 7.6062851e-01 4.1472709e-01 1.8532950e-01 5.4161918e-01 3.0662105e+00 4.4711387e+00 5.3195942e+00 5.6911623e+00 5.4726447e+00 5.1078702e+00 5.4186366e+00 5.9012124e+00 5.9838604e+00 6.2253532e+00 6.2817686e+00 6.2707830e+00 6.3161103e+00 6.3696343e+00 6.3487642e+00 6.2079959e+00 6.1963474e+00 6.3502091e+00 6.4300409e+00 6.4745833e+00 6.4882524e+00 6.4725695e+00 6.5173275e+00 6.5462832e+00 6.4568706e+00 6.6486630e+00 6.7553558e+00 6.6509213e+00 6.5474114e+00
1.3449798e+00 8.0293191e-01 7.6589914e-01 9.1248114e-01 1.0867197e+00 1.1655114e+00 9.8376359e-01 9.2626701e-01 7.9692111e-01 7.0678570e-01 7.7636479e-01 8.4782622e-01 9.6211281e-01 1.0840425e+00 1.0846887e+00 8.6708823e-01 3.2500572e-01 1.5095811e-01 4.0027588e-01 2.4360764e+00 4.4675139e+00 5.9227614e+00 5.6528233e+00 5.5669043e+00 5.9672762e+00 5.8411771e+00 5.7961312e+00 6.1426022e+00 6.6998180e+00 6.6827683e+00 6.8147816e+00 6.6144387e+00 6.5015679e+00 6.4670097e+00 6.5930649e+00 6.8288035e+00 6.6810555e+00 6.4823744e+00 6.6104429e+00 6.8007680e+00 6.9988851e+00 6.9817699e+00 7.0089858e+00 6.9189333e+00 6.9628202e+00 6.9935333e+00 6.9306871e+00 7.0725941e+00 7.3310244e+00 7.2205512e+00
9.7511120e-01 7.2391350e-01 6.4079264e-01 5.4371952e-01 3.8957490e-01 9.2301603e-01 1.2265678e+00 7.3734721e-01 7.6739058e-01 4.2264783e-01 7.3303395e-01 7.7877827e-01 8.7084410e-01 7.9196921e-01 3.1107532e-01 1.2651133e-01 4.0100257e-01 2.3340476e+00 4.7372038e+00 5.6035850e+00 6.1092378e+00 6.1599173e+00 6.2470713e+00 6.5436243e+00 6.6864285e+00 6.8265003e+00 6.9484917e+00 7.3237631e+00 7.3986010e+00 7.1735619e+00 7.1513065e+00 7.0478879e+00 6.8971030e+00 6.7528738e+00 6.9044981e+00 7.1313379e+00 7.2541705e+00 7.2752511e+00 7.2217054e+00 7.2813439e+00 7.3103273e+00 7.3583621e+00 7.5596444e+00 7.6774190e+00 7.6670471e+00 7.5986324e+00 7.6889956e+00 7.6345282e+00 7.7171503e+00 7.7093145e+00
7.1080881e-01 5.0242231e-01 4.0653115e-01 3.1015858e-01 6.8284117e-02 1.1236229e+00 1.3834409e+00 1.2749830e+00 6.5392535e-01 8.7243261e-01 1.0408906e+00 6.4464601e-01 4.3899102e-01 2.1334945e-01 3.2102387e-01 1.5136197e+00 4.2003789e+00 5.6383305e+00 5.7836296e+00 6.0039092e+00 6.2909132e+00 6.4753590e+00 6.7492653e+00 7.0128556e+00 7.0521522e+00 7.1897625e+00 7.4907340e+00 7.9036945e+00 7.9096176e+00 7.5808738e+00 7.4509563e+00 7.5160972e+00 7.3886304e+00 7.1033035e+00 7.1950084e+00 7.3403560e+00 7.4683314e+00 7.6956444e+00 7.7987741e+00 7.7415105e+00 7.7022838e+00 7.6440205e+00 7.6811921e+00 8.0775596e+00 8.2676535e+00 8.0745805e+00 8.0551710e+00 8.0648343e+00 8.1593214e+00 8.2122872e+00
3.6261878e-01 2.6357716e-01 2.4259924e-01 1.7530189e-01 7.3905391e-02 3.8388814e-01 1.6422046e+00 1.7562319e+00 1.3228342e+00 2.7797783e-01 5.7527739e-01 2.8569744e-01 1.5128158e-01 1.1892489e+00 3.8981647e+00 5.1491741e+00 5.5082188e+00 5.7946799e+00 5.9555700e+00 6.2443638e+00 6.5269231e+00 6.6930500e+00 6.8824855e+00 6.9454264e+00 7.2085178e+00 7.5814173e+00 7.6933988e+00 7.5806417e+00 7.8039847e+00 7.5944853e+00 7.5793510e+00 7.6485707e+00 7.7498894e+00 7.7977951e+00 7.7473613e+00 7.5605945e+00 7.4667327e+00 7.6108431e+00 7.8450808e+00 8.0401540e+00 8.1298818e+00 8.0238665e+00 7.9203731e+00 8.0325442e+00 8.3166510e+00 8.4011502e+00 8.3882359e+00 8.4205934e+00 8.5062086e+00 8.5141339e+00
0.0000000e+00 2.2238870e-01 1.2632322e-01 0.0000000e+00 0.0000000e+00 0.0000000e+00 3.0094601e-01 8.5863318e-01 2.0184684e-01 7.8342282e-02 1.0969202e-01 5.3957968e-01 3.7483378e+00 5.0165530e+00 5.3298780e+00 5.5832973e+00 5.8624975e+00 6.1962196e+00 6.2094517e+00 6.3756009e+00 6.6763392e+00 6.7402165e+00 6.7898633e+00 6.9026353e+00 7.1444569e+00 7.7689857e+00 7.8404831e+00 7.5932299e+00 7.8525454e+00 7.4649844e+00 7.4807656e+00 7.6215720e+00 7.8246898e+00 8.0811828e+00 8.1500564e+00 7.8229268e+00 7.6520934e+00 7.6776994e+00 7.7423186e+00 8.1637483e+00 8.4602772e+00 8.3867310e+00 8.2740045e+00 8.2526543e+00 8.4180113e+00 8.6100666e+00 8.6503241e+00 8.7285148e+00 8.7732879e+00 8.6589769e+00
0.0000000e+00 2.0778686e-01 2.0950958e-01 0.0000000e+00 0.0000000e+00 0.0000000e+00 2.3899984e-01 4.3538746e-01 2.6374750e-01 5.7742466e-02 2.4529287e-01 1.4892304e+00 3.6617634e+00 5.6396231e+00 5.8668903e+00 5.8942637e+00 6.2150208e+00 6.3495175e+00 6.3008220e+00 6.3035899e+00 6.5032840e+00 6.5532449e+00 6.6787264e+00 6.8281338e+00 7.0252854e+00 7.3490887e+00 7.1424081e+00 7.0756844e+00 8.0593330e+00 7.8835905e+00 7.7301251e+00 7.9225239e+00 7.6273720e+00 8.0036423e+00 8.1135375e+00 8.0404819e+00 8.2312747e+00 8.5980560e+00 8.0652332e+00 8.2255329e+00 8.3621087e+00 8.4832294e+00 8.5598542e+00 8.5865987e+00 8.6046291e+00 8.6057720e+00 8.6236428e+00 8.7872130e+00 8.9837079e+00 8.8821840e+00
0.0000000e+00 0.0000000e+00 2.3085656e-01 1.1561224e-01 0.0000000e+00 5.2171535e-01 1.0419813e+00 9.3947919e-02 3.4120358e-01 2.6257157e-01 1.4270313e+00 2.6255539e+00 4.6992152e+00 5.0325214e+00 5.8977133e+00 6.1818400e+00 6.4329059e+00 6.3292410e+00 6.3647137e+00 6.3982471e+00 6.3666490e+00 6.3636929e+00 6.5879777e+00 6.7459975e+00 6.8741607e+00 6.9809678e+00 6.7744983e+00 6.5644768e+00 6.8764027e+00 7.8268094e+00 7.9036050e+00 7.8927072e+00 7.7370487e+00 7.8744107e+00 8.0381163e+00 8.2221128e+00 8.5205880e+00 8.8469859e+00 8.7786358e+00 8.7017073e+00 8.6336535e+00 8.6134724e+00 8.6454899e+00 8.8400373e+00 8.8976515e+00 8.8060275e+00 8.6399329e+00 8.7258654e+00 8.9254798e+00 8.9556529e+00
0.0000000e+00 0.0000000e+00 1.1837343e-01 1.6749045e-01 8.4433352e-01 2.4856206e+00 3.7026471e+00 3.3261975e+00 3.1255521e+00 3.8158275e+00 4.5007922e+00 5.1086785e+00 5.4223134e+00 5.1953365e+00 5.5301359e+00 6.0804496e+00 6.4540395e+00 6.5136889e+00 6.4151361e+00 6.3676759e+00 6.3434249e+00 6.4563007e+00 6.6639892e+00 6.7457439e+00 6.8455523e+00 6.8072222e+00 6.7781839e+00 6.6450060e+00 6.8851060e+00 7.6790438e+00 7.9646504e+00 8.1504355e+00 8.1636833e+00 7.9493081e+00 8.0557020e+00 8.2991644e+00 8.5258555e+00 8.7252098e+00 8.8649238e+00 8.8037302e+00 8.9049752e+00 8.9899368e+00 8.6676917e+00 8.7517488e+00 9.0688434e+00 8.8282127e+00 8.7170979e+00 8.5696111e+00 8.7389555e+00 8.8352110e+00
8.5498958e-04 9.1721595e-04 9.2332278e-04 6.1148654e-02 7.9538523e-01 2.5942324e+00 5.4446138e+00 5.4392244e+00 5.1914650e+00 5.0596679e+00 5.2293698e+00 5.4006795e+00 5.6316959e+00 5.5733181e+00 5.7427829e+00 6.0462870e+00 6.1972456e+00 6.6883675e+00 6.6143527e+00 6.5702743e+00 6.6335466e+00 6.7459128e+00 6.8781454e+00 6.6591291e+00 6.8519634e+00 7.0362347e+00 7.2291273e+00 7.2422296e+00 7.2780254e+00 7.8782057e+00 7.9516414e+00 7.8248280e+00 7.9206648e+00 7.9841494e+00 8.2472522e+00 8.1299266e+00 8.2405311e+00 8.4021205e+00 8.4761121e+00 8.1114765e+00 8.2857201e+00 8.3372981e+00 8.0283845e+00 8.1849049e+00 8.6472873e+00 7.9944531e+00 7.5405919e+00 7.2188174e+00 7.8857351e+00 8.5404373e+00
