presentation/data/depth_0004.asc
ncols     164
nrows     146
xllcorner -1.242151388888889e+02
yllcorner  4.172986111111111e+01
cellsize  2.777777777820000e-04
nodata_value       -9999
[rows 110 to 131 of 146, columns 100 to 149 of 164]
7.1402344e+00 7.1164487e+00 7.1328896e+00 7.1212942e+00 7.0511230e+00 7.1096945e+00 4.2112698e+00 1.5242676e+00 2.9582687e-01 9.8821461e-04 0.0000000e+00 0.0000000e+00 0.0000000e+00 1.1412345e+00 2.2979627e+00 2.8545980e+00 3.1039308e+00 2.8823191e+00 2.9869392e+00 4.4883325e+00 5.3513629e+00 5.5589225e+00 5.7230886e+00 5.6356346e+00 5.1307838e+00 5.2644045e+00 5.2526682e+00 5.3876146e+00 5.4428193e+00 5.6658270e+00 5.5292067e+00 4.9335455e+00 5.2338961e+00 5.8163467e+00 6.3406160e+00 6.5163777e+00 6.5315112e+00 6.2803069e+00 6.2457737e+00 6.3612075e+00 6.5172459e+00 6.5749488e+00 6.6456645e+00 6.8347807e+00 6.9159512e+00 6.9822869e+00 7.0246513e+00 6.9064992e+00 6.8090741e+00 6.6388757e+00
7.2274220e+00 7.2668088e+00 7.2399718e+00 7.2078594e+00 7.1294073e+00 7.2337688e+00 7.1556102e+00 5.2555870e+00 3.6925586e+00 3.4797004e+00 1.8267359e+00 2.2002604e+00 2.7494091e+00 3.1029650e+00 3.0541161e+00 3.0896313e+00 3.5413189e+00 3.5793696e+00 3.4662890e+00 4.6408846e+00 5.4092453e+00 5.5608612e+00 5.7550435e+00 5.7684644e+00 5.2276525e+00 5.0266660e+00 4.9450122e+00 5.3861492e+00 5.5837261e+00 5.8461277e+00 5.9335132e+00 5.7909193e+00 5.7803154e+00 6.0130249e+00 6.6781306e+00 6.9710170e+00 6.8819772e+00 6.6732642e+00 6.4810626e+00 6.5329381e+00 6.7310759e+00 6.7843059e+00 6.7287446e+00 6.8085148e+00 6.9051514e+00 6.9955799e+00 7.1527946e+00 7.0964917e+00 6.9269145e+00 6.8145823e+00
7.3233747e+00 7.3974938e+00 7.4348893e+00 7.3967730e+00 7.3697257e+00 7.2840649e+00 7.4021383e+00 7.7562855e+00 7.4310330e+00 6.3476474e+00 5.3553745e+00 5.2436177e+00 5.4676200e+00 5.0188083e+00 3.9360187e+00 3.6149192e+00 4.1143176e+00 4.2737735e+00 4.4895278e+00 5.2801416e+00 5.6364232e+00 5.4547080e+00 5.5547022e+00 5.6068572e+00 5.4147719e+00 5.3828464e+00 4.9013331e+00 5.5361535e+00 5.8928496e+00 6.2340152e+00 6.5837025e+00 6.7414852e+00 6.4313405e+00 6.1501725e+00 6.6586358e+00 7.1065163e+00 7.1318875e+00 6.9211234e+00 6.6547666e+00 6.6253652e+00 6.8769777e+00 6.8551835e+00 6.8219971e+00 6.8219485e+00 6.8671492e+00 6.9246525e+00 7.0840862e+00 7.1329091e+00 7.0560834e+00 7.0215900e+00
7.4865735e+00 7.5581713e+00 7.6025905e+00 7.6159441e+00 7.6106789e+00 7.5647857e+00 7.5051207e+00 7.5067043e+00 7.3221707e+00 6.8127257e+00 7.1705034e+00 6.9754768e+00 6.7401506e+00 6.1606382e+00 5.2135981e+00 4.9488033e+00 5.1341226e+00 5.4304345e+00 5.8504784e+00 6.2605741e+00 6.2009723e+00 5.8415131e+00 5.6380464e+00 5.6944978e+00 5.8164383e+00 6.1893189e+00 5.7976025e+00 6.0777012e+00 6.3240968e+00 6.6077999e+00 7.0320366e+00 7.5593483e+00 7.0112720e+00 6.6886433e+00 7.0312334e+00 7.4100602e+00 7.4880622e+00 7.2238007e+00 6.9527258e+00 6.8654918e+00 6.9446876e+00 6.9106290e+00 6.8762934e+00 6.8574597e+00 6.9099475e+00 7.0016683e+00 7.1378166e+00 7.1962253e+00 7.1757480e+00 7.1683550e+00
7.6729524e+00 7.7620806e+00 7.8041967e+00 7.8588875e+00 7.8841414e+00 7.8493639e+00 7.7963249e+00 7.7325834e+00 7.6322961e+00 7.5757900e+00 8.0457787e+00 7.7081973e+00 7.6467925e+00 7.4364688e+00 6.9572158e+00 6.6326824e+00 6.6725552e+00 6.7013499e+00 7.0039821e+00 7.1776084e+00 7.0314362e+00 6.4869069e+00 6.0304519e+00 6.0875304e+00 6.3969156e+00 6.6415085e+00 6.6161359e+00 6.7327889e+00 6.8759294e+00 6.9003390e+00 6.9128376e+00 7.2976498e+00 7.1696090e+00 7.1368970e+00 7.4607534e+00 7.8871187e+00 8.1045231e+00 7.6521711e+00 7.1741205e+00 7.0964104e+00 7.0690393e+00 6.9786066e+00 6.9871192e+00 6.9627053e+00 7.0148385e+00 7.1444277e+00 7.2531174e+00 7.3284332e+00 7.2861274e+00 7.2065774e+00
7.9148483e+00 7.9919367e+00 8.0366845e+00 8.0724642e+00 8.1109194e+00 8.0913242e+00 8.0767568e+00 8.0081847e+00 7.9195338e+00 7.9158207e+00 7.8904411e+00 8.1390065e+00 8.7679628e+00 8.6702524e+00 8.4180852e+00 8.1892159e+00 7.8283675e+00 7.7805774e+00 8.1644617e+00 8.2580691e+00 8.0010417e+00 7.3716876e+00 6.8619832e+00 6.7880024e+00 7.0202722e+00 7.2219072e+00 7.2794747e+00 7.4060544e+00 7.4816717e+00 7.2781399e+00 7.1213517e+00 7.2389817e+00 7.2815717e+00 7.4130527e+00 7.7375865e+00 8.2549817e+00 8.5943490e+00 8.0731465e+00 7.5005915e+00 7.4286092e+00 7.3610576e+00 7.2146656e+00 7.1827959e+00 7.1330838e+00 7.1921360e+00 7.3403705e+00 7.4169148e+00 7.4885737e+00 7.4083247e+00 7.2744355e+00
8.1472668e+00 8.1391533e+00 8.2221264e+00 8.3544393e+00 8.3977546e+00 8.4595546e+00 8.3411766e+00 8.3005506e+00 8.1804291e+00 8.2797464e+00 8.3718317e+00 8.9594124e+00 9.7233353e+00 9.4627862e+00 9.1926565e+00 8.6956093e+00 7.9804918e+00 8.0803248e+00 8.9818027e+00 8.9607639e+00 8.4756662e+00 7.9356551e+00 7.5244936e+00 7.4430690e+00 7.5914988e+00 7.7089887e+00 8.0073193e+00 7.7263247e+00 7.6818906e+00 7.4520540e+00 7.2780359e+00 7.2426618e+00 7.2968419e+00 7.4934964e+00 7.7366255e+00 8.1940698e+00 8.4413093e+00 8.1330882e+00 7.7027877e+00 7.6639611e+00 7.7090574e+00 7.5901573e+00 7.3624264e+00 7.2521039e+00 7.4003277e+00 7.6340815e+00 7.5340977e+00 7.5204905e+00 7.4419111e+00 7.3430311e+00
8.1767694e+00 8.3489997e+00 8.4170900e+00 8.5227772e+00 8.6354126e+00 8.6391067e+00 8.6009374e+00 8.4614905e+00 8.3180655e+00 8.5609149e+00 8.9367473e+00 9.1350508e+00 8.9120000e+00 8.8794528e+00 8.7997266e+00 8.5103020e+00 7.6857122e+00 6.9096317e+00 8.6415509e+00 8.9281214e+00 8.6718982e+00 8.4023052e+00 8.2713684e+00 8.2877621e+00 8.4247327e+00 8.5377937e+00 8.5656140e+00 8.1574551e+00 8.0104680e+00 7.7394321e+00 7.4418605e+00 7.2553558e+00 7.2214440e+00 7.4344992e+00 7.7175621e+00 7.9501188e+00 8.0730378e+00 7.9312069e+00 7.7082899e+00 7.5507888e+00 7.7284796e+00 7.7641214e+00 7.7332984e+00 7.5455592e+00 7.6190490e+00 7.7740501e+00 7.6410509e+00 7.5398255e+00 7.4720955e+00 7.4176053e+00
8.4656523e+00 8.6347642e+00 8.7421946e+00 8.7299336e+00 8.7566036e+00 8.8931978e+00 8.8405239e+00 8.5850000e+00 8.8390831e+00 9.4351984e+00 9.6537024e+00 9.7387557e+00 9.1832665e+00 8.9717267e+00 8.2904175e+00 8.9213458e+00 8.9977614e+00 8.0351843e+00 8.2483370e+00 8.3730610e+00 8.4463949e+00 8.5503517e+00 8.7047927e+00 8.9302849e+00 8.9484829e+00 8.9666589e+00 8.8548744e+00 8.6316962e+00 8.3793883e+00 7.9847997e+00 7.6036040e+00 7.3352528e+00 7.2187592e+00 7.4525350e+00 7.6819339e+00 7.7896885e+00 7.8548086e+00 7.8131750e+00 7.7496707e+00 7.6549404e+00 7.7675057e+00 7.8939952e+00 8.0333963e+00 7.8685503e+00 7.8045854e+00 7.7975502e+00 7.6668829e+00 7.5296109e+00 7.4878552e+00 7.4852143e+00
8.7764001e+00 8.4717000e+00 8.8829061e+00 9.3926363e+00 9.6126960e+00 9.2577588e+00 9.0824545e+00 8.5554090e+00 8.5656838e+00 9.8738457e+00 9.7520536e+00 9.7004569e+00 9.9615348e+00 1.0262681e+01 9.7074109e+00 9.8897893e+00 9.6300212e+00 8.7521181e+00 7.5234718e+00 7.5413107e+00 8.1035325e+00 8.5151669e+00 8.8893504e+00 9.2529296e+00 9.2049647e+00 9.1510721e+00 9.0823379e+00 8.9506549e+00 8.7587986e+00 8.2942205e+00 7.8206618e+00 7.6103352e+00 7.5605020e+00 7.7361282e+00 7.9046103e+00 7.8519645e+00 7.8179861e+00 7.7983330e+00 7.7672412e+00 7.7075381e+00 7.7618627e+00 7.8215084e+00 7.9725063e+00 7.9651056e+00 7.8934177e+00 7.8085605e+00 7.6734198e+00 7.5276678e+00 7.5078176e+00 7.5573861e+00
8.9051482e+00 8.9978575e+00 9.1876722e+00 1.0078835e+01 1.1093891e+01 1.0788539e+01 1.0794597e+01 9.4263736e+00 8.3779918e+00 9.4395551e+00 9.1920121e+00 9.4632222e+00 1.0066778e+01 1.0326362e+01 1.0362583e+01 1.0182322e+01 9.6445035e+00 8.4144841e+00 6.6986317e+00 7.2919716e+00 8.2461149e+00 8.6450419e+00 9.0453712e+00 9.3701169e+00 9.3546287e+00 9.2651579e+00 9.2076008e+00 9.1796317e+00 9.1574345e+00 8.6878649e+00 8.1986762e+00 8.0146607e+00 7.9882301e+00 8.1233721e+00 8.3032846e+00 8.1708512e+00 8.0104260e+00 7.9320048e+00 7.8834624e+00 7.8408997e+00 7.8191848e+00 7.9307814e+00 8.0165589e+00 8.0283307e+00 7.9714219e+00 7.8884492e+00 7.7981824e+00 7.6877162e+00 7.6695497e+00 7.6869585e+00
9.6642254e+00 9.4616068e+00 9.6763587e+00 1.0298193e+01 1.0697581e+01 1.1505374e+01 1.2461635e+01 1.1868065e+01 1.1087532e+01 1.0609337e+01 9.9739316e+00 1.0052833e+01 1.0186867e+01 1.0144907e+01 1.0272887e+01 1.0256647e+01 1.0045204e+01 9.6055992e+00 9.2482074e+00 8.8094722e+00 8.6956648e+00 8.9840917e+00 9.3111831e+00 9.5172969e+00 9.4905932e+00 9.3328351e+00 9.2262869e+00 9.2096193e+00 9.1476723e+00 8.8281290e+00 8.5283098e+00 8.3683565e+00 8.3720846e+00 8.3946964e+00 8.4210039e+00 8.3441634e+00 8.2480181e+00 8.1774491e+00 8.0723189e+00 8.0265466e+00 7.9869851e+00 8.0772159e+00 8.1422904e+00 8.1595850e+00 8.0901671e+00 8.0201604e+00 7.9461299e+00 7.8799051e+00 7.8661125e+00 7.8506013e+00
1.0340645e+01 1.0306063e+01 1.0362349e+01 1.0540544e+01 1.0472964e+01 1.0714519e+01 1.0943275e+01 1.1349274e+01 1.1045809e+01 1.0625007e+01 1.0320024e+01 1.0345351e+01 1.0196024e+01 1.0099241e+01 1.0117393e+01 1.0215696e+01 1.0320859e+01 1.0267324e+01 1.0108716e+01 9.6220173e+00 9.3114886e+00 9.4383420e+00 9.6482731e+00 9.7628829e+00 9.6872142e+00 9.6091758e+00 9.3593581e+00 9.1944243e+00 9.0845319e+00 8.8868062e+00 8.7219321e+00 8.6252429e+00 8.6423868e+00 8.5769852e+00 8.5315655e+00 8.5131107e+00 8.4860949e+00 8.3654776e+00 8.2414331e+00 8.1694881e+00 8.1720727e+00 8.2237751e+00 8.2940188e+00 8.3468477e+00 8.2623942e+00 8.1977949e+00 8.1247075e+00 8.0747700e+00 8.0511432e+00 8.0388273e+00
1.0779414e+01 1.0957809e+01 1.0780527e+01 1.0681347e+01 9.8798856e+00 9.6458944e+00 1.0686715e+01 1.0591629e+01 1.0486297e+01 1.0269574e+01 1.0137622e+01 1.0486960e+01 1.0176528e+01 9.9975045e+00 9.8991934e+00 9.8295695e+00 1.0339962e+01 1.0365089e+01 1.0155053e+01 9.8671383e+00 9.7092659e+00 9.7897841e+00 9.9907392e+00 1.0084951e+01 9.8720141e+00 9.7713327e+00 9.4965721e+00 9.2261096e+00 9.0852448e+00 8.9494515e+00 8.8557531e+00 8.7977224e+00 8.7575140e+00 8.6559388e+00 8.6035881e+00 8.6250178e+00 8.6451723e+00 8.4751346e+00 8.3559542e+00 8.3063049e+00 8.3173097e+00 8.3494722e+00 8.4082833e+00 8.4428124e+00 8.3695269e+00 8.3087396e+00 8.2565799e+00 8.2310506e+00 8.1958827e+00 8.1719202e+00
1.0731522e+01 1.0973254e+01 1.0863267e+01 1.0662659e+01 1.0172772e+01 9.8780077e+00 1.0272806e+01 1.0358375e+01 1.0131038e+01 1.0050381e+01 1.0155214e+01 1.0337093e+01 9.9476229e+00 9.6845570e+00 9.5637391e+00 9.5818294e+00 1.0091727e+01 1.0223035e+01 1.0125676e+01 9.9411237e+00 9.8644597e+00 1.0034623e+01 1.0287770e+01 1.0235572e+01 9.9499370e+00 9.7368628e+00 9.5176376e+00 9.4032138e+00 9.2347693e+00 9.0684991e+00 9.0052104e+00 8.9811394e+00 8.9971133e+00 8.8321668e+00 8.6362566e+00 8.6323140e+00 8.6345153e+00 8.5595358e+00 8.4859026e+00 8.5095508e+00 8.5158133e+00 8.4571032e+00 8.4841510e+00 8.4998379e+00 8.4733791e+00 8.4422732e+00 8.4047008e+00 8.3856790e+00 8.3725240e+00 8.3297769e+00
1.0511856e+01 1.0682751e+01 1.0720992e+01 1.0821648e+01 1.0935909e+01 1.1200410e+01 1.0766476e+01 1.0365960e+01 1.0277242e+01 1.0250827e+01 1.0243744e+01 9.9867088e+00 9.5717004e+00 9.2698872e+00 9.3551995e+00 9.5569082e+00 9.8650384e+00 1.0042768e+01 1.0040979e+01 9.9371467e+00 9.8743556e+00 1.0118919e+01 1.0319362e+01 1.0198873e+01 9.9896919e+00 9.8212259e+00 9.6699533e+00 9.5305634e+00 9.4081597e+00 9.3452712e+00 9.2911559e+00 9.1971318e+00 9.1841674e+00 8.9887586e+00 8.7776451e+00 8.7172800e+00 8.6671078e+00 8.6135142e+00 8.6221307e+00 8.6598772e+00 8.6531660e+00 8.6326926e+00 8.6464879e+00 8.6527266e+00 8.6428116e+00 8.6222622e+00 8.5858526e+00 8.5711717e+00 8.6302304e+00 8.6063319e+00
1.0541451e+01 1.0433785e+01 1.0467564e+01 1.0817204e+01 1.1236341e+01 1.1530717e+01 1.1272070e+01 1.0858955e+01 1.0787620e+01 1.0897268e+01 1.0402759e+01 9.9949155e+00 9.6856637e+00 9.5322114e+00 9.5701606e+00 9.7137570e+00 9.9435541e+00 1.0087306e+01 1.0108699e+01 1.0069160e+01 1.0068029e+01 1.0216147e+01 1.0328524e+01 1.0233465e+01 1.0089782e+01 9.8329715e+00 9.7858668e+00 9.7072932e+00 9.6218248e+00 9.5819126e+00 9.4978685e+00 9.2690393e+00 9.1946722e+00 9.0698612e+00 8.9293573e+00 8.8399855e+00 8.7562327e+00 8.6770733e+00 8.7195507e+00 8.7623046e+00 8.7711709e+00 8.7536558e+00 8.7637127e+00 8.7647944e+00 8.7780945e+00 8.7832123e+00 8.7136844e+00 8.6629348e+00 8.7230279e+00 8.7427187e+00
1.0499623e+01 1.0446822e+01 1.0378880e+01 1.0822133e+01 1.1160701e+01 1.1508725e+01 1.1608574e+01 1.1254415e+01 1.0973676e+01 1.0694976e+01 1.0089600e+01 1.0081067e+01 1.0033324e+01 9.9704347e+00 9.9753652e+00 1.0076316e+01 1.0162400e+01 1.0247098e+01 1.0281358e+01 1.0270812e+01 1.0310792e+01 1.0432638e+01 1.0474592e+01 1.0382538e+01 1.0205451e+01 1.0071373e+01 1.0052054e+01 9.9984113e+00 9.8504738e+00 9.7591988e+00 9.6148989e+00 9.3991642e+00 9.2671774e+00 9.1596356e+00 9.0687450e+00 8.9958969e+00 8.9489524e+00 8.8770573e+00 8.8883777e+00 8.9214359e+00 8.9144030e+00 8.8948490e+00 8.8687994e+00 8.8510958e+00 8.8867765e+00 8.9231005e+00 8.8345820e+00 8.7733304e+00 8.7989511e+00 8.8428488e+00
1.0570849e+01 1.0469221e+01 1.0443880e+01 1.0779556e+01 1.0954981e+01 1.1342869e+01 1.1523749e+01 1.1351447e+01 1.0994810e+01 1.0619281e+01 1.0325523e+01 1.0406743e+01 1.0511280e+01 1.0468360e+01 1.0422800e+01 1.0457843e+01 1.0466318e+01 1.0480806e+01 1.0479911e+01 1.0472884e+01 1.0548406e+01 1.0693401e+01 1.0696025e+01 1.0587411e+01 1.0435840e+01 1.0323629e+01 1.0342516e+01 1.0340998e+01 1.0121594e+01 9.9336320e+00 9.7513116e+00 9.5485225e+00 9.3867489e+00 9.2928341e+00 9.2494185e+00 9.2085676e+00 9.1474306e+00 9.1174465e+00 9.1081999e+00 9.0924724e+00 9.0713902e+00 9.0622708e+00 8.9949987e+00 8.9378530e+00 8.9470575e+00 8.9614272e+00 8.9185922e+00 8.8794299e+00 8.8798760e+00 8.9629987e+00
1.0748279e+01 1.0829481e+01 1.1113205e+01 1.1355989e+01 1.1089701e+01 1.1299340e+01 1.1663950e+01 1.1393254e+01 1.1121110e+01 1.0881375e+01 1.0743321e+01 1.0796402e+01 1.0993203e+01 1.0984943e+01 1.0964566e+01 1.0941830e+01 1.0839044e+01 1.0757487e+01 1.0730576e+01 1.0745442e+01 1.0752117e+01 1.0899928e+01 1.0920512e+01 1.0848128e+01 1.0638006e+01 1.0414455e+01 1.0409151e+01 1.0404057e+01 1.0256251e+01 1.0073974e+01 9.9119815e+00 9.7305060e+00 9.5606222e+00 9.5205352e+00 9.4991823e+00 9.4688696e+00 9.4232324e+00 9.3671142e+00 9.3336445e+00 9.3200565e+00 9.2573816e+00 9.2236676e+00 9.1691880e+00 9.0823540e+00 9.0455174e+00 9.0461858e+00 9.0647382e+00 9.0154188e+00 8.9608360e+00 9.0871436e+00
1.1023621e+01 1.1013367e+01 1.0698069e+01 1.1629721e+01 1.1515736e+01 1.1180295e+01 1.1583678e+01 1.1565029e+01 1.1343693e+01 1.1287348e+01 1.1317605e+01 1.1135496e+01 1.1187918e+01 1.1296301e+01 1.1456825e+01 1.1548985e+01 1.1281384e+01 1.1010489e+01 1.0937749e+01 1.1002766e+01 1.1093218e+01 1.1218473e+01 1.1140979e+01 1.1027346e+01 1.0833919e+01 1.0398945e+01 1.0390692e+01 1.0416846e+01 1.0325854e+01 1.0220215e+01 1.0123101e+01 1.0051220e+01 9.8721692e+00 9.8147628e+00 9.8026794e+00 9.7771242e+00 9.7064852e+00 9.6345135e+00 9.5570156e+00 9.5244424e+00 9.4188990e+00 9.3408971e+00 9.3220747e+00 9.2670063e+00 9.1556778e+00 9.1683011e+00 9.2299969e+00 9.2481820e+00 9.2092662e+00 9.2143511e+00
1.1246504e+01 1.1447194e+01 1.1335408e+01 1.1038575e+01 1.1467800e+01 1.1620909e+01 1.1894435e+01 1.1581512e+01 1.1361027e+01 1.1220659e+01 1.1132687e+01 1.1083476e+01 1.1222042e+01 1.1397529e+01 1.1700999e+01 1.1965666e+01 1.1576155e+01 1.1104536e+01 1.0993475e+01 1.1085640e+01 1.1355835e+01 1.1549376e+01 1.1260308e+01 1.1005880e+01 1.0793165e+01 1.0482699e+01 1.0443595e+01 1.0503624e+01 1.0425706e+01 1.0361582e+01 1.0286509e+01 1.0219188e+01 1.0137421e+01 1.0090464e+01 1.0064095e+01 1.0137790e+01 9.9488225e+00 9.8118396e+00 9.7276412e+00 9.6320885e+00 9.5178375e+00 9.4354540e+00 9.4774043e+00 9.5003315e+00 9.2677242e+00 9.3032417e+00 9.4187303e+00 9.4752482e+00 9.4221405e+00 9.2590825e+00
