presentation/data/depth_0041.asc
ncols     164
nrows     146
xllcorner -1.242151388888889e+02
yllcorner  4.172986111111111e+01
cellsize  2.777777777820000e-04
nodata_value       -9999
[rows 110 to 131 of 146, columns 0 to 49 of 164]
2.1042616e+01 2.1092763e+01 2.0414608e+01 2.0680128e+01 2.0392000e+01 2.0272400e+01 2.0155277e+01 1.9651133e+01 1.9390839e+01 1.9065115e+01 1.8935638e+01 1.9024133e+01 1.8883650e+01 1.7809245e+01 1.8725893e+01 1.8892275e+01 1.8209856e+01 1.7523439e+01 1.7693065e+01 1.7660747e+01 1.7556945e+01 1.6256476e+01 1.5652743e+01 1.6021529e+01 1.6077405e+01 1.5807851e+01 1.5722745e+01 1.5099220e+01 1.5339628e+01 1.4898583e+01 1.4398323e+01 1.3780900e+01 1.3652671e+01 1.3264659e+01 1.2614256e+01 1.2196585e+01 1.1921950e+01 1.1099999e+01 1.0723347e+01 9.7378864e+00 6.0528969e+00 6.0956027e+00 1.0260900e+01 1.0491120e+01 1.0517509e+01 1.0810858e+01 1.1098742e+01 1.0812547e+01 1.0578878e+01 1.0126531e+01
2.0997522e+01 2.0942875e+01 2.0836558e+01 2.0824470e+01 2.0542949e+01 1.9847667e+01 1.9651802e+01 1.9827903e+01 1.9665971e+01 1.9409238e+01 1.9301022e+01 1.9248671e+01 1.9078911e+01 1.8500865e+01 1.9464157e+01 1.9560317e+01 1.8924431e+01 1.8971791e+01 1.8589344e+01 1.8326925e+01 1.7786909e+01 1.6471687e+01 1.6819389e+01 1.7140702e+01 1.6966812e+01 1.6534631e+01 1.6264054e+01 1.5891526e+01 1.5645285e+01 1.5639672e+01 1.5568519e+01 1.4468886e+01 1.4301803e+01 1.3785527e+01 1.3320545e+01 1.2671394e+01 1.2206814e+01 1.1981680e+01 1.1212150e+01 1.1384010e+01 1.1172017e+01 1.0400391e+01 1.0547956e+01 1.0630691e+01 1.0810361e+01 1.1623056e+01 1.2007047e+01 1.1543087e+01 1.1212804e+01 1.0683105e+01
2.1036020e+01 2.0932546e+01 2.0911406e+01 2.0721276e+01 2.0722458e+01 2.0526214e+01 2.0323253e+01 2.0116010e+01 1.9959315e+01 1.9751338e+01 1.9659064e+01 1.9619828e+01 1.9684020e+01 1.9734177e+01 1.9705841e+01 1.9718203e+01 1.9388684e+01 1.9205851e+01 1.8577421e+01 1.8444534e+01 1.7657275e+01 1.8254252e+01 1.8368870e+01 1.8199660e+01 1.7746605e+01 1.7402803e+01 1.7176774e+01 1.6635870e+01 1.6121016e+01 1.5801790e+01 1.5684619e+01 1.5658267e+01 1.5017804e+01 1.3846224e+01 1.3479319e+01 1.3286078e+01 1.2253702e+01 1.1388683e+01 1.0831911e+01 1.1402227e+01 1.1208777e+01 1.0548050e+01 1.0461123e+01 1.0814449e+01 1.1501646e+01 1.2535596e+01 1.2429156e+01 1.1138360e+01 1.0228730e+01 1.0371901e+01
2.1168807e+01 2.1063087e+01 2.1000264e+01 2.0977875e+01 2.0805532e+01 2.0620591e+01 2.0480677e+01 2.0348637e+01 2.0234281e+01 2.0152186e+01 2.0074991e+01 2.0069887e+01 2.0050246e+01 1.9999712e+01 1.9892708e+01 1.9872339e+01 1.9658005e+01 1.9344333e+01 1.9234629e+01 1.9246521e+01 1.9333068e+01 1.9221317e+01 1.8916830e+01 1.8605000e+01 1.8390720e+01 1.8088818e+01 1.6987688e+01 1.5537762e+01 1.6847556e+01 1.6297856e+01 1.5889083e+01 1.5721125e+01 1.4872849e+01 1.4804608e+01 1.4622979e+01 1.3586791e+01 1.2362757e+01 1.0997571e+01 9.9764214e+00 1.0059520e+01 1.0329894e+01 9.6809386e+00 9.4842842e+00 1.0764127e+01 1.2419460e+01 1.2884312e+01 1.2962889e+01 1.2761149e+01 1.2201413e+01 1.2938382e+01
2.1257338e+01 2.1174519e+01 2.1100607e+01 2.1033347e+01 2.0924322e+01 2.0798694e+01 2.0710672e+01 2.0653314e+01 2.0632676e+01 2.0577247e+01 2.0440636e+01 2.0392023e+01 1.8961171e+01 1.7573287e+01 2.0430733e+01 1.9978984e+01 1.9765192e+01 1.9702089e+01 1.9639593e+01 1.9604541e+01 1.9701365e+01 1.9578530e+01 1.9319113e+01 1.9047448e+01 1.8837316e+01 1.8605234e+01 1.8194531e+01 1.7824841e+01 1.7812382e+01 1.6378837e+01 1.6483214e+01 1.5228923e+01 1.5385719e+01 1.4871108e+01 1.4919574e+01 1.1556862e+01 1.1866626e+01 1.0682594e+01 7.1255774e+00 1.0787281e+01 1.0921506e+01 1.0612351e+01 9.6398877e+00 1.1895510e+01 1.3233870e+01 1.3485440e+01 1.2603704e+01 1.3547986e+01 1.3603432e+01 1.3603732e+01
2.1377863e+01 2.1301045e+01 2.1237248e+01 2.1145051e+01 2.1085403e+01 2.1011258e+01 2.0939757e+01 2.0875721e+01 2.0387279e+01 1.5042733e+01 2.0601536e+01 2.0678129e+01 2.0713714e+01 2.0526797e+01 2.0570602e+01 2.0337728e+01 2.0148182e+01 2.0060578e+01 2.0044945e+01 2.0129232e+01 2.0235623e+01 2.0166504e+01 1.9958649e+01 1.9405650e+01 1.9397303e+01 1.8823048e+01 1.9105972e+01 1.9105554e+01 1.8968393e+01 1.7782342e+01 1.7303462e+01 1.5034251e+01 1.5771507e+01 1.6667368e+01 1.5135794e+01 1.0485290e+01 9.8104184e+00 1.1233695e+01 1.2006638e+01 1.1072308e+01 1.1385420e+01 1.1833940e+01 1.2550536e+01 1.3461904e+01 1.3386407e+01 1.4203835e+01 1.3712097e+01 1.4042765e+01 1.4047791e+01 1.4234116e+01
2.1491932e+01 2.1443196e+01 2.1388122e+01 2.1305720e+01 2.1242112e+01 2.1190408e+01 2.1144856e+01 2.1072566e+01 2.0906897e+01 1.8576324e+01 2.0853973e+01 2.0983326e+01 2.0847261e+01 2.0727586e+01 2.0594069e+01 2.0483472e+01 2.0398003e+01 2.0327992e+01 2.0275251e+01 2.0476113e+01 1.9566155e+01 2.0335707e+01 2.0141335e+01 1.9917918e+01 1.9478787e+01 1.9503633e+01 1.8693786e+01 1.9485591e+01 1.9422816e+01 1.9261556e+01 1.8116980e+01 1.7974044e+01 1.7763198e+01 1.7287148e+01 1.6489328e+01 1.2544694e+01 1.2179398e+01 1.1322893e+01 1.1564631e+01 1.2172220e+01 1.2466267e+01 1.2661741e+01 1.3264055e+01 1.3962931e+01 1.3953893e+01 1.4464101e+01 1.4666901e+01 1.4415542e+01 1.4645523e+01 1.4853183e+01
2.1645938e+01 2.1575864e+01 2.1525825e+01 2.1442059e+01 2.1379097e+01 2.1327084e+01 2.1292623e+01 2.1275646e+01 2.1273256e+01 2.1281925e+01 2.1192518e+01 2.1063707e+01 2.0961550e+01 2.0851249e+01 2.0731680e+01 2.0631646e+01 2.0581098e+01 2.0380560e+01 2.0373205e+01 2.0597628e+01 2.0410489e+01 2.0841072e+01 2.0517805e+01 2.0594148e+01 1.9913347e+01 1.9711518e+01 1.7101858e+01 1.8852764e+01 1.9634621e+01 1.9222154e+01 1.8490220e+01 1.7327849e+01 1.8189871e+01 1.7189238e+01 1.6852628e+01 1.6325456e+01 1.6472185e+01 1.4636244e+01 1.2984257e+01 1.3354632e+01 1.2914530e+01 1.3031689e+01 1.4196965e+01 1.4330798e+01 1.4528430e+01 1.5273006e+01 1.5321094e+01 1.5224766e+01 1.5161368e+01 1.5237608e+01
2.1872270e+01 2.1802744e+01 2.1716522e+01 2.1631174e+01 2.1521101e+01 2.1481880e+01 2.1400443e+01 2.1408877e+01 2.1365601e+01 2.1316169e+01 2.1258363e+01 2.1175176e+01 2.1069513e+01 2.0985188e+01 2.0896994e+01 2.0796320e+01 2.0733913e+01 2.0670807e+01 2.0627708e+01 2.0606113e+01 2.0657018e+01 2.0650731e+01 2.0549711e+01 2.0461172e+01 2.0299912e+01 2.0332670e+01 1.9349391e+01 1.9739836e+01 2.0236251e+01 1.9798622e+01 1.9290530e+01 1.8940981e+01 1.8909088e+01 1.7972178e+01 1.6588601e+01 1.6532516e+01 1.6167902e+01 1.5460951e+01 1.5479348e+01 1.4772440e+01 1.3911251e+01 1.4418696e+01 1.5058005e+01 1.5181240e+01 1.5355937e+01 1.5440482e+01 1.4812523e+01 1.5686953e+01 1.5597722e+01 1.5709283e+01
2.2014419e+01 2.1940527e+01 2.1877712e+01 2.1819929e+01 2.1770953e+01 2.1670911e+01 2.1595107e+01 2.1543935e+01 2.1477122e+01 2.1419275e+01 2.1343487e+01 2.1280153e+01 2.1226099e+01 2.1130221e+01 2.1041059e+01 2.0950458e+01 2.0870621e+01 2.0805844e+01 2.0753710e+01 2.0697576e+01 2.0666528e+01 2.0712119e+01 2.0846981e+01 2.0368847e+01 2.0370019e+01 2.0467715e+01 2.0601767e+01 2.0719561e+01 2.0465414e+01 2.0102577e+01 1.9782826e+01 1.9238535e+01 1.9224447e+01 1.9240464e+01 1.6981297e+01 1.7313040e+01 1.7331199e+01 1.6285453e+01 1.6038823e+01 1.5822739e+01 1.4843453e+01 1.4295771e+01 1.5988868e+01 1.5693392e+01 1.5760461e+01 1.6454104e+01 1.6631828e+01 1.6069444e+01 1.5960018e+01 1.5932198e+01
2.2168725e+01 2.2120680e+01 2.2060919e+01 2.1994173e+01 2.1911484e+01 2.1811474e+01 2.1757680e+01 2.1730204e+01 2.1685721e+01 2.1647550e+01 2.1535664e+01 2.1393356e+01 2.1327395e+01 2.1285922e+01 2.1204371e+01 2.1132060e+01 2.1053140e+01 2.0966298e+01 2.0873340e+01 2.0757407e+01 2.0800858e+01 2.0784963e+01 2.0815827e+01 2.0865396e+01 2.0689749e+01 2.0162727e+01 1.8477040e+01 1.7586211e+01 2.0519474e+01 2.0025276e+01 2.0266288e+01 2.0138689e+01 1.9921044e+01 1.8258809e+01 1.8891522e+01 1.7918468e+01 1.6731847e+01 1.6299698e+01 1.4476309e+01 1.4051491e+01 1.5180214e+01 1.5201932e+01 1.6751117e+01 1.5746180e+01 1.5389986e+01 1.6690434e+01 1.6747056e+01 1.6547821e+01 1.6354249e+01 1.6257070e+01
2.2363007e+01 2.2285940e+01 2.2230802e+01 2.2165064e+01 2.2109081e+01 2.2047312e+01 2.1955445e+01 2.1883387e+01 2.1832335e+01 2.1837478e+01 2.1800362e+01 2.1623741e+01 2.1510366e+01 2.1423513e+01 2.1372877e+01 2.1311503e+01 2.1247163e+01 2.1159730e+01 2.1036216e+01 2.0921861e+01 2.0968022e+01 2.0936760e+01 2.0920219e+01 2.0919903e+01 2.0869284e+01 2.0851056e+01 2.0922521e+01 2.0072913e+01 2.0300037e+01 2.0931719e+01 2.0532760e+01 2.0425454e+01 2.0009585e+01 1.9323985e+01 1.9701241e+01 1.7945680e+01 1.6538424e+01 1.6575155e+01 1.6105024e+01 1.4567297e+01 1.1701899e+01 1.1077939e+01 1.6445274e+01 1.7334936e+01 1.6179937e+01 1.7324757e+01 1.6981517e+01 1.6803276e+01 1.6696344e+01 1.6608038e+01
2.2545383e+01 2.2487083e+01 2.2436207e+01 2.2367791e+01 2.2278068e+01 2.2194626e+01 2.2108555e+01 2.2051357e+01 2.2016516e+01 2.1943789e+01 2.1858722e+01 2.1780644e+01 2.1710902e+01 2.1617240e+01 2.1528013e+01 2.1456097e+01 2.1388733e+01 2.1323685e+01 2.1252790e+01 2.1166574e+01 2.1115834e+01 2.1075387e+01 2.1060302e+01 2.1022765e+01 2.0917833e+01 2.1150602e+01 2.1288618e+01 2.0923148e+01 2.1492966e+01 2.1010946e+01 2.0760108e+01 2.0696255e+01 2.0281822e+01 1.9201853e+01 1.9439638e+01 1.8031144e+01 1.6756114e+01 1.7091770e+01 1.5292361e+01 1.3393969e+01 1.2329456e+01 1.0299081e+01 1.6432575e+01 1.8564693e+01 1.7318561e+01 1.7600453e+01 1.7299732e+01 1.7134451e+01 1.7059218e+01 1.7022067e+01
2.2685717e+01 2.2646553e+01 2.2602877e+01 2.2567771e+01 2.2496005e+01 2.2395808e+01 2.2308269e+01 2.2216319e+01 2.2159821e+01 2.2089008e+01 2.2028089e+01 2.1950160e+01 2.1869702e+01 2.1791052e+01 2.1719413e+01 2.1653871e+01 2.1596450e+01 2.1512029e+01 2.1440900e+01 2.1366633e+01 2.1294682e+01 2.1247544e+01 2.1220982e+01 2.1218272e+01 2.1257235e+01 2.1271984e+01 2.1058811e+01 2.0763263e+01 2.1189364e+01 2.1220778e+01 2.0891642e+01 2.0815465e+01 2.0518266e+01 2.0798524e+01 2.0172735e+01 1.9585970e+01 1.8409230e+01 1.6250648e+01 1.4938709e+01 1.2227862e+01 1.0401110e+01 1.3085985e+01 1.8282735e+01 1.8574376e+01 1.8059360e+01 1.7761713e+01 1.7598541e+01 1.7470347e+01 1.7382828e+01 1.7339080e+01
2.2902613e+01 2.2828910e+01 2.2777631e+01 2.2712050e+01 2.2661230e+01 2.2579291e+01 2.2511628e+01 2.2433690e+01 2.2353780e+01 2.2276165e+01 2.2204810e+01 2.2139205e+01 2.2050083e+01 2.1978930e+01 2.1891758e+01 2.1844199e+01 2.1782278e+01 2.1716409e+01 2.1647719e+01 2.1530696e+01 2.1451340e+01 2.1433317e+01 2.1412602e+01 2.1381133e+01 2.1373106e+01 2.1401443e+01 2.1527147e+01 2.1595008e+01 2.1662768e+01 2.1479504e+01 2.1121860e+01 2.0977419e+01 2.0782020e+01 2.1071528e+01 2.1076939e+01 2.0039665e+01 1.8888733e+01 1.8416425e+01 1.7573024e+01 1.4585102e+01 1.5523421e+01 1.6584904e+01 1.9032908e+01 1.8613455e+01 1.8280904e+01 1.8067832e+01 1.7950683e+01 1.7799523e+01 1.7682747e+01 1.7558625e+01
2.3134987e+01 2.3024418e+01 2.2982385e+01 2.2898108e+01 2.2836540e+01 2.2754443e+01 2.2673450e+01 2.2603611e+01 2.2526991e+01 2.2454824e+01 2.2391779e+01 2.2349033e+01 2.2266651e+01 2.2174374e+01 2.2070215e+01 2.2009814e+01 2.1947635e+01 2.1892398e+01 2.1798007e+01 2.1704934e+01 2.1655097e+01 2.1624996e+01 2.1596114e+01 2.1542017e+01 2.1514454e+01 2.1528061e+01 2.1567276e+01 2.1609519e+01 2.1662634e+01 2.1643476e+01 2.0854658e+01 2.1211896e+01 2.1186731e+01 2.1158420e+01 2.1089625e+01 2.0628790e+01 1.9717348e+01 1.8727577e+01 1.9301532e+01 1.9791709e+01 1.8372740e+01 1.9131931e+01 1.9229510e+01 1.8905142e+01 1.8631516e+01 1.8411903e+01 1.8248078e+01 1.8095368e+01 1.7971820e+01 1.7833732e+01
2.3345229e+01 2.3218370e+01 2.3168605e+01 2.3091830e+01 2.3054519e+01 2.3004640e+01 2.2885246e+01 2.2790432e+01 2.2688988e+01 2.2613584e+01 2.2544662e+01 2.2512329e+01 2.2463857e+01 2.2376117e+01 2.2278042e+01 2.2192745e+01 2.2117447e+01 2.2025442e+01 2.1946773e+01 2.1905740e+01 2.1858336e+01 2.1800631e+01 2.1748577e+01 2.1712754e+01 2.1675491e+01 2.1648212e+01 2.1624773e+01 2.1613298e+01 2.1623190e+01 2.1591607e+01 2.1478268e+01 2.1369233e+01 2.1281418e+01 2.1229378e+01 2.1178062e+01 2.1065848e+01 2.1209523e+01 2.0955886e+01 2.0830258e+01 2.0437603e+01 2.0299086e+01 1.9960242e+01 1.9583764e+01 1.9260357e+01 1.9003235e+01 1.8787915e+01 1.8593252e+01 1.8425292e+01 1.8290309e+01 1.8155310e+01
2.3546208e+01 2.3442328e+01 2.3323253e+01 2.3298487e+01 2.3224139e+01 2.3215662e+01 2.3146232e+01 2.2990880e+01 2.2896441e+01 2.2784557e+01 2.2707501e+01 2.2643310e+01 2.2606451e+01 2.2545273e+01 2.2474719e+01 2.2385815e+01 2.2308977e+01 2.2222955e+01 2.2164826e+01 2.2090376e+01 2.2029021e+01 2.1971141e+01 2.1904323e+01 2.1862126e+01 2.1818986e+01 2.1782233e+01 2.1729910e+01 2.1704390e+01 2.1661938e+01 2.1602949e+01 2.1509274e+01 2.1444036e+01 2.1398643e+01 2.1358612e+01 2.1305509e+01 2.1268382e+01 2.1276087e+01 2.1133441e+01 2.0988536e+01 2.0761103e+01 2.0460014e+01 2.0109858e+01 1.9843287e+01 1.9601919e+01 1.9369248e+01 1.9145821e+01 1.8933159e+01 1.8754792e+01 1.8598768e+01 1.8469992e+01
2.3719763e+01 2.3657876e+01 2.3517596e+01 2.3463155e+01 2.3407448e+01 2.3358055e+01 2.3357072e+01 2.3222054e+01 2.3079850e+01 2.2985551e+01 2.2878710e+01 2.2831385e+01 2.2769480e+01 2.2693019e+01 2.2623878e+01 2.2558601e+01 2.2469431e+01 2.2417763e+01 2.2363101e+01 2.2299819e+01 2.2222370e+01 2.2148775e+01 2.2069863e+01 2.1999223e+01 2.1949123e+01 2.1903009e+01 2.1862393e+01 2.1815093e+01 2.1749392e+01 2.1676921e+01 2.1592839e+01 2.1517711e+01 2.1473325e+01 2.1478644e+01 2.1350857e+01 2.1353101e+01 2.1215756e+01 2.1146968e+01 2.0954733e+01 2.0724851e+01 2.0698544e+01 2.0320488e+01 2.0046402e+01 1.9831497e+01 1.9628136e+01 1.9437304e+01 1.9248890e+01 1.9052814e+01 1.8901253e+01 1.8764359e+01
2.3872644e+01 2.3855387e+01 2.3733347e+01 2.3629560e+01 2.3611397e+01 2.3525353e+01 2.3504274e+01 2.3450898e+01 2.3301247e+01 2.3202461e+01 2.3127456e+01 2.3044049e+01 2.2940259e+01 2.2885243e+01 2.2803608e+01 2.2692038e+01 2.2631431e+01 2.2566646e+01 2.2505618e+01 2.2446612e+01 2.2390527e+01 2.2320581e+01 2.2255835e+01 2.2177118e+01 2.2103855e+01 2.2042071e+01 2.1993554e+01 2.1933242e+01 2.1861249e+01 2.1788855e+01 2.1720791e+01 2.1632166e+01 2.1567812e+01 2.1567194e+01 2.1570163e+01 2.0925439e+01 2.1391313e+01 2.1209797e+01 2.1009727e+01 2.0894407e+01 2.0734789e+01 2.0499348e+01 2.0241768e+01 2.0039432e+01 1.9835976e+01 1.9645982e+01 1.9463874e+01 1.9312514e+01 1.9183997e+01 1.9079473e+01
2.4034111e+01 2.4028876e+01 2.3975352e+01 2.3831563e+01 2.3760801e+01 2.3716916e+01 2.3652370e+01 2.3650528e+01 2.3546207e+01 2.3408968e+01 2.3335851e+01 2.3262868e+01 2.3175958e+01 2.3039619e+01 2.2937982e+01 2.2866639e+01 2.2781767e+01 2.2726750e+01 2.2643292e+01 2.2575347e+01 2.2521446e+01 2.2452364e+01 2.2404122e+01 2.2356878e+01 2.2279501e+01 2.2209273e+01 2.2143007e+01 2.2071548e+01 2.1994892e+01 2.1899108e+01 2.1832876e+01 2.1753369e+01 2.1688122e+01 2.1641075e+01 2.1642933e+01 2.1705787e+01 2.1694360e+01 2.1410441e+01 2.1167580e+01 2.1004258e+01 2.0870170e+01 2.0621924e+01 2.0408058e+01 2.0234860e+01 2.0052945e+01 1.9857592e+01 1.9668830e+01 1.9510426e+01 1.9366393e+01 1.9118877e+01
2.4214737e+01 2.4194729e+01 2.4171942e+01 2.4073494e+01 2.3943544e+01 2.3914913e+01 2.3822287e+01 2.3816398e+01 2.3777845e+01 2.3623922e+01 2.3523943e+01 2.3447352e+01 2.3409079e+01 2.3260537e+01 2.3133353e+01 2.3052639e+01 2.2970297e+01 2.2890489e+01 2.2804370e+01 2.2704755e+01 2.2667216e+01 2.2587328e+01 2.2526518e+01 2.2467427e+01 2.2419130e+01 2.2357047e+01 2.2306487e+01 2.2237111e+01 2.2157644e+01 2.2060566e+01 2.1964440e+01 2.1891770e+01 2.1816271e+01 2.1769743e+01 2.1742526e+01 2.1690795e+01 2.1743923e+01 2.1553893e+01 2.1416737e+01 2.0993318e+01 2.1005617e+01 2.0779438e+01 2.0583659e+01 2.0394145e+01 2.0211365e+01 2.0030757e+01 1.9840033e+01 1.9690127e+01 1.9530440e+01 1.9353524e+01
