presentation/data/depth_0023.asc
ncols     164
nrows     146
xllcorner -1.242151388888889e+02
yllcorner  4.172986111111111e+01
cellsize  2.777777777820000e-04
nodata_value       -9999
[rows 88 to 109 of 146, columns 0 to 49 of 164]
1.3207921e+01 1.3242568e+01 1.3135926e+01 1.2723666e+01 1.2608987e+01 1.2809970e+01 1.2388807e+01 1.2286181e+01 1.2110614e+01 1.1897399e+01 1.1689004e+01 1.1470094e+01 1.1260431e+01 1.1035038e+01 1.0779064e+01 1.0509561e+01 1.0208329e+01 9.7966928e+00 9.1971667e+00 8.5727900e+00 7.7655767e+00 6.9445477e+00 6.2805087e+00 5.7510127e+00 5.2183882e+00 4.7643365e+00 4.4311462e+00 2.3090295e+00 1.0314559e+00 4.4960129e+00 4.6551587e+00 4.8832152e+00 4.6111223e+00 4.0989607e+00 4.3085604e+00 4.2889625e+00 4.3104544e+00 4.3165870e+00 4.2751218e+00 4.2281363e+00 4.2351730e+00 3.6366404e+00 3.4802692e+00 2.4971312e+00 4.6195599e+00 4.4237505e+00 3.7781720e+00 1.5272166e+00 9.8913589e-04 9.9637993e-04
1.3587907e+01 1.3086167e+01 1.2891647e+01 1.2649499e+01 1.2647462e+01 1.2805596e+01 1.2632928e+01 1.2505459e+01 1.2307233e+01 1.2079690e+01 1.1844440e+01 1.1621951e+01 1.1386996e+01 1.1128632e+01 1.0834303e+01 1.0490447e+01 1.0114603e+01 9.6063728e+00 8.9118312e+00 8.2905537e+00 7.5602783e+00 6.8459610e+00 6.2509092e+00 5.7745900e+00 5.2942084e+00 4.9310864e+00 4.6132023e+00 4.3536218e+00 2.9691876e+00 4.8513940e+00 4.8163829e+00 4.8326808e+00 4.8105006e+00 4.5336568e+00 4.4019150e+00 4.3730480e+00 4.3549493e+00 4.3165391e+00 4.2799357e+00 4.2306791e+00 4.2636318e+00 4.4584264e+00 4.3489495e+00 4.2540946e+00 4.2036952e+00 4.3893730e+00 4.2952585e+00 3.0446311e+00 8.5770096e-01 5.7378980e-01
1.3793876e+01 1.3227359e+01 1.2789370e+01 1.2562285e+01 1.2887357e+01 1.2917831e+01 1.2855236e+01 1.2736119e+01 1.2501551e+01 1.2235359e+01 1.1998715e+01 1.1769728e+01 1.1518289e+01 1.1249216e+01 1.0905102e+01 1.0504656e+01 1.0035749e+01 9.4486757e+00 8.6616476e+00 8.0199827e+00 7.2993351e+00 6.6475291e+00 6.1357797e+00 5.7203745e+00 5.3143450e+00 5.0226645e+00 4.9273844e+00 4.9804806e+00 4.9702976e+00 4.9337548e+00 4.9517981e+00 4.9485493e+00 4.8468147e+00 4.6674131e+00 4.5674304e+00 4.4908661e+00 4.4260507e+00 4.3538790e+00 4.3021198e+00 4.2733458e+00 4.2867828e+00 4.3777150e+00 4.2938127e+00 4.0805490e+00 4.1161133e+00 4.1723136e+00 4.2422329e+00 4.1094770e+00 2.7093094e+00 3.0282867e+00
1.3639801e+01 1.3281771e+01 1.3003248e+01 1.2935335e+01 1.3025943e+01 1.3182340e+01 1.3195218e+01 1.3058477e+01 1.2740475e+01 1.2379160e+01 1.2155087e+01 1.1921960e+01 1.1698856e+01 1.1409801e+01 1.1032251e+01 1.0559910e+01 1.0003406e+01 9.3283728e+00 8.4604226e+00 7.7540473e+00 7.0254179e+00 6.3904099e+00 5.8892394e+00 5.5736557e+00 5.2671716e+00 5.0633537e+00 4.9748511e+00 5.0005669e+00 5.0492285e+00 5.0632227e+00 5.0784414e+00 5.0691343e+00 5.0044870e+00 4.8573911e+00 4.7114597e+00 4.5789743e+00 4.4653897e+00 4.3667602e+00 4.3119930e+00 4.2513127e+00 4.2578339e+00 4.3611812e+00 4.6966644e+00 4.8603575e+00 4.2009559e+00 3.7539997e+00 2.7986393e+00 3.0095846e+00 4.2267612e+00 4.2140083e+00
1.3776931e+01 1.3740206e+01 1.3645221e+01 1.3553801e+01 1.3485607e+01 1.3534319e+01 1.3283119e+01 1.3174187e+01 1.2913386e+01 1.2764258e+01 1.2395173e+01 1.2281905e+01 1.2004423e+01 1.1662239e+01 1.1226910e+01 1.0673541e+01 1.0034218e+01 9.2484174e+00 8.2912208e+00 7.4738178e+00 6.7102312e+00 6.0574838e+00 5.5818670e+00 5.3423175e+00 5.1571657e+00 5.0597022e+00 5.0064402e+00 4.9814395e+00 5.0624326e+00 5.1527195e+00 5.2197421e+00 5.2502169e+00 5.2008191e+00 5.0490786e+00 4.8874334e+00 4.6811273e+00 4.5144527e+00 4.3737483e+00 4.2903462e+00 4.2252577e+00 4.2178045e+00 4.2197233e+00 3.2635291e+00 3.3777951e-01 3.4320925e-01 8.7059718e-04 8.7134453e-04 1.9180904e+00 3.3589403e+00 4.0931482e+00
1.4718350e+01 1.4639405e+01 1.4512764e+01 1.4353403e+01 1.4211073e+01 1.4070400e+01 1.4083034e+01 1.3911243e+01 1.3258876e+01 1.2940424e+01 1.3195652e+01 1.2865633e+01 1.2665675e+01 1.2039627e+01 1.1487685e+01 1.0827374e+01 1.0127788e+01 9.2354672e+00 8.1406122e+00 7.2002373e+00 6.3341808e+00 5.6596291e+00 5.2533915e+00 5.0885374e+00 4.9228278e+00 4.7501068e+00 4.7339533e+00 4.9480611e+00 5.0664889e+00 5.2222337e+00 5.3710241e+00 5.4520308e+00 5.4130067e+00 5.2528525e+00 5.0308100e+00 4.7493690e+00 4.5109284e+00 4.3724566e+00 4.3354314e+00 4.2331743e+00 4.2485515e+00 2.5546925e+00 0.0000000e+00 0.0000000e+00 0.0000000e+00 0.0000000e+00 0.0000000e+00 2.1659731e+00 4.2402548e+00 4.0590846e+00
1.5811533e+01 1.5620428e+01 1.5410551e+01 1.5207528e+01 1.5011904e+01 1.4844812e+01 1.4894970e+01 1.4663245e+01 1.4327892e+01 1.4121834e+01 1.4013310e+01 1.3889116e+01 1.3220255e+01 1.2473327e+01 1.1725265e+01 1.0992100e+01 1.0236943e+01 9.2544425e+00 8.0504927e+00 6.9871168e+00 6.0068065e+00 5.2587843e+00 4.9697599e+00 4.9505518e+00 4.5339543e+00 3.8529787e+00 4.0007696e+00 4.8625709e+00 5.0858249e+00 5.3117932e+00 5.5401480e+00 5.6794485e+00 5.6530647e+00 5.4595684e+00 5.1613244e+00 4.8238929e+00 4.5095868e+00 4.4295709e+00 4.3996604e+00 4.1293593e+00 4.3656402e+00 3.0763259e+00 7.2686686e-04 0.0000000e+00 0.0000000e+00 0.0000000e+00 6.9816174e-04 2.6471190e+00 4.3532143e+00 4.1676168e+00
1.6629884e+01 1.6409099e+01 1.6185521e+01 1.5992434e+01 1.5831118e+01 1.5704058e+01 1.5584574e+01 1.5475733e+01 1.5264602e+01 1.4782825e+01 1.3408565e+01 1.3771864e+01 1.3346302e+01 1.2716447e+01 1.1980825e+01 1.1230413e+01 1.0496480e+01 9.5324999e+00 8.1573259e+00 6.8973548e+00 5.6795908e+00 4.2163809e+00 4.0964323e+00 3.7999483e+00 4.1460692e+00 4.1389381e+00 4.2489607e+00 4.4067902e+00 5.1315680e+00 5.6777685e+00 6.0413595e+00 6.2424263e+00 6.2471794e+00 5.9903595e+00 5.6092847e+00 5.0420535e+00 4.4593659e+00 4.3126642e+00 3.3453644e+00 3.1214117e+00 4.3487968e+00 3.7041661e+00 7.9485918e-04 9.5977383e-04 7.4756249e-04 1.6480191e+00 2.7380194e+00 4.2248485e+00 4.2912305e+00 4.3079340e+00
1.7334286e+01 1.7170225e+01 1.7026672e+01 1.6946533e+01 1.6793343e+01 1.6613033e+01 1.6515465e+01 1.6010071e+01 1.4746303e+01 1.3881931e+01 1.3202044e+01 1.3224664e+01 1.3009143e+01 1.2566638e+01 1.2072184e+01 1.1467005e+01 1.0829600e+01 9.9504967e+00 8.5397552e+00 7.1045048e+00 5.5374749e+00 4.6424915e+00 3.4295348e+00 2.3458702e+00 4.1135685e+00 4.4774560e+00 4.5706525e+00 4.6180922e+00 5.5827203e+00 6.2671392e+00 6.6986084e+00 6.9308410e+00 6.9378056e+00 6.6543783e+00 6.2141026e+00 5.5611608e+00 4.7662296e+00 4.3070095e+00 4.4766447e+00 4.6061113e+00 4.6298576e+00 4.4556692e+00 4.2326165e+00 4.3192823e+00 3.8298809e+00 3.4154186e+00 3.7437189e+00 3.6223648e+00 4.5417147e+00 4.5259102e+00
1.7929330e+01 1.8188051e+01 1.7958181e+01 1.7528551e+01 1.7177842e+01 1.7300392e+01 1.6802837e+01 1.6688664e+01 1.4658848e+01 1.3130205e+01 1.3146513e+01 1.3010886e+01 1.2709079e+01 1.2490840e+01 1.2183211e+01 1.1733753e+01 1.1282066e+01 1.0642782e+01 9.3182867e+00 7.8601033e+00 5.8260315e+00 4.6033638e+00 4.2856627e+00 3.9504080e+00 3.7756608e+00 5.0671292e+00 5.6943972e+00 6.1138827e+00 6.6604680e+00 7.1938495e+00 7.5777247e+00 7.7918445e+00 7.7796791e+00 7.5057177e+00 7.0951339e+00 6.5053076e+00 5.8335557e+00 5.3540100e+00 5.4046189e+00 5.4216697e+00 5.2170945e+00 5.0227694e+00 4.9674660e+00 4.7645875e+00 4.4442413e+00 3.5452088e+00 3.8853434e+00 4.5067989e+00 4.7559154e+00 4.7686288e+00
1.9086098e+01 1.9218365e+01 1.8345066e+01 1.8258435e+01 1.7299730e+01 1.7629665e+01 1.7089337e+01 1.4771687e+01 1.3253387e+01 1.3492338e+01 1.3204339e+01 1.2875007e+01 1.2692801e+01 1.2603591e+01 1.2379407e+01 1.2016661e+01 1.1807901e+01 1.1713760e+01 1.0787672e+01 9.7849644e+00 8.3232191e+00 6.0175262e+00 4.7980184e+00 4.6430778e+00 4.8819643e+00 6.2947567e+00 7.2657699e+00 7.7053133e+00 8.0778063e+00 8.4373266e+00 8.7168656e+00 8.8568933e+00 8.8280996e+00 8.5881705e+00 8.2504979e+00 7.7814931e+00 7.2429307e+00 6.8330728e+00 6.5847166e+00 6.3613386e+00 6.0841430e+00 5.7488572e+00 5.3677216e+00 4.9620386e+00 4.4912899e+00 4.3826788e+00 4.6526991e+00 4.8851001e+00 4.9932287e+00 5.0383258e+00
1.9381306e+01 1.9923506e+01 1.9482622e+01 1.8840038e+01 1.8703675e+01 1.7343834e+01 1.5800935e+01 1.1139714e+01 1.1602814e+01 1.1749390e+01 1.2909944e+01 1.3433847e+01 1.2788397e+01 1.2824268e+01 1.2759973e+01 1.2394762e+01 1.1976598e+01 1.2583087e+01 1.2813279e+01 1.2199267e+01 1.1780308e+01 9.7612512e+00 8.3401360e+00 8.5940783e+00 9.1542891e+00 9.8775148e+00 9.6977345e+00 9.4993412e+00 9.5563612e+00 9.7584756e+00 9.9457073e+00 1.0015336e+01 9.9708515e+00 9.7843278e+00 9.5010428e+00 9.1284342e+00 8.6445308e+00 8.4619831e+00 8.2237427e+00 7.6024976e+00 7.0190063e+00 6.5850701e+00 6.1425544e+00 5.6660381e+00 5.1970766e+00 4.9496282e+00 5.0435599e+00 5.2203409e+00 5.3413717e+00 5.3501860e+00
1.9497558e+01 1.8101158e+01 1.9829195e+01 1.9319597e+01 1.9092526e+01 1.8225215e+01 1.4455945e+01 1.2439944e+01 9.7811297e+00 8.7893564e+00 1.1581377e+01 1.3728402e+01 1.2696803e+01 1.2937743e+01 1.3282805e+01 1.3214884e+01 1.2308750e+01 1.3150799e+01 1.4249030e+01 1.4378464e+01 1.3524050e+01 1.3065237e+01 1.2233422e+01 1.2428830e+01 1.2860049e+01 1.3257129e+01 1.1785604e+01 1.0799176e+01 1.0656744e+01 1.0804596e+01 1.0938694e+01 1.0947541e+01 1.0879776e+01 1.0747913e+01 1.0543152e+01 1.0204217e+01 9.9185712e+00 8.8772650e+00 9.2645494e+00 8.6551811e+00 7.8522896e+00 7.3189474e+00 6.8195621e+00 6.3438324e+00 5.9083504e+00 5.6298230e+00 5.5792858e+00 5.6549025e+00 5.6839218e+00 5.6501678e+00
2.0737872e+01 1.9776449e+01 2.0153772e+01 1.9294147e+01 1.9154191e+01 1.8283343e+01 1.6443478e+01 1.5478947e+01 1.3092204e+01 1.4279115e+01 1.4910974e+01 1.5047381e+01 1.4314296e+01 1.4265046e+01 1.4092778e+01 1.4142249e+01 1.4714252e+01 1.4859152e+01 1.4927580e+01 1.3892754e+01 1.3982577e+01 1.4324595e+01 1.4313219e+01 1.4035691e+01 1.4199784e+01 1.3695665e+01 1.1939666e+01 1.1478335e+01 1.1867205e+01 1.2046669e+01 1.2096284e+01 1.1964194e+01 1.1870787e+01 1.1838167e+01 1.1682523e+01 1.1455186e+01 1.1499891e+01 7.7672153e+00 3.8135267e+00 8.6041968e+00 9.1327163e+00 8.3414149e+00 7.6936230e+00 7.1557622e+00 6.7390077e+00 6.4652225e+00 6.4218617e+00 6.2339590e+00 6.0946669e+00 6.0068831e+00
2.0726284e+01 2.0153137e+01 1.9259046e+01 1.9640156e+01 1.9409532e+01 1.8713682e+01 1.9128956e+01 1.7263925e+01 1.6901161e+01 1.6746274e+01 1.5116235e+01 1.1729455e+01 1.5934955e+01 1.5602482e+01 1.5072794e+01 1.5446618e+01 1.5624711e+01 1.5547024e+01 1.5428762e+01 1.5067663e+01 1.4827795e+01 1.4168866e+01 1.4231179e+01 1.3583605e+01 1.4601537e+01 1.4572827e+01 1.2999571e+01 1.2543249e+01 1.3024549e+01 1.3198803e+01 1.3397466e+01 1.3117256e+01 1.2941158e+01 1.3259782e+01 1.3325528e+01 1.2976181e+01 1.3213922e+01 1.1347187e+01 1.0318164e+01 1.0208967e+01 5.1731670e+00 4.7200078e+00 8.4337968e+00 8.3505405e+00 7.9521194e+00 6.7542428e+00 3.8104893e+00 6.0689143e+00 6.8312494e+00 6.5541506e+00
2.0596197e+01 2.0152819e+01 1.9313756e+01 2.0347267e+01 1.9976697e+01 1.9365116e+01 1.8270254e+01 1.7336512e+01 1.7842391e+01 1.5058574e+01 1.5846419e+01 1.2620177e+01 1.5592063e+01 1.6693378e+01 1.6338847e+01 1.6172248e+01 1.6036437e+01 1.6036751e+01 1.5606231e+01 1.5310023e+01 1.5149159e+01 1.4784144e+01 1.4633478e+01 1.3241782e+01 1.4276957e+01 1.4508887e+01 1.4635466e+01 1.3889736e+01 1.4403041e+01 1.3832382e+01 1.3678921e+01 1.3563475e+01 1.3381232e+01 1.3591486e+01 1.4009761e+01 1.3380942e+01 1.3485565e+01 1.3770875e+01 1.2947884e+01 1.1700939e+01 8.9117018e+00 8.4256238e+00 9.5789915e+00 9.1312171e+00 8.8055881e+00 7.4753884e+00 3.9860756e+00 6.4929375e+00 7.4415184e+00 7.0367966e+00
2.1294386e+01 2.0439413e+01 2.0694624e+01 2.0731958e+01 1.7594161e+01 1.9948391e+01 1.8681881e+01 1.8105097e+01 1.8119314e+01 1.6369247e+01 1.7082343e+01 1.6325187e+01 1.6467487e+01 1.7536057e+01 1.6870250e+01 1.6629895e+01 1.6592383e+01 1.6637234e+01 1.6350865e+01 1.5723372e+01 1.5459366e+01 1.5177777e+01 1.4902399e+01 1.4407791e+01 1.4908676e+01 1.4782236e+01 1.4645028e+01 1.4437345e+01 1.4559273e+01 1.4073834e+01 1.3868922e+01 1.3519929e+01 1.3083203e+01 1.3492384e+01 1.2655476e+01 1.3484169e+01 1.3515853e+01 1.3497627e+01 1.2919778e+01 1.2208585e+01 1.1700610e+01 1.1065475e+01 1.0317294e+01 9.7632848e+00 9.3678638e+00 8.9106495e+00 8.2626212e+00 8.2573073e+00 7.9285049e+00 7.5484958e+00
2.1552947e+01 2.1307002e+01 2.0987671e+01 2.0346054e+01 1.9230864e+01 1.9931805e+01 1.9245170e+01 1.8713701e+01 1.8554340e+01 1.8225710e+01 1.8288596e+01 1.8309796e+01 1.8052107e+01 1.7916171e+01 1.7461613e+01 1.7297786e+01 1.6816037e+01 1.5805946e+01 1.5943364e+01 1.6556159e+01 1.5932237e+01 1.5574708e+01 1.5535948e+01 1.5264651e+01 1.5187166e+01 1.4385509e+01 1.3987374e+01 1.4549939e+01 1.4820814e+01 1.4192347e+01 1.3906149e+01 1.3883183e+01 1.2771680e+01 1.2410914e+01 1.3540683e+01 1.3798070e+01 1.3751804e+01 1.3431143e+01 1.3009464e+01 1.2498793e+01 1.1899665e+01 1.1307211e+01 1.0802412e+01 1.0373824e+01 9.9730438e+00 9.6612778e+00 9.4067078e+00 8.9777558e+00 8.4857089e+00 8.0922800e+00
2.1256722e+01 2.1129069e+01 2.0392389e+01 2.0397298e+01 2.0405505e+01 1.9775751e+01 2.0272874e+01 1.9770967e+01 1.9476793e+01 1.9439074e+01 1.9062358e+01 1.8700603e+01 1.8352596e+01 1.8367366e+01 1.7941707e+01 1.7384362e+01 1.6381278e+01 1.5307674e+01 1.6280655e+01 1.7065381e+01 1.6513700e+01 1.6245891e+01 1.6124734e+01 1.5658470e+01 1.5441383e+01 1.4676980e+01 1.4809432e+01 1.4917448e+01 1.4317398e+01 1.4569370e+01 1.3479760e+01 1.2517382e+01 1.2266495e+01 1.1790277e+01 1.2404420e+01 1.3195213e+01 1.3043872e+01 1.2884556e+01 1.3048029e+01 1.2975334e+01 1.2229675e+01 1.1708614e+01 1.1253079e+01 1.0854004e+01 1.0509551e+01 1.0226963e+01 9.9400279e+00 9.5959335e+00 9.1163530e+00 8.6352686e+00
2.0661443e+01 2.0631987e+01 2.0978869e+01 2.0610749e+01 2.0500026e+01 2.0485812e+01 2.0363393e+01 2.0253271e+01 2.0108705e+01 1.9853173e+01 1.9446214e+01 1.8889021e+01 1.8771912e+01 1.8192266e+01 1.7900824e+01 1.8398194e+01 1.7586039e+01 1.7150100e+01 1.7613800e+01 1.7501740e+01 1.7100348e+01 1.6750932e+01 1.6440009e+01 1.6179664e+01 1.5818237e+01 1.5568596e+01 1.4484793e+01 1.5350096e+01 1.5681717e+01 1.4205305e+01 1.4281500e+01 1.3767669e+01 1.3143448e+01 1.3045376e+01 1.2751826e+01 1.2905368e+01 1.2239820e+01 1.1257343e+01 1.3234420e+01 1.3245411e+01 1.2643458e+01 1.2179504e+01 1.1620050e+01 1.1226125e+01 1.0986038e+01 1.0771101e+01 1.0557794e+01 1.0261310e+01 9.8053310e+00 9.2961558e+00
2.1738818e+01 2.1629710e+01 2.1312293e+01 2.0897324e+01 2.0713399e+01 2.0197428e+01 2.0266470e+01 2.0347307e+01 2.0285926e+01 2.0070038e+01 1.9700923e+01 1.9365103e+01 1.9136828e+01 1.8773393e+01 1.8576768e+01 1.8618531e+01 1.8525598e+01 1.8327187e+01 1.8573440e+01 1.8089666e+01 1.7587436e+01 1.7273247e+01 1.7113917e+01 1.6778106e+01 1.6577595e+01 1.6419319e+01 1.5970321e+01 1.5448644e+01 1.4992725e+01 1.2313251e+01 1.2952904e+01 1.3280059e+01 1.3404593e+01 1.3757707e+01 1.3315445e+01 1.2788187e+01 1.2651166e+01 1.2551063e+01 1.2054549e+01 1.2578773e+01 1.1598459e+01 1.1173108e+01 1.1557994e+01 1.1598382e+01 1.1414712e+01 1.1299251e+01 1.1171105e+01 1.0940449e+01 1.0512290e+01 1.0027552e+01
2.1036861e+01 2.1710535e+01 2.1578269e+01 2.1257780e+01 2.1076230e+01 2.1020577e+01 2.0868626e+01 2.0692756e+01 2.0318200e+01 2.0107227e+01 1.9907614e+01 1.9821024e+01 1.9920648e+01 1.9406665e+01 1.8420821e+01 1.9011454e+01 1.8886015e+01 1.8184150e+01 1.8570047e+01 1.8630630e+01 1.8214520e+01 1.8166927e+01 1.7553307e+01 1.7340308e+01 1.6900469e+01 1.6658609e+01 1.6779228e+01 1.6657790e+01 1.6268570e+01 1.4086953e+01 1.5115886e+01 1.5008129e+01 1.4446408e+01 1.4037805e+01 1.3711716e+01 1.3242488e+01 1.2919464e+01 1.2258121e+01 1.1979775e+01 1.0609274e+01 4.4123267e+00 4.8074849e+00 1.0873755e+01 1.1975247e+01 1.1725437e+01 1.1742418e+01 1.1682819e+01 1.1504603e+01 1.1124415e+01 1.0648710e+01
