presentation/data/depth_0055.asc
ncols     164
nrows     146
xllcorner -1.242151388888889e+02
yllcorner  4.172986111111111e+01
cellsize  2.777777777820000e-04
nodata_value       -9999
[rows 110 to 131 of 146, columns 100 to 149 of 164]
7.2627207e+00 7.2413743e+00 7.2579675e+00 7.2398754e+00 7.1531571e+00 7.1976417e+00 4.0559290e+00 1.3773573e+00 5.6391489e-01 5.7473700e-02 8.6855345e-04 5.1921472e-04 9.8752852e-04 1.0659786e+00 2.2085903e+00 2.8027200e+00 3.0785226e+00 2.8365754e+00 2.8630222e+00 4.4744893e+00 5.3318068e+00 5.5200876e+00 5.6732024e+00 5.6029520e+00 5.0690731e+00 5.2543571e+00 5.2835842e+00 5.4701343e+00 5.5380672e+00 5.7902824e+00 5.6658361e+00 5.0511568e+00 5.3591492e+00 5.9695760e+00 6.5127827e+00 6.6931206e+00 6.7064590e+00 6.4502975e+00 6.4147202e+00 6.5340620e+00 6.6931501e+00 6.7497328e+00 6.8179252e+00 7.0045092e+00 7.0807151e+00 7.1408483e+00 7.1763186e+00 7.0505962e+00 6.9476524e+00 6.7731785e+00
7.3810612e+00 7.4181858e+00 7.3832704e+00 7.3363300e+00 7.2307189e+00 7.3098012e+00 7.1734295e+00 5.2009206e+00 3.7274574e+00 3.4228792e+00 1.7420519e+00 2.2539737e+00 2.7958919e+00 3.1385385e+00 3.0573018e+00 3.0599698e+00 3.5484094e+00 3.5768236e+00 3.3691308e+00 4.6175488e+00 5.4134323e+00 5.5609651e+00 5.7615702e+00 5.8055709e+00 5.2431759e+00 5.0256224e+00 4.9518054e+00 5.4722191e+00 5.6864898e+00 5.9686650e+00 6.0695210e+00 5.9235415e+00 5.9046654e+00 6.1517290e+00 6.8386794e+00 7.1397629e+00 7.0502275e+00 6.8375925e+00 6.6416721e+00 6.6960203e+00 6.8976914e+00 6.9495234e+00 6.8900178e+00 6.9659185e+00 7.0585850e+00 7.1441568e+00 7.2971432e+00 7.2360491e+00 7.0622288e+00 6.9474905e+00
7.5178564e+00 7.5906394e+00 7.6206248e+00 7.5675836e+00 7.5207693e+00 7.4163346e+00 7.5074362e+00 7.8306399e+00 7.5854849e+00 6.4891638e+00 5.4461356e+00 5.3930711e+00 5.6310294e+00 5.1568799e+00 4.0190280e+00 3.6425806e+00 4.1664536e+00 4.3193171e+00 4.4987025e+00 5.3023266e+00 5.6664383e+00 5.4665797e+00 5.5839888e+00 5.6779931e+00 5.5013898e+00 5.4645120e+00 4.9269067e+00 5.6153295e+00 6.0027047e+00 6.3609089e+00 6.7274105e+00 6.8887237e+00 6.5671583e+00 6.2843473e+00 6.8055383e+00 7.2631592e+00 7.2905305e+00 7.0742244e+00 6.8035728e+00 6.7739668e+00 7.0292092e+00 7.0064843e+00 6.9710105e+00 6.9675445e+00 7.0097095e+00 7.0645691e+00 7.2225177e+00 7.2702236e+00 7.1919618e+00 7.1572948e+00
7.7253152e+00 7.7961957e+00 7.8350377e+00 7.8396339e+00 7.8246317e+00 7.7710411e+00 7.7004171e+00 7.6705970e+00 7.4933626e+00 6.9678988e+00 7.3406799e+00 7.1721120e+00 6.9497577e+00 6.3543543e+00 5.3686511e+00 5.0604376e+00 5.2359176e+00 5.5345701e+00 5.9634370e+00 6.3841621e+00 6.3092551e+00 5.9206562e+00 5.7055542e+00 5.7938680e+00 5.9428632e+00 6.3378284e+00 5.9143932e+00 6.1872524e+00 6.4502209e+00 6.7405329e+00 7.1775353e+00 7.7157378e+00 7.1590232e+00 6.8281782e+00 7.1761970e+00 7.5626072e+00 7.6416793e+00 7.3691305e+00 7.0932723e+00 7.0041891e+00 7.0843652e+00 7.0503527e+00 7.0158774e+00 6.9960596e+00 7.0492701e+00 7.1420786e+00 7.2785146e+00 7.3381526e+00 7.3187111e+00 7.3131602e+00
7.9586060e+00 8.0482905e+00 8.0870942e+00 8.1377245e+00 8.1563287e+00 8.1166225e+00 8.0524175e+00 7.9751051e+00 7.8579043e+00 7.8005657e+00 8.2925281e+00 7.9495512e+00 7.8963861e+00 7.6813352e+00 7.1859528e+00 6.8276671e+00 6.8586099e+00 6.8847751e+00 7.2080257e+00 7.3826248e+00 7.2283994e+00 6.6468586e+00 6.1590904e+00 6.2300146e+00 6.5672346e+00 6.8234353e+00 6.7951094e+00 6.8959168e+00 7.0372434e+00 7.0544165e+00 7.0638565e+00 7.4525122e+00 7.3214873e+00 7.2859713e+00 7.6105882e+00 8.0414419e+00 8.2591472e+00 7.7977761e+00 7.3111047e+00 7.2323949e+00 7.2052960e+00 7.1159250e+00 7.1275092e+00 7.1046743e+00 7.1594923e+00 7.2918120e+00 7.4022332e+00 7.4805541e+00 7.4403243e+00 7.3636258e+00
8.2491161e+00 8.3277747e+00 8.3705413e+00 8.4047939e+00 8.4390686e+00 8.4159890e+00 8.3967253e+00 8.3166874e+00 8.2174490e+00 8.2045003e+00 8.1719818e+00 8.4246053e+00 9.0774993e+00 8.9687921e+00 8.7008599e+00 8.4508215e+00 8.0691812e+00 8.0198520e+00 8.4389314e+00 8.5333593e+00 8.2662029e+00 7.6108614e+00 7.0731275e+00 6.9922674e+00 7.2336094e+00 7.4390689e+00 7.4920286e+00 7.6056816e+00 7.6754532e+00 7.4597050e+00 7.2933547e+00 7.4090573e+00 7.4482672e+00 7.5755249e+00 7.9000438e+00 8.4213115e+00 8.7604393e+00 8.2338900e+00 7.6537514e+00 7.5817695e+00 7.5153603e+00 7.3680811e+00 7.3363056e+00 7.2875911e+00 7.3499753e+00 7.5009693e+00 7.5784671e+00 7.6531426e+00 7.5755175e+00 7.4448104e+00
8.5283428e+00 8.5190793e+00 8.6013029e+00 8.7357258e+00 8.7769098e+00 8.8378572e+00 8.7138935e+00 8.6622055e+00 8.5279280e+00 8.6208505e+00 8.7106187e+00 9.3093033e+00 1.0087600e+01 9.8166921e+00 9.5293746e+00 9.0063589e+00 8.2423948e+00 8.3401473e+00 9.3116885e+00 9.2867869e+00 8.7881384e+00 8.2284572e+00 7.7959971e+00 7.7040692e+00 7.8501562e+00 7.9631136e+00 8.2582688e+00 7.9578765e+00 7.9034328e+00 7.6606324e+00 7.4735495e+00 7.4334630e+00 7.4824803e+00 7.6776782e+00 7.9189936e+00 8.3760342e+00 8.6248204e+00 8.3125464e+00 7.8761825e+00 7.8368916e+00 7.8848997e+00 7.7659714e+00 7.5361401e+00 7.4242213e+00 7.5753909e+00 7.8129049e+00 7.7132912e+00 7.7024260e+00 7.6271102e+00 7.5315161e+00
8.5994531e+00 8.7730034e+00 8.8404053e+00 8.9491342e+00 9.0626765e+00 9.0630501e+00 9.0213275e+00 8.8688078e+00 8.7102108e+00 8.9589459e+00 9.3461487e+00 9.5453032e+00 9.3107487e+00 9.2731778e+00 9.1833720e+00 8.8887472e+00 8.0095600e+00 7.1487970e+00 8.9612121e+00 9.2672155e+00 9.0069781e+00 8.7265701e+00 8.5840232e+00 8.5908667e+00 8.7206058e+00 8.8272066e+00 8.8465938e+00 8.4226288e+00 8.2644538e+00 7.9789219e+00 7.6679555e+00 7.4732144e+00 7.4323531e+00 7.6443348e+00 7.9257295e+00 8.1552661e+00 8.2774004e+00 8.1322925e+00 7.9041141e+00 7.7426656e+00 7.9234406e+00 7.9611304e+00 7.9306121e+00 7.7401763e+00 7.8144848e+00 7.9716584e+00 7.8385136e+00 7.7380394e+00 7.6732210e+00 7.6221286e+00
8.9326693e+00 9.1029136e+00 9.2080441e+00 9.1962265e+00 9.2232372e+00 9.3575775e+00 9.2956508e+00 9.0225969e+00 9.2695205e+00 9.8839366e+00 1.0109505e+01 1.0191355e+01 9.6243524e+00 9.3983297e+00 8.6764143e+00 9.3168277e+00 9.3783648e+00 8.3608553e+00 8.5750163e+00 8.7257577e+00 8.8053539e+00 8.9047471e+00 9.0523030e+00 9.2709935e+00 9.2784395e+00 9.2879221e+00 9.1670839e+00 8.9327967e+00 8.6687903e+00 8.2597249e+00 7.8647725e+00 7.5862765e+00 7.4612169e+00 7.6923174e+00 7.9181061e+00 8.0199292e+00 8.0808285e+00 8.0354514e+00 7.9674726e+00 7.8686310e+00 7.9814539e+00 8.1103377e+00 8.2520058e+00 8.0856868e+00 8.0203339e+00 8.0133854e+00 7.8824453e+00 7.7448983e+00 7.7052788e+00 7.7054635e+00
9.2817795e+00 8.9630288e+00 9.3754300e+00 9.8975635e+00 1.0127398e+01 9.7658654e+00 9.5807434e+00 9.0270805e+00 9.0231821e+00 1.0357939e+01 1.0223570e+01 1.0158920e+01 1.0425713e+01 1.0729244e+01 1.0153576e+01 1.0337465e+01 1.0068350e+01 9.1503526e+00 7.8713303e+00 7.9068948e+00 8.4815484e+00 8.8925709e+00 9.2633665e+00 9.6216696e+00 9.5628689e+00 9.4993092e+00 9.4229617e+00 9.2831971e+00 9.0827807e+00 8.6036311e+00 8.1155135e+00 7.8945759e+00 7.8365457e+00 8.0071949e+00 8.1703170e+00 8.1087355e+00 8.0678071e+00 8.0431294e+00 8.0072904e+00 7.9436009e+00 7.9967791e+00 8.0570081e+00 8.2095681e+00 8.2025329e+00 8.1294372e+00 8.0436082e+00 7.9075070e+00 7.7604605e+00 7.7414141e+00 7.7930000e+00
9.4368716e+00 9.5223595e+00 9.7106897e+00 1.0616549e+01 1.1648128e+01 1.1333471e+01 1.1344941e+01 9.9463593e+00 8.8710805e+00 9.9450159e+00 9.6762592e+00 9.9442578e+00 1.0558673e+01 1.0816024e+01 1.0854274e+01 1.0669384e+01 1.0127459e+01 8.8623043e+00 7.0779551e+00 7.6822707e+00 8.6504278e+00 9.0480783e+00 9.4447441e+00 9.7635675e+00 9.7380554e+00 9.6386851e+00 9.5731433e+00 9.5391597e+00 9.5103046e+00 9.0280104e+00 8.5247249e+00 8.3292089e+00 8.2938007e+00 8.4220220e+00 8.5966107e+00 8.4555376e+00 8.2860501e+00 8.2001589e+00 8.1457647e+00 8.0991140e+00 8.0749997e+00 8.1872263e+00 8.2735299e+00 8.2854797e+00 8.2273456e+00 8.1432338e+00 8.0518772e+00 7.9398535e+00 7.9212532e+00 7.9390652e+00
1.0235042e+01 1.0024438e+01 1.0240348e+01 1.0871360e+01 1.1262468e+01 1.2067586e+01 1.3034828e+01 1.2423685e+01 1.1636537e+01 1.1153321e+01 1.0500587e+01 1.0577135e+01 1.0708346e+01 1.0654900e+01 1.0780075e+01 1.0755724e+01 1.0541520e+01 1.0088031e+01 9.7140329e+00 9.2559252e+00 9.1312220e+00 9.4164825e+00 9.7392517e+00 9.9387786e+00 9.9023652e+00 9.7338874e+00 9.6176121e+00 9.5933584e+00 9.5240247e+00 9.1936394e+00 8.8819494e+00 8.7106019e+00 8.7053009e+00 8.7188392e+00 8.7374844e+00 8.6526544e+00 8.5476669e+00 8.4686879e+00 8.3566145e+00 8.3065463e+00 8.2642657e+00 8.3543700e+00 8.4200220e+00 8.4373689e+00 8.3664752e+00 8.2951302e+00 8.2195150e+00 8.1515214e+00 8.1364019e+00 8.1198076e+00
1.0903892e+01 1.0881876e+01 1.0949560e+01 1.1136906e+01 1.1064758e+01 1.1302529e+01 1.1527978e+01 1.1928605e+01 1.1615748e+01 1.1188266e+01 1.0875454e+01 1.0899746e+01 1.0741993e+01 1.0634372e+01 1.0645349e+01 1.0733682e+01 1.0836428e+01 1.0772742e+01 1.0599120e+01 1.0098087e+01 9.7770495e+00 9.8986126e+00 1.0103156e+01 1.0209708e+01 1.0123811e+01 1.0035952e+01 9.7750396e+00 9.6005506e+00 9.4819745e+00 9.2740995e+00 9.0983897e+00 8.9908289e+00 8.9988876e+00 8.9232731e+00 8.8690316e+00 8.8428822e+00 8.8075569e+00 8.6778617e+00 8.5467391e+00 8.4700793e+00 8.4701981e+00 8.5211434e+00 8.5921014e+00 8.6453919e+00 8.5595081e+00 8.4932952e+00 8.4180155e+00 8.3656197e+00 8.3395413e+00 8.3249195e+00
1.1419594e+01 1.1595213e+01 1.1416694e+01 1.1315606e+01 1.0494782e+01 1.0249473e+01 1.1301495e+01 1.1197870e+01 1.1081476e+01 1.0856832e+01 1.0718594e+01 1.1068193e+01 1.0745577e+01 1.0556054e+01 1.0448165e+01 1.0365726e+01 1.0876104e+01 1.0892307e+01 1.0669686e+01 1.0369268e+01 1.0200745e+01 1.0274556e+01 1.0469426e+01 1.0555337e+01 1.0331367e+01 1.0220725e+01 9.9351774e+00 9.6538885e+00 9.5029531e+00 9.3571154e+00 9.2530997e+00 9.1846344e+00 9.1343354e+00 9.0216404e+00 8.9599302e+00 8.9740681e+00 8.9868566e+00 8.8079868e+00 8.6819334e+00 8.6277188e+00 8.6360004e+00 8.6671948e+00 8.7265892e+00 8.7614100e+00 8.6869021e+00 8.6240222e+00 8.5689950e+00 8.5402664e+00 8.5014032e+00 8.4735634e+00
1.1399476e+01 1.1633265e+01 1.1515786e+01 1.1307880e+01 1.0807857e+01 1.0512104e+01 1.0911775e+01 1.0991005e+01 1.0753565e+01 1.0665914e+01 1.0765915e+01 1.0943147e+01 1.0539672e+01 1.0264522e+01 1.0133288e+01 1.0139078e+01 1.0648434e+01 1.0771351e+01 1.0663174e+01 1.0466067e+01 1.0378113e+01 1.0541980e+01 1.0788576e+01 1.0726576e+01 1.0429301e+01 1.0204984e+01 9.9752147e+00 9.8512174e+00 9.6724240e+00 9.4955334e+00 9.4218183e+00 9.3876488e+00 9.3944329e+00 9.2183619e+00 9.0114896e+00 8.9994258e+00 8.9941016e+00 8.9117677e+00 8.8320760e+00 8.8520862e+00 8.8559503e+00 8.7955746e+00 8.8224933e+00 8.8379222e+00 8.8102385e+00 8.7765992e+00 8.7353273e+00 8.7122397e+00 8.6945766e+00 8.6464325e+00
1.1199484e+01 1.1362290e+01 1.1389702e+01 1.1483693e+01 1.1596794e+01 1.1866681e+01 1.1432387e+01 1.1021361e+01 1.0925874e+01 1.0894344e+01 1.0880111e+01 1.0612750e+01 1.0183682e+01 9.8687750e+00 9.9452619e+00 1.0136124e+01 1.0440492e+01 1.0610295e+01 1.0598782e+01 1.0483512e+01 1.0409638e+01 1.0646680e+01 1.0839206e+01 1.0708248e+01 1.0487608e+01 1.0308115e+01 1.0146784e+01 9.9969754e+00 9.8641235e+00 9.7912132e+00 9.7266276e+00 9.6222478e+00 9.6003353e+00 9.3944756e+00 9.1726573e+00 9.1033365e+00 9.0450584e+00 8.9844364e+00 8.9880229e+00 9.0223416e+00 9.0132959e+00 8.9914931e+00 9.0045358e+00 9.0098402e+00 8.9980585e+00 8.9741099e+00 8.9329018e+00 8.9131169e+00 8.9672306e+00 8.9372269e+00
1.1242150e+01 1.1129252e+01 1.1156132e+01 1.1504633e+01 1.1925694e+01 1.2218631e+01 1.1955099e+01 1.1534056e+01 1.1458127e+01 1.1562251e+01 1.1055635e+01 1.0635980e+01 1.0315060e+01 1.0150457e+01 1.0178937e+01 1.0311203e+01 1.0536270e+01 1.0671638e+01 1.0683711e+01 1.0633994e+01 1.0622741e+01 1.0762447e+01 1.0865475e+01 1.0760013e+01 1.0605168e+01 1.0336701e+01 1.0280051e+01 1.0191725e+01 1.0096149e+01 1.0046444e+01 9.9524221e+00 9.7122728e+00 9.6283462e+00 9.4941099e+00 9.3439501e+00 9.2456120e+00 9.1535099e+00 9.0669022e+00 9.1044242e+00 9.1437685e+00 9.1503099e+00 9.1310599e+00 9.1397400e+00 9.1392176e+00 9.1500397e+00 9.1511127e+00 9.0755743e+00 9.0181784e+00 9.0720629e+00 9.0852119e+00
1.1196978e+01 1.1148503e+01 1.1081000e+01 1.1529243e+01 1.1869037e+01 1.2213719e+01 1.2308489e+01 1.1948092e+01 1.1660985e+01 1.1371666e+01 1.0751936e+01 1.0734589e+01 1.0677070e+01 1.0604895e+01 1.0600480e+01 1.0690300e+01 1.0770129e+01 1.0845966e+01 1.0871234e+01 1.0851329e+01 1.0881936e+01 1.0995341e+01 1.1027465e+01 1.0924784e+01 1.0736516e+01 1.0591849e+01 1.0563467e+01 1.0500778e+01 1.0342627e+01 1.0241578e+01 1.0087056e+01 9.8604082e+00 9.7183576e+00 9.6016953e+00 9.5018299e+00 9.4202831e+00 9.3652590e+00 9.2858829e+00 9.2917198e+00 9.3211654e+00 9.3113838e+00 9.2895577e+00 9.2611326e+00 9.2408131e+00 9.2732164e+00 9.3051628e+00 9.2100349e+00 9.1412061e+00 9.1592740e+00 9.1960580e+00
1.1262356e+01 1.1170817e+01 1.1155337e+01 1.1500137e+01 1.1677760e+01 1.2064122e+01 1.2238207e+01 1.2057037e+01 1.1689903e+01 1.1304286e+01 1.0999864e+01 1.1074515e+01 1.1171101e+01 1.1118663e+01 1.1063555e+01 1.1086849e+01 1.1087945e+01 1.1092989e+01 1.1083043e+01 1.1066939e+01 1.1133576e+01 1.1270443e+01 1.1262963e+01 1.1143619e+01 1.0981268e+01 1.0858968e+01 1.0869594e+01 1.0860600e+01 1.0631421e+01 1.0433356e+01 1.0240881e+01 1.0027584e+01 9.8556721e+00 9.7526127e+00 9.7005094e+00 9.6511359e+00 9.5814616e+00 9.5441513e+00 9.5291397e+00 9.5090344e+00 9.4846334e+00 9.4728489e+00 9.4023860e+00 9.3413111e+00 9.3458173e+00 9.3548343e+00 9.3050602e+00 9.2571187e+00 9.2488728e+00 9.3243379e+00
1.1444928e+01 1.1542726e+01 1.1841990e+01 1.2087018e+01 1.1815798e+01 1.2019060e+01 1.2380588e+01 1.2104408e+01 1.1824500e+01 1.1575709e+01 1.1428881e+01 1.1475006e+01 1.1664884e+01 1.1647564e+01 1.1617838e+01 1.1583326e+01 1.1472532e+01 1.1381331e+01 1.1345879e+01 1.1352358e+01 1.1350201e+01 1.1489895e+01 1.1500374e+01 1.1418118e+01 1.1197579e+01 1.0963743e+01 1.0950789e+01 1.0938699e+01 1.0781995e+01 1.0589841e+01 1.0418065e+01 1.0226353e+01 1.0046098e+01 9.9969357e+00 9.9670015e+00 9.9280508e+00 9.8737682e+00 9.8098079e+00 9.7702831e+00 9.7520075e+00 9.6852109e+00 9.6481003e+00 9.5901911e+00 9.4983928e+00 9.4555387e+00 9.4503682e+00 9.4613704e+00 9.4025462e+00 9.3378849e+00 9.4560135e+00
1.1717886e+01 1.1718304e+01 1.1408279e+01 1.2350149e+01 1.2240733e+01 1.1905255e+01 1.2307980e+01 1.2284383e+01 1.2055675e+01 1.1991689e+01 1.2015001e+01 1.1823625e+01 1.1868580e+01 1.1968450e+01 1.2120835e+01 1.2202088e+01 1.1926210e+01 1.1645424e+01 1.1564097e+01 1.1621018e+01 1.1703384e+01 1.1820724e+01 1.1733129e+01 1.1610175e+01 1.1407626e+01 1.0962058e+01 1.0946025e+01 1.0965533e+01 1.0865806e+01 1.0750423e+01 1.0643981e+01 1.0562837e+01 1.0373781e+01 1.0306953e+01 1.0286237e+01 1.0251875e+01 1.0172152e+01 1.0092353e+01 1.0008213e+01 9.9704334e+00 9.8599886e+00 9.7775299e+00 9.7548883e+00 9.6942025e+00 9.5755109e+00 9.5813937e+00 9.6353938e+00 9.6441530e+00 9.5947802e+00 9.5906324e+00
1.1943093e+01 1.2158081e+01 1.2058306e+01 1.1769073e+01 1.2200398e+01 1.2352914e+01 1.2626918e+01 1.2308573e+01 1.2080658e+01 1.1933566e+01 1.1837700e+01 1.1778811e+01 1.1910325e+01 1.2078285e+01 1.2374131e+01 1.2629612e+01 1.2232405e+01 1.1750761e+01 1.1630902e+01 1.1714917e+01 1.1977861e+01 1.2163810e+01 1.1864016e+01 1.1600782e+01 1.1379332e+01 1.1059460e+01 1.1012441e+01 1.1066010e+01 1.0978933e+01 1.0905095e+01 1.0820821e+01 1.0744136e+01 1.0652986e+01 1.0596660e+01 1.0561390e+01 1.0626851e+01 1.0428213e+01 1.0283187e+01 1.0192217e+01 1.0090603e+01 9.9706195e+00 9.8829538e+00 9.9209148e+00 9.9385463e+00 9.6971374e+00 9.7248532e+00 9.8318226e+00 9.8788921e+00 9.8160911e+00 9.6423423e+00
