presentation/data/depth_0005.asc
ncols     164
nrows     146
xllcorner -1.242151388888889e+02
yllcorner  4.172986111111111e+01
cellsize  2.777777777820000e-04
nodata_value       -9999
[rows 110 to 131 of 146, columns 50 to 99 of 164]
8.9493908e+00 8.3559528e+00 7.1547348e+00 5.3086228e+00 3.5657485e+00 2.7059566e+00 2.2384711e+00 2.3350705e+00 1.8668136e+00 3.1695371e+00 4.5447978e+00 5.0017198e+00 5.1626632e+00 3.6551597e+00 3.1359846e+00 2.9011578e+00 9.4285877e-04 0.0000000e+00 2.3816076e+00 3.0748058e+00 3.3305809e+00 3.7210842e+00 4.0541119e+00 4.3211418e+00 4.4959208e+00 4.5375093e+00 4.4477841e+00 4.5581105e+00 4.9906813e+00 5.3529325e+00 5.7164273e+00 5.8443672e+00 6.1626779e+00 6.2394944e+00 6.3569007e+00 6.4599569e+00 6.5924884e+00 6.6806914e+00 6.7398056e+00 6.7814218e+00 6.8414094e+00 6.8571460e+00 6.8427888e+00 6.7589816e+00 6.7088977e+00 6.6691076e+00 6.7109599e+00 6.7705206e+00 6.8233113e+00 6.8886087e+00
1.0457071e+01 1.0456580e+01 9.1985559e+00 6.3410030e+00 2.9870877e+00 1.6101687e+00 2.4317062e+00 2.3205404e+00 3.3266574e+00 4.4803368e+00 5.5227888e+00 6.4636945e+00 7.1499516e+00 3.1138404e+00 3.5783451e+00 4.5389170e+00 2.2926384e+00 0.0000000e+00 0.0000000e+00 2.4333115e+00 2.9962173e+00 3.3413931e+00 3.6753274e+00 3.9378790e+00 4.1454054e+00 4.2600323e+00 4.2888800e+00 4.2098638e+00 4.4205682e+00 4.9336940e+00 5.3306148e+00 5.6501191e+00 5.8609747e+00 6.1448590e+00 6.2469586e+00 6.3507070e+00 6.4510895e+00 6.5499256e+00 6.6084081e+00 6.6584321e+00 6.6714905e+00 6.6500280e+00 6.5945574e+00 6.5400920e+00 6.5273713e+00 6.5608381e+00 6.6545011e+00 6.7580267e+00 6.8540806e+00 6.9283984e+00
1.1551134e+01 1.1779311e+01 1.0926710e+01 7.6709482e+00 0.0000000e+00 0.0000000e+00 0.0000000e+00 2.2463440e+00 3.7660518e+00 5.3111666e+00 6.6889057e+00 7.7166335e+00 8.5931067e+00 8.7625658e+00 8.9842042e+00 8.6548703e+00 7.2125139e+00 1.2019564e+00 0.0000000e+00 1.2337560e-01 2.7438255e+00 3.0498791e+00 3.3359003e+00 3.6025443e+00 3.8223054e+00 3.9802280e+00 4.0777325e+00 4.0950690e+00 4.1194649e+00 4.5187908e+00 4.9804523e+00 5.3330710e+00 5.6160776e+00 5.8418740e+00 5.9921510e+00 6.0355960e+00 5.9751475e+00 6.0723198e+00 6.1323855e+00 6.1865569e+00 6.2447766e+00 6.2545810e+00 6.2773450e+00 6.2945459e+00 6.3436981e+00 6.4531144e+00 6.6398049e+00 6.7835781e+00 6.9121758e+00 7.0275255e+00
1.2561937e+01 1.1648116e+01 1.1687775e+01 8.8731049e+00 9.3426578e-04 0.0000000e+00 0.0000000e+00 0.0000000e+00 5.9618146e+00 6.9039656e+00 8.1901856e+00 8.6308854e+00 9.2289052e+00 9.6241618e+00 1.0057248e+01 9.5828547e+00 9.2862719e+00 7.7373470e+00 6.8571628e-02 0.0000000e+00 2.2155488e+00 2.8447348e+00 3.0123318e+00 3.2904226e+00 3.5146498e+00 3.7113415e+00 3.8638420e+00 4.0055068e+00 4.1974715e+00 4.3399619e+00 4.7641408e+00 5.1139668e+00 5.3809173e+00 5.5279129e+00 5.4871224e+00 5.2535681e+00 5.1306451e+00 5.2150622e+00 5.4280653e+00 5.5836705e+00 5.7140001e+00 5.8345259e+00 5.9891959e+00 6.1520582e+00 6.2665423e+00 6.4305987e+00 6.6123083e+00 6.8317367e+00 7.0186109e+00 7.1557473e+00
1.3062674e+01 1.3442229e+01 1.3080527e+01 1.1262895e+01 7.8038212e+00 4.7897121e+00 1.2343838e+00 2.8630480e+00 9.2377778e+00 8.5590957e+00 9.6134576e+00 8.3151918e+00 9.3866845e+00 9.8465663e+00 1.0289172e+01 1.0186748e+01 9.5493885e+00 9.0993711e+00 6.2762213e+00 0.0000000e+00 9.6305466e-04 2.8045299e+00 2.8041919e+00 2.9968889e+00 3.2385845e+00 3.4630856e+00 3.6464628e+00 3.8665566e+00 4.2001673e+00 4.5411103e+00 4.6523713e+00 4.8800346e+00 5.0272924e+00 4.9370003e+00 4.6436783e+00 4.4372079e+00 4.4637548e+00 4.8765441e+00 5.1771673e+00 5.2642548e+00 5.4323629e+00 5.5769792e+00 5.8281904e+00 6.0860469e+00 6.2880392e+00 6.4700181e+00 6.7199905e+00 6.9846899e+00 7.2385085e+00 7.3571021e+00
1.3191105e+01 1.3684858e+01 1.3416654e+01 1.0182056e+01 1.1256201e+01 1.0973245e+01 9.9288731e+00 1.0686154e+01 1.1018368e+01 1.0826628e+01 1.0322227e+01 9.9824863e+00 1.1338670e+01 1.1280644e+01 1.0636453e+01 1.0615798e+01 1.0632855e+01 9.7429946e+00 7.3631300e+00 3.0686643e+00 0.0000000e+00 1.4560483e+00 2.7466811e+00 2.7771224e+00 2.9981559e+00 3.2122852e+00 3.4249953e+00 3.6732592e+00 4.0389389e+00 4.4159032e+00 4.6812583e+00 4.6197379e+00 4.5360894e+00 4.2084870e+00 4.0206612e+00 3.9841482e+00 4.1211792e+00 4.6027059e+00 5.0624173e+00 5.1146642e+00 5.3198088e+00 5.5731145e+00 5.8508388e+00 6.1064695e+00 6.3312905e+00 6.5660658e+00 6.8630209e+00 7.1899314e+00 7.5188326e+00 7.6204838e+00
1.3538159e+01 1.3688006e+01 1.3773473e+01 1.4287532e+01 1.3592262e+01 1.3297972e+01 1.3180553e+01 1.2942266e+01 1.2380054e+01 1.1721171e+01 1.1615241e+01 1.1690417e+01 1.1697123e+01 1.1547479e+01 1.1125117e+01 1.1371266e+01 1.1190880e+01 1.0440665e+01 9.3576877e+00 6.3632181e+00 6.7211070e-01 0.0000000e+00 1.8186099e+00 2.7048536e+00 2.8089582e+00 3.0168857e+00 3.2410044e+00 3.4792038e+00 3.8044545e+00 4.1185019e+00 4.4160848e+00 4.3665759e+00 4.0256488e+00 3.8084772e+00 3.7245154e+00 3.8337190e+00 3.9871118e+00 4.2369714e+00 4.5651561e+00 4.9429883e+00 5.2883305e+00 5.6236373e+00 5.9346500e+00 6.1749303e+00 6.3963804e+00 6.6550215e+00 7.0149956e+00 7.7384952e+00 7.7757964e+00 7.6847269e+00
1.4759730e+01 1.4621850e+01 1.4291463e+01 1.3670968e+01 1.4095332e+01 1.3893683e+01 1.3487273e+01 1.3408895e+01 1.2571667e+01 1.2375389e+01 1.2221555e+01 1.2406778e+01 1.2421461e+01 1.2120726e+01 1.1256498e+01 1.1284364e+01 1.0947608e+01 1.0279432e+01 1.0424619e+01 9.7944111e+00 6.1915429e+00 0.0000000e+00 0.0000000e+00 2.2106828e+00 2.6865591e+00 2.7683615e+00 2.9033985e+00 3.0741245e+00 3.2726323e+00 3.4646075e+00 3.6603705e+00 3.7613613e+00 3.6904300e+00 3.5628720e+00 3.5265848e+00 3.5937251e+00 3.8221312e+00 4.1564010e+00 4.5154878e+00 5.0171553e+00 5.4050430e+00 5.6863162e+00 6.0268193e+00 6.2967849e+00 6.5213928e+00 6.7521518e+00 6.7494981e+00 7.0967902e+00 7.7928244e+00 7.8080877e+00
1.5048862e+01 1.5504289e+01 1.5247055e+01 1.4893123e+01 1.4505322e+01 1.3833030e+01 1.3643821e+01 1.3452504e+01 1.3358316e+01 1.2951105e+01 1.2417374e+01 1.2679680e+01 1.2588987e+01 1.2530247e+01 1.1742506e+01 1.0788635e+01 1.1527912e+01 1.0496080e+01 9.8506268e+00 1.0311876e+01 8.3355413e+00 0.0000000e+00 0.0000000e+00 1.5739618e-02 2.2310902e+00 2.6753334e+00 2.8174708e+00 2.7841230e+00 2.8268855e+00 2.8576913e+00 2.8485788e+00 3.0053611e+00 3.1740717e+00 3.2954384e+00 3.2445373e+00 3.3532073e+00 3.6497495e+00 4.0818718e+00 4.5937735e+00 5.1009244e+00 5.6351628e+00 5.9179528e+00 6.2372099e+00 6.4841463e+00 6.7567086e+00 7.0128666e+00 7.2014317e+00 7.3934089e+00 7.7902867e+00 8.0256995e+00
1.5125336e+01 1.4762240e+01 1.5215460e+01 1.4909538e+01 1.4400149e+01 1.3553038e+01 1.3850468e+01 1.3759047e+01 1.3970177e+01 1.3569538e+01 1.2578769e+01 1.2444307e+01 1.2040313e+01 1.2949368e+01 1.2896984e+01 1.1954854e+01 1.1911110e+01 1.0762314e+01 1.1192741e+01 1.0651972e+01 1.0219129e+01 3.4854682e+00 0.0000000e+00 0.0000000e+00 0.0000000e+00 2.0412931e+00 2.0946584e+00 2.3672156e+00 2.2271196e+00 2.4452283e+00 2.4200329e+00 2.3635059e+00 2.5961344e+00 2.8029517e+00 3.1076416e+00 3.1739263e+00 3.4471023e+00 4.1473330e+00 4.8485471e+00 5.4720723e+00 5.9577740e+00 6.2604467e+00 6.5793190e+00 6.8411268e+00 7.1166399e+00 7.3788825e+00 7.6843394e+00 7.9612401e+00 8.1281439e+00 8.2929909e+00
1.5309243e+01 1.5411883e+01 1.5247901e+01 1.4692123e+01 1.4416574e+01 1.4287085e+01 1.4341923e+01 1.3961312e+01 1.3007003e+01 1.3929807e+01 1.3067037e+01 1.2656184e+01 1.2636179e+01 1.2721562e+01 1.3215766e+01 1.3163013e+01 1.2665411e+01 1.2206170e+01 1.1504866e+01 1.0133836e+01 1.0756755e+01 8.6066824e+00 9.1296584e-04 0.0000000e+00 0.0000000e+00 0.0000000e+00 0.0000000e+00 0.0000000e+00 0.0000000e+00 0.0000000e+00 1.6683515e+00 1.0271330e+00 2.4101089e+00 2.3515004e+00 2.4770829e+00 3.3483815e+00 3.5738516e+00 4.1786729e+00 5.3134419e+00 6.1959541e+00 6.5609322e+00 6.7930072e+00 7.0849378e+00 7.3578918e+00 7.6268630e+00 7.8549600e+00 8.1164911e+00 8.3510884e+00 8.5333959e+00 8.6613186e+00
1.5628074e+01 1.5435155e+01 1.5549562e+01 1.5108136e+01 1.4572000e+01 1.4448160e+01 1.4226230e+01 1.4163134e+01 1.3913660e+01 1.4461750e+01 1.3545632e+01 1.3062771e+01 1.2805800e+01 1.2922892e+01 1.3403027e+01 1.2922177e+01 1.3210332e+01 1.2471158e+01 1.1670541e+01 1.1289683e+01 1.1065976e+01 1.1534588e+01 8.1362858e+00 1.3608663e+00 0.0000000e+00 0.0000000e+00 0.0000000e+00 0.0000000e+00 0.0000000e+00 0.0000000e+00 0.0000000e+00 0.0000000e+00 0.0000000e+00 0.0000000e+00 0.0000000e+00 1.5035171e-01 6.0010940e-01 2.3879937e+00 6.7786815e+00 7.1826444e+00 7.3472286e+00 7.5457275e+00 7.8016411e+00 8.0213158e+00 8.2420724e+00 8.4227222e+00 8.6150021e+00 8.7419995e+00 8.8875156e+00 9.0604118e+00
1.6047659e+01 1.5946763e+01 1.5808853e+01 1.5343693e+01 1.4868038e+01 1.4668774e+01 1.4568255e+01 1.4537669e+01 1.4555865e+01 1.4327040e+01 1.3848782e+01 1.3571285e+01 1.3468640e+01 1.3474917e+01 1.3813856e+01 1.3678231e+01 1.2385942e+01 1.2540862e+01 1.2275456e+01 1.1788834e+01 1.0910451e+01 1.1787841e+01 1.1445374e+01 9.0475780e+00 7.5683918e+00 2.9423386e+00 1.8690109e+00 3.5393943e+00 8.1406058e+00 8.1418880e+00 8.5263391e+00 8.0764883e+00 6.7963375e+00 5.5172848e+00 3.5416304e+00 1.4960504e+00 2.9435286e-03 4.2629104e-01 8.5404607e+00 8.7242514e+00 8.4575560e+00 8.5038596e+00 8.6381049e+00 8.7720874e+00 8.8851968e+00 9.0092264e+00 9.0860813e+00 9.1434062e+00 9.1238710e+00 9.3290626e+00
1.5806459e+01 1.5935506e+01 1.5919914e+01 1.5579040e+01 1.5366103e+01 1.3851704e+01 1.4677532e+01 1.5082871e+01 1.4734256e+01 1.4479475e+01 1.4234672e+01 1.4158622e+01 1.4005550e+01 1.4079486e+01 1.3989276e+01 1.3749862e+01 1.3851793e+01 1.2435985e+01 1.2759321e+01 1.2431669e+01 1.2127275e+01 1.1921167e+01 1.1776683e+01 1.1698144e+01 1.0488571e+01 5.4881321e+00 4.0809064e+00 5.7805070e+00 8.3917766e+00 1.1154680e+01 1.1019487e+01 1.0668838e+01 1.0878525e+01 1.0454211e+01 1.0152758e+01 1.0694031e+01 1.0319953e+01 9.5905930e+00 1.0125028e+01 9.6324216e+00 9.4203050e+00 9.3747912e+00 9.3975578e+00 9.4129547e+00 9.4321767e+00 9.4949568e+00 9.5507151e+00 9.5504879e+00 9.3871418e+00 9.3492119e+00
1.6453465e+01 1.6379485e+01 1.6184297e+01 1.5971361e+01 1.5649153e+01 1.2008125e+01 1.4667172e+01 1.5592323e+01 1.5211009e+01 1.4991527e+01 1.4816990e+01 1.4730331e+01 1.4482467e+01 1.4441488e+01 1.4356259e+01 1.4035114e+01 1.3863929e+01 1.2689787e+01 1.2808065e+01 1.3246061e+01 1.3194697e+01 1.2585967e+01 1.1875377e+01 1.1776839e+01 1.1494078e+01 8.8385602e+00 5.8267869e+00 6.0472412e+00 8.3746146e+00 1.1142079e+01 1.0395685e+01 1.0990711e+01 1.0733984e+01 1.1089232e+01 1.1332738e+01 1.1186763e+01 1.0122232e+01 1.0506203e+01 1.0279597e+01 1.0111042e+01 1.0004805e+01 9.9398997e+00 9.8827162e+00 9.8653419e+00 9.8489909e+00 9.8560671e+00 9.9058625e+00 9.2084177e+00 9.6190721e+00 9.7067795e+00
1.6714906e+01 1.6619338e+01 1.6556850e+01 1.6312976e+01 1.6320852e+01 1.6262950e+01 1.6227068e+01 1.6133467e+01 1.6027034e+01 1.5798175e+01 1.5499963e+01 1.5415484e+01 1.5074753e+01 1.5096306e+01 1.4838934e+01 1.4455770e+01 1.2682395e+01 1.3752943e+01 1.3700258e+01 1.3198434e+01 1.3110226e+01 1.3448759e+01 1.2718618e+01 1.2262907e+01 1.1922265e+01 1.1387788e+01 8.6239766e+00 8.3475121e+00 1.1417911e+01 1.1124664e+01 1.0470255e+01 1.1027291e+01 1.0286016e+01 1.0499880e+01 1.1315703e+01 1.1275273e+01 1.1478458e+01 1.0911161e+01 1.0594596e+01 1.0480261e+01 1.0360504e+01 1.0275338e+01 1.0226533e+01 1.0179341e+01 1.0167785e+01 1.0112809e+01 1.0044973e+01 8.8085707e+00 9.1582628e+00 9.9228690e+00
1.6998844e+01 1.6899913e+01 1.6850716e+01 1.6810146e+01 1.6698328e+01 1.6549686e+01 1.6503579e+01 1.6191495e+01 1.6418194e+01 1.6172614e+01 1.6168985e+01 1.5682620e+01 1.5544850e+01 1.5368881e+01 1.5213019e+01 1.4726642e+01 1.4048491e+01 1.4391714e+01 1.4323603e+01 1.4202016e+01 1.3683286e+01 1.4139313e+01 1.3600635e+01 1.2919213e+01 1.2594361e+01 1.1784922e+01 1.1981586e+01 1.2375035e+01 1.2005467e+01 1.1463781e+01 1.1211683e+01 1.1152833e+01 1.0963098e+01 1.1210262e+01 1.1422505e+01 1.1709998e+01 1.1615905e+01 1.1344984e+01 1.0844535e+01 1.0675579e+01 1.0566837e+01 1.0474633e+01 1.0409383e+01 1.0337977e+01 1.0306345e+01 1.0259768e+01 1.0181243e+01 1.0210946e+01 1.0257614e+01 1.0224014e+01
1.7325142e+01 1.7223546e+01 1.7148639e+01 1.7163674e+01 1.7032327e+01 1.6872022e+01 1.6685807e+01 1.6557756e+01 1.6511887e+01 1.6351014e+01 1.6181920e+01 1.6118035e+01 1.5871181e+01 1.5602866e+01 1.5522546e+01 1.5386298e+01 1.4978637e+01 1.4667414e+01 1.4701145e+01 1.4584852e+01 1.4565262e+01 1.4580020e+01 1.4358771e+01 1.3502146e+01 1.3067549e+01 1.2268833e+01 1.3016423e+01 1.2636210e+01 1.2219161e+01 1.1709286e+01 1.1519892e+01 1.1013550e+01 1.0377176e+01 1.1101500e+01 9.9290133e+00 1.1431515e+01 1.1784546e+01 1.1483729e+01 1.1080801e+01 1.0838264e+01 1.0697034e+01 1.0582342e+01 1.0500387e+01 1.0413234e+01 1.0364714e+01 1.0353411e+01 1.0267093e+01 1.0282521e+01 1.0252410e+01 1.0246424e+01
1.7620389e+01 1.7514465e+01 1.7418774e+01 1.7357493e+01 1.7394937e+01 1.7218952e+01 1.6958762e+01 1.6751658e+01 1.6635155e+01 1.6546814e+01 1.6351244e+01 1.6271608e+01 1.6107690e+01 1.5985852e+01 1.5708229e+01 1.5279448e+01 1.5048704e+01 1.4666043e+01 1.4916839e+01 1.4906966e+01 1.4868223e+01 1.4684030e+01 1.4611962e+01 1.3878730e+01 1.3770217e+01 1.3526684e+01 1.3254632e+01 1.2856704e+01 1.2757178e+01 1.2164754e+01 1.2091777e+01 1.1713741e+01 1.1020793e+01 1.1118325e+01 1.1225617e+01 1.1981472e+01 1.1998221e+01 1.1524998e+01 1.1202104e+01 1.0994862e+01 1.0835852e+01 1.0704915e+01 1.0618825e+01 1.0523035e+01 1.0468732e+01 1.0438603e+01 1.0397826e+01 1.0423972e+01 1.0425966e+01 1.0367744e+01
1.7909513e+01 1.7947086e+01 1.7755136e+01 1.7475908e+01 1.7362540e+01 1.7255589e+01 1.7149955e+01 1.6938444e+01 1.6784753e+01 1.6737048e+01 1.6566414e+01 1.6441828e+01 1.6344188e+01 1.6394367e+01 1.6036887e+01 1.6033883e+01 1.5406516e+01 1.4666144e+01 1.5102745e+01 1.5261508e+01 1.5195658e+01 1.4963559e+01 1.4396615e+01 1.4124060e+01 1.4038617e+01 1.3984495e+01 1.3477590e+01 1.2644969e+01 1.3114177e+01 1.3168751e+01 1.2159230e+01 1.2018945e+01 1.1888150e+01 1.1375337e+01 1.1983357e+01 1.2006408e+01 1.1009512e+01 1.1501220e+01 1.1417203e+01 1.1186898e+01 1.1013132e+01 1.0880498e+01 1.0789168e+01 1.0701673e+01 1.0653719e+01 1.0645492e+01 1.0645456e+01 1.0265037e+01 1.0740157e+01 1.0658566e+01
1.8120439e+01 1.7912035e+01 1.7908276e+01 1.7672168e+01 1.7460012e+01 1.7402703e+01 1.7401074e+01 1.7202191e+01 1.7073017e+01 1.7005041e+01 1.6923383e+01 1.6823549e+01 1.6755009e+01 1.6707552e+01 1.6410500e+01 1.6276032e+01 1.5704693e+01 1.2629719e+01 1.4609326e+01 1.5067090e+01 1.4841294e+01 1.4772999e+01 1.4776518e+01 1.4647515e+01 1.4483708e+01 1.4525047e+01 1.3751716e+01 1.3313206e+01 1.1909882e+01 1.2657789e+01 1.3100084e+01 1.2770234e+01 1.2313401e+01 1.1044270e+01 1.1482922e+01 1.1212468e+01 1.0759983e+01 1.1585469e+01 1.1565593e+01 1.1354564e+01 1.1165166e+01 1.1028755e+01 1.0957789e+01 1.0918836e+01 1.0949463e+01 1.1008923e+01 1.0920894e+01 1.0543192e+01 1.0853514e+01 1.1014258e+01
1.8205370e+01 1.8096624e+01 1.7947772e+01 1.7838811e+01 1.7645934e+01 1.7578839e+01 1.7572318e+01 1.7566218e+01 1.7509256e+01 1.7422175e+01 1.7340852e+01 1.7216594e+01 1.7058469e+01 1.6826402e+01 1.6721463e+01 1.6297874e+01 1.5979584e+01 1.5517163e+01 1.5825828e+01 1.5419303e+01 1.5213573e+01 1.4654047e+01 1.4317286e+01 1.4773492e+01 1.4841715e+01 1.4903872e+01 1.4252041e+01 1.3766971e+01 1.3431199e+01 1.3405060e+01 1.3205840e+01 1.2789456e+01 1.2514194e+01 1.2484223e+01 1.2346492e+01 1.2293903e+01 1.2097363e+01 1.1971772e+01 1.1727274e+01 1.1523534e+01 1.1352188e+01 1.1219680e+01 1.1155070e+01 1.1153764e+01 1.1030867e+01 1.1004585e+01 1.1059292e+01 8.9983265e+00 8.4841368e+00 9.8620026e+00
