presentation/data/depth_0029.asc
ncols     164
nrows     146
xllcorner -1.242151388888889e+02
yllcorner  4.172986111111111e+01
cellsize  2.777777777820000e-04
nodata_value       -9999
[rows 66 to 87 of 146, columns 0 to 49 of 164]
4.8124517e-01 2.8153289e-01 9.8832490e-04 9.1450973e-04 8.8825077e-04 0.0000000e+00 0.0000000e+00 0.0000000e+00 0.0000000e+00 0.0000000e+00 0.0000000e+00 0.0000000e+00 0.0000000e+00 0.0000000e+00 0.0000000e+00 0.0000000e+00 0.0000000e+00 0.0000000e+00 0.0000000e+00 0.0000000e+00 0.0000000e+00 0.0000000e+00 0.0000000e+00 0.0000000e+00 0.0000000e+00 0.0000000e+00 0.0000000e+00 0.0000000e+00 0.0000000e+00 0.0000000e+00 0.0000000e+00 0.0000000e+00 0.0000000e+00 0.0000000e+00 0.0000000e+00 0.0000000e+00 0.0000000e+00 0.0000000e+00 0.0000000e+00 0.0000000e+00 0.0000000e+00 0.0000000e+00 0.0000000e+00 0.0000000e+00 0.0000000e+00 0.0000000e+00 0.0000000e+00 0.0000000e+00 0.0000000e+00 0.0000000e+00
1.2493947e-01 2.1415009e-01 7.8714579e-01 7.2982966e-01 2.7702107e-01 9.4937430e-04 7.8601789e-04 0.0000000e+00 0.0000000e+00 0.0000000e+00 0.0000000e+00 0.0000000e+00 0.0000000e+00 0.0000000e+00 0.0000000e+00 0.0000000e+00 0.0000000e+00 0.0000000e+00 0.0000000e+00 0.0000000e+00 0.0000000e+00 0.0000000e+00 0.0000000e+00 0.0000000e+00 0.0000000e+00 0.0000000e+00 0.0000000e+00 0.0000000e+00 0.0000000e+00 0.0000000e+00 0.0000000e+00 0.0000000e+00 0.0000000e+00 0.0000000e+00 0.0000000e+00 0.0000000e+00 0.0000000e+00 0.0000000e+00 0.0000000e+00 0.0000000e+00 0.0000000e+00 0.0000000e+00 0.0000000e+00 0.0000000e+00 0.0000000e+00 0.0000000e+00 0.0000000e+00 0.0000000e+00 0.0000000e+00 0.0000000e+00
2.2485942e-02 4.6699570e-01 1.7762343e+00 2.4869679e+00 2.7425635e+00 2.4263334e+00 1.6305788e+00 9.1909752e-04 8.4144253e-04 0.0000000e+00 0.0000000e+00 0.0000000e+00 0.0000000e+00 0.0000000e+00 0.0000000e+00 0.0000000e+00 0.0000000e+00 0.0000000e+00 0.0000000e+00 0.0000000e+00 0.0000000e+00 0.0000000e+00 0.0000000e+00 0.0000000e+00 0.0000000e+00 0.0000000e+00 0.0000000e+00 0.0000000e+00 0.0000000e+00 0.0000000e+00 0.0000000e+00 0.0000000e+00 0.0000000e+00 0.0000000e+00 0.0000000e+00 0.0000000e+00 0.0000000e+00 0.0000000e+00 0.0000000e+00 0.0000000e+00 0.0000000e+00 0.0000000e+00 0.0000000e+00 0.0000000e+00 0.0000000e+00 0.0000000e+00 0.0000000e+00 0.0000000e+00 0.0000000e+00 0.0000000e+00
9.4848578e-04 1.9736297e+00 4.0169900e+00 4.2839284e+00 4.3393513e+00 4.3878255e+00 3.8875039e+00 2.9345076e+00 2.0926590e+00 1.7667475e+00 9.7398869e-04 7.5009878e-04 0.0000000e+00 0.0000000e+00 0.0000000e+00 0.0000000e+00 0.0000000e+00 0.0000000e+00 0.0000000e+00 0.0000000e+00 0.0000000e+00 0.0000000e+00 0.0000000e+00 0.0000000e+00 0.0000000e+00 0.0000000e+00 0.0000000e+00 0.0000000e+00 0.0000000e+00 0.0000000e+00 0.0000000e+00 0.0000000e+00 0.0000000e+00 0.0000000e+00 0.0000000e+00 0.0000000e+00 0.0000000e+00 0.0000000e+00 0.0000000e+00 0.0000000e+00 0.0000000e+00 0.0000000e+00 0.0000000e+00 0.0000000e+00 0.0000000e+00 0.0000000e+00 0.0000000e+00 0.0000000e+00 0.0000000e+00 0.0000000e+00
1.4341289e+00 4.1747006e+00 4.3600311e+00 4.5013809e+00 4.5663840e+00 4.4963700e+00 4.0754211e+00 3.6916984e+00 4.3976648e+00 3.8454159e+00 2.0741428e+00 8.5771477e-04 0.0000000e+00 0.0000000e+00 0.0000000e+00 0.0000000e+00 0.0000000e+00 0.0000000e+00 0.0000000e+00 0.0000000e+00 0.0000000e+00 0.0000000e+00 0.0000000e+00 0.0000000e+00 0.0000000e+00 0.0000000e+00 0.0000000e+00 0.0000000e+00 0.0000000e+00 0.0000000e+00 0.0000000e+00 0.0000000e+00 0.0000000e+00 0.0000000e+00 0.0000000e+00 0.0000000e+00 0.0000000e+00 0.0000000e+00 0.0000000e+00 0.0000000e+00 0.0000000e+00 0.0000000e+00 0.0000000e+00 0.0000000e+00 0.0000000e+00 0.0000000e+00 0.0000000e+00 0.0000000e+00 0.0000000e+00 0.0000000e+00
3.9897251e+00 2.2505250e+00 3.3545373e+00 4.3582177e+00 4.5501498e+00 3.2338895e+00 3.6653514e+00 3.8131801e+00 4.6291430e+00 3.9714716e+00 1.6367688e+00 5.8395253e-04 0.0000000e+00 0.0000000e+00 0.0000000e+00 0.0000000e+00 0.0000000e+00 0.0000000e+00 0.0000000e+00 0.0000000e+00 0.0000000e+00 0.0000000e+00 0.0000000e+00 0.0000000e+00 0.0000000e+00 0.0000000e+00 0.0000000e+00 0.0000000e+00 0.0000000e+00 0.0000000e+00 0.0000000e+00 0.0000000e+00 0.0000000e+00 0.0000000e+00 0.0000000e+00 0.0000000e+00 0.0000000e+00 0.0000000e+00 0.0000000e+00 0.0000000e+00 0.0000000e+00 0.0000000e+00 0.0000000e+00 0.0000000e+00 0.0000000e+00 0.0000000e+00 0.0000000e+00 0.0000000e+00 0.0000000e+00 0.0000000e+00
4.0761250e+00 2.8668213e+00 3.6574725e+00 3.4937673e+00 4.5522398e+00 4.6695357e+00 4.5943789e+00 4.5922025e+00 4.6061357e+00 3.6795982e+00 9.0446148e-01 8.7839071e-04 0.0000000e+00 0.0000000e+00 0.0000000e+00 0.0000000e+00 0.0000000e+00 0.0000000e+00 0.0000000e+00 0.0000000e+00 0.0000000e+00 0.0000000e+00 0.0000000e+00 0.0000000e+00 0.0000000e+00 0.0000000e+00 0.0000000e+00 0.0000000e+00 0.0000000e+00 0.0000000e+00 0.0000000e+00 0.0000000e+00 0.0000000e+00 0.0000000e+00 0.0000000e+00 0.0000000e+00 0.0000000e+00 0.0000000e+00 0.0000000e+00 0.0000000e+00 0.0000000e+00 0.0000000e+00 0.0000000e+00 0.0000000e+00 0.0000000e+00 9.9969551e-04 0.0000000e+00 0.0000000e+00 9.9632269e-04 9.9975429e-04
4.3159240e+00 4.1270478e+00 4.3004401e+00 4.2385599e+00 4.5486169e+00 4.6277834e+00 4.6625079e+00 4.6992004e+00 4.4731919e+00 2.9155012e+00 2.0628863e+00 1.4943256e+00 1.3304738e+00 1.6826764e+00 1.9389186e+00 1.9079445e+00 1.4138034e+00 9.3359034e-01 9.3832852e-04 9.2949442e-04 9.5040976e-04 9.8524701e-04 0.0000000e+00 0.0000000e+00 0.0000000e+00 0.0000000e+00 0.0000000e+00 0.0000000e+00 0.0000000e+00 0.0000000e+00 0.0000000e+00 0.0000000e+00 0.0000000e+00 0.0000000e+00 0.0000000e+00 0.0000000e+00 0.0000000e+00 0.0000000e+00 0.0000000e+00 0.0000000e+00 0.0000000e+00 0.0000000e+00 0.0000000e+00 0.0000000e+00 9.9979242e-04 9.9688757e-04 9.9848744e-04 9.8613259e-04 9.9756050e-04 9.9947222e-04
5.1071389e+00 4.4109512e+00 4.2937606e+00 4.3651126e+00 4.5331624e+00 4.7328308e+00 4.8434721e+00 4.8900695e+00 4.7766372e+00 4.4531981e+00 4.1725743e+00 4.0302721e+00 3.9553210e+00 4.0529323e+00 4.2592453e+00 4.1114595e+00 4.1199061e+00 4.0960150e+00 3.8022613e+00 3.4153461e+00 3.0308935e+00 1.8956215e+00 1.0691459e+00 9.6012824e-04 9.0305781e-04 9.2445289e-04 0.0000000e+00 0.0000000e+00 0.0000000e+00 0.0000000e+00 0.0000000e+00 0.0000000e+00 0.0000000e+00 0.0000000e+00 0.0000000e+00 0.0000000e+00 0.0000000e+00 0.0000000e+00 0.0000000e+00 0.0000000e+00 0.0000000e+00 0.0000000e+00 0.0000000e+00 9.9482613e-04 9.9870596e-04 9.9754497e-04 1.0639133e-02 2.0181772e-03 9.9319418e-04 9.9898683e-04
6.1096021e+00 4.8671210e+00 4.1376992e+00 4.3256875e+00 4.6356150e+00 4.9876281e+00 5.2058790e+00 5.2632474e+00 5.2121727e+00 5.0814594e+00 4.8973561e+00 4.7922128e+00 4.6978855e+00 4.6532011e+00 4.2791519e+00 3.4142150e+00 4.2395194e+00 4.4476962e+00 4.3917303e+00 4.2635598e+00 4.3087939e+00 3.9282001e+00 3.8120726e+00 3.1055911e+00 3.7431917e+00 1.6771867e+00 8.9581062e-04 0.0000000e+00 0.0000000e+00 0.0000000e+00 0.0000000e+00 0.0000000e+00 0.0000000e+00 0.0000000e+00 0.0000000e+00 0.0000000e+00 0.0000000e+00 0.0000000e+00 0.0000000e+00 0.0000000e+00 0.0000000e+00 0.0000000e+00 3.7113552e-06 9.9419864e-04 9.9747937e-04 9.8366817e-04 7.1629200e-04 2.7782738e-03 9.8924549e-04 9.6259031e-04
7.2616116e+00 5.3533135e+00 4.0481251e+00 3.5632374e+00 4.2587449e+00 5.5840067e+00 5.8031631e+00 5.8506143e+00 5.7582375e+00 5.5464873e+00 5.2599176e+00 4.9867366e+00 4.7548899e+00 4.5894435e+00 3.8086605e+00 3.2503772e+00 3.7382414e+00 4.2697981e+00 3.8163461e+00 3.8942278e+00 3.9998564e+00 3.6025915e+00 4.1306134e+00 4.0612481e+00 4.1558473e+00 4.1083583e+00 2.7802194e+00 7.8355104e-02 9.6551301e-04 0.0000000e+00 0.0000000e+00 0.0000000e+00 0.0000000e+00 0.0000000e+00 0.0000000e+00 0.0000000e+00 0.0000000e+00 0.0000000e+00 0.0000000e+00 0.0000000e+00 0.0000000e+00 0.0000000e+00 9.7540778e-04 9.9240860e-04 9.7476642e-04 8.4804774e-04 9.9825681e-04 1.1400734e-03 9.9146319e-04 9.2474664e-04
9.4105852e+00 6.8267822e+00 4.5443380e+00 3.8933244e+00 5.4311857e+00 6.5034812e+00 6.6266992e+00 6.6220927e+00 6.4586291e+00 6.1511430e+00 5.7663700e+00 5.3334834e+00 4.9455443e+00 4.6843611e+00 4.3031596e+00 3.7703680e+00 4.3424279e+00 4.4889293e+00 4.2475501e+00 4.0758084e+00 4.3365558e+00 4.0747542e+00 4.1433375e+00 4.0761342e+00 4.1613341e+00 4.3553123e+00 3.1398307e+00 3.5491289e+00 1.9158363e+00 8.2396791e-04 9.3928395e-04 0.0000000e+00 0.0000000e+00 0.0000000e+00 0.0000000e+00 0.0000000e+00 0.0000000e+00 0.0000000e+00 0.0000000e+00 9.9876021e-04 9.9952697e-04 0.0000000e+00 9.8455479e-04 9.9118382e-04 1.6555852e-01 1.4860967e-01 1.0757801e-01 3.4569755e-02 2.1661062e-01 1.5527977e-01
1.1265644e+01 9.4412371e+00 8.5581695e+00 7.0032241e+00 7.6394735e+00 7.5332127e+00 7.4930567e+00 7.3721410e+00 7.0895418e+00 6.7012761e+00 6.1830676e+00 5.6064645e+00 5.0667278e+00 4.7207998e+00 4.3646715e+00 3.6216107e+00 4.3876761e+00 4.4572487e+00 4.8155637e+00 4.6134073e+00 4.0711005e+00 4.1395462e+00 3.5402279e+00 3.9764287e+00 3.6816180e+00 3.2935554e+00 3.8950868e+00 4.0781520e+00 4.2395116e+00 2.7953088e+00 6.0156586e-01 7.4693057e-04 0.0000000e+00 0.0000000e+00 0.0000000e+00 0.0000000e+00 9.9959158e-04 9.9884596e-04 9.9882070e-04 9.9586693e-04 9.9996703e-04 9.8721785e-04 9.8211491e-04 9.7926930e-04 2.9177263e-01 4.1799633e-01 2.8264559e-01 1.8860411e-01 3.5668691e-01 3.4630459e-01
1.1805146e+01 1.1138290e+01 1.1081745e+01 9.5648502e+00 9.8478767e+00 8.9622619e+00 8.6104701e+00 8.3395695e+00 7.9736589e+00 7.4631415e+00 6.7220289e+00 5.9121838e+00 5.1823011e+00 4.5558591e+00 4.1294292e+00 4.0259152e+00 4.1513412e+00 4.2916796e+00 4.8495287e+00 4.2431555e+00 3.4995633e+00 4.2323199e+00 4.2760927e+00 4.3137231e+00 4.0461090e+00 4.1832572e+00 4.0451691e+00 3.9290755e+00 3.9749421e+00 4.4400131e+00 3.4390100e+00 1.6437509e+00 8.9164004e-04 9.2787012e-04 8.8507855e-04 9.9044681e-04 9.7103878e-04 9.9921124e-04 9.9876747e-04 9.9614498e-04 9.9674711e-04 9.9931896e-04 1.1175635e-03 1.8889823e-02 9.2040948e-02 1.4502494e-01 4.0976856e-01 2.8554812e-01 5.6683454e-01 8.1795806e-01
1.2484979e+01 1.2252275e+01 1.1961428e+01 1.1398378e+01 1.0930674e+01 1.0294663e+01 9.9016186e+00 9.5143006e+00 9.2514542e+00 8.7079414e+00 7.5285887e+00 6.2636946e+00 5.4031833e+00 4.7200195e+00 4.1848408e+00 4.0714305e+00 3.9797815e+00 4.1048000e+00 2.0461196e+00 2.8542467e+00 4.3302970e+00 4.2015078e+00 4.4288603e+00 4.3002336e+00 3.2701424e+00 3.9740281e+00 4.2464316e+00 3.9525358e+00 3.9964836e+00 2.9986138e+00 4.3764594e+00 4.3869080e+00 3.6385170e+00 1.5600601e+00 4.0503672e-01 8.7584102e-04 9.8538066e-04 9.9672145e-04 9.9997096e-04 9.9997938e-04 9.9362832e-04 5.4849638e-02 1.7132417e-03 9.4961459e-04 9.7536787e-04 8.9395297e-04 9.3527970e-04 4.3377567e-02 4.0539230e-01 3.0047506e-01
1.2448101e+01 1.2351702e+01 1.2158062e+01 1.1749720e+01 1.1307113e+01 1.0776504e+01 1.0372160e+01 1.0235728e+01 1.0147041e+01 9.6847698e+00 8.2711934e+00 6.4752579e+00 5.7271237e+00 5.1769861e+00 4.2545900e+00 3.3106047e+00 4.1452374e+00 4.1313496e+00 4.2775667e+00 4.3213554e+00 4.5471224e+00 4.3610670e+00 4.5545502e+00 4.1679860e+00 8.2187897e-04 3.0995620e+00 4.3281033e+00 4.0633345e+00 4.0847775e+00 4.2241639e+00 4.3531010e+00 4.5302199e+00 4.5594375e+00 4.2314468e+00 4.0842378e+00 3.4343662e+00 2.4994519e+00 9.6609982e-01 8.6112810e-04 9.9613715e-04 9.9557507e-04 9.6707741e-04 1.0389841e-03 9.9218786e-04 9.8989610e-04 9.8123988e-04 9.4210249e-04 8.7964982e-04 9.5632081e-04 1.5587061e-02
1.2275117e+01 1.2127378e+01 1.2005516e+01 1.1743720e+01 1.1433657e+01 1.1066567e+01 1.0776492e+01 1.0596242e+01 1.0414799e+01 9.9485713e+00 8.7561198e+00 6.7645780e+00 6.6394515e+00 6.4372839e+00 4.8649187e+00 4.4148906e+00 4.9008383e+00 5.0667606e+00 5.2596192e+00 5.0926722e+00 4.8461585e+00 4.6173942e+00 4.4961849e+00 4.4162093e+00 2.2172691e+00 3.8210991e+00 3.6004926e+00 4.3277288e+00 4.3319217e+00 4.1555713e+00 3.6540384e+00 4.3984648e+00 4.4812748e+00 4.5237862e+00 4.5572315e+00 4.5686151e+00 4.1772771e+00 3.7437820e+00 3.8190295e+00 1.8826010e+00 9.9191576e-04 9.9675367e-04 9.9611546e-04 9.9750772e-04 9.9814541e-04 9.9857304e-04 9.9817081e-04 9.6829180e-04 9.8314220e-04 9.9066339e-04
1.2173338e+01 1.1850042e+01 1.1796564e+01 1.1724151e+01 1.1507051e+01 1.1252930e+01 1.0986408e+01 1.0806246e+01 1.0560205e+01 1.0103923e+01 9.1703654e+00 8.2419386e+00 8.6677574e+00 9.2606846e+00 7.7608845e+00 6.7904307e+00 6.7083822e+00 6.5935136e+00 6.2740658e+00 5.9273316e+00 5.4508837e+00 4.8843291e+00 4.3810007e+00 4.0340513e+00 4.0346188e+00 4.3117799e+00 3.6067490e+00 4.3999986e+00 4.3177462e+00 3.5163526e+00 4.0832097e+00 4.4268938e+00 4.3887211e+00 4.3180350e+00 4.2321358e+00 4.1327638e+00 4.0142127e+00 4.2232104e+00 4.3777767e+00 3.6084023e+00 3.5335335e+00 1.3757499e+00 8.2251506e-04 9.9836578e-04 9.9774880e-04 9.9925733e-04 9.9879861e-04 9.9866229e-04 9.9866510e-04 9.9620669e-04
1.2158481e+01 1.1656310e+01 1.1814710e+01 1.1768693e+01 1.1541098e+01 1.1356304e+01 1.1150754e+01 1.0966342e+01 1.0714296e+01 1.0351041e+01 9.8406378e+00 9.4827404e+00 9.7128142e+00 9.8081372e+00 8.9407628e+00 8.5659078e+00 8.5211344e+00 8.1152671e+00 7.5694474e+00 6.8360686e+00 6.0904025e+00 5.3593352e+00 4.6907368e+00 4.2709063e+00 4.1317702e+00 4.3981561e+00 3.6936502e+00 3.8065241e+00 4.0133394e+00 3.9178979e+00 4.2227015e+00 4.2687471e+00 4.2608043e+00 4.1899983e+00 4.1091667e+00 4.0016635e+00 3.9678603e+00 4.1199031e+00 4.3787502e+00 4.1338813e+00 3.5889218e+00 3.1823732e+00 1.6905013e+00 8.6134183e-04 0.0000000e+00 0.0000000e+00 9.9749328e-04 9.9946624e-04 9.9946535e-04 9.9999585e-04
1.2206615e+01 1.1780739e+01 1.1637697e+01 1.1629728e+01 1.1694198e+01 1.1440791e+01 1.1309220e+01 1.1109537e+01 1.0870242e+01 1.0598330e+01 1.0290004e+01 1.0090917e+01 1.0078893e+01 9.9441910e+00 9.4678740e+00 9.2846087e+00 9.3112526e+00 8.9933545e+00 8.5835452e+00 7.7903204e+00 6.8615789e+00 5.8229754e+00 5.1217858e+00 4.5788133e+00 3.5241277e+00 4.0372679e+00 3.9799257e+00 3.6526872e+00 3.1875837e+00 3.8278422e+00 4.0828108e+00 4.1799728e+00 4.2212713e+00 4.1111868e+00 4.0334334e+00 4.0037018e+00 4.0235540e+00 4.1441893e+00 4.3560598e+00 4.3274803e+00 3.9089875e+00 4.2871219e+00 3.5338572e+00 8.3649663e-04 0.0000000e+00 0.0000000e+00 8.6781785e-04 9.7570967e-04 0.0000000e+00 0.0000000e+00
1.2588969e+01 1.1042569e+01 1.1576065e+01 1.1251943e+01 1.1863502e+01 1.1487558e+01 1.1397446e+01 1.1222388e+01 1.1005204e+01 1.0773494e+01 1.0537884e+01 1.0364545e+01 1.0259835e+01 1.0116024e+01 9.8540786e+00 9.6694388e+00 9.5551986e+00 9.2895676e+00 8.8644633e+00 8.5091199e+00 7.5995447e+00 6.1454756e+00 5.3866830e+00 4.7996318e+00 4.1012475e+00 3.6751936e+00 3.7921329e+00 4.2864413e+00 3.9175798e+00 3.9521332e+00 4.0620282e+00 4.1822030e+00 4.3044575e+00 4.0783293e+00 3.9885101e+00 3.9830346e+00 4.0233079e+00 4.1303024e+00 4.2456025e+00 4.3570255e+00 4.3270967e+00 4.5118821e+00 3.4636148e+00 7.9117636e-01 7.1563909e-04 9.7233982e-04 9.9973685e-04 9.9992676e-04 9.9061204e-04 0.0000000e+00
1.3320285e+01 1.2643171e+01 1.2165413e+01 1.1713904e+01 1.1688626e+01 1.1707225e+01 1.1543032e+01 1.1447645e+01 1.1275618e+01 1.1064776e+01 1.0841585e+01 1.0647480e+01 1.0472629e+01 1.0260233e+01 1.0017283e+01 9.7987520e+00 9.5997516e+00 9.3114978e+00 8.8492385e+00 8.1997467e+00 7.2280549e+00 6.3128083e+00 5.5702778e+00 5.0580240e+00 4.4877489e+00 3.7606092e+00 4.2260990e+00 4.3310511e+00 4.3795590e+00 4.0596349e+00 4.1097014e+00 4.5055509e+00 2.9547148e+00 2.8676875e+00 3.9560035e+00 3.9384516e+00 3.9920024e+00 4.0702193e+00 4.1210679e+00 4.1718898e+00 4.2378289e+00 3.3273189e+00 4.1790681e-04 1.9892968e+00 3.3043383e+00 2.4391439e+00 1.1856134e+00 8.0350555e-04 9.8702558e-04 9.9837621e-04
