presentation/data/depth_0036.asc
ncols     164
nrows     146
xllcorner -1.242151388888889e+02
yllcorner  4.172986111111111e+01
cellsize  2.777777777820000e-04
nodata_value       -9999
[rows 22 to 43 of 146, columns 100 to 149 of 164]
7.7501090e-01 7.5895430e-01 7.4770003e-01 6.4004694e-01 4.2980191e-01 2.0956432e-01 4.0791741e-03 9.9762105e-04 0.0000000e+00 0.0000000e+00 0.0000000e+00 0.0000000e+00 0.0000000e+00 0.0000000e+00 0.0000000e+00 0.0000000e+00 0.0000000e+00 0.0000000e+00 0.0000000e+00 0.0000000e+00 0.0000000e+00 0.0000000e+00 0.0000000e+00 0.0000000e+00 0.0000000e+00 0.0000000e+00 0.0000000e+00 9.2395730e-03 1.4373979e-01 2.2319661e-01 3.8041031e-01 4.9388780e-01 5.0865777e-01 4.9681893e-01 4.2378771e-01 3.9133394e-01 4.2779497e-01 4.8331218e-01 5.0327735e-01 6.1975032e-01 8.7668509e-01 5.5603688e-01 4.8067440e-01 4.7686491e-01 4.7420345e-01 4.7736030e-01 4.8236506e-01 4.8870538e-01 4.9482808e-01 4.0870610e-01
7.7292158e-01 7.5230425e-01 7.5068806e-01 7.4454789e-01 6.8698913e-01 4.9139793e-01 2.2502770e-01 1.0621663e-02 9.9793986e-04 9.9629978e-04 9.7907231e-04 1.5648119e-01 4.3243463e-01 1.7972642e-01 9.7167361e-04 0.0000000e+00 0.0000000e+00 0.0000000e+00 0.0000000e+00 0.0000000e+00 0.0000000e+00 0.0000000e+00 0.0000000e+00 0.0000000e+00 0.0000000e+00 9.7665934e-04 2.6723397e-01 4.6735923e-01 5.5694352e-01 5.5975459e-01 5.8697267e-01 5.8657321e-01 5.8196684e-01 5.7507103e-01 5.6667112e-01 5.5589396e-01 5.4537396e-01 5.3249700e-01 5.9531873e-01 8.7355947e-01 6.0789958e-01 5.0130158e-01 4.9600385e-01 4.9052264e-01 4.8577023e-01 4.8917569e-01 4.9413795e-01 5.0014903e-01 5.0826036e-01 4.8191968e-01
7.6796283e-01 7.4513239e-01 7.4332162e-01 7.4180582e-01 7.3881200e-01 6.7893664e-01 4.7127730e-01 1.9126000e-01 7.0010369e-03 9.4213603e-04 3.4938207e-02 3.5607893e-01 6.2864087e-01 6.3895237e-01 4.6547376e-01 2.6728397e-01 2.5991802e-03 0.0000000e+00 0.0000000e+00 0.0000000e+00 0.0000000e+00 0.0000000e+00 0.0000000e+00 4.1269652e-02 3.2766505e-01 5.2576037e-01 5.9780773e-01 6.0961243e-01 6.0533559e-01 6.0108876e-01 5.9744207e-01 5.9066576e-01 5.8465594e-01 5.7774626e-01 5.6997184e-01 5.6219811e-01 5.5063410e-01 6.1091497e-01 8.8799488e-01 6.7788336e-01 5.2261114e-01 5.1571392e-01 5.0936403e-01 5.0408956e-01 5.0203919e-01 4.9941520e-01 5.0239408e-01 5.0733164e-01 5.1275487e-01 5.1379172e-01
7.5944401e-01 7.3672776e-01 7.3470159e-01 7.3419326e-01 7.2912102e-01 7.2410782e-01 6.6161295e-01 4.4245220e-01 2.0315362e-01 1.2696087e-01 1.6425375e-01 3.7177075e-01 6.0592201e-01 6.5681202e-01 6.5314527e-01 6.4908993e-01 6.3347811e-01 3.9346179e-01 8.9391717e-04 0.0000000e+00 9.4113051e-04 1.6117693e-01 4.4247668e-01 5.7817287e-01 6.1669885e-01 6.2244912e-01 6.1719232e-01 6.1467938e-01 6.0935429e-01 6.0471944e-01 5.9939668e-01 5.9431300e-01 5.8835058e-01 5.8200557e-01 5.7483837e-01 5.6808163e-01 6.2080407e-01 9.3151142e-01 7.0124064e-01 5.4332775e-01 5.3571377e-01 5.2963596e-01 5.2264759e-01 5.1639009e-01 5.1299462e-01 5.0897400e-01 5.0958034e-01 5.1210662e-01 5.1293444e-01 5.1315831e-01
7.5008526e-01 7.2718217e-01 7.2519121e-01 7.2662918e-01 7.1934584e-01 7.1458451e-01 7.0716118e-01 6.6302321e-01 5.0091975e-01 3.4321926e-01 2.7062023e-01 3.3291830e-01 5.1732991e-01 6.3351176e-01 6.5014824e-01 6.4841526e-01 6.4493172e-01 6.3380079e-01 5.6489710e-01 5.1812761e-01 5.7816931e-01 6.2271010e-01 6.3073097e-01 6.2982168e-01 6.2749625e-01 6.2700555e-01 6.1851161e-01 6.1832064e-01 6.1350902e-01 6.0885951e-01 6.0515898e-01 5.9978755e-01 5.9317614e-01 5.8705728e-01 5.8732938e-01 7.0995397e-01 8.9462978e-01 6.6944371e-01 5.5779164e-01 5.7738026e-01 6.1940840e-01 6.2002886e-01 6.0686000e-01 5.6057791e-01 5.2861274e-01 5.1879412e-01 5.1659017e-01 5.1585708e-01 5.1815779e-01 5.1325414e-01
7.4132570e-01 7.1680403e-01 7.1489972e-01 7.1415704e-01 7.0847355e-01 7.0388772e-01 6.9814972e-01 6.9094351e-01 6.6953478e-01 6.0889124e-01 5.0074007e-01 3.8993691e-01 4.4850923e-01 5.7094002e-01 6.4340248e-01 6.4666541e-01 6.4402752e-01 6.3875953e-01 6.3645028e-01 6.3555435e-01 6.3442632e-01 6.3583115e-01 6.3204858e-01 6.3013990e-01 6.2794581e-01 6.2696246e-01 6.2291299e-01 6.2007892e-01 6.1610446e-01 6.1196108e-01 6.0884611e-01 6.0205182e-01 5.9969267e-01 6.8973619e-01 8.9981114e-01 9.3210960e-01 6.9835607e-01 6.4494983e-01 6.5282960e-01 6.4120128e-01 5.8000974e-01 5.5503785e-01 5.6758084e-01 6.1929356e-01 5.9065507e-01 5.3012250e-01 5.2307674e-01 5.1939653e-01 5.1613628e-01 5.0766571e-01
7.2108050e-01 7.0676028e-01 7.0473334e-01 7.0329110e-01 6.9796110e-01 6.9343175e-01 6.8801397e-01 6.8144532e-01 6.7416300e-01 6.6648512e-01 6.4990702e-01 6.0938266e-01 5.7375536e-01 5.7971407e-01 6.3791175e-01 6.4466232e-01 6.4141199e-01 6.3544393e-01 6.3536743e-01 6.3375294e-01 6.3323699e-01 6.3289707e-01 6.3098094e-01 6.3011815e-01 6.2868568e-01 6.2670970e-01 6.2259624e-01 6.2198821e-01 6.1932539e-01 6.1447570e-01 6.1234835e-01 6.5311303e-01 8.6148406e-01 1.0497989e+00 9.7601780e-01 7.4998027e-01 6.0768197e-01 5.9534117e-01 5.8974082e-01 5.6908070e-01 5.5775159e-01 5.5191914e-01 5.4638321e-01 5.4624363e-01 6.0969754e-01 6.1270174e-01 5.3771707e-01 5.2387148e-01 5.1803095e-01 5.0572629e-01
7.2900924e-01 7.0065740e-01 6.9285599e-01 6.8480320e-01 6.8525100e-01 6.8127090e-01 6.7614908e-01 6.7024109e-01 6.6434404e-01 6.5920643e-01 6.5428273e-01 6.5043293e-01 6.5015979e-01 6.4162643e-01 6.4248445e-01 6.4094499e-01 6.3811490e-01 6.3807309e-01 6.3340928e-01 6.3172214e-01 6.3095302e-01 6.2802679e-01 6.2921219e-01 6.2886157e-01 6.2727776e-01 6.2598650e-01 6.2611957e-01 6.2138473e-01 6.1702680e-01 6.3814308e-01 8.0872529e-01 1.0251663e+00 1.0669465e+00 8.0661358e-01 6.1334093e-01 5.8504978e-01 5.8385600e-01 5.7843988e-01 5.7316862e-01 5.6839024e-01 5.6312729e-01 5.5811699e-01 5.5304453e-01 5.4790061e-01 5.5051823e-01 6.0425530e-01 6.2332138e-01 5.3982489e-01 5.1577630e-01 5.0337315e-01
6.9721193e-01 7.1186829e-01 6.9707911e-01 6.8655586e-01 6.7452596e-01 6.6916597e-01 6.6380999e-01 6.5888639e-01 6.5488183e-01 6.5099328e-01 6.4756254e-01 6.4498792e-01 6.4154727e-01 6.3991223e-01 6.3790479e-01 6.3635834e-01 6.3348915e-01 6.3529347e-01 6.2998229e-01 6.2869927e-01 6.2820732e-01 6.2812800e-01 6.2745956e-01 6.2710488e-01 6.2523433e-01 6.2361371e-01 6.2115280e-01 6.1751293e-01 7.0121751e-01 1.0037323e+00 1.0501535e+00 9.2852410e-01 6.8788251e-01 6.0531349e-01 5.9751045e-01 5.9246046e-01 5.8772981e-01 5.8274113e-01 5.7817055e-01 5.7454278e-01 5.6893215e-01 5.6374888e-01 5.5843438e-01 5.5287737e-01 5.5023900e-01 5.4146529e-01 5.7612683e-01 6.2574533e-01 5.5214204e-01 5.0304316e-01
6.7347885e-01 6.7464317e-01 6.8478658e-01 7.0028661e-01 6.9160746e-01 6.8577343e-01 6.7669614e-01 6.6206230e-01 6.4649261e-01 6.4217802e-01 6.3992722e-01 6.3813302e-01 6.3597128e-01 6.3411913e-01 6.3231627e-01 6.3107274e-01 6.2851440e-01 6.2597754e-01 6.2565267e-01 6.2488322e-01 6.2440907e-01 6.2449806e-01 6.2527717e-01 6.2611450e-01 6.2409034e-01 6.2188045e-01 6.2478038e-01 7.9112432e-01 9.9296810e-01 7.5327715e-01 8.9775600e-01 7.4980575e-01 6.0919430e-01 6.0475583e-01 5.9996828e-01 6.0024381e-01 5.9097827e-01 5.8607751e-01 5.8104816e-01 5.7594402e-01 5.7078831e-01 5.6552788e-01 5.6000550e-01 5.5404159e-01 5.4778793e-01 5.4040222e-01 5.3175867e-01 5.4089562e-01 6.0255879e-01 5.6849037e-01
6.5969739e-01 6.5674476e-01 6.5345699e-01 6.4783789e-01 6.4681885e-01 6.4585391e-01 6.4811099e-01 6.6456797e-01 6.6796830e-01 6.4062041e-01 6.3156476e-01 6.3016079e-01 6.2761342e-01 6.2705813e-01 6.2573558e-01 6.2500357e-01 6.2289460e-01 6.2353541e-01 6.2089110e-01 6.2021571e-01 6.2100063e-01 6.2053890e-01 6.2593799e-01 6.2442105e-01 6.1961945e-01 7.1095592e-01 9.0423681e-01 9.2801192e-01 6.8008258e-01 6.3845964e-01 1.0260864e+00 6.8825726e-01 6.0928969e-01 6.0520452e-01 6.0090827e-01 5.9614762e-01 5.9038341e-01 5.8517235e-01 5.8041823e-01 5.7784497e-01 5.7103517e-01 5.6566168e-01 5.6015983e-01 5.5402000e-01 5.4815570e-01 5.3890561e-01 5.2924855e-01 5.1810858e-01 5.1569194e-01 5.4847139e-01
6.4505735e-01 6.4234442e-01 6.3948402e-01 6.3650394e-01 6.3379863e-01 6.3116955e-01 6.2876304e-01 6.2665348e-01 6.3774331e-01 6.5408153e-01 6.2238353e-01 6.2114379e-01 6.2016892e-01 6.1925730e-01 6.1836103e-01 6.1824695e-01 6.1666390e-01 6.1724001e-01 6.1490599e-01 6.1417128e-01 6.2876520e-01 7.5343461e-01 9.5010486e-01 9.3290961e-01 9.4449665e-01 1.0969598e+00 7.9501614e-01 6.2362103e-01 6.1160371e-01 7.4270491e-01 9.6617346e-01 6.2250627e-01 6.0653957e-01 6.0238157e-01 5.9766929e-01 5.9290943e-01 5.8766209e-01 5.8294092e-01 5.7840026e-01 5.7476029e-01 5.6930458e-01 5.6410689e-01 5.5868785e-01 5.5231948e-01 5.4634558e-01 5.3662392e-01 5.2723565e-01 5.1728184e-01 5.0879387e-01 4.9887465e-01
6.3038291e-01 6.2852841e-01 6.2657645e-01 6.2479662e-01 6.2244259e-01 6.2031333e-01 6.1819432e-01 6.1618526e-01 6.1775104e-01 6.4737197e-01 6.1403714e-01 6.1132871e-01 6.0878884e-01 6.1073287e-01 6.1076673e-01 6.1132712e-01 6.0995655e-01 6.0906023e-01 6.0730822e-01 6.1412633e-01 8.2333643e-01 1.3944573e+00 1.8497752e+00 1.8116843e+00 1.2580085e+00 7.9009421e-01 7.5009486e-01 7.1121730e-01 8.1745060e-01 9.4749774e-01 6.8984796e-01 6.0608777e-01 6.0222451e-01 5.9817350e-01 5.9335727e-01 5.8968579e-01 5.8347112e-01 5.7884912e-01 5.7444729e-01 5.6998875e-01 5.6565088e-01 5.6085233e-01 5.5599802e-01 5.5000665e-01 5.4369066e-01 5.3502104e-01 5.2632765e-01 5.1665679e-01 5.0871267e-01 4.9890811e-01
6.1595141e-01 6.1519186e-01 6.1432651e-01 6.1199667e-01 6.1166156e-01 6.0988955e-01 6.0774432e-01 6.0570857e-01 6.0902228e-01 6.4059925e-01 6.0875977e-01 6.0103725e-01 6.0619785e-01 6.0265624e-01 6.0297613e-01 6.0435718e-01 6.0331206e-01 6.0127827e-01 6.2358645e-01 7.8772341e-01 1.2022212e+00 1.8876506e+00 2.0811584e+00 1.9650635e+00 1.3389279e+00 9.2084041e-01 8.5822776e-01 9.3915943e-01 7.8919868e-01 6.4552538e-01 6.0219689e-01 6.0060832e-01 5.9692531e-01 5.9247396e-01 5.8793879e-01 5.8302407e-01 5.7829682e-01 5.7391911e-01 5.6981473e-01 5.6372853e-01 5.6192833e-01 5.5791190e-01 5.5381526e-01 5.4834285e-01 5.4593874e-01 5.3480890e-01 5.2662314e-01 5.1756590e-01 5.1121836e-01 4.9796270e-01
6.0253861e-01 6.0263402e-01 6.0257821e-01 6.0070365e-01 6.0123873e-01 5.9948406e-01 5.9728285e-01 5.9525126e-01 5.9092383e-01 6.2944266e-01 5.9833387e-01 5.9544901e-01 5.9417987e-01 5.9405742e-01 5.9520163e-01 5.9708933e-01 6.0119095e-01 6.1010195e-01 7.8956106e-01 1.3161441e+00 1.8021971e+00 1.9261216e+00 1.9925156e+00 1.5793869e+00 8.9251757e-01 6.1327074e-01 6.0525358e-01 6.0339783e-01 5.9950620e-01 5.9777880e-01 5.9435003e-01 5.9290244e-01 5.9009212e-01 5.8680776e-01 5.8245512e-01 5.7689373e-01 5.7384139e-01 5.6997416e-01 5.6631790e-01 5.6387326e-01 5.6010157e-01 5.5622170e-01 5.5253383e-01 5.4730248e-01 5.3808883e-01 5.3477901e-01 5.2731786e-01 5.1657680e-01 5.0684762e-01 3.9835485e-01
5.9054573e-01 5.9124713e-01 5.9151443e-01 5.9353597e-01 5.9138429e-01 5.8934843e-01 5.8736620e-01 5.8540030e-01 6.2725829e-01 1.0188816e+00 7.4137427e-01 8.6159750e-01 8.6706584e-01 7.4259431e-01 6.4462642e-01 6.6657158e-01 8.2709030e-01 1.0433882e+00 1.3232431e+00 1.8086903e+00 1.6641265e+00 1.7657870e+00 1.7204864e+00 1.0001770e+00 6.3731805e-01 6.0033228e-01 5.9911082e-01 5.9729551e-01 5.9596276e-01 5.9442669e-01 5.9380817e-01 5.8960560e-01 5.8635752e-01 5.8302037e-01 5.7891720e-01 5.6973272e-01 5.7131877e-01 5.6821620e-01 5.6499208e-01 5.6103978e-01 5.5862788e-01 5.5502113e-01 5.5169796e-01 5.4716942e-01 5.4540102e-01 5.2400814e-01 4.4494938e-01 3.3983634e-01 2.5313863e-01 8.3471927e-02
5.8045181e-01 5.8090328e-01 5.8134675e-01 5.8086779e-01 5.8077303e-01 5.7896442e-01 5.7699895e-01 5.7485368e-01 8.3360617e-01 1.3568224e+00 1.2389113e+00 1.6420410e+00 1.6770778e+00 1.4748655e+00 1.2661354e+00 1.2855015e+00 1.6091409e+00 1.7779166e+00 1.7055058e+00 1.4873036e+00 1.3657768e+00 1.7844431e+00 1.4514214e+00 7.9653852e-01 5.9856044e-01 5.9471748e-01 5.9297980e-01 5.9304845e-01 5.9207227e-01 5.9061836e-01 5.8879969e-01 5.8587597e-01 5.8291743e-01 5.7975067e-01 5.7602592e-01 5.6617271e-01 5.6955371e-01 5.6677480e-01 5.6323213e-01 5.6298781e-01 5.5635559e-01 5.5289107e-01 5.4955000e-01 5.4020133e-01 4.7199113e-01 2.8106036e-01 2.8843238e-02 0.0000000e+00 0.0000000e+00 0.0000000e+00
5.7255216e-01 5.7226993e-01 5.7228223e-01 5.7342266e-01 5.7121756e-01 5.6938327e-01 5.6794748e-01 6.1111010e-01 1.1805069e+00 1.5254180e+00 1.7431321e+00 1.4832350e+00 1.2694219e+00 1.5157478e+00 1.6441053e+00 1.6488348e+00 1.4539492e+00 1.1190101e+00 9.0211885e-01 9.7579701e-01 1.4052399e+00 1.8134919e+00 1.2046050e+00 6.8852004e-01 5.8673888e-01 5.7312238e-01 5.7172614e-01 5.8706956e-01 5.8805955e-01 5.8690097e-01 5.8801050e-01 5.8289366e-01 5.7990243e-01 5.7704028e-01 5.7373220e-01 5.7116250e-01 5.6799867e-01 5.6533116e-01 5.6156135e-01 5.6136686e-01 5.5309282e-01 5.5228312e-01 5.1069453e-01 3.3901727e-01 1.0462302e-02 0.0000000e+00 0.0000000e+00 0.0000000e+00 0.0000000e+00 0.0000000e+00
5.6590839e-01 5.6464680e-01 5.6364523e-01 5.6271682e-01 5.6160945e-01 5.6184728e-01 6.2597677e-01 9.4009983e-01 1.5169504e+00 1.7525994e+00 1.3551709e+00 8.5564274e-01 6.4631564e-01 7.4225138e-01 8.1086802e-01 8.2550693e-01 7.1885954e-01 6.2579109e-01 7.6376689e-01 1.2121721e+00 1.7792466e+00 1.4553452e+00 8.5321785e-01 5.8641836e-01 5.2739106e-01 4.5677358e-01 4.3398147e-01 5.1691673e-01 5.7642608e-01 5.8292450e-01 5.8350907e-01 5.7938412e-01 5.7672081e-01 5.7411979e-01 5.7119932e-01 5.6438553e-01 5.6524699e-01 5.6265552e-01 5.5938303e-01 5.5176696e-01 5.0365818e-01 4.0091324e-01 9.9677994e-02 0.0000000e+00 0.0000000e+00 0.0000000e+00 0.0000000e+00 0.0000000e+00 0.0000000e+00 0.0000000e+00
5.6027442e-01 5.5779284e-01 5.5533691e-01 5.5306635e-01 5.5887916e-01 6.7513810e-01 1.0465497e+00 1.3860845e+00 1.5694488e+00 1.2535542e+00 7.7791852e-01 5.7271755e-01 5.5701275e-01 5.5895671e-01 5.6077747e-01 5.6124755e-01 5.6401469e-01 7.1784838e-01 1.2152824e+00 1.7771344e+00 1.5087618e+00 9.1908923e-01 6.0770499e-01 4.7994102e-01 3.9729440e-01 3.2116404e-01 2.7460904e-01 3.3379061e-01 4.7141288e-01 5.6646467e-01 5.7584600e-01 5.7451069e-01 5.6425680e-01 5.3064679e-01 4.9999562e-01 5.0755658e-01 5.1294222e-01 4.9523908e-01 4.1463075e-01 2.5734697e-01 9.3596789e-04 0.0000000e+00 0.0000000e+00 0.0000000e+00 0.0000000e+00 0.0000000e+00 0.0000000e+00 0.0000000e+00 0.0000000e+00 0.0000000e+00
5.5498724e-01 5.5069301e-01 5.4753720e-01 5.6443070e-01 7.1155195e-01 1.0221347e+00 1.3900691e+00 1.6168999e+00 1.4648745e+00 1.0203620e+00 5.5459712e-01 5.4528145e-01 5.4572293e-01 5.4654158e-01 5.4665294e-01 5.4655010e-01 5.8560137e-01 9.4799479e-01 1.6694633e+00 1.5227016e+00 8.9144263e-01 6.0246194e-01 5.5202938e-01 4.5257998e-01 2.9864312e-01 1.9626550e-01 1.0308972e-01 9.8846402e-02 2.3665440e-01 4.4769873e-01 5.4827222e-01 5.7053251e-01 5.0581198e-01 2.9587745e-01 1.1621974e-01 6.0186936e-02 5.5859614e-02 4.3453245e-02 9.7462712e-04 0.0000000e+00 0.0000000e+00 0.0000000e+00 0.0000000e+00 0.0000000e+00 0.0000000e+00 0.0000000e+00 0.0000000e+00 0.0000000e+00 0.0000000e+00 0.0000000e+00
5.4930842e-01 5.4480176e-01 5.6224493e-01 6.7574858e-01 1.1416148e+00 1.5088101e+00 1.5038743e+00 1.3942140e+00 1.1023927e+00 6.0082652e-01 5.3423370e-01 5.3460160e-01 5.3396740e-01 5.3473217e-01 5.3534172e-01 5.3740779e-01 7.0091124e-01 1.2546769e+00 1.7704381e+00 1.1743826e+00 6.4748982e-01 5.4494180e-01 5.2627732e-01 4.0081420e-01 2.4985965e-01 1.1858922e-01 2.5781907e-03 1.8980796e-03 9.7434579e-04 6.8947923e-02 2.8723776e-01 4.3520396e-01 3.6583238e-01 1.0067112e-01 9.3626553e-04 0.0000000e+00 0.0000000e+00 0.0000000e+00 0.0000000e+00 0.0000000e+00 0.0000000e+00 0.0000000e+00 0.0000000e+00 0.0000000e+00 0.0000000e+00 0.0000000e+00 0.0000000e+00 0.0000000e+00 0.0000000e+00 0.0000000e+00
