presentation/data/depth_0036.asc
ncols     164
nrows     146
xllcorner -1.242151388888889e+02
yllcorner  4.172986111111111e+01
cellsize  2.777777777820000e-04
nodata_value       -9999
[rows 66 to 87 of 146, columns 100 to 149 of 164]
2.9814773e-01 3.1369154e-01 3.1611773e-01 3.2909379e-01 3.3873837e-01 3.4352344e-01 3.5419021e-01 3.6769022e-01 3.7061396e-01 3.3310152e-01 2.6739419e-01 1.9589153e-01 1.0450855e-01 1.1242093e-02 5.8736053e-03 1.0914114e-02 9.5471527e-03 8.3439954e-03 8.2550165e-03 8.1127228e-03 7.1132315e-03 6.4127112e-03 9.6136432e-03 1.2596828e-02 9.5306161e-03 6.5605448e-03 5.4987667e-03 4.5067980e-03 3.6921764e-03 3.1752635e-03 3.0095015e-03 2.9685954e-03 2.9610283e-03 2.9936776e-03 2.7521944e-03 2.3687279e-03 1.6897837e-03 1.3501723e-03 9.9928385e-04 9.9966300e-04 9.9919002e-04 9.9987941e-04 9.9886800e-04 9.9878776e-04 9.9855903e-04 9.9988141e-04 9.9979051e-04 9.9843761e-04 9.9957594e-04 9.9986276e-04
1.1893687e-01 1.3349005e-01 1.1542177e-01 1.4130387e-01 1.9982030e-01 2.4563082e-01 2.6058298e-01 2.7783545e-01 2.8097453e-01 2.4612106e-01 1.4273388e-01 1.7558714e-02 6.9454108e-03 1.7760547e-02 1.8524287e-02 1.2389009e-02 8.7304327e-03 3.5582803e-03 1.0116702e-03 3.5783994e-03 3.0221726e-03 1.5254527e-03 1.0917758e-03 1.0027124e-03 4.3887529e-03 6.6356795e-03 4.8217227e-03 4.0631491e-03 3.4954899e-03 4.0005608e-03 4.0493617e-03 4.0084270e-03 3.7548268e-03 2.5954410e-03 1.1166252e-03 5.0205378e-03 9.9360301e-04 3.3714399e-03 1.0005134e-03 1.4231487e-03 9.9948690e-04 9.9960371e-04 9.9973642e-04 9.9993098e-04 9.9966481e-04 9.9910325e-04 9.9926664e-04 9.9891201e-04 9.9890443e-04 9.9915003e-04
1.3183731e-01 1.2712114e-01 1.2360745e-01 1.5953096e-01 1.5863445e-01 1.3668030e-01 1.0672027e-01 9.3701223e-02 1.0388201e-01 7.4076474e-02 8.2483956e-03 1.6244652e-02 6.1785571e-03 1.1052650e-02 2.0164926e-02 3.2345582e-02 3.9199678e-02 3.9446061e-02 3.1805519e-02 1.8483750e-02 1.8113125e-02 2.5810415e-02 1.1918768e-02 6.7201463e-03 1.9167419e-03 2.8363004e-03 3.0871098e-03 9.6960522e-04 1.5823602e-03 9.6260787e-04 9.8684902e-04 9.7371740e-04 9.6412914e-04 9.8185708e-04 9.9352435e-04 1.5619241e-03 9.9828478e-04 1.9521736e-03 1.1052409e-03 2.0457312e-03 2.0318651e-03 1.7318688e-03 1.2439092e-03 9.9969774e-04 9.9997446e-04 9.9964749e-04 9.9787216e-04 9.9888940e-04 9.9892627e-04 9.9995495e-04
1.3170845e-01 1.2931235e-01 1.1662494e-01 1.3404425e-01 1.4080273e-01 1.1125810e-01 1.0541865e-01 8.2309731e-02 7.3595887e-02 3.8326331e-02 1.4522510e-02 1.0527837e-02 1.4006000e-02 2.7004824e-02 4.7322034e-02 7.2917034e-02 9.6032657e-02 1.1084624e-01 1.3312723e-01 1.7084581e-01 1.6583064e-01 2.0600796e-01 2.2154900e-01 2.2639408e-01 2.5892838e-01 2.4340350e-01 2.6785167e-01 2.8762761e-01 3.0697048e-01 2.8118403e-01 3.0388955e-01 2.7878038e-01 2.2900205e-01 1.7146745e-01 1.1706511e-01 8.9121331e-02 7.8838229e-02 4.2750215e-02 1.6896274e-02 9.9038314e-04 1.0043561e-03 1.3283477e-03 1.7768512e-03 1.8590975e-03 1.6602743e-03 1.2326877e-03 9.9983154e-04 9.9997974e-04 9.9945013e-04 9.9958013e-04
3.1418746e-01 2.8514957e-01 2.4161658e-01 2.0845782e-01 1.7938768e-01 1.3575836e-01 1.3545854e-01 9.2776741e-02 2.4868553e-02 3.0167506e-02 1.9448188e-02 1.5003301e-02 2.0031970e-02 3.4060375e-02 5.6137452e-02 8.5933250e-02 1.2426702e-01 1.7499128e-01 2.4718825e-01 3.4407366e-01 4.0701958e-01 4.7224879e-01 5.2999161e-01 5.7226424e-01 5.7911390e-01 5.8059886e-01 6.1213267e-01 6.4936052e-01 6.7413873e-01 6.8570619e-01 6.5731356e-01 6.4484597e-01 6.1016624e-01 5.2510379e-01 4.6200304e-01 4.4861612e-01 4.1625083e-01 4.2111880e-01 3.5383014e-01 2.0240756e-01 1.2700529e-01 4.2348440e-02 9.8968244e-04 1.2902782e-03 2.0799036e-03 2.2685836e-03 1.8891041e-03 1.4774658e-03 9.9909652e-04 9.9939759e-04
3.6801310e-01 3.0890494e-01 2.1991117e-01 1.6342944e-01 1.3595464e-01 1.2605425e-01 1.2220804e-01 1.1393490e-01 1.2808698e-01 1.1853551e-01 3.1287860e-02 8.2323238e-03 2.2124742e-02 5.4077067e-02 7.2952672e-02 1.1820734e-01 1.7987670e-01 2.6731765e-01 3.7806678e-01 5.1893576e-01 6.4247902e-01 7.1552079e-01 7.9755612e-01 8.2252199e-01 8.1347208e-01 8.5298300e-01 8.9714154e-01 9.3183785e-01 9.5194356e-01 9.5135725e-01 9.2841678e-01 9.2985187e-01 8.8837366e-01 8.1600199e-01 8.0763310e-01 8.2905078e-01 7.9146070e-01 7.6624522e-01 6.6168240e-01 5.5839434e-01 4.7521298e-01 3.5874577e-01 2.5583197e-01 8.8414744e-02 1.8708702e-03 1.0103301e-03 2.0466214e-03 2.3405371e-03 2.1684950e-03 1.7574105e-03
3.6124019e-01 3.5381008e-01 2.5533787e-01 1.2821205e-01 1.3759748e-01 2.3520532e-01 2.3178772e-01 1.1786544e-01 9.0720891e-02 1.7137448e-01 1.3606141e-01 2.7348450e-02 3.0487004e-02 7.9753220e-02 1.1481356e-01 1.6565433e-01 2.6772367e-01 3.9270355e-01 4.7220767e-01 5.6926713e-01 6.1575748e-01 7.1834592e-01 8.3649827e-01 9.1291769e-01 9.5319504e-01 9.9096122e-01 1.0401858e+00 1.0680816e+00 1.1003622e+00 1.1238594e+00 1.1583115e+00 1.1106015e+00 1.0100525e+00 1.0928199e+00 1.1517810e+00 1.1752638e+00 1.1433550e+00 1.0515934e+00 9.4885245e-01 8.5747974e-01 7.4253436e-01 6.4725375e-01 5.3304230e-01 4.1170687e-01 2.9215618e-01 1.7548775e-01 1.6248032e-02 9.9758831e-04 3.2062407e-03 2.9434058e-03
2.5960736e-01 2.8418201e-01 2.8214841e-01 1.0987953e-01 9.3332331e-02 1.6192485e-01 2.0946605e-01 2.0420378e-01 1.4980753e-01 1.3850642e-01 1.1176540e-01 2.4165971e-01 1.6079127e+00 5.8816551e-02 2.8147362e-01 3.9106362e-01 4.4132833e-01 4.7716650e-01 5.0253502e-01 4.1245224e-01 3.9031005e-01 3.6632285e-01 5.2783667e-01 6.9271424e-01 8.2275733e-01 7.8398160e-01 7.5208437e-01 7.9133343e-01 9.0191265e-01 9.9771403e-01 1.0736197e+00 1.1563688e+00 1.2527563e+00 1.3507760e+00 1.3862231e+00 1.3908907e+00 1.3734503e+00 1.2899264e+00 1.1955988e+00 1.1114986e+00 1.0060144e+00 9.0576603e-01 8.1057742e-01 6.9420821e-01 5.9246841e-01 4.3742867e-01 2.6602288e-01 5.5306034e-02 1.4720563e-03 4.6762468e-03
1.7117191e-01 2.0758626e-01 1.7761891e-01 5.4673260e-02 9.8016222e-04 9.4812885e-04 9.7206163e-04 2.5688245e-02 8.6535109e-02 3.0775774e-02 1.3217092e+00 3.8934037e+00 4.3204327e+00 2.8918315e+00 2.9771376e-01 3.9431645e-01 5.1449465e-01 5.5127849e-01 3.4886420e-01 1.3416481e-01 7.7364059e-02 7.4346305e-02 1.5765321e-01 2.7445846e-01 3.2403380e-01 2.9943621e-01 2.6938700e-01 3.2137392e-01 4.3644151e-01 5.5834272e-01 7.5648473e-01 1.0735804e+00 1.4184852e+00 1.5138247e+00 1.5546455e+00 1.5580694e+00 1.5096603e+00 1.4757462e+00 1.3944740e+00 1.3197363e+00 1.2305798e+00 1.1601850e+00 1.0802267e+00 9.8589084e-01 8.2240604e-01 5.8029538e-01 3.9005192e-01 1.3819028e-01 1.0002566e-03 5.4026840e-03
2.2044827e-01 5.2982726e-02 6.1552772e-02 1.4893793e-02 4.6804195e-03 9.9642169e-04 9.0907567e-04 9.1231645e-04 1.0637389e-03 2.2463331e+00 4.1757500e+00 4.3968165e+00 4.4796263e+00 4.5599340e+00 4.4061905e+00 1.4563349e+00 1.4202484e-01 3.5062945e-01 1.0341743e-01 5.2111641e-02 4.1932452e-02 2.2866914e-02 4.8147108e-02 9.8878467e-02 1.1283891e-01 1.1843895e-01 5.5006820e-02 6.0333102e-02 1.3978292e-01 2.6761326e-01 5.6569719e-01 1.0046023e+00 1.4985894e+00 1.7282491e+00 1.7316141e+00 1.7032586e+00 1.6954930e+00 1.6128761e+00 1.5563389e+00 1.4824345e+00 1.4070957e+00 1.3368884e+00 1.2571477e+00 1.1393917e+00 9.0130970e-01 6.2460324e-01 3.9853555e-01 1.7297499e-01 2.2756589e-03 1.1363498e-03
1.2138617e+00 1.1373624e+00 1.7875515e-01 9.5684137e-04 4.1706130e-03 9.8077400e-04 7.2829429e-04 8.5225350e-04 3.7209385e+00 4.5282695e+00 4.6400585e+00 4.7565246e+00 4.8847146e+00 4.9804042e+00 4.9708125e+00 3.8783653e+00 2.4041118e+00 1.4750191e-01 2.2731280e-02 9.9841037e-02 1.7149097e-01 3.4252505e-01 2.5070495e-01 3.0225631e-01 4.7649068e-01 4.7097984e-01 2.8474829e-01 1.8638742e-01 1.3845929e-01 1.8160344e-01 4.1894799e-01 8.7122734e-01 1.4711739e+00 1.8897951e+00 2.0186873e+00 1.9743267e+00 1.8765316e+00 1.7852493e+00 1.6991473e+00 1.6139177e+00 1.5273988e+00 1.4267742e+00 1.3109869e+00 1.1528633e+00 9.1793157e-01 6.7392358e-01 4.4980774e-01 2.7919486e-01 1.7391108e-01 1.5744536e-01
1.5352982e+00 1.2191046e+00 9.6199512e-01 2.2748452e-01 9.8998912e-04 5.3904524e-04 7.3501937e-04 3.4150363e+00 4.4691805e+00 4.6286485e+00 4.7711921e+00 4.8410660e+00 4.9632808e+00 5.1743331e+00 5.2980785e+00 5.0901048e+00 5.3163600e+00 3.1467333e+00 7.1820285e-02 1.8114457e-01 1.9976398e-01 3.5605502e-01 4.1051294e-01 6.0834627e-01 8.7080545e-01 9.0132717e-01 6.2991438e-01 6.4338941e-01 3.5757660e-01 2.4645561e-01 3.4534696e-01 6.5464456e-01 1.2769345e+00 1.9121837e+00 2.2312807e+00 2.2694986e+00 2.1209687e+00 1.9638993e+00 1.8603103e+00 1.7517548e+00 1.6042944e+00 1.4584813e+00 1.3309478e+00 1.1727823e+00 9.3468666e-01 7.1714612e-01 5.4712233e-01 4.5890900e-01 4.0900589e-01 5.0062369e-01
2.0288443e+00 1.7933840e+00 1.1653253e+00 2.8136900e-01 1.2023895e-04 2.4593504e-01 3.8184431e+00 4.2636513e+00 4.1981081e+00 4.1440193e+00 4.3246554e+00 4.4713150e+00 4.9147324e+00 5.1659085e+00 5.3190864e+00 5.2894711e+00 5.0088967e+00 1.8793585e+00 2.4881803e-02 1.0902807e-01 1.2824769e-01 1.6250828e-01 4.9887151e-01 5.8837196e-01 6.4357320e-01 5.7099767e-01 9.4782744e-01 7.8893573e-01 7.0472054e-01 6.2124503e-01 4.6160277e-01 5.2954015e-01 1.1110104e+00 1.8697538e+00 2.2989621e+00 2.4478125e+00 2.3425039e+00 2.1563050e+00 1.9981319e+00 1.8990803e+00 1.7262043e+00 1.5438533e+00 1.3564638e+00 1.1865209e+00 9.3758862e-01 7.9751699e-01 7.2382506e-01 6.9234978e-01 7.7059187e-01 8.5605615e-01
2.3286025e+00 2.0056928e+00 5.7481137e-03 6.9362776e-04 1.7357191e+00 4.0961550e+00 4.2167430e+00 4.1292464e+00 4.0550687e+00 3.9367018e+00 3.8316596e+00 4.2547941e+00 4.9289584e+00 5.0818445e+00 5.3759450e+00 4.7479840e+00 8.7836224e-01 9.7092724e-03 2.0920330e-02 1.0796739e-02 1.3218349e-01 4.5189877e-01 5.7539673e-01 6.1608921e-01 6.9551059e-01 5.9715430e-01 3.7881889e-01 3.2917406e-01 1.0762339e+00 9.6624346e-01 8.7846715e-01 7.4660638e-01 1.1413392e+00 1.7962936e+00 2.2161381e+00 2.4043200e+00 2.4527583e+00 2.3546695e+00 2.2270687e+00 2.1031336e+00 1.9176190e+00 1.6852541e+00 1.4609635e+00 1.2255883e+00 1.0531568e+00 9.1789820e-01 9.2381726e-01 9.7189360e-01 1.0236988e+00 1.0767786e+00
2.8333344e+00 1.2676504e+00 6.6734910e-04 9.5626444e-04 3.6729586e+00 4.3647387e+00 3.9955478e+00 3.9438035e+00 3.9029294e+00 3.9694467e+00 4.5131877e+00 4.4527709e+00 4.3040136e+00 4.5692731e+00 3.3225990e+00 1.8602799e-01 2.4084749e-02 6.9702260e-02 2.0220099e-01 3.1231623e-01 7.4318544e-01 5.9119332e-01 8.3110365e-01 7.0857176e-01 7.0456727e-01 5.8133287e-01 2.5585015e-01 4.8451748e-01 3.5215061e-01 1.0958212e+00 1.1482129e+00 1.1344902e+00 1.2864189e+00 1.6779361e+00 2.0191078e+00 2.2340303e+00 2.3448691e+00 2.3734550e+00 2.3594208e+00 2.2865513e+00 2.1298664e+00 1.8705848e+00 1.5757522e+00 1.3581542e+00 1.1902918e+00 1.1122254e+00 1.1284290e+00 1.1469876e+00 1.1901663e+00 1.2190344e+00
3.3675071e+00 2.9734950e+00 2.1260652e+00 8.9726688e-04 6.5533334e-05 2.8252878e+00 3.8110566e+00 3.6782928e+00 4.1741568e+00 4.5002306e+00 4.4764761e+00 4.3057489e+00 3.8735655e+00 2.4701403e+00 7.6509566e-04 9.9008136e-04 9.9956901e-04 8.6927486e-04 9.6539171e-01 1.3409680e+00 9.8600751e-01 4.1459957e-01 7.9714926e-01 7.4844709e-01 5.6898589e-01 3.8692618e-01 4.8514664e-01 3.6450206e-01 5.7245723e-01 9.2996998e-01 1.1818589e+00 1.1491884e+00 1.1956911e+00 1.4455812e+00 1.8524004e+00 2.0633935e+00 2.0876909e+00 2.0452285e+00 1.9932877e+00 2.0219841e+00 2.0341714e+00 1.9225700e+00 1.7213472e+00 1.4488438e+00 1.2724120e+00 1.2230701e+00 1.2333515e+00 1.2452591e+00 1.2609812e+00 1.2673246e+00
3.6019370e+00 3.5187573e+00 3.3726470e+00 3.4577139e+00 1.5618453e+00 3.2722347e-04 1.6111351e+00 3.9098797e+00 4.3187652e+00 4.1842274e+00 4.3831161e+00 4.0679005e+00 1.3480141e+00 8.8457380e-04 9.9412108e-04 9.9087207e-04 9.9509006e-04 7.0582678e-01 1.2714519e+00 1.4847523e+00 1.4965641e+00 9.8023041e-01 6.4622203e-01 4.7027665e-01 2.3953204e-01 3.5276980e-01 3.0945834e-01 3.5384276e-01 3.5945255e-01 8.1035716e-01 5.1118599e-01 9.2759795e-01 1.1386284e+00 1.2127758e+00 1.7175870e+00 1.8898766e+00 1.6930586e+00 1.3842044e+00 1.2282787e+00 1.2929149e+00 1.4275874e+00 1.5423344e+00 1.6344095e+00 1.5996044e+00 1.3808032e+00 1.2014372e+00 1.2212525e+00 1.2455873e+00 1.2617997e+00 1.2670384e+00
3.7002857e+00 3.7684774e+00 3.8650249e+00 3.6301037e+00 2.9980518e+00 2.5325338e+00 3.3595440e-02 6.6178730e-02 3.4377993e+00 4.2106333e+00 4.5282551e+00 3.0066002e+00 7.2663924e-04 9.7577763e-04 9.9794255e-04 1.1235822e-02 9.5832402e-01 1.1433097e+00 1.2077246e+00 1.2198123e+00 6.9138572e-01 7.1202473e-01 4.9601856e-01 1.3872552e-01 5.7359532e-02 3.4653726e-02 2.7006269e-01 6.3240230e-02 2.3285102e-03 1.4744796e-01 3.6910738e-01 5.4134604e-01 8.2226257e-01 1.0326366e+00 1.3698375e+00 1.5328166e+00 1.1548091e+00 7.4665383e-01 5.5713132e-01 5.3753315e-01 6.6141273e-01 8.5176139e-01 1.1422819e+00 1.3691438e+00 1.2951481e+00 9.5451943e-01 9.5115510e-01 1.1467998e+00 1.2309753e+00 1.2800174e+00
3.9333689e+00 3.9765092e+00 4.1935867e+00 3.9871909e+00 3.2610417e+00 3.2015311e+00 2.2221317e+00 9.0453861e-03 6.1560559e-04 2.1248348e+00 2.9434757e+00 4.2005806e+00 1.1352390e+00 1.2126733e-03 1.0522259e-01 4.8756018e-01 1.1089641e+00 1.1566111e+00 1.2802291e+00 1.6439219e+00 8.5219949e-04 0.0000000e+00 9.1163477e-04 1.5019825e-02 2.8755820e-03 9.8287879e-03 4.3825174e-02 6.2970652e-03 9.6020122e-04 1.2848744e-01 2.8180945e-01 4.5234668e-02 4.0749108e-03 4.3269014e-01 7.8315397e-01 1.0649163e+00 8.8467400e-01 5.9813244e-01 3.6308041e-01 1.9386220e-01 1.9176481e-01 3.7440835e-01 5.8849531e-01 8.0820256e-01 8.8477955e-01 6.7979365e-01 5.3100868e-01 6.3387697e-01 8.5835824e-01 1.1367083e+00
4.2340549e+00 4.2213215e+00 4.3951456e+00 4.4681290e+00 4.2017185e+00 3.8484120e+00 3.8895410e+00 3.2108050e+00 1.0971540e+00 8.4397494e-05 1.7311839e+00 3.4009938e+00 2.4329124e+00 1.2037272e-01 4.5998492e-01 6.7104814e-01 8.9421512e-01 9.3979928e-01 1.1949359e+00 1.1186354e+00 9.3253477e-04 0.0000000e+00 2.8288776e-01 2.4710225e-01 2.8410485e-03 1.1523251e-02 6.9039275e-03 2.1106947e-02 2.0494852e-02 1.9439830e-01 1.4977073e-01 1.2345943e-01 6.6618653e-02 8.1631439e-03 2.0058447e-01 8.0866225e-01 7.5542249e-01 7.4767527e-01 5.4572690e-01 1.5820299e-01 1.4403846e-01 2.8218587e-01 3.4407725e-01 3.4080046e-01 4.0395485e-01 4.3772584e-01 3.7931040e-01 3.6601913e-01 5.3463648e-01 7.7348036e-01
4.3927936e+00 4.2577527e+00 4.3971300e+00 4.5663496e+00 4.2654458e+00 4.0624695e+00 3.7127154e+00 2.0627308e+00 1.1959460e+00 9.1548955e-01 3.9991743e+00 4.7689237e+00 7.3727175e-01 8.6748019e-02 1.6565561e-01 3.0340183e-01 5.9285641e-01 5.8400432e-01 4.5992806e-01 5.9944813e-01 6.4052495e-01 1.8563726e-01 9.7412840e-04 1.3866152e-02 3.7239703e-02 5.4393495e-03 3.7511894e-03 9.9525400e-04 9.5210089e-04 2.2158687e-01 2.2223507e-01 1.9225898e-01 1.7271110e-01 8.4220882e-02 4.7238187e-01 7.3973209e-01 9.5381058e-01 5.9530252e-01 5.0268208e-01 3.1319257e-01 5.0305565e-01 4.3857228e-01 3.2805674e-01 1.5709947e-01 6.5143506e-02 1.1891003e-01 3.6845051e-01 5.6579435e-01 7.0858182e-01 8.0359819e-01
4.3616886e+00 3.8095267e+00 3.3655100e+00 3.8710485e+00 3.4151980e+00 2.2259706e+00 1.3020022e+00 7.0749276e-01 1.0312562e+00 1.6885775e+00 3.9430853e+00 3.0943309e+00 1.3508824e-03 7.5210898e-02 1.1400894e-01 8.3999697e-02 5.8131899e-01 4.3670368e-01 2.5254273e-01 3.1752322e-01 4.9522194e-01 1.3572628e-02 1.5938957e-02 8.0019235e-03 5.4087524e-02 1.1816358e-01 8.6006002e-02 1.5536641e-03 7.4746612e-03 6.5495602e-02 1.5348825e-01 7.7306459e-02 9.7058610e-04 1.6782037e-01 3.3300662e-01 9.3960516e-02 7.0572386e-01 9.4837080e-02 2.9148706e-01 3.3771089e-01 5.1721440e-01 6.9099492e-01 3.2441280e-01 1.9014069e-01 8.6038175e-02 9.5978622e-04 1.4417695e-02 9.7973354e-01 9.6239677e-01 1.0594153e+00
