presentation/data/depth_0027.asc
ncols     164
nrows     146
xllcorner -1.242151388888889e+02
yllcorner  4.172986111111111e+01
cellsize  2.777777777820000e-04
nodata_value       -9999
[rows 88 to 109 of 146, columns 0 to 49 of 164]
1.2684258e+01 1.2712656e+01 1.2601693e+01 1.2186205e+01 1.2069939e+01 1.2270124e+01 1.1850861e+01 1.1749802e+01 1.1577522e+01 1.1375190e+01 1.1165914e+01 1.0954464e+01 1.0754611e+01 1.0542388e+01 1.0300999e+01 1.0048965e+01 9.7646837e+00 9.3692946e+00 8.7852536e+00 8.1750942e+00 7.3822622e+00 6.5751763e+00 5.9262270e+00 5.4114987e+00 4.9002682e+00 4.4679750e+00 4.1553127e+00 2.0945764e+00 8.7624380e-01 4.2919034e+00 4.4766465e+00 4.7186698e+00 4.4478769e+00 3.9383794e+00 4.1484606e+00 4.1313232e+00 4.1643596e+00 4.1843518e+00 4.1688610e+00 4.1428447e+00 4.1723369e+00 3.5481528e+00 3.3911135e+00 2.4419701e+00 4.5646750e+00 4.3541004e+00 3.7226028e+00 1.4456170e+00 8.7956341e-04 9.9637993e-04
1.3082312e+01 1.2573531e+01 1.2373252e+01 1.2126324e+01 1.2121670e+01 1.2279043e+01 1.2106784e+01 1.1981521e+01 1.1786726e+01 1.1569616e+01 1.1331468e+01 1.1115918e+01 1.0890395e+01 1.0644894e+01 1.0364738e+01 1.0038694e+01 9.6819323e+00 9.1915972e+00 8.5151101e+00 7.9112010e+00 7.1977083e+00 6.4997500e+00 5.9208302e+00 5.4581375e+00 4.9929188e+00 4.6478003e+00 4.3581244e+00 4.1193456e+00 2.7436756e+00 4.6338890e+00 4.6142859e+00 4.6503931e+00 4.6254222e+00 4.3539430e+00 4.2271434e+00 4.2004961e+00 4.1927278e+00 4.1677338e+00 4.1434840e+00 4.1192470e+00 4.1768295e+00 4.3738083e+00 4.2833993e+00 4.2109975e+00 4.1775896e+00 4.3536732e+00 4.2668658e+00 2.9874329e+00 9.1047811e-01 5.2731771e-01
1.3306100e+01 1.2732482e+01 1.2288866e+01 1.2056160e+01 1.2376603e+01 1.2405505e+01 1.2342961e+01 1.2225147e+01 1.1993270e+01 1.1737365e+01 1.1497340e+01 1.1274778e+01 1.1031678e+01 1.0774730e+01 1.0445720e+01 1.0062587e+01 9.6154966e+00 9.0495672e+00 8.2844054e+00 7.6643805e+00 6.9643748e+00 6.3317421e+00 5.8383297e+00 5.4416835e+00 5.0491365e+00 4.7738913e+00 4.6935510e+00 4.7530792e+00 4.7324306e+00 4.7258511e+00 4.7527115e+00 4.7579365e+00 4.6494779e+00 4.4743388e+00 4.3789774e+00 4.3064950e+00 4.2440791e+00 4.1922228e+00 4.1576964e+00 4.1385538e+00 4.1892758e+00 4.3075719e+00 4.2482432e+00 4.0563338e+00 4.1143563e+00 4.1776279e+00 4.2836477e+00 4.0928084e+00 2.6775528e+00 2.9296864e+00
1.3171362e+01 1.2805807e+01 1.2520036e+01 1.2444613e+01 1.2529649e+01 1.2683090e+01 1.2695674e+01 1.2559181e+01 1.2242893e+01 1.1892673e+01 1.1664193e+01 1.1437564e+01 1.1222706e+01 1.0945064e+01 1.0582081e+01 1.0126362e+01 9.5926751e+00 8.9410613e+00 8.0991491e+00 7.4193822e+00 6.7163032e+00 6.1066190e+00 5.6279719e+00 5.3294522e+00 5.0350719e+00 4.8412532e+00 4.7642130e+00 4.7891945e+00 4.8338422e+00 4.8621821e+00 4.8780343e+00 4.8711616e+00 4.8032055e+00 4.6567194e+00 4.5155823e+00 4.3915027e+00 4.2950473e+00 4.2150590e+00 4.1869053e+00 4.1497932e+00 4.2029530e+00 4.3408327e+00 4.7029720e+00 4.8609396e+00 4.2129433e+00 3.7186423e+00 2.7733171e+00 2.9624047e+00 4.1540687e+00 4.1203874e+00
1.3331526e+01 1.3283674e+01 1.3178738e+01 1.3078581e+01 1.3003925e+01 1.3048352e+01 1.2795283e+01 1.2685525e+01 1.2425495e+01 1.2287200e+01 1.1913139e+01 1.1806662e+01 1.1537507e+01 1.1205989e+01 1.0783451e+01 1.0246730e+01 9.6302331e+00 8.8688734e+00 7.9394120e+00 7.1521760e+00 6.4190495e+00 5.7963659e+00 5.3512629e+00 5.1321099e+00 4.9580889e+00 4.8647499e+00 4.8159577e+00 4.7895925e+00 4.8622379e+00 4.9508735e+00 5.0109845e+00 5.0374371e+00 4.9832600e+00 4.8319791e+00 4.6773617e+00 4.4834821e+00 4.3404156e+00 4.2330380e+00 4.1755515e+00 4.1317860e+00 4.1706607e+00 4.1663921e+00 3.2277143e+00 3.1796790e-01 3.5951675e-01 9.0708775e-04 8.7134453e-04 1.8705401e+00 3.2397290e+00 3.9606134e+00
1.4287985e+01 1.4196913e+01 1.4059657e+01 1.3891434e+01 1.3742474e+01 1.3597110e+01 1.3606618e+01 1.3432842e+01 1.2780306e+01 1.2471190e+01 1.2721074e+01 1.2397615e+01 1.2205142e+01 1.1588872e+01 1.1048270e+01 1.0404168e+01 9.7246818e+00 8.8572612e+00 7.7909311e+00 6.8839084e+00 6.0516567e+00 5.4140574e+00 5.0406112e+00 4.8988201e+00 4.7427233e+00 4.5685877e+00 4.5508881e+00 4.7575776e+00 4.8694250e+00 5.0124846e+00 5.1511870e+00 5.2223204e+00 5.1793280e+00 5.0194644e+00 4.8099397e+00 4.5444097e+00 4.3396131e+00 4.2381963e+00 4.2321559e+00 4.1435364e+00 4.1916207e+00 2.4983597e+00 0.0000000e+00 0.0000000e+00 0.0000000e+00 0.0000000e+00 0.0000000e+00 2.0250571e+00 4.0591535e+00 3.8857666e+00
1.5400087e+01 1.5195106e+01 1.4973393e+01 1.4760327e+01 1.4557040e+01 1.4383939e+01 1.4429308e+01 1.4193936e+01 1.3856567e+01 1.3658406e+01 1.3543791e+01 1.3424888e+01 1.2762591e+01 1.2024149e+01 1.1286493e+01 1.0567974e+01 9.8306949e+00 8.8701545e+00 7.6925303e+00 6.6642990e+00 5.7223195e+00 5.0174729e+00 4.7662983e+00 4.7715329e+00 4.3587781e+00 3.6775147e+00 3.8148679e+00 4.6607204e+00 4.8688566e+00 5.0837222e+00 5.3000263e+00 5.4292846e+00 5.3981065e+00 5.2093959e+00 4.9247116e+00 4.5952091e+00 4.3023843e+00 4.2520440e+00 4.2620604e+00 4.0231928e+00 4.2622193e+00 2.9551372e+00 7.2686686e-04 0.0000000e+00 0.0000000e+00 0.0000000e+00 8.5017294e-04 2.4167314e+00 4.1218868e+00 3.9487762e+00
1.6239673e+01 1.6002974e+01 1.5765233e+01 1.5560286e+01 1.5389649e+01 1.5255037e+01 1.5129028e+01 1.5014158e+01 1.4798527e+01 1.4322462e+01 1.2940883e+01 1.3307365e+01 1.2887442e+01 1.2264505e+01 1.1538727e+01 1.0800861e+01 1.0081606e+01 9.1353591e+00 7.7819699e+00 6.5494422e+00 5.3647417e+00 3.9450186e+00 3.8718852e+00 3.6115153e+00 3.9537041e+00 3.9367231e+00 4.0322127e+00 4.1832671e+00 4.8872685e+00 5.4149908e+00 5.7701447e+00 5.9636887e+00 5.9667950e+00 5.7169667e+00 5.3459982e+00 4.7968899e+00 4.2382910e+00 4.1340452e+00 3.2513753e+00 3.0336329e+00 4.2424221e+00 3.5172718e+00 7.9485918e-04 9.5977383e-04 7.4756249e-04 1.2871757e+00 2.3527058e+00 3.8849298e+00 3.9826971e+00 4.0240484e+00
1.6968501e+01 1.6786736e+01 1.6626751e+01 1.6532217e+01 1.6366876e+01 1.6177227e+01 1.6071031e+01 1.5557075e+01 1.4286363e+01 1.3424951e+01 1.2734818e+01 1.2758472e+01 1.2546569e+01 1.2109561e+01 1.1623925e+01 1.1029156e+01 1.0403251e+01 9.5374627e+00 8.1426497e+00 6.7273522e+00 5.1852459e+00 4.3195703e+00 3.1449519e+00 2.1115553e+00 3.8852060e+00 4.2371754e+00 4.3149469e+00 4.3492334e+00 5.2990949e+00 5.9725358e+00 6.3955427e+00 6.6257513e+00 6.6307961e+00 6.3524241e+00 5.9167681e+00 5.2763348e+00 4.5016916e+00 4.0731564e+00 4.2319299e+00 4.3478296e+00 4.3652508e+00 4.1558304e+00 3.9202428e+00 3.9887226e+00 3.4988968e+00 3.0650951e+00 3.3591878e+00 3.2762703e+00 4.2070620e+00 4.2093524e+00
1.7589634e+01 1.7828914e+01 1.7580600e+01 1.7134535e+01 1.6768946e+01 1.6879126e+01 1.6370881e+01 1.6244565e+01 1.4205400e+01 1.2677307e+01 1.2678779e+01 1.2540861e+01 1.2240095e+01 1.2025147e+01 1.1724761e+01 1.1283577e+01 1.0840479e+01 1.0210261e+01 8.8966415e+00 7.4507727e+00 5.4337055e+00 4.2324115e+00 3.9406542e+00 3.6315641e+00 3.4891444e+00 4.7682933e+00 5.3896125e+00 5.7978996e+00 6.3380020e+00 6.8639889e+00 7.2427534e+00 7.4574549e+00 7.4473674e+00 7.1763879e+00 6.7706836e+00 6.1890487e+00 5.5201199e+00 5.0520674e+00 5.0922098e+00 5.1009854e+00 4.8991485e+00 4.6738623e+00 4.5855949e+00 4.3767516e+00 4.0516295e+00 3.1548717e+00 3.4809250e+00 4.1103864e+00 4.3777023e+00 4.4079716e+00
1.8773657e+01 1.8886476e+01 1.7994365e+01 1.7889265e+01 1.6914556e+01 1.7228633e+01 1.6673991e+01 1.4342343e+01 1.2809409e+01 1.3044551e+01 1.2738716e+01 1.2403299e+01 1.2218984e+01 1.2130212e+01 1.1911301e+01 1.1554376e+01 1.1352064e+01 1.1264612e+01 1.0345049e+01 9.3487944e+00 7.8961734e+00 5.6020059e+00 4.4004894e+00 4.2612663e+00 4.5159246e+00 5.9354678e+00 6.9064491e+00 7.3407806e+00 7.7091673e+00 8.0639187e+00 8.3424468e+00 8.4853503e+00 8.4596655e+00 8.2237786e+00 7.8898440e+00 7.4276336e+00 6.8930660e+00 6.4895115e+00 6.2423437e+00 6.0198767e+00 5.7479320e+00 5.3900912e+00 4.9905866e+00 4.5828127e+00 4.1041273e+00 3.9785295e+00 4.2415175e+00 4.4787769e+00 4.5991758e+00 4.6560731e+00
1.9095502e+01 1.9618853e+01 1.9159528e+01 1.8498875e+01 1.8345336e+01 1.6969554e+01 1.5409113e+01 1.0733918e+01 1.1172645e+01 1.1314750e+01 1.2449938e+01 1.2964806e+01 1.2313227e+01 1.2345953e+01 1.2283068e+01 1.1920612e+01 1.1506864e+01 1.2117246e+01 1.2351237e+01 1.1742233e+01 1.1326346e+01 9.3117538e+00 7.9012006e+00 8.1656211e+00 8.7368275e+00 9.4674991e+00 9.2949434e+00 9.0907684e+00 9.1446182e+00 9.3445169e+00 9.5315948e+00 9.6050021e+00 9.5661143e+00 9.3863934e+00 9.1099491e+00 8.7444604e+00 8.2638209e+00 8.0909370e+00 7.8542017e+00 7.2369998e+00 6.6589740e+00 6.2232812e+00 5.7675525e+00 5.2856899e+00 4.8064742e+00 4.5462892e+00 4.6313957e+00 4.8071345e+00 4.9319101e+00 4.9469988e+00
1.9236436e+01 1.7823504e+01 1.9532272e+01 1.9005441e+01 1.8761664e+01 1.7879505e+01 1.4096911e+01 1.2062957e+01 9.3833559e+00 8.3825875e+00 1.1136677e+01 1.3269423e+01 1.2228125e+01 1.2460349e+01 1.2801433e+01 1.2733395e+01 1.1829365e+01 1.2672399e+01 1.3772565e+01 1.3905869e+01 1.3053751e+01 1.2596592e+01 1.1769471e+01 1.1971930e+01 1.2408829e+01 1.2810279e+01 1.1343231e+01 1.0350909e+01 1.0205439e+01 1.0353786e+01 1.0490813e+01 1.0507871e+01 1.0450184e+01 1.0329167e+01 1.0134314e+01 9.8027831e+00 9.5237287e+00 8.4867096e+00 8.8823654e+00 8.2781232e+00 7.4798490e+00 6.9468606e+00 6.4428275e+00 5.9658656e+00 5.5213300e+00 5.2298914e+00 5.1750946e+00 5.2447156e+00 5.2738759e+00 5.2443549e+00
2.0496051e+01 1.9520566e+01 1.9880632e+01 1.9004928e+01 1.8848123e+01 1.7961500e+01 1.6105410e+01 1.5120653e+01 1.2713608e+01 1.3888862e+01 1.4480467e+01 1.4599016e+01 1.3851523e+01 1.3790148e+01 1.3609380e+01 1.3655042e+01 1.4225032e+01 1.4369749e+01 1.4439003e+01 1.3405908e+01 1.3496214e+01 1.3839188e+01 1.3830589e+01 1.3557354e+01 1.3726117e+01 1.3224392e+01 1.1466537e+01 1.1001060e+01 1.1391658e+01 1.1576675e+01 1.1632657e+01 1.1510614e+01 1.1429528e+01 1.1410003e+01 1.1265096e+01 1.1048998e+01 1.1105180e+01 7.3748855e+00 3.4163984e+00 8.2208984e+00 8.7598270e+00 7.9681004e+00 7.3174701e+00 6.7809074e+00 6.3577047e+00 6.0728772e+00 6.0238074e+00 5.8335338e+00 5.6925366e+00 5.6085702e+00
2.0517725e+01 1.9932250e+01 1.9024050e+01 1.9390028e+01 1.9143828e+01 1.8433154e+01 1.8830859e+01 1.6945954e+01 1.6559531e+01 1.6378538e+01 1.4722102e+01 1.1318273e+01 1.5496911e+01 1.5150966e+01 1.4608865e+01 1.4971554e+01 1.5143289e+01 1.5061848e+01 1.4941538e+01 1.4578887e+01 1.4338669e+01 1.3679804e+01 1.3742361e+01 1.3097379e+01 1.4118800e+01 1.4091362e+01 1.2513754e+01 1.2054501e+01 1.2539207e+01 1.2721538e+01 1.2928603e+01 1.2658123e+01 1.2493927e+01 1.2825720e+01 1.2902549e+01 1.2563993e+01 1.2813750e+01 1.0951470e+01 9.9336293e+00 9.8370441e+00 4.8026576e+00 4.3491148e+00 8.0687094e+00 7.9853797e+00 7.5823471e+00 6.3783187e+00 3.4427305e+00 5.6782114e+00 6.4321270e+00 6.1567447e+00
2.0386812e+01 1.9932317e+01 1.9081762e+01 2.0100594e+01 1.9715815e+01 1.9089241e+01 1.7977188e+01 1.7023615e+01 1.7506469e+01 1.4700698e+01 1.5481082e+01 1.2216867e+01 1.5159058e+01 1.6243377e+01 1.5873507e+01 1.5693586e+01 1.5547340e+01 1.5541901e+01 1.5108016e+01 1.4808911e+01 1.4647665e+01 1.4283902e+01 1.4135178e+01 1.2748125e+01 1.3787163e+01 1.4021896e+01 1.4152712e+01 1.3411005e+01 1.3930926e+01 1.3366265e+01 1.3217470e+01 1.3109995e+01 1.2941454e+01 1.3165653e+01 1.3594555e+01 1.2974425e+01 1.3088494e+01 1.3381914e+01 1.2562836e+01 1.1326526e+01 8.5389712e+00 8.0618600e+00 9.2206237e+00 8.7727871e+00 8.4444207e+00 7.1146510e+00 3.6230030e+00 6.1204432e+00 7.0672005e+00 6.6688156e+00
2.1097367e+01 2.0233078e+01 2.0477927e+01 2.0502850e+01 1.7353452e+01 1.9691790e+01 1.8411166e+01 1.7815531e+01 1.7808606e+01 1.6037545e+01 1.6746757e+01 1.5944162e+01 1.6060617e+01 1.7106674e+01 1.6422325e+01 1.6165797e+01 1.6115235e+01 1.6152522e+01 1.5862698e+01 1.5233264e+01 1.4968854e+01 1.4686819e+01 1.4410961e+01 1.3917745e+01 1.4422946e+01 1.4302199e+01 1.4173198e+01 1.3972880e+01 1.4102172e+01 1.3624579e+01 1.3426747e+01 1.3086114e+01 1.2657971e+01 1.3077465e+01 1.2250737e+01 1.3085308e+01 1.3124926e+01 1.3112565e+01 1.2538067e+01 1.1836184e+01 1.1331303e+01 1.0704084e+01 9.9588374e+00 9.4075537e+00 9.0139663e+00 8.5583708e+00 7.9029599e+00 7.9046807e+00 7.5813253e+00 7.2075977e+00
2.1366207e+01 2.1111332e+01 2.0782636e+01 2.0130816e+01 1.9004730e+01 1.9692498e+01 1.8992416e+01 1.8444127e+01 1.8265619e+01 1.7915866e+01 1.7977443e+01 1.7950969e+01 1.7670561e+01 1.7512523e+01 1.7039061e+01 1.6858774e+01 1.6362972e+01 1.5344063e+01 1.5475190e+01 1.6082645e+01 1.5457864e+01 1.5101556e+01 1.5065665e+01 1.4797698e+01 1.4724493e+01 1.3927099e+01 1.3534809e+01 1.4102760e+01 1.4379754e+01 1.3758558e+01 1.3477970e+01 1.3463917e+01 1.2361624e+01 1.2011947e+01 1.3150606e+01 1.3413314e+01 1.3374204e+01 1.3059655e+01 1.2642133e+01 1.2137237e+01 1.1540901e+01 1.0956060e+01 1.0452048e+01 1.0027560e+01 9.6282683e+00 9.3217796e+00 9.0674628e+00 8.6510158e+00 8.1682188e+00 7.7819450e+00
2.1079554e+01 2.0943004e+01 2.0197762e+01 2.0193159e+01 2.0190851e+01 1.9550282e+01 2.0034042e+01 1.9517023e+01 1.9205345e+01 1.9147571e+01 1.8771765e+01 1.8364900e+01 1.7997284e+01 1.7991590e+01 1.7547876e+01 1.6975634e+01 1.5961056e+01 1.4880477e+01 1.5845678e+01 1.6626215e+01 1.6074644e+01 1.5807013e+01 1.5686660e+01 1.5221758e+01 1.5008037e+01 1.4247717e+01 1.4385553e+01 1.4498708e+01 1.3903929e+01 1.4160877e+01 1.3077947e+01 1.2123804e+01 1.1878619e+01 1.1409758e+01 1.2028985e+01 1.2824592e+01 1.2678789e+01 1.2526477e+01 1.2693211e+01 1.2623685e+01 1.1882063e+01 1.1367704e+01 1.0913943e+01 1.0522178e+01 1.0183844e+01 9.9094437e+00 9.6281066e+00 9.2979176e+00 8.8293407e+00 8.3563012e+00
2.0492797e+01 2.0454206e+01 2.0792074e+01 2.0415160e+01 2.0293929e+01 2.0268923e+01 2.0133705e+01 2.0008685e+01 1.9848169e+01 1.9574878e+01 1.9171562e+01 1.8574658e+01 1.8440497e+01 1.7845632e+01 1.7541317e+01 1.8027333e+01 1.7206948e+01 1.6763125e+01 1.7219967e+01 1.7104456e+01 1.6701671e+01 1.6351788e+01 1.6041353e+01 1.5780045e+01 1.5418971e+01 1.5169748e+01 1.4088832e+01 1.4954212e+01 1.5288138e+01 1.3817449e+01 1.3900950e+01 1.3393637e+01 1.2775665e+01 1.2683143e+01 1.2394843e+01 1.2552941e+01 1.1892695e+01 1.0916098e+01 1.2893407e+01 1.2905996e+01 1.2309623e+01 1.1853823e+01 1.1298134e+01 1.0911746e+01 1.0679430e+01 1.0474317e+01 1.0271617e+01 9.9902871e+00 9.5470753e+00 9.0501692e+00
2.1576565e+01 2.1457963e+01 2.1131354e+01 2.0707129e+01 2.0512331e+01 1.9985265e+01 2.0040884e+01 2.0106999e+01 2.0030837e+01 1.9799972e+01 1.9436418e+01 1.9069097e+01 1.8829483e+01 1.8456117e+01 1.8249806e+01 1.8282841e+01 1.8181729e+01 1.7976022e+01 1.8217426e+01 1.7731274e+01 1.7226942e+01 1.6910796e+01 1.6749849e+01 1.6412318e+01 1.6211072e+01 1.6051957e+01 1.5603081e+01 1.5081773e+01 1.4628661e+01 1.1954924e+01 1.2597386e+01 1.2928104e+01 1.3055884e+01 1.3413357e+01 1.2976022e+01 1.2454283e+01 1.2320146e+01 1.2222863e+01 1.1730066e+01 1.2250104e+01 1.1283155e+01 1.0877773e+01 1.1267775e+01 1.1311090e+01 1.1133319e+01 1.1025748e+01 1.0908382e+01 1.0691337e+01 1.0275441e+01 9.8017442e+00
2.0879851e+01 2.1542779e+01 2.1400503e+01 2.1069617e+01 2.0876456e+01 2.0808752e+01 2.0643433e+01 2.0453788e+01 2.0066574e+01 1.9843948e+01 1.9651083e+01 1.9540383e+01 1.9634180e+01 1.9115192e+01 1.8124030e+01 1.8706760e+01 1.8573763e+01 1.7865345e+01 1.8245987e+01 1.8302786e+01 1.7883613e+01 1.7833290e+01 1.7218828e+01 1.7003147e+01 1.6560952e+01 1.6316978e+01 1.6436032e+01 1.6314181e+01 1.5928698e+01 1.3751200e+01 1.4781558e+01 1.4678974e+01 1.4122248e+01 1.3719612e+01 1.3399485e+01 1.2937189e+01 1.2619470e+01 1.1962803e+01 1.1690766e+01 1.0324337e+01 4.1638387e+00 4.5420509e+00 1.0591366e+01 1.1700418e+01 1.1461421e+01 1.1489840e+01 1.1444355e+01 1.1280313e+01 1.0913150e+01 1.0449819e+01
