presentation/data/depth_0046.asc
ncols     164
nrows     146
xllcorner -1.242151388888889e+02
yllcorner  4.172986111111111e+01
cellsize  2.777777777820000e-04
nodata_value       -9999
[rows 88 to 109 of 146, columns 0 to 49 of 164]
1.5240227e+01 1.5254795e+01 1.5129211e+01 1.4699218e+01 1.4567582e+01 1.4751520e+01 1.4314729e+01 1.4194422e+01 1.4000136e+01 1.3772076e+01 1.3537174e+01 1.3297583e+01 1.3069205e+01 1.2827723e+01 1.2559421e+01 1.2280982e+01 1.1971181e+01 1.1551615e+01 1.0944228e+01 1.0312436e+01 9.4988792e+00 8.6694174e+00 8.0013148e+00 7.4676848e+00 6.9404072e+00 6.4920515e+00 6.1619941e+00 4.0724644e+00 2.8141881e+00 6.2300538e+00 6.4030773e+00 6.6430517e+00 6.3717602e+00 5.8573822e+00 6.0641301e+00 6.0422651e+00 6.0681518e+00 6.0805005e+00 6.0553597e+00 6.0213067e+00 6.0321957e+00 5.3887442e+00 5.2599970e+00 4.2974343e+00 6.4183414e+00 6.2437655e+00 5.6189367e+00 3.3357803e+00 1.3422502e+00 1.0024413e+00
1.5634729e+01 1.5111659e+01 1.4896503e+01 1.4634662e+01 1.4614544e+01 1.4756012e+01 1.4566351e+01 1.4421850e+01 1.4204966e+01 1.3961994e+01 1.3699174e+01 1.3455923e+01 1.3202459e+01 1.2928364e+01 1.2620188e+01 1.2266511e+01 1.1885331e+01 1.1371315e+01 1.0670540e+01 1.0043915e+01 9.3089297e+00 8.5886678e+00 7.9914688e+00 7.5112286e+00 7.0307132e+00 6.6721973e+00 6.3653857e+00 6.1140317e+00 4.7114687e+00 6.5847081e+00 6.5635950e+00 6.5937615e+00 6.5698478e+00 6.2950347e+00 6.1631384e+00 6.1318037e+00 6.1172935e+00 6.0847546e+00 6.0506362e+00 6.0194300e+00 6.0551133e+00 6.2548319e+00 6.1659356e+00 6.1033001e+00 6.0622077e+00 6.2548576e+00 6.1714232e+00 4.8880040e+00 2.7963514e+00 2.4626157e+00
1.5851161e+01 1.5263109e+01 1.4804442e+01 1.4556242e+01 1.4861501e+01 1.4874643e+01 1.4794828e+01 1.4658397e+01 1.4405186e+01 1.4125458e+01 1.3862062e+01 1.3613512e+01 1.3344256e+01 1.3059551e+01 1.2704563e+01 1.2297382e+01 1.1820454e+01 1.1231839e+01 1.0440183e+01 9.7946881e+00 9.0705115e+00 8.4144981e+00 7.9020095e+00 7.4887145e+00 7.0830957e+00 6.7958120e+00 6.7010823e+00 6.7522048e+00 6.7195964e+00 6.6905864e+00 6.7175913e+00 6.7166022e+00 6.6070066e+00 6.4313497e+00 6.3313109e+00 6.2548286e+00 6.1886694e+00 6.1313386e+00 6.0890280e+00 6.0645770e+00 6.0993930e+00 6.2154011e+00 6.1565045e+00 5.9680815e+00 6.0237537e+00 6.0827500e+00 6.1855232e+00 5.9990185e+00 4.5821613e+00 4.8491268e+00
1.5711488e+01 1.5333801e+01 1.5034683e+01 1.4944790e+01 1.5014272e+01 1.5151999e+01 1.5146782e+01 1.4991758e+01 1.4654590e+01 1.4280537e+01 1.4030962e+01 1.3779832e+01 1.3540968e+01 1.3237815e+01 1.2850581e+01 1.2370856e+01 1.1811440e+01 1.1132740e+01 1.0259455e+01 9.5483521e+00 8.8193795e+00 8.1836785e+00 7.6835691e+00 7.3690569e+00 7.0638043e+00 6.8602505e+00 6.7726485e+00 6.7909722e+00 6.8281043e+00 6.8423618e+00 6.8561317e+00 6.8438721e+00 6.7739996e+00 6.6267006e+00 6.4804228e+00 6.3511860e+00 6.2493807e+00 6.1649526e+00 6.1297213e+00 6.0881540e+00 6.1247646e+00 6.2618072e+00 6.6201737e+00 6.7915634e+00 6.1252343e+00 5.6316514e+00 4.6603997e+00 4.8545245e+00 6.0474320e+00 6.0293600e+00
1.5865956e+01 1.5806448e+01 1.5688804e+01 1.5575961e+01 1.5487300e+01 1.5517021e+01 1.5247666e+01 1.5120152e+01 1.4840906e+01 1.4680204e+01 1.4287452e+01 1.4158411e+01 1.3867110e+01 1.3512269e+01 1.3067502e+01 1.2507164e+01 1.1864717e+01 1.1077284e+01 1.0116980e+01 9.2956511e+00 8.5254260e+00 7.8702597e+00 7.3974726e+00 7.1625037e+00 6.9788504e+00 6.8787881e+00 6.8245547e+00 6.7937001e+00 6.8628112e+00 6.9445332e+00 7.0039116e+00 7.0260142e+00 6.9688120e+00 6.8148249e+00 6.6541135e+00 6.4532781e+00 6.3037801e+00 6.1881153e+00 6.1272673e+00 6.0718218e+00 6.1048419e+00 6.1085800e+00 5.1728759e+00 2.2741353e+00 2.2856821e+00 1.2637267e+00 1.1644243e-02 3.7797862e+00 5.1435385e+00 5.8726097e+00
1.6820483e+01 1.6718728e+01 1.6569639e+01 1.6389541e+01 1.6227377e+01 1.6067991e+01 1.6062760e+01 1.5872667e+01 1.5201221e+01 1.4870622e+01 1.5104795e+01 1.4761138e+01 1.4549239e+01 1.3911806e+01 1.3351313e+01 1.2684895e+01 1.1981087e+01 1.1086752e+01 9.9885499e+00 9.0465330e+00 8.1758065e+00 7.5027330e+00 7.0966758e+00 6.9295879e+00 6.7577313e+00 6.5771049e+00 6.5608391e+00 6.7683130e+00 6.8797375e+00 7.0206282e+00 7.1579246e+00 7.2267169e+00 7.1790189e+00 7.0139988e+00 6.7974249e+00 6.5256089e+00 6.3157662e+00 6.2118032e+00 6.2073588e+00 6.1219611e+00 6.1691194e+00 4.4805948e+00 0.0000000e+00 0.0000000e+00 0.0000000e+00 0.0000000e+00 0.0000000e+00 3.9739128e+00 6.0146195e+00 5.8573960e+00
1.7933073e+01 1.7716534e+01 1.7484222e+01 1.7259806e+01 1.7043874e+01 1.6857466e+01 1.6889084e+01 1.6638175e+01 1.6283733e+01 1.6066210e+01 1.5937052e+01 1.5801224e+01 1.5120856e+01 1.4364015e+01 1.3608778e+01 1.2870626e+01 1.2111800e+01 1.1126108e+01 9.9171001e+00 8.8516152e+00 7.8654939e+00 7.1179589e+00 6.8346944e+00 6.8162953e+00 6.3961572e+00 5.6995183e+00 5.8321113e+00 6.6819294e+00 6.8937787e+00 7.1082853e+00 7.3228667e+00 7.4502143e+00 7.4122865e+00 7.2158923e+00 6.9225236e+00 6.5848409e+00 6.2861122e+00 6.2323693e+00 6.2448491e+00 6.0095544e+00 6.2447350e+00 4.9364773e+00 7.2686686e-04 0.0000000e+00 0.0000000e+00 0.0000000e+00 1.4713294e+00 4.3632454e+00 6.0871443e+00 5.9359801e+00
1.8770208e+01 1.8524527e+01 1.8275769e+01 1.8060728e+01 1.7878898e+01 1.7731949e+01 1.7593234e+01 1.7464164e+01 1.7233591e+01 1.6739462e+01 1.5342387e+01 1.5693976e+01 1.5257612e+01 1.4619122e+01 1.3878602e+01 1.3125170e+01 1.2388634e+01 1.1422281e+01 1.0042355e+01 8.7765632e+00 7.5496934e+00 6.0778464e+00 5.9628447e+00 5.6708368e+00 6.0163533e+00 5.9895635e+00 6.0770940e+00 6.2239247e+00 6.9335057e+00 7.4624159e+00 7.8143706e+00 8.0055341e+00 7.9996440e+00 7.7414445e+00 7.3625005e+00 6.8072610e+00 6.2424585e+00 6.1381664e+00 5.2592259e+00 5.0492666e+00 6.2513099e+00 5.5187851e+00 7.9485918e-04 9.5977383e-04 1.1136380e+00 3.2150734e+00 4.3285987e+00 5.8710818e+00 5.9892276e+00 6.0534590e+00
1.9496107e+01 1.9305881e+01 1.9137438e+01 1.9032796e+01 1.8858461e+01 1.8657557e+01 1.8540246e+01 1.8012715e+01 1.6726712e+01 1.5847292e+01 1.5143104e+01 1.5153404e+01 1.4928106e+01 1.4475916e+01 1.3978630e+01 1.3371848e+01 1.2732797e+01 1.1852637e+01 1.0437976e+01 8.9964774e+00 7.4196226e+00 6.5189107e+00 5.2988475e+00 4.2096567e+00 5.9788525e+00 6.3300045e+00 6.3991302e+00 6.4278998e+00 7.3764657e+00 8.0478178e+00 8.4650880e+00 8.6876399e+00 8.6843889e+00 8.3972699e+00 7.9531128e+00 7.3045997e+00 6.5224073e+00 6.0865254e+00 6.2473729e+00 6.3690254e+00 6.3744644e+00 6.1486831e+00 5.9058085e+00 5.9766123e+00 5.4898645e+00 5.0747665e+00 5.3874238e+00 5.3200477e+00 6.2660626e+00 6.2863874e+00
2.0113715e+01 2.0345915e+01 2.0089728e+01 1.9634598e+01 1.9259031e+01 1.9358837e+01 1.8840100e+01 1.8702679e+01 1.6649303e+01 1.5103977e+01 1.5093547e+01 1.4942670e+01 1.4629636e+01 1.4401850e+01 1.4092107e+01 1.3641580e+01 1.3189088e+01 1.2549588e+01 1.1221508e+01 9.7580113e+00 7.7128783e+00 6.4767067e+00 6.1551869e+00 5.8133669e+00 5.6339847e+00 6.9095267e+00 7.5193238e+00 7.9216592e+00 8.4543530e+00 8.9749218e+00 9.3481285e+00 9.5537714e+00 9.5344887e+00 9.2543009e+00 8.8400640e+00 8.2515193e+00 7.5776031e+00 7.0961908e+00 7.1332946e+00 7.1456563e+00 6.9352993e+00 6.7064988e+00 6.6184360e+00 6.4114640e+00 6.0774504e+00 5.1992761e+00 5.5432078e+00 6.1842245e+00 6.4624808e+00 6.5126614e+00
2.1293679e+01 2.1399968e+01 2.0500261e+01 2.0388168e+01 1.9404830e+01 1.9710522e+01 1.9145710e+01 1.6800407e+01 1.5252809e+01 1.5475336e+01 1.5157814e+01 1.4809719e+01 1.4614373e+01 1.4514433e+01 1.4286187e+01 1.3921757e+01 1.3712000e+01 1.3618058e+01 1.2688761e+01 1.1681696e+01 1.0213478e+01 7.8935328e+00 6.6663843e+00 6.5041592e+00 6.7262799e+00 8.1275529e+00 9.0857563e+00 9.5091041e+00 9.8671506e+00 1.0214014e+01 1.0481284e+01 1.0611806e+01 1.0574673e+01 1.0330030e+01 9.9890647e+00 9.5204367e+00 8.9801524e+00 8.5664323e+00 8.3100926e+00 8.0829185e+00 7.8028416e+00 7.4475454e+00 7.0447864e+00 6.6369553e+00 6.1605943e+00 6.0557647e+00 6.3357433e+00 6.5834543e+00 6.7162986e+00 6.7904654e+00
2.1611922e+01 2.2128960e+01 2.1662821e+01 2.0995285e+01 2.0835307e+01 1.9451296e+01 1.7880477e+01 1.3185769e+01 1.3613519e+01 1.3744699e+01 1.4870850e+01 1.5375337e+01 1.4713265e+01 1.4736084e+01 1.4664883e+01 1.4295075e+01 1.3873059e+01 1.4478810e+01 1.4705848e+01 1.4087740e+01 1.3664240e+01 1.1633999e+01 1.0202496e+01 1.0449409e+01 1.0998464e+01 1.1708945e+01 1.1520325e+01 1.1302146e+01 1.1343204e+01 1.1530772e+01 1.1705372e+01 1.1766332e+01 1.1715527e+01 1.1525263e+01 1.1240120e+01 1.0867763e+01 1.0381867e+01 1.0197833e+01 9.9525031e+00 9.3256711e+00 8.7379548e+00 8.3014975e+00 7.8450377e+00 7.3677545e+00 6.8953294e+00 6.6500144e+00 6.7577521e+00 6.9473850e+00 7.0834465e+00 7.1104126e+00
2.1750688e+01 2.0329256e+01 2.2032674e+01 2.1498942e+01 2.1248622e+01 2.0359335e+01 1.6565586e+01 1.4519899e+01 1.1821665e+01 1.0802557e+01 1.3549784e+01 1.5676143e+01 1.4624809e+01 1.4848038e+01 1.5182112e+01 1.5107343e+01 1.4194655e+01 1.5032544e+01 1.6126548e+01 1.6251939e+01 1.5391860e+01 1.4925606e+01 1.4084938e+01 1.4273709e+01 1.4695789e+01 1.5081650e+01 1.3599275e+01 1.2595392e+01 1.2437741e+01 1.2573181e+01 1.2697897e+01 1.2701557e+01 1.2632664e+01 1.2501325e+01 1.2296835e+01 1.1956453e+01 1.1668384e+01 1.0620187e+01 1.1007098e+01 1.0396331e+01 9.5878793e+00 9.0507719e+00 8.5483265e+00 8.0746946e+00 7.6377560e+00 7.3629097e+00 7.3283349e+00 7.4200677e+00 7.4591499e+00 7.4354924e+00
2.3009124e+01 2.2024002e+01 2.2376589e+01 2.1491787e+01 2.1326485e+01 2.0431213e+01 1.8564619e+01 1.7568903e+01 1.5148479e+01 1.6316146e+01 1.6898098e+01 1.7007037e+01 1.6250943e+01 1.6180338e+01 1.5991485e+01 1.6030375e+01 1.6594266e+01 1.6732460e+01 1.6795932e+01 1.5754652e+01 1.5838121e+01 1.6173100e+01 1.6154409e+01 1.5870659e+01 1.6028291e+01 1.5514168e+01 1.3745190e+01 1.3268818e+01 1.3647185e+01 1.3819701e+01 1.3865362e+01 1.3732009e+01 1.3641045e+01 1.3612206e+01 1.3458023e+01 1.3233207e+01 1.3279887e+01 9.5430245e+00 5.5797938e+00 1.0359405e+01 1.0886873e+01 1.0099037e+01 9.4488432e+00 8.9125666e+00 8.4969603e+00 8.2273781e+00 8.2066403e+00 8.0426904e+00 7.9123810e+00 7.8286355e+00
2.3029367e+01 2.2434143e+01 2.1516603e+01 2.1873582e+01 2.1618403e+01 2.0898835e+01 2.1287612e+01 1.9391627e+01 1.8995118e+01 1.8804547e+01 1.7137169e+01 1.3718114e+01 1.7894393e+01 1.7539779e+01 1.6989540e+01 1.7345923e+01 1.7511582e+01 1.7423534e+01 1.7297810e+01 1.6928634e+01 1.6681898e+01 1.6016212e+01 1.6071577e+01 1.5417423e+01 1.6431265e+01 1.6394267e+01 1.4808685e+01 1.4340191e+01 1.4814712e+01 1.4985771e+01 1.5183618e+01 1.4903275e+01 1.4729486e+01 1.5051732e+01 1.5119396e+01 1.4772030e+01 1.5012278e+01 1.3146701e+01 1.2116158e+01 1.2001322e+01 6.9590916e+00 6.5045393e+00 1.0216983e+01 1.0138497e+01 9.7413829e+00 8.5484252e+00 5.6314218e+00 7.9031788e+00 8.6686292e+00 8.3928666e+00
2.2899419e+01 2.2434187e+01 2.1572911e+01 2.2582940e+01 2.2188221e+01 2.1551880e+01 2.0429475e+01 1.9465422e+01 1.9938731e+01 1.7120598e+01 1.7892628e+01 1.4613648e+01 1.7552162e+01 1.8630187e+01 1.8252943e+01 1.8066813e+01 1.7914809e+01 1.7903555e+01 1.7464694e+01 1.7160215e+01 1.6993786e+01 1.6624624e+01 1.6470147e+01 1.5075125e+01 1.6107846e+01 1.6333824e+01 1.6456889e+01 1.5706247e+01 1.6217185e+01 1.5643503e+01 1.5486514e+01 1.5369681e+01 1.5191234e+01 1.5405799e+01 1.5826856e+01 1.5199549e+01 1.5304673e+01 1.5592124e+01 1.4766558e+01 1.3517479e+01 1.0726039e+01 1.0242262e+01 1.1392803e+01 1.0953581e+01 1.0633872e+01 9.3137708e+00 5.8431415e+00 8.3552914e+00 9.3110092e+00 8.9107926e+00
2.3610033e+01 2.2734097e+01 2.2968330e+01 2.2982815e+01 1.9820111e+01 2.2149950e+01 2.0857880e+01 2.0251435e+01 2.0234350e+01 1.8451322e+01 1.9152111e+01 1.8339786e+01 1.8449587e+01 1.9489979e+01 1.8798280e+01 1.8535378e+01 1.8479246e+01 1.8511270e+01 1.8216983e+01 1.7582680e+01 1.7313898e+01 1.7027927e+01 1.6747762e+01 1.6248690e+01 1.6748092e+01 1.6620127e+01 1.6484178e+01 1.6276912e+01 1.6397610e+01 1.5911226e+01 1.5705222e+01 1.5356167e+01 1.4919999e+01 1.5332076e+01 1.4497486e+01 1.5324885e+01 1.5355902e+01 1.5337819e+01 1.4758160e+01 1.4048401e+01 1.3538496e+01 1.2907250e+01 1.2158339e+01 1.1611741e+01 1.1222515e+01 1.0774574e+01 1.0132878e+01 1.0139063e+01 9.8196062e+00 9.4432168e+00
2.3877578e+01 2.3611216e+01 2.3270854e+01 2.2607309e+01 2.1468929e+01 2.2146636e+01 2.1434966e+01 2.0875180e+01 2.0685749e+01 2.0324853e+01 2.0376859e+01 2.0341785e+01 2.0054371e+01 1.9890200e+01 1.9410278e+01 1.9224223e+01 1.8722340e+01 1.7697576e+01 1.7824812e+01 1.8428909e+01 1.7799995e+01 1.7440802e+01 1.7402364e+01 1.7130507e+01 1.7053253e+01 1.6250492e+01 1.5852049e+01 1.6413847e+01 1.6683393e+01 1.6053704e+01 1.5765002e+01 1.5742807e+01 1.4631686e+01 1.4273384e+01 1.5404342e+01 1.5659863e+01 1.5613230e+01 1.5293689e+01 1.4872479e+01 1.4362384e+01 1.3760054e+01 1.3173784e+01 1.2668108e+01 1.2244897e+01 1.1848500e+01 1.1544304e+01 1.1293591e+01 1.0877562e+01 1.0393047e+01 1.0001190e+01
2.3588722e+01 2.3440737e+01 2.2683165e+01 2.2666790e+01 2.2652432e+01 2.2000357e+01 2.2472990e+01 2.1944214e+01 2.1621163e+01 2.1552338e+01 2.1165232e+01 2.0750346e+01 2.0375730e+01 2.0364717e+01 1.9915209e+01 1.9337252e+01 1.8316055e+01 1.7229037e+01 1.8191062e+01 1.8968795e+01 1.8413738e+01 1.8143699e+01 1.8021666e+01 1.7554371e+01 1.7337257e+01 1.6571933e+01 1.6704746e+01 1.6812407e+01 1.6209910e+01 1.6459628e+01 1.5368691e+01 1.4404829e+01 1.4150467e+01 1.3672365e+01 1.4284284e+01 1.5073848e+01 1.4921840e+01 1.4765606e+01 1.4931229e+01 1.4858332e+01 1.4110313e+01 1.3597601e+01 1.3140949e+01 1.2747049e+01 1.2407826e+01 1.2131985e+01 1.1848421e+01 1.1513367e+01 1.1037961e+01 1.0556075e+01
2.2998809e+01 2.2949080e+01 2.3275497e+01 2.2886603e+01 2.2752996e+01 2.2716680e+01 2.2569737e+01 2.2432975e+01 2.2260943e+01 2.1976100e+01 2.1559407e+01 2.0954843e+01 2.0813582e+01 2.0211635e+01 1.9901032e+01 2.0381990e+01 1.9555319e+01 1.9105799e+01 1.9558787e+01 1.9439684e+01 1.9033561e+01 1.8681188e+01 1.8368934e+01 1.8106244e+01 1.7743873e+01 1.7492175e+01 1.6406060e+01 1.7267998e+01 1.7595764e+01 1.6116959e+01 1.6194134e+01 1.5678414e+01 1.5051487e+01 1.4950819e+01 1.4654598e+01 1.4806782e+01 1.4140665e+01 1.3158182e+01 1.5135601e+01 1.5146320e+01 1.4542328e+01 1.4090111e+01 1.3531683e+01 1.3141709e+01 1.2904779e+01 1.2694259e+01 1.2484360e+01 1.2193529e+01 1.1739798e+01 1.1230831e+01
2.4079706e+01 2.3950882e+01 2.3612861e+01 2.3176771e+01 2.2969677e+01 2.2430541e+01 2.2474472e+01 2.2529032e+01 2.2441329e+01 2.2198847e+01 2.1820628e+01 2.1445896e+01 2.1198241e+01 2.0817013e+01 2.0604481e+01 2.0632264e+01 2.0525940e+01 2.0315285e+01 2.0553196e+01 2.0063536e+01 1.9556070e+01 1.9237713e+01 1.9075586e+01 1.8736885e+01 1.8534613e+01 1.8373879e+01 1.7921681e+01 1.7396362e+01 1.6936798e+01 1.4253118e+01 1.4888432e+01 1.5210693e+01 1.5330346e+01 1.5680604e+01 1.5236292e+01 1.4708477e+01 1.4569593e+01 1.4467287e+01 1.3970500e+01 1.4488382e+01 1.3511604e+01 1.3114696e+01 1.3504436e+01 1.3539735e+01 1.3354686e+01 1.3239999e+01 1.3113683e+01 1.2883986e+01 1.2456089e+01 1.1968193e+01
2.3378378e+01 2.4031859e+01 2.3878732e+01 2.3536234e+01 2.3331015e+01 2.3251665e+01 2.3074874e+01 2.2873831e+01 2.2474932e+01 2.2240599e+01 2.2032842e+01 2.1915001e+01 2.2000442e+01 2.1473638e+01 2.0475226e+01 2.1053177e+01 2.0915218e+01 2.0201697e+01 2.0579028e+01 2.0632828e+01 2.0210377e+01 2.0157698e+01 1.9541456e+01 1.9324393e+01 1.8880500e+01 1.8634534e+01 1.8750868e+01 1.8625720e+01 1.8234526e+01 1.6048209e+01 1.7072380e+01 1.6962677e+01 1.6399247e+01 1.5990405e+01 1.5665030e+01 1.5198057e+01 1.4876628e+01 1.4216113e+01 1.3941460e+01 1.2573714e+01 6.3887764e+00 6.7631174e+00 1.2814013e+01 1.3916540e+01 1.3670230e+01 1.3690164e+01 1.3633094e+01 1.3456175e+01 1.3076750e+01 1.2599579e+01
