presentation/data/depth_0001.asc
ncols     164
nrows     146
xllcorner -1.242151388888889e+02
yllcorner  4.172986111111111e+01
cellsize  2.777777777820000e-04
nodata_value       -9999
[rows 110 to 131 of 146, columns 50 to 99 of 164]
9.5873386e+00 8.9929859e+00 7.7917073e+00 5.9469883e+00 4.2051747e+00 3.3464933e+00 2.8776460e+00 2.9682228e+00 2.4889015e+00 3.7859133e+00 5.1570005e+00 5.6113123e+00 5.7692245e+00 4.2582329e+00 3.7362061e+00 3.4882693e+00 4.3373152e-01 0.0000000e+00 2.7727985e+00 3.4671383e+00 3.7238716e+00 4.1145761e+00 4.4483007e+00 4.7159136e+00 4.8916988e+00 4.9347384e+00 4.8471684e+00 4.9600929e+00 5.3956872e+00 5.7614451e+00 6.1285877e+00 6.2608580e+00 6.5832753e+00 6.6648548e+00 6.7856698e+00 6.8941206e+00 7.0311812e+00 7.1234199e+00 7.1866419e+00 7.2322476e+00 7.2952368e+00 7.3140449e+00 7.3024602e+00 7.2213657e+00 7.1734846e+00 7.1355969e+00 7.1787560e+00 7.2394048e+00 7.2931748e+00 7.3586479e+00
1.1094671e+01 1.1092775e+01 9.8339245e+00 6.9777453e+00 3.6250914e+00 2.2500592e+00 3.0635750e+00 2.9468291e+00 3.9413207e+00 5.0888668e+00 6.1283474e+00 7.0662198e+00 7.7508473e+00 3.7110312e+00 4.1713942e+00 5.1283364e+00 2.8762407e+00 0.0000000e+00 0.0000000e+00 2.8211966e+00 3.3906841e+00 3.7364500e+00 4.0719468e+00 4.3354027e+00 4.5441239e+00 4.6603605e+00 4.6913952e+00 4.6152326e+00 4.8295042e+00 5.3460799e+00 5.7469388e+00 6.0707907e+00 6.2860275e+00 6.5746253e+00 6.6802731e+00 6.7897585e+00 6.8954992e+00 6.9991770e+00 7.0624511e+00 7.1169542e+00 7.1336818e+00 7.1158470e+00 7.0637075e+00 7.0121471e+00 7.0016140e+00 7.0367850e+00 7.1313954e+00 7.2356071e+00 7.3321928e+00 7.4063409e+00
1.2189241e+01 1.2415339e+01 1.1562173e+01 8.3052377e+00 0.0000000e+00 0.0000000e+00 0.0000000e+00 2.8610714e+00 4.3697766e+00 5.9119464e+00 7.2877666e+00 8.3129733e+00 9.1875832e+00 9.3526361e+00 9.5717357e+00 9.2397502e+00 7.7944588e+00 1.7813409e+00 0.0000000e+00 5.1843214e-01 3.1417700e+00 3.4464096e+00 3.7349596e+00 4.0026845e+00 4.2238488e+00 4.3835707e+00 4.4835083e+00 4.5038105e+00 4.5321122e+00 4.9348868e+00 5.4005338e+00 5.7577648e+00 6.0452873e+00 6.2762231e+00 6.4304865e+00 6.4806165e+00 6.4268558e+00 6.5303028e+00 6.5962254e+00 6.6553809e+00 6.7181197e+00 6.7319530e+00 6.7581456e+00 6.7779962e+00 6.8288690e+00 6.9394042e+00 7.1263830e+00 7.2703943e+00 7.3989903e+00 7.5136852e+00
1.3202803e+01 1.2288695e+01 1.2329685e+01 9.5072904e+00 4.6610547e-01 0.0000000e+00 0.0000000e+00 0.0000000e+00 6.5652518e+00 7.5000688e+00 8.7850396e+00 9.2241335e+00 9.8211586e+00 1.0212650e+01 1.0643346e+01 1.0166672e+01 9.8672833e+00 8.3164883e+00 6.4574944e-01 0.0000000e+00 2.6140719e+00 3.2457538e+00 3.4153966e+00 3.6950509e+00 3.9206183e+00 4.1190120e+00 4.2739266e+00 4.4184531e+00 4.6139665e+00 4.7600254e+00 5.1881279e+00 5.5427009e+00 5.8144040e+00 5.9671084e+00 5.9312576e+00 5.7073499e+00 5.5932023e+00 5.6859747e+00 5.9056588e+00 6.0663405e+00 6.2014922e+00 6.3258642e+00 6.4834033e+00 6.6479494e+00 6.7632828e+00 6.9275456e+00 7.1088405e+00 7.3278397e+00 7.5139777e+00 7.6497508e+00
1.3699363e+01 1.4077835e+01 1.3716246e+01 1.1896466e+01 8.4422101e+00 5.4309072e+00 1.8971710e+00 3.4708936e+00 9.8374148e+00 9.1555298e+00 1.0207743e+01 8.9074564e+00 9.9770083e+00 1.0434817e+01 1.0875506e+01 1.0771111e+01 1.0131145e+01 9.6796300e+00 6.8513675e+00 0.0000000e+00 3.9767157e-03 3.2031111e+00 3.2103466e+00 3.4050021e+00 3.6482062e+00 3.8745056e+00 4.0604451e+00 4.2833810e+00 4.6204743e+00 4.9643974e+00 5.0802744e+00 5.3131621e+00 5.4660611e+00 5.3830640e+00 5.0981352e+00 4.9048911e+00 4.9416627e+00 5.3622605e+00 5.6693138e+00 5.7619072e+00 5.9347317e+00 6.0827480e+00 6.3357565e+00 6.5941924e+00 6.7961018e+00 6.9775308e+00 7.2261817e+00 7.4898694e+00 7.7423059e+00 7.8590906e+00
1.3825658e+01 1.4317547e+01 1.4048136e+01 1.0811911e+01 1.1879854e+01 1.1592462e+01 1.0546235e+01 1.1297420e+01 1.1625728e+01 1.1429796e+01 1.0922924e+01 1.0579301e+01 1.1932257e+01 1.1871555e+01 1.1224821e+01 1.1201907e+01 1.1216193e+01 1.0324304e+01 7.9431812e+00 3.6453320e+00 0.0000000e+00 1.8618174e+00 3.1560444e+00 3.1876768e+00 3.4110622e+00 3.6269828e+00 3.8423581e+00 4.0933939e+00 4.4627041e+00 4.8428322e+00 5.1132579e+00 5.0581537e+00 4.9822488e+00 4.6654109e+00 4.4888164e+00 4.4676352e+00 4.6154052e+00 5.1046915e+00 5.5704031e+00 5.6298609e+00 5.8384519e+00 6.0935103e+00 6.3716113e+00 6.6266126e+00 6.8503551e+00 7.0836472e+00 7.3783248e+00 7.7033534e+00 8.0304434e+00 8.1301822e+00
1.4171678e+01 1.4319054e+01 1.4402603e+01 1.4912173e+01 1.4213561e+01 1.3917267e+01 1.3797175e+01 1.3553278e+01 1.2987537e+01 1.2324787e+01 1.2215510e+01 1.2287193e+01 1.2290837e+01 1.2138263e+01 1.1713175e+01 1.1957173e+01 1.1774365e+01 1.1022208e+01 9.9372321e+00 6.9423202e+00 1.2489780e+00 0.0000000e+00 2.2318978e+00 3.1213696e+00 3.2264989e+00 3.4361934e+00 3.6626197e+00 3.9033216e+00 4.2324097e+00 4.5500230e+00 4.8542570e+00 4.8126424e+00 4.4832825e+00 4.2800666e+00 4.2081956e+00 4.3329220e+00 4.4980331e+00 4.7591544e+00 5.0943043e+00 5.4776688e+00 5.8251640e+00 6.1599418e+00 6.4697013e+00 6.7078437e+00 6.9268629e+00 7.1828481e+00 7.5398337e+00 8.2599748e+00 8.2958448e+00 8.2028832e+00
1.5392535e+01 1.5252123e+01 1.4919158e+01 1.4295385e+01 1.4715962e+01 1.4512187e+01 1.4103017e+01 1.4019602e+01 1.3179209e+01 1.2979348e+01 1.2822218e+01 1.3004175e+01 1.3015876e+01 1.2712613e+01 1.1845936e+01 1.1871740e+01 1.1533086e+01 1.0862755e+01 1.1005724e+01 1.0374660e+01 6.7725287e+00 0.0000000e+00 0.0000000e+00 2.6241786e+00 3.1080804e+00 3.1908748e+00 3.3283275e+00 3.5014353e+00 3.7043729e+00 3.9012429e+00 4.1070214e+00 4.2189272e+00 4.1618301e+00 4.0499509e+00 4.0285489e+00 4.1120063e+00 4.3554790e+00 4.7027435e+00 5.0668954e+00 5.5711430e+00 5.9595103e+00 6.2387210e+00 6.5763314e+00 6.8429050e+00 7.0640860e+00 7.2911450e+00 7.2857935e+00 7.6295445e+00 8.3222244e+00 8.3354845e+00
1.5681085e+01 1.6133810e+01 1.5873568e+01 1.5516511e+01 1.5125941e+01 1.4451797e+01 1.4259314e+01 1.4063358e+01 1.3966181e+01 1.3555842e+01 1.3019104e+01 1.3278429e+01 1.3185007e+01 1.3123971e+01 1.2334104e+01 1.1378003e+01 1.2115250e+01 1.1081976e+01 1.0435309e+01 1.0895919e+01 8.9186404e+00 0.0000000e+00 0.0000000e+00 4.3067272e-01 2.6634653e+00 3.0997412e+00 3.2438578e+00 3.2137294e+00 3.2614613e+00 3.3000701e+00 3.3067976e+00 3.4771084e+00 3.6613064e+00 3.7977092e+00 3.7699650e+00 3.8910668e+00 4.2095135e+00 4.6539039e+00 5.1714702e+00 5.6779891e+00 6.2083241e+00 6.4871870e+00 6.8015369e+00 7.0434561e+00 7.3105717e+00 7.5614929e+00 7.7460852e+00 7.9342321e+00 8.3272312e+00 8.5598096e+00
1.5757385e+01 1.5391679e+01 1.5841630e+01 1.5532581e+01 1.5020700e+01 1.4171590e+01 1.4465180e+01 1.4369527e+01 1.4578030e+01 1.4174815e+01 1.3181577e+01 1.3044574e+01 1.2637849e+01 1.3544240e+01 1.3489857e+01 1.2545861e+01 1.2500777e+01 1.1350715e+01 1.1779545e+01 1.1238069e+01 1.0805702e+01 4.0740124e+00 0.0000000e+00 0.0000000e+00 0.0000000e+00 2.4748752e+00 2.5367361e+00 2.8111354e+00 2.6742541e+00 2.9003991e+00 2.8837045e+00 2.8419423e+00 3.0932075e+00 3.3174339e+00 3.6456705e+00 3.7220101e+00 4.0440928e+00 4.7442880e+00 5.4537482e+00 6.0665495e+00 6.5438370e+00 6.8420473e+00 7.1562050e+00 7.4129232e+00 7.6821320e+00 7.9382586e+00 8.2380727e+00 8.5099737e+00 8.6735577e+00 8.8353278e+00
1.5941171e+01 1.6040960e+01 1.5874178e+01 1.5315523e+01 1.5037199e+01 1.4905263e+01 1.4956477e+01 1.4572645e+01 1.3616252e+01 1.4535829e+01 1.3670702e+01 1.3257587e+01 1.3235101e+01 1.3318209e+01 1.3810290e+01 1.3755794e+01 1.3257461e+01 1.2797763e+01 1.2096741e+01 1.0726504e+01 1.1349238e+01 9.1895488e+00 2.5173797e-01 0.0000000e+00 0.0000000e+00 0.0000000e+00 0.0000000e+00 0.0000000e+00 0.0000000e+00 0.0000000e+00 2.1766416e+00 1.5790904e+00 2.9636616e+00 2.9209497e+00 3.0875288e+00 3.9250436e+00 4.2260938e+00 4.8150406e+00 5.9865970e+00 6.8083831e+00 7.1549203e+00 7.3785337e+00 7.6653537e+00 7.9340680e+00 8.1980113e+00 8.4211545e+00 8.6783979e+00 8.9080544e+00 9.0863412e+00 9.2104263e+00
1.6259745e+01 1.6064260e+01 1.6175914e+01 1.5731719e+01 1.5193031e+01 1.5066904e+01 1.4841902e+01 1.4775781e+01 1.4523872e+01 1.5069228e+01 1.4151264e+01 1.3666481e+01 1.3407358e+01 1.3522166e+01 1.4000407e+01 1.3518369e+01 1.3806250e+01 1.3068169e+01 1.2269261e+01 1.1891799e+01 1.1667708e+01 1.2136183e+01 8.7488854e+00 1.9577896e+00 0.0000000e+00 0.0000000e+00 0.0000000e+00 0.0000000e+00 0.0000000e+00 0.0000000e+00 0.0000000e+00 0.0000000e+00 0.0000000e+00 0.0000000e+00 0.0000000e+00 6.4901557e-01 1.6290755e+00 3.1103749e+00 7.4873179e+00 7.8209046e+00 7.9566525e+00 8.1401771e+00 8.3870669e+00 8.6003964e+00 8.8160907e+00 8.9924029e+00 9.1809112e+00 9.3036653e+00 9.4456076e+00 9.6149867e+00
1.6679170e+01 1.6575750e+01 1.6435332e+01 1.5967600e+01 1.5489146e+01 1.5287471e+01 1.5183778e+01 1.5150013e+01 1.5165425e+01 1.4934072e+01 1.4453570e+01 1.4173749e+01 1.4068721e+01 1.4072445e+01 1.4408966e+01 1.4271585e+01 1.2979169e+01 1.3133105e+01 1.2867657e+01 1.2382376e+01 1.1504194e+01 1.2380578e+01 1.2038369e+01 9.6426883e+00 8.1719636e+00 3.5728549e+00 2.5220563e+00 4.1586535e+00 8.7501746e+00 8.7546048e+00 9.1432566e+00 8.6962732e+00 7.4183385e+00 6.1438909e+00 4.1691617e+00 2.2999842e+00 2.6490501e-01 1.1710977e+00 9.1993271e+00 9.3483682e+00 9.0643536e+00 9.1021970e+00 9.2309255e+00 9.3590247e+00 9.4669910e+00 9.5862619e+00 9.6591485e+00 9.7115951e+00 9.6887364e+00 9.8901335e+00
1.6438219e+01 1.6564624e+01 1.6546398e+01 1.6203040e+01 1.5987336e+01 1.4471613e+01 1.5293782e+01 1.5695768e+01 1.5344552e+01 1.5087122e+01 1.4839754e+01 1.4761138e+01 1.4605607e+01 1.4677080e+01 1.4585009e+01 1.4344267e+01 1.4445050e+01 1.3031026e+01 1.3353428e+01 1.3026636e+01 1.2721097e+01 1.2513857e+01 1.2369873e+01 1.2292842e+01 1.1081837e+01 6.1115657e+00 4.7232143e+00 6.4032167e+00 9.0027682e+00 1.1766836e+01 1.1639970e+01 1.1298628e+01 1.1518914e+01 1.1105774e+01 1.0810681e+01 1.1383489e+01 1.1007153e+01 1.0360314e+01 1.0796218e+01 1.0274463e+01 1.0042283e+01 9.9819800e+00 9.9955327e+00 1.0004575e+01 1.0018871e+01 1.0077122e+01 1.0129544e+01 1.0124185e+01 9.9580532e+00 9.9173008e+00
1.7085600e+01 1.7009244e+01 1.6811796e+01 1.6596635e+01 1.6272445e+01 1.2631302e+01 1.5284508e+01 1.6206278e+01 1.5822564e+01 1.5600647e+01 1.5423647e+01 1.5334750e+01 1.5084714e+01 1.5041439e+01 1.4954373e+01 1.4631672e+01 1.4460024e+01 1.3286109e+01 1.3402515e+01 1.3838849e+01 1.3786482e+01 1.3177673e+01 1.2467113e+01 1.2369215e+01 1.2086441e+01 9.4450523e+00 6.4659018e+00 6.6736803e+00 8.9794691e+00 1.1742798e+01 1.1003591e+01 1.1604576e+01 1.1357149e+01 1.1720795e+01 1.1970229e+01 1.1847364e+01 1.0808642e+01 1.1186454e+01 1.0933448e+01 1.0743959e+01 1.0622594e+01 1.0546949e+01 1.0481843e+01 1.0458725e+01 1.0438178e+01 1.0441520e+01 1.0489152e+01 9.7882704e+00 1.0194930e+01 1.0280758e+01
1.7347216e+01 1.7249170e+01 1.7184237e+01 1.6938004e+01 1.6943602e+01 1.6883039e+01 1.6844568e+01 1.6748497e+01 1.6639634e+01 1.6408394e+01 1.6107906e+01 1.6021114e+01 1.5678507e+01 1.5697893e+01 1.5439056e+01 1.5054665e+01 1.3282605e+01 1.4350315e+01 1.4295956e+01 1.3793713e+01 1.3704655e+01 1.4041733e+01 1.3311046e+01 1.2856415e+01 1.2516599e+01 1.1987225e+01 9.2375330e+00 8.9600707e+00 1.2016880e+01 1.1726415e+01 1.1079792e+01 1.1640410e+01 1.0909670e+01 1.1130522e+01 1.1949438e+01 1.1922938e+01 1.2131951e+01 1.1559052e+01 1.1228980e+01 1.1102895e+01 1.0975441e+01 1.0882135e+01 1.0826834e+01 1.0774804e+01 1.0759430e+01 1.0701354e+01 1.0630487e+01 9.3943969e+00 9.7401415e+00 1.0501091e+01
1.7631499e+01 1.7530134e+01 1.7478493e+01 1.7435510e+01 1.7321508e+01 1.7170423e+01 1.7121880e+01 1.6807563e+01 1.7031669e+01 1.6783736e+01 1.6777645e+01 1.6289326e+01 1.6149382e+01 1.5971411e+01 1.5813915e+01 1.5326405e+01 1.4647528e+01 1.4989297e+01 1.4919747e+01 1.4797133e+01 1.4278060e+01 1.4732449e+01 1.4193654e+01 1.3513441e+01 1.3189423e+01 1.2384724e+01 1.2581635e+01 1.2974554e+01 1.2606441e+01 1.2068562e+01 1.1820891e+01 1.1765491e+01 1.1582100e+01 1.1833199e+01 1.2048335e+01 1.2339811e+01 1.2244601e+01 1.1971141e+01 1.1464730e+01 1.1291351e+01 1.1177782e+01 1.1079729e+01 1.1009677e+01 1.0934429e+01 1.0899378e+01 1.0849908e+01 1.0767960e+01 1.0795964e+01 1.0841338e+01 1.0806197e+01
1.7957993e+01 1.7854002e+01 1.7776749e+01 1.7789417e+01 1.7655873e+01 1.7493183e+01 1.7304656e+01 1.7174400e+01 1.7126298e+01 1.6963157e+01 1.6791907e+01 1.6725836e+01 1.6477014e+01 1.6206800e+01 1.6124697e+01 1.5986931e+01 1.5578147e+01 1.5266414e+01 1.5298511e+01 1.5181117e+01 1.5160443e+01 1.5174327e+01 1.4952715e+01 1.4097293e+01 1.3663454e+01 1.2867696e+01 1.3614323e+01 1.3235826e+01 1.2819400e+01 1.2312408e+01 1.2126102e+01 1.1623913e+01 1.0994704e+01 1.1717750e+01 1.0553914e+01 1.2048526e+01 1.2395941e+01 1.2092122e+01 1.1688911e+01 1.1446502e+01 1.1302919e+01 1.1184886e+01 1.1100069e+01 1.1010424e+01 1.0959434e+01 1.0945757e+01 1.0857214e+01 1.0870751e+01 1.0838647e+01 1.0830998e+01
1.8252877e+01 1.8144664e+01 1.8046698e+01 1.7983138e+01 1.8018348e+01 1.7840170e+01 1.7577851e+01 1.7368767e+01 1.7250221e+01 1.7159728e+01 1.6962172e+01 1.6880434e+01 1.6714528e+01 1.6590694e+01 1.6311450e+01 1.5881233e+01 1.5648970e+01 1.5265914e+01 1.5514815e+01 1.5503588e+01 1.5463855e+01 1.5279049e+01 1.5206561e+01 1.4474153e+01 1.4365516e+01 1.4122709e+01 1.3851499e+01 1.3454519e+01 1.3355591e+01 1.2765917e+01 1.2694888e+01 1.2319893e+01 1.1632692e+01 1.1730553e+01 1.1839558e+01 1.2590455e+01 1.2605610e+01 1.2130712e+01 1.1808639e+01 1.1601188e+01 1.1440184e+01 1.1306992e+01 1.1218878e+01 1.1121197e+01 1.1064916e+01 1.1032748e+01 1.0990504e+01 1.1014399e+01 1.1014241e+01 1.0954737e+01
1.8541460e+01 1.8576754e+01 1.8382657e+01 1.8101294e+01 1.7985762e+01 1.7876551e+01 1.7768633e+01 1.7555219e+01 1.7399561e+01 1.7349899e+01 1.7177413e+01 1.7050838e+01 1.6951248e+01 1.6999404e+01 1.6640388e+01 1.6635583e+01 1.6006965e+01 1.5266190e+01 1.5701378e+01 1.5858496e+01 1.5791753e+01 1.5559224e+01 1.4992541e+01 1.4719908e+01 1.4633993e+01 1.4579663e+01 1.4073531e+01 1.3242568e+01 1.3710691e+01 1.3766217e+01 1.2760713e+01 1.2622473e+01 1.2494191e+01 1.1983737e+01 1.2590214e+01 1.2612062e+01 1.1616511e+01 1.2103866e+01 1.2020399e+01 1.1790301e+01 1.1615457e+01 1.1481641e+01 1.1389045e+01 1.1300216e+01 1.1250787e+01 1.1240876e+01 1.1240165e+01 1.0858420e+01 1.1330028e+01 1.1247453e+01
1.8752508e+01 1.8541890e+01 1.8535801e+01 1.8297442e+01 1.8083117e+01 1.8023437e+01 1.8019277e+01 1.7818405e+01 1.7687255e+01 1.7617426e+01 1.7533963e+01 1.7432223e+01 1.7361827e+01 1.7312562e+01 1.7014014e+01 1.6877995e+01 1.6305579e+01 1.3232780e+01 1.5208516e+01 1.5663767e+01 1.5437169e+01 1.5368322e+01 1.5371445e+01 1.5242181e+01 1.5077980e+01 1.5118798e+01 1.4346420e+01 1.3909034e+01 1.2509163e+01 1.3255225e+01 1.3696964e+01 1.3369563e+01 1.2914743e+01 1.1651375e+01 1.2089044e+01 1.1817611e+01 1.1364739e+01 1.2186557e+01 1.2166639e+01 1.1955778e+01 1.1765895e+01 1.1628979e+01 1.1557225e+01 1.1517360e+01 1.1546897e+01 1.1604958e+01 1.1517231e+01 1.1138856e+01 1.1445443e+01 1.1604446e+01
1.8837901e+01 1.8726945e+01 1.8575853e+01 1.8464478e+01 1.8269438e+01 1.8199942e+01 1.8190699e+01 1.8182367e+01 1.8123307e+01 1.8034348e+01 1.7951213e+01 1.7825038e+01 1.7665097e+01 1.7431302e+01 1.7324726e+01 1.6899701e+01 1.6580039e+01 1.6116360e+01 1.6423077e+01 1.6015706e+01 1.5809137e+01 1.5249522e+01 1.4912622e+01 1.5367524e+01 1.5434985e+01 1.5496459e+01 1.4845383e+01 1.4361146e+01 1.4026162e+01 1.4000467e+01 1.3802489e+01 1.3387818e+01 1.3113738e+01 1.3085323e+01 1.2948085e+01 1.2894654e+01 1.2699339e+01 1.2573999e+01 1.2329403e+01 1.2125496e+01 1.1953550e+01 1.1820550e+01 1.1755251e+01 1.1753174e+01 1.1629850e+01 1.1602232e+01 1.1656869e+01 9.5999086e+00 9.0840497e+00 1.0455587e+01
