presentation/data/depth_0016.asc
ncols     164
nrows     146
xllcorner -1.242151388888889e+02
yllcorner  4.172986111111111e+01
cellsize  2.777777777820000e-04
nodata_value       -9999
[rows 44 to 65 of 146, columns 100 to 149 of 164]
9.4439977e-01 9.1431936e-01 8.9498600e-01 1.4156760e+00 1.7303794e+00 1.3638475e+00 1.1177576e+00 1.0731952e+00 7.6402314e-01 7.1073301e-01 7.1637283e-01 6.9081620e-01 6.6673543e-01 6.4226040e-01 6.1312684e-01 6.4061117e-01 1.0522248e+00 1.6952168e+00 1.4483236e+00 8.2817699e-01 5.5171354e-01 4.8674085e-01 3.3374413e-01 9.1304318e-02 0.0000000e+00 0.0000000e+00 0.0000000e+00 0.0000000e+00 0.0000000e+00 0.0000000e+00 0.0000000e+00 0.0000000e+00 0.0000000e+00 0.0000000e+00 0.0000000e+00 0.0000000e+00 0.0000000e+00 0.0000000e+00 0.0000000e+00 0.0000000e+00 0.0000000e+00 0.0000000e+00 0.0000000e+00 0.0000000e+00 0.0000000e+00 0.0000000e+00 0.0000000e+00 0.0000000e+00 0.0000000e+00 0.0000000e+00
9.9082985e-01 9.6878054e-01 1.4078295e+00 1.9031567e+00 1.2227921e+00 9.6308597e-01 9.7202884e-01 8.2471079e-01 7.7019442e-01 7.7498601e-01 7.6724924e-01 7.5456130e-01 7.4021768e-01 7.2133216e-01 6.9298278e-01 9.2620940e-01 1.5993231e+00 1.7787259e+00 1.0525923e+00 6.3663425e-01 5.8122495e-01 5.3005859e-01 3.4013128e-01 1.0884454e-01 1.8933575e-04 0.0000000e+00 0.0000000e+00 0.0000000e+00 0.0000000e+00 0.0000000e+00 0.0000000e+00 0.0000000e+00 0.0000000e+00 0.0000000e+00 0.0000000e+00 0.0000000e+00 0.0000000e+00 0.0000000e+00 0.0000000e+00 0.0000000e+00 0.0000000e+00 0.0000000e+00 0.0000000e+00 0.0000000e+00 0.0000000e+00 0.0000000e+00 0.0000000e+00 0.0000000e+00 0.0000000e+00 0.0000000e+00
1.0361641e+00 1.2919136e+00 1.9613928e+00 1.8203021e+00 1.1045701e+00 1.0191391e+00 9.3878990e-01 8.6966805e-01 8.7311686e-01 8.5456121e-01 8.4254545e-01 8.2728870e-01 8.1699577e-01 7.9990936e-01 8.6760211e-01 1.3371496e+00 1.9463431e+00 1.4457789e+00 8.2585346e-01 6.4271318e-01 6.2683947e-01 5.6384182e-01 4.0078217e-01 1.7367857e-01 1.9583205e-03 0.0000000e+00 0.0000000e+00 0.0000000e+00 0.0000000e+00 0.0000000e+00 0.0000000e+00 0.0000000e+00 0.0000000e+00 0.0000000e+00 0.0000000e+00 0.0000000e+00 0.0000000e+00 0.0000000e+00 0.0000000e+00 0.0000000e+00 0.0000000e+00 0.0000000e+00 0.0000000e+00 0.0000000e+00 0.0000000e+00 0.0000000e+00 0.0000000e+00 0.0000000e+00 0.0000000e+00 0.0000000e+00
1.5402178e+00 2.0824328e+00 2.1160103e+00 1.5252991e+00 1.1574817e+00 1.0691725e+00 9.8072082e-01 9.5579962e-01 9.4441504e-01 9.2538029e-01 9.1013762e-01 8.9638386e-01 9.4008709e-01 1.2252980e+00 1.6427222e+00 1.9728012e+00 1.7384611e+00 1.0926947e+00 7.4999344e-01 6.8356741e-01 6.5529766e-01 6.4364660e-01 5.4815955e-01 3.3064074e-01 4.9910172e-02 0.0000000e+00 0.0000000e+00 0.0000000e+00 0.0000000e+00 0.0000000e+00 0.0000000e+00 0.0000000e+00 0.0000000e+00 0.0000000e+00 0.0000000e+00 0.0000000e+00 0.0000000e+00 0.0000000e+00 0.0000000e+00 0.0000000e+00 0.0000000e+00 0.0000000e+00 0.0000000e+00 0.0000000e+00 0.0000000e+00 0.0000000e+00 0.0000000e+00 0.0000000e+00 0.0000000e+00 0.0000000e+00
2.0573659e+00 2.1918439e+00 1.7278794e+00 1.3102554e+00 1.2234863e+00 1.0669768e+00 1.0307886e+00 1.0134125e+00 9.9403047e-01 9.8011909e-01 9.6247613e-01 1.0176175e+00 1.2929456e+00 1.8407202e+00 2.0471964e+00 1.5130599e+00 1.1101474e+00 8.4624886e-01 7.4194787e-01 7.1118484e-01 6.9267319e-01 6.5441927e-01 5.8006417e-01 4.2816798e-01 1.3949290e-01 0.0000000e+00 0.0000000e+00 0.0000000e+00 0.0000000e+00 0.0000000e+00 0.0000000e+00 0.0000000e+00 0.0000000e+00 0.0000000e+00 0.0000000e+00 0.0000000e+00 0.0000000e+00 0.0000000e+00 0.0000000e+00 0.0000000e+00 0.0000000e+00 0.0000000e+00 0.0000000e+00 0.0000000e+00 0.0000000e+00 0.0000000e+00 0.0000000e+00 0.0000000e+00 0.0000000e+00 0.0000000e+00
2.0147567e+00 1.6385551e+00 1.3149260e+00 1.3254414e+00 1.2689017e+00 1.1104281e+00 1.0766547e+00 1.0616028e+00 1.0484116e+00 1.0286112e+00 1.0596163e+00 1.3337962e+00 1.9257481e+00 2.1164169e+00 1.5074204e+00 9.9572079e-01 8.2525594e-01 8.0082742e-01 7.7715846e-01 7.5901288e-01 7.3733807e-01 6.2922339e-01 4.5407572e-01 3.1521762e-01 4.7382222e-02 0.0000000e+00 0.0000000e+00 0.0000000e+00 0.0000000e+00 0.0000000e+00 0.0000000e+00 0.0000000e+00 0.0000000e+00 0.0000000e+00 0.0000000e+00 0.0000000e+00 0.0000000e+00 0.0000000e+00 0.0000000e+00 0.0000000e+00 0.0000000e+00 0.0000000e+00 0.0000000e+00 0.0000000e+00 0.0000000e+00 0.0000000e+00 0.0000000e+00 0.0000000e+00 0.0000000e+00 0.0000000e+00
1.2913691e+00 1.1420141e+00 1.2073322e+00 1.3172026e+00 1.3447324e+00 1.2375796e+00 1.1247400e+00 1.1052373e+00 1.0927052e+00 1.1031320e+00 1.3576871e+00 1.9323479e+00 2.2068786e+00 1.6046938e+00 1.0785803e+00 8.9780848e-01 8.6081666e-01 8.3798077e-01 8.1086883e-01 7.8969871e-01 7.7837706e-01 7.0390301e-01 5.1803104e-01 2.7945026e-01 4.9709736e-02 0.0000000e+00 0.0000000e+00 0.0000000e+00 0.0000000e+00 0.0000000e+00 0.0000000e+00 0.0000000e+00 0.0000000e+00 0.0000000e+00 0.0000000e+00 0.0000000e+00 0.0000000e+00 0.0000000e+00 0.0000000e+00 0.0000000e+00 0.0000000e+00 0.0000000e+00 0.0000000e+00 0.0000000e+00 0.0000000e+00 0.0000000e+00 0.0000000e+00 0.0000000e+00 0.0000000e+00 0.0000000e+00
1.1816967e+00 1.1657408e+00 1.1779099e+00 1.2229788e+00 1.2720185e+00 1.2882745e+00 1.1871621e+00 1.1461789e+00 1.1456639e+00 1.3497769e+00 1.8735229e+00 2.3123901e+00 1.7331921e+00 1.1990832e+00 9.7924538e-01 9.3702755e-01 9.0178643e-01 8.6804907e-01 8.3317613e-01 8.0490806e-01 7.8824572e-01 6.6828926e-01 5.1798149e-01 2.9105262e-01 5.4904216e-02 0.0000000e+00 0.0000000e+00 0.0000000e+00 0.0000000e+00 0.0000000e+00 0.0000000e+00 0.0000000e+00 0.0000000e+00 0.0000000e+00 0.0000000e+00 0.0000000e+00 0.0000000e+00 0.0000000e+00 0.0000000e+00 0.0000000e+00 0.0000000e+00 0.0000000e+00 0.0000000e+00 0.0000000e+00 0.0000000e+00 0.0000000e+00 0.0000000e+00 0.0000000e+00 0.0000000e+00 0.0000000e+00
1.2196146e+00 1.2162706e+00 1.2139473e+00 1.2122172e+00 1.2095787e+00 1.2177363e+00 1.2112045e+00 1.1893911e+00 1.3253555e+00 1.8405121e+00 2.3703639e+00 1.9032619e+00 1.3053732e+00 1.0481065e+00 1.0037047e+00 9.6543772e-01 9.2802466e-01 8.8550373e-01 8.2633374e-01 7.4518371e-01 6.5350167e-01 5.2756646e-01 3.5972977e-01 1.5660742e-01 1.2852354e-02 8.2875335e-04 2.1119438e-05 1.0543411e-06 0.0000000e+00 0.0000000e+00 0.0000000e+00 0.0000000e+00 0.0000000e+00 0.0000000e+00 0.0000000e+00 0.0000000e+00 0.0000000e+00 0.0000000e+00 0.0000000e+00 0.0000000e+00 0.0000000e+00 0.0000000e+00 0.0000000e+00 0.0000000e+00 0.0000000e+00 0.0000000e+00 0.0000000e+00 0.0000000e+00 0.0000000e+00 0.0000000e+00
1.2680950e+00 1.2707227e+00 1.2702820e+00 1.2711119e+00 1.2606408e+00 1.2548821e+00 1.2585565e+00 1.4046957e+00 1.8073143e+00 2.3964445e+00 2.0961400e+00 1.4437081e+00 1.1301079e+00 1.0346224e+00 9.7126066e-01 9.0109119e-01 8.2789708e-01 7.5371298e-01 6.3915410e-01 5.3249644e-01 4.3062907e-01 3.0861127e-01 1.4315706e-01 5.9302445e-02 5.1184112e-02 2.4277243e-02 8.9143928e-03 2.6206519e-03 2.8204006e-04 2.7982794e-05 5.2710287e-07 0.0000000e+00 0.0000000e+00 0.0000000e+00 0.0000000e+00 0.0000000e+00 0.0000000e+00 0.0000000e+00 0.0000000e+00 0.0000000e+00 0.0000000e+00 0.0000000e+00 0.0000000e+00 0.0000000e+00 0.0000000e+00 0.0000000e+00 0.0000000e+00 0.0000000e+00 0.0000000e+00 0.0000000e+00
1.3195993e+00 1.3187730e+00 1.3174926e+00 1.3138882e+00 1.3100269e+00 1.3095567e+00 1.5048749e+00 2.0141023e+00 2.4414140e+00 2.2641731e+00 1.6258139e+00 1.2432291e+00 1.0685910e+00 9.4252870e-01 8.2361057e-01 7.0892231e-01 6.0338891e-01 4.9581845e-01 4.3134853e-01 3.2637129e-01 2.2158795e-01 9.6599840e-02 8.1045565e-02 8.8162473e-02 7.1412847e-02 4.9647151e-02 3.4967882e-02 2.2742208e-02 1.4563902e-02 8.1594668e-03 1.6239897e-03 6.1230451e-05 1.5365552e-06 0.0000000e+00 0.0000000e+00 0.0000000e+00 0.0000000e+00 0.0000000e+00 0.0000000e+00 0.0000000e+00 0.0000000e+00 0.0000000e+00 0.0000000e+00 0.0000000e+00 0.0000000e+00 0.0000000e+00 0.0000000e+00 0.0000000e+00 0.0000000e+00 0.0000000e+00
1.3613788e+00 1.3578164e+00 1.3549561e+00 1.3489731e+00 1.3634525e+00 1.5910825e+00 2.1227092e+00 2.6135919e+00 2.4982964e+00 1.8966579e+00 1.3882870e+00 1.1826394e+00 1.0503806e+00 9.2223707e-01 7.8548004e-01 6.8549169e-01 5.8108620e-01 4.9617272e-01 4.0697318e-01 3.3483641e-01 2.6226055e-01 1.5143417e-01 9.3282082e-02 8.6163443e-02 8.0972989e-02 6.3923429e-02 4.9561329e-02 3.7338973e-02 3.0824103e-02 2.4700421e-02 1.6222544e-02 8.1853950e-03 2.1172656e-03 1.1470345e-05 6.3123603e-06 0.0000000e+00 0.0000000e+00 0.0000000e+00 0.0000000e+00 0.0000000e+00 0.0000000e+00 0.0000000e+00 0.0000000e+00 0.0000000e+00 0.0000000e+00 0.0000000e+00 0.0000000e+00 0.0000000e+00 0.0000000e+00 0.0000000e+00
1.4034794e+00 1.3942563e+00 1.3847204e+00 1.4099696e+00 1.6637286e+00 2.1807745e+00 2.6376883e+00 2.5262771e+00 1.9661712e+00 1.5138080e+00 1.3248520e+00 1.2402685e+00 1.1422830e+00 1.0379478e+00 9.2055745e-01 7.8688781e-01 6.5767043e-01 5.4174935e-01 4.3990450e-01 3.6570011e-01 2.8929451e-01 1.7357146e-01 9.0892109e-02 7.9754252e-02 9.4041064e-02 6.9055999e-02 6.0669223e-02 4.6297501e-02 3.8177950e-02 3.3395419e-02 2.8537104e-02 1.9114742e-02 1.0839347e-02 3.4468718e-03 1.9664281e-03 0.0000000e+00 0.0000000e+00 0.0000000e+00 0.0000000e+00 0.0000000e+00 0.0000000e+00 0.0000000e+00 0.0000000e+00 0.0000000e+00 0.0000000e+00 0.0000000e+00 0.0000000e+00 0.0000000e+00 0.0000000e+00 0.0000000e+00
1.7835605e+00 1.7669200e+00 1.7910898e+00 1.9745835e+00 2.3712410e+00 2.6952151e+00 2.5187911e+00 2.0468301e+00 1.6588373e+00 1.4800583e+00 1.4067945e+00 1.3445293e+00 1.2803356e+00 1.1515133e+00 1.0272807e+00 8.9455253e-01 7.6661327e-01 6.3933703e-01 5.1852605e-01 4.0808720e-01 3.3199365e-01 2.6062970e-01 1.6426663e-01 9.4499137e-02 8.5178504e-02 7.3697477e-02 6.7155874e-02 6.1843391e-02 5.2136569e-02 4.1526737e-02 3.1090847e-02 2.4651301e-02 1.6613545e-02 8.2010631e-03 3.9625019e-03 0.0000000e+00 0.0000000e+00 0.0000000e+00 0.0000000e+00 0.0000000e+00 0.0000000e+00 0.0000000e+00 0.0000000e+00 0.0000000e+00 0.0000000e+00 0.0000000e+00 0.0000000e+00 0.0000000e+00 0.0000000e+00 0.0000000e+00
2.7038403e+00 2.6937799e+00 2.6883192e+00 2.7370196e+00 2.7510021e+00 2.4702874e+00 2.0401399e+00 1.7608911e+00 1.6557206e+00 1.5626775e+00 1.4736599e+00 1.3889042e+00 1.3406655e+00 1.2216639e+00 1.0957932e+00 9.6348898e-01 8.2424150e-01 6.9489188e-01 6.0133240e-01 5.1334626e-01 4.2253040e-01 2.9241642e-01 1.4664226e-01 8.1786065e-02 1.0059723e-01 1.0545548e-01 9.8267835e-02 8.6301524e-02 6.5826311e-02 4.6469295e-02 3.0751746e-02 2.1492714e-02 1.5755167e-02 1.2515848e-02 7.3878331e-03 4.6626549e-03 0.0000000e+00 0.0000000e+00 0.0000000e+00 0.0000000e+00 0.0000000e+00 0.0000000e+00 0.0000000e+00 0.0000000e+00 0.0000000e+00 0.0000000e+00 0.0000000e+00 0.0000000e+00 0.0000000e+00 0.0000000e+00
2.4366106e+00 2.4536950e+00 2.4419479e+00 2.3904140e+00 2.2332730e+00 1.9807200e+00 1.7690857e+00 1.7201198e+00 1.6370953e+00 1.5674709e+00 1.4958205e+00 1.4134812e+00 1.3747442e+00 1.2702405e+00 1.1484325e+00 1.0180282e+00 8.9156972e-01 7.6821169e-01 6.4711572e-01 5.4218603e-01 4.4897146e-01 3.4618944e-01 1.7747509e-01 8.6049799e-02 9.0292453e-02 8.6042489e-02 8.3343724e-02 7.6966158e-02 7.1613706e-02 6.2504881e-02 5.0729063e-02 3.5672007e-02 2.6442809e-02 1.9205110e-02 1.5027792e-02 8.8572863e-03 4.3454427e-03 2.1603535e-03 0.0000000e+00 0.0000000e+00 0.0000000e+00 0.0000000e+00 0.0000000e+00 0.0000000e+00 0.0000000e+00 0.0000000e+00 0.0000000e+00 0.0000000e+00 0.0000000e+00 0.0000000e+00
1.7568893e+00 1.8129655e+00 1.8423747e+00 1.8359354e+00 1.8091349e+00 1.7721160e+00 1.7187357e+00 1.7049307e+00 1.6323040e+00 1.5926331e+00 1.5102515e+00 1.4497713e+00 1.3949420e+00 1.3260524e+00 1.2058156e+00 1.0733147e+00 9.4541797e-01 8.0160564e-01 6.6085691e-01 5.5283072e-01 4.5799811e-01 3.5716897e-01 1.9114546e-01 9.2402899e-02 8.2391837e-02 5.2648572e-02 3.7700940e-02 5.1655486e-02 5.8057470e-02 6.2571776e-02 6.6852208e-02 6.7652977e-02 5.1458092e-02 3.8652144e-02 2.4066239e-02 1.9068095e-02 1.3042420e-02 7.6329408e-03 4.8591372e-03 2.2313424e-04 0.0000000e+00 0.0000000e+00 0.0000000e+00 0.0000000e+00 0.0000000e+00 0.0000000e+00 0.0000000e+00 0.0000000e+00 0.0000000e+00 0.0000000e+00
1.6162266e+00 1.6492599e+00 1.6360787e+00 1.6685394e+00 1.6855453e+00 1.7031865e+00 1.7066696e+00 1.6631394e+00 1.6215833e+00 1.5986803e+00 1.5192605e+00 1.4718137e+00 1.4056654e+00 1.3350244e+00 1.2120412e+00 1.0910936e+00 9.4521622e-01 8.0897834e-01 6.7359634e-01 5.5250356e-01 4.3862894e-01 3.1458138e-01 1.5290931e-01 4.6105074e-02 5.6822838e-02 6.7062409e-02 6.7430480e-02 6.2502561e-02 5.6268054e-02 5.4886416e-02 5.3433548e-02 4.8905163e-02 4.6830724e-02 4.7603405e-02 4.4524224e-02 3.0513843e-02 2.1998755e-02 1.4165108e-02 8.3982618e-03 3.5480395e-03 1.8237013e-03 0.0000000e+00 0.0000000e+00 0.0000000e+00 0.0000000e+00 0.0000000e+00 0.0000000e+00 0.0000000e+00 0.0000000e+00 0.0000000e+00
1.4750416e+00 1.4669111e+00 1.4939824e+00 1.5483250e+00 1.5799339e+00 1.6130111e+00 1.6261609e+00 1.6202072e+00 1.6195882e+00 1.5769346e+00 1.5210799e+00 1.4498500e+00 1.4111885e+00 1.3349121e+00 1.2052187e+00 1.0561853e+00 9.2485776e-01 8.0297204e-01 6.6599115e-01 5.2463485e-01 4.0956586e-01 2.7537505e-01 1.2855492e-01 6.7078233e-02 6.5363860e-02 5.8621567e-02 5.8805978e-02 6.0917536e-02 6.3747130e-02 6.1490725e-02 5.6897326e-02 5.5736884e-02 5.2261151e-02 4.3634260e-02 3.1975702e-02 2.7981696e-02 2.2860858e-02 1.6610766e-02 1.1065618e-02 6.7669930e-03 3.9750465e-03 2.3666655e-03 0.0000000e+00 0.0000000e+00 0.0000000e+00 0.0000000e+00 0.0000000e+00 0.0000000e+00 0.0000000e+00 0.0000000e+00
1.4364694e+00 1.4337506e+00 1.4363346e+00 1.4508656e+00 1.4889806e+00 1.5240064e+00 1.5501611e+00 1.5900130e+00 1.5997156e+00 1.5726329e+00 1.5423309e+00 1.4550134e+00 1.4196465e+00 1.3168369e+00 1.1803660e+00 1.0453474e+00 9.0902636e-01 7.7744993e-01 6.6423609e-01 5.3908242e-01 4.0956438e-01 2.7358000e-01 1.3977119e-01 9.9413100e-02 8.2222637e-02 7.5899688e-02 8.2087710e-02 8.9635267e-02 8.4570524e-02 8.0968398e-02 8.1145232e-02 6.7862621e-02 5.7934751e-02 4.4417640e-02 3.3942043e-02 2.5628562e-02 2.1149637e-02 1.6916061e-02 1.1119529e-02 9.4844261e-03 7.7771688e-03 7.2438205e-03 6.3047623e-03 4.1964267e-03 0.0000000e+00 0.0000000e+00 0.0000000e+00 0.0000000e+00 0.0000000e+00 0.0000000e+00
1.5460672e+00 1.5499719e+00 1.5510791e+00 1.5512873e+00 1.5474722e+00 1.5491571e+00 1.5540673e+00 1.5723645e+00 1.5819997e+00 1.5786234e+00 1.5583341e+00 1.5310486e+00 1.4969659e+00 1.3725520e+00 1.2178712e+00 1.0696945e+00 9.4396522e-01 8.1732730e-01 7.0034149e-01 5.8413108e-01 4.6484311e-01 3.3644606e-01 2.3747867e-01 2.1548050e-01 2.1380905e-01 2.0952873e-01 1.9749893e-01 1.9489508e-01 2.0151668e-01 1.9953899e-01 1.8273924e-01 1.6798668e-01 1.5648195e-01 1.5158764e-01 1.5176169e-01 1.6152756e-01 1.6455486e-01 1.4290537e-01 7.0043670e-02 2.2210262e-02 1.0113969e-02 7.7048394e-03 8.7347597e-03 1.0081551e-02 9.4933039e-03 6.6326649e-03 4.0949454e-03 0.0000000e+00 0.0000000e+00 0.0000000e+00
1.6837950e+00 1.6840030e+00 1.6809836e+00 1.6784834e+00 1.6738891e+00 1.6685910e+00 1.6612917e+00 1.6517974e+00 1.6448942e+00 1.6369934e+00 1.6288951e+00 1.6098543e+00 1.5546253e+00 1.4585502e+00 1.3372664e+00 1.1600508e+00 1.0479196e+00 8.9400317e-01 7.6303753e-01 6.4973085e-01 5.8045154e-01 5.2238677e-01 4.5939175e-01 4.8673109e-01 5.0125941e-01 4.8177334e-01 4.4514539e-01 4.2541255e-01 4.3008671e-01 4.1230926e-01 4.0051078e-01 4.0552696e-01 4.2366112e-01 4.5276932e-01 4.8761579e-01 4.8649573e-01 4.7850822e-01 4.4385279e-01 3.5517847e-01 2.4968610e-01 1.8894241e-01 1.1194339e-01 4.9425093e-02 1.6192260e-02 9.3608564e-03 9.9192231e-03 7.1922781e-03 4.5219473e-03 0.0000000e+00 0.0000000e+00
