presentation/data/depth_0035.asc
ncols     164
nrows     146
xllcorner -1.242151388888889e+02
yllcorner  4.172986111111111e+01
cellsize  2.777777777820000e-04
nodata_value       -9999
[rows 88 to 109 of 146, columns 0 to 49 of 164]
1.1079156e+01 1.1110798e+01 1.1002941e+01 1.0589872e+01 1.0477858e+01 1.0681113e+01 1.0262449e+01 1.0161069e+01 9.9845985e+00 9.7730645e+00 9.5547653e+00 9.3315128e+00 9.1178460e+00 8.8891067e+00 8.6319978e+00 8.3646339e+00 8.0672103e+00 7.6605241e+00 7.0639053e+00 6.4430612e+00 5.6318132e+00 4.7987258e+00 4.1186488e+00 3.5760885e+00 3.0283306e+00 2.5867053e+00 2.2971892e+00 1.9803116e-01 2.1098605e-04 1.6961899e+00 2.0042548e+00 2.2845023e+00 2.1199252e+00 1.5503426e+00 1.5637436e+00 1.5047076e+00 1.5071037e+00 1.4968848e+00 1.4220529e+00 1.3229304e+00 1.4101254e+00 7.3353369e-01 4.8136135e-01 7.0943684e-04 7.2545327e-01 5.2057969e-01 8.6811023e-04 9.9909605e-04 9.9938044e-04 9.9742919e-04
1.1456866e+01 1.0949622e+01 1.0751507e+01 1.0507693e+01 1.0506130e+01 1.0666384e+01 1.0495668e+01 1.0369873e+01 1.0171197e+01 9.9462830e+00 9.7022594e+00 9.4766821e+00 9.2391654e+00 8.9798176e+00 8.6865975e+00 8.3469167e+00 7.9772242e+00 7.4747626e+00 6.7835527e+00 6.1674832e+00 5.4361567e+00 4.7151059e+00 4.1091677e+00 3.6192172e+00 3.1167509e+00 2.7391089e+00 2.4262383e+00 2.2421967e+00 6.8200420e-01 1.9216626e+00 2.3169494e+00 2.3692451e+00 2.4102214e+00 2.1413913e+00 1.9022866e+00 1.8153833e+00 1.7699722e+00 1.7057059e+00 1.5947367e+00 1.4242964e+00 1.3040432e+00 1.5913874e+00 1.3468885e+00 1.0752738e+00 5.1351913e-01 5.3745113e-01 4.6065714e-01 9.3295786e-04 9.9992828e-04 9.9984773e-04
1.1663514e+01 1.1089303e+01 1.0645383e+01 1.0413843e+01 1.0737302e+01 1.0768539e+01 1.0707259e+01 1.0589012e+01 1.0353898e+01 1.0091732e+01 9.8477220e+00 9.6173037e+00 9.3642336e+00 9.0979484e+00 8.7567372e+00 8.3622229e+00 7.9017317e+00 7.3221156e+00 6.5394871e+00 5.9023473e+00 5.1792757e+00 4.5207301e+00 4.0002201e+00 3.5783078e+00 3.1438976e+00 2.8254402e+00 2.6972602e+00 2.7375461e+00 2.6067915e+00 2.5435466e+00 2.6502238e+00 2.6580412e+00 2.5478114e+00 2.3440278e+00 2.2012057e+00 2.0818249e+00 1.9855006e+00 1.8851522e+00 1.7550910e+00 1.5719051e+00 1.4208588e+00 1.4477816e+00 1.3105598e+00 8.9365340e-01 6.3247925e-01 4.0048550e-01 4.9794109e-01 3.3804966e-01 9.4719226e-04 9.5854178e-04
1.1503350e+01 1.1139975e+01 1.0853981e+01 1.0779523e+01 1.0866111e+01 1.1022494e+01 1.1036494e+01 1.0900343e+01 1.0582203e+01 1.0225179e+01 9.9946525e+00 9.7617981e+00 9.5402493e+00 9.2544056e+00 8.8820278e+00 8.4175894e+00 7.8709148e+00 7.2044560e+00 6.3418340e+00 5.6403981e+00 4.9115815e+00 4.2711473e+00 3.7643015e+00 3.4465271e+00 3.1225386e+00 2.9046000e+00 2.8121349e+00 2.8363453e+00 2.8612556e+00 2.8699472e+00 2.9182500e+00 2.9015227e+00 2.8133404e+00 2.6239831e+00 2.4318984e+00 2.2585284e+00 2.1426972e+00 2.0134610e+00 1.9080317e+00 1.7226107e+00 1.5518751e+00 1.3789006e+00 1.4678681e+00 1.7045462e+00 8.5196251e-01 1.1624575e-01 9.4997791e-04 9.9393383e-04 2.9662979e-01 3.9611510e-01
1.1630888e+01 1.1589514e+01 1.1487931e+01 1.1390287e+01 1.1317592e+01 1.1364868e+01 1.1112950e+01 1.1003247e+01 1.0742318e+01 1.0599777e+01 1.0224501e+01 1.0113668e+01 9.8378028e+00 9.4993979e+00 9.0717967e+00 8.5278124e+00 7.9003445e+00 7.1242588e+00 6.1725785e+00 5.3590134e+00 4.5961660e+00 3.9376266e+00 3.4606048e+00 3.2238760e+00 3.0263954e+00 2.9257923e+00 2.8920659e+00 2.8758432e+00 2.9580337e+00 3.0639695e+00 3.1189102e+00 3.1353382e+00 3.0482481e+00 2.8510114e+00 2.6505695e+00 2.4083570e+00 2.2582090e+00 2.1291844e+00 2.0242209e+00 1.9047068e+00 1.7033281e+00 1.1020079e+00 1.8738815e-01 9.4145683e-04 9.8475757e-04 9.0708775e-04 8.7134453e-04 9.1888020e-04 1.1225093e-01 5.4948257e-01
1.2572388e+01 1.2486912e+01 1.2352406e+01 1.2185876e+01 1.2038043e+01 1.1894084e+01 1.1905010e+01 1.1731243e+01 1.1076893e+01 1.0763128e+01 1.1014905e+01 1.0686981e+01 1.0489536e+01 9.8684904e+00 9.3254252e+00 8.6757250e+00 7.9879050e+00 7.1066514e+00 6.0184199e+00 5.0827525e+00 4.2161769e+00 3.5381646e+00 3.1382357e+00 2.9746264e+00 2.7855037e+00 2.6378250e+00 2.6568877e+00 2.8887268e+00 3.0097632e+00 3.1623983e+00 3.2962185e+00 3.3522994e+00 3.2830940e+00 3.0795736e+00 2.8260732e+00 2.5105722e+00 2.3073149e+00 2.2260762e+00 2.2229375e+00 2.1666829e+00 2.2439039e+00 6.3527334e-01 0.0000000e+00 0.0000000e+00 0.0000000e+00 0.0000000e+00 0.0000000e+00 9.1237339e-04 9.5048234e-01 6.7515855e-01
1.3662106e+01 1.3462557e+01 1.3244014e+01 1.3032615e+01 1.2830247e+01 1.2657836e+01 1.2704396e+01 1.2469391e+01 1.2132156e+01 1.1931091e+01 1.1819871e+01 1.1699889e+01 1.1033407e+01 1.0292321e+01 9.5525861e+00 8.8299136e+00 8.0859980e+00 7.1131678e+00 5.9147980e+00 4.8566783e+00 3.8688976e+00 3.1146165e+00 2.8439676e+00 2.8362868e+00 2.4049013e+00 1.7604108e+00 1.9451498e+00 2.7946516e+00 3.0246825e+00 3.2466962e+00 3.4635209e+00 3.5926213e+00 3.5383242e+00 3.3119704e+00 2.9806218e+00 2.5899438e+00 2.2643020e+00 2.2266413e+00 2.2755317e+00 2.1433427e+00 2.4571487e+00 1.1821123e+00 7.2686686e-04 0.0000000e+00 0.0000000e+00 0.0000000e+00 9.9029497e-04 9.7953485e-04 9.0142488e-01 7.9087241e-01
1.4477654e+01 1.4246756e+01 1.4012858e+01 1.3809846e+01 1.3640579e+01 1.3506786e+01 1.3381603e+01 1.3268083e+01 1.3055187e+01 1.2578693e+01 1.1198552e+01 1.1566071e+01 1.1145516e+01 1.0522107e+01 9.7952447e+00 9.0553684e+00 8.3324144e+00 7.3788492e+00 6.0112999e+00 4.7565467e+00 3.5370744e+00 2.0397904e+00 1.9555555e+00 1.6515667e+00 1.9688707e+00 1.9878414e+00 2.1180702e+00 2.3015962e+00 3.0508486e+00 3.6029887e+00 3.9634401e+00 4.1661110e+00 4.1575468e+00 3.8874780e+00 3.4875221e+00 2.8885125e+00 2.2658557e+00 2.2123415e+00 1.1994695e+00 9.9221788e-01 2.3747602e+00 1.7723583e+00 7.9485918e-04 9.5977383e-04 8.9437024e-04 9.9452514e-04 9.9720538e-04 6.3884466e-01 7.3557547e-01 9.0264701e-01
1.5179120e+01 1.5003563e+01 1.4848463e+01 1.4757382e+01 1.4594758e+01 1.4406620e+01 1.4302506e+01 1.3790828e+01 1.2523659e+01 1.1661323e+01 1.0976093e+01 1.0999231e+01 1.0788951e+01 1.0352531e+01 9.8672740e+00 9.2726289e+00 8.6454598e+00 7.7771704e+00 6.3743798e+00 4.9461337e+00 3.3804488e+00 2.5073641e+00 1.2768925e+00 2.0637109e-01 1.8998532e+00 2.2853249e+00 2.3755669e+00 2.4443777e+00 3.4463840e+00 4.1572413e+00 4.5977069e+00 4.8397313e+00 4.8509581e+00 4.5668643e+00 4.1231968e+00 3.4620176e+00 2.6349076e+00 2.1474108e+00 2.3698163e+00 2.5361497e+00 2.5478262e+00 2.3907530e+00 2.1644995e+00 2.1244967e+00 1.5089899e+00 8.1397254e-01 6.5123743e-01 4.3907577e-01 1.1081849e+00 1.4022725e+00
1.5771950e+01 1.6018520e+01 1.5776132e+01 1.5333742e+01 1.4971433e+01 1.5084520e+01 1.4578690e+01 1.4458001e+01 1.2423474e+01 1.0893630e+01 1.0902975e+01 1.0764360e+01 1.0466539e+01 1.0254475e+01 9.9570154e+00 9.5180901e+00 9.0768659e+00 8.4481700e+00 7.1316134e+00 5.6817811e+00 3.6497321e+00 2.4280997e+00 2.1324796e+00 1.8220628e+00 1.5952045e+00 2.8735906e+00 3.5210401e+00 3.9576844e+00 4.5168163e+00 5.0715564e+00 5.4716461e+00 5.7002478e+00 5.6999088e+00 5.4329121e+00 5.0286258e+00 4.4363918e+00 3.7422016e+00 3.2169234e+00 3.2529498e+00 3.2993966e+00 3.0778171e+00 2.8517644e+00 2.7816813e+00 2.5130034e+00 2.1210887e+00 9.7151589e-01 8.0940526e-01 1.2363482e+00 1.7651183e+00 1.7938018e+00
1.6927492e+01 1.7047161e+01 1.6160261e+01 1.6059934e+01 1.5087768e+01 1.5405932e+01 1.4855253e+01 1.2527640e+01 1.1003686e+01 1.1243016e+01 1.0944157e+01 1.0608319e+01 1.0429206e+01 1.0344856e+01 1.0128889e+01 9.7766334e+00 9.5777985e+00 9.4935311e+00 8.5760327e+00 7.5835545e+00 6.1344485e+00 3.8305344e+00 2.6153632e+00 2.4723993e+00 2.6642162e+00 4.0901934e+00 5.0783418e+00 5.5333169e+00 5.9194700e+00 6.2944143e+00 6.5883991e+00 6.7437351e+00 6.7277869e+00 6.4974915e+00 6.1644630e+00 5.6965219e+00 5.1488676e+00 4.7162970e+00 4.4469173e+00 4.2336168e+00 3.9429539e+00 3.5729904e+00 3.1681760e+00 2.6968189e+00 2.0913162e+00 1.7222667e+00 1.8546124e+00 2.1073998e+00 2.2213133e+00 2.2507163e+00
1.7221997e+01 1.7752460e+01 1.7298401e+01 1.6641503e+01 1.6491940e+01 1.5117653e+01 1.3561443e+01 8.8841254e+00 9.3361825e+00 9.4837190e+00 1.0631682e+01 1.1150463e+01 1.0504701e+01 1.0540309e+01 1.0481869e+01 1.0125078e+01 9.7165366e+00 1.0334306e+01 1.0574817e+01 9.9701757e+00 9.5615916e+00 7.5495693e+00 6.1323150e+00 6.3930554e+00 6.9607633e+00 7.6861442e+00 7.5096397e+00 7.3166067e+00 7.3879250e+00 7.6028933e+00 7.8031760e+00 7.8856030e+00 7.8521125e+00 7.6761009e+00 7.3974175e+00 7.0263219e+00 6.5356966e+00 6.3461489e+00 6.0893073e+00 5.4773034e+00 4.8531493e+00 4.3921646e+00 3.9362935e+00 3.4122657e+00 2.8646724e+00 2.4651476e+00 2.4632626e+00 2.6149939e+00 2.7318254e+00 2.7132049e+00
1.7336940e+01 1.5927632e+01 1.7643835e+01 1.7121411e+01 1.6881498e+01 1.6001769e+01 1.2216557e+01 1.0190056e+01 7.5083971e+00 6.5065234e+00 9.2795027e+00 1.1424156e+01 1.0389840e+01 1.0628091e+01 1.0977566e+01 1.0917738e+01 1.0018119e+01 1.0868991e+01 1.1978587e+01 1.2119950e+01 1.1276794e+01 1.0827392e+01 1.0003379e+01 1.0209483e+01 1.0651827e+01 1.1059348e+01 9.5941782e+00 8.6095062e+00 8.4748909e+00 8.6303220e+00 8.7747217e+00 8.7960033e+00 8.7411803e+00 8.6232506e+00 8.4248410e+00 8.0843104e+00 7.7889323e+00 6.7257738e+00 7.1062478e+00 6.5595017e+00 5.6959214e+00 5.1421628e+00 4.6383320e+00 4.1275307e+00 3.6257080e+00 3.2499626e+00 3.1140277e+00 3.1748575e+00 3.1939765e+00 3.1301810e+00
1.8575907e+01 1.7603167e+01 1.7968403e+01 1.7096744e+01 1.6943994e+01 1.6060638e+01 1.4206203e+01 1.3225413e+01 1.0819675e+01 1.2003933e+01 1.2605348e+01 1.2736284e+01 1.1998968e+01 1.1942006e+01 1.1768475e+01 1.1822629e+01 1.2400463e+01 1.2552706e+01 1.2632087e+01 1.1607861e+01 1.1709009e+01 1.2063070e+01 1.2063306e+01 1.1797740e+01 1.1975804e+01 1.1479182e+01 9.7243631e+00 9.2672373e+00 9.6697283e+00 9.8598496e+00 9.9225410e+00 9.8059623e+00 9.7304883e+00 9.7171411e+00 9.5734651e+00 9.3566179e+00 9.4061012e+00 5.7056213e+00 1.4775254e+00 6.4594272e+00 6.9688553e+00 6.1693370e+00 5.5382734e+00 4.9303805e+00 4.4350894e+00 4.0814368e+00 3.9828992e+00 3.8869948e+00 3.7433186e+00 3.6139460e+00
1.8573733e+01 1.7992236e+01 1.7086632e+01 1.7458132e+01 1.7215736e+01 1.6509381e+01 1.6913595e+01 1.5034395e+01 1.4654831e+01 1.4480937e+01 1.2831674e+01 9.4271327e+00 1.3621331e+01 1.3279247e+01 1.2743012e+01 1.3114405e+01 1.3295245e+01 1.3223079e+01 1.3114315e+01 1.2763529e+01 1.2535208e+01 1.1888816e+01 1.1964443e+01 1.1330987e+01 1.2367753e+01 1.2350563e+01 1.0779570e+01 1.0324861e+01 1.0816163e+01 1.1002053e+01 1.1217239e+01 1.0951872e+01 1.0790803e+01 1.1128625e+01 1.1207819e+01 1.0870193e+01 1.1124094e+01 9.2588886e+00 8.2351632e+00 8.1019015e+00 2.9479751e+00 2.3263839e+00 6.2640642e+00 6.1689348e+00 5.7534977e+00 4.5056182e+00 1.3675341e+00 3.6359623e+00 4.5330642e+00 4.2016482e+00
1.8425585e+01 1.7973721e+01 1.7123844e+01 1.8147817e+01 1.7765884e+01 1.7144898e+01 1.6038166e+01 1.5090116e+01 1.5581010e+01 1.2779132e+01 1.3566932e+01 1.0305005e+01 1.3258371e+01 1.4351306e+01 1.3988959e+01 1.3818201e+01 1.3682293e+01 1.3688198e+01 1.3266787e+01 1.2981099e+01 1.2833430e+01 1.2483628e+01 1.2348738e+01 1.0971240e+01 1.2024402e+01 1.2270185e+01 1.2411367e+01 1.1674179e+01 1.2200236e+01 1.1638334e+01 1.1495446e+01 1.1392486e+01 1.1226676e+01 1.1455942e+01 1.1891405e+01 1.1271932e+01 1.1383960e+01 1.1676948e+01 1.0857248e+01 9.5921442e+00 6.7565139e+00 6.2341784e+00 7.4213461e+00 6.9813147e+00 6.6548279e+00 5.3048063e+00 1.5932594e+00 4.0515040e+00 5.1626550e+00 4.7536679e+00
1.9117048e+01 1.8254256e+01 1.8501300e+01 1.8530352e+01 1.5380534e+01 1.7727600e+01 1.6452067e+01 1.5861750e+01 1.5861952e+01 1.4094942e+01 1.4809890e+01 1.4014751e+01 1.4134575e+01 1.5191594e+01 1.4516652e+01 1.4269923e+01 1.4230568e+01 1.4280650e+01 1.4004650e+01 1.3387912e+01 1.3137176e+01 1.2869833e+01 1.2608196e+01 1.2127211e+01 1.2644272e+01 1.2534330e+01 1.2415986e+01 1.2224134e+01 1.2357857e+01 1.1883599e+01 1.1692202e+01 1.1355477e+01 1.0930862e+01 1.1359577e+01 1.0532596e+01 1.1374688e+01 1.1412407e+01 1.1398337e+01 1.0821339e+01 1.0095767e+01 9.5692186e+00 8.9183674e+00 8.1589862e+00 7.5956640e+00 7.1885919e+00 6.7167560e+00 6.0359720e+00 5.9973057e+00 5.7164188e+00 5.3471688e+00
1.9366882e+01 1.9114733e+01 1.8788237e+01 1.8139140e+01 1.7015859e+01 1.7708400e+01 1.7013867e+01 1.6470344e+01 1.6297753e+01 1.5953734e+01 1.6019482e+01 1.6003691e+01 1.5727273e+01 1.5577884e+01 1.5114461e+01 1.4944159e+01 1.4459166e+01 1.3452286e+01 1.3597774e+01 1.4219049e+01 1.3606985e+01 1.3264454e+01 1.3243152e+01 1.2988468e+01 1.2926817e+01 1.2139367e+01 1.1755240e+01 1.2333261e+01 1.2617002e+01 1.1999562e+01 1.1722892e+01 1.1714728e+01 1.0614228e+01 1.0268066e+01 1.1418688e+01 1.1685884e+01 1.1648519e+01 1.1330863e+01 1.0911586e+01 1.0388618e+01 9.7682379e+00 9.1696920e+00 8.6490836e+00 8.2121003e+00 7.8031220e+00 7.4864915e+00 7.2259758e+00 6.7932864e+00 6.3188292e+00 5.9373452e+00
1.9060699e+01 1.8927793e+01 1.8184597e+01 1.8183131e+01 1.8185284e+01 1.7547188e+01 1.8037690e+01 1.7525323e+01 1.7218640e+01 1.7166996e+01 1.6793883e+01 1.6398088e+01 1.6035549e+01 1.6038804e+01 1.5605730e+01 1.5042872e+01 1.4038283e+01 1.2968658e+01 1.3947777e+01 1.4742084e+01 1.4203258e+01 1.3948337e+01 1.3841708e+01 1.3389508e+01 1.3186389e+01 1.2434627e+01 1.2582474e+01 1.2704556e+01 1.2113940e+01 1.2377060e+01 1.1299018e+01 1.0344029e+01 1.0104031e+01 9.6357005e+00 1.0262159e+01 1.1066052e+01 1.0922729e+01 1.0771191e+01 1.0939557e+01 1.0856591e+01 1.0093234e+01 9.5769728e+00 9.1038038e+00 8.6980826e+00 8.3531144e+00 8.0720662e+00 7.7868678e+00 7.4537847e+00 6.9880544e+00 6.5197225e+00
1.8452889e+01 1.8418263e+01 1.8759766e+01 1.8385897e+01 1.8269624e+01 1.8248635e+01 1.8119662e+01 1.8000051e+01 1.7844579e+01 1.7577024e+01 1.7174516e+01 1.6588693e+01 1.6461202e+01 1.5874201e+01 1.5580076e+01 1.6076264e+01 1.5265685e+01 1.4832309e+01 1.5300159e+01 1.5196542e+01 1.4805899e+01 1.4467404e+01 1.4168486e+01 1.3919053e+01 1.3568421e+01 1.3329218e+01 1.2253050e+01 1.3128120e+01 1.3471124e+01 1.2002628e+01 1.2098908e+01 1.1594619e+01 1.0979573e+01 1.0890227e+01 1.0603340e+01 1.0766428e+01 1.0108685e+01 9.1260044e+00 1.1110207e+01 1.1119356e+01 1.0505514e+01 1.0052691e+01 9.4776798e+00 9.0801193e+00 8.8381980e+00 8.6246339e+00 8.4145924e+00 8.1256261e+00 7.6822681e+00 7.1890869e+00
1.9517654e+01 1.9403747e+01 1.9081156e+01 1.8660624e+01 1.8470877e+01 1.7947659e+01 1.8009383e+01 1.8081751e+01 1.8011075e+01 1.7786081e+01 1.7422310e+01 1.7066322e+01 1.6833185e+01 1.6467367e+01 1.6271183e+01 1.6314246e+01 1.6224035e+01 1.6029240e+01 1.6281093e+01 1.5805263e+01 1.5311260e+01 1.5005002e+01 1.4854559e+01 1.4526932e+01 1.4335541e+01 1.4186861e+01 1.3745861e+01 1.3229455e+01 1.2781995e+01 1.0104824e+01 1.0756090e+01 1.1091407e+01 1.1223741e+01 1.1587233e+01 1.1152464e+01 1.0633256e+01 1.0502661e+01 1.0404800e+01 9.9041989e+00 1.0421913e+01 9.4513834e+00 9.0588257e+00 9.4317180e+00 9.4603866e+00 9.2745426e+00 9.1608477e+00 9.0377405e+00 8.8167043e+00 8.3995464e+00 7.9265812e+00
1.8800100e+01 1.9469048e+01 1.9331743e+01 1.9005115e+01 1.8816961e+01 1.8754162e+01 1.8594878e+01 1.8411869e+01 1.8030607e+01 1.7814244e+01 1.7621365e+01 1.7522064e+01 1.7622574e+01 1.7111607e+01 1.6128920e+01 1.6721399e+01 1.6599002e+01 1.5900575e+01 1.6291085e+01 1.6357677e+01 1.5946905e+01 1.5905990e+01 1.5300714e+01 1.5094226e+01 1.4659377e+01 1.4423076e+01 1.4549881e+01 1.4434049e+01 1.4054083e+01 1.1878023e+01 1.2913657e+01 1.2816388e+01 1.2264171e+01 1.1866681e+01 1.1550453e+01 1.1090216e+01 1.0774859e+01 1.0117785e+01 9.8419292e+00 8.4847172e+00 2.2513949e+00 2.6025772e+00 8.6890326e+00 9.7935239e+00 9.5535689e+00 9.5832233e+00 9.5360300e+00 9.3745871e+00 9.0123668e+00 8.5550890e+00
