presentation/data/depth_0009.asc
ncols     164
nrows     146
xllcorner -1.242151388888889e+02
yllcorner  4.172986111111111e+01
cellsize  2.777777777820000e-04
nodata_value       -9999
[rows 88 to 109 of 146, columns 0 to 49 of 164]
1.4259735e+01 1.4263218e+01 1.4131558e+01 1.3689479e+01 1.3555053e+01 1.3739312e+01 1.3290160e+01 1.3162035e+01 1.2957561e+01 1.2702054e+01 1.2469515e+01 1.2215131e+01 1.1969343e+01 1.1708249e+01 1.1415184e+01 1.1109685e+01 1.0772936e+01 1.0324930e+01 9.6830164e+00 9.0150461e+00 8.1485261e+00 7.2528748e+00 6.5129049e+00 5.9146424e+00 5.3196917e+00 4.8455261e+00 4.5942096e+00 2.0644275e+00 8.0849360e-01 3.8836655e+00 4.5601510e+00 4.8549847e+00 4.6094861e+00 4.0810804e+00 4.3356521e+00 4.3334596e+00 4.3595155e+00 4.3703593e+00 4.3422756e+00 4.2984576e+00 4.2681050e+00 3.5442702e+00 3.1995735e+00 1.8472647e+00 4.3157711e+00 4.1378771e+00 3.5015200e+00 1.1632036e+00 0.0000000e+00 0.0000000e+00
1.4651450e+01 1.4109241e+01 1.3885128e+01 1.3612522e+01 1.3588695e+01 1.3727206e+01 1.3529028e+01 1.3376057e+01 1.3149080e+01 1.2881167e+01 1.2621742e+01 1.2365665e+01 1.2096263e+01 1.1803608e+01 1.1473508e+01 1.1094480e+01 1.0683309e+01 1.0135759e+01 9.3942725e+00 8.7268389e+00 7.9376026e+00 7.1544230e+00 6.4886207e+00 5.9442727e+00 5.3853843e+00 4.9476934e+00 4.5619309e+00 4.1875042e+00 2.5134715e+00 4.5001504e+00 4.6585795e+00 4.7064343e+00 4.6992827e+00 4.4092038e+00 4.2965725e+00 4.2913027e+00 4.2834578e+00 4.2483565e+00 4.2013451e+00 4.1562770e+00 4.1200942e+00 4.2888771e+00 4.0609285e+00 3.8116733e+00 3.8408030e+00 4.0751131e+00 4.0014174e+00 2.6774681e+00 5.1947646e-01 9.2383405e-02
1.4872975e+01 1.4264155e+01 1.3788855e+01 1.3527837e+01 1.3831081e+01 1.3837937e+01 1.3749647e+01 1.3603720e+01 1.3339180e+01 1.3034475e+01 1.2774503e+01 1.2514546e+01 1.2231091e+01 1.1929714e+01 1.1552657e+01 1.1118177e+01 1.0614315e+01 9.9872372e+00 9.1495206e+00 8.4584742e+00 7.6765893e+00 6.9559480e+00 6.3781925e+00 5.9022582e+00 5.4174798e+00 5.0483795e+00 4.8927741e+00 4.8813946e+00 4.7937049e+00 4.6806306e+00 4.7686678e+00 4.7499728e+00 4.6214288e+00 4.4163819e+00 4.3117395e+00 4.2525845e+00 4.2001727e+00 4.1491786e+00 4.0921376e+00 4.0521351e+00 4.0013208e+00 4.0795331e+00 3.8767428e+00 3.5503676e+00 3.7053301e+00 3.8175375e+00 3.9480912e+00 3.7620731e+00 2.3690708e+00 2.6948989e+00
1.4721136e+01 1.4323560e+01 1.4008673e+01 1.3906577e+01 1.3966797e+01 1.4097705e+01 1.4085611e+01 1.3923149e+01 1.3575914e+01 1.3176905e+01 1.2931040e+01 1.2670569e+01 1.2419003e+01 1.2100142e+01 1.1692390e+01 1.1187090e+01 1.0595973e+01 9.8803841e+00 8.9595778e+00 8.2000962e+00 7.4080879e+00 6.7030498e+00 6.1397162e+00 5.7706877e+00 5.3987160e+00 5.1263043e+00 4.9734177e+00 4.9438515e+00 4.9423657e+00 4.9159045e+00 4.9313839e+00 4.8923898e+00 4.7761484e+00 4.5680254e+00 4.3677964e+00 4.2086723e+00 4.0986562e+00 4.0181676e+00 3.9817931e+00 3.9215240e+00 3.8690636e+00 3.9211893e+00 4.0783850e+00 4.3733399e+00 3.7552626e+00 3.2933805e+00 2.3879409e+00 2.6089479e+00 3.8264823e+00 3.8627334e+00
1.4848348e+01 1.4774649e+01 1.4643033e+01 1.4517634e+01 1.4420587e+01 1.4445185e+01 1.4168076e+01 1.4032735e+01 1.3743543e+01 1.3563512e+01 1.3171895e+01 1.3034038e+01 1.2728661e+01 1.2359166e+01 1.1897255e+01 1.1314141e+01 1.0642877e+01 9.8158402e+00 8.8024500e+00 7.9258452e+00 7.0948745e+00 6.3664875e+00 5.8333364e+00 5.5419154e+00 5.3051602e+00 5.1537362e+00 5.0676890e+00 4.9984771e+00 5.0315627e+00 5.0846148e+00 5.1147067e+00 5.1047736e+00 4.9983111e+00 4.7841529e+00 4.5665736e+00 4.3223752e+00 4.1449210e+00 4.0054444e+00 3.9064315e+00 3.8052867e+00 3.7261116e+00 3.6423043e+00 2.3404695e+00 0.0000000e+00 0.0000000e+00 0.0000000e+00 0.0000000e+00 1.5099593e+00 2.9134826e+00 3.6862733e+00
1.5788148e+01 1.5677436e+01 1.5517836e+01 1.5326676e+01 1.5154913e+01 1.4987378e+01 1.4977087e+01 1.4777999e+01 1.4090437e+01 1.3735379e+01 1.3979213e+01 1.3627908e+01 1.3405241e+01 1.2750643e+01 1.2172386e+01 1.1484559e+01 1.0755236e+01 9.8247717e+00 8.6734826e+00 7.6692688e+00 6.7234072e+00 5.9698256e+00 5.5165660e+00 5.3095434e+00 5.0971868e+00 4.8597261e+00 4.8286759e+00 5.0245790e+00 5.0978488e+00 5.2049437e+00 5.3103582e+00 5.3387155e+00 5.2441104e+00 5.0249542e+00 4.7533622e+00 4.4288590e+00 4.1903949e+00 4.0728801e+00 4.0518402e+00 3.9373726e+00 3.9215546e+00 1.8874285e+00 0.0000000e+00 0.0000000e+00 0.0000000e+00 0.0000000e+00 0.0000000e+00 1.6096679e+00 3.6978845e+00 3.5524549e+00
1.6890139e+01 1.6665984e+01 1.6422636e+01 1.6186726e+01 1.5959361e+01 1.5762802e+01 1.5786957e+01 1.5524824e+01 1.5156127e+01 1.4915448e+01 1.4790581e+01 1.4655086e+01 1.3961009e+01 1.3189464e+01 1.2416761e+01 1.1659299e+01 1.0877246e+01 9.8578475e+00 8.5976194e+00 7.4706092e+00 6.3935397e+00 5.5494289e+00 5.2325271e+00 5.2007739e+00 4.7768932e+00 3.9661697e+00 4.0696787e+00 4.9456403e+00 5.1457631e+00 5.3172115e+00 5.4987258e+00 5.5906484e+00 5.5121891e+00 5.2685827e+00 4.9241047e+00 4.5300437e+00 4.1972612e+00 4.1366795e+00 4.1643223e+00 3.9552950e+00 4.1751127e+00 2.8119096e+00 0.0000000e+00 0.0000000e+00 0.0000000e+00 0.0000000e+00 0.0000000e+00 1.8432399e+00 3.6139224e+00 3.4898283e+00
1.7719729e+01 1.7464259e+01 1.7205001e+01 1.6977338e+01 1.6782895e+01 1.6625159e+01 1.6473591e+01 1.6330841e+01 1.6091767e+01 1.5574318e+01 1.4172371e+01 1.4529194e+01 1.4084434e+01 1.3433202e+01 1.2676596e+01 1.1905057e+01 1.1148828e+01 1.0156035e+01 8.7332080e+00 7.4166942e+00 6.1103237e+00 4.4764588e+00 4.2727687e+00 3.9301631e+00 4.3980094e+00 4.3204311e+00 4.3592570e+00 4.4699086e+00 5.1942058e+00 5.7009277e+00 6.0272618e+00 6.1903310e+00 6.1534863e+00 5.8564778e+00 5.4318998e+00 4.8215363e+00 4.2026221e+00 4.1029620e+00 3.1814149e+00 2.9769984e+00 4.2640976e+00 3.6102209e+00 0.0000000e+00 0.0000000e+00 0.0000000e+00 2.8021532e-01 8.9596185e-01 3.1616805e+00 3.3951023e+00 3.5606579e+00
1.8436438e+01 1.8236423e+01 1.8055426e+01 1.7940402e+01 1.7754046e+01 1.7542939e+01 1.7413781e+01 1.6872996e+01 1.5563347e+01 1.4661016e+01 1.3962968e+01 1.3969164e+01 1.3735168e+01 1.3273241e+01 1.2761001e+01 1.2137208e+01 1.1479979e+01 1.0577271e+01 9.1255167e+00 7.6341351e+00 5.9807038e+00 5.0358385e+00 3.6881814e+00 2.1871587e+00 4.3185261e+00 4.6895638e+00 4.6948735e+00 4.6631250e+00 5.6249525e+00 6.2928716e+00 6.6972494e+00 6.9033129e+00 6.8782162e+00 6.5658816e+00 6.0916118e+00 5.4040249e+00 4.5711706e+00 4.0957253e+00 4.2733870e+00 4.4138953e+00 4.3980071e+00 4.2422093e+00 4.1103472e+00 3.9731068e+00 3.3503534e+00 2.5685329e+00 2.8995932e+00 2.7464631e+00 3.8054881e+00 3.8906357e+00
1.9045215e+01 1.9270654e+01 1.9002919e+01 1.8533627e+01 1.8144091e+01 1.8235283e+01 1.7697046e+01 1.7549109e+01 1.5475450e+01 1.3898814e+01 1.3900685e+01 1.3741936e+01 1.3416667e+01 1.3180815e+01 1.2857318e+01 1.2391109e+01 1.1923488e+01 1.1268335e+01 9.9119126e+00 8.4077863e+00 6.2796300e+00 4.9288722e+00 4.5327799e+00 4.1128608e+00 3.8688567e+00 5.2455817e+00 5.8357042e+00 6.1996823e+00 6.7162618e+00 7.2340652e+00 7.6003649e+00 7.7943306e+00 7.7634042e+00 7.4659176e+00 7.0308595e+00 6.4125765e+00 5.7006580e+00 5.1745403e+00 5.1923716e+00 5.2193020e+00 4.9822971e+00 4.7853382e+00 4.7685830e+00 4.4628118e+00 4.0606456e+00 2.9206081e+00 3.1636765e+00 3.8503467e+00 4.1124665e+00 4.1771922e+00
2.0221847e+01 2.0320427e+01 1.9406672e+01 1.9283437e+01 1.8281229e+01 1.8579200e+01 1.7995222e+01 1.5614916e+01 1.4055147e+01 1.4266017e+01 1.3960094e+01 1.3596513e+01 1.3385938e+01 1.3279261e+01 1.3035996e+01 1.2652740e+01 1.2429121e+01 1.2326600e+01 1.1376471e+01 1.0343714e+01 8.8362900e+00 6.4141911e+00 5.0763607e+00 4.8337717e+00 4.9944837e+00 6.4314942e+00 7.3860597e+00 7.7901842e+00 8.1395317e+00 8.4810657e+00 8.7413482e+00 8.8699834e+00 8.8261736e+00 8.5696497e+00 8.2118451e+00 7.7200843e+00 7.1519478e+00 6.6997356e+00 6.4065414e+00 6.1778484e+00 5.8610207e+00 5.5052827e+00 5.1069783e+00 4.6449771e+00 4.0896851e+00 3.8924107e+00 4.1053020e+00 4.3245354e+00 4.4443164e+00 4.5032712e+00
2.0527156e+01 2.1043441e+01 2.0572004e+01 1.9891408e+01 1.9725548e+01 1.8320642e+01 1.6725417e+01 1.1947993e+01 1.2367275e+01 1.2492752e+01 1.3652747e+01 1.4146944e+01 1.3464232e+01 1.3478357e+01 1.3392074e+01 1.2999546e+01 1.2554865e+01 1.3150265e+01 1.3360258e+01 1.2711909e+01 1.2256278e+01 1.0160884e+01 8.6583141e+00 8.8505199e+00 9.3764053e+00 1.0068399e+01 9.8414269e+00 9.6004606e+00 9.6355098e+00 9.8191579e+00 9.9906170e+00 1.0044406e+01 9.9842184e+00 9.7822071e+00 9.4805150e+00 9.0869674e+00 8.5720209e+00 8.3606858e+00 8.0906620e+00 7.4687398e+00 6.8240425e+00 6.3806816e+00 5.9118968e+00 5.3907787e+00 4.8521573e+00 4.5254931e+00 4.5647158e+00 4.7496655e+00 4.8660873e+00 4.8683732e+00
2.0661428e+01 1.9218787e+01 2.0928427e+01 2.0387296e+01 2.0131992e+01 1.9235533e+01 1.5409367e+01 1.3335155e+01 1.0560424e+01 9.4924481e+00 1.2287873e+01 1.4421015e+01 1.3352831e+01 1.3565531e+01 1.3887884e+01 1.3796214e+01 1.2853007e+01 1.3676720e+01 1.4761641e+01 1.4862526e+01 1.3967115e+01 1.3458513e+01 1.2565223e+01 1.2716802e+01 1.3123454e+01 1.3489509e+01 1.1969335e+01 1.0931588e+01 1.0759421e+01 1.0883153e+01 1.0998928e+01 1.0991771e+01 1.0912732e+01 1.0771356e+01 1.0550536e+01 1.0184666e+01 9.8578659e+00 8.7407427e+00 9.1197687e+00 8.5803165e+00 7.6900643e+00 7.1576654e+00 6.6338634e+00 6.1122241e+00 5.6159134e+00 5.2668737e+00 5.1531039e+00 5.2590272e+00 5.2669034e+00 5.2173590e+00
2.1916788e+01 2.0916066e+01 2.1265401e+01 2.0372912e+01 2.0198547e+01 1.9292030e+01 1.7398593e+01 1.6368766e+01 1.3890812e+01 1.5038256e+01 1.5630665e+01 1.5730931e+01 1.4980359e+01 1.4892201e+01 1.4683737e+01 1.4707102e+01 1.5260322e+01 1.5381223e+01 1.5426561e+01 1.4348817e+01 1.4402980e+01 1.4710063e+01 1.4659641e+01 1.4340586e+01 1.4487529e+01 1.3945479e+01 1.2123034e+01 1.1617062e+01 1.1987818e+01 1.2147126e+01 1.2179571e+01 1.2032975e+01 1.1933142e+01 1.1900071e+01 1.1739266e+01 1.1512353e+01 1.1560076e+01 7.7503870e+00 3.4122252e+00 8.4170850e+00 8.9326394e+00 8.1979039e+00 7.5666230e+00 6.9620802e+00 6.4805321e+00 6.1253446e+00 6.0099856e+00 5.9325479e+00 5.7495813e+00 5.6319392e+00
2.1913471e+01 2.1303908e+01 2.0372766e+01 2.0726153e+01 2.0455535e+01 1.9721718e+01 2.0098750e+01 1.8172852e+01 1.7758116e+01 1.7554851e+01 1.5861805e+01 1.2367988e+01 1.6608294e+01 1.6235142e+01 1.5659180e+01 1.6002948e+01 1.6154263e+01 1.6048161e+01 1.5903533e+01 1.5511265e+01 1.5237541e+01 1.4537124e+01 1.4563522e+01 1.3872603e+01 1.4882924e+01 1.4829509e+01 1.3195897e+01 1.2692133e+01 1.3153401e+01 1.3303284e+01 1.3492407e+01 1.3195914e+01 1.3007639e+01 1.3325109e+01 1.3384458e+01 1.3027081e+01 1.3265253e+01 1.1373321e+01 1.0315188e+01 1.0161004e+01 4.9435979e+00 4.4275022e+00 8.2795306e+00 8.1808858e+00 7.7558859e+00 6.4881781e+00 3.2698990e+00 5.7761366e+00 6.5205972e+00 6.2100738e+00
2.1787749e+01 2.1307322e+01 2.0429762e+01 2.1436695e+01 2.1029991e+01 2.0388048e+01 1.9243592e+01 1.8259725e+01 1.8725747e+01 1.5865238e+01 1.6619283e+01 1.3285018e+01 1.6250751e+01 1.7330661e+01 1.6932634e+01 1.6730952e+01 1.6562812e+01 1.6534609e+01 1.6075535e+01 1.5750322e+01 1.5560468e+01 1.5165394e+01 1.4984157e+01 1.3542980e+01 1.4565726e+01 1.4771692e+01 1.4873248e+01 1.4088623e+01 1.4584507e+01 1.3983526e+01 1.3808735e+01 1.3675495e+01 1.3481295e+01 1.3688430e+01 1.4107163e+01 1.3466689e+01 1.3559278e+01 1.3838580e+01 1.2992164e+01 1.1712875e+01 8.8435952e+00 8.3219967e+00 9.4757995e+00 9.0299035e+00 8.6961141e+00 7.3286373e+00 3.5662063e+00 6.1831946e+00 7.1568124e+00 6.7438508e+00
2.2490401e+01 2.1599190e+01 2.1826669e+01 2.1831734e+01 1.8632670e+01 2.0973376e+01 1.9661069e+01 1.9036743e+01 1.9006174e+01 1.7188955e+01 1.7869828e+01 1.7041252e+01 1.7138288e+01 1.8179925e+01 1.7468399e+01 1.7190250e+01 1.7117561e+01 1.7136468e+01 1.6829219e+01 1.6172794e+01 1.5877861e+01 1.5567384e+01 1.5261168e+01 1.4729571e+01 1.5210544e+01 1.5059798e+01 1.4901474e+01 1.4671489e+01 1.4771323e+01 1.4258860e+01 1.4034700e+01 1.3664863e+01 1.3207029e+01 1.3615714e+01 1.2760745e+01 1.3585284e+01 1.3598992e+01 1.3566134e+01 1.2964771e+01 1.2225131e+01 1.1676859e+01 1.1024310e+01 1.0251159e+01 9.6838853e+00 9.2645969e+00 8.7823621e+00 8.0927354e+00 8.0318713e+00 7.7064964e+00 7.3162970e+00
2.2745355e+01 2.2469730e+01 2.2118324e+01 2.1443053e+01 2.0285367e+01 2.0958299e+01 2.0232127e+01 1.9653520e+01 1.9448132e+01 1.9067963e+01 1.9092396e+01 1.9052585e+01 1.8753258e+01 1.8578304e+01 1.8082038e+01 1.7882459e+01 1.7361965e+01 1.6312075e+01 1.6430326e+01 1.7022368e+01 1.6365562e+01 1.5981554e+01 1.5920592e+01 1.5621783e+01 1.5522877e+01 1.4690054e+01 1.4265691e+01 1.4810783e+01 1.5062622e+01 1.4405476e+01 1.4094881e+01 1.4057510e+01 1.2917842e+01 1.2539181e+01 1.3675114e+01 1.3920847e+01 1.3857607e+01 1.3519399e+01 1.3082704e+01 1.2543302e+01 1.1893903e+01 1.1290325e+01 1.0767445e+01 1.0321596e+01 9.8971569e+00 9.5663447e+00 9.2837996e+00 8.8272308e+00 8.3205188e+00 7.9132856e+00
2.2446274e+01 2.2290758e+01 2.1517386e+01 2.1490936e+01 2.1465601e+01 2.0797965e+01 2.1264282e+01 2.0719080e+01 2.0380852e+01 2.0296736e+01 1.9881876e+01 1.9462718e+01 1.9073882e+01 1.9052781e+01 1.8590357e+01 1.7997718e+01 1.6950562e+01 1.5834421e+01 1.6790448e+01 1.7557801e+01 1.6978662e+01 1.6685756e+01 1.6542950e+01 1.6050250e+01 1.5810535e+01 1.5014818e+01 1.5128794e+01 1.5221575e+01 1.4592045e+01 1.4824586e+01 1.3711873e+01 1.2716454e+01 1.2438807e+01 1.1932507e+01 1.2531064e+01 1.3315197e+01 1.3145318e+01 1.2973589e+01 1.3133816e+01 1.3034962e+01 1.2240210e+01 1.1714510e+01 1.1249856e+01 1.0830882e+01 1.0465406e+01 1.0166163e+01 9.8594210e+00 9.4982203e+00 9.0020425e+00 8.5016123e+00
2.1844014e+01 2.1784673e+01 2.2102782e+01 2.1701608e+01 2.1555747e+01 2.1509174e+01 2.1351709e+01 2.1202631e+01 2.1017945e+01 2.0718903e+01 2.0275603e+01 1.9666340e+01 1.9511892e+01 1.8891593e+01 1.8566285e+01 1.9039446e+01 1.8190125e+01 1.7719397e+01 1.8160733e+01 1.8025706e+01 1.7599111e+01 1.7224770e+01 1.6890779e+01 1.6606683e+01 1.6221589e+01 1.5945551e+01 1.4822879e+01 1.5672524e+01 1.5985988e+01 1.4472353e+01 1.4546816e+01 1.4008593e+01 1.3356050e+01 1.3233983e+01 1.2912156e+01 1.3049661e+01 1.2358769e+01 1.1334848e+01 1.3317586e+01 1.3308984e+01 1.2655841e+01 1.2207761e+01 1.1649149e+01 1.1231910e+01 1.0974184e+01 1.0745103e+01 1.0517186e+01 1.0207108e+01 9.7343050e+00 9.2074428e+00
2.2920100e+01 2.2784413e+01 2.2434738e+01 2.1987245e+01 2.1768642e+01 2.1214871e+01 2.1248565e+01 2.1292227e+01 2.1192838e+01 2.0937769e+01 2.0533271e+01 2.0156420e+01 1.9894099e+01 1.9494181e+01 1.9267378e+01 1.9283414e+01 1.9159765e+01 1.8929970e+01 1.9157412e+01 1.8649731e+01 1.8121061e+01 1.7780794e+01 1.7599380e+01 1.7239872e+01 1.7017149e+01 1.6837700e+01 1.6365328e+01 1.5819127e+01 1.5338619e+01 1.2599716e+01 1.3229363e+01 1.3531564e+01 1.3630820e+01 1.3964276e+01 1.3499417e+01 1.2945906e+01 1.2785109e+01 1.2656814e+01 1.2123620e+01 1.2611248e+01 1.1579708e+01 1.1229937e+01 1.1641914e+01 1.1647983e+01 1.1442228e+01 1.1306720e+01 1.1161165e+01 1.0914416e+01 1.0469290e+01 9.9662165e+00
2.2205525e+01 2.2855106e+01 2.2691820e+01 2.2338474e+01 2.2121989e+01 2.2031981e+01 2.1844550e+01 2.1632025e+01 2.1220324e+01 2.0972945e+01 2.0740277e+01 2.0622853e+01 2.0697149e+01 2.0152722e+01 1.9135524e+01 1.9703788e+01 1.9547410e+01 1.8811695e+01 1.9176663e+01 1.9215800e+01 1.8772414e+01 1.8701316e+01 1.8064949e+01 1.7830104e+01 1.7363093e+01 1.7095685e+01 1.7195742e+01 1.7052882e+01 1.6644404e+01 1.4413248e+01 1.5425769e+01 1.5298613e+01 1.4713541e+01 1.4281057e+01 1.3936903e+01 1.3450210e+01 1.3114404e+01 1.2439697e+01 1.2159798e+01 1.0761856e+01 4.3302602e+00 4.6992765e+00 1.0929097e+01 1.2016660e+01 1.1754139e+01 1.1759797e+01 1.1685628e+01 1.1494005e+01 1.1102588e+01 1.0614100e+01
