presentation/data/depth_0019.asc
ncols     164
nrows     146
xllcorner -1.242151388888889e+02
yllcorner  4.172986111111111e+01
cellsize  2.777777777820000e-04
nodata_value       -9999
[rows 88 to 109 of 146, columns 100 to 149 of 164]
6.2961079e+00 5.3033403e+00 4.3078793e+00 4.7810819e+00 4.5313591e+00 3.8311874e+00 3.6151549e+00 3.5374862e+00 3.8140021e+00 5.2678874e+00 5.6583530e+00 4.6871549e+00 3.0967229e+00 2.2576925e+00 6.9619900e-02 2.2015370e-02 2.0281343e+00 3.6039802e+00 1.0480436e+00 1.3423076e-01 2.5880133e-01 1.4414099e-01 9.2692725e-04 2.2711672e-01 4.2131626e-01 5.9984348e-01 5.7146215e-01 4.2214342e-01 2.5657449e-01 2.8107675e-01 3.7746351e-01 2.3302325e-01 1.3192564e-01 4.6693873e-01 5.8942752e-01 4.5111167e-01 6.6390652e-01 2.0880280e-01 2.2753051e-01 4.1853018e-01 6.4797524e-01 8.7303806e-01 9.8767587e-01 8.0513794e-01 9.4038273e-01 5.6981343e-01 5.3098658e-01 1.3297920e+00 1.2139240e+00 1.2713233e+00
6.3768383e+00 6.0895982e+00 5.0016657e+00 4.7313709e+00 4.6006813e+00 4.3997644e+00 4.3533534e+00 5.1200365e+00 4.8667759e+00 4.9332681e+00 4.4239619e+00 4.5566935e+00 4.9895258e+00 5.3865194e+00 4.4859168e+00 3.8149491e+00 4.0476789e+00 4.5816465e+00 4.7754234e+00 3.4441586e+00 1.4083083e+00 9.5675408e-03 9.8745379e-02 2.8137612e-01 1.3464799e-01 2.9481528e-01 3.7987852e-01 4.0372636e-01 4.2136793e-01 2.9224742e-01 1.6408195e-01 1.1133430e-01 3.2876400e-01 6.8083445e-01 7.2405797e-01 5.1257008e-01 3.6342970e-01 9.3524442e-02 1.4709675e-01 9.5296618e-04 7.7553023e-02 4.4394092e-01 4.6881738e-01 4.9719323e-01 8.0810672e-01 9.0241837e-01 9.0697049e-01 9.7499570e-01 9.2172216e-01 9.7603594e-01
5.7753931e+00 5.7956571e+00 5.5718855e+00 5.4266051e+00 5.3920243e+00 5.7921317e+00 6.1241803e+00 5.8385748e+00 3.8549150e+00 3.4384458e+00 3.2266373e+00 3.5381916e+00 5.9821421e+00 6.4474054e+00 5.9651406e+00 5.7831953e+00 5.2768023e+00 4.9553161e+00 4.9084827e+00 4.7301433e+00 4.6779619e+00 3.9760179e+00 1.5626799e+00 4.6281191e-02 1.2949021e-01 2.5236231e-01 4.4741952e-01 4.1311284e-01 3.5832381e-01 2.4394814e-01 1.6891918e-01 5.0827860e-01 9.2508487e-01 1.0011421e+00 1.0414765e+00 8.0994314e-01 5.3400331e-01 1.1203924e-01 4.4697938e-02 3.1796350e-02 1.2479425e-01 3.3840423e-01 4.1270015e-01 1.1587664e-01 2.7588201e-03 1.8669374e-01 4.9640543e-01 6.6219568e-01 6.8081740e-01 6.5267264e-01
6.1743161e+00 6.3324109e+00 6.2117589e+00 6.1604240e+00 6.4131877e+00 6.0651186e+00 6.1113108e+00 6.5788425e+00 4.5728864e+00 3.7522789e+00 4.2869331e+00 3.2769845e+00 2.9984731e+00 5.2777566e+00 6.4454457e+00 6.1226998e+00 5.6890078e+00 5.5577594e+00 5.3143889e+00 4.9115397e+00 4.9354561e+00 4.6191488e+00 3.9840082e+00 3.6623930e+00 1.6488378e+00 1.0034293e-01 2.6061056e-01 3.3956297e-01 1.8218943e-01 1.1801660e-01 5.3113495e-01 9.2529548e-01 9.7058445e-01 1.0812751e+00 9.2887151e-01 7.6663547e-01 6.0229041e-01 4.5027328e-01 3.3762398e-01 1.3040808e-01 1.8458914e-01 2.8472630e-01 2.7880718e-01 7.3633744e-02 1.5409539e-01 2.5696000e-01 3.0377968e-01 1.2207185e-01 3.8484206e-01 5.1403042e-01
6.1596714e+00 6.2649418e+00 6.3486079e+00 6.6270357e+00 6.4322371e+00 6.0266476e+00 5.8507654e+00 5.9502760e+00 6.0579470e+00 5.0815260e+00 4.2402893e+00 4.9340955e+00 4.1191527e+00 5.6680764e+00 6.3597060e+00 6.1974323e+00 5.8998608e+00 5.8802214e+00 5.1098445e+00 4.9195376e+00 5.0386570e+00 4.3687443e+00 4.3620287e+00 4.7574785e+00 3.5050815e+00 1.7214597e-01 2.3081793e-01 1.1300138e-01 6.2051417e-02 3.2714491e-01 7.3889135e-01 8.2118166e-01 9.1519769e-01 1.0472099e+00 1.0465715e+00 8.7367869e-01 6.5326399e-01 4.6888620e-01 4.3642083e-01 3.7551445e-01 3.6788779e-01 3.3034848e-01 2.7426076e-01 1.6567515e-01 1.9691705e-01 2.4230488e-01 1.6282852e-01 1.9331361e-01 2.9400303e-01 4.1792857e-01
5.6380885e+00 5.7685627e+00 5.9824458e+00 6.3229456e+00 6.5044077e+00 5.8861539e+00 5.4977629e+00 5.9079286e+00 6.3527784e+00 6.8809569e+00 6.1316459e+00 6.4496252e+00 7.1432640e+00 7.1408201e+00 6.8966280e+00 6.4499114e+00 5.7989652e+00 5.3480561e+00 5.1934058e+00 4.9876120e+00 4.9247986e+00 3.3761373e+00 9.6936870e-01 2.2302700e+00 1.7190038e-01 2.6917316e-02 7.2984290e-02 4.9582385e-02 1.1893438e-01 4.0294985e-01 5.3430238e-01 5.5118376e-01 6.1283534e-01 7.2177465e-01 7.2799461e-01 5.9674227e-01 5.4870536e-01 4.6923767e-01 4.9362567e-01 4.6545996e-01 4.3188133e-01 3.8160045e-01 3.5545973e-01 2.9684331e-01 3.0144806e-01 3.0706715e-01 2.6870133e-01 2.9068718e-01 3.1884747e-01 3.0642789e-01
5.0777716e+00 5.4152303e+00 5.7210725e+00 6.0992302e+00 6.5224002e+00 6.6654620e+00 1.0692339e+00 3.2281831e+00 5.3112872e+00 7.3861862e+00 7.3504991e+00 7.1237009e+00 7.2040679e+00 7.3413212e+00 7.1120184e+00 6.8286947e+00 6.1026693e+00 5.5516994e+00 5.4078512e+00 5.2138980e+00 4.6619112e+00 4.0574680e+00 2.6595841e+00 4.3178816e-03 5.5782511e-02 8.0587498e-03 1.0926307e-02 1.2257379e-02 1.0245469e-01 2.0052051e-01 3.0618707e-01 2.8188092e-01 3.3056503e-01 4.1656734e-01 3.9453486e-01 3.8968297e-01 3.9469598e-01 4.7580549e-01 4.9837241e-01 4.8678570e-01 4.0999391e-01 3.4265372e-01 3.1478232e-01 3.0147505e-01 2.9962868e-01 3.2738597e-01 3.3373676e-01 4.2742834e-01 4.3019400e-01 3.5691732e-01
4.7508373e+00 5.1481337e+00 5.5045938e+00 5.8994649e+00 6.3385105e+00 6.8737699e+00 6.7681771e+00 5.8272813e+00 5.2395671e+00 6.7176278e+00 7.6956565e+00 7.8389899e+00 7.6546189e+00 7.4169430e+00 7.2074278e+00 7.0193897e+00 6.7902699e+00 6.4536410e+00 5.9567706e+00 5.3243004e+00 5.0857668e+00 3.1226648e+00 1.3426511e-01 5.7584044e-04 1.6206465e-03 1.8701745e-03 9.9440224e-04 1.8814298e+00 1.5750701e+00 1.0658382e+00 8.3592426e-01 6.6781536e-01 5.9399036e-01 5.0645918e-01 4.7486730e-01 4.4092563e-01 3.8625375e-01 3.5422085e-01 3.1778077e-01 2.2307339e-01 1.4582112e-01 1.4867769e-01 1.7018812e-01 2.1278412e-01 2.1294670e-01 2.3105685e-01 2.4138219e-01 2.9120252e-01 2.7149959e-01 3.0637896e-01
2.9293544e+00 3.4047689e+00 4.7898908e+00 5.7593373e+00 6.1334044e+00 6.6494919e+00 6.9045327e+00 6.7207655e+00 5.8661604e+00 5.3243840e+00 6.7807864e+00 7.5825589e+00 7.9029514e+00 7.5511558e+00 7.3779182e+00 7.3252842e+00 7.0438081e+00 6.7155148e+00 6.4093354e+00 5.5114268e+00 3.6923844e+00 2.9056030e-01 9.9767435e-04 1.5455774e-03 1.1401883e-03 1.8160783e-01 1.6351908e+00 1.8240698e+00 1.7926726e+00 1.7897750e+00 1.9178262e+00 1.8860355e+00 1.7419351e+00 1.7011802e+00 1.7929592e+00 1.7665106e+00 1.8020883e+00 1.7879556e+00 1.8010344e+00 1.6764962e+00 1.3890935e+00 1.1731541e+00 1.0740107e+00 9.5007521e-01 8.2373363e-01 7.1983018e-01 6.5142715e-01 5.1810740e-01 4.0604081e-01 2.9819396e-01
1.0241149e-01 3.7277942e-02 2.5746310e-01 4.5797755e+00 5.9132432e+00 6.5992837e+00 6.9266655e+00 7.0159772e+00 6.8689842e+00 5.8621820e+00 6.0090144e+00 6.9502182e+00 7.3703125e+00 7.3813649e+00 7.3787663e+00 7.3535592e+00 6.8961195e+00 6.2419493e+00 5.9245306e+00 4.5662173e+00 9.4127162e-01 1.0034864e-03 1.3312743e-03 3.3957091e-03 1.8275166e-01 2.1386073e+00 2.2219047e+00 2.2572197e+00 2.1677113e+00 2.0879767e+00 2.1024470e+00 2.0643056e+00 1.8905056e+00 1.8608135e+00 1.9285474e+00 1.9837820e+00 1.9888792e+00 1.9807603e+00 2.0984687e+00 2.0421337e+00 2.0334648e+00 1.9567024e+00 1.9036917e+00 1.8544456e+00 1.8149727e+00 1.8065108e+00 1.8024982e+00 1.7573347e+00 1.6451057e+00 1.4557759e+00
3.4068821e+00 1.4394998e+00 3.5678897e-01 6.2513051e-01 3.8516461e+00 6.2924460e+00 7.1016481e+00 7.1559062e+00 7.1347479e+00 6.6935766e+00 5.9121784e+00 6.0661572e+00 7.2504035e+00 7.3931200e+00 7.2280775e+00 7.1036028e+00 6.7226607e+00 6.0614658e+00 4.8937744e+00 1.2715796e+00 9.9760840e-04 9.9432690e-04 2.9298080e-03 8.6957250e-04 1.7676028e+00 2.0286334e+00 2.4607444e+00 2.6650939e+00 2.5655091e+00 2.5461698e+00 2.4933492e+00 2.2745304e+00 2.0603663e+00 2.0747834e+00 2.2325769e+00 2.3046239e+00 2.2820222e+00 2.3348390e+00 2.5355029e+00 2.3789509e+00 2.2488378e+00 2.1009503e+00 1.9999182e+00 1.9032901e+00 1.8630484e+00 1.8877436e+00 1.9285516e+00 1.9313458e+00 1.8930836e+00 1.8080161e+00
4.8043071e+00 4.3255033e+00 2.4299346e+00 2.5976997e-01 8.1407089e-01 5.2306522e+00 7.0524297e+00 7.0860958e+00 6.7503066e+00 6.2884896e+00 5.8781468e+00 6.3077583e+00 8.2034411e+00 7.7815194e+00 7.1512016e+00 6.9376443e+00 6.5495568e+00 4.8483222e+00 1.6356881e+00 9.5479031e-04 9.9966958e-04 3.8560174e-03 1.0378025e-03 1.9087298e+00 1.8655877e+00 1.9186096e+00 2.3727221e+00 2.5457447e+00 2.7494877e+00 2.9596377e+00 2.9232832e+00 2.6714575e+00 2.3713143e+00 2.3350171e+00 2.5669129e+00 2.7009431e+00 2.7684634e+00 2.7678381e+00 2.8631331e+00 2.6968849e+00 2.5038357e+00 2.3697580e+00 2.2139756e+00 2.0507436e+00 1.9612751e+00 1.9940557e+00 2.0704179e+00 2.1327517e+00 2.1292013e+00 2.0654748e+00
5.3723155e+00 4.9675610e+00 4.7470428e+00 2.4500113e+00 3.7034569e-01 9.6545786e-01 6.1170226e+00 6.9293587e+00 6.4084844e+00 6.1858078e+00 5.9735308e+00 6.9685968e+00 8.0339062e+00 7.7415500e+00 7.1723951e+00 6.9104610e+00 5.8497597e+00 1.5868904e+00 8.6008855e-04 1.5119021e-03 4.8209150e-03 9.7200295e-04 1.7072887e+00 2.0474332e+00 2.0004781e+00 2.0567885e+00 2.2671986e+00 2.5181799e+00 3.1311983e+00 3.2117815e+00 3.1187467e+00 2.9374093e+00 2.7161013e+00 2.6395575e+00 2.7523863e+00 2.9366912e+00 3.1403543e+00 3.0401381e+00 2.9516153e+00 2.8764854e+00 2.7533258e+00 2.6378210e+00 2.4098844e+00 2.2906715e+00 2.1220767e+00 2.0914849e+00 2.2287481e+00 2.3088771e+00 2.3099427e+00 2.2394330e+00
5.4041032e+00 5.2172363e+00 5.0424431e+00 4.4639928e+00 1.9627548e+00 1.4295185e-01 9.9678732e-01 4.2702093e+00 6.7128138e+00 6.0239188e+00 5.6207745e+00 6.1301972e+00 7.3486747e+00 7.3691706e+00 6.6894828e+00 6.3083518e+00 2.1526277e+00 9.9599808e-04 9.9657776e-04 4.0256513e-03 9.8025059e-04 1.5680926e+00 2.0987042e+00 2.0793508e+00 2.0162680e+00 2.0741789e+00 2.4737098e+00 2.8848027e+00 3.0748512e+00 3.2494410e+00 3.3257880e+00 3.0992955e+00 3.1270862e+00 3.0377044e+00 3.0097444e+00 3.0701176e+00 3.1846762e+00 3.1767078e+00 3.1537464e+00 3.3274960e+00 3.1543096e+00 2.9618914e+00 2.7665674e+00 2.5705163e+00 2.4158969e+00 2.4349744e+00 2.5349739e+00 2.5583065e+00 2.5967513e+00 2.5185630e+00
5.4669810e+00 5.3527416e+00 5.1961828e+00 4.7855721e+00 4.0506179e+00 1.3387542e+00 9.8468958e-04 9.9602951e-04 3.1854366e+00 4.3485888e+00 5.3461611e+00 5.4041092e+00 5.4913016e+00 6.1335922e+00 5.1911763e+00 2.0607493e+00 5.4062394e-01 3.1203329e-03 3.1793026e-03 1.0098720e-03 1.0717413e+00 1.6685493e+00 2.0326223e+00 2.3427565e+00 2.4045795e+00 2.5720246e+00 2.9786676e+00 3.1931651e+00 3.1246551e+00 3.4755095e+00 3.5466160e+00 3.2781311e+00 3.2085461e+00 3.3429444e+00 3.5088678e+00 3.6261957e+00 3.5322133e+00 3.3682491e+00 3.5452902e+00 4.1300578e+00 3.7464668e+00 3.4686201e+00 3.0720664e+00 2.9775156e+00 2.9980661e+00 3.0664630e+00 3.0556497e+00 2.9764463e+00 2.9315845e+00 2.8693880e+00
5.6065115e+00 5.5116316e+00 5.4026677e+00 5.1741188e+00 4.7455722e+00 4.3105239e+00 1.1310311e+00 1.9087086e-03 7.9245401e-04 8.7755189e-04 3.1229658e-01 2.9747499e+00 5.0169084e+00 5.2169469e+00 2.6762576e+00 2.4978327e+00 1.2476246e+00 8.2243174e-04 9.6721572e-04 8.0079744e-01 1.5419455e+00 1.7293279e+00 2.2400537e+00 2.5977902e+00 2.8880550e+00 3.0211957e+00 3.3092831e+00 3.3895441e+00 3.5768161e+00 3.9237862e+00 4.1116751e+00 3.7321139e+00 3.3711357e+00 3.8828660e+00 4.1298886e+00 4.2556975e+00 4.0585038e+00 3.9170570e+00 4.0089496e+00 4.1397104e+00 4.0054839e+00 3.8194816e+00 3.5952995e+00 3.5370589e+00 3.6293225e+00 3.7036736e+00 3.5663861e+00 3.3932274e+00 3.2786908e+00 3.1875478e+00
5.6098082e+00 5.5309589e+00 5.4277483e+00 5.2872589e+00 5.1191050e+00 4.8496101e+00 3.9030067e+00 3.2691284e-01 9.3553123e-04 7.6972087e-03 1.0997920e-02 6.5683455e-04 3.9966431e+00 2.1490809e+00 1.9297553e-02 1.6269055e+00 5.1310082e-04 4.3321995e-03 5.5841832e-01 1.7498238e+00 1.9826733e+00 2.3611588e+00 2.8418521e+00 3.1002406e+00 3.1664869e+00 3.3112726e+00 3.4990896e+00 3.5428543e+00 3.7302219e+00 4.3223585e+00 4.2533560e+00 3.9933147e+00 3.9398799e+00 4.2666182e+00 4.3850623e+00 4.2767069e+00 4.2362962e+00 4.3712577e+00 4.5665915e+00 4.4733816e+00 4.3328415e+00 4.2457940e+00 4.1833153e+00 4.1022334e+00 4.1172627e+00 4.1003711e+00 3.9500652e+00 3.7826461e+00 3.5917166e+00 3.4610758e+00
5.7728595e+00 5.6263368e+00 5.5956233e+00 5.4881332e+00 5.3519107e+00 4.9750391e+00 4.1525676e+00 1.5363863e+00 8.5122313e-04 9.9053483e-04 4.0939926e-03 1.0378359e-03 2.9149894e-01 9.8030312e-04 9.3879830e-04 8.2595570e-04 3.5961728e-03 5.1439094e-01 1.4180297e+00 1.9577806e+00 2.5802228e+00 2.9379805e+00 3.2351581e+00 3.2305717e+00 3.2299229e+00 3.5866037e+00 3.8499813e+00 3.7649790e+00 3.5982437e+00 4.1863388e+00 4.3312048e+00 4.3048369e+00 4.4798832e+00 4.4756307e+00 4.0394333e+00 3.6109247e+00 3.9505624e+00 4.3553934e+00 4.6788985e+00 4.6762998e+00 4.6343507e+00 4.6116590e+00 4.6847712e+00 4.6252635e+00 4.5715531e+00 4.5015783e+00 4.3863678e+00 4.1865659e+00 4.0527117e+00 3.8318507e+00
5.8696950e+00 5.8361422e+00 5.7040992e+00 5.6587579e+00 5.5414154e+00 5.4194516e+00 4.5308756e+00 2.4359248e+00 8.6531529e-01 9.3668313e-04 2.3087235e-03 4.1588872e-03 3.1178507e-03 2.5269437e-03 3.7092169e-03 1.1465534e-03 6.0055592e-01 1.4034880e+00 1.3582722e+00 1.7878302e+00 2.5095761e+00 3.1031616e+00 3.4578749e+00 3.5358072e+00 3.5268500e+00 3.7976352e+00 4.3257096e+00 4.1741765e+00 4.1730281e+00 4.5645364e+00 4.7079879e+00 4.7550233e+00 4.7876173e+00 4.5908783e+00 3.7619179e+00 2.9194141e+00 3.4900296e+00 4.1711784e+00 4.6873627e+00 4.9014743e+00 4.9179757e+00 4.8152212e+00 4.9608475e+00 5.0057426e+00 4.9910506e+00 4.9433553e+00 4.8691293e+00 4.7282208e+00 4.5347244e+00 4.2927248e+00
5.9379589e+00 5.9622599e+00 5.9582686e+00 5.7750822e+00 5.7246522e+00 5.7086140e+00 3.5728224e+00 1.1138572e+00 8.9937775e-04 9.9848556e-04 3.7859216e-03 4.6910182e-03 6.3113001e-03 3.9254091e-03 8.7573125e-03 4.7906721e-03 1.2092314e+00 9.8188905e-01 4.1423874e-02 7.9037930e-04 5.9497396e-04 2.1454290e+00 3.4668957e+00 3.8426100e+00 3.9172438e+00 3.7764969e+00 4.0985854e+00 4.2541098e+00 4.5664146e+00 4.9334582e+00 4.8663716e+00 4.7273685e+00 4.7989337e+00 4.8059127e+00 4.1608264e+00 3.4781188e+00 3.7049138e+00 4.2099031e+00 4.7705886e+00 5.0919453e+00 5.3359476e+00 5.2116578e+00 5.3035884e+00 5.3723721e+00 5.3750969e+00 5.3890535e+00 5.4572530e+00 5.1922360e+00 4.9262289e+00 4.7572352e+00
5.9642478e+00 6.0257212e+00 6.1127558e+00 6.1311265e+00 6.0170762e+00 5.4605659e+00 9.6457319e-04 0.0000000e+00 8.5107101e-04 9.7229550e-04 3.3443627e-03 0.0000000e+00 0.0000000e+00 4.3881022e-03 3.1039893e-03 1.3783472e-03 9.0589789e-04 8.9908472e-04 9.8568595e-04 9.6351543e-04 7.8303401e-04 2.3228562e+00 3.6010543e+00 4.1654884e+00 4.1000524e+00 3.9705591e+00 4.0058357e+00 4.1061744e+00 4.5920693e+00 4.8314313e+00 4.5410796e+00 3.8999161e+00 4.2842040e+00 4.6174696e+00 4.4078600e+00 4.1659872e+00 4.1926865e+00 4.4288615e+00 4.8328975e+00 5.1630228e+00 5.4281240e+00 5.4941643e+00 5.5843618e+00 5.7113395e+00 5.7314298e+00 5.7419408e+00 5.7557658e+00 5.5338115e+00 5.3430351e+00 5.1976279e+00
6.0216034e+00 6.0222673e+00 6.1324282e+00 6.1969774e+00 6.2178860e+00 5.8685294e+00 3.7692823e-01 9.7579709e-04 9.9647466e-04 4.7547459e-03 9.9921001e-04 0.0000000e+00 0.0000000e+00 3.6187936e-03 4.2610579e-03 8.6346152e-04 5.8086218e-01 1.5374019e-01 2.6504240e-01 1.5626942e+00 2.7484560e+00 3.3987690e+00 3.8445924e+00 4.1010890e+00 4.0093273e+00 4.0636799e+00 4.0084836e+00 4.0436177e+00 4.3824110e+00 4.6123119e+00 4.1892802e+00 2.9424274e+00 3.6363951e+00 4.4455413e+00 4.6616186e+00 4.6708309e+00 4.6212345e+00 4.6487268e+00 4.9315783e+00 5.2347477e+00 5.4583960e+00 5.6085551e+00 5.7569830e+00 5.9564984e+00 5.9831422e+00 5.9589814e+00 5.9298211e+00 5.7824717e+00 5.6379135e+00 5.5839349e+00
