presentation/data/depth_0012.asc
ncols     164
nrows     146
xllcorner -1.242151388888889e+02
yllcorner  4.172986111111111e+01
cellsize  2.777777777820000e-04
nodata_value       -9999
[rows 88 to 109 of 146, columns 0 to 49 of 164]
1.1856869e+01 1.1896077e+01 1.1794579e+01 1.1386970e+01 1.1279273e+01 1.1489597e+01 1.1074301e+01 1.0980357e+01 1.0812640e+01 1.0647671e+01 1.0403763e+01 1.0192682e+01 9.9944924e+00 9.7895560e+00 9.5589470e+00 9.3232568e+00 9.0640603e+00 8.6984675e+00 8.1451870e+00 7.5630895e+00 6.7924073e+00 6.0055601e+00 5.3798102e+00 4.8919879e+00 4.4072211e+00 3.9693342e+00 3.6390182e+00 1.5018702e+00 7.3171457e-01 4.0638297e+00 4.2787353e+00 4.5676544e+00 4.3214131e+00 3.8422679e+00 4.1153298e+00 4.1503659e+00 4.2366093e+00 4.3148217e+00 4.3501816e+00 4.3791346e+00 4.4882884e+00 3.8785159e+00 3.7531185e+00 2.8679552e+00 5.0312830e+00 4.9170629e+00 4.3359770e+00 2.0962177e+00 3.5579243e-01 9.2512280e-02
1.2260728e+01 1.1751369e+01 1.1555314e+01 1.1315259e+01 1.1318762e+01 1.1487305e+01 1.1320805e+01 1.1200926e+01 1.1009543e+01 1.0828287e+01 1.0554166e+01 1.0336028e+01 1.0107896e+01 9.8645690e+00 9.5924092e+00 9.2783657e+00 8.9432474e+00 8.4811485e+00 7.8355705e+00 7.2629673e+00 6.5770520e+00 5.9063586e+00 5.3576306e+00 4.9261698e+00 4.4947788e+00 4.1769867e+00 3.9400457e+00 3.6420755e+00 1.9874266e+00 4.2598073e+00 4.3213880e+00 4.4206831e+00 4.4580503e+00 4.2332716e+00 4.1636615e+00 4.1959752e+00 4.2470667e+00 4.2849013e+00 4.3221137e+00 4.3650796e+00 4.5204173e+00 4.7370350e+00 4.7232775e+00 4.6788150e+00 4.6675683e+00 4.8906859e+00 4.8459713e+00 3.5414154e+00 1.1149590e+00 1.0890364e+00
1.2473502e+01 1.1902801e+01 1.1459982e+01 1.1230871e+01 1.1564361e+01 1.1601768e+01 1.1547015e+01 1.1434148e+01 1.1205115e+01 1.0983419e+01 1.0705906e+01 1.0478713e+01 1.0230610e+01 9.9702245e+00 9.6451180e+00 9.2695937e+00 8.8376303e+00 8.2966885e+00 7.5608481e+00 6.9738080e+00 6.3049923e+00 5.7061875e+00 5.2516026e+00 4.8935435e+00 4.5399083e+00 4.3048370e+00 4.2742171e+00 4.3850259e+00 4.3546089e+00 4.3933390e+00 4.4399140e+00 4.4826419e+00 4.4263401e+00 4.3060409e+00 4.2744574e+00 4.2682601e+00 4.2719071e+00 4.2867396e+00 4.3159204e+00 4.3681979e+00 4.5244024e+00 4.6844244e+00 4.6827840e+00 4.5126644e+00 4.6015649e+00 4.6819696e+00 4.8000972e+00 4.5911744e+00 3.0037807e+00 3.6012352e+00
1.2322219e+01 1.1959980e+01 1.1681521e+01 1.1614002e+01 1.1710506e+01 1.1874408e+01 1.1894902e+01 1.1763161e+01 1.1450096e+01 1.1130069e+01 1.0863503e+01 1.0630457e+01 1.0408826e+01 1.0123782e+01 9.7589820e+00 9.3062661e+00 8.7790567e+00 8.1461693e+00 7.3288260e+00 6.6815793e+00 6.0142668e+00 5.4419414e+00 5.0060396e+00 4.7559232e+00 4.5062483e+00 4.3528884e+00 4.3135422e+00 4.3677957e+00 4.4269236e+00 4.4794940e+00 4.5151380e+00 4.5399335e+00 4.5157903e+00 4.4238821e+00 4.3462194e+00 4.2926429e+00 4.2672928e+00 4.2620372e+00 4.3033532e+00 4.3356490e+00 4.5006757e+00 4.7151444e+00 5.1367262e+00 5.3555624e+00 4.7532436e+00 4.2282560e+00 3.1828695e+00 3.2807265e+00 4.4924661e+00 4.6418348e+00
1.2481585e+01 1.2445958e+01 1.2350915e+01 1.2258106e+01 1.2190126e+01 1.2243793e+01 1.1991677e+01 1.1886262e+01 1.1629931e+01 1.1527524e+01 1.1112977e+01 1.1001911e+01 1.0723695e+01 1.0381943e+01 9.9502321e+00 9.4087652e+00 8.7884635e+00 8.0339922e+00 7.1192938e+00 6.3586760e+00 5.6613032e+00 5.0874369e+00 4.6872341e+00 4.5226330e+00 4.3971918e+00 4.3635095e+00 4.3540670e+00 4.3162032e+00 4.4027227e+00 4.5065942e+00 4.5813050e+00 4.6307054e+00 4.6127162e+00 4.5124304e+00 4.4212913e+00 4.2996796e+00 4.2356530e+00 4.2094426e+00 4.2200844e+00 4.2316678e+00 4.3242967e+00 4.4005924e+00 3.4225483e+00 6.4950992e-01 8.6752436e-01 5.0698538e-02 7.3761921e-04 2.1078965e+00 3.3661452e+00 4.2624623e+00
1.3478881e+01 1.3394614e+01 1.3262296e+01 1.3097595e+01 1.2952921e+01 1.2812303e+01 1.2825848e+01 1.2655355e+01 1.2000451e+01 1.1725726e+01 1.1952339e+01 1.1613969e+01 1.1412885e+01 1.0776641e+01 1.0218753e+01 9.5558137e+00 8.8593799e+00 7.9831697e+00 6.9153589e+00 6.0245308e+00 5.2253033e+00 4.6558318e+00 4.3285007e+00 4.2468606e+00 4.1266540e+00 4.0084560e+00 4.0301738e+00 4.2114143e+00 4.3145468e+00 4.4612247e+00 4.6048447e+00 4.6919419e+00 4.6762973e+00 4.5561716e+00 4.4114656e+00 4.2238131e+00 4.1097597e+00 4.0810761e+00 4.1463460e+00 4.0681644e+00 3.9788801e+00 2.0716012e+00 0.0000000e+00 0.0000000e+00 0.0000000e+00 0.0000000e+00 0.0000000e+00 2.1384114e+00 4.2291763e+00 4.1249806e+00
1.4636962e+01 1.4430987e+01 1.4209428e+01 1.3996801e+01 1.3796723e+01 1.3626622e+01 1.3680232e+01 1.3450680e+01 1.3120174e+01 1.2958246e+01 1.2815203e+01 1.2683560e+01 1.1999617e+01 1.1235045e+01 1.0468260e+01 9.7191457e+00 8.9487600e+00 7.9574811e+00 6.7551963e+00 5.7235983e+00 4.8009418e+00 4.2039712e+00 4.0154018e+00 4.0806694e+00 3.6256076e+00 2.8863850e+00 3.0305075e+00 3.9583225e+00 4.1211097e+00 4.3408687e+00 4.5653868e+00 4.7090669e+00 4.6946133e+00 4.5377334e+00 4.2989739e+00 4.0536321e+00 3.8696187e+00 3.8944432e+00 4.0061405e+00 3.8241606e+00 4.0592360e+00 2.6643395e+00 7.2686686e-04 0.0000000e+00 0.0000000e+00 0.0000000e+00 3.3349210e-02 2.5577724e+00 4.3499544e+00 4.2068505e+00
1.5506237e+01 1.5265099e+01 1.5027848e+01 1.4823360e+01 1.4657060e+01 1.4523442e+01 1.4403260e+01 1.4295430e+01 1.4090588e+01 1.3644314e+01 1.2210671e+01 1.2572215e+01 1.2134341e+01 1.1483371e+01 1.0724535e+01 9.9483509e+00 9.1805139e+00 8.1789369e+00 6.7637522e+00 5.4621986e+00 4.2514365e+00 2.7839363e+00 2.8787080e+00 2.7344430e+00 3.0075110e+00 2.9076800e+00 2.9587318e+00 3.1531849e+00 3.8642690e+00 4.4609123e+00 4.8678115e+00 5.0958654e+00 5.1121980e+00 4.8631879e+00 4.4744167e+00 3.9407329e+00 3.4400445e+00 3.4123119e+00 2.5650412e+00 2.4326831e+00 3.9001571e+00 3.2844132e+00 8.8809029e-04 9.5977383e-04 8.6085643e-04 1.1360863e+00 2.4732403e+00 4.0895995e+00 4.2285607e+00 4.3202820e+00
1.6253804e+01 1.6068567e+01 1.5909773e+01 1.5816022e+01 1.5654448e+01 1.5460397e+01 1.5363696e+01 1.4855755e+01 1.3578259e+01 1.2740465e+01 1.1993833e+01 1.2004837e+01 1.1778053e+01 1.1316481e+01 1.0800800e+01 1.0171441e+01 9.4979540e+00 8.5671914e+00 7.0916671e+00 5.5672594e+00 3.9560717e+00 3.0649516e+00 1.9382939e+00 1.2282145e+00 2.6715815e+00 2.9117954e+00 2.8756305e+00 2.9334104e+00 4.0877743e+00 4.9119914e+00 5.4335252e+00 5.7166577e+00 5.7447155e+00 5.4594671e+00 4.9858672e+00 4.2862857e+00 3.4555538e+00 3.1449527e+00 3.4627746e+00 3.7479649e+00 4.0142562e+00 3.9797704e+00 3.7034049e+00 3.7866982e+00 3.0492415e+00 2.8631938e+00 3.4399634e+00 3.4095222e+00 4.4651814e+00 4.5265208e+00
1.6891529e+01 1.7131814e+01 1.6880536e+01 1.6431294e+01 1.6065370e+01 1.6174571e+01 1.5678283e+01 1.5573371e+01 1.3512061e+01 1.1988232e+01 1.1937802e+01 1.1776571e+01 1.1459770e+01 1.1221517e+01 1.0896590e+01 1.0428709e+01 9.9539432e+00 9.2541115e+00 7.8417780e+00 6.2564232e+00 3.9662439e+00 2.5807902e+00 1.8786388e+00 1.2898721e+00 1.7947776e+00 3.2154272e+00 4.1351977e+00 4.7079243e+00 5.3755248e+00 5.9795236e+00 6.4173787e+00 6.6719009e+00 6.6865033e+00 6.4299047e+00 6.0304317e+00 5.4563091e+00 4.7848149e+00 4.3080031e+00 4.4383799e+00 4.5960286e+00 4.6000745e+00 4.4885332e+00 4.3862799e+00 4.1060999e+00 3.8746066e+00 2.8011121e+00 3.4777166e+00 4.2606204e+00 4.6280036e+00 4.7301441e+00
1.8094564e+01 1.8209078e+01 1.7302487e+01 1.7198461e+01 1.6207234e+01 1.6518756e+01 1.5976155e+01 1.3646053e+01 1.2099770e+01 1.2369428e+01 1.2001570e+01 1.1633502e+01 1.1442584e+01 1.1331566e+01 1.1091544e+01 1.0719586e+01 1.0505638e+01 1.0401436e+01 9.4453474e+00 8.4329105e+00 6.9409724e+00 4.5545479e+00 3.3029874e+00 3.1490943e+00 3.2587620e+00 4.9164639e+00 6.0391981e+00 6.5605887e+00 6.9870020e+00 7.3824039e+00 7.6936672e+00 7.8623425e+00 7.8599112e+00 7.6535894e+00 7.3514936e+00 6.9315675e+00 6.4365074e+00 6.0652275e+00 5.8113911e+00 5.6094961e+00 5.4459591e+00 5.0785875e+00 4.6591152e+00 4.2317411e+00 3.7811765e+00 3.6784800e+00 4.1656797e+00 4.5570268e+00 4.7948190e+00 4.9573817e+00
1.8425674e+01 1.8959610e+01 1.8488890e+01 1.7820988e+01 1.7655199e+01 1.6250654e+01 1.4674655e+01 9.9237648e+00 1.0406710e+01 1.0579209e+01 1.1676992e+01 1.2196302e+01 1.1542091e+01 1.1571203e+01 1.1505334e+01 1.1140013e+01 1.0731441e+01 1.1364083e+01 1.1627054e+01 1.1050183e+01 1.0674755e+01 8.6742341e+00 7.2932227e+00 7.5971766e+00 8.1546222e+00 8.8793288e+00 8.7291406e+00 8.5432601e+00 8.6046358e+00 8.8204993e+00 9.0264008e+00 9.1197734e+00 9.1024621e+00 8.9501118e+00 8.7065047e+00 8.3840957e+00 7.9157638e+00 7.8523942e+00 7.6535292e+00 6.9854325e+00 6.4156957e+00 5.8998556e+00 5.3973485e+00 4.9054716e+00 4.4086841e+00 4.1989428e+00 4.4905701e+00 4.8235467e+00 5.0712897e+00 5.1816275e+00
1.8570883e+01 1.7150364e+01 1.8868126e+01 1.8330244e+01 1.8075284e+01 1.7173971e+01 1.3333460e+01 1.1247186e+01 8.5124733e+00 7.4420595e+00 1.0285281e+01 1.2501326e+01 1.1444685e+01 1.1691802e+01 1.2061440e+01 1.2012817e+01 1.1114062e+01 1.2007231e+01 1.3155351e+01 1.3329202e+01 1.2506177e+01 1.2086493e+01 1.1292969e+01 1.1521050e+01 1.1969178e+01 1.2371364e+01 1.0915427e+01 9.9225508e+00 9.7670223e+00 9.9254199e+00 1.0077905e+01 1.0112988e+01 1.0074710e+01 9.9716026e+00 9.8024990e+00 9.4917353e+00 9.1704338e+00 8.2151761e+00 8.7513428e+00 8.0145777e+00 7.3037362e+00 6.7138457e+00 6.1222138e+00 5.5991701e+00 5.1148869e+00 4.8841820e+00 4.9970973e+00 5.1601482e+00 5.3063119e+00 5.3874370e+00
1.9859755e+01 1.8876932e+01 1.9237131e+01 1.8344256e+01 1.8187885e+01 1.7293228e+01 1.5426962e+01 1.4449833e+01 1.2026297e+01 1.3258419e+01 1.3831080e+01 1.3970955e+01 1.3179932e+01 1.3119138e+01 1.2958312e+01 1.3022368e+01 1.3624595e+01 1.3795391e+01 1.3890657e+01 1.2871486e+01 1.2998580e+01 1.3379946e+01 1.3399584e+01 1.3150157e+01 1.3335948e+01 1.2846344e+01 1.1089256e+01 1.0637695e+01 1.1029399e+01 1.1229094e+01 1.1301043e+01 1.1195713e+01 1.1133440e+01 1.1127427e+01 1.0989297e+01 1.0764554e+01 1.0770366e+01 6.8390314e+00 3.1007233e+00 7.8334403e+00 8.5964114e+00 7.7461951e+00 6.9256188e+00 6.4216070e+00 5.9726530e+00 5.7398653e+00 5.8519595e+00 5.7009028e+00 5.6522715e+00 5.6856692e+00
1.9920409e+01 1.9331645e+01 1.8417039e+01 1.8782216e+01 1.8549846e+01 1.7835601e+01 1.8255595e+01 1.6366492e+01 1.5979080e+01 1.5821046e+01 1.4124466e+01 1.0689758e+01 1.4906267e+01 1.4565644e+01 1.4042949e+01 1.4431541e+01 1.4627117e+01 1.4563249e+01 1.4464393e+01 1.4118537e+01 1.3906807e+01 1.3270612e+01 1.3361283e+01 1.2737802e+01 1.3787481e+01 1.3782429e+01 1.2219074e+01 1.1779749e+01 1.2277427e+01 1.2480102e+01 1.2708319e+01 1.2453968e+01 1.2311496e+01 1.2662386e+01 1.2753855e+01 1.2405546e+01 1.2631615e+01 1.0718244e+01 9.3640715e+00 9.3636708e+00 3.9418515e+00 3.5051645e+00 7.5658267e+00 7.6057170e+00 7.2011029e+00 6.0462778e+00 3.2416032e+00 5.5832804e+00 6.4451751e+00 6.2731373e+00
1.9778616e+01 1.9324122e+01 1.8467135e+01 1.9498011e+01 1.9122905e+01 1.8485166e+01 1.7377875e+01 1.6421245e+01 1.6913286e+01 1.4092323e+01 1.4896635e+01 1.1578928e+01 1.4576146e+01 1.5679402e+01 1.5326296e+01 1.5162269e+01 1.5034064e+01 1.5048491e+01 1.4627633e+01 1.4339692e+01 1.4202549e+01 1.3859821e+01 1.3737815e+01 1.2364664e+01 1.3443682e+01 1.3705126e+01 1.3866016e+01 1.3137565e+01 1.3675439e+01 1.3121364e+01 1.2987721e+01 1.2894176e+01 1.2746807e+01 1.2985016e+01 1.3429252e+01 1.2800294e+01 1.2919879e+01 1.3235308e+01 1.2421608e+01 1.1151300e+01 8.3328400e+00 7.8038443e+00 8.9388039e+00 8.4697127e+00 8.1248673e+00 6.8125678e+00 3.3201697e+00 6.0234122e+00 7.0610279e+00 6.7493350e+00
2.0516848e+01 1.9648136e+01 1.9896213e+01 1.9923777e+01 1.6752576e+01 1.9109193e+01 1.7825953e+01 1.7232926e+01 1.7236360e+01 1.5457290e+01 1.6215415e+01 1.5390782e+01 1.5521960e+01 1.6585306e+01 1.5908056e+01 1.5662178e+01 1.5630318e+01 1.5688038e+01 1.5409106e+01 1.4780476e+01 1.4541754e+01 1.4281601e+01 1.4030842e+01 1.3558738e+01 1.4097536e+01 1.3998457e+01 1.3893919e+01 1.3707983e+01 1.3857049e+01 1.3390404e+01 1.3206903e+01 1.2874662e+01 1.2461388e+01 1.2901236e+01 1.2061345e+01 1.2920778e+01 1.2973482e+01 1.2973519e+01 1.2400121e+01 1.1695033e+01 1.1256016e+01 1.0600673e+01 9.7925033e+00 9.2153108e+00 8.8040872e+00 8.3687970e+00 7.7861907e+00 7.8953387e+00 7.6159638e+00 7.3101035e+00
2.0810272e+01 2.0552681e+01 2.0224309e+01 1.9569967e+01 1.8439907e+01 1.9140215e+01 1.8436310e+01 1.7891428e+01 1.7722359e+01 1.7379745e+01 1.7482715e+01 1.7437971e+01 1.7165851e+01 1.7014703e+01 1.6547379e+01 1.6373811e+01 1.5889251e+01 1.4878042e+01 1.5015201e+01 1.5645645e+01 1.5041979e+01 1.4708300e+01 1.4699330e+01 1.4453430e+01 1.4405167e+01 1.3622145e+01 1.3251557e+01 1.3838868e+01 1.4138179e+01 1.3529187e+01 1.3258665e+01 1.3257902e+01 1.2156035e+01 1.1819638e+01 1.2987217e+01 1.3268267e+01 1.3246618e+01 1.2940708e+01 1.2525125e+01 1.2021084e+01 1.1470425e+01 1.0845603e+01 1.0306962e+01 9.8682135e+00 9.4796329e+00 9.1990862e+00 8.9948526e+00 8.6472167e+00 8.2055659e+00 7.8794327e+00
2.0535455e+01 2.0398631e+01 1.9651319e+01 1.9652246e+01 1.9655498e+01 1.9017981e+01 1.9508402e+01 1.8994474e+01 1.8688556e+01 1.8637749e+01 1.8293958e+01 1.7862681e+01 1.7499855e+01 1.7503558e+01 1.7064770e+01 1.6493880e+01 1.5483764e+01 1.4409133e+01 1.5396311e+01 1.6204581e+01 1.5670414e+01 1.5424589e+01 1.5327574e+01 1.4880083e+01 1.4688803e+01 1.3938096e+01 1.4103549e+01 1.4230162e+01 1.3640589e+01 1.3933854e+01 1.2835382e+01 1.1870232e+01 1.1627783e+01 1.1167287e+01 1.1821642e+01 1.2643595e+01 1.2520765e+01 1.2390114e+01 1.2569338e+01 1.2526262e+01 1.1844010e+01 1.1303705e+01 1.0806646e+01 1.0386371e+01 1.0056263e+01 9.8060001e+00 9.5599631e+00 9.2865762e+00 8.8589142e+00 8.4361994e+00
1.9959596e+01 1.9921576e+01 2.0266121e+01 1.9891027e+01 1.9773858e+01 1.9754950e+01 1.9622706e+01 1.9502075e+01 1.9346356e+01 1.9076796e+01 1.8702000e+01 1.8078321e+01 1.7951065e+01 1.7362613e+01 1.7065604e+01 1.7565881e+01 1.6755376e+01 1.6327919e+01 1.6801695e+01 1.6700113e+01 1.6310220e+01 1.5975639e+01 1.5683911e+01 1.5440305e+01 1.5101654e+01 1.4871204e+01 1.3799442e+01 1.4691349e+01 1.5041674e+01 1.3589450e+01 1.3666089e+01 1.3166125e+01 1.2550624e+01 1.2471109e+01 1.2197307e+01 1.2368692e+01 1.1713345e+01 1.0741743e+01 1.2788273e+01 1.2824465e+01 1.2306913e+01 1.1829534e+01 1.1178683e+01 1.0760091e+01 1.0554407e+01 1.0377838e+01 1.0205297e+01 9.9681910e+00 9.5608149e+00 9.1041290e+00
2.1067502e+01 2.0948969e+01 2.0625101e+01 2.0199506e+01 2.0007255e+01 1.9481007e+01 1.9540331e+01 1.9611963e+01 1.9539872e+01 1.9312324e+01 1.8976910e+01 1.8585637e+01 1.8353632e+01 1.7990579e+01 1.7792414e+01 1.7836405e+01 1.7751953e+01 1.7563193e+01 1.7818447e+01 1.7341223e+01 1.6849248e+01 1.6549598e+01 1.6408254e+01 1.6083174e+01 1.5903307e+01 1.5761224e+01 1.5321720e+01 1.4808765e+01 1.4353598e+01 1.1663565e+01 1.2313082e+01 1.2668908e+01 1.2818440e+01 1.3202521e+01 1.2775478e+01 1.2262047e+01 1.2144140e+01 1.2071606e+01 1.1593541e+01 1.2145432e+01 1.1307215e+01 1.0776875e+01 1.1040702e+01 1.1133280e+01 1.0996537e+01 1.0922174e+01 1.0837738e+01 1.0661989e+01 1.0277394e+01 9.8352579e+00
2.0375665e+01 2.1045471e+01 2.0907833e+01 2.0576882e+01 2.0387508e+01 2.0325124e+01 2.0162303e+01 1.9975286e+01 1.9588742e+01 1.9369158e+01 1.9204466e+01 1.9071828e+01 1.9175682e+01 1.8667319e+01 1.7670297e+01 1.8272038e+01 1.8155360e+01 1.7456802e+01 1.7854024e+01 1.7924689e+01 1.7519048e+01 1.7490833e+01 1.6883903e+01 1.6678074e+01 1.6255109e+01 1.6029229e+01 1.6166323e+01 1.6062111e+01 1.5682302e+01 1.3498295e+01 1.4561519e+01 1.4475329e+01 1.3921864e+01 1.3527343e+01 1.3211529e+01 1.2750080e+01 1.2433278e+01 1.1762438e+01 1.1469493e+01 1.0046225e+01 3.4839873e+00 3.7017419e+00 1.0110951e+01 1.1402544e+01 1.1254060e+01 1.1349875e+01 1.1334666e+01 1.1213993e+01 1.0876766e+01 1.0440675e+01
