presentation/data/depth_0045.asc
ncols     164
nrows     146
xllcorner -1.242151388888889e+02
yllcorner  4.172986111111111e+01
cellsize  2.777777777820000e-04
nodata_value       -9999
[rows 66 to 87 of 146, columns 50 to 99 of 164]
0.0000000e+00 0.0000000e+00 0.0000000e+00 0.0000000e+00 0.0000000e+00 0.0000000e+00 0.0000000e+00 0.0000000e+00 0.0000000e+00 0.0000000e+00 0.0000000e+00 0.0000000e+00 0.0000000e+00 0.0000000e+00 9.9948125e-04 9.9940451e-04 9.9863140e-04 9.9845350e-04 9.9674346e-04 9.9137893e-04 1.3859780e-03 9.7660368e-04 1.4981899e-01 5.9475156e-01 7.7030584e-01 7.9598080e-01 8.0020195e-01 8.0459549e-01 8.3962726e-01 1.4324657e+00 2.4569427e+00 3.5357586e+00 2.4166362e+00 1.0734844e+00 8.3063817e-01 8.9198046e-01 8.0441622e-01 5.9362765e-01 2.7454558e-01 1.6616817e-02 3.2794447e-02 5.4019380e-02 6.7453699e-02 9.1286530e-02 1.0473384e-01 1.2506659e-01 1.4228838e-01 1.7207901e-01 1.8952217e-01 2.0514067e-01
0.0000000e+00 0.0000000e+00 0.0000000e+00 0.0000000e+00 0.0000000e+00 9.9484659e-04 9.9891148e-04 9.9638514e-04 9.9628300e-04 9.9787176e-04 9.8869479e-04 9.7309226e-04 9.8423272e-04 9.5117314e-04 9.9952402e-04 9.9841366e-04 9.9810365e-04 9.9820409e-04 9.9683041e-04 9.9907823e-04 9.9831223e-04 9.5836885e-04 3.3885212e-01 6.3566757e-01 7.8173552e-01 8.0049898e-01 8.0747721e-01 9.1860528e-01 3.1411523e+00 4.0203519e+00 3.3474433e+00 1.5101608e+00 8.1118323e-01 8.2349305e-01 8.2388741e-01 7.6058661e-01 6.6773678e-01 5.8006475e-01 4.4981840e-01 3.3397342e-01 3.1387874e-01 2.3460390e-01 1.5395492e-01 1.0112063e-01 7.7513642e-02 9.4335145e-02 1.1036392e-01 1.0050811e-01 9.3707350e-02 7.1810047e-02
0.0000000e+00 0.0000000e+00 0.0000000e+00 0.0000000e+00 0.0000000e+00 9.9923071e-04 9.9725030e-04 9.8828118e-04 9.9571805e-04 9.5227580e-04 9.1130734e-04 9.4983677e-04 9.7866610e-04 9.8984932e-04 9.9802054e-04 9.9832068e-04 9.9822355e-04 9.9616623e-04 9.9854204e-04 9.9662752e-04 9.7043982e-04 2.2973406e-01 5.0337148e-01 6.7912849e-01 7.8748785e-01 7.9913848e-01 8.0386338e-01 1.8427337e+00 4.1618951e+00 2.8484382e+00 1.3178531e+00 8.1383832e-01 8.1150088e-01 8.1374102e-01 8.1880931e-01 7.7991694e-01 6.5960368e-01 6.0395629e-01 5.7883898e-01 6.0255853e-01 6.0804111e-01 5.7320928e-01 5.5271402e-01 5.3223471e-01 4.9738692e-01 4.0620569e-01 2.9402683e-01 2.0571949e-01 1.2228163e-01 7.7005207e-02
0.0000000e+00 0.0000000e+00 0.0000000e+00 0.0000000e+00 0.0000000e+00 9.9642118e-04 9.8376194e-04 9.9020750e-04 9.3583436e-04 8.8216884e-04 1.5750389e-01 4.1886847e-01 3.6024606e-01 1.5988099e-01 5.1097398e-02 9.4663739e-04 9.9589395e-04 9.9935782e-04 9.8074784e-04 9.9661035e-04 2.1316875e-02 4.5319199e-01 5.6981482e-01 7.0937623e-01 7.8499593e-01 7.9059076e-01 7.8277515e-01 2.7117477e+00 4.3600197e+00 2.4603034e+00 1.1749870e+00 7.9884978e-01 7.9752758e-01 7.9764345e-01 7.9647907e-01 7.3831980e-01 6.8518863e-01 6.4478035e-01 6.3530990e-01 6.4704087e-01 6.8186729e-01 6.7966264e-01 6.8265542e-01 6.9955432e-01 6.8438935e-01 6.2840163e-01 6.1581041e-01 6.1701815e-01 5.7119080e-01 5.3640090e-01
0.0000000e+00 0.0000000e+00 0.0000000e+00 0.0000000e+00 0.0000000e+00 9.6576913e-04 9.7869871e-04 7.8035553e-02 1.3481795e-01 3.6693897e-01 2.7505189e-01 3.1443571e-01 4.9087312e-01 3.1159964e-01 3.7026747e-01 4.6661880e-01 1.1554655e-01 9.5140491e-04 9.8506755e-04 4.4134880e-02 6.7962746e-02 2.7895912e-01 4.3413557e-01 5.8374295e-01 7.2617065e-01 7.6880133e-01 7.5976982e-01 1.8626296e+00 4.7015757e+00 4.1344869e+00 2.6403075e+00 8.2220030e-01 7.7972849e-01 7.6995690e-01 7.3839714e-01 6.8526475e-01 6.9036966e-01 7.1151739e-01 7.0349525e-01 7.0091054e-01 6.9400569e-01 7.0915068e-01 7.0990399e-01 7.0654946e-01 7.0482064e-01 6.9680961e-01 7.2303075e-01 7.4125287e-01 7.2870160e-01 6.7417760e-01
0.0000000e+00 0.0000000e+00 0.0000000e+00 9.8977218e-04 9.5334459e-04 9.6997207e-04 9.3175306e-04 1.8722837e-01 2.9879727e-01 5.5682011e-01 2.6354184e-01 7.1548926e-04 1.4941095e-01 3.9443926e-01 4.7804688e-01 6.1443641e-01 4.2273653e-01 9.3467490e-04 7.5610097e-02 2.2826183e-01 1.1416380e-01 4.8725637e-02 1.7813042e-01 3.0137786e-01 3.7812609e-01 4.5790021e-01 5.6540679e-01 7.9140633e-01 3.3278522e+00 4.8025369e+00 3.4685931e+00 8.1256292e-01 7.5007850e-01 8.4184958e-01 8.0121986e-01 6.9830061e-01 6.9738397e-01 7.2051367e-01 7.2167672e-01 7.2235682e-01 7.2446528e-01 7.3068089e-01 7.3715708e-01 7.3728141e-01 7.4203796e-01 7.3319241e-01 7.4455938e-01 7.5947732e-01 7.5058120e-01 7.4614802e-01
9.9882359e-04 0.0000000e+00 9.7457103e-04 9.4479654e-04 9.9998833e-04 1.8579350e-03 9.9899820e-04 8.0001720e-04 8.9084998e-04 2.3209490e-01 4.5268980e-01 4.3593773e-01 5.1595863e-01 3.8399337e-01 4.6700931e-01 1.7993131e-01 2.5677693e-01 1.7584310e-01 1.2291022e-01 1.0655615e-01 1.9176299e-01 1.1438150e-01 1.1256519e-01 1.2423617e-01 6.0692281e-02 4.1250778e-02 9.4659621e-04 7.7815360e-01 1.7138264e+00 3.8861171e+00 2.6480085e+00 5.9260289e-01 8.6738949e-01 9.6413796e-01 1.0243130e+00 7.5400559e-01 7.1521144e-01 7.2461550e-01 7.3331918e-01 7.3751505e-01 7.4388020e-01 7.5153045e-01 7.5879567e-01 7.6378346e-01 7.6682709e-01 7.6444239e-01 7.6186207e-01 7.5971811e-01 7.5927023e-01 7.6376361e-01
9.9712624e-04 9.8390457e-04 9.7177320e-04 1.5143980e-01 9.9569189e-04 3.1450898e-03 9.8044442e-04 8.6468801e-04 6.7770495e-04 8.8740585e-04 5.5889524e-01 5.9654438e-01 5.7671803e-01 3.7185819e-01 1.8819614e-01 1.7992471e-01 1.2872349e-01 7.3207726e-02 5.9768619e-02 2.5597914e-02 8.0176012e-02 1.5298403e-01 9.4672355e-02 8.5289108e-02 1.9860924e-01 1.9128531e-01 9.9452447e-04 4.2807117e-01 1.9028998e+00 3.5271878e+00 1.9141670e+00 5.4729276e-01 5.9080208e-01 5.1481262e-01 9.6354316e-01 1.0396187e+00 1.1041224e+00 1.5329316e+00 1.5853708e+00 1.2727378e+00 1.2788606e+00 1.2871815e+00 1.3030622e+00 1.3064863e+00 1.3311703e+00 1.0899899e+00 8.6928767e-01 8.3874814e-01 8.0105884e-01 7.9185595e-01
9.9887253e-04 9.9760218e-04 8.4704384e-04 8.9862670e-04 9.8683847e-04 1.0107870e-03 9.8059869e-04 9.7808991e-04 9.7797046e-04 2.0511647e-01 3.6221635e-01 2.8906605e-01 2.5524697e-01 2.3089670e-01 1.2952050e-01 9.9063997e-04 9.3823915e-04 9.4373653e-04 9.4230548e-03 9.0248143e-03 9.1052436e-02 8.1937001e-02 5.5199659e-02 3.7337211e-02 5.8642253e-02 9.9277022e-04 9.3443091e-04 2.2377829e-01 2.7576194e+00 4.3329385e+00 3.6245409e+00 2.3696805e+00 3.1297467e+00 3.3296415e+00 2.7331149e+00 2.7173958e+00 2.7289854e+00 3.6942688e+00 4.4147534e+00 4.4493006e+00 4.4664953e+00 4.4700016e+00 4.4781478e+00 4.4233359e+00 4.3797408e+00 3.7822205e+00 3.4036145e+00 2.7264692e+00 2.1731192e+00 1.7697086e+00
9.9832073e-04 9.8421208e-04 1.0390923e-02 1.1781719e-01 1.7460450e-01 2.1822132e-01 3.4982190e-01 5.3722698e-01 4.9592549e-01 2.9350272e-01 2.0876313e-01 2.2166870e-01 2.5616560e-01 1.4529118e-01 1.0132632e-01 9.9201975e-02 9.8281049e-04 9.9227805e-04 2.2109014e-02 5.0304572e-02 2.9369827e-01 8.7294626e-02 9.7568736e-04 9.9723121e-04 9.5998100e-04 7.7319364e-04 5.5729977e-01 3.3225649e+00 4.5024295e+00 4.6481843e+00 4.7258893e+00 4.4184122e+00 4.6279486e+00 4.5256799e+00 4.4353160e+00 4.4820042e+00 4.5106111e+00 4.6491163e+00 4.8459870e+00 4.9606298e+00 4.9589639e+00 4.8923805e+00 4.6879134e+00 4.5586490e+00 4.7395816e+00 4.8535793e+00 4.8825533e+00 4.8528910e+00 4.6230821e+00 4.3788204e+00
9.4162366e-04 8.2382207e-04 7.6977857e-02 5.7359087e-01 6.4856072e-01 7.3482509e-01 6.3844882e-01 4.2387109e-01 3.1534479e-01 1.3354468e-01 3.9430187e-02 1.0215335e-01 1.4179609e-02 1.0582253e-01 1.1015970e-01 1.3924092e-01 1.8434289e-01 5.8984855e-02 1.1477815e-01 1.1978286e-01 2.5834507e-01 9.8748981e-04 9.9127755e-04 9.6677691e-04 8.0114765e-04 2.8986863e+00 3.9414408e+00 4.4956959e+00 4.6802921e+00 4.6826658e+00 4.8528119e+00 4.8605612e+00 4.7287970e+00 4.5886527e+00 4.5924550e+00 4.6810078e+00 4.7803550e+00 4.7751255e+00 4.8793551e+00 4.9817975e+00 4.9871739e+00 4.8594086e+00 4.4967037e+00 4.1441091e+00 4.6646422e+00 4.9437164e+00 5.0745705e+00 5.1218088e+00 5.1126825e+00 5.0898625e+00
9.6249346e-04 9.8016188e-04 3.5091880e-01 4.7674484e-01 4.6347925e-01 7.3420505e-01 4.0386113e-01 2.5858627e-01 1.3369610e-01 1.3213480e-01 8.5823241e-02 7.0109846e-02 7.4401614e-02 1.2093143e-01 2.3689324e-01 2.4225543e-01 3.4943000e-01 3.0078479e-01 3.0394303e-01 3.9553096e-02 9.8539715e-04 9.5119855e-04 1.8695720e-02 1.9178420e+00 3.8809287e+00 4.6187385e+00 4.2053350e+00 4.2535357e+00 4.6217439e+00 4.8776410e+00 5.0617779e+00 5.1326988e+00 5.1252832e+00 5.0725488e+00 5.0734911e+00 5.1238734e+00 5.1140630e+00 4.9633707e+00 5.0767273e+00 5.2487447e+00 5.2676736e+00 5.1961910e+00 5.0707266e+00 4.9922004e+00 5.0252404e+00 5.2190521e+00 5.3715513e+00 5.3767323e+00 5.3217662e+00 5.2871421e+00
2.0901468e-01 2.8607455e-01 3.0766622e-01 3.5492517e-01 6.5123941e-01 6.7474399e-01 3.4063614e-01 1.5673002e-01 2.5356883e-02 8.3955372e-02 2.5574141e-02 6.9278643e-02 7.1905197e-02 2.0551183e-01 2.9948860e-01 3.2654147e-01 2.8041294e-01 1.0093258e-02 9.8008576e-04 8.4324101e-04 9.7673421e-04 2.3119004e+00 3.6147161e+00 4.4599382e+00 4.8123459e+00 4.5923737e+00 4.2241405e+00 4.5353190e+00 5.0337557e+00 5.1276532e+00 5.3677038e+00 5.4182951e+00 5.4058022e+00 5.4509848e+00 5.4960041e+00 5.4828788e+00 5.3375662e+00 5.3225304e+00 5.4722533e+00 5.5474992e+00 5.5885070e+00 5.5984507e+00 5.5802382e+00 5.6219610e+00 5.6451601e+00 5.5442135e+00 5.7169073e+00 5.7966666e+00 5.6636495e+00 5.5474459e+00
3.4429849e-01 9.3514873e-04 9.8194681e-04 9.2763445e-03 1.7221891e-01 2.2494326e-01 6.8231830e-02 1.0563028e-02 9.9043524e-04 9.5190116e-04 9.9804113e-04 1.4680518e-03 9.7155902e-02 2.0352932e-01 1.9625525e-01 9.9215225e-04 9.9922192e-04 8.9833920e-04 6.6756883e-04 1.9467707e+00 3.7928259e+00 5.1459552e+00 4.8722955e+00 4.7619840e+00 5.1362370e+00 5.0020742e+00 4.9518787e+00 5.2942676e+00 5.8588971e+00 5.8547806e+00 5.9911412e+00 5.7927824e+00 5.6798605e+00 5.6456717e+00 5.7651448e+00 6.0048247e+00 5.8508485e+00 5.6472888e+00 5.7691104e+00 5.9520285e+00 6.1426986e+00 6.1184758e+00 6.1399985e+00 6.0467027e+00 6.0846458e+00 6.1031030e+00 6.0261205e+00 6.1317208e+00 6.3480938e+00 6.2227342e+00
5.7483705e-03 9.8418612e-04 9.9916865e-04 9.9896441e-04 9.9983817e-04 2.7150966e-02 3.0624316e-01 9.9022311e-04 9.9841224e-04 9.9425162e-04 9.8861897e-04 9.9994383e-04 9.8971538e-04 9.9427782e-04 9.9856749e-04 9.9359893e-04 9.9077444e-04 2.3219876e+00 4.3073614e+00 5.0011038e+00 5.4889469e+00 5.4935860e+00 5.5652245e+00 5.8205867e+00 5.9397829e+00 6.0635629e+00 6.1720915e+00 6.5349328e+00 6.6096735e+00 6.3965437e+00 6.3809631e+00 6.2772970e+00 6.1262153e+00 5.9807956e+00 6.1238222e+00 6.3504201e+00 6.4628268e+00 6.4747854e+00 6.4128340e+00 6.4638554e+00 6.4826309e+00 6.5209617e+00 6.7113247e+00 6.8211932e+00 6.8054868e+00 6.7261486e+00 6.7965882e+00 6.6990960e+00 6.7345386e+00 6.6946690e+00
9.9714191e-04 9.9756230e-04 9.9928995e-04 9.9962051e-04 9.7221377e-04 2.6416388e-01 4.9111768e-01 3.7553157e-01 8.6970686e-04 7.2793011e-02 2.2658155e-01 9.9549084e-04 9.9842210e-04 7.9185065e-04 9.0636227e-04 1.5095691e+00 3.9596428e+00 5.0805726e+00 5.2906307e+00 5.4672708e+00 5.7458345e+00 5.9059858e+00 6.1681442e+00 6.3952548e+00 6.4158572e+00 6.5230412e+00 6.7933158e+00 7.1872715e+00 7.1927900e+00 6.8702741e+00 6.7453184e+00 6.8049040e+00 6.6762619e+00 6.3868925e+00 6.4647899e+00 6.6048721e+00 6.7191815e+00 6.9328025e+00 7.0218677e+00 6.9531303e+00 6.9028245e+00 6.8361302e+00 6.8660917e+00 7.2525451e+00 7.4338535e+00 7.2365549e+00 7.1988110e+00 7.1793353e+00 7.2299690e+00 7.2514980e+00
9.9889503e-04 9.9882912e-04 9.9896519e-04 9.9850734e-04 9.5553359e-04 9.5476401e-04 7.2140974e-01 8.4021784e-01 3.8894205e-01 9.2137710e-04 9.9698768e-04 9.9804464e-04 9.9929082e-04 1.0383135e+00 3.5781732e+00 4.8046785e+00 5.1162955e+00 5.3806758e+00 5.5547900e+00 5.8222784e+00 6.1059098e+00 6.2646967e+00 6.4520531e+00 6.4905965e+00 6.7201580e+00 7.0395469e+00 7.1185956e+00 6.9881048e+00 7.1941224e+00 6.9740549e+00 6.9522100e+00 7.0081143e+00 7.0997122e+00 7.1369412e+00 7.0712678e+00 6.8756704e+00 6.7662222e+00 6.8933570e+00 7.1087087e+00 7.2872527e+00 7.3629754e+00 7.2485916e+00 7.1424196e+00 7.2522498e+00 7.5270186e+00 7.6051146e+00 7.5753463e+00 7.5766146e+00 7.6233833e+00 7.6017027e+00
9.3338871e-04 9.9857432e-04 9.9636370e-04 9.9675941e-04 5.6787965e-04 9.7824524e-04 9.6951248e-04 9.9809850e-04 9.9005315e-04 9.9949691e-04 9.9770891e-04 9.6581138e-04 3.1041420e+00 4.4676958e+00 4.8524142e+00 5.1804294e+00 5.4951357e+00 5.8512075e+00 5.9184965e+00 6.1021545e+00 6.4120365e+00 6.4919311e+00 6.5579611e+00 6.6485054e+00 6.8483102e+00 7.3941375e+00 7.4392354e+00 7.1729908e+00 7.3920226e+00 6.9690042e+00 6.9519685e+00 7.0615380e+00 7.2434410e+00 7.4819919e+00 7.5328853e+00 7.1956312e+00 7.0083456e+00 7.0151156e+00 7.0579337e+00 7.4583102e+00 7.7373012e+00 7.6511383e+00 7.5376309e+00 7.5205703e+00 7.6847912e+00 7.8706664e+00 7.8931886e+00 7.9379757e+00 7.9426761e+00 7.7978705e+00
9.8830027e-04 9.9601993e-04 9.9922143e-04 9.9945211e-04 0.0000000e+00 6.6544776e-04 9.9715527e-04 9.9827440e-04 9.9838717e-04 9.8854948e-04 1.0698155e-01 1.0999332e+00 3.1714912e+00 5.0762328e+00 5.4067894e+00 5.5314281e+00 5.9133254e+00 6.1072395e+00 6.1344785e+00 6.2011057e+00 6.4288430e+00 6.5220797e+00 6.6804631e+00 6.8410934e+00 6.9936394e+00 7.2339919e+00 6.9824123e+00 6.8393357e+00 7.7389730e+00 7.5125070e+00 7.3038322e+00 7.4524206e+00 7.1315849e+00 7.4780157e+00 7.5631273e+00 7.4713618e+00 7.6389251e+00 7.9825837e+00 7.4312948e+00 7.5735872e+00 7.6943839e+00 7.8031811e+00 7.8755356e+00 7.9050166e+00 7.9289664e+00 7.9361213e+00 7.9456033e+00 8.0801046e+00 8.2284106e+00 8.0933260e+00
0.0000000e+00 9.8414445e-04 1.1358803e-03 4.2282773e-03 7.5491407e-04 1.8155974e-02 6.3016157e-01 8.3438500e-04 3.5128898e-01 3.5036865e-01 1.4238337e+00 3.0278763e+00 4.5253014e+00 4.7963883e+00 5.5964671e+00 5.9249786e+00 6.2322325e+00 6.2069314e+00 6.3128447e+00 6.4307711e+00 6.4940337e+00 6.5872128e+00 6.8735335e+00 7.0698344e+00 7.1668740e+00 7.1873558e+00 6.9004886e+00 6.5739120e+00 6.7772614e+00 7.5958075e+00 7.5967841e+00 7.5358697e+00 7.3360537e+00 7.4371574e+00 7.5638407e+00 7.7163916e+00 7.9827777e+00 8.2830638e+00 8.1873494e+00 8.0939808e+00 8.0154363e+00 7.9906526e+00 8.0212740e+00 8.2143955e+00 8.2770536e+00 8.2019321e+00 8.0444651e+00 8.1207025e+00 8.2769678e+00 8.2708400e+00
0.0000000e+00 0.0000000e+00 9.9803563e-04 2.0037339e-03 1.7726131e-01 1.8850036e+00 3.1448249e+00 2.7922474e+00 2.4982747e+00 3.3578633e+00 4.2319164e+00 4.9021049e+00 5.2038437e+00 5.0631443e+00 5.4101600e+00 5.9667112e+00 6.3697660e+00 6.5002513e+00 6.4985186e+00 6.5592528e+00 6.6558322e+00 6.8877394e+00 7.1987089e+00 7.3334275e+00 7.4255227e+00 7.2995728e+00 7.1581253e+00 6.8524513e+00 6.9125415e+00 7.5598395e+00 7.7558464e+00 7.8812066e+00 7.8501471e+00 7.6032894e+00 7.6629803e+00 7.8682338e+00 8.0579168e+00 8.2266992e+00 8.3326190e+00 8.2515003e+00 8.3405134e+00 8.4206589e+00 8.1053778e+00 8.1968284e+00 8.5205314e+00 8.3117920e+00 8.2219912e+00 8.0836567e+00 8.2110838e+00 8.2797270e+00
8.5498958e-04 9.1721595e-04 9.2332278e-04 1.3517489e-03 6.1530092e-02 1.8235162e+00 4.6992141e+00 4.7572351e+00 4.6008702e+00 4.5715761e+00 4.7806886e+00 5.0426200e+00 5.3408774e+00 5.4212504e+00 5.6893844e+00 6.0638769e+00 6.2660579e+00 6.8116586e+00 6.8386358e+00 6.9060550e+00 7.0783325e+00 7.2943781e+00 7.5164232e+00 7.3399155e+00 7.5177069e+00 7.5917613e+00 7.6603964e+00 7.4853201e+00 7.3554799e+00 7.8539634e+00 7.8470970e+00 7.6734697e+00 7.7224869e+00 7.7385897e+00 7.9469800e+00 7.7934169e+00 7.8636926e+00 7.9924644e+00 8.0366295e+00 7.6578555e+00 7.8228966e+00 7.8725918e+00 7.5739683e+00 7.7432860e+00 8.2052548e+00 7.5997928e+00 7.2317493e+00 6.9858939e+00 7.5922715e+00 8.1731044e+00
