presentation/data/depth_0055.asc
ncols     164
nrows     146
xllcorner -1.242151388888889e+02
yllcorner  4.172986111111111e+01
cellsize  2.777777777820000e-04
nodata_value       -9999
[rows 88 to 109 of 146, columns 100 to 149 of 164]
5.6258914e+00 4.6307459e+00 3.6319776e+00 4.0742037e+00 3.8083043e+00 3.0926788e+00 2.8702824e+00 2.7897519e+00 3.0756465e+00 4.5214348e+00 4.9104653e+00 3.9644396e+00 2.3797471e+00 1.4642282e+00 1.0950750e-03 8.8291308e-04 1.6250777e+00 2.5930255e+00 5.5284338e-01 4.7230480e-02 5.7027702e-02 4.8086745e-03 9.9947753e-04 9.7122480e-04 5.8040106e-02 2.4725808e-01 1.9183184e-01 6.8338440e-02 5.1746156e-03 2.6752440e-02 3.3506625e-02 1.1753392e-03 1.0642461e-03 3.9562507e-02 1.3563201e-01 1.6817966e-01 2.8406177e-01 1.2427758e-03 8.3899849e-04 9.9745683e-04 9.4789459e-04 1.8100676e-01 3.0170842e-01 1.3338547e-01 2.6862167e-01 9.8914786e-04 8.7038774e-04 5.9880284e-01 4.9222564e-01 5.4923211e-01
5.6945327e+00 5.4026675e+00 4.3206274e+00 4.0324713e+00 3.8767273e+00 3.6619853e+00 3.6054417e+00 4.3547421e+00 4.1136775e+00 4.1844303e+00 3.6789095e+00 3.8374836e+00 4.2402036e+00 4.5818240e+00 3.7119287e+00 3.0683489e+00 3.1955003e+00 3.7281226e+00 3.8536888e+00 2.5110743e+00 7.1664685e-01 1.0210910e-03 9.2526048e-04 4.3773998e-03 9.8247963e-04 2.4804119e-03 3.8488569e-02 3.7673832e-02 6.4365989e-02 3.6779743e-02 6.2629576e-03 4.2480982e-03 6.9328890e-02 1.9256560e-01 3.1436941e-01 2.6955056e-01 1.3461581e-01 1.0512489e-03 9.0112924e-04 8.4285660e-04 9.4706995e-04 9.7308436e-04 9.6667038e-04 1.1576854e-02 1.8883900e-01 2.5142750e-01 2.6517355e-01 2.8150929e-01 2.1286051e-01 2.6401407e-01
5.1018643e+00 5.1072027e+00 4.8768347e+00 4.7197244e+00 4.6706545e+00 5.0523316e+00 5.3715306e+00 5.0868769e+00 3.1401306e+00 2.7330099e+00 2.5091912e+00 2.8274380e+00 5.1833039e+00 5.6487689e+00 5.1657939e+00 4.9873971e+00 4.4174077e+00 4.1720176e+00 4.0786036e+00 3.9863921e+00 3.8806218e+00 3.4017846e+00 1.2937529e+00 9.9685097e-04 9.9190763e-04 2.2008422e-03 1.5189664e-01 1.1543269e-01 7.0274620e-02 3.7356025e-02 1.5945986e-02 1.7148293e-01 3.9902332e-01 4.6198549e-01 4.6029421e-01 3.6979383e-01 2.0334039e-01 5.4436587e-04 9.9821528e-04 9.7823433e-04 9.7927510e-04 9.7759543e-04 8.3655389e-03 7.1621854e-03 8.0335956e-04 9.4570650e-04 9.9057482e-04 9.8206478e-04 9.9976464e-04 9.7125634e-04
5.5088512e+00 5.6463232e+00 5.5106607e+00 5.4462905e+00 5.6874097e+00 5.3342825e+00 5.3648394e+00 5.8193018e+00 3.8400081e+00 3.0301184e+00 3.5525614e+00 2.5646827e+00 2.2487580e+00 4.4962629e+00 5.6414596e+00 5.3179986e+00 4.8564066e+00 4.7904340e+00 4.4920762e+00 4.1810358e+00 4.2059538e+00 3.9623224e+00 3.2374180e+00 3.0269204e+00 7.6163657e-01 3.2441775e-02 6.5825731e-02 1.0105460e-01 2.4750377e-03 1.5658562e-02 1.5782942e-01 4.5236122e-01 4.8139057e-01 5.3714391e-01 4.3464612e-01 3.5137106e-01 2.8217710e-01 2.1558334e-01 9.1017207e-02 9.9812749e-04 4.1053994e-03 4.1678667e-03 5.9465490e-03 3.0075360e-03 1.8382341e-03 9.6022863e-04 9.8997719e-04 7.8565181e-04 8.3439196e-04 9.9678143e-04
5.4864495e+00 5.5652001e+00 5.6282973e+00 5.8951330e+00 5.6887020e+00 5.2870259e+00 5.1023321e+00 5.1952364e+00 5.3014058e+00 4.3340181e+00 3.4998481e+00 4.1737209e+00 3.3616965e+00 4.8987665e+00 5.5639171e+00 5.3932963e+00 5.0728803e+00 5.0758688e+00 4.2710154e+00 4.1230115e+00 4.2100964e+00 3.5919915e+00 3.4538195e+00 3.8255852e+00 1.8612157e+00 1.2981434e-02 4.5188899e-02 4.6453195e-03 4.6364623e-03 5.5758054e-02 2.8344749e-01 3.7036330e-01 4.2762873e-01 5.2683806e-01 5.8152974e-01 4.2110964e-01 2.7670373e-01 1.5065380e-01 7.1891614e-02 1.0134647e-02 7.7457741e-03 4.0700773e-03 5.8952800e-03 4.7637369e-03 4.3256783e-03 3.6898541e-03 3.6001970e-03 8.0960313e-03 1.1713647e-02 1.5219357e-02
4.9526682e+00 5.0511325e+00 5.2427032e+00 5.5786249e+00 5.7518019e+00 5.1530809e+00 4.7337786e+00 5.1473315e+00 5.5920952e+00 6.1208184e+00 5.3771687e+00 5.6911464e+00 6.3775021e+00 6.3810538e+00 6.1209198e+00 5.6615006e+00 4.9970604e+00 4.5456651e+00 4.3628174e+00 4.1824842e+00 4.1008809e+00 2.6048094e+00 1.9727812e-01 1.4744722e+00 9.9927166e-04 1.0003529e-03 1.0154323e-03 9.8542873e-04 3.5002296e-03 7.3964606e-02 1.5935846e-01 1.6645857e-01 1.7947821e-01 1.9414036e-01 1.8483555e-01 2.0325890e-01 2.2350489e-01 1.7887056e-01 1.2445668e-01 5.2395998e-02 1.6770464e-02 6.6086033e-03 9.7913712e-03 9.4099763e-03 7.9151923e-03 6.2097080e-03 5.2947260e-03 3.6106884e-03 1.3192367e-02 1.6895412e-02
4.3501651e+00 4.6463317e+00 4.9299620e+00 5.2961263e+00 5.7040559e+00 5.9088225e+00 3.1202143e-01 2.5146112e+00 4.5696505e+00 6.6312250e+00 6.5936732e+00 6.3635928e+00 6.4460748e+00 6.5802224e+00 6.3415498e+00 6.0518445e+00 5.3181746e+00 4.7632365e+00 4.6035174e+00 4.4183132e+00 3.8718655e+00 3.2621820e+00 1.9114643e+00 9.0916167e-04 9.9733796e-04 9.9689314e-04 9.8921321e-04 9.3234372e-01 9.3256049e-01 3.9877235e-01 3.2148064e-01 9.2706687e-02 4.6710422e-02 4.7581335e-02 2.9946035e-02 3.4521888e-02 4.6652317e-02 5.3722774e-02 7.5967881e-02 1.8626143e-02 1.7304005e-03 9.5380239e-04 1.4115680e-03 1.0621990e-03 2.6666266e-03 1.6317935e-03 1.9115527e-03 1.6637350e-03 1.0225116e-02 3.3353875e-02
4.0313163e+00 4.3698245e+00 4.6975139e+00 5.0906395e+00 5.5268680e+00 6.0756369e+00 5.9968480e+00 5.0533664e+00 4.4783813e+00 5.9509225e+00 6.9294259e+00 7.0749277e+00 6.8884156e+00 6.6495400e+00 6.4348372e+00 6.2422176e+00 6.0078911e+00 5.6666334e+00 5.1577142e+00 4.5266997e+00 4.2943661e+00 2.3240938e+00 9.5275543e-04 9.0941493e-04 9.9682036e-04 9.7614533e-04 7.7284011e-01 3.1013453e+00 2.8741933e+00 2.5266198e+00 2.5454501e+00 2.4635494e+00 2.3650697e+00 2.4231707e+00 2.3099095e+00 2.1752884e+00 1.8647779e+00 1.8135790e+00 1.8332838e+00 1.5199771e+00 8.5118924e-01 5.6788751e-01 5.9166421e-01 7.2437306e-01 5.6451241e-01 5.5488273e-01 6.2096324e-01 7.8095854e-01 5.7931075e-01 1.1839957e-01
2.3031311e+00 2.8544933e+00 4.0031956e+00 4.9762008e+00 5.3361981e+00 5.8629670e+00 6.1426466e+00 5.9527012e+00 5.1113823e+00 4.5722241e+00 6.0271890e+00 6.8279756e+00 7.1467484e+00 6.7917574e+00 6.6142722e+00 6.5544442e+00 6.2701895e+00 5.9350896e+00 5.6160642e+00 4.7069684e+00 2.9258461e+00 9.4654814e-04 9.3735976e-04 9.9359141e-04 9.9746458e-04 1.5046118e+00 2.8348868e+00 3.0118348e+00 2.9966947e+00 2.9258927e+00 3.0741085e+00 3.0965955e+00 2.9697193e+00 2.9325634e+00 3.0491839e+00 3.0548932e+00 3.0807492e+00 3.0732955e+00 3.2253390e+00 3.0497691e+00 2.8275002e+00 2.7007835e+00 2.7301608e+00 2.7504107e+00 2.7237665e+00 2.7317536e+00 2.7697246e+00 2.7810675e+00 2.7079803e+00 2.4923522e+00
5.9459122e-04 8.5283650e-04 9.7243347e-04 3.5479374e+00 5.0859893e+00 5.7997969e+00 6.1473576e+00 6.2401173e+00 6.1070479e+00 5.1028439e+00 5.2512765e+00 6.1959601e+00 6.6154617e+00 6.6252649e+00 6.6188561e+00 6.5907156e+00 6.1314310e+00 5.4698845e+00 5.1411254e+00 3.7674564e+00 1.5570695e-01 9.1868583e-04 9.9916272e-04 9.6443229e-04 1.4793368e+00 3.3400646e+00 3.4111642e+00 3.4627015e+00 3.3878453e+00 3.2892817e+00 3.3203436e+00 3.3091144e+00 3.1703083e+00 3.1303993e+00 3.2242416e+00 3.2898783e+00 3.3152103e+00 3.3291760e+00 3.4728422e+00 3.4155999e+00 3.3438649e+00 3.2795667e+00 3.2322200e+00 3.1825631e+00 3.1615433e+00 3.1649150e+00 3.1808471e+00 3.1783248e+00 3.1616463e+00 3.0691392e+00
4.3777360e+00 3.4710824e+00 0.0000000e+00 7.6601308e-02 2.9874184e+00 5.5214230e+00 6.3399624e+00 6.4016303e+00 6.3885426e+00 5.9471016e+00 5.1599896e+00 5.3173591e+00 6.5006513e+00 6.6407222e+00 6.4713736e+00 6.3403750e+00 5.9580166e+00 5.2892453e+00 4.1088698e+00 4.7535749e-01 9.2658798e-04 9.9269213e-04 9.8325447e-04 1.1973525e+00 3.0040945e+00 3.2628175e+00 3.6769236e+00 3.8838347e+00 3.7939216e+00 3.7798244e+00 3.7402524e+00 3.5506583e+00 3.3698098e+00 3.3742010e+00 3.5592592e+00 3.6484030e+00 3.6549776e+00 3.7235053e+00 3.9450874e+00 3.7867253e+00 3.6228561e+00 3.4719851e+00 3.3553331e+00 3.2352839e+00 3.1864659e+00 3.2082761e+00 3.2517556e+00 3.2499896e+00 3.2375149e+00 3.1710696e+00
5.3955464e+00 5.2774943e+00 4.2584821e+00 7.1733852e-02 1.6853270e-01 4.4814735e+00 6.3056236e+00 6.3373377e+00 6.0118641e+00 5.5521034e+00 5.1315206e+00 5.5677868e+00 7.4612490e+00 7.0365992e+00 6.4023844e+00 6.1803274e+00 5.7945533e+00 4.0840476e+00 8.6370294e-01 9.4271583e-04 9.9266945e-04 9.6184760e-04 1.0300644e+00 3.2181189e+00 3.1559702e+00 3.1783913e+00 3.6133995e+00 3.7791260e+00 3.9845517e+00 4.2042165e+00 4.1788105e+00 3.9554039e+00 3.6881589e+00 3.6613039e+00 3.9103623e+00 4.0591446e+00 4.1468676e+00 4.1610020e+00 4.2585008e+00 4.0907389e+00 3.8695772e+00 3.7244341e+00 3.5443888e+00 3.3605808e+00 3.2644543e+00 3.2967476e+00 3.3757429e+00 3.4314775e+00 3.4319385e+00 3.3765353e+00
5.8610461e+00 5.6328918e+00 5.2505592e+00 3.8385560e+00 2.6234004e-02 2.9701652e-01 5.3690302e+00 6.1855737e+00 5.6640879e+00 5.4536433e+00 5.2317953e+00 6.2342319e+00 7.2969467e+00 7.0034138e+00 6.4321541e+00 6.1624843e+00 5.1058783e+00 8.3790595e-01 8.5997903e-04 9.9585364e-04 9.9979829e-04 7.4646254e-01 3.0168239e+00 3.3366892e+00 3.2914574e+00 3.3338564e+00 3.5309339e+00 3.7733384e+00 4.3771293e+00 4.4625195e+00 4.3792549e+00 4.2233331e+00 4.0367679e+00 3.9777438e+00 4.1011890e+00 4.2917422e+00 4.5078635e+00 4.4130392e+00 4.3169985e+00 4.2382563e+00 4.0962603e+00 3.9689503e+00 3.7230844e+00 3.5871946e+00 3.4139739e+00 3.3835996e+00 3.5223797e+00 3.6039513e+00 3.6094134e+00 3.5470897e+00
6.0284406e+00 5.8645692e+00 5.6032632e+00 5.1016161e+00 3.7670387e+00 9.7176198e-04 2.4394835e-01 3.5350350e+00 5.9825013e+00 5.3040650e+00 4.8864168e+00 5.4081159e+00 6.6197712e+00 6.6400865e+00 5.9569816e+00 5.5679534e+00 1.4182550e+00 9.0420715e-04 9.9575503e-04 9.9800806e-04 1.9259878e-02 2.8308187e+00 3.3767546e+00 3.3425334e+00 3.2923513e+00 3.3566711e+00 3.7517291e+00 4.1529498e+00 4.3375397e+00 4.5168083e+00 4.6034164e+00 4.3944399e+00 4.4462651e+00 4.3701412e+00 4.3497978e+00 4.4134501e+00 4.5273401e+00 4.5269449e+00 4.4897982e+00 4.6514487e+00 4.4679156e+00 4.2663004e+00 4.0627240e+00 3.8566314e+00 3.6957317e+00 3.7118962e+00 3.8137718e+00 3.8436603e+00 3.8878735e+00 3.8163542e+00
6.2168561e+00 6.1258878e+00 5.9886403e+00 5.6346085e+00 5.1302179e+00 2.6984888e+00 7.9311405e-04 9.2823181e-04 2.4604220e+00 3.6257619e+00 4.6260863e+00 4.6813328e+00 4.7653917e+00 5.4053397e+00 4.4571378e+00 1.3073561e+00 9.4758327e-04 9.9816113e-04 9.9629863e-04 9.0716981e-04 2.3478103e+00 2.9170007e+00 3.2736468e+00 3.5968243e+00 3.6721605e+00 3.8532193e+00 4.2574586e+00 4.4683429e+00 4.4058298e+00 4.7666987e+00 4.8510237e+00 4.5925904e+00 4.5323110e+00 4.6705178e+00 4.8361420e+00 4.9487764e+00 4.8509408e+00 4.6826977e+00 4.8467575e+00 5.4182738e+00 5.0260296e+00 4.7386723e+00 4.3406291e+00 4.2360707e+00 4.2487854e+00 4.3151910e+00 4.3079893e+00 4.2374412e+00 4.1981247e+00 4.1405203e+00
6.3869234e+00 6.2948682e+00 6.1904114e+00 5.9540093e+00 5.6183839e+00 4.9911828e+00 2.5598210e+00 6.6956531e-04 9.3670935e-04 9.7438007e-04 8.7621649e-04 2.2598833e+00 4.3132422e+00 4.5197320e+00 1.9947529e+00 1.8028649e+00 5.8167086e-01 8.5095444e-04 9.1252360e-04 2.2962073e+00 2.7125072e+00 2.9719424e+00 3.4936460e+00 3.8806282e+00 4.1729303e+00 4.3121240e+00 4.5965621e+00 4.6770291e+00 4.8764729e+00 5.2403171e+00 5.4402570e+00 5.0650420e+00 4.7021041e+00 5.2097696e+00 5.4468215e+00 5.5622143e+00 5.3519459e+00 5.1970457e+00 5.2772376e+00 5.3965378e+00 5.2523031e+00 5.0560357e+00 4.8246322e+00 4.7566443e+00 4.8406891e+00 4.9123540e+00 4.7794463e+00 4.6153958e+00 4.5108715e+00 4.4298160e+00
6.5252947e+00 6.4732331e+00 6.3810866e+00 6.2272028e+00 6.0468655e+00 5.7035784e+00 4.8549070e+00 1.3315272e+00 3.1055083e-04 4.0545815e-03 5.7406377e-03 9.3027955e-04 3.2958671e+00 1.4370394e+00 9.2066032e-04 9.2677749e-01 9.7203977e-04 9.7983973e-04 2.2283696e+00 2.9521164e+00 3.1888547e+00 3.5883979e+00 4.0843152e+00 4.3778749e+00 4.4436104e+00 4.5978669e+00 4.7893942e+00 4.8380064e+00 5.0428939e+00 5.6584016e+00 5.6004224e+00 5.3370810e+00 5.2752284e+00 5.5921094e+00 5.6954844e+00 5.5691013e+00 5.5089704e+00 5.6242501e+00 5.8029065e+00 5.6954241e+00 5.5447817e+00 5.4467245e+00 5.3760434e+00 5.2864930e+00 5.2936488e+00 5.2701629e+00 5.1195518e+00 4.9586010e+00 4.7792129e+00 4.6600647e+00
6.7266828e+00 6.5946421e+00 6.5631614e+00 6.4296833e+00 6.2769633e+00 5.8290784e+00 5.0507054e+00 2.3778207e+00 9.5255287e-02 8.8152675e-04 9.9779560e-04 1.0008951e-03 1.4340233e-03 9.9879543e-04 9.8094458e-04 9.0830206e-04 9.8603638e-04 2.0073697e+00 2.5826592e+00 3.1471300e+00 3.7731700e+00 4.1592729e+00 4.4794662e+00 4.4977174e+00 4.5169255e+00 4.8933051e+00 5.1658922e+00 5.0898085e+00 4.9389599e+00 5.5399129e+00 5.6867494e+00 5.6493994e+00 5.8134752e+00 5.7895712e+00 5.3317508e+00 4.8787378e+00 5.2020086e+00 5.5845912e+00 5.8897417e+00 5.8705495e+00 5.8166220e+00 5.7813037e+00 5.8423250e+00 5.7729304e+00 5.7103325e+00 5.6336712e+00 5.5151376e+00 5.3196419e+00 5.1949147e+00 4.9858901e+00
6.8724402e+00 6.8426884e+00 6.7011884e+00 6.6246341e+00 6.4713296e+00 6.3010312e+00 5.4249218e+00 3.2521880e+00 1.7075297e+00 8.7764561e-04 9.9751754e-04 1.1401135e-03 2.4465734e-03 1.0823348e-03 1.0040391e-03 8.7085233e-04 2.1016920e+00 2.5266405e+00 2.5259637e+00 2.9729260e+00 3.6914210e+00 4.3264275e+00 4.7037322e+00 4.8135801e+00 4.8352532e+00 5.1326776e+00 5.6875350e+00 5.5556564e+00 5.5573960e+00 5.9429051e+00 6.0812399e+00 6.1041863e+00 6.1260648e+00 5.9124033e+00 5.0531735e+00 4.1702657e+00 4.7182209e+00 5.3764659e+00 5.8727853e+00 6.0692284e+00 6.0731394e+00 5.9593420e+00 6.0919095e+00 6.1242455e+00 6.0991057e+00 6.0422285e+00 5.9622054e+00 5.8212852e+00 5.6338737e+00 5.4016117e+00
6.9724059e+00 6.9926944e+00 6.9712782e+00 6.7586783e+00 6.6595440e+00 6.6096594e+00 4.4039882e+00 1.8867399e+00 8.3416715e-04 9.7224724e-04 9.9859480e-04 1.2861988e-03 1.9937747e-03 1.8367717e-03 9.8305293e-04 9.2890285e-01 2.1876756e+00 2.0330054e+00 1.2262600e+00 7.8580796e-04 5.8063442e-04 3.4267851e+00 4.7153066e+00 5.1518008e+00 5.2675280e+00 5.1488979e+00 5.5017558e+00 5.6859338e+00 5.9978798e+00 6.3450799e+00 6.2577690e+00 6.0970640e+00 6.1567096e+00 6.1422016e+00 5.4572118e+00 4.7250937e+00 4.9227851e+00 5.4024170e+00 5.9404611e+00 6.2408511e+00 6.4680436e+00 6.3313246e+00 6.4109770e+00 6.4662011e+00 6.4575686e+00 6.4594655e+00 6.5157749e+00 6.2496842e+00 5.9879389e+00 5.8241510e+00
7.0460686e+00 7.0974297e+00 7.1570738e+00 7.1360260e+00 6.9757706e+00 6.4570139e+00 3.7305499e-04 0.0000000e+00 8.5107101e-04 9.7229550e-04 9.9944967e-04 0.0000000e+00 0.0000000e+00 1.8306420e-03 1.2447257e-03 8.7758418e-04 6.6075144e-04 9.5319810e-04 8.3018155e-04 8.6856381e-04 5.0697934e-01 3.5400085e+00 4.8499657e+00 5.5030677e+00 5.5017651e+00 5.4047820e+00 5.4518487e+00 5.5791673e+00 6.0654319e+00 6.2927912e+00 5.9613309e+00 5.2711759e+00 5.6492506e+00 5.9523980e+00 5.7041601e+00 5.4082606e+00 5.4052107e+00 5.6158793e+00 5.9948259e+00 6.3006952e+00 6.5447593e+00 6.5941224e+00 6.6699504e+00 6.7813470e+00 6.7886212e+00 6.7861869e+00 6.7868836e+00 6.5600956e+00 6.3679654e+00 6.2224952e+00
7.1327083e+00 7.1196851e+00 7.2002009e+00 7.2377008e+00 7.2505092e+00 6.9631095e+00 1.3338063e+00 9.3276836e-04 9.6835592e-04 9.1076040e-04 9.9921001e-04 0.0000000e+00 0.0000000e+00 9.3681465e-04 9.9064909e-04 1.6354962e+00 2.6277352e+00 2.1761738e+00 1.8413779e+00 3.1507908e+00 4.4176113e+00 4.9038480e+00 5.2956603e+00 5.5780655e+00 5.5135469e+00 5.6134951e+00 5.5633886e+00 5.5951690e+00 5.9271364e+00 6.1525582e+00 5.6822522e+00 4.3848310e+00 5.0260486e+00 5.7916907e+00 5.9556086e+00 5.9149224e+00 5.8345665e+00 5.8372162e+00 6.0934773e+00 6.3676217e+00 6.5660365e+00 6.6958677e+00 6.8251452e+00 7.0042585e+00 7.0151238e+00 6.9773273e+00 6.9349904e+00 6.7814091e+00 6.6333970e+00 6.5748118e+00
