presentation/data/depth_0013.asc
ncols     164
nrows     146
xllcorner -1.242151388888889e+02
yllcorner  4.172986111111111e+01
cellsize  2.777777777820000e-04
nodata_value       -9999
[rows 110 to 131 of 146, columns 0 to 49 of 164]
1.8655424e+01 1.8708372e+01 1.8031768e+01 1.8299800e+01 1.8012422e+01 1.7891439e+01 1.7771875e+01 1.7261250e+01 1.6994677e+01 1.6660789e+01 1.6528982e+01 1.6595332e+01 1.6444228e+01 1.5356023e+01 1.6266262e+01 1.6430233e+01 1.5746754e+01 1.5060557e+01 1.5234350e+01 1.5204834e+01 1.5105852e+01 1.3806011e+01 1.3207351e+01 1.3586301e+01 1.3651709e+01 1.3390123e+01 1.3312074e+01 1.2691263e+01 1.2935083e+01 1.2495835e+01 1.1995465e+01 1.1375282e+01 1.1247917e+01 1.0862297e+01 1.0212515e+01 9.7973715e+00 9.5268590e+00 8.7058686e+00 8.3424800e+00 7.3690729e+00 3.6932810e+00 3.8439244e+00 8.0326736e+00 8.2911925e+00 8.3473655e+00 8.6733810e+00 8.9914030e+00 8.7289821e+00 8.5285743e+00 8.1030120e+00
1.8657516e+01 1.8604073e+01 1.8499076e+01 1.8487654e+01 1.8205995e+01 1.7507530e+01 1.7308455e+01 1.7479329e+01 1.7311336e+01 1.7048081e+01 1.6940599e+01 1.6866101e+01 1.6687957e+01 1.6099872e+01 1.7057188e+01 1.7148898e+01 1.6509638e+01 1.6558918e+01 1.6179390e+01 1.5920567e+01 1.5385891e+01 1.4072630e+01 1.4431694e+01 1.4762625e+01 1.4597324e+01 1.4171510e+01 1.3907244e+01 1.3539412e+01 1.3294851e+01 1.3295234e+01 1.3227790e+01 1.2129237e+01 1.1968572e+01 1.1457930e+01 1.1000103e+01 1.0364404e+01 9.9079136e+00 9.6926690e+00 8.9428270e+00 9.1255114e+00 8.9650078e+00 8.2380351e+00 8.4060553e+00 8.5252754e+00 8.7382444e+00 9.5772480e+00 9.9855484e+00 9.5412401e+00 9.2399416e+00 8.7346932e+00
1.8744774e+01 1.8641057e+01 1.8620147e+01 1.8429043e+01 1.8429499e+01 1.8230153e+01 1.8023424e+01 1.7809363e+01 1.7646597e+01 1.7433980e+01 1.7344175e+01 1.7283568e+01 1.7341933e+01 1.7386796e+01 1.7351321e+01 1.7359762e+01 1.7026461e+01 1.6843468e+01 1.6216114e+01 1.6086991e+01 1.5305597e+01 1.5911905e+01 1.6036144e+01 1.5874856e+01 1.5429290e+01 1.5091479e+01 1.4872081e+01 1.4335102e+01 1.3821313e+01 1.3510589e+01 1.3398370e+01 1.3382664e+01 1.2750658e+01 1.1584348e+01 1.1230423e+01 1.1061652e+01 1.0031185e+01 9.1697802e+00 8.6354061e+00 9.2105658e+00 9.0561396e+00 8.4360285e+00 8.3737862e+00 8.7660636e+00 9.4931749e+00 1.0560844e+01 1.0480930e+01 9.2138932e+00 8.3356326e+00 8.5079542e+00
1.8926915e+01 1.8819809e+01 1.8755972e+01 1.8731893e+01 1.8557492e+01 1.8368814e+01 1.8223894e+01 1.8084551e+01 1.7964377e+01 1.7879517e+01 1.7805240e+01 1.7779400e+01 1.7755407e+01 1.7701019e+01 1.7588392e+01 1.7566465e+01 1.7349230e+01 1.7034187e+01 1.6925569e+01 1.6940287e+01 1.7033421e+01 1.6928599e+01 1.6632017e+01 1.6327933e+01 1.6121671e+01 1.5826299e+01 1.4730466e+01 1.3283224e+01 1.4602880e+01 1.4059996e+01 1.3658796e+01 1.3505534e+01 1.2665011e+01 1.2612335e+01 1.2447583e+01 1.1436689e+01 1.0207110e+01 8.8379150e+00 7.8444178e+00 7.9121627e+00 8.2399777e+00 7.6253497e+00 7.4639893e+00 8.7878279e+00 1.0484964e+01 1.0982978e+01 1.1090601e+01 1.0914328e+01 1.0386591e+01 1.1154180e+01
1.9064462e+01 1.8979527e+01 1.8903861e+01 1.8834112e+01 1.8722253e+01 1.8592381e+01 1.8498130e+01 1.8432450e+01 1.8404481e+01 1.8345978e+01 1.8210802e+01 1.8145825e+01 1.6710802e+01 1.5318023e+01 1.8180825e+01 1.7726603e+01 1.7510419e+01 1.7446207e+01 1.7383595e+01 1.7349150e+01 1.7449862e+01 1.7331206e+01 1.7079539e+01 1.6815807e+01 1.6614802e+01 1.6390353e+01 1.5987462e+01 1.5626195e+01 1.5623156e+01 1.4194772e+01 1.4311676e+01 1.3069679e+01 1.3240502e+01 1.2740165e+01 1.2807863e+01 9.4522667e+00 9.7649663e+00 8.5867412e+00 4.9966654e+00 8.7204069e+00 8.8980228e+00 8.6176068e+00 7.6811744e+00 9.9883983e+00 1.1366820e+01 1.1650674e+01 1.0800455e+01 1.1777856e+01 1.1867187e+01 1.1902823e+01
1.9233086e+01 1.9153396e+01 1.9087332e+01 1.8992097e+01 1.8929082e+01 1.8850281e+01 1.8772542e+01 1.8700425e+01 1.8203235e+01 1.2836635e+01 1.8417550e+01 1.8476092e+01 1.8511550e+01 1.8327426e+01 1.8374113e+01 1.8141113e+01 1.7950362e+01 1.7861251e+01 1.7844442e+01 1.7927948e+01 1.8035640e+01 1.7968847e+01 1.7767417e+01 1.7221003e+01 1.7222704e+01 1.6655793e+01 1.6951540e+01 1.6958042e+01 1.6831124e+01 1.5654909e+01 1.5191465e+01 1.2931914e+01 1.3689889e+01 1.4604381e+01 1.3083609e+01 8.4234584e+00 7.7480572e+00 9.1981161e+00 1.0002498e+01 9.1035925e+00 9.4428849e+00 9.9164873e+00 1.0672685e+01 1.1626239e+01 1.1582945e+01 1.2432408e+01 1.1973191e+01 1.2336467e+01 1.2373525e+01 1.2595084e+01
1.9394057e+01 1.9341895e+01 1.9284260e+01 1.9198730e+01 1.9131683e+01 1.9075574e+01 1.9024324e+01 1.8945108e+01 1.8772155e+01 1.6430006e+01 1.8725314e+01 1.8834887e+01 1.8697240e+01 1.8579025e+01 1.8447626e+01 1.8338962e+01 1.8254349e+01 1.8183990e+01 1.8129872e+01 1.8329266e+01 1.7415607e+01 1.8187590e+01 1.7996998e+01 1.7779427e+01 1.7348269e+01 1.7382312e+01 1.6583240e+01 1.7384514e+01 1.7333626e+01 1.7188580e+01 1.6059386e+01 1.5936485e+01 1.5746379e+01 1.5288313e+01 1.4505173e+01 1.0559735e+01 1.0223179e+01 9.3846170e+00 9.6388945e+00 1.0274885e+01 1.0597178e+01 1.0807594e+01 1.1447169e+01 1.2184114e+01 1.2206308e+01 1.2748500e+01 1.2983262e+01 1.2763419e+01 1.3028819e+01 1.3271654e+01
1.9593861e+01 1.9519852e+01 1.9467038e+01 1.9380243e+01 1.9314029e+01 1.9258207e+01 1.9218850e+01 1.9195810e+01 1.9186741e+01 1.9190213e+01 1.9110592e+01 1.8963712e+01 1.8860671e+01 1.8751850e+01 1.8634968e+01 1.8537671e+01 1.8489272e+01 1.8289368e+01 1.8281871e+01 1.8505035e+01 1.8315296e+01 1.8745667e+01 1.8422571e+01 1.8503216e+01 1.7828276e+01 1.7636698e+01 1.5030251e+01 1.6798415e+01 1.7594374e+01 1.7198334e+01 1.6483860e+01 1.5339192e+01 1.6224977e+01 1.5242412e+01 1.4922747e+01 1.4410202e+01 1.4586378e+01 1.2767956e+01 1.1126285e+01 1.1526626e+01 1.1111050e+01 1.1243719e+01 1.2444835e+01 1.2612030e+01 1.2840467e+01 1.3616920e+01 1.3695915e+01 1.3630550e+01 1.3597124e+01 1.3705421e+01
1.9864721e+01 1.9790708e+01 1.9701306e+01 1.9612992e+01 1.9499762e+01 1.9457153e+01 1.9371447e+01 1.9374788e+01 1.9325625e+01 1.9271734e+01 1.9223489e+01 1.9124017e+01 1.9017958e+01 1.8935171e+01 1.8849769e+01 1.8751943e+01 1.8692214e+01 1.8631013e+01 1.8588975e+01 1.8566387e+01 1.8615138e+01 1.8606229e+01 1.8503622e+01 1.8416318e+01 1.8260132e+01 1.8302340e+01 1.7329137e+01 1.7738606e+01 1.8247639e+01 1.7827800e+01 1.7338189e+01 1.7009113e+01 1.6998423e+01 1.6079328e+01 1.4711329e+01 1.4671203e+01 1.4328184e+01 1.3639478e+01 1.3675914e+01 1.2994295e+01 1.2158406e+01 1.2687948e+01 1.3358958e+01 1.3516084e+01 1.3720340e+01 1.3831830e+01 1.3231185e+01 1.4136541e+01 1.4077342e+01 1.4223152e+01
2.0050196e+01 1.9971093e+01 1.9904551e+01 1.9843734e+01 1.9791890e+01 1.9688708e+01 1.9609508e+01 1.9554432e+01 1.9483020e+01 1.9421603e+01 1.9356915e+01 1.9279055e+01 1.9225137e+01 1.9130717e+01 1.9043981e+01 1.8955755e+01 1.8878430e+01 1.8816008e+01 1.8765759e+01 1.8709870e+01 1.8677271e+01 1.8720326e+01 1.8853349e+01 1.8373445e+01 1.8377716e+01 1.8482788e+01 1.8627660e+01 1.8762120e+01 1.8520330e+01 1.8178201e+01 1.7879817e+01 1.7355344e+01 1.7362232e+01 1.7398581e+01 1.5150208e+01 1.5503558e+01 1.5542555e+01 1.4513578e+01 1.4283806e+01 1.4089604e+01 1.3136469e+01 1.2614455e+01 1.4335218e+01 1.4076583e+01 1.4172278e+01 1.4892496e+01 1.5098404e+01 1.4562513e+01 1.4481315e+01 1.4485052e+01
2.0247327e+01 2.0193316e+01 2.0129039e+01 2.0058837e+01 1.9973191e+01 1.9870306e+01 1.9813979e+01 1.9784107e+01 1.9736875e+01 1.9696815e+01 1.9597485e+01 1.9442535e+01 1.9377505e+01 1.9337707e+01 1.9258185e+01 1.9187543e+01 1.9110470e+01 1.9025748e+01 1.8934951e+01 1.8820141e+01 1.8863536e+01 1.8845461e+01 1.8873286e+01 1.8920651e+01 1.8745990e+01 1.8223236e+01 1.6541279e+01 1.5662682e+01 1.8619483e+01 1.8143884e+01 1.8407629e+01 1.8300062e+01 1.8102631e+01 1.6454291e+01 1.7106550e+01 1.6151502e+01 1.4978253e+01 1.4562988e+01 1.2752389e+01 1.2347065e+01 1.3507745e+01 1.3558662e+01 1.5135630e+01 1.4168625e+01 1.3842361e+01 1.5172362e+01 1.5255200e+01 1.5080402e+01 1.4913728e+01 1.4847920e+01
2.0484391e+01 2.0400625e+01 2.0340040e+01 2.0270337e+01 2.0211167e+01 2.0146834e+01 2.0053094e+01 1.9979882e+01 1.9927900e+01 1.9932950e+01 1.9910252e+01 1.9722834e+01 1.9611783e+01 1.9527224e+01 1.9478650e+01 1.9418388e+01 1.9355090e+01 1.9269059e+01 1.9147425e+01 1.9034736e+01 1.9082046e+01 1.9049581e+01 1.9029985e+01 1.9026604e+01 1.8975083e+01 1.8959843e+01 1.9039778e+01 1.8204623e+01 1.8449872e+01 1.9101583e+01 1.8722912e+01 1.8633890e+01 1.8235026e+01 1.7564542e+01 1.7959396e+01 1.6215683e+01 1.4820523e+01 1.4877148e+01 1.4428031e+01 1.2911436e+01 1.0056536e+01 9.4495852e+00 1.4866905e+01 1.5798486e+01 1.4672025e+01 1.5845381e+01 1.5525088e+01 1.5371607e+01 1.5292480e+01 1.5235781e+01
2.0709591e+01 2.0644189e+01 2.0586971e+01 2.0513895e+01 2.0420600e+01 2.0334609e+01 2.0247212e+01 2.0190053e+01 2.0156048e+01 2.0084739e+01 2.0015475e+01 1.9929098e+01 1.9863064e+01 1.9772707e+01 1.9686088e+01 1.9615255e+01 1.9548391e+01 1.9483981e+01 1.9414482e+01 1.9330093e+01 1.9281052e+01 1.9240706e+01 1.9223759e+01 1.9183689e+01 1.9077098e+01 1.9311826e+01 1.9456290e+01 1.9102091e+01 1.9689558e+01 1.9224509e+01 1.8993153e+01 1.8947111e+01 1.8548952e+01 1.7482006e+01 1.7735238e+01 1.6337065e+01 1.5075271e+01 1.5432442e+01 1.3643348e+01 1.1761666e+01 1.0722969e+01 8.7140963e+00 1.4917559e+01 1.7080744e+01 1.5856040e+01 1.6161577e+01 1.5881925e+01 1.5740786e+01 1.5693789e+01 1.5688831e+01
2.0893071e+01 2.0846684e+01 2.0796029e+01 2.0755542e+01 2.0679918e+01 2.0577140e+01 2.0488692e+01 2.0397684e+01 2.0343478e+01 2.0275556e+01 2.0231698e+01 2.0147577e+01 2.0072297e+01 1.9997987e+01 1.9929633e+01 1.9865648e+01 1.9808633e+01 1.9724236e+01 1.9653786e+01 1.9580940e+01 1.9510714e+01 1.9464460e+01 1.9437091e+01 1.9432396e+01 1.9469762e+01 1.9484751e+01 1.9274982e+01 1.8988533e+01 1.9430283e+01 1.9478357e+01 1.9168078e+01 1.9109312e+01 1.8827114e+01 1.9122182e+01 1.8509182e+01 1.7933427e+01 1.6769536e+01 1.4622842e+01 1.3326250e+01 1.0630074e+01 8.8168633e+00 1.1567149e+01 1.6817919e+01 1.7128832e+01 1.6633781e+01 1.6358552e+01 1.6216307e+01 1.6113079e+01 1.6053386e+01 1.6042439e+01
2.1153434e+01 2.1072663e+01 2.1014171e+01 2.0942610e+01 2.0887673e+01 2.0803138e+01 2.0734846e+01 2.0658526e+01 2.0582059e+01 2.0508588e+01 2.0455152e+01 2.0385077e+01 2.0302346e+01 2.0236582e+01 2.0153502e+01 2.0107955e+01 2.0046710e+01 1.9980772e+01 1.9912354e+01 1.9796241e+01 1.9718444e+01 1.9701742e+01 1.9680832e+01 1.9647973e+01 1.9638119e+01 1.9666006e+01 1.9794167e+01 1.9870162e+01 1.9951443e+01 1.9783304e+01 1.9443088e+01 1.9315664e+01 1.9136316e+01 1.9440007e+01 1.9457354e+01 1.8428601e+01 1.7287037e+01 1.6830934e+01 1.6006449e+01 1.3036315e+01 1.4022577e+01 1.5126338e+01 1.7609945e+01 1.7206939e+01 1.6894072e+01 1.6702580e+01 1.6606703e+01 1.6480219e+01 1.6390741e+01 1.6299104e+01
2.1429101e+01 2.1311926e+01 2.1262950e+01 2.1172532e+01 2.1106698e+01 2.1022073e+01 2.0940524e+01 2.0872613e+01 2.0800116e+01 2.0732890e+01 2.0688258e+01 2.0642179e+01 2.0566999e+01 2.0480798e+01 2.0381403e+01 2.0323819e+01 2.0262768e+01 2.0207837e+01 2.0113706e+01 2.0021461e+01 1.9973107e+01 1.9944429e+01 1.9915556e+01 1.9860420e+01 1.9831412e+01 1.9844418e+01 1.9884687e+01 1.9932658e+01 1.9997079e+01 1.9992046e+01 1.9218666e+01 1.9594813e+01 1.9586040e+01 1.9570794e+01 1.9513611e+01 1.9063235e+01 1.8164279e+01 1.7190410e+01 1.7786795e+01 1.8307288e+01 1.6921521e+01 1.7711536e+01 1.7837601e+01 1.7533252e+01 1.7280669e+01 1.7083340e+01 1.6941862e+01 1.6813357e+01 1.6716775e+01 1.6609620e+01
2.1682000e+01 2.1549409e+01 2.1493347e+01 2.1410776e+01 2.1369305e+01 2.1317100e+01 2.1197134e+01 2.1104224e+01 2.1007080e+01 2.0936840e+01 2.0886386e+01 2.0850952e+01 2.0810004e+01 2.0728635e+01 2.0635773e+01 2.0554009e+01 2.0480824e+01 2.0389946e+01 2.0312165e+01 2.0272446e+01 2.0226567e+01 2.0170224e+01 2.0118228e+01 2.0081535e+01 2.0043045e+01 2.0015214e+01 1.9992182e+01 1.9984971e+01 2.0004440e+01 1.9985649e+01 1.9888737e+01 1.9797378e+01 1.9725255e+01 1.9686776e+01 1.9647792e+01 1.9547560e+01 1.9706756e+01 1.9471671e+01 1.9366586e+01 1.8996534e+01 1.8889058e+01 1.8574667e+01 1.8225054e+01 1.7924246e+01 1.7689540e+01 1.7497039e+01 1.7325432e+01 1.7181654e+01 1.7073209e+01 1.6967918e+01
2.1924707e+01 2.1816241e+01 2.1691845e+01 2.1662137e+01 2.1583893e+01 2.1573342e+01 2.1503399e+01 2.1349597e+01 2.1259278e+01 2.1152236e+01 2.1093324e+01 2.1025441e+01 2.0995902e+01 2.0940926e+01 2.0875603e+01 2.0790688e+01 2.0716951e+01 2.0633384e+01 2.0577592e+01 2.0505306e+01 2.0445924e+01 2.0389576e+01 2.0323054e+01 2.0280112e+01 2.0236010e+01 2.0199105e+01 2.0147349e+01 2.0125504e+01 2.0091525e+01 2.0044557e+01 1.9966287e+01 1.9917853e+01 1.9888515e+01 1.9863191e+01 1.9823706e+01 1.9799696e+01 1.9821719e+01 1.9696133e+01 1.9569033e+01 1.9363998e+01 1.9093413e+01 1.8762758e+01 1.8522566e+01 1.8304805e+01 1.8094678e+01 1.7894433e+01 1.7705038e+01 1.7550501e+01 1.7419969e+01 1.7319273e+01
2.2139050e+01 2.2073656e+01 2.1929407e+01 2.1871131e+01 2.1812214e+01 2.1760998e+01 2.1759575e+01 2.1625732e+01 2.1487031e+01 2.1396926e+01 2.1307518e+01 2.1255341e+01 2.1199932e+01 2.1129210e+01 2.1065093e+01 2.1003925e+01 2.0918411e+01 2.0870447e+01 2.0819675e+01 2.0760188e+01 2.0685916e+01 2.0614500e+01 2.0536405e+01 2.0465368e+01 2.0414690e+01 2.0368931e+01 2.0329575e+01 2.0285964e+01 2.0228252e+01 2.0167193e+01 2.0097734e+01 2.0039054e+01 2.0010863e+01 2.0031660e+01 1.9918315e+01 1.9934221e+01 1.9810382e+01 1.9757851e+01 1.9582460e+01 1.9373504e+01 1.9378894e+01 1.9017067e+01 1.8767689e+01 1.8576792e+01 1.8396430e+01 1.8228698e+01 1.8063159e+01 1.7890017e+01 1.7762576e+01 1.7651853e+01
2.2331726e+01 2.2312243e+01 2.2187566e+01 2.2081262e+01 2.2060946e+01 2.1973482e+01 2.1952055e+01 2.1899574e+01 2.1752671e+01 2.1657127e+01 2.1598536e+01 2.1508794e+01 2.1410190e+01 2.1359922e+01 2.1282764e+01 2.1175337e+01 2.1118950e+01 2.1058747e+01 2.1002881e+01 2.0949256e+01 2.0897976e+01 2.0831650e+01 2.0768871e+01 2.0690574e+01 2.0617282e+01 2.0556458e+01 2.0510040e+01 2.0453757e+01 2.0389500e+01 2.0328091e+01 2.0274166e+01 2.0201919e+01 2.0154193e+01 2.0169843e+01 2.0188531e+01 1.9557182e+01 2.0038767e+01 1.9872767e+01 1.9688987e+01 1.9593473e+01 1.9465330e+01 1.9243269e+01 1.9009829e+01 1.8831421e+01 1.8650663e+01 1.8483037e+01 1.8322921e+01 1.8193502e+01 1.8087713e+01 1.8007574e+01
2.2531921e+01 2.2525934e+01 2.2471303e+01 2.2326313e+01 2.2254496e+01 2.2209929e+01 2.2145268e+01 2.2144170e+01 2.2041914e+01 2.1906868e+01 2.1848840e+01 2.1767974e+01 2.1684968e+01 2.1552027e+01 2.1453741e+01 2.1386202e+01 2.1305996e+01 2.1256677e+01 2.1179622e+01 2.1118292e+01 2.1070497e+01 2.1006451e+01 2.0961742e+01 2.0916427e+01 2.0840095e+01 2.0771534e+01 2.0707816e+01 2.0640335e+01 2.0571449e+01 2.0486409e+01 2.0434134e+01 2.0371037e+01 2.0323112e+01 2.0293136e+01 2.0311642e+01 2.0390870e+01 2.0395229e+01 2.0126403e+01 1.9899898e+01 1.9755684e+01 1.9652647e+01 1.9415914e+01 1.9225290e+01 1.9075650e+01 1.8916226e+01 1.8742699e+01 1.8575146e+01 1.8437761e+01 1.8315282e+01 1.8090467e+01
2.2750448e+01 2.2731166e+01 2.2708794e+01 2.2610514e+01 2.2480589e+01 2.2452165e+01 2.2359833e+01 2.2354653e+01 2.2317750e+01 2.2165216e+01 2.2078946e+01 2.1993140e+01 2.1957362e+01 2.1810976e+01 2.1686167e+01 2.1608629e+01 2.1530906e+01 2.1457289e+01 2.1378421e+01 2.1286352e+01 2.1255932e+01 2.1181980e+01 2.1125695e+01 2.1069887e+01 2.1024150e+01 2.0964875e+01 2.0917669e+01 2.0852689e+01 2.0781056e+01 2.0694522e+01 2.0611911e+01 2.0555586e+01 2.0498050e+01 2.0469736e+01 2.0460211e+01 2.0425472e+01 2.0495012e+01 2.0320946e+01 2.0200746e+01 1.9795873e+01 1.9839368e+01 1.9624200e+01 1.9451137e+01 1.9284728e+01 1.9124140e+01 1.8964983e+01 1.8794997e+01 1.8665637e+01 1.8526838e+01 1.8372111e+01
