presentation/data/depth_0045.asc
ncols     164
nrows     146
xllcorner -1.242151388888889e+02
yllcorner  4.172986111111111e+01
cellsize  2.777777777820000e-04
nodata_value       -9999
[rows 110 to 131 of 146, columns 100 to 149 of 164]
1.0088915e+01 1.0076791e+01 1.0095219e+01 1.0076803e+01 9.9900455e+00 9.9993447e+00 7.0924247e+00 4.3506836e+00 3.2523324e+00 3.0655160e+00 8.3005206e-01 2.7558453e-01 2.1675009e+00 4.9813705e+00 6.1646121e+00 6.7559414e+00 7.0282823e+00 6.8171115e+00 6.9358243e+00 8.4513958e+00 9.3320239e+00 9.5558954e+00 9.7322483e+00 9.6561029e+00 9.1609131e+00 9.2998588e+00 9.2909107e+00 9.4239591e+00 9.4763035e+00 9.6927089e+00 9.5471698e+00 8.9384689e+00 9.2258829e+00 9.7927080e+00 1.0298821e+01 1.0454981e+01 1.0450037e+01 1.0177501e+01 1.0120494e+01 1.0212704e+01 1.0345575e+01 1.0380490e+01 1.0428791e+01 1.0596232e+01 1.0656894e+01 1.0704311e+01 1.0729545e+01 1.0596307e+01 1.0486687e+01 1.0305807e+01
1.0226224e+01 1.0281919e+01 1.0266358e+01 1.0235769e+01 1.0158186e+01 1.0238181e+01 1.0242681e+01 8.3920598e+00 6.8815535e+00 6.7814828e+00 5.1114474e+00 5.6593472e+00 6.3057521e+00 6.7936186e+00 6.8092334e+00 6.9018136e+00 7.3913448e+00 7.4505588e+00 7.3573904e+00 8.5536297e+00 9.3411559e+00 9.5077814e+00 9.7157772e+00 9.7410261e+00 9.2093954e+00 9.0150040e+00 8.9375482e+00 9.3786223e+00 9.5746008e+00 9.8321487e+00 9.9118806e+00 9.7583195e+00 9.7366827e+00 9.9552811e+00 1.0603732e+01 1.0878801e+01 1.0769169e+01 1.0539057e+01 1.0324495e+01 1.0352918e+01 1.0527764e+01 1.0558358e+01 1.0480549e+01 1.0538994e+01 1.0615517e+01 1.0687543e+01 1.0828785e+01 1.0759198e+01 1.0579130e+01 1.0457301e+01
1.0370034e+01 1.0460863e+01 1.0514042e+01 1.0491125e+01 1.0486362e+01 1.0425942e+01 1.0588505e+01 1.1002983e+01 1.0729563e+01 9.6983400e+00 8.7534284e+00 8.7589809e+00 9.0574747e+00 8.6841544e+00 7.6452904e+00 7.3741638e+00 7.9108807e+00 8.0948710e+00 8.3331010e+00 9.1461083e+00 9.5200002e+00 9.3525072e+00 9.4669190e+00 9.5311353e+00 9.3480816e+00 9.3232520e+00 8.8464868e+00 9.4831307e+00 9.8391739e+00 1.0177167e+01 1.0520799e+01 1.0669311e+01 1.0349719e+01 1.0055610e+01 1.0548480e+01 1.0979560e+01 1.0984692e+01 1.0753049e+01 1.0464592e+01 1.0412010e+01 1.0640697e+01 1.0596627e+01 1.0541644e+01 1.0521015e+01 1.0547154e+01 1.0587722e+01 1.0733114e+01 1.0770350e+01 1.0684286e+01 1.0641519e+01
1.0574539e+01 1.0663007e+01 1.0723618e+01 1.0755375e+01 1.0773976e+01 1.0757898e+01 1.0736584e+01 1.0792297e+01 1.0657117e+01 1.0201220e+01 1.0625999e+01 1.0506710e+01 1.0324789e+01 9.8000120e+00 8.8877802e+00 8.6638952e+00 8.8808339e+00 9.2027367e+00 9.6463678e+00 1.0077326e+01 1.0034752e+01 9.6903636e+00 9.5019554e+00 9.5708950e+00 9.7024429e+00 1.0082738e+01 9.6954520e+00 9.9788557e+00 1.0225298e+01 1.0507031e+01 1.0926967e+01 1.1446821e+01 1.0889755e+01 1.0554517e+01 1.0882691e+01 1.1245356e+01 1.1304025e+01 1.1019958e+01 1.0727606e+01 1.0617906e+01 1.0675022e+01 1.0619413e+01 1.0564240e+01 1.0526291e+01 1.0561305e+01 1.0637703e+01 1.0761602e+01 1.0809898e+01 1.0781352e+01 1.0767014e+01
1.0791429e+01 1.0897824e+01 1.0957682e+01 1.1033123e+01 1.1083526e+01 1.1079952e+01 1.1066549e+01 1.1046033e+01 1.0995345e+01 1.0994042e+01 1.1520449e+01 1.1237048e+01 1.1221525e+01 1.1053753e+01 1.0604092e+01 1.0313585e+01 1.0379529e+01 1.0432612e+01 1.0757602e+01 1.0951570e+01 1.0821839e+01 1.0290393e+01 9.8483915e+00 9.9178981e+00 1.0237013e+01 1.0489266e+01 1.0468291e+01 1.0589116e+01 1.0733097e+01 1.0756584e+01 1.0765733e+01 1.1144342e+01 1.1007101e+01 1.0961948e+01 1.1271965e+01 1.1682857e+01 1.1882427e+01 1.1411563e+01 1.0913421e+01 1.0814414e+01 1.0766153e+01 1.0655574e+01 1.0644863e+01 1.0603110e+01 1.0639575e+01 1.0755582e+01 1.0853362e+01 1.0920050e+01 1.0870806e+01 1.0785808e+01
1.1055118e+01 1.1147952e+01 1.1210794e+01 1.1268740e+01 1.1332943e+01 1.1344343e+01 1.1368342e+01 1.1340115e+01 1.1300005e+01 1.1347010e+01 1.1369616e+01 1.1665971e+01 1.2337161e+01 1.2271258e+01 1.2043810e+01 1.1844191e+01 1.1503733e+01 1.1477220e+01 1.1881063e+01 1.1992244e+01 1.1750209e+01 1.1132862e+01 1.0636153e+01 1.0573870e+01 1.0815995e+01 1.1025610e+01 1.1088296e+01 1.1219456e+01 1.1296581e+01 1.1092536e+01 1.0932710e+01 1.1045042e+01 1.1078434e+01 1.1197857e+01 1.1509039e+01 1.2011400e+01 1.2334890e+01 1.1796264e+01 1.1204680e+01 1.1113229e+01 1.1026440e+01 1.0861704e+01 1.0812578e+01 1.0747365e+01 1.0792636e+01 1.0928764e+01 1.0995861e+01 1.1059936e+01 1.0973949e+01 1.0835880e+01
1.1305293e+01 1.1311205e+01 1.1411811e+01 1.1566119e+01 1.1634533e+01 1.1726005e+01 1.1644616e+01 1.1642736e+01 1.1569525e+01 1.1716915e+01 1.1853390e+01 1.2483470e+01 1.3282006e+01 1.3049588e+01 1.2800135e+01 1.2327467e+01 1.1628814e+01 1.1748123e+01 1.2666455e+01 1.2659068e+01 1.2186542e+01 1.1657267e+01 1.1257894e+01 1.1187369e+01 1.1345652e+01 1.1471265e+01 1.1775452e+01 1.1499055e+01 1.1456614e+01 1.1226553e+01 1.1049681e+01 1.1009176e+01 1.1054563e+01 1.1239828e+01 1.1470054e+01 1.1913288e+01 1.2145468e+01 1.1820985e+01 1.1372799e+01 1.1316347e+01 1.1344145e+01 1.1208900e+01 1.0965966e+01 1.0842127e+01 1.0978255e+01 1.1201746e+01 1.1093381e+01 1.1073356e+01 1.0989891e+01 1.0887485e+01
1.1353644e+01 1.1538884e+01 1.1621824e+01 1.1746714e+01 1.1882250e+01 1.1912742e+01 1.1908882e+01 1.1805753e+01 1.1705550e+01 1.1994041e+01 1.2412351e+01 1.2647435e+01 1.2455200e+01 1.2451061e+01 1.2391381e+01 1.2122335e+01 1.1310050e+01 1.0550620e+01 1.2298048e+01 1.2595054e+01 1.2348853e+01 1.2088420e+01 1.1967246e+01 1.1993046e+01 1.2139452e+01 1.2260678e+01 1.2295164e+01 1.1891554e+01 1.1747195e+01 1.1476336e+01 1.1176161e+01 1.0984429e+01 1.0942120e+01 1.1144417e+01 1.1415015e+01 1.1634128e+01 1.1742654e+01 1.1585492e+01 1.1346079e+01 1.1172560e+01 1.1334788e+01 1.1355929e+01 1.1311890e+01 1.1112646e+01 1.1176005e+01 1.1322382e+01 1.1182208e+01 1.1075452e+01 1.1003438e+01 1.0945830e+01
1.1660543e+01 1.1840240e+01 1.1959334e+01 1.1963838e+01 1.2010863e+01 1.2170880e+01 1.2148918e+01 1.1927649e+01 1.2221923e+01 1.2861239e+01 1.3117844e+01 1.3235605e+01 1.2708133e+01 1.2523707e+01 1.1862120e+01 1.2512238e+01 1.2599995e+01 1.1649567e+01 1.1873818e+01 1.2006897e+01 1.2088999e+01 1.2201389e+01 1.2364984e+01 1.2599343e+01 1.2626570e+01 1.2652829e+01 1.2548442e+01 1.2329991e+01 1.2080734e+01 1.1686651e+01 1.1303105e+01 1.1029478e+01 1.0904981e+01 1.1128554e+01 1.1345925e+01 1.1440705e+01 1.1491940e+01 1.1435637e+01 1.1357189e+01 1.1247951e+01 1.1346817e+01 1.1460493e+01 1.1588432e+01 1.1413854e+01 1.1341533e+01 1.1327590e+01 1.1190847e+01 1.1048835e+01 1.1003325e+01 1.0997820e+01
1.1984948e+01 1.1688344e+01 1.2110348e+01 1.2634894e+01 1.2872545e+01 1.2536879e+01 1.2389345e+01 1.1891688e+01 1.1939095e+01 1.3288739e+01 1.3201637e+01 1.3180320e+01 1.3468257e+01 1.3793857e+01 1.3257656e+01 1.3455989e+01 1.3206955e+01 1.2338364e+01 1.1117547e+01 1.1143023e+01 1.1713677e+01 1.2133235e+01 1.2515772e+01 1.2887613e+01 1.2848267e+01 1.2802498e+01 1.2741356e+01 1.2614979e+01 1.2426452e+01 1.1962700e+01 1.1487115e+01 1.1271695e+01 1.1214264e+01 1.1380467e+01 1.1537711e+01 1.1472873e+01 1.1425681e+01 1.1392328e+01 1.1347517e+01 1.1274450e+01 1.1316367e+01 1.1364552e+01 1.1505513e+01 1.1489730e+01 1.1411278e+01 1.1320844e+01 1.1180771e+01 1.1031022e+01 1.1007909e+01 1.1054790e+01
1.2124691e+01 1.2225298e+01 1.2424772e+01 1.3327675e+01 1.4356234e+01 1.4065952e+01 1.4094225e+01 1.2749090e+01 1.1733375e+01 1.2833273e+01 1.2619764e+01 1.2923041e+01 1.3553093e+01 1.3833125e+01 1.3888297e+01 1.3721194e+01 1.3193850e+01 1.1971589e+01 1.0262605e+01 1.0864424e+01 1.1826246e+01 1.2232024e+01 1.2639919e+01 1.2972707e+01 1.2965623e+01 1.2884185e+01 1.2834067e+01 1.2811471e+01 1.2792737e+01 1.2324133e+01 1.1833186e+01 1.1644717e+01 1.1611496e+01 1.1738151e+01 1.1908017e+01 1.1764381e+01 1.1591707e+01 1.1500637e+01 1.1439382e+01 1.1384273e+01 1.1350923e+01 1.1452038e+01 1.1528939e+01 1.1533347e+01 1.1470776e+01 1.1383377e+01 1.1289359e+01 1.1175706e+01 1.1154837e+01 1.1169765e+01
1.2888754e+01 1.2694236e+01 1.2917764e+01 1.3549695e+01 1.3959634e+01 1.4780160e+01 1.5754666e+01 1.5179894e+01 1.4424763e+01 1.3976866e+01 1.3373539e+01 1.3484316e+01 1.3645157e+01 1.3623896e+01 1.3770450e+01 1.3767230e+01 1.3566361e+01 1.3133991e+01 1.2782844e+01 1.2350922e+01 1.2243833e+01 1.2539566e+01 1.2874630e+01 1.3088997e+01 1.3070673e+01 1.2920882e+01 1.2821781e+01 1.2810518e+01 1.2751961e+01 1.2433243e+01 1.2131913e+01 1.1968217e+01 1.1966111e+01 1.1981324e+01 1.1998978e+01 1.1912055e+01 1.1804876e+01 1.1722912e+01 1.1606081e+01 1.1548579e+01 1.1497994e+01 1.1578454e+01 1.1635393e+01 1.1646169e+01 1.1571876e+01 1.1498336e+01 1.1421624e+01 1.1353043e+01 1.1337128e+01 1.1319387e+01
1.3566854e+01 1.3538953e+01 1.3602732e+01 1.3789642e+01 1.3732086e+01 1.3984023e+01 1.4226692e+01 1.4648858e+01 1.4364956e+01 1.3967670e+01 1.3691070e+01 1.3745602e+01 1.3622817e+01 1.3547808e+01 1.3583914e+01 1.3693737e+01 1.3812891e+01 1.3768252e+01 1.3615277e+01 1.3135092e+01 1.2831461e+01 1.2965316e+01 1.3182777e+01 1.3305209e+01 1.3237527e+01 1.3166938e+01 1.2923968e+01 1.2764257e+01 1.2657565e+01 1.2460665e+01 1.2294613e+01 1.2194802e+01 1.2207180e+01 1.2135588e+01 1.2082968e+01 1.2055974e+01 1.2019531e+01 1.1888978e+01 1.1754381e+01 1.1671712e+01 1.1663994e+01 1.1706537e+01 1.1769137e+01 1.1816033e+01 1.1727228e+01 1.1659691e+01 1.1584728e+01 1.1533221e+01 1.1508050e+01 1.1493841e+01
1.4003025e+01 1.4185961e+01 1.4014199e+01 1.3922644e+01 1.3128284e+01 1.2903322e+01 1.3956179e+01 1.3872872e+01 1.3782647e+01 1.3584508e+01 1.3477547e+01 1.3853524e+01 1.3568731e+01 1.3412647e+01 1.3333507e+01 1.3274467e+01 1.3801078e+01 1.3837134e+01 1.3634554e+01 1.3352969e+01 1.3201578e+01 1.3288893e+01 1.3496867e+01 1.3598174e+01 1.3392349e+01 1.3298439e+01 1.3029744e+01 1.2764039e+01 1.2626186e+01 1.2491399e+01 1.2397028e+01 1.2336652e+01 1.2292724e+01 1.2186280e+01 1.2128186e+01 1.2142754e+01 1.2155253e+01 1.1976863e+01 1.1848518e+01 1.1789433e+01 1.1791157e+01 1.1814842e+01 1.1866409e+01 1.1895337e+01 1.1817978e+01 1.1754567e+01 1.1700953e+01 1.1674436e+01 1.1638252e+01 1.1612857e+01
1.3947647e+01 1.4192800e+01 1.4086124e+01 1.3891261e+01 1.3407463e+01 1.3119822e+01 1.3524102e+01 1.3619200e+01 1.3403840e+01 1.3336096e+01 1.3461904e+01 1.3666907e+01 1.3301420e+01 1.3062100e+01 1.2962468e+01 1.2991300e+01 1.3520598e+01 1.3663133e+01 1.3576914e+01 1.3399540e+01 1.3329513e+01 1.3506015e+01 1.3765377e+01 1.3719427e+01 1.3439967e+01 1.3232858e+01 1.3018749e+01 1.2908421e+01 1.2742661e+01 1.2577544e+01 1.2514115e+01 1.2488525e+01 1.2501851e+01 1.2333456e+01 1.2133229e+01 1.2124106e+01 1.2120387e+01 1.2038697e+01 1.1957607e+01 1.1973430e+01 1.1971767e+01 1.1905461e+01 1.1925735e+01 1.1936038e+01 1.1905593e+01 1.1871931e+01 1.1833006e+01 1.1813289e+01 1.1799583e+01 1.1755965e+01
1.3719747e+01 1.3893444e+01 1.3933250e+01 1.4038136e+01 1.4157050e+01 1.4425298e+01 1.3997644e+01 1.3603604e+01 1.3524739e+01 1.3508293e+01 1.3516207e+01 1.3278516e+01 1.2885211e+01 1.2606751e+01 1.2714661e+01 1.2927779e+01 1.3259404e+01 1.3449673e+01 1.3459598e+01 1.3365631e+01 1.3310190e+01 1.3561217e+01 1.3767392e+01 1.3652290e+01 1.3448230e+01 1.3284594e+01 1.3137496e+01 1.3001502e+01 1.2881424e+01 1.2819903e+01 1.2766262e+01 1.2671694e+01 1.2657411e+01 1.2459845e+01 1.2245817e+01 1.2181941e+01 1.2127617e+01 1.2069136e+01 1.2072141e+01 1.2103825e+01 1.2090676e+01 1.2063713e+01 1.2071470e+01 1.2072602e+01 1.2058692e+01 1.2035426e+01 1.1997470e+01 1.1982049e+01 1.2040774e+01 1.2016429e+01
1.3737216e+01 1.3633528e+01 1.3667858e+01 1.4021336e+01 1.4442787e+01 1.4740086e+01 1.4484945e+01 1.4076289e+01 1.4012239e+01 1.4129770e+01 1.3644116e+01 1.3250713e+01 1.2959207e+01 1.2826532e+01 1.2886760e+01 1.3042475e+01 1.3299796e+01 1.3458780e+01 1.3492613e+01 1.3464293e+01 1.3472677e+01 1.3627471e+01 1.3745252e+01 1.3654709e+01 1.3515198e+01 1.3262094e+01 1.3218263e+01 1.3142389e+01 1.3058995e+01 1.3020700e+01 1.2937820e+01 1.2709449e+01 1.2635024e+01 1.2509451e+01 1.2367594e+01 1.2276430e+01 1.2190305e+01 1.2108109e+01 1.2146851e+01 1.2185347e+01 1.2189420e+01 1.2166744e+01 1.2171704e+01 1.2168137e+01 1.2177520e+01 1.2179708e+01 1.2108237e+01 1.2056387e+01 1.2116082e+01 1.2135540e+01
1.3683372e+01 1.3631482e+01 1.3567380e+01 1.4012327e+01 1.4352620e+01 1.4702177e+01 1.4804098e+01 1.4453285e+01 1.4177570e+01 1.3903836e+01 1.3304452e+01 1.3305104e+01 1.3270796e+01 1.3224495e+01 1.3249070e+01 1.3361320e+01 1.3477269e+01 1.3579678e+01 1.3628533e+01 1.3629757e+01 1.3680334e+01 1.3810465e+01 1.3857938e+01 1.3769892e+01 1.3596171e+01 1.3464827e+01 1.3447930e+01 1.3396234e+01 1.3250065e+01 1.3160602e+01 1.3017989e+01 1.2803585e+01 1.2672879e+01 1.2566290e+01 1.2475907e+01 1.2403085e+01 1.2355611e+01 1.2282530e+01 1.2292003e+01 1.2322578e+01 1.2312311e+01 1.2289027e+01 1.2259010e+01 1.2237308e+01 1.2269328e+01 1.2302614e+01 1.2211718e+01 1.2148894e+01 1.2173825e+01 1.2217439e+01
1.3738521e+01 1.3640870e+01 1.3619176e+01 1.3956274e+01 1.4133624e+01 1.4522309e+01 1.4704426e+01 1.4534679e+01 1.4181743e+01 1.3807068e+01 1.3517723e+01 1.3603906e+01 1.3717457e+01 1.3686352e+01 1.3656324e+01 1.3700121e+01 1.3737934e+01 1.3771326e+01 1.3786944e+01 1.3793670e+01 1.3879813e+01 1.4034264e+01 1.4043987e+01 1.3939715e+01 1.3791166e+01 1.3681034e+01 1.3701580e+01 1.3701317e+01 1.3483171e+01 1.3296923e+01 1.3116556e+01 1.2915993e+01 1.2756809e+01 1.2665462e+01 1.2624451e+01 1.2585630e+01 1.2526019e+01 1.2496860e+01 1.2487649e+01 1.2471029e+01 1.2448200e+01 1.2436725e+01 1.2366548e+01 1.2306123e+01 1.2312053e+01 1.2323406e+01 1.2277900e+01 1.2236781e+01 1.2236120e+01 1.2318735e+01
1.3903278e+01 1.3990386e+01 1.4275813e+01 1.4519650e+01 1.4255299e+01 1.4465861e+01 1.4831467e+01 1.4563569e+01 1.4291838e+01 1.4053196e+01 1.3917163e+01 1.3972533e+01 1.4173861e+01 1.4172611e+01 1.4162724e+01 1.4144929e+01 1.4067795e+01 1.4004015e+01 1.3994205e+01 1.4024586e+01 1.4043644e+01 1.4200999e+01 1.4230451e+01 1.4164144e+01 1.3957687e+01 1.3736230e+01 1.3732146e+01 1.3727790e+01 1.3580647e+01 1.3399721e+01 1.3239669e+01 1.3060873e+01 1.2894412e+01 1.2858268e+01 1.2841096e+01 1.2814805e+01 1.2772806e+01 1.2719556e+01 1.2687938e+01 1.2675071e+01 1.2612062e+01 1.2577216e+01 1.2520809e+01 1.2431485e+01 1.2391961e+01 1.2389902e+01 1.2405875e+01 1.2354476e+01 1.2298480e+01 1.2424137e+01
1.4165359e+01 1.4160283e+01 1.3847934e+01 1.4780657e+01 1.4668040e+01 1.4334136e+01 1.4740096e+01 1.4721949e+01 1.4501615e+01 1.4445935e+01 1.4476624e+01 1.4294196e+01 1.4348014e+01 1.4458839e+01 1.4624834e+01 1.4718063e+01 1.4470221e+01 1.4214324e+01 1.4157601e+01 1.4238566e+01 1.4343001e+01 1.4479314e+01 1.4411545e+01 1.4306347e+01 1.4118594e+01 1.3686583e+01 1.3679468e+01 1.3705884e+01 1.3615118e+01 1.3510436e+01 1.3414941e+01 1.3345764e+01 1.3170453e+01 1.3117803e+01 1.3111164e+01 1.3091206e+01 1.3026001e+01 1.2958746e+01 1.2884900e+01 1.2854631e+01 1.2750050e+01 1.2671997e+01 1.2652127e+01 1.2595375e+01 1.2482023e+01 1.2492410e+01 1.2551973e+01 1.2568336e+01 1.2527840e+01 1.2531551e+01
1.4373779e+01 1.4578540e+01 1.4470023e+01 1.4175983e+01 1.4606871e+01 1.4762071e+01 1.5038124e+01 1.4726481e+01 1.4507093e+01 1.4367011e+01 1.4278136e+01 1.4226651e+01 1.4364070e+01 1.4538636e+01 1.4843589e+01 1.5106411e+01 1.4729614e+01 1.4268852e+01 1.4171192e+01 1.4278337e+01 1.4563104e+01 1.4769751e+01 1.4491677e+01 1.4246695e+01 1.4042344e+01 1.3736987e+01 1.3699940e+01 1.3760439e+01 1.3682719e+01 1.3619367e+01 1.3545548e+01 1.3480618e+01 1.3402401e+01 1.3360275e+01 1.3339762e+01 1.3419890e+01 1.3237437e+01 1.3106502e+01 1.3027329e+01 1.2935371e+01 1.2823243e+01 1.2741774e+01 1.2783538e+01 1.2805655e+01 1.2571631e+01 1.2605586e+01 1.2719653e+01 1.2774809e+01 1.2720274e+01 1.2555854e+01
