presentation/data/depth_0007.asc
ncols     164
nrows     146
xllcorner -1.242151388888889e+02
yllcorner  4.172986111111111e+01
cellsize  2.777777777820000e-04
nodata_value       -9999
[rows 88 to 109 of 146, columns 100 to 149 of 164]
4.8547235e+00 3.8653327e+00 2.8671951e+00 3.2975138e+00 3.0200394e+00 2.3057994e+00 2.0732234e+00 1.9816134e+00 2.2494858e+00 3.7045109e+00 4.0979637e+00 3.1410041e+00 1.6394138e+00 1.1614049e+00 0.0000000e+00 0.0000000e+00 1.5447872e+00 2.6555404e+00 3.7680865e-01 0.0000000e+00 0.0000000e+00 0.0000000e+00 0.0000000e+00 0.0000000e+00 0.0000000e+00 0.0000000e+00 0.0000000e+00 0.0000000e+00 0.0000000e+00 0.0000000e+00 0.0000000e+00 0.0000000e+00 0.0000000e+00 0.0000000e+00 0.0000000e+00 0.0000000e+00 0.0000000e+00 0.0000000e+00 0.0000000e+00 0.0000000e+00 0.0000000e+00 0.0000000e+00 0.0000000e+00 0.0000000e+00 0.0000000e+00 0.0000000e+00 0.0000000e+00 0.0000000e+00 0.0000000e+00 0.0000000e+00
4.9170081e+00 4.6217357e+00 3.5414789e+00 3.2461576e+00 3.0840101e+00 2.8642578e+00 2.7961144e+00 3.5307095e+00 3.2858436e+00 3.3512780e+00 2.8363376e+00 2.9711306e+00 3.4017143e+00 3.6557832e+00 2.7937440e+00 2.1454872e+00 2.2670173e+00 2.8249227e+00 3.0963778e+00 1.7438624e+00 1.3405377e-01 0.0000000e+00 0.0000000e+00 0.0000000e+00 0.0000000e+00 0.0000000e+00 0.0000000e+00 0.0000000e+00 0.0000000e+00 0.0000000e+00 0.0000000e+00 0.0000000e+00 0.0000000e+00 0.0000000e+00 0.0000000e+00 0.0000000e+00 0.0000000e+00 0.0000000e+00 0.0000000e+00 0.0000000e+00 0.0000000e+00 0.0000000e+00 0.0000000e+00 0.0000000e+00 0.0000000e+00 0.0000000e+00 0.0000000e+00 0.0000000e+00 0.0000000e+00 0.0000000e+00
4.3317068e+00 4.3277956e+00 4.0905090e+00 3.9240595e+00 3.8652680e+00 4.2360272e+00 4.5433019e+00 4.2512406e+00 2.3136968e+00 1.8925543e+00 1.6567007e+00 1.9600101e+00 4.3265950e+00 4.7397748e+00 4.2849353e+00 4.0970533e+00 3.5327969e+00 3.2511395e+00 3.2211088e+00 3.0609288e+00 2.9482648e+00 2.4214889e+00 3.2444290e-01 0.0000000e+00 0.0000000e+00 0.0000000e+00 0.0000000e+00 0.0000000e+00 0.0000000e+00 0.0000000e+00 0.0000000e+00 0.0000000e+00 0.0000000e+00 0.0000000e+00 0.0000000e+00 0.0000000e+00 0.0000000e+00 0.0000000e+00 0.0000000e+00 0.0000000e+00 0.0000000e+00 0.0000000e+00 0.0000000e+00 0.0000000e+00 0.0000000e+00 0.0000000e+00 0.0000000e+00 0.0000000e+00 0.0000000e+00 0.0000000e+00
4.7428670e+00 4.8701795e+00 4.7261389e+00 4.6496730e+00 4.8771995e+00 4.5218962e+00 4.5427759e+00 4.9901112e+00 3.0142076e+00 2.1912268e+00 2.6966825e+00 1.7067945e+00 1.3922925e+00 3.5778518e+00 4.7430018e+00 4.4088283e+00 3.9518645e+00 3.8652535e+00 3.6108915e+00 3.2519294e+00 3.2641321e+00 3.0125013e+00 2.2944127e+00 2.1128632e+00 5.6449063e-01 0.0000000e+00 0.0000000e+00 0.0000000e+00 0.0000000e+00 0.0000000e+00 0.0000000e+00 0.0000000e+00 0.0000000e+00 0.0000000e+00 0.0000000e+00 0.0000000e+00 0.0000000e+00 0.0000000e+00 0.0000000e+00 0.0000000e+00 0.0000000e+00 0.0000000e+00 0.0000000e+00 0.0000000e+00 0.0000000e+00 0.0000000e+00 0.0000000e+00 0.0000000e+00 0.0000000e+00 0.0000000e+00
4.7315617e+00 4.7969452e+00 4.8446819e+00 5.0925248e+00 4.8750767e+00 4.4657640e+00 4.2756199e+00 4.3647560e+00 4.4643630e+00 3.4922396e+00 2.6500497e+00 3.3051183e+00 2.4896491e+00 3.9895436e+00 4.6692469e+00 4.4896064e+00 4.1733872e+00 4.1617212e+00 3.3756672e+00 3.2039518e+00 3.2834634e+00 2.6607096e+00 2.5244536e+00 2.9040484e+00 1.5014596e+00 0.0000000e+00 0.0000000e+00 0.0000000e+00 0.0000000e+00 0.0000000e+00 0.0000000e+00 0.0000000e+00 0.0000000e+00 0.0000000e+00 0.0000000e+00 0.0000000e+00 0.0000000e+00 0.0000000e+00 0.0000000e+00 0.0000000e+00 0.0000000e+00 0.0000000e+00 0.0000000e+00 0.0000000e+00 0.0000000e+00 0.0000000e+00 0.0000000e+00 0.0000000e+00 0.0000000e+00 0.0000000e+00
4.2206662e+00 4.2951377e+00 4.4636933e+00 4.7669616e+00 4.9241054e+00 4.3144765e+00 3.9070552e+00 4.3110998e+00 4.7418169e+00 5.2540661e+00 4.5058339e+00 4.8093423e+00 5.4888740e+00 5.4756300e+00 5.2253163e+00 4.7593095e+00 4.0996032e+00 3.6395633e+00 3.4625349e+00 3.2630835e+00 3.1702542e+00 1.6995470e+00 6.6615313e-04 5.1491648e-01 0.0000000e+00 0.0000000e+00 0.0000000e+00 0.0000000e+00 0.0000000e+00 0.0000000e+00 0.0000000e+00 0.0000000e+00 0.0000000e+00 0.0000000e+00 0.0000000e+00 0.0000000e+00 0.0000000e+00 0.0000000e+00 0.0000000e+00 0.0000000e+00 0.0000000e+00 0.0000000e+00 0.0000000e+00 0.0000000e+00 0.0000000e+00 0.0000000e+00 0.0000000e+00 0.0000000e+00 0.0000000e+00 0.0000000e+00
3.6593324e+00 3.9166808e+00 4.1732955e+00 4.5051180e+00 4.8918574e+00 5.1743600e+00 1.9174280e-04 1.6238201e+00 3.6844978e+00 5.7383404e+00 5.7023413e+00 5.4696502e+00 5.5482194e+00 5.6757311e+00 5.4426701e+00 5.1477730e+00 4.4193306e+00 3.8592963e+00 3.7014703e+00 3.5050703e+00 2.9454906e+00 2.3555739e+00 9.9155882e-01 0.0000000e+00 0.0000000e+00 0.0000000e+00 0.0000000e+00 3.5503645e-02 2.0132883e-01 9.5507022e-04 9.9124021e-04 9.9063867e-04 9.6000550e-04 9.9983834e-04 0.0000000e+00 0.0000000e+00 0.0000000e+00 0.0000000e+00 0.0000000e+00 0.0000000e+00 0.0000000e+00 0.0000000e+00 0.0000000e+00 0.0000000e+00 0.0000000e+00 0.0000000e+00 0.0000000e+00 0.0000000e+00 0.0000000e+00 0.0000000e+00
3.3234744e+00 3.6353009e+00 3.9580699e+00 4.3072317e+00 4.7152769e+00 5.2607823e+00 5.1256641e+00 4.1937480e+00 3.6059080e+00 5.0663225e+00 6.0374857e+00 6.1767953e+00 5.9879186e+00 5.7445924e+00 5.5321693e+00 5.3328474e+00 5.1017141e+00 4.7557114e+00 4.2481654e+00 3.6116057e+00 3.3586817e+00 1.4067865e+00 0.0000000e+00 0.0000000e+00 0.0000000e+00 0.0000000e+00 7.7034409e-04 2.1120642e+00 1.8751468e+00 1.5433472e+00 1.5484141e+00 1.4824719e+00 1.4122082e+00 1.4822968e+00 1.4232334e+00 1.3489445e+00 1.1426888e+00 1.1783481e+00 1.1745328e+00 8.1455315e-01 2.5356845e-02 9.3799573e-04 9.8160931e-04 9.8868337e-04 9.6500172e-04 9.9847150e-04 9.7677224e-04 9.9778208e-04 9.6988015e-04 9.7571415e-04
1.5011196e+00 2.0608923e+00 3.2769332e+00 4.1698671e+00 4.5134299e+00 5.0239738e+00 5.2665361e+00 5.0716873e+00 4.2233234e+00 3.6794304e+00 5.1262595e+00 5.9214476e+00 6.2379465e+00 5.8815993e+00 5.7056670e+00 5.6400058e+00 5.3588809e+00 5.0204664e+00 4.7015276e+00 3.7950056e+00 1.9655913e+00 0.0000000e+00 0.0000000e+00 0.0000000e+00 0.0000000e+00 5.5140256e-01 1.8625242e+00 2.0537263e+00 2.0120440e+00 1.9495169e+00 2.0841605e+00 2.1072644e+00 1.9783777e+00 1.9445299e+00 2.0574135e+00 2.0520866e+00 2.0856608e+00 2.0752236e+00 2.1386243e+00 2.0341777e+00 1.8319191e+00 1.6705696e+00 1.6834489e+00 1.6878627e+00 1.6478581e+00 1.6378576e+00 1.6513132e+00 1.6424593e+00 1.5615893e+00 1.3938895e+00
0.0000000e+00 0.0000000e+00 0.0000000e+00 2.8974584e+00 4.2390558e+00 4.9375838e+00 5.2641973e+00 5.3502309e+00 5.2078878e+00 4.1992080e+00 4.3435858e+00 5.2832571e+00 5.6999925e+00 5.7079001e+00 5.7011348e+00 5.6665683e+00 5.2109889e+00 4.5472835e+00 4.2165728e+00 2.8530779e+00 7.6381613e-04 0.0000000e+00 0.0000000e+00 0.0000000e+00 5.2774540e-01 2.3814195e+00 2.4470034e+00 2.5118171e+00 2.4241627e+00 2.3281473e+00 2.3503780e+00 2.3342262e+00 2.1904034e+00 2.1458768e+00 2.2305441e+00 2.2826010e+00 2.3073158e+00 2.3127146e+00 2.4089822e+00 2.3774325e+00 2.3244157e+00 2.2433370e+00 2.1877645e+00 2.1283728e+00 2.0983868e+00 2.0874567e+00 2.0860356e+00 2.0686023e+00 2.0394470e+00 1.9586124e+00
4.0109603e+00 2.9954589e+00 8.3818903e-04 0.0000000e+00 2.1768341e+00 4.6387447e+00 5.4378875e+00 5.4924064e+00 5.4770088e+00 5.0343969e+00 4.2479130e+00 4.4024948e+00 5.5827516e+00 5.7227319e+00 5.5534637e+00 5.4189671e+00 5.0383188e+00 4.3671122e+00 3.1893989e+00 8.6524377e-04 0.0000000e+00 0.0000000e+00 0.0000000e+00 2.4107711e-01 2.0485282e+00 2.3141066e+00 2.7185309e+00 2.9328100e+00 2.8347057e+00 2.8195220e+00 2.7749203e+00 2.5794102e+00 2.3900373e+00 2.3827084e+00 2.5540705e+00 2.6282307e+00 2.6230640e+00 2.6829630e+00 2.8721576e+00 2.7274910e+00 2.5770144e+00 2.4242550e+00 2.3066739e+00 2.1851666e+00 2.1311945e+00 2.1423915e+00 2.1737391e+00 2.1638392e+00 2.1390949e+00 2.0714180e+00
4.9431952e+00 4.7785208e+00 3.8284822e+00 8.8115507e-04 6.6922923e-04 3.5730742e+00 5.3836166e+00 5.4224227e+00 5.0910797e+00 4.6337183e+00 4.2173660e+00 4.6494845e+00 6.5414385e+00 6.1168260e+00 5.4825808e+00 5.2585699e+00 4.8724703e+00 3.1635467e+00 7.2449944e-04 0.0000000e+00 0.0000000e+00 0.0000000e+00 5.3902581e-02 2.2430664e+00 2.1901421e+00 2.2315937e+00 2.6620660e+00 2.8323197e+00 3.0296243e+00 3.2428826e+00 3.2108670e+00 2.9801286e+00 2.7027534e+00 2.6626864e+00 2.8977977e+00 3.0323659e+00 3.1061525e+00 3.1086507e+00 3.1886751e+00 3.0249453e+00 2.8104971e+00 2.6683616e+00 2.4924120e+00 2.3106268e+00 2.2122519e+00 2.2359806e+00 2.3040745e+00 2.3478883e+00 2.3368936e+00 2.2787707e+00
5.3926945e+00 5.1448230e+00 4.6938018e+00 3.5202513e+00 6.5483426e-04 7.2210509e-04 4.4453692e+00 5.2624915e+00 4.7467137e+00 4.5304338e+00 4.3149837e+00 5.3158190e+00 6.3786599e+00 6.0859373e+00 5.5147014e+00 5.2443786e+00 4.1915612e+00 7.0953990e-04 0.0000000e+00 0.0000000e+00 0.0000000e+00 7.9754505e-04 2.0255951e+00 2.3669363e+00 2.3333898e+00 2.3858042e+00 2.5838204e+00 2.8260266e+00 3.4197682e+00 3.4976733e+00 3.4060046e+00 3.2408224e+00 3.0428908e+00 2.9710759e+00 3.0828125e+00 3.2607690e+00 3.4632799e+00 3.3567656e+00 3.2500773e+00 3.1688957e+00 3.0293508e+00 2.9048763e+00 2.6633873e+00 2.5301825e+00 2.3559633e+00 2.3198608e+00 2.4504766e+00 2.5205409e+00 2.5177679e+00 2.4531151e+00
5.5544530e+00 5.3877690e+00 5.0988002e+00 4.6367615e+00 3.3198565e+00 0.0000000e+00 7.2324616e-04 2.5990605e+00 5.0565185e+00 4.3771819e+00 3.9658783e+00 4.4850527e+00 5.7022666e+00 5.7245848e+00 5.0449011e+00 4.6566748e+00 5.1564088e-01 0.0000000e+00 0.0000000e+00 0.0000000e+00 6.4853364e-04 1.8628651e+00 2.4081071e+00 2.3891974e+00 2.3470406e+00 2.4133833e+00 2.8080936e+00 3.2041492e+00 3.3808159e+00 3.5460378e+00 3.6221575e+00 3.4037570e+00 3.4424554e+00 3.3529531e+00 3.3236002e+00 3.3780750e+00 3.4796813e+00 3.4675530e+00 3.4203520e+00 3.5754102e+00 3.3920413e+00 3.1917870e+00 2.9898999e+00 2.7859733e+00 2.6243658e+00 2.6373924e+00 2.7358176e+00 2.7558436e+00 2.7923028e+00 2.7173439e+00
5.6665802e+00 5.5708411e+00 5.3946269e+00 5.0602590e+00 4.4485386e+00 2.0226465e+00 0.0000000e+00 0.0000000e+00 1.5330598e+00 2.6932876e+00 3.6974226e+00 3.7559746e+00 3.8421236e+00 4.4855009e+00 3.5407595e+00 4.0473919e-01 0.0000000e+00 0.0000000e+00 0.0000000e+00 9.8159576e-04 1.4613063e+00 1.9936881e+00 2.3537063e+00 2.6734923e+00 2.7507663e+00 2.9231906e+00 3.3186657e+00 3.5198080e+00 3.4481125e+00 3.7930293e+00 3.8680976e+00 3.6009530e+00 3.5292095e+00 3.6525670e+00 3.8085151e+00 3.9133905e+00 3.8053253e+00 3.6269297e+00 3.7802220e+00 4.3412526e+00 3.9455346e+00 3.6572196e+00 3.2597752e+00 3.1566612e+00 3.1688737e+00 3.2336745e+00 3.2263743e+00 3.1507008e+00 3.1048349e+00 3.0432164e+00
5.7891926e+00 5.6842847e+00 5.5409533e+00 5.3159242e+00 4.9130473e+00 4.2711362e+00 1.7798077e+00 0.0000000e+00 0.0000000e+00 0.0000000e+00 0.0000000e+00 1.3389319e+00 3.3905372e+00 3.5953836e+00 1.0740087e+00 8.7212777e-01 9.1996624e-04 0.0000000e+00 8.1204858e-04 1.4740625e+00 1.8535058e+00 2.0877756e+00 2.6032281e+00 2.9673838e+00 3.2530115e+00 3.3757044e+00 3.6463846e+00 3.7133835e+00 3.8961114e+00 4.2448436e+00 4.4347959e+00 4.0513307e+00 3.6827845e+00 4.1752862e+00 4.4023474e+00 4.5082471e+00 4.2860834e+00 4.1207462e+00 4.1914412e+00 4.3025901e+00 4.1509393e+00 3.9521444e+00 3.7187715e+00 3.6531840e+00 3.7368394e+00 3.8072438e+00 3.6749015e+00 3.5079372e+00 3.3974514e+00 3.3115709e+00
5.8610737e+00 5.7898668e+00 5.6639346e+00 5.5021347e+00 5.2899477e+00 4.9242716e+00 4.0546616e+00 5.2097544e-01 0.0000000e+00 0.0000000e+00 0.0000000e+00 0.0000000e+00 2.3770960e+00 5.1384093e-01 0.0000000e+00 2.1650727e-02 0.0000000e+00 0.0000000e+00 1.4588557e+00 2.1461628e+00 2.3735305e+00 2.7613397e+00 3.2327184e+00 3.4914972e+00 3.5455372e+00 3.6742117e+00 3.8459211e+00 3.8751591e+00 4.0580381e+00 4.6508408e+00 4.5832645e+00 4.3113960e+00 4.2431485e+00 4.5508942e+00 4.6466544e+00 4.5104317e+00 4.4344099e+00 4.5375385e+00 4.7059300e+00 4.5912366e+00 4.4328441e+00 4.3311390e+00 4.2567061e+00 4.1686843e+00 4.1762916e+00 4.1534775e+00 4.0039149e+00 3.8418696e+00 3.6593758e+00 3.5367268e+00
6.0023767e+00 5.8513822e+00 5.7898646e+00 5.6421020e+00 5.4646813e+00 5.0005644e+00 4.2234167e+00 1.5448016e+00 9.2730668e-04 0.0000000e+00 0.0000000e+00 0.0000000e+00 0.0000000e+00 0.0000000e+00 0.0000000e+00 0.0000000e+00 0.0000000e+00 1.2706829e+00 1.8273103e+00 2.3712306e+00 2.9972961e+00 3.3811044e+00 3.6596951e+00 3.6544485e+00 3.6457171e+00 3.9855962e+00 4.2297088e+00 4.1307126e+00 3.9612028e+00 4.5363745e+00 4.6665444e+00 4.6184222e+00 4.7700169e+00 4.7454121e+00 4.2851639e+00 3.8262065e+00 4.1239706e+00 4.4917472e+00 4.7855741e+00 4.7586418e+00 4.6973717e+00 4.6576492e+00 4.7142250e+00 4.6442920e+00 4.5831387e+00 4.5084643e+00 4.3913468e+00 4.1976705e+00 4.0716547e+00 3.8617196e+00
6.0783365e+00 6.0332509e+00 5.8716232e+00 5.7831968e+00 5.6144667e+00 5.4351778e+00 4.5660998e+00 2.3989783e+00 8.6015691e-01 0.0000000e+00 0.0000000e+00 0.0000000e+00 0.0000000e+00 0.0000000e+00 0.0000000e+00 0.0000000e+00 1.4227754e+00 1.8095369e+00 1.7912227e+00 2.2255814e+00 2.9523814e+00 3.5896365e+00 3.9287587e+00 4.0057820e+00 3.9875710e+00 4.2406807e+00 4.7469211e+00 4.5836489e+00 4.5614590e+00 4.9278072e+00 5.0447034e+00 5.0598189e+00 5.0675608e+00 4.8484111e+00 3.9957835e+00 3.1248831e+00 3.6489396e+00 4.2859966e+00 4.7675641e+00 4.9540865e+00 4.9508065e+00 4.8329849e+00 4.9611765e+00 4.9918044e+00 4.9676970e+00 4.9129514e+00 4.8354777e+00 4.6978044e+00 4.5115995e+00 4.2803693e+00
6.1228928e+00 6.1279830e+00 6.0864987e+00 5.8545701e+00 5.7366418e+00 5.6764255e+00 3.4623498e+00 9.8570825e-01 0.0000000e+00 0.0000000e+00 0.0000000e+00 0.0000000e+00 0.0000000e+00 0.0000000e+00 0.0000000e+00 5.3356907e-01 1.6280144e+00 1.3960483e+00 5.1871271e-01 0.0000000e+00 9.0529090e-04 2.7198157e+00 4.0015191e+00 4.3683876e+00 4.4335883e+00 4.2782669e+00 4.5813864e+00 4.7163012e+00 4.9949899e+00 5.3229857e+00 5.2215731e+00 5.0492568e+00 5.0797998e+00 5.0548854e+00 4.3747925e+00 3.6543472e+00 3.8477080e+00 4.3117843e+00 4.8344357e+00 5.1240833e+00 5.3426350e+00 5.2027421e+00 5.2796085e+00 5.3336653e+00 5.3265967e+00 5.3311544e+00 5.3897836e+00 5.1284700e+00 4.8708210e+00 4.7100236e+00
6.1309587e+00 6.1617285e+00 6.1959739e+00 6.1475690e+00 5.9659681e+00 5.4975299e+00 0.0000000e+00 0.0000000e+00 0.0000000e+00 0.0000000e+00 0.0000000e+00 0.0000000e+00 0.0000000e+00 0.0000000e+00 0.0000000e+00 0.0000000e+00 9.1891750e-04 0.0000000e+00 0.0000000e+00 0.0000000e+00 9.1745004e-02 3.0291200e+00 4.2209153e+00 4.7712888e+00 4.6944349e+00 4.5450911e+00 4.5583673e+00 4.6325541e+00 5.0753950e+00 5.2741126e+00 4.9390540e+00 4.2559474e+00 4.5806942e+00 4.8663960e+00 4.6136667e+00 4.3216495e+00 4.3201743e+00 4.5244043e+00 4.8919627e+00 5.1878975e+00 5.4237197e+00 5.4688754e+00 5.5428487e+00 5.6534124e+00 5.6626215e+00 5.6634131e+00 5.6672752e+00 5.4453952e+00 5.2582668e+00 5.1174349e+00
6.1810371e+00 6.1603673e+00 6.2298641e+00 6.2549917e+00 6.2649894e+00 5.9586925e+00 4.8205181e-01 0.0000000e+00 0.0000000e+00 0.0000000e+00 0.0000000e+00 0.0000000e+00 0.0000000e+00 0.0000000e+00 0.0000000e+00 8.9030228e-01 1.8789751e+00 1.4297807e+00 1.1957624e+00 2.4546707e+00 3.6748972e+00 4.2084278e+00 4.5765209e+00 4.8005779e+00 4.6851293e+00 4.7180809e+00 4.6418430e+00 4.6377870e+00 4.9294116e+00 5.1175869e+00 4.6442179e+00 3.3923404e+00 3.9879656e+00 4.7177922e+00 4.8682686e+00 4.8265789e+00 4.7487268e+00 4.7511020e+00 5.0000727e+00 5.2651713e+00 5.4562419e+00 5.5814737e+00 5.7079506e+00 5.8851712e+00 5.8974857e+00 5.8630775e+00 5.8248206e+00 5.6764176e+00 5.5341497e+00 5.4801909e+00
