presentation/data/depth_0041.asc
ncols     164
nrows     146
xllcorner -1.242151388888889e+02
yllcorner  4.172986111111111e+01
cellsize  2.777777777820000e-04
nodata_value       -9999
[rows 88 to 109 of 146, columns 50 to 99 of 164]
9.7822217e-04 8.6537960e-03 1.8639287e-03 4.6912877e-03 1.4341040e-02 2.0381743e-03 2.4778365e+00 4.1550681e+00 4.2180667e+00 4.2396274e+00 4.4364496e+00 4.7193619e+00 5.0577047e+00 5.3372413e+00 5.5639788e+00 5.6737303e+00 5.9677126e+00 6.4383966e+00 6.6894142e+00 6.9713251e+00 7.0029548e+00 7.2345698e+00 7.3135269e+00 7.2507009e+00 7.4303074e+00 7.3655368e+00 7.5409871e+00 7.1455605e+00 6.0661105e+00 7.1776661e+00 7.5924955e+00 7.2123363e+00 7.3692845e+00 7.5595660e+00 7.5797966e+00 7.3070221e+00 7.2416213e+00 7.1314530e+00 6.9310764e+00 6.6704230e+00 6.5344277e+00 6.3526190e+00 6.1389621e+00 5.9953427e+00 6.0145251e+00 6.0443500e+00 6.2427560e+00 5.3066069e+00 5.2790051e+00 5.8867972e+00
5.1064602e-01 9.2226665e-01 4.8962838e-01 1.9406685e-03 7.3985913e-03 1.7100314e-02 1.0796996e-03 1.7985887e+00 3.9840129e+00 4.3395651e+00 4.4560033e+00 4.6940489e+00 5.0249763e+00 5.5725334e+00 5.7609851e+00 5.9388631e+00 6.2730293e+00 6.4846587e+00 6.5286425e+00 6.9562915e+00 7.3798000e+00 7.5363286e+00 7.4103826e+00 7.3145287e+00 7.3630055e+00 6.9005017e+00 6.5147900e+00 6.3871581e+00 6.1787388e+00 6.7908814e+00 7.3729559e+00 7.6195640e+00 7.7490197e+00 7.8261012e+00 7.8418508e+00 7.6898521e+00 7.5160590e+00 7.4348373e+00 7.2768789e+00 7.0988733e+00 6.8941632e+00 6.6924558e+00 6.5483798e+00 6.3228960e+00 6.2559355e+00 6.2429099e+00 6.3460540e+00 5.8884829e+00 5.5591119e+00 5.5607852e+00
3.2192022e+00 2.8716049e+00 1.7591795e+00 1.0900745e+00 4.8250182e-04 2.0991655e-02 4.7749334e-02 9.7784469e-04 1.4574757e+00 4.0250471e+00 4.4592997e+00 4.5855661e+00 4.8659915e+00 5.2866329e+00 5.5088839e+00 5.8038931e+00 6.0057078e+00 6.2061908e+00 6.3372310e+00 6.6006343e+00 6.8737465e+00 6.9899054e+00 6.8151861e+00 6.7155406e+00 6.6532942e+00 6.1564388e+00 5.6929409e+00 6.3552610e+00 6.8685684e+00 7.2455883e+00 7.6609405e+00 7.9395487e+00 8.1049062e+00 8.1424662e+00 8.1553195e+00 8.0619146e+00 7.9378829e+00 7.7693026e+00 7.6579711e+00 7.4874987e+00 7.2834923e+00 7.0222632e+00 6.9334763e+00 6.8229304e+00 6.6972431e+00 6.6666045e+00 6.5502751e+00 6.4539032e+00 5.9150463e+00 5.9327352e+00
3.1765915e+00 3.1406028e+00 2.7673346e+00 2.6296911e+00 7.7426906e-04 9.6643364e-04 3.0334083e-01 5.0984892e-01 1.7851262e-01 1.1580443e+00 4.2869738e+00 4.6255725e+00 4.6536740e+00 4.8682698e+00 4.8578924e+00 4.7994913e+00 5.4552871e+00 5.7816524e+00 5.9124594e+00 6.0454462e+00 6.1135585e+00 6.0777070e+00 5.9267660e+00 5.8001545e+00 5.9647006e+00 6.0884655e+00 6.2633450e+00 6.8504150e+00 7.3243059e+00 7.6219929e+00 7.8757687e+00 8.1296476e+00 8.3147269e+00 8.4292115e+00 8.4666647e+00 8.4080851e+00 8.3451299e+00 8.2253750e+00 8.0362935e+00 7.9084043e+00 7.6952971e+00 7.5106788e+00 7.4766509e+00 7.3773444e+00 7.2397636e+00 7.1419207e+00 6.9692556e+00 6.8364888e+00 6.6840576e+00 6.6108764e+00
2.9883810e+00 3.0723460e+00 2.0353284e+00 2.8921354e+00 2.0288148e+00 6.4829284e-04 4.2994499e-01 8.9652314e-01 7.4381621e-01 2.5097075e-01 1.1388113e+00 4.2635697e+00 4.6199142e+00 4.7344688e+00 2.9951585e+00 1.1632742e+00 4.7558927e+00 5.3519914e+00 5.4127117e+00 5.4478190e+00 5.3633956e+00 5.2327397e+00 5.1752637e+00 5.1442766e+00 5.7330723e+00 6.4084341e+00 6.8568002e+00 7.2506739e+00 7.6090723e+00 7.8442795e+00 8.0397476e+00 8.2206126e+00 8.4221623e+00 8.6043422e+00 8.7247980e+00 8.7410133e+00 8.7325224e+00 8.6709552e+00 8.5537709e+00 8.3718183e+00 8.2305983e+00 8.1034757e+00 8.0049249e+00 7.7815701e+00 7.6196653e+00 7.4176167e+00 7.1823442e+00 7.0236882e+00 6.7777741e+00 6.6617383e+00
2.7358771e+00 2.8193670e+00 2.8867694e+00 3.0933030e+00 2.9032674e+00 4.2847519e-01 6.0904143e-04 7.2172915e-01 7.7242537e-01 1.2116070e+00 2.8398358e-01 3.2081945e-01 3.5807191e+00 4.2532672e+00 3.2509641e+00 3.4437994e+00 4.8988505e+00 5.0122620e+00 5.0626839e+00 5.0180742e+00 4.8689708e+00 4.8103280e+00 5.2256919e+00 5.6433826e+00 6.3558795e+00 6.9577995e+00 7.3953908e+00 7.6470047e+00 7.8268088e+00 7.9729884e+00 8.1326250e+00 8.3218676e+00 8.4945961e+00 8.6898675e+00 8.8598641e+00 8.9820708e+00 9.0638214e+00 9.0848268e+00 9.0283617e+00 8.9608498e+00 8.8610328e+00 8.6223304e+00 8.2556029e+00 8.0115245e+00 7.8038716e+00 7.5648968e+00 7.2041407e+00 6.8051325e+00 6.4440232e+00 6.2746245e+00
2.7079782e+00 2.8271127e+00 3.0841775e+00 3.0611815e+00 3.0030616e+00 1.7854059e+00 7.2163039e-04 8.5396643e-02 2.6959162e+00 3.6204141e+00 3.0333234e+00 4.4917540e-01 7.0981837e-04 2.0726431e-01 2.0181989e+00 4.6380267e+00 4.6144701e+00 4.7634550e+00 4.8369439e+00 4.8254784e+00 4.8006577e+00 5.2891290e+00 5.9423461e+00 6.5485630e+00 7.0067778e+00 7.3674339e+00 7.6686497e+00 7.9023714e+00 8.0398539e+00 8.1035570e+00 8.2129432e+00 8.3661014e+00 8.5576245e+00 8.7269196e+00 8.9020663e+00 9.0887602e+00 9.2369764e+00 9.3281229e+00 9.3696773e+00 9.3298505e+00 9.0679649e+00 8.6620039e+00 8.2791817e+00 8.0626534e+00 7.9457756e+00 7.6573689e+00 6.7957914e+00 6.1213795e+00 5.8800930e+00 5.6803062e+00
2.8687358e+00 2.9259545e+00 2.9748431e+00 2.9559636e+00 2.9089596e+00 2.5984086e+00 1.2438176e+00 7.1568347e-04 2.3355626e+00 3.8376092e+00 2.4656252e+00 2.1637420e+00 7.9675539e-04 6.3827368e-04 9.9416463e-01 4.4791811e+00 4.5222059e+00 4.6880137e+00 4.7713265e+00 5.0343634e+00 5.3889984e+00 6.0375489e+00 6.6224628e+00 7.0313504e+00 7.4005181e+00 7.6424734e+00 7.8529190e+00 8.0231321e+00 8.1775292e+00 8.2726414e+00 8.3355535e+00 8.4422050e+00 8.5938198e+00 8.7643936e+00 8.9001965e+00 9.0888798e+00 9.2120650e+00 9.2890220e+00 9.2062369e+00 8.8802711e+00 8.4423465e+00 8.1102195e+00 8.0271343e+00 8.0318313e+00 8.1309964e+00 8.0213416e+00 6.0469169e+00 4.6708619e+00 4.6015368e+00 4.9761207e+00
2.9986350e+00 3.0208664e+00 3.0057848e+00 2.9712751e+00 2.9056077e+00 2.8385525e+00 2.5639752e+00 6.1071984e-01 7.9168402e-04 3.1308121e+00 3.4621826e+00 3.7403385e+00 3.0490805e+00 3.0507690e+00 4.0217476e+00 4.5981311e+00 4.7571031e+00 4.8876330e+00 4.9960476e+00 5.5887222e+00 6.3058100e+00 6.7724344e+00 7.0516281e+00 7.3153853e+00 7.5698621e+00 7.8031914e+00 7.9588719e+00 8.1127287e+00 8.2407888e+00 8.3641236e+00 8.4542964e+00 8.5430668e+00 8.6637813e+00 8.7647332e+00 8.8377945e+00 8.9239342e+00 8.8506302e+00 8.3719225e+00 7.7095992e+00 7.2853259e+00 7.1904241e+00 7.3452807e+00 7.5658190e+00 7.7980431e+00 8.0726426e+00 7.1563050e+00 9.9699877e-01 6.8467417e-01 1.1482542e+00 2.0702418e+00
3.1551014e+00 3.1446497e+00 3.1169793e+00 3.0806125e+00 3.0328261e+00 2.9368676e+00 2.8327434e+00 2.3940203e+00 8.3802074e-04 1.2040957e-02 3.4398512e+00 4.0261864e+00 4.2468292e+00 4.6251754e+00 4.6758671e+00 4.8250796e+00 5.1625840e+00 5.4584961e+00 5.7055678e+00 6.2314054e+00 6.7048641e+00 7.0597617e+00 7.3288283e+00 7.4690045e+00 7.6625328e+00 7.8451873e+00 8.0151668e+00 8.1536946e+00 8.2754483e+00 8.4107780e+00 8.5197266e+00 8.6228737e+00 8.7079092e+00 8.7084800e+00 8.6845444e+00 8.4317696e+00 7.7989989e+00 7.1308515e+00 6.9460430e+00 6.9726640e+00 7.0496516e+00 7.1571280e+00 7.2475001e+00 7.3127206e+00 7.2752936e+00 6.8359514e+00 4.8917131e+00 3.6016915e+00 1.9987966e+00 1.0605176e+00
3.3679179e+00 3.3210670e+00 3.2636039e+00 3.1952440e+00 3.0980560e+00 2.9898690e+00 2.8800719e+00 2.9397414e+00 1.9008387e+00 5.8011402e-04 2.6793708e+00 4.3681005e+00 4.1437108e+00 4.3491883e+00 4.6634698e+00 4.9967218e+00 5.3969580e+00 5.6407197e+00 5.9014675e+00 6.4146513e+00 6.8121580e+00 7.1911423e+00 7.4562526e+00 7.5800068e+00 7.6928040e+00 7.8510233e+00 7.9932517e+00 8.1626881e+00 8.2912127e+00 8.4441927e+00 8.5721841e+00 8.6475206e+00 8.6345672e+00 8.6032360e+00 8.0170848e+00 7.4681486e+00 7.0590228e+00 6.9784964e+00 7.0115104e+00 7.0514951e+00 7.1175236e+00 7.1761938e+00 7.1989877e+00 7.1550955e+00 7.0419233e+00 6.8129230e+00 6.6036061e+00 6.4271439e+00 6.2808722e+00 6.0679649e+00
3.5855424e+00 3.4943682e+00 3.4264516e+00 3.3266819e+00 3.2036709e+00 3.1107118e+00 2.9801685e+00 2.9630001e+00 2.7056197e+00 2.8154932e-01 9.6431276e-04 3.6341562e+00 4.1747484e+00 4.4206594e+00 4.6919440e+00 5.0262530e+00 5.2930012e+00 5.5048582e+00 6.0517856e+00 6.4612302e+00 6.8393003e+00 7.1713110e+00 7.4034351e+00 7.5123744e+00 7.6563398e+00 7.8123714e+00 7.9630321e+00 8.1277893e+00 8.3014404e+00 8.4308473e+00 8.5477421e+00 8.5934194e+00 8.3931059e+00 7.8642426e+00 7.1777425e+00 7.0239878e+00 7.0607806e+00 7.0641832e+00 7.0911100e+00 7.1336005e+00 7.1758901e+00 7.2071341e+00 7.1895583e+00 7.1312280e+00 7.0818509e+00 6.9712367e+00 6.9188134e+00 7.0139574e+00 6.9570981e+00 6.7714783e+00
3.7875572e+00 3.6538342e+00 3.5703322e+00 3.4302003e+00 3.2688481e+00 3.1593538e+00 3.0319651e+00 2.9344356e+00 2.8293898e+00 1.9558747e+00 7.4299467e-04 7.0180771e-04 3.8277208e+00 4.4405178e+00 4.6913524e+00 5.0628777e+00 5.4192827e+00 5.6883792e+00 6.1722095e+00 6.5031333e+00 6.7999539e+00 7.0515098e+00 7.2330636e+00 7.4145468e+00 7.6022524e+00 7.7705580e+00 7.9344798e+00 8.0994928e+00 8.2610982e+00 8.4029885e+00 8.4374734e+00 8.1392321e+00 7.5715701e+00 7.0898663e+00 7.0217278e+00 7.0684044e+00 7.1324703e+00 7.1282782e+00 7.1466627e+00 7.1842097e+00 7.2417253e+00 7.2438186e+00 7.2328102e+00 7.2014798e+00 7.2383497e+00 7.3085532e+00 7.2692735e+00 7.1651626e+00 7.0599863e+00 7.0340065e+00
4.1293400e+00 3.9412778e+00 3.7824836e+00 3.5782963e+00 3.3719153e+00 3.2262171e+00 3.0912468e+00 2.9809486e+00 2.9352125e+00 2.9089409e+00 1.6546331e+00 3.7554344e-04 2.6230761e+00 4.6452410e+00 4.6826068e+00 5.1366987e+00 5.5897304e+00 5.9205971e+00 6.1480362e+00 6.4997536e+00 6.7535646e+00 6.9399369e+00 7.1437218e+00 7.3276935e+00 7.5196171e+00 7.7084893e+00 7.8667239e+00 8.0273560e+00 8.1638128e+00 8.1876138e+00 7.8729002e+00 7.3154735e+00 7.0033908e+00 6.9794812e+00 7.0727917e+00 7.1198070e+00 7.1559715e+00 7.1329518e+00 7.1607719e+00 7.2283482e+00 7.2524011e+00 7.2786664e+00 7.2936125e+00 7.2820282e+00 7.3808300e+00 7.4602393e+00 7.4391122e+00 7.3235657e+00 7.3225706e+00 7.2751292e+00
4.5905376e+00 4.3257918e+00 4.0930951e+00 3.8308954e+00 3.5667543e+00 3.3417034e+00 3.1804406e+00 3.0640450e+00 2.9538067e+00 2.9613682e+00 2.4495080e+00 7.4877154e-03 6.4890365e-04 4.4728822e+00 4.6499103e+00 5.0157636e+00 5.4721315e+00 5.8782982e+00 6.1580741e+00 6.3691186e+00 6.6244992e+00 6.8552391e+00 7.0545968e+00 7.2679718e+00 7.4466592e+00 7.6166986e+00 7.7734348e+00 7.8761136e+00 7.8032377e+00 7.4769245e+00 7.0870812e+00 6.9435507e+00 6.9712024e+00 7.0093720e+00 7.0740585e+00 7.1104826e+00 7.1486780e+00 7.1279381e+00 7.1541694e+00 7.2317674e+00 7.2830253e+00 7.3223309e+00 7.3588504e+00 7.3329670e+00 7.3797915e+00 7.4561053e+00 7.4805466e+00 7.5181122e+00 7.5011824e+00 7.4285667e+00
4.9943782e+00 4.6674315e+00 4.3650008e+00 4.0207714e+00 3.6767229e+00 3.3876588e+00 3.1820352e+00 3.0486213e+00 2.9447419e+00 2.8668655e+00 2.6885480e+00 1.1185024e+00 4.7097251e-04 2.1493541e+00 4.7935541e+00 4.8675017e+00 5.2714793e+00 5.6492634e+00 5.9656728e+00 6.2888172e+00 6.4605263e+00 6.7085016e+00 6.9426939e+00 7.1325866e+00 7.3161317e+00 7.4479251e+00 7.5635221e+00 7.5588385e+00 7.3355450e+00 6.9828246e+00 6.8780458e+00 6.9326247e+00 6.9517765e+00 6.9451781e+00 7.0290213e+00 7.0442283e+00 7.0890331e+00 7.1280081e+00 7.1375349e+00 7.1934252e+00 7.2800748e+00 7.3360653e+00 7.4025186e+00 7.4103630e+00 7.4715288e+00 7.5515747e+00 7.5718855e+00 7.5858639e+00 7.5568035e+00 7.4374563e+00
5.4133867e+00 4.9886243e+00 4.6215049e+00 4.1779135e+00 3.7536157e+00 3.4171391e+00 3.1888780e+00 3.0451450e+00 2.9723631e+00 2.8844808e+00 2.8177040e+00 2.7587506e+00 3.1742726e-01 7.2988193e-04 3.7641010e+00 4.6926232e+00 4.9423029e+00 5.3140011e+00 5.6148252e+00 6.0036520e+00 6.2931343e+00 6.4448483e+00 6.7251520e+00 6.9080426e+00 7.0587941e+00 7.1946247e+00 7.1842560e+00 7.0804827e+00 6.9196990e+00 6.7267719e+00 6.7869474e+00 6.8738457e+00 6.8980910e+00 6.8770331e+00 6.9163960e+00 6.9839713e+00 7.0242328e+00 7.1233170e+00 7.1339334e+00 7.1923925e+00 7.2886662e+00 7.3787813e+00 7.4439362e+00 7.4830802e+00 7.5511025e+00 7.6041731e+00 7.5926479e+00 7.5645803e+00 7.5251415e+00 7.4641478e+00
5.8927675e+00 5.3743577e+00 4.8988455e+00 4.3447498e+00 3.8096827e+00 3.4009572e+00 3.1666947e+00 3.0795777e+00 3.0793768e+00 2.9630620e+00 2.8895468e+00 2.9467098e+00 2.4730769e+00 7.9741142e-04 1.1147689e-01 4.2577757e+00 4.6431801e+00 4.8934018e+00 5.2109606e+00 5.6120761e+00 5.9693001e+00 6.2211838e+00 6.3839614e+00 6.6148034e+00 6.7261369e+00 6.7684844e+00 6.7639514e+00 6.7121286e+00 6.6492956e+00 6.5714366e+00 6.6861678e+00 6.7748939e+00 6.8096789e+00 6.7585902e+00 6.8015316e+00 6.8813318e+00 6.9554583e+00 7.0574468e+00 7.0759448e+00 7.2078295e+00 7.3223807e+00 7.4185125e+00 7.4835914e+00 7.5354413e+00 7.5780122e+00 7.6060741e+00 7.5846689e+00 7.5738748e+00 7.5413994e+00 7.4853666e+00
6.4143752e+00 5.8190052e+00 5.2191773e+00 4.5062854e+00 3.8028086e+00 3.2554771e+00 3.0152473e+00 2.8723283e+00 2.6180811e+00 3.0331081e+00 3.1104334e+00 3.0440585e+00 2.9599275e+00 1.2404288e+00 6.5664094e-04 8.2988975e-01 4.1992400e+00 4.3701548e+00 4.7401263e+00 5.2113632e+00 5.6328766e+00 5.9838424e+00 6.0404460e+00 6.1220674e+00 6.2408099e+00 6.3172307e+00 6.3987096e+00 6.3784935e+00 6.4080436e+00 6.4221838e+00 6.4809134e+00 6.5688850e+00 6.6432167e+00 6.6227516e+00 6.6576281e+00 6.7740061e+00 6.8538165e+00 6.9955735e+00 7.0587910e+00 7.2004364e+00 7.3246184e+00 7.4462698e+00 7.5308322e+00 7.5745123e+00 7.5949990e+00 7.6143780e+00 7.6337319e+00 7.5935056e+00 7.5392122e+00 7.4720534e+00
6.9994577e+00 6.3537408e+00 5.6164156e+00 4.6809184e+00 3.7485523e+00 2.8661717e+00 2.0226745e+00 1.9753069e+00 4.7429420e-01 2.8060788e+00 3.4751107e+00 3.3747735e+00 3.2406137e+00 2.5992252e+00 7.4259749e-04 6.9219141e-04 3.2875547e+00 3.9183852e+00 4.2448105e+00 4.6979963e+00 5.1581887e+00 5.5598632e+00 5.7415483e+00 5.7349937e+00 5.7889236e+00 5.8918580e+00 6.0018332e+00 6.1028627e+00 6.1792217e+00 6.2550524e+00 6.3358634e+00 6.3030748e+00 6.3606490e+00 6.3988534e+00 6.5040827e+00 6.6422470e+00 6.7666969e+00 6.9476929e+00 7.0437530e+00 7.2241894e+00 7.3824938e+00 7.4867509e+00 7.5917427e+00 7.6246032e+00 7.6259793e+00 7.6462694e+00 7.6723580e+00 7.6198152e+00 7.5104236e+00 7.4144114e+00
7.7037642e+00 6.9662698e+00 6.1132364e+00 4.9566843e+00 3.7392218e+00 2.6499777e+00 1.9263394e+00 2.5046344e+00 2.3482854e+00 3.0714664e+00 3.8730885e+00 3.8627762e+00 3.6743959e+00 3.1648071e+00 1.7102082e+00 7.0627658e-04 1.0983500e-02 3.7447870e+00 3.9526978e+00 4.2271182e+00 4.6711312e+00 5.0853881e+00 5.3891029e+00 5.5180832e+00 5.4142821e+00 5.4096577e+00 5.5412759e+00 5.7279125e+00 5.8747844e+00 6.0604965e+00 6.2444285e+00 6.1764613e+00 6.1268748e+00 6.2076228e+00 6.3377259e+00 6.5195472e+00 6.6897004e+00 6.9034701e+00 7.0300795e+00 7.2053799e+00 7.3844253e+00 7.5328602e+00 7.6616269e+00 7.6703432e+00 7.6713557e+00 7.6703563e+00 7.6748476e+00 7.6447908e+00 7.5647778e+00 7.4284187e+00
8.3865299e+00 7.5998302e+00 6.6523757e+00 5.3303321e+00 3.9064011e+00 2.8969440e+00 2.7360921e+00 2.6839784e+00 1.2260091e+00 3.5121348e+00 4.3980491e+00 4.4440764e+00 4.3038489e+00 3.8602255e+00 3.3238053e+00 2.0239841e+00 5.9106908e-04 1.7216779e+00 3.6403679e+00 3.8528407e+00 4.2892742e+00 4.7044039e+00 5.0247038e+00 5.2330157e+00 5.2357556e+00 5.0393755e+00 5.0401282e+00 5.2610972e+00 5.4876266e+00 5.6868220e+00 5.7010979e+00 5.8624031e+00 5.9338517e+00 5.9838298e+00 6.1838782e+00 6.4090634e+00 6.6402639e+00 6.8828525e+00 7.0690434e+00 7.2639201e+00 7.4409678e+00 7.6035710e+00 7.7241001e+00 7.6811415e+00 7.6629512e+00 7.6186388e+00 7.6225876e+00 7.6124571e+00 7.5733066e+00 7.5120141e+00
