presentation/data/depth_0000.asc
ncols     164
nrows     146
xllcorner -1.242151388888889e+02
yllcorner  4.172986111111111e+01
cellsize  2.777777777820000e-04
nodata_value       -9999
[rows 110 to 131 of 146, columns 100 to 149 of 164]
7.4055535e+00 7.3840217e+00 7.4030244e+00 7.3937393e+00 7.3260704e+00 7.3876280e+00 4.5019724e+00 1.8032266e+00 5.8602162e-01 1.6366445e-01 0.0000000e+00 0.0000000e+00 0.0000000e+00 1.4306581e+00 2.5808951e+00 3.1348506e+00 3.3839070e+00 3.1608967e+00 3.2637894e+00 4.7641250e+00 5.6266540e+00 5.8275079e+00 5.9889821e+00 5.8995706e+00 5.3928711e+00 5.5245453e+00 5.5108647e+00 5.6447114e+00 5.6989685e+00 5.9210749e+00 5.7839201e+00 5.1887885e+00 5.4886867e+00 6.0703271e+00 6.5935476e+00 6.7681691e+00 6.7813152e+00 6.5279847e+00 6.4910266e+00 6.6040588e+00 6.7574240e+00 6.8118978e+00 6.8787514e+00 7.0636371e+00 7.1406115e+00 7.2030160e+00 7.2419175e+00 7.1213105e+00 7.0232433e+00 6.8534810e+00
7.5011495e+00 7.5431837e+00 7.5186784e+00 7.4890849e+00 7.4131112e+00 7.5194749e+00 7.4491640e+00 5.5497056e+00 3.9886658e+00 3.7736358e+00 2.1247902e+00 2.4989464e+00 3.0472514e+00 3.4016551e+00 3.3502602e+00 3.3774646e+00 3.8281142e+00 3.8633231e+00 3.7488504e+00 4.9206401e+00 5.6870230e+00 5.8339846e+00 6.0258998e+00 6.0377699e+00 5.4954675e+00 5.2929806e+00 5.2091445e+00 5.6487710e+00 5.8452021e+00 6.1066045e+00 6.1931859e+00 6.0508978e+00 6.0397776e+00 6.2715912e+00 6.9353037e+00 7.2267024e+00 7.1351673e+00 6.9237765e+00 6.7287751e+00 6.7776500e+00 6.9726409e+00 7.0224053e+00 6.9630440e+00 7.0386754e+00 7.1311341e+00 7.2176888e+00 7.3718794e+00 7.3142315e+00 7.1450472e+00 7.0336376e+00
7.6047779e+00 7.6811463e+00 7.7211229e+00 7.6850694e+00 7.6596564e+00 7.5759149e+00 7.6995021e+00 8.0540859e+00 7.7306513e+00 6.6504481e+00 5.6587602e+00 5.5476579e+00 5.7722713e+00 5.3206886e+00 4.2373947e+00 3.9104078e+00 4.4079921e+00 4.5639816e+00 4.7776802e+00 5.5653204e+00 5.9187387e+00 5.7337390e+00 5.8314429e+00 5.8817329e+00 5.6881418e+00 5.6549129e+00 5.1719309e+00 5.8049054e+00 6.1602312e+00 6.5000871e+00 6.8486274e+00 7.0059541e+00 6.6950530e+00 6.4128822e+00 6.9194422e+00 7.3652441e+00 7.3877984e+00 7.1738630e+00 6.9042030e+00 6.8713925e+00 7.1195013e+00 7.0942053e+00 7.0573668e+00 7.0534289e+00 7.0948994e+00 7.1493546e+00 7.3067944e+00 7.3551149e+00 7.2791111e+00 7.2458031e+00
7.7749369e+00 7.8484426e+00 7.8946215e+00 7.9098055e+00 7.9063772e+00 7.8620831e+00 7.8064837e+00 7.8080076e+00 7.6245602e+00 7.1170786e+00 7.4749824e+00 7.2804931e+00 7.0452171e+00 6.4644078e+00 5.5168754e+00 5.2477765e+00 5.4323915e+00 5.7254063e+00 6.1431094e+00 6.5503148e+00 6.4880862e+00 6.1261218e+00 5.9204213e+00 5.9747090e+00 6.0951596e+00 6.4663896e+00 6.0738423e+00 6.3523953e+00 6.5973501e+00 6.8794007e+00 7.3020064e+00 7.8280776e+00 7.2789226e+00 6.9548434e+00 7.2950738e+00 7.6711800e+00 7.7460633e+00 7.4783424e+00 7.2035562e+00 7.1125444e+00 7.1880999e+00 7.1505675e+00 7.1128701e+00 7.0909261e+00 7.1405514e+00 7.2301018e+00 7.3650297e+00 7.4234536e+00 7.4040390e+00 7.3981675e+00
7.9679197e+00 8.0588494e+00 8.1027059e+00 8.1590138e+00 8.1856696e+00 8.1519053e+00 8.1014457e+00 8.0382349e+00 7.9387638e+00 7.8837397e+00 8.3535850e+00 8.0161663e+00 7.9545175e+00 7.7431283e+00 7.2631899e+00 6.9351813e+00 6.9751349e+00 7.0010592e+00 7.3014076e+00 7.4722802e+00 7.3237270e+00 6.7769957e+00 6.3188016e+00 6.3738016e+00 6.6812898e+00 6.9240352e+00 6.8976141e+00 7.0127913e+00 7.1545175e+00 7.1774039e+00 7.1880651e+00 7.5708874e+00 7.4410950e+00 7.4062356e+00 7.7271798e+00 8.1502008e+00 8.3641264e+00 7.9081781e+00 7.4262537e+00 7.3445748e+00 7.3135454e+00 7.2199410e+00 7.2255707e+00 7.1987748e+00 7.2489055e+00 7.3770865e+00 7.4852244e+00 7.5610402e+00 7.5200176e+00 7.4427144e+00
8.2158046e+00 8.2945447e+00 8.3408055e+00 8.3780823e+00 8.4176606e+00 8.3987051e+00 8.3864777e+00 8.3180830e+00 8.2299726e+00 8.2271943e+00 8.2016752e+00 8.4501714e+00 9.0784879e+00 8.9798628e+00 8.7269390e+00 8.4950221e+00 8.1347625e+00 8.0843901e+00 8.4661612e+00 8.5572601e+00 8.2983138e+00 7.6667038e+00 7.1556101e+00 7.0796113e+00 7.3098783e+00 7.5095896e+00 7.5659357e+00 7.6908949e+00 7.7650892e+00 7.5599871e+00 7.4012951e+00 7.5166363e+00 7.5567436e+00 7.6853326e+00 8.0064757e+00 8.5200237e+00 8.8555931e+00 8.3306964e+00 7.7542639e+00 7.6783954e+00 7.6074200e+00 7.4582381e+00 7.4239903e+00 7.3723700e+00 7.4301753e+00 7.5776775e+00 7.6542559e+00 7.7267253e+00 7.6483983e+00 7.5174501e+00
8.4539325e+00 8.4473589e+00 8.5317214e+00 8.6653871e+00 8.7097223e+00 8.7720671e+00 8.6555753e+00 8.6148679e+00 8.4951093e+00 8.5951417e+00 8.6871307e+00 9.2744161e+00 1.0037407e+01 9.7760664e+00 9.5051034e+00 9.0053075e+00 8.2911576e+00 8.3886478e+00 9.2875782e+00 9.2644062e+00 8.7776603e+00 8.2356953e+00 7.8232297e+00 7.7397710e+00 7.8861491e+00 8.0016710e+00 8.2983757e+00 8.0158354e+00 7.9697303e+00 7.7381577e+00 7.5621012e+00 7.5242021e+00 7.5754334e+00 7.7686792e+00 8.0080714e+00 8.4613358e+00 8.7045325e+00 8.3925251e+00 7.9584299e+00 7.9159584e+00 7.9579006e+00 7.8364983e+00 7.6068294e+00 7.4951147e+00 7.6426652e+00 7.8762191e+00 7.7766829e+00 7.7646237e+00 7.6885186e+00 7.5929727e+00
8.4894080e+00 8.6628097e+00 8.7322485e+00 8.8393034e+00 8.9529033e+00 8.9570437e+00 8.9203868e+00 8.7807040e+00 8.6374297e+00 8.8808712e+00 9.2563334e+00 9.4541998e+00 9.2303686e+00 9.1969587e+00 9.1161725e+00 8.8239841e+00 8.0004014e+00 7.2232605e+00 8.9515077e+00 9.2360254e+00 8.9781380e+00 8.7067988e+00 8.5742790e+00 8.5888004e+00 8.7237191e+00 8.8348911e+00 8.8609273e+00 8.4511241e+00 8.3023531e+00 8.0294149e+00 7.7296550e+00 7.5404467e+00 7.5032652e+00 7.7125571e+00 7.9916656e+00 8.2199780e+00 8.3387637e+00 8.1931285e+00 7.9665981e+00 7.8057376e+00 7.9804741e+00 8.0137488e+00 7.9811855e+00 7.7926470e+00 7.8658913e+00 8.0210821e+00 7.8892254e+00 7.7900424e+00 7.7251869e+00 7.6743175e+00
8.7835211e+00 8.9537358e+00 9.0624599e+00 9.0516295e+00 9.0793441e+00 9.2162203e+00 9.1648369e+00 8.9090675e+00 9.1628439e+00 9.7591675e+00 9.9771778e+00 1.0061631e+01 9.5056526e+00 9.2932300e+00 8.6111853e+00 9.2389736e+00 9.3160333e+00 8.3532842e+00 8.5636497e+00 8.6862855e+00 8.7578390e+00 8.8597783e+00 9.0124008e+00 9.2358629e+00 9.2520211e+00 9.2680663e+00 9.1543116e+00 8.9291589e+00 8.6748861e+00 8.2781935e+00 7.8946108e+00 7.6234098e+00 7.5035820e+00 7.7334539e+00 7.9588190e+00 8.0624080e+00 8.1234934e+00 8.0781137e+00 8.0112176e+00 7.9133676e+00 8.0232131e+00 8.1474401e+00 8.2852156e+00 8.1199395e+00 8.0561119e+00 8.0498841e+00 7.9207629e+00 7.7858783e+00 7.7472649e+00 7.7483702e+00
9.0995806e+00 8.7962121e+00 9.2083382e+00 9.7191276e+00 9.9401234e+00 9.5857614e+00 9.4116852e+00 8.8847713e+00 8.8947137e+00 1.0202031e+01 1.0079489e+01 1.0027099e+01 1.0287346e+01 1.0587408e+01 1.0031737e+01 1.0211418e+01 9.9522609e+00 9.0738741e+00 7.8436902e+00 7.8598537e+00 8.4196673e+00 8.8292427e+00 9.2014474e+00 9.5628622e+00 9.5128471e+00 9.4566856e+00 9.3858043e+00 9.2518608e+00 9.0577136e+00 8.5907848e+00 8.1146443e+00 7.9012077e+00 7.8478888e+00 8.0196793e+00 8.1842808e+00 8.1278281e+00 8.0900671e+00 8.0668504e+00 8.0325244e+00 7.9699225e+00 8.0217164e+00 8.0793029e+00 8.2288320e+00 8.2211510e+00 8.1500218e+00 8.0663271e+00 7.9330338e+00 7.7898641e+00 7.7732439e+00 7.8264962e+00
9.2331065e+00 9.3268236e+00 9.5177337e+00 1.0409543e+01 1.1424787e+01 1.1120067e+01 1.1127222e+01 9.7597664e+00 8.7121869e+00 9.7725978e+00 9.5241120e+00 9.7943088e+00 1.0396505e+01 1.0654722e+01 1.0690217e+01 1.0507219e+01 9.9701084e+00 8.7396180e+00 7.0235332e+00 7.6147794e+00 8.5662123e+00 8.9632995e+00 9.3616621e+00 9.6841676e+00 9.6665205e+00 9.5746470e+00 9.5146157e+00 9.4840250e+00 9.4591831e+00 8.9870080e+00 8.4950090e+00 8.3077886e+00 8.2779450e+00 8.4093865e+00 8.5856685e+00 8.4497784e+00 8.2859560e+00 8.2042658e+00 8.1526953e+00 8.1074367e+00 8.0834047e+00 8.1932106e+00 8.2778475e+00 8.2894225e+00 8.2332775e+00 8.1517504e+00 8.0635307e+00 7.9556721e+00 7.9406466e+00 7.9615262e+00
9.9954688e+00 9.7944275e+00 1.0010319e+01 1.0632745e+01 1.1032295e+01 1.1840186e+01 1.2796724e+01 1.2203745e+01 1.1424065e+01 1.0945591e+01 1.0309744e+01 1.0387915e+01 1.0520713e+01 1.0477176e+01 1.0603962e+01 1.0584611e+01 1.0373490e+01 9.9327774e+00 9.5752136e+00 9.1358095e+00 9.0204275e+00 9.3069901e+00 9.6319778e+00 9.8357426e+00 9.8067383e+00 9.6464938e+00 9.5372919e+00 9.5176337e+00 9.4526017e+00 9.1300232e+00 8.8271400e+00 8.6639092e+00 8.6642634e+00 8.6833102e+00 8.7062334e+00 8.6261214e+00 8.5268587e+00 8.4533130e+00 8.3454448e+00 8.2972467e+00 8.2556680e+00 8.3444111e+00 8.4086568e+00 8.4259316e+00 8.3573527e+00 8.2889234e+00 8.2170386e+00 8.1533387e+00 8.1424723e+00 8.1301176e+00
1.0675286e+01 1.0642482e+01 1.0700249e+01 1.0879654e+01 1.0812371e+01 1.1053982e+01 1.1282443e+01 1.1688177e+01 1.1385013e+01 1.0963775e+01 1.0658434e+01 1.0683110e+01 1.0532829e+01 1.0434708e+01 1.0451630e+01 1.0546808e+01 1.0652134e+01 1.0597386e+01 1.0438152e+01 9.9505556e+00 9.6388127e+00 9.7640935e+00 9.9721581e+00 1.0084672e+01 1.0006812e+01 9.9262416e+00 9.6737210e+00 9.5057186e+00 9.3925023e+00 9.1914749e+00 9.0233170e+00 8.9232076e+00 8.9369969e+00 8.8681627e+00 8.8195749e+00 8.7980524e+00 8.7681667e+00 8.6448762e+00 8.5184208e+00 8.4443950e+00 8.4453007e+00 8.4958263e+00 8.5655112e+00 8.6184752e+00 8.5348870e+00 8.4718296e+00 8.4008341e+00 8.3532775e+00 8.3322839e+00 8.3227419e+00
1.1118363e+01 1.1297855e+01 1.1121816e+01 1.1023596e+01 1.0223010e+01 9.9892855e+00 1.1029368e+01 1.0933942e+01 1.0828555e+01 1.0611246e+01 1.0478950e+01 1.0827351e+01 1.0516166e+01 1.0336037e+01 1.0236526e+01 1.0163784e+01 1.0674056e+01 1.0697872e+01 1.0487008e+01 1.0198021e+01 1.0038947e+01 1.0117974e+01 1.0317258e+01 1.0409519e+01 1.0194522e+01 1.0091334e+01 9.8138330e+00 9.5402838e+00 9.3960072e+00 9.2567983e+00 9.1596981e+00 9.0982072e+00 9.0546164e+00 8.9497713e+00 8.8943830e+00 8.9129097e+00 8.9304134e+00 8.7580412e+00 8.6368268e+00 8.5855062e+00 8.5952232e+00 8.6265227e+00 8.6849788e+00 8.7197308e+00 8.6472889e+00 8.5878985e+00 8.5375620e+00 8.5141227e+00 8.4812181e+00 8.4596256e+00
1.1072995e+01 1.1315630e+01 1.1206652e+01 1.1006856e+01 1.0517960e+01 1.0224129e+01 1.0618523e+01 1.0703547e+01 1.0476148e+01 1.0394939e+01 1.0499211e+01 1.0680166e+01 1.0290016e+01 1.0025915e+01 9.9039087e+00 9.9188908e+00 1.0428528e+01 1.0558423e+01 1.0460003e+01 1.0274312e+01 1.0196414e+01 1.0365063e+01 1.0616528e+01 1.0562520e+01 1.0274876e+01 1.0059351e+01 9.8373240e+00 9.7197896e+00 9.5480175e+00 9.3783720e+00 9.3116576e+00 9.2841155e+00 9.2966996e+00 9.1287349e+00 8.9299626e+00 8.9233091e+00 8.9230718e+00 8.8460526e+00 8.7707957e+00 8.7931893e+00 8.7985538e+00 8.7393047e+00 8.7661547e+00 8.7820721e+00 8.7563202e+00 8.7263450e+00 8.6902225e+00 8.6728967e+00 8.6616283e+00 8.6208874e+00
1.0856429e+01 1.1027939e+01 1.1066729e+01 1.1167836e+01 1.1282652e+01 1.1547691e+01 1.1114056e+01 1.0713424e+01 1.0624356e+01 1.0597405e+01 1.0589788e+01 1.0332043e+01 9.9165191e+00 9.6138761e+00 9.6978189e+00 9.8963441e+00 1.0204409e+01 1.0380640e+01 1.0377613e+01 1.0272548e+01 1.0208474e+01 1.0451453e+01 1.0650114e+01 1.0527867e+01 1.0316668e+01 1.0145733e+01 9.9917354e+00 9.8493260e+00 9.7236427e+00 9.6574151e+00 9.5999447e+00 9.5025712e+00 9.4864205e+00 9.2881070e+00 9.0743295e+00 9.0114968e+00 8.9592049e+00 8.9039450e+00 8.9113218e+00 8.9481646e+00 8.9408556e+00 8.9200744e+00 8.9337922e+00 8.9402222e+00 8.9308068e+00 8.9110509e+00 8.8756709e+00 8.8622068e+00 8.9226232e+00 8.9002522e+00
1.0888875e+01 1.0781924e+01 1.0816019e+01 1.1165796e+01 1.1585027e+01 1.1879446e+01 1.1620850e+01 1.1207728e+01 1.1136197e+01 1.1245318e+01 1.0750509e+01 1.0342007e+01 1.0032309e+01 9.8780530e+00 9.9147966e+00 1.0055396e+01 1.0285248e+01 1.0427507e+01 1.0447559e+01 1.0406668e+01 1.0404130e+01 1.0550618e+01 1.0661191e+01 1.0564280e+01 1.0418577e+01 1.0159389e+01 1.0109561e+01 1.0028044e+01 9.9394170e+00 9.8962557e+00 9.8090349e+00 9.5771219e+00 9.4997018e+00 9.3721209e+00 9.2291850e+00 9.1376875e+00 9.0521974e+00 8.9717378e+00 9.0132616e+00 9.0553971e+00 9.0639340e+00 9.0462598e+00 9.0562803e+00 9.0574609e+00 9.0709943e+00 9.0764970e+00 9.0075119e+00 8.9574366e+00 9.0183308e+00 9.0390459e+00
1.0849011e+01 1.0796854e+01 1.0729354e+01 1.1172695e+01 1.1511208e+01 1.1858932e+01 1.1958582e+01 1.1604321e+01 1.1323370e+01 1.1044128e+01 1.0438450e+01 1.0429181e+01 1.0381020e+01 1.0317437e+01 1.0321347e+01 1.0419472e+01 1.0505842e+01 1.0589131e+01 1.0622000e+01 1.0610050e+01 1.0648511e+01 1.0768678e+01 1.0808769e+01 1.0714845e+01 1.0535777e+01 1.0399355e+01 1.0377391e+01 1.0320928e+01 1.0170035e+01 1.0075712e+01 9.9284190e+00 9.7098063e+00 9.5750590e+00 9.4651041e+00 9.3721198e+00 9.2974414e+00 9.2490053e+00 9.1760633e+00 9.1866960e+00 9.2193848e+00 9.2121582e+00 9.1925554e+00 9.1664981e+00 9.1487653e+00 9.1843618e+00 9.2206175e+00 9.1321324e+00 9.0710170e+00 9.0969104e+00 9.1413459e+00
1.0922300e+01 1.0821213e+01 1.0796240e+01 1.1131988e+01 1.1307282e+01 1.1694609e+01 1.1875103e+01 1.1702407e+01 1.1345468e+01 1.0969370e+01 1.0675255e+01 1.0755692e+01 1.0859791e+01 1.0816250e+01 1.0769809e+01 1.0802115e+01 1.0811102e+01 1.0824354e+01 1.0822088e+01 1.0813590e+01 1.0887444e+01 1.1030684e+01 1.1031440e+01 1.0920942e+01 1.0767391e+01 1.0652868e+01 1.0669201e+01 1.0665044e+01 1.0442982e+01 1.0252266e+01 1.0067267e+01 9.8620383e+00 9.6979608e+00 9.6019144e+00 9.5566032e+00 9.5141429e+00 9.4517257e+00 9.4208840e+00 9.4111203e+00 9.3951266e+00 9.3739701e+00 9.3648455e+00 9.2975371e+00 9.2402090e+00 9.2490107e+00 9.2628790e+00 9.2195723e+00 9.1800269e+00 9.1802543e+00 9.2634437e+00
1.1101701e+01 1.1183097e+01 1.1466730e+01 1.1709520e+01 1.1443412e+01 1.1652490e+01 1.2016473e+01 1.1745249e+01 1.1472663e+01 1.1232305e+01 1.1093837e+01 1.1146191e+01 1.1342488e+01 1.1333529e+01 1.1312300e+01 1.1286907e+01 1.1184771e+01 1.1101957e+01 1.1073692e+01 1.1087141e+01 1.1092239e+01 1.1238290e+01 1.1256901e+01 1.1182620e+01 1.0970612e+01 1.0744941e+01 1.0737276e+01 1.0729799e+01 1.0579570e+01 1.0394854e+01 1.0230582e+01 1.0047046e+01 9.8751864e+00 9.8332410e+00 9.8102372e+00 9.7785482e+00 9.7318553e+00 9.6750128e+00 9.6410759e+00 9.6272998e+00 9.5646020e+00 9.5308271e+00 9.4761778e+00 9.3889672e+00 9.3514247e+00 9.3511922e+00 9.3688089e+00 9.3186531e+00 9.2634315e+00 9.3893756e+00
1.1378777e+01 1.1368825e+01 1.1053808e+01 1.1984391e+01 1.1870218e+01 1.1534700e+01 1.1937375e+01 1.1917892e+01 1.1696141e+01 1.1639146e+01 1.1668833e+01 1.1486010e+01 1.1538008e+01 1.1645542e+01 1.1805094e+01 1.1894557e+01 1.1627793e+01 1.1355949e+01 1.1281931e+01 1.1345414e+01 1.1434224e+01 1.1557840e+01 1.1478657e+01 1.1363279e+01 1.1168066e+01 1.0731211e+01 1.0720653e+01 1.0744538e+01 1.0651369e+01 1.0543578e+01 1.0444486e+01 1.0370788e+01 1.0190094e+01 1.0131131e+01 1.0117661e+01 1.0090998e+01 1.0019467e+01 9.9468499e+00 9.8689784e+00 9.8362063e+00 9.7305650e+00 9.6523553e+00 9.6331369e+00 9.5774364e+00 9.4651288e+00 9.4764954e+00 9.5368375e+00 9.5537652e+00 9.5138386e+00 9.5182125e+00
1.1602551e+01 1.1803084e+01 1.1691748e+01 1.1394749e+01 1.1823022e+01 1.1975765e+01 1.2248823e+01 1.1935214e+01 1.1714483e+01 1.1573575e+01 1.1484934e+01 1.1434708e+01 1.1572828e+01 1.1747442e+01 1.2049793e+01 1.2311810e+01 1.1923272e+01 1.1450965e+01 1.1338803e+01 1.1429534e+01 1.1698042e+01 1.1889998e+01 1.1599389e+01 1.1343293e+01 1.1128873e+01 1.0816716e+01 1.0775510e+01 1.0833497e+01 1.0753690e+01 1.0687656e+01 1.0610878e+01 1.0541971e+01 1.0458795e+01 1.0410570e+01 1.0383117e+01 1.0455853e+01 1.0266184e+01 1.0128676e+01 1.0044093e+01 9.9482539e+00 9.8337353e+00 9.7509035e+00 9.7921625e+00 9.8141539e+00 9.5803363e+00 9.6143085e+00 9.7281158e+00 9.7830300e+00 9.7285663e+00 9.5644884e+00
