presentation/data/depth_0032.asc
ncols     164
nrows     146
xllcorner -1.242151388888889e+02
yllcorner  4.172986111111111e+01
cellsize  2.777777777820000e-04
nodata_value       -9999
[rows 88 to 109 of 146, columns 0 to 49 of 164]
7.7517522e+00 7.7649591e+00 7.6329381e+00 7.1837127e+00 7.0500330e+00 7.2396370e+00 6.7905175e+00 6.6614465e+00 6.4567927e+00 6.2292305e+00 5.9559695e+00 5.6974204e+00 5.4504029e+00 5.1930954e+00 4.9103119e+00 4.6247851e+00 4.3179076e+00 3.8808725e+00 3.2224726e+00 2.5733711e+00 1.4001171e+00 6.9820156e-01 4.7165978e-01 4.8132947e-01 4.3619170e-01 6.3747983e-01 4.7698747e-01 8.9552487e-04 2.1098605e-04 1.1668856e+00 1.3255600e+00 1.5521820e+00 1.1838027e+00 6.3623353e-01 1.0804653e+00 1.1360745e+00 1.2094501e+00 1.2613398e+00 1.2619729e+00 1.2569161e+00 1.2950173e+00 6.7907553e-01 5.8493514e-01 5.6267073e-04 1.7481797e+00 1.5691650e+00 9.9805037e-01 9.8270917e-04 1.6994622e-03 1.9172666e-03
8.1710577e+00 7.6292668e+00 7.4093785e+00 7.1376702e+00 7.1161972e+00 7.2604481e+00 7.0617746e+00 6.9062500e+00 6.6768150e+00 6.4375020e+00 6.1399069e+00 5.8814948e+00 5.6143134e+00 5.3295362e+00 5.0117597e+00 4.6566224e+00 4.2770781e+00 3.7460567e+00 2.9884873e+00 2.2568663e+00 1.2110230e+00 7.8513472e-01 5.9463361e-01 5.3921008e-01 5.4041115e-01 4.1643438e-01 2.4343272e-01 2.2128439e-02 6.0461291e-04 1.3216440e+00 1.3666649e+00 1.4413060e+00 1.4640653e+00 1.1901206e+00 1.0922689e+00 1.1256538e+00 1.1761049e+00 1.2029039e+00 1.2147669e+00 1.2295370e+00 1.3224654e+00 1.5471315e+00 1.4705464e+00 1.3967540e+00 1.3825355e+00 1.6244076e+00 1.5682563e+00 2.7675946e-01 9.9152305e-04 1.0053205e-03
8.4431457e+00 7.8323322e+00 7.3554908e+00 7.0955779e+00 7.4029589e+00 7.4088069e+00 7.3171350e+00 7.1688616e+00 6.9005458e+00 6.6240559e+00 6.3257419e+00 6.0628809e+00 5.7804170e+00 5.4888538e+00 5.1259228e+00 4.7185316e+00 4.2400146e+00 3.6252715e+00 2.7890536e+00 1.8685464e+00 1.0107921e+00 7.5204586e-01 7.5772082e-01 6.9689608e-01 7.5118427e-01 6.2618606e-01 6.4657829e-01 6.8536163e-01 6.7347566e-01 1.0777517e+00 1.3215923e+00 1.4152942e+00 1.3717147e+00 1.2248222e+00 1.1710808e+00 1.1588046e+00 1.1670318e+00 1.1823123e+00 1.1983051e+00 1.2302745e+00 1.3315924e+00 1.4806106e+00 1.4368116e+00 1.2581496e+00 1.3596683e+00 1.4601762e+00 1.6017962e+00 1.4219991e+00 6.8085763e-02 2.6179004e-01
8.3551147e+00 7.9546905e+00 7.6308242e+00 7.5199932e+00 7.5807191e+00 7.7120796e+00 7.6964087e+00 7.5281765e+00 7.1726532e+00 6.7994415e+00 6.5147832e+00 6.2484691e+00 5.9959957e+00 5.6766797e+00 5.2723758e+00 4.7764922e+00 4.2091297e+00 3.5096163e+00 2.6471620e+00 1.4932624e+00 8.2149929e-01 7.1070977e-01 7.7212814e-01 7.5593479e-01 8.9503912e-01 8.2559256e-01 8.2099789e-01 8.9785724e-01 9.6050213e-01 1.1703765e+00 1.2880954e+00 1.3784070e+00 1.3799132e+00 1.2822398e+00 1.1912132e+00 1.1398905e+00 1.1288127e+00 1.1232824e+00 1.1528543e+00 1.1678756e+00 1.2671941e+00 1.4538529e+00 1.8748307e+00 2.0640782e+00 1.4139795e+00 8.5550076e-01 1.2072547e-01 3.4743844e-01 1.5040977e+00 1.4733939e+00
8.5684506e+00 8.4742432e+00 8.3249257e+00 8.1872919e+00 8.0809720e+00 8.0991636e+00 7.8146957e+00 7.6760339e+00 7.3798807e+00 7.2227538e+00 6.7898980e+00 6.6461342e+00 6.3297119e+00 5.9447839e+00 5.4643590e+00 4.8646932e+00 4.2143758e+00 3.4112227e+00 2.4948954e+00 1.1854367e+00 6.4947229e-01 6.6968365e-01 7.7749391e-01 7.8332490e-01 9.3324817e-01 9.7891410e-01 1.0258624e+00 1.0089320e+00 1.1328425e+00 1.2714908e+00 1.3554825e+00 1.4285559e+00 1.4178352e+00 1.3030849e+00 1.2016432e+00 1.0932414e+00 1.0657931e+00 1.0506202e+00 1.0368016e+00 1.0195155e+00 1.0271224e+00 1.0461180e+00 2.6884040e-01 9.4145683e-04 9.8475757e-04 9.0708775e-04 8.7134453e-04 9.1888020e-04 5.4439892e-01 1.3229523e+00
9.5053597e+00 9.3877373e+00 9.2223205e+00 9.0233761e+00 8.8462242e+00 8.6723678e+00 8.6540198e+00 8.4469777e+00 7.7475830e+00 7.4156363e+00 7.6184879e+00 7.2514299e+00 7.0121769e+00 6.3339486e+00 5.7232308e+00 5.0094228e+00 4.2856510e+00 3.3807267e+00 2.3194168e+00 1.1054136e+00 4.9891019e-01 6.0542471e-01 7.4698212e-01 8.2557546e-01 7.2605771e-01 8.3559540e-01 9.8458953e-01 1.1915726e+00 1.2426001e+00 1.3278739e+00 1.4206703e+00 1.4853992e+00 1.4519714e+00 1.3049900e+00 1.1547759e+00 1.0099380e+00 9.8703333e-01 1.0237078e+00 1.0761422e+00 9.7858041e-01 5.3376322e-01 4.0317100e-03 0.0000000e+00 0.0000000e+00 0.0000000e+00 0.0000000e+00 0.0000000e+00 9.1237339e-04 1.2886685e+00 1.1548363e+00
1.0630358e+01 1.0402060e+01 1.0153761e+01 9.9133082e+00 9.6819991e+00 9.4796658e+00 9.4980034e+00 9.2306082e+00 8.8532511e+00 8.6355149e+00 8.4656927e+00 8.3113740e+00 7.6008486e+00 6.8032637e+00 6.0002193e+00 5.2166875e+00 4.4381104e+00 3.4666533e+00 2.2992958e+00 1.1996233e+00 3.0220132e-01 3.5366242e-01 5.4234189e-01 6.5089550e-01 2.5305338e-01 1.6085199e-01 3.5082964e-01 1.2527010e+00 1.3363180e+00 1.3804158e+00 1.4631910e+00 1.5304278e+00 1.4713510e+00 1.2751095e+00 1.0234952e+00 8.9164815e-01 8.6698574e-01 1.0197812e+00 1.2114960e+00 1.0096946e+00 8.4601251e-01 5.3527616e-03 7.2686686e-04 0.0000000e+00 0.0000000e+00 0.0000000e+00 9.9029497e-04 9.7953485e-04 1.3058679e+00 1.1357844e+00
1.1490118e+01 1.1233191e+01 1.0971814e+01 1.0739776e+01 1.0540459e+01 1.0374765e+01 1.0216088e+01 1.0070551e+01 9.8226890e+00 9.3252138e+00 7.8797050e+00 8.2139850e+00 7.7565719e+00 7.0906463e+00 6.3186689e+00 5.5375200e+00 4.7870598e+00 3.8341663e+00 2.4918478e+00 1.2688933e+00 9.0579796e-02 4.3063358e-02 5.4237381e-02 6.9929480e-02 3.4513399e-01 2.7651888e-01 4.0159856e-01 6.1916810e-01 1.1558862e+00 1.5220794e+00 1.6788441e+00 1.5791251e+00 1.2835031e+00 9.7776653e-01 8.0816610e-01 6.3080679e-01 6.7487102e-01 5.2295236e-01 2.4006281e-01 1.1622259e-01 6.2577413e-01 2.0181135e-01 7.9485918e-04 9.5977383e-04 8.9437024e-04 3.8242049e-03 9.2906013e-04 7.8181496e-01 9.9787489e-01 1.0853740e+00
1.2237547e+01 1.2036386e+01 1.1853990e+01 1.1733597e+01 1.1540740e+01 1.1320923e+01 1.1184145e+01 1.0633750e+01 9.3249049e+00 8.4470718e+00 7.7096410e+00 7.7051498e+00 7.4628003e+00 6.9941191e+00 6.4764372e+00 5.8505008e+00 5.2032994e+00 4.3245686e+00 2.9331006e+00 1.5033806e+00 5.2718376e-02 2.9522002e-02 1.3400638e-03 9.8611850e-04 3.0709811e-01 5.0378169e-01 4.6920381e-01 3.2991056e-01 8.2299227e-01 1.3370236e+00 1.5652417e+00 1.6556698e+00 1.4343916e+00 7.8963585e-01 5.8493737e-01 3.4332257e-01 4.0894512e-01 1.8357330e-01 1.7180153e-01 1.6963533e-01 4.8001137e-01 3.0800217e-01 1.0953432e-01 1.0954069e-01 2.7610637e-02 2.4287787e-02 2.2585217e-01 2.4999702e-01 1.1668646e+00 1.1736546e+00
1.2869370e+01 1.3096561e+01 1.2829033e+01 1.2355534e+01 1.1963405e+01 1.2047138e+01 1.1505102e+01 1.1344134e+01 9.2604513e+00 7.7120527e+00 7.6817235e+00 7.5277931e+00 7.2009612e+00 6.9602673e+00 6.6349130e+00 6.1673734e+00 5.7040057e+00 5.0603643e+00 3.7398879e+00 2.2906296e+00 1.4322377e-01 2.1420981e-02 5.3673705e-02 6.4776572e-02 5.4730020e-02 2.6615237e-01 3.1275828e-01 1.9114909e-01 6.0998081e-01 1.1101517e+00 1.5202954e+00 1.7282636e+00 1.7312817e+00 1.2616053e+00 6.9272618e-01 2.9004970e-01 1.3704253e-01 3.3336142e-02 2.0286816e-01 2.7008314e-01 3.1320726e-01 2.8413824e-01 2.1422589e-01 1.1021125e-01 5.9226408e-02 4.4014983e-02 1.9881825e-01 6.1674275e-01 1.1291427e+00 1.2144990e+00
1.4071042e+01 1.4168181e+01 1.3254447e+01 1.3128052e+01 1.2126802e+01 1.2421766e+01 1.1834793e+01 9.4540017e+00 7.8683800e+00 8.1016887e+00 7.7566948e+00 7.4020505e+00 7.1933817e+00 7.0794450e+00 6.8329917e+00 6.4464455e+00 6.2149924e+00 6.1082830e+00 5.1749186e+00 4.1735446e+00 2.6731575e+00 3.0606770e-01 4.5845196e-03 8.4917408e-03 5.1881983e-03 1.8889738e-01 5.7504402e-01 6.1783059e-01 8.9349571e-01 1.3269159e+00 1.8466665e+00 2.2720669e+00 2.3686473e+00 2.3665526e+00 2.0153197e+00 1.5908794e+00 1.0828211e+00 7.6605909e-01 5.8147819e-01 5.0097506e-01 4.0524787e-01 2.6741153e-01 2.3782871e-01 1.0712428e-01 7.2736061e-02 7.6717341e-02 4.4546627e-01 8.9291307e-01 1.1224472e+00 1.2469017e+00
1.4402660e+01 1.4915493e+01 1.4437787e+01 1.3756538e+01 1.3583845e+01 1.2183727e+01 1.0585174e+01 5.8127463e+00 6.2521085e+00 6.3953104e+00 7.5090440e+00 8.0130018e+00 7.3311324e+00 7.3351173e+00 7.2441118e+00 6.8461195e+00 6.3898256e+00 6.9589846e+00 7.1492227e+00 6.4964780e+00 6.0195392e+00 3.9437264e+00 2.3339689e+00 2.4936481e+00 3.1570209e+00 3.7316953e+00 3.3821888e+00 3.0378492e+00 3.0237108e+00 3.0933712e+00 3.2875913e+00 3.5926863e+00 3.7901210e+00 3.5747604e+00 3.3686198e+00 3.0920560e+00 2.6811564e+00 2.5671120e+00 2.4565150e+00 1.8623978e+00 1.4553324e+00 1.0532701e+00 5.4726486e-01 1.3307476e-01 1.7577440e-01 3.5361685e-01 6.7543755e-01 1.0149975e+00 1.2232002e+00 1.3301591e+00
1.4551494e+01 1.3113081e+01 1.4822922e+01 1.4280769e+01 1.4018604e+01 1.3116445e+01 9.2865694e+00 7.1932575e+00 4.4025399e+00 3.4077586e+00 6.2450709e+00 8.3830979e+00 7.3085127e+00 7.5064600e+00 7.8192334e+00 7.7137321e+00 6.7631032e+00 7.5853928e+00 8.6633185e+00 8.7525063e+00 7.8287679e+00 7.3119472e+00 6.4631625e+00 6.6672138e+00 7.0103395e+00 7.2955404e+00 5.6609703e+00 4.5227435e+00 4.5292622e+00 4.8673014e+00 5.0500876e+00 5.0060478e+00 4.9020989e+00 4.7186746e+00 4.5949251e+00 4.2902101e+00 4.0116018e+00 2.9680423e+00 3.5188287e+00 2.8804658e+00 2.2314722e+00 1.7175538e+00 1.1984202e+00 6.7379783e-01 5.6757740e-01 4.9036677e-01 7.7265004e-01 1.0325601e+00 1.2840945e+00 1.4021214e+00
1.5838509e+01 1.4837444e+01 1.5183577e+01 1.4288132e+01 1.4114257e+01 1.3208893e+01 1.1311594e+01 1.0284273e+01 7.8244336e+00 9.0004220e+00 9.5828527e+00 9.6709427e+00 8.9062981e+00 8.8221771e+00 8.6141312e+00 8.6368442e+00 9.1942300e+00 9.3117439e+00 9.3469897e+00 8.2516509e+00 8.3057846e+00 8.6172151e+00 8.5832559e+00 8.2746674e+00 8.3918987e+00 7.8124451e+00 5.9370942e+00 5.4422618e+00 5.9101174e+00 6.1664729e+00 6.2611617e+00 6.1256456e+00 6.0219240e+00 5.9514167e+00 5.8104628e+00 5.5943277e+00 5.6162126e+00 1.8974518e+00 4.9482473e-04 2.8877498e+00 3.6190577e+00 2.8215572e+00 2.0379892e+00 1.3459900e+00 8.4865407e-01 1.3277793e+00 1.8721618e+00 1.5159215e+00 1.3026775e+00 1.2880857e+00
1.5885875e+01 1.5276704e+01 1.4346148e+01 1.4700453e+01 1.4433978e+01 1.3704552e+01 1.4079330e+01 1.2150076e+01 1.1736151e+01 1.1530419e+01 9.8353261e+00 6.3319301e+00 1.0613228e+01 1.0244167e+01 9.6655620e+00 1.0008275e+01 1.0156369e+01 1.0048807e+01 9.9007026e+00 9.4963679e+00 9.2173308e+00 8.5052409e+00 8.5432860e+00 7.8409249e+00 8.8692696e+00 8.8171962e+00 7.1537609e+00 6.6731455e+00 7.2065255e+00 7.4188133e+00 7.6417868e+00 7.3580747e+00 7.1700012e+00 7.4742778e+00 7.5422145e+00 7.2191966e+00 7.4623032e+00 5.6094181e+00 4.5660627e+00 4.4440278e+00 3.9424457e-04 4.3763959e-04 2.7814776e+00 2.7608418e+00 1.8165783e+00 4.8584604e-01 2.5772447e-02 1.8392410e+00 2.4114504e+00 1.8859783e+00
1.5753088e+01 1.5274077e+01 1.4398880e+01 1.5414113e+01 1.5003187e+01 1.4353586e+01 1.3205740e+01 1.2215884e+01 1.2687494e+01 9.8269264e+00 1.0624458e+01 7.2555675e+00 1.0264191e+01 1.1346909e+01 1.0945290e+01 1.0737260e+01 1.0564384e+01 1.0536372e+01 1.0073263e+01 9.7412511e+00 9.5480086e+00 9.1455558e+00 8.9667339e+00 7.4982529e+00 8.5665460e+00 8.7940393e+00 8.8936935e+00 8.1218084e+00 8.6492013e+00 8.0709042e+00 7.9210630e+00 7.8064512e+00 7.6216121e+00 7.8447316e+00 8.2745120e+00 7.6526619e+00 7.7458463e+00 8.0218045e+00 7.1740279e+00 6.0120271e+00 3.1914126e+00 2.5930132e+00 3.8106383e+00 3.3140515e+00 2.8581158e+00 9.7576671e-01 1.8860985e-03 1.8227210e+00 2.7520306e+00 2.3444663e+00
1.6489296e+01 1.5595068e+01 1.5821943e+01 1.5829846e+01 1.2616862e+01 1.4974289e+01 1.3662964e+01 1.3035444e+01 1.3011875e+01 1.1194538e+01 1.1918186e+01 1.1054914e+01 1.1169569e+01 1.2218454e+01 1.1504919e+01 1.1226777e+01 1.1153816e+01 1.1173655e+01 1.0858920e+01 1.0195412e+01 9.9023191e+00 9.5906090e+00 9.2892115e+00 8.7525072e+00 9.2591850e+00 9.1181615e+00 8.9614602e+00 8.7522224e+00 8.8777471e+00 8.3729812e+00 8.1607152e+00 7.8040535e+00 7.3746715e+00 7.8151546e+00 6.9858924e+00 7.8437005e+00 7.8793946e+00 7.8480161e+00 7.2283201e+00 6.5551679e+00 6.0087830e+00 5.3110695e+00 4.6440995e+00 3.9946063e+00 3.3888784e+00 2.5506979e+00 2.1439664e+00 2.5684047e+00 2.7289760e+00 2.5034260e+00
1.6764384e+01 1.6487476e+01 1.6134961e+01 1.5459279e+01 1.4299117e+01 1.4980939e+01 1.4256295e+01 1.3679503e+01 1.3483474e+01 1.3106803e+01 1.3167911e+01 1.3101889e+01 1.2811406e+01 1.2634602e+01 1.2139660e+01 1.1943006e+01 1.1420911e+01 1.0365606e+01 1.0488481e+01 1.1090085e+01 1.0430935e+01 1.0045451e+01 9.9917862e+00 9.6930243e+00 9.6121364e+00 8.7762627e+00 8.3599227e+00 8.9385865e+00 9.2161868e+00 8.5566899e+00 8.2608870e+00 8.2389946e+00 7.0908990e+00 6.7470966e+00 7.9338642e+00 8.2078694e+00 8.1529732e+00 7.8225296e+00 7.3797428e+00 6.8908498e+00 6.2920442e+00 5.6748690e+00 5.2609268e+00 4.7751798e+00 4.2726941e+00 3.7509322e+00 3.5486729e+00 3.4578971e+00 3.1739778e+00 2.9467571e+00
1.6487934e+01 1.6331324e+01 1.5559874e+01 1.5539372e+01 1.5514500e+01 1.4849204e+01 1.5320789e+01 1.4776200e+01 1.4441524e+01 1.4361417e+01 1.3978615e+01 1.3530941e+01 1.3152715e+01 1.3135114e+01 1.2673076e+01 1.2081434e+01 1.1034723e+01 9.9266667e+00 1.0896389e+01 1.1673403e+01 1.1090010e+01 1.0793923e+01 1.0653685e+01 1.0162821e+01 9.9361575e+00 9.1458469e+00 9.2697615e+00 9.3782797e+00 8.7566007e+00 9.0077542e+00 7.8866619e+00 6.9025280e+00 6.6547363e+00 6.1760472e+00 6.8332297e+00 7.6691996e+00 7.5144940e+00 7.3487751e+00 7.5257927e+00 7.4567222e+00 6.7206449e+00 6.2168002e+00 5.8204439e+00 5.3712190e+00 4.9606826e+00 4.5267708e+00 4.3521997e+00 4.2614797e+00 3.9360419e+00 3.5335189e+00
1.5904158e+01 1.5851726e+01 1.6178070e+01 1.5776239e+01 1.5632056e+01 1.5590314e+01 1.5433622e+01 1.5287667e+01 1.5106273e+01 1.4809774e+01 1.4398850e+01 1.3763208e+01 1.3619016e+01 1.3000938e+01 1.2681523e+01 1.3166968e+01 1.2317921e+01 1.1844599e+01 1.2297431e+01 1.2168964e+01 1.1740930e+01 1.1366402e+01 1.1037814e+01 1.0759430e+01 1.0386649e+01 1.0117799e+01 9.0007032e+00 9.8890152e+00 1.0216082e+01 8.6897231e+00 8.7763839e+00 8.2460066e+00 7.6032215e+00 7.4996258e+00 7.2037505e+00 7.3918288e+00 6.7045759e+00 5.6652105e+00 7.7928651e+00 7.8120375e+00 7.2281369e+00 6.7986870e+00 6.2636293e+00 5.8838806e+00 5.6648519e+00 5.4928132e+00 5.3523960e+00 5.1325144e+00 4.7332915e+00 4.2309859e+00
1.7012641e+01 1.6875280e+01 1.6525524e+01 1.6078067e+01 1.5862549e+01 1.5312976e+01 1.5355864e+01 1.5406900e+01 1.5312424e+01 1.5059364e+01 1.4685473e+01 1.4281802e+01 1.4027013e+01 1.3632396e+01 1.3411471e+01 1.3437238e+01 1.3319055e+01 1.3091617e+01 1.3327875e+01 1.2823719e+01 1.2295838e+01 1.1958621e+01 1.1784546e+01 1.1431304e+01 1.1219767e+01 1.1047775e+01 1.0580696e+01 1.0044382e+01 9.5787169e+00 6.7886473e+00 7.5060474e+00 7.8499880e+00 7.9625048e+00 8.3172356e+00 7.8584559e+00 7.3153185e+00 7.1861603e+00 7.0508362e+00 6.5777589e+00 7.1151152e+00 6.1075833e+00 5.7383533e+00 6.3155565e+00 6.4132119e+00 6.2777804e+00 6.1948648e+00 6.0982072e+00 5.9054275e+00 5.4917830e+00 5.0218381e+00
1.6314949e+01 1.6973998e+01 1.6813107e+01 1.6460761e+01 1.6248534e+01 1.6163253e+01 1.5980609e+01 1.5772295e+01 1.5363284e+01 1.5120062e+01 1.4919286e+01 1.4776379e+01 1.4857689e+01 1.4311233e+01 1.3292739e+01 1.3881858e+01 1.3735639e+01 1.3001413e+01 1.3384921e+01 1.3433303e+01 1.2992668e+01 1.2925538e+01 1.2286980e+01 1.2055753e+01 1.1596424e+01 1.1339178e+01 1.1454819e+01 1.1329660e+01 1.0934171e+01 8.6759652e+00 9.7313996e+00 9.6234799e+00 9.0432519e+00 8.6329929e+00 8.3007838e+00 7.8107321e+00 7.4164873e+00 6.6366651e+00 6.2802967e+00 4.9069863e+00 9.1690483e-04 4.4087382e-02 6.0387551e+00 7.1043893e+00 6.8156146e+00 6.7834519e+00 6.7164399e+00 6.5395966e+00 6.1596383e+00 5.7016226e+00
