presentation/data/depth_0001.asc
ncols     164
nrows     146
xllcorner -1.242151388888889e+02
yllcorner  4.172986111111111e+01
cellsize  2.777777777820000e-04
nodata_value       -9999
[rows 88 to 109 of 146, columns 0 to 49 of 164]
1.1126392e+01 1.1151838e+01 1.1037914e+01 1.0619727e+01 1.0500752e+01 1.0697643e+01 1.0274125e+01 1.0166735e+01 9.9850519e+00 9.7713850e+00 9.5435614e+00 9.3140780e+00 9.0943880e+00 8.8612173e+00 8.6004564e+00 8.3291922e+00 8.0263510e+00 7.6130111e+00 7.0107492e+00 6.3832044e+00 5.5739627e+00 4.7524769e+00 4.0907677e+00 3.5653075e+00 3.0447944e+00 2.6043283e+00 2.2826096e+00 2.1863171e-01 0.0000000e+00 2.3962909e+00 2.5805178e+00 2.8232298e+00 2.5553806e+00 2.0476448e+00 2.2576725e+00 2.2403471e+00 2.2724126e+00 2.2920764e+00 2.2745621e+00 2.2520856e+00 2.2819891e+00 1.6671886e+00 1.5631283e+00 5.9580702e-01 2.7349033e+00 2.5338287e+00 1.9140287e+00 0.0000000e+00 0.0000000e+00 0.0000000e+00
1.1522672e+01 1.1010799e+01 1.0807468e+01 1.0557667e+01 1.0550147e+01 1.0704127e+01 1.0527592e+01 1.0396442e+01 1.0193048e+01 9.9666341e+00 9.7120441e+00 9.4795381e+00 9.2351240e+00 8.9694205e+00 8.6696906e+00 8.3244621e+00 7.9483035e+00 7.4391095e+00 6.7428350e+00 6.1191969e+00 5.3876684e+00 4.6744957e+00 4.0832203e+00 3.6111856e+00 3.1390856e+00 2.7885460e+00 2.4920026e+00 2.2522931e+00 8.7565166e-01 2.7577091e+00 2.7389541e+00 2.7751379e+00 2.7526420e+00 2.4837143e+00 2.3574730e+00 2.3315060e+00 2.3226148e+00 2.2968006e+00 2.2692908e+00 2.2467238e+00 2.2997214e+00 2.4994996e+00 2.4281586e+00 2.3719580e+00 2.3495226e+00 2.5447942e+00 2.4744834e+00 1.2230543e+00 0.0000000e+00 0.0000000e+00
1.1745151e+01 1.1168358e+01 1.0721612e+01 1.0485814e+01 1.0803024e+01 1.0828358e+01 1.0761334e+01 1.0637962e+01 1.0398302e+01 1.0135354e+01 9.8801393e+00 9.6425622e+00 9.3827584e+00 9.1069532e+00 8.7585114e+00 8.3564879e+00 7.8885326e+00 7.3026849e+00 6.5164307e+00 5.8738360e+00 5.1530636e+00 4.5030176e+00 3.9958679e+00 3.5901220e+00 3.1911927e+00 2.9117207e+00 2.8285183e+00 2.8884440e+00 2.8705143e+00 2.8596896e+00 2.8908860e+00 2.8985248e+00 2.7947413e+00 2.6249855e+00 2.5325633e+00 2.4622309e+00 2.4012543e+00 2.3484345e+00 2.3097318e+00 2.2907851e+00 2.3388592e+00 2.4547708e+00 2.4071155e+00 2.2335977e+00 2.3066855e+00 2.3929063e+00 2.5156367e+00 2.3601442e+00 9.7532285e-01 1.2544487e+00
1.1609146e+01 1.1240658e+01 1.0951863e+01 1.0873278e+01 1.0954961e+01 1.1104848e+01 1.1112464e+01 1.0970816e+01 1.0647755e+01 1.0291152e+01 1.0049447e+01 9.8097780e+00 9.5800177e+00 9.2854201e+00 8.9045997e+00 8.4308058e+00 7.8759172e+00 7.2038278e+00 6.3394180e+00 5.6350205e+00 4.9083569e+00 4.2772356e+00 3.7825412e+00 3.4752276e+00 3.1754806e+00 2.9786123e+00 2.9012573e+00 2.9288294e+00 2.9769902e+00 3.0078934e+00 3.0304868e+00 3.0281245e+00 2.9659538e+00 2.8255040e+00 2.6886065e+00 2.5677188e+00 2.4731197e+00 2.3942642e+00 2.3627703e+00 2.3251921e+00 2.3752699e+00 2.5069147e+00 2.8654739e+00 3.0474378e+00 2.4096652e+00 1.9435525e+00 1.0167286e+00 1.2446457e+00 2.4467570e+00 2.4311022e+00
1.1768515e+01 1.1718082e+01 1.1610441e+01 1.1507366e+01 1.1429433e+01 1.1470081e+01 1.1212611e+01 1.1097581e+01 1.0830984e+01 1.0686829e+01 1.0301004e+01 1.0183126e+01 9.9008331e+00 9.5544832e+00 9.1167947e+00 8.5628971e+00 7.9266491e+00 7.1451594e+00 6.1926409e+00 5.3797125e+00 4.6198479e+00 3.9729824e+00 3.5067911e+00 3.2766149e+00 3.0982985e+00 3.0034267e+00 2.9576725e+00 2.9367657e+00 3.0156221e+00 3.1111702e+00 3.1806303e+00 3.2128399e+00 3.1644016e+00 3.0186768e+00 2.8680053e+00 2.6767684e+00 2.5350645e+00 2.4267627e+00 2.3680265e+00 2.3183541e+00 2.3509985e+00 2.3392724e+00 1.3859208e+00 0.0000000e+00 0.0000000e+00 0.0000000e+00 0.0000000e+00 2.0700992e-01 1.5899646e+00 2.3157523e+00
1.2723351e+01 1.2630482e+01 1.2491053e+01 1.2320319e+01 1.2168303e+01 1.2019183e+01 1.2024378e+01 1.1845437e+01 1.1186424e+01 1.0872556e+01 1.1111327e+01 1.0777933e+01 1.0574135e+01 9.9454465e+00 9.3922605e+00 8.7329410e+00 8.0365671e+00 7.1508526e+00 6.0631877e+00 5.1309050e+00 4.2699819e+00 3.6040457e+00 3.2076509e+00 3.0511116e+00 2.8883713e+00 2.7145173e+00 2.7038108e+00 2.9193829e+00 3.0404535e+00 3.1930506e+00 3.3404060e+00 3.4189135e+00 3.3804586e+00 3.2249774e+00 3.0191153e+00 2.7570595e+00 2.5555786e+00 2.4569800e+00 2.4529000e+00 2.3650429e+00 2.4160012e+00 7.3499455e-01 0.0000000e+00 0.0000000e+00 0.0000000e+00 0.0000000e+00 0.0000000e+00 3.6522589e-01 2.4174402e+00 2.2544772e+00
1.3833073e+01 1.3626819e+01 1.3403469e+01 1.3188291e+01 1.2982333e+01 1.2805693e+01 1.2847142e+01 1.2607028e+01 1.2263572e+01 1.2061231e+01 1.1936103e+01 1.1808596e+01 1.1136695e+01 1.0388003e+01 9.6399914e+00 8.9090176e+00 8.1582216e+00 7.1828047e+00 5.9876040e+00 4.9370245e+00 3.9675622e+00 3.2307798e+00 2.9534175e+00 2.9412146e+00 2.5271903e+00 1.8455464e+00 1.9903909e+00 2.8458108e+00 3.0657834e+00 3.2906160e+00 3.5141107e+00 3.6499803e+00 3.6213939e+00 3.4352063e+00 3.1532631e+00 2.8274989e+00 2.5387783e+00 2.4922838e+00 2.5079324e+00 2.2713683e+00 2.5137706e+00 1.2176998e+00 0.0000000e+00 0.0000000e+00 0.0000000e+00 0.0000000e+00 0.0000000e+00 7.7878520e-01 2.4917844e+00 2.3265327e+00
1.4669851e+01 1.4432712e+01 1.4194005e+01 1.3987392e+01 1.3814706e+01 1.3676914e+01 1.3547393e+01 1.3428244e+01 1.3207112e+01 1.2727572e+01 1.1336128e+01 1.1695044e+01 1.1266755e+01 1.0635278e+01 9.9011182e+00 9.1539875e+00 8.4244371e+00 7.4675540e+00 6.1023248e+00 4.8544533e+00 3.6481227e+00 2.2008100e+00 2.0969906e+00 1.8109841e+00 2.1566061e+00 2.1437127e+00 2.2452264e+00 2.4029912e+00 3.1169716e+00 3.6529266e+00 4.0120371e+00 4.2104969e+00 4.2132047e+00 3.9648401e+00 3.5959467e+00 3.0506326e+00 2.4968204e+00 2.3989070e+00 1.5255990e+00 1.3158398e+00 2.5212826e+00 1.7968265e+00 0.0000000e+00 0.0000000e+00 0.0000000e+00 0.0000000e+00 7.3904804e-01 2.2806655e+00 2.3812858e+00 2.4253479e+00
1.5394161e+01 1.5212588e+01 1.5052408e+01 1.4957004e+01 1.4790472e+01 1.4598130e+01 1.4489045e+01 1.3971622e+01 1.2696126e+01 1.1831630e+01 1.1132588e+01 1.1149762e+01 1.0930940e+01 1.0486959e+01 9.9945187e+00 9.3930223e+00 8.7595057e+00 7.8867728e+00 6.4848884e+00 5.0611778e+00 3.5073758e+00 2.6238955e+00 1.4278838e+00 3.7197534e-01 2.1338208e+00 2.4885821e+00 2.5721584e+00 2.6140375e+00 3.5674439e+00 4.2435683e+00 4.6667858e+00 4.8961765e+00 4.8999771e+00 4.6212476e+00 4.1861507e+00 3.5488163e+00 2.7787785e+00 2.3553142e+00 2.5286508e+00 2.6589877e+00 2.6806343e+00 2.4644480e+00 2.2487154e+00 2.3198484e+00 1.8420508e+00 1.4346304e+00 1.7564695e+00 1.6881682e+00 2.6204793e+00 2.6205496e+00
1.6010184e+01 1.6250504e+01 1.6002725e+01 1.5556304e+01 1.5189970e+01 1.5298252e+01 1.4787783e+01 1.4658776e+01 1.2615676e+01 1.1085626e+01 1.1079167e+01 1.0936142e+01 1.0630126e+01 1.0409938e+01 1.0104498e+01 9.6582877e+00 9.2098193e+00 8.5755844e+00 7.2580837e+00 5.8103829e+00 3.7912345e+00 2.5822811e+00 2.2766705e+00 1.9521424e+00 1.7910439e+00 3.0648015e+00 3.6855410e+00 4.0981567e+00 4.6394157e+00 5.1660614e+00 5.5450662e+00 5.7571646e+00 5.7452043e+00 5.4732562e+00 5.0682090e+00 4.4890279e+00 3.8248768e+00 3.3529909e+00 3.3988030e+00 3.4134984e+00 3.2185353e+00 2.9910874e+00 2.9264535e+00 2.7221290e+00 2.4120339e+00 1.5419418e+00 1.8892075e+00 2.5267499e+00 2.7923014e+00 2.8198302e+00
1.7188005e+01 1.7302003e+01 1.6410723e+01 1.6305870e+01 1.5331189e+01 1.5644567e+01 1.5088495e+01 1.2754840e+01 1.1218766e+01 1.1453317e+01 1.1140326e+01 1.0801644e+01 1.0613648e+01 1.0521426e+01 1.0299160e+01 9.9387860e+00 9.7326594e+00 9.6420533e+00 8.7204971e+00 7.7243217e+00 6.2727886e+00 3.9798967e+00 2.7784761e+00 2.6347333e+00 2.8750567e+00 4.2831611e+00 5.2481355e+00 5.6789183e+00 6.0437573e+00 6.3959937e+00 6.6700724e+00 6.8080822e+00 6.7790036e+00 6.5426256e+00 6.2103926e+00 5.7507387e+00 5.2196202e+00 4.8152087e+00 4.5687139e+00 4.3466361e+00 4.0815623e+00 3.7238656e+00 3.3401008e+00 2.9378351e+00 2.4768042e+00 2.3762961e+00 2.6551526e+00 2.8969708e+00 3.0159347e+00 3.0694906e+00
1.7504331e+01 1.8028384e+01 1.7569797e+01 1.6909923e+01 1.6756939e+01 1.5381330e+01 1.3820010e+01 9.1435672e+00 9.5800489e+00 9.7228257e+00 1.0852137e+01 1.1365209e+01 1.0711634e+01 1.0742924e+01 1.0678586e+01 1.0314587e+01 9.8986922e+00 1.0507497e+01 1.0741138e+01 1.0132772e+01 9.7203534e+00 7.7095904e+00 6.3000934e+00 6.5611973e+00 7.1237054e+00 7.8449854e+00 7.6665188e+00 7.4576382e+00 7.5065705e+00 7.7015022e+00 7.8833787e+00 7.9520518e+00 7.9094126e+00 7.7277779e+00 7.4518928e+00 7.0888663e+00 6.6119407e+00 6.4377361e+00 6.2016893e+00 5.5811415e+00 5.0092227e+00 4.5709250e+00 4.1272365e+00 3.6560544e+00 3.1929147e+00 2.9498058e+00 3.0515156e+00 3.2320396e+00 3.3555207e+00 3.3673406e+00
1.7641591e+01 1.6228883e+01 1.7938031e+01 1.7411668e+01 1.7168351e+01 1.6286403e+01 1.2503649e+01 1.0468908e+01 7.7886674e+00 6.7896743e+00 9.5394481e+00 1.1671411e+01 1.0629746e+01 1.0862243e+01 1.1203423e+01 1.1135457e+01 1.0231114e+01 1.1073815e+01 1.2173308e+01 1.2306457e+01 1.1456246e+01 1.1002956e+01 1.0178582e+01 1.0380107e+01 1.0812003e+01 1.1206927e+01 9.7364421e+00 8.7411522e+00 8.5908663e+00 8.7341475e+00 8.8666507e+00 8.8786907e+00 8.8183464e+00 8.6957119e+00 8.5004504e+00 8.1694137e+00 7.8908847e+00 6.8552014e+00 7.2484924e+00 6.6405928e+00 5.8495311e+00 5.3121388e+00 4.8175844e+00 4.3491443e+00 3.9171322e+00 3.6403949e+00 3.5960139e+00 3.6741899e+00 3.7025665e+00 3.6694442e+00
1.8900167e+01 1.7923711e+01 1.8283587e+01 1.7407763e+01 1.7251115e+01 1.6364516e+01 1.4508603e+01 1.3523709e+01 1.1116362e+01 1.2294236e+01 1.2883034e+01 1.3001352e+01 1.2254326e+01 1.2194429e+01 1.2015138e+01 1.2061820e+01 1.2632265e+01 1.2777345e+01 1.2847165e+01 1.1815321e+01 1.1907446e+01 1.2252183e+01 1.2245783e+01 1.1973432e+01 1.2140476e+01 1.1636412e+01 9.8783314e+00 9.4101148e+00 9.7950933e+00 9.9748868e+00 1.0027458e+01 9.9016934e+00 9.8182833e+00 9.7969155e+00 9.6509286e+00 9.4339194e+00 9.4876975e+00 5.7622848e+00 1.8258678e+00 6.6054605e+00 7.1459337e+00 6.3531537e+00 5.7076965e+00 5.1740534e+00 4.7593370e+00 4.4854693e+00 4.4484556e+00 4.2654858e+00 4.1265023e+00 4.0389157e+00
1.8923528e+01 1.8336938e+01 1.7428292e+01 1.7793875e+01 1.7547929e+01 1.6837368e+01 1.7235107e+01 1.5350271e+01 1.4963933e+01 1.4783392e+01 1.3127411e+01 9.7240541e+00 1.3904074e+01 1.3559802e+01 1.3019767e+01 1.3383944e+01 1.3557104e+01 1.3476899e+01 1.3357705e+01 1.2996576e+01 1.2758574e+01 1.2103021e+01 1.2169720e+01 1.1527505e+01 1.2548897e+01 1.2520732e+01 1.0944826e+01 1.0484727e+01 1.0965668e+01 1.1143678e+01 1.1347661e+01 1.1074515e+01 1.0908199e+01 1.1237218e+01 1.1312044e+01 1.0971994e+01 1.1218901e+01 9.3602747e+00 8.3381417e+00 8.2324208e+00 3.2064779e+00 2.7581798e+00 6.4704644e+00 6.3920950e+00 5.9958064e+00 4.8004224e+00 1.8781689e+00 4.1238602e+00 4.8845017e+00 4.6083995e+00
1.8793182e+01 1.8336482e+01 1.7484258e+01 1.8502054e+01 1.8116489e+01 1.7489548e+01 1.6377416e+01 1.5423791e+01 1.5907296e+01 1.3102158e+01 1.3886031e+01 1.0620447e+01 1.3564850e+01 1.4650972e+01 1.4283629e+01 1.4106289e+01 1.3962416e+01 1.3959095e+01 1.3527048e+01 1.3229868e+01 1.3070912e+01 1.2709479e+01 1.2563952e+01 1.1181169e+01 1.2222187e+01 1.2456875e+01 1.2586855e+01 1.1843637e+01 1.2359909e+01 1.1792859e+01 1.1641695e+01 1.1531307e+01 1.1359975e+01 1.1581259e+01 1.2008694e+01 1.1388426e+01 1.1500244e+01 1.1792131e+01 1.0972590e+01 9.7307150e+00 6.9527515e+00 6.4648705e+00 7.6209409e+00 7.1776282e+00 6.8554028e+00 5.5315241e+00 2.0559597e+00 4.5561115e+00 5.5082333e+00 5.1110566e+00
1.9505771e+01 1.8638950e+01 1.8881681e+01 1.8905103e+01 1.5754543e+01 1.8092218e+01 1.6811031e+01 1.6215077e+01 1.6208270e+01 1.4437522e+01 1.5150200e+01 1.4346477e+01 1.4465459e+01 1.5513917e+01 1.4832395e+01 1.4579068e+01 1.4531559e+01 1.4571264e+01 1.4283531e+01 1.3656801e+01 1.3395298e+01 1.3115960e+01 1.2843259e+01 1.2353747e+01 1.2861756e+01 1.2742227e+01 1.2613025e+01 1.2411818e+01 1.2538382e+01 1.2058579e+01 1.1858444e+01 1.1516031e+01 1.1087100e+01 1.1504880e+01 1.0677201e+01 1.1510313e+01 1.1547797e+01 1.1534484e+01 1.0959264e+01 1.0254234e+01 9.7547945e+00 9.1170383e+00 8.3708997e+00 7.8219352e+00 7.4310168e+00 6.9799051e+00 6.3307247e+00 6.3366725e+00 6.0175321e+00 5.6457277e+00
1.9776101e+01 1.9518733e+01 1.9187807e+01 1.8534254e+01 1.7406713e+01 1.8093696e+01 1.7392747e+01 1.6843749e+01 1.6664735e+01 1.6314796e+01 1.6379229e+01 1.6351761e+01 1.6073557e+01 1.5918255e+01 1.5447867e+01 1.5270930e+01 1.4778495e+01 1.3762821e+01 1.3896415e+01 1.4506527e+01 1.3884794e+01 1.3531783e+01 1.3499246e+01 1.3235045e+01 1.3166016e+01 1.2372141e+01 1.1981223e+01 1.2548633e+01 1.2823645e+01 1.2200756e+01 1.1917907e+01 1.1901542e+01 1.0797548e+01 1.0445561e+01 1.1581130e+01 1.1842014e+01 1.1800335e+01 1.1484650e+01 1.1065767e+01 1.0559013e+01 9.9669457e+00 9.3734433e+00 8.8690484e+00 8.4455238e+00 8.0491133e+00 7.7429881e+00 7.4907270e+00 7.0770680e+00 6.5969298e+00 6.2124549e+00
1.9490317e+01 1.9351697e+01 1.8604401e+01 1.8597984e+01 1.8594081e+01 1.7952467e+01 1.8435085e+01 1.7916921e+01 1.7604191e+01 1.7545624e+01 1.7171603e+01 1.6763844e+01 1.6398381e+01 1.6395836e+01 1.5955613e+01 1.5387147e+01 1.4376448e+01 1.3299784e+01 1.4267836e+01 1.5051090e+01 1.4502373e+01 1.4237816e+01 1.4120703e+01 1.3659560e+01 1.3449597e+01 1.2692557e+01 1.2832152e+01 1.2945718e+01 1.2349676e+01 1.2605206e+01 1.1520341e+01 1.0563937e+01 1.0316294e+01 9.8456401e+00 1.0462841e+01 1.1255816e+01 1.1107602e+01 1.0953545e+01 1.1119456e+01 1.1048445e+01 1.0310428e+01 9.7896126e+00 9.3343883e+00 8.9421426e+00 8.6047917e+00 8.3295873e+00 8.0477648e+00 7.7178378e+00 7.2496652e+00 6.7772564e+00
1.8904073e+01 1.8864131e+01 1.9200311e+01 1.8821699e+01 1.8698879e+01 1.8672674e+01 1.8536232e+01 1.8409874e+01 1.8247933e+01 1.7973380e+01 1.7569999e+01 1.6972423e+01 1.6840389e+01 1.6248106e+01 1.5946855e+01 1.6436227e+01 1.5619356e+01 1.5178875e+01 1.5638427e+01 1.5525336e+01 1.5124954e+01 1.4777803e+01 1.4470173e+01 1.4212471e+01 1.3856588e+01 1.3612219e+01 1.2534823e+01 1.3402277e+01 1.3735902e+01 1.2264513e+01 1.2345298e+01 1.1836244e+01 1.1215749e+01 1.1120898e+01 1.0830038e+01 1.0985701e+01 1.0323222e+01 9.3445270e+00 1.1320156e+01 1.1331255e+01 1.0737612e+01 1.0276508e+01 9.7193372e+00 9.3326502e+00 9.0994235e+00 8.8924900e+00 8.6873381e+00 8.4041008e+00 7.9590235e+00 7.4607986e+00
1.9987801e+01 1.9868660e+01 1.9540954e+01 1.9115347e+01 1.8919141e+01 1.8390964e+01 1.8445517e+01 1.8510431e+01 1.8432891e+01 1.8200633e+01 1.7835713e+01 1.7467709e+01 1.7229388e+01 1.6857749e+01 1.6654275e+01 1.6690862e+01 1.6593416e+01 1.6391169e+01 1.6635504e+01 1.6151845e+01 1.5649887e+01 1.5336343e+01 1.5178134e+01 1.4843496e+01 1.4646342e+01 1.4491707e+01 1.4046570e+01 1.3528436e+01 1.3075455e+01 1.0401443e+01 1.1042172e+01 1.1371086e+01 1.1496546e+01 1.1851801e+01 1.1411922e+01 1.0887712e+01 1.0750932e+01 1.0650469e+01 1.0155570e+01 1.0673732e+01 9.7075939e+00 9.2981074e+00 9.6875856e+00 9.7294710e+00 9.5501668e+00 9.4409256e+00 9.3206928e+00 9.1007534e+00 8.6820876e+00 8.2054767e+00
1.9290876e+01 1.9953933e+01 1.9811067e+01 1.9479206e+01 1.9284889e+01 1.9216180e+01 1.9049976e+01 1.8859346e+01 1.8470925e+01 1.8246915e+01 1.8052215e+01 1.7940633e+01 1.8034829e+01 1.7517406e+01 1.6528673e+01 1.7114780e+01 1.6985527e+01 1.6280900e+01 1.6664804e+01 1.6724192e+01 1.6307102e+01 1.6258701e+01 1.5646294e+01 1.5432628e+01 1.4993584e+01 1.4753649e+01 1.4876741e+01 1.4758663e+01 1.4373897e+01 1.2196355e+01 1.3225420e+01 1.3120832e+01 1.2562060e+01 1.2157183e+01 1.1834414e+01 1.1369418e+01 1.1048878e+01 1.0388746e+01 1.0113814e+01 8.7451652e+00 2.5869886e+00 2.9613336e+00 9.0068024e+00 1.0114464e+01 9.8739153e+00 9.8999282e+00 9.8504351e+00 9.6828805e+00 9.3125946e+00 8.8462982e+00
