presentation/data/depth_0024.asc
ncols     164
nrows     146
xllcorner -1.242151388888889e+02
yllcorner  4.172986111111111e+01
cellsize  2.777777777820000e-04
nodata_value       -9999
[rows 44 to 65 of 146, columns 100 to 149 of 164]
5.5518076e-01 5.5775636e-01 5.9961484e-01 1.1314952e+00 1.4825410e+00 1.1510747e+00 9.4689167e-01 9.1761061e-01 6.4439445e-01 5.7229719e-01 5.7254709e-01 5.7297163e-01 5.7274608e-01 5.7364349e-01 5.7332208e-01 6.4018992e-01 1.0618074e+00 1.7043781e+00 1.5264635e+00 8.8564924e-01 6.0099011e-01 5.6851513e-01 4.8207604e-01 3.4392451e-01 2.0150437e-01 5.6187429e-02 2.3002238e-03 1.4833879e-03 1.0093153e-03 9.9624982e-04 9.8633309e-04 9.9997394e-04 9.5575894e-04 0.0000000e+00 0.0000000e+00 0.0000000e+00 0.0000000e+00 0.0000000e+00 0.0000000e+00 0.0000000e+00 0.0000000e+00 0.0000000e+00 0.0000000e+00 0.0000000e+00 0.0000000e+00 0.0000000e+00 0.0000000e+00 0.0000000e+00 0.0000000e+00 0.0000000e+00
5.4777630e-01 5.6658954e-01 1.0125890e+00 1.5463355e+00 9.7405033e-01 7.2956319e-01 7.4937689e-01 6.3688649e-01 5.6244347e-01 5.6155748e-01 5.6450489e-01 5.6602513e-01 5.6728750e-01 5.7048103e-01 5.8743811e-01 8.5694421e-01 1.5062401e+00 1.7249910e+00 1.0642043e+00 6.3683674e-01 5.7358948e-01 5.4490763e-01 4.0426462e-01 2.6316749e-01 1.2120913e-01 1.2566878e-03 2.1404817e-03 2.4111770e-03 1.4862549e-03 0.0000000e+00 0.0000000e+00 0.0000000e+00 0.0000000e+00 0.0000000e+00 0.0000000e+00 0.0000000e+00 0.0000000e+00 0.0000000e+00 0.0000000e+00 0.0000000e+00 0.0000000e+00 0.0000000e+00 0.0000000e+00 0.0000000e+00 0.0000000e+00 0.0000000e+00 0.0000000e+00 0.0000000e+00 0.0000000e+00 0.0000000e+00
5.5913613e-01 8.3587258e-01 1.5107893e+00 1.4115610e+00 7.3051914e-01 6.6151938e-01 6.1209382e-01 5.5787435e-01 5.6008958e-01 5.5857048e-01 5.5884006e-01 5.5904424e-01 5.6255681e-01 5.8825412e-01 7.5592958e-01 1.2360361e+00 1.8135595e+00 1.3407290e+00 7.4854973e-01 5.7416854e-01 5.7258390e-01 5.2082580e-01 3.8435767e-01 2.2256432e-01 5.8367307e-02 9.8990299e-04 2.2872562e-03 2.2250203e-03 1.3944934e-03 0.0000000e+00 0.0000000e+00 0.0000000e+00 0.0000000e+00 0.0000000e+00 0.0000000e+00 0.0000000e+00 0.0000000e+00 0.0000000e+00 0.0000000e+00 0.0000000e+00 0.0000000e+00 0.0000000e+00 0.0000000e+00 0.0000000e+00 0.0000000e+00 0.0000000e+00 0.0000000e+00 0.0000000e+00 0.0000000e+00 0.0000000e+00
9.9804251e-01 1.5473919e+00 1.6088103e+00 1.0504401e+00 6.7876164e-01 6.2274333e-01 5.6026179e-01 5.5409971e-01 5.5809825e-01 5.5603657e-01 5.5678310e-01 5.5728012e-01 6.2577443e-01 9.4264441e-01 1.3896063e+00 1.7522177e+00 1.5235093e+00 9.1946479e-01 6.0259019e-01 5.6885299e-01 5.7255046e-01 5.6182468e-01 4.7361617e-01 2.9633831e-01 8.1616847e-02 9.7483059e-04 2.0487718e-03 1.8913422e-03 1.0379351e-03 0.0000000e+00 0.0000000e+00 0.0000000e+00 0.0000000e+00 0.0000000e+00 0.0000000e+00 0.0000000e+00 0.0000000e+00 0.0000000e+00 0.0000000e+00 0.0000000e+00 0.0000000e+00 0.0000000e+00 0.0000000e+00 0.0000000e+00 0.0000000e+00 0.0000000e+00 0.0000000e+00 0.0000000e+00 0.0000000e+00 0.0000000e+00
1.4993615e+00 1.6246366e+00 1.1810572e+00 7.6860711e-01 6.8856130e-01 5.6625429e-01 5.5005047e-01 5.5134494e-01 5.5048096e-01 5.5388614e-01 5.5355364e-01 6.3306734e-01 9.5388689e-01 1.5240842e+00 1.7466630e+00 1.2671923e+00 8.9562008e-01 6.3622128e-01 5.6174303e-01 5.6213008e-01 5.6530299e-01 5.5088273e-01 5.0362918e-01 3.8307075e-01 1.5732322e-01 9.9683707e-04 1.0169682e-03 1.3349887e-03 9.9856510e-04 0.0000000e+00 0.0000000e+00 0.0000000e+00 0.0000000e+00 0.0000000e+00 0.0000000e+00 0.0000000e+00 0.0000000e+00 0.0000000e+00 0.0000000e+00 0.0000000e+00 0.0000000e+00 0.0000000e+00 0.0000000e+00 0.0000000e+00 0.0000000e+00 0.0000000e+00 0.0000000e+00 0.0000000e+00 0.0000000e+00 0.0000000e+00
1.4146112e+00 1.0393016e+00 7.2586273e-01 7.3788600e-01 6.9023863e-01 5.5744533e-01 5.4616609e-01 5.4772827e-01 5.5083942e-01 5.4910865e-01 6.0505927e-01 9.1614664e-01 1.5248620e+00 1.7353615e+00 1.1809877e+00 7.2438063e-01 5.7651898e-01 5.6394393e-01 5.6124602e-01 5.6141583e-01 5.5634709e-01 4.7202179e-01 3.4005151e-01 2.5258519e-01 8.8069500e-02 9.9669749e-04 1.8918313e-03 1.1272645e-03 0.0000000e+00 0.0000000e+00 0.0000000e+00 0.0000000e+00 0.0000000e+00 0.0000000e+00 0.0000000e+00 0.0000000e+00 0.0000000e+00 0.0000000e+00 0.0000000e+00 0.0000000e+00 0.0000000e+00 0.0000000e+00 0.0000000e+00 0.0000000e+00 0.0000000e+00 0.0000000e+00 0.0000000e+00 0.0000000e+00 0.0000000e+00 0.0000000e+00
6.7524519e-01 5.4475244e-01 6.0944655e-01 7.1343655e-01 7.3528160e-01 6.3551753e-01 5.4596337e-01 5.4412404e-01 5.4719160e-01 5.8069577e-01 8.5747286e-01 1.4426855e+00 1.7464889e+00 1.1971652e+00 7.1419081e-01 5.6399633e-01 5.5740259e-01 5.6278509e-01 5.6038912e-01 5.6057451e-01 5.6205479e-01 4.9805340e-01 3.3733010e-01 1.6149069e-01 2.2026321e-02 2.0123531e-03 1.5648966e-03 9.9868486e-04 0.0000000e+00 0.0000000e+00 0.0000000e+00 0.0000000e+00 0.0000000e+00 0.0000000e+00 0.0000000e+00 0.0000000e+00 0.0000000e+00 0.0000000e+00 0.0000000e+00 0.0000000e+00 0.0000000e+00 0.0000000e+00 0.0000000e+00 0.0000000e+00 0.0000000e+00 0.0000000e+00 0.0000000e+00 0.0000000e+00 0.0000000e+00 0.0000000e+00
5.3154556e-01 5.3160896e-01 5.4521665e-01 5.9524863e-01 6.3696035e-01 6.4696152e-01 5.5918484e-01 5.3920185e-01 5.5856774e-01 7.8091097e-01 1.3256351e+00 1.7862392e+00 1.2535102e+00 7.5481411e-01 5.6349924e-01 5.5312842e-01 5.5646687e-01 5.6075377e-01 5.5940565e-01 5.5892241e-01 5.4959018e-01 4.4770258e-01 3.1196062e-01 1.3448895e-01 6.2226542e-03 5.1024336e-03 3.2738518e-03 1.7265494e-03 3.4871567e-04 0.0000000e+00 0.0000000e+00 0.0000000e+00 0.0000000e+00 0.0000000e+00 0.0000000e+00 0.0000000e+00 0.0000000e+00 0.0000000e+00 0.0000000e+00 0.0000000e+00 0.0000000e+00 0.0000000e+00 0.0000000e+00 0.0000000e+00 0.0000000e+00 0.0000000e+00 0.0000000e+00 0.0000000e+00 0.0000000e+00 0.0000000e+00
5.1934171e-01 5.2066000e-01 5.2270630e-01 5.3105081e-01 5.3428795e-01 5.4171360e-01 5.3091997e-01 5.3752032e-01 6.9409762e-01 1.2239467e+00 1.7713238e+00 1.3604101e+00 7.9187746e-01 5.5787888e-01 5.4621795e-01 5.5054179e-01 5.5304099e-01 5.4872852e-01 5.2388531e-01 4.7566356e-01 4.0733168e-01 3.0020055e-01 1.6896609e-01 3.9577462e-02 5.9086068e-03 7.7952072e-03 5.5290727e-03 3.3676242e-03 1.8514330e-03 8.0005902e-04 1.2705571e-05 0.0000000e+00 0.0000000e+00 0.0000000e+00 0.0000000e+00 0.0000000e+00 0.0000000e+00 0.0000000e+00 0.0000000e+00 0.0000000e+00 0.0000000e+00 0.0000000e+00 0.0000000e+00 0.0000000e+00 0.0000000e+00 0.0000000e+00 0.0000000e+00 0.0000000e+00 0.0000000e+00 0.0000000e+00
5.0634692e-01 5.0902294e-01 5.1179540e-01 5.1890741e-01 5.1659208e-01 5.1780846e-01 5.3057608e-01 6.9566994e-01 1.1205037e+00 1.7262818e+00 1.4717257e+00 8.5727894e-01 5.6144436e-01 5.0041699e-01 4.8334475e-01 4.6001352e-01 4.2854547e-01 3.9765535e-01 3.2980911e-01 2.6047659e-01 1.7760046e-01 8.8582022e-02 8.8547153e-03 5.5967874e-03 1.0065236e-02 7.9158454e-03 6.3528131e-03 5.0536417e-03 3.6838520e-03 2.2468950e-03 1.2316217e-03 1.7035874e-05 1.3649064e-04 0.0000000e+00 0.0000000e+00 0.0000000e+00 0.0000000e+00 0.0000000e+00 0.0000000e+00 0.0000000e+00 0.0000000e+00 0.0000000e+00 0.0000000e+00 0.0000000e+00 0.0000000e+00 0.0000000e+00 0.0000000e+00 0.0000000e+00 0.0000000e+00 0.0000000e+00
4.9052549e-01 4.9470975e-01 4.9891469e-01 5.0289483e-01 5.0372657e-01 5.2045245e-01 7.2309855e-01 1.2433241e+00 1.6939584e+00 1.5565085e+00 9.5380342e-01 5.8286339e-01 4.4027653e-01 3.6241688e-01 3.0169048e-01 2.4486655e-01 1.9316767e-01 1.2636633e-01 8.7307596e-02 1.9842614e-02 2.1881842e-03 5.2587264e-03 1.2312307e-02 1.2585608e-02 1.0321650e-02 8.0517960e-03 6.2800181e-03 5.2842668e-03 4.6909548e-03 3.9536502e-03 3.0948888e-03 2.0465800e-03 9.9919613e-04 5.6301469e-04 2.5297531e-04 0.0000000e+00 0.0000000e+00 0.0000000e+00 0.0000000e+00 0.0000000e+00 0.0000000e+00 0.0000000e+00 0.0000000e+00 0.0000000e+00 0.0000000e+00 0.0000000e+00 0.0000000e+00 0.0000000e+00 0.0000000e+00 0.0000000e+00
4.7174433e-01 4.7789677e-01 4.8346914e-01 4.9006164e-01 5.1562505e-01 7.5497433e-01 1.2942707e+00 1.7978165e+00 1.7052204e+00 1.1310769e+00 6.3514256e-01 4.5148987e-01 3.4584575e-01 2.5818604e-01 1.6221125e-01 1.0530098e-01 4.0780618e-02 4.4973264e-03 2.3442508e-03 1.0290896e-02 1.3936527e-02 1.3381729e-02 1.2901342e-02 1.2428511e-02 1.0897778e-02 8.7913511e-03 6.6863103e-03 5.1843382e-03 4.4907368e-03 4.0361654e-03 3.3414641e-03 2.3169126e-03 1.5111097e-03 1.0005597e-03 9.9769818e-04 0.0000000e+00 0.0000000e+00 0.0000000e+00 0.0000000e+00 0.0000000e+00 0.0000000e+00 0.0000000e+00 0.0000000e+00 0.0000000e+00 0.0000000e+00 0.0000000e+00 0.0000000e+00 0.0000000e+00 0.0000000e+00 0.0000000e+00
4.5381037e-01 4.6012693e-01 4.7147097e-01 5.2010414e-01 7.8507923e-01 1.3077676e+00 1.7765319e+00 1.6820309e+00 1.1443607e+00 7.0046823e-01 5.2203682e-01 4.5016045e-01 3.7032821e-01 2.8663174e-01 1.8813830e-01 7.5551643e-02 4.7946418e-03 2.0331087e-03 6.1015995e-03 9.4593493e-03 1.2772803e-02 1.3658278e-02 1.1102636e-02 1.2594471e-02 1.1566101e-02 9.5004537e-03 7.8348661e-03 6.1193733e-03 4.7257211e-03 3.8715009e-03 3.4690232e-03 2.9663892e-03 2.0176484e-03 1.1656123e-03 9.9893915e-04 0.0000000e+00 0.0000000e+00 0.0000000e+00 0.0000000e+00 0.0000000e+00 0.0000000e+00 0.0000000e+00 0.0000000e+00 0.0000000e+00 0.0000000e+00 0.0000000e+00 0.0000000e+00 0.0000000e+00 0.0000000e+00 0.0000000e+00
7.7979500e-01 7.8739359e-01 8.3733612e-01 1.0403637e+00 1.4522592e+00 1.7853277e+00 1.6292996e+00 1.1747541e+00 7.9714529e-01 6.3019443e-01 5.6296290e-01 5.0839266e-01 4.5311490e-01 3.3685845e-01 2.2635492e-01 1.0906566e-01 6.9547767e-03 3.3758195e-03 2.4806840e-03 1.7961352e-03 6.7931284e-03 1.3437100e-02 1.5890118e-02 1.1889014e-02 1.1322926e-02 1.0185248e-02 9.2320798e-03 7.7411256e-03 5.9265545e-03 4.0946007e-03 2.8961370e-03 2.6363042e-03 1.9155797e-03 1.0824869e-03 9.9881575e-04 0.0000000e+00 0.0000000e+00 0.0000000e+00 0.0000000e+00 0.0000000e+00 0.0000000e+00 0.0000000e+00 0.0000000e+00 0.0000000e+00 0.0000000e+00 0.0000000e+00 0.0000000e+00 0.0000000e+00 0.0000000e+00 0.0000000e+00
1.6567198e+00 1.6694515e+00 1.6867395e+00 1.7546121e+00 1.7860274e+00 1.5275337e+00 1.1289827e+00 8.6859317e-01 7.7430794e-01 6.8481695e-01 6.0133788e-01 5.2349766e-01 4.8207473e-01 3.7215595e-01 2.5769834e-01 1.3860243e-01 1.8845122e-02 8.1058633e-03 1.2638158e-02 1.3046715e-02 9.7200409e-03 2.3220354e-03 7.2681736e-03 9.8795935e-03 9.6642805e-03 9.4257962e-03 9.1704452e-03 8.2418643e-03 6.9807752e-03 5.1969201e-03 3.0687644e-03 1.4618587e-03 1.0783564e-03 1.0001923e-03 9.9832948e-04 9.9954235e-04 0.0000000e+00 0.0000000e+00 0.0000000e+00 0.0000000e+00 0.0000000e+00 0.0000000e+00 0.0000000e+00 0.0000000e+00 0.0000000e+00 0.0000000e+00 0.0000000e+00 0.0000000e+00 0.0000000e+00 0.0000000e+00
1.4167388e+00 1.4489934e+00 1.4527626e+00 1.4220137e+00 1.2881310e+00 1.0617693e+00 8.6700871e-01 8.2242750e-01 7.4294624e-01 6.7509647e-01 6.0740953e-01 5.3058313e-01 4.9673017e-01 3.9819398e-01 2.8608826e-01 1.6839140e-01 5.2886887e-02 1.3083286e-02 2.6255279e-02 2.0041697e-02 1.6342053e-02 1.3016775e-02 1.0168938e-02 7.7836772e-03 6.6350304e-03 6.2409328e-03 5.4365851e-03 5.6190077e-03 5.8887768e-03 5.8695125e-03 4.4441422e-03 1.2509956e-03 2.3693848e-03 2.0280111e-03 1.6610990e-03 1.0382920e-03 9.9960406e-04 9.9923996e-04 0.0000000e+00 0.0000000e+00 0.0000000e+00 0.0000000e+00 0.0000000e+00 0.0000000e+00 0.0000000e+00 0.0000000e+00 0.0000000e+00 0.0000000e+00 0.0000000e+00 0.0000000e+00
7.9347134e-01 8.6384568e-01 9.0732929e-01 9.1446402e-01 8.9962834e-01 8.6904386e-01 8.1418742e-01 7.9991289e-01 7.2913692e-01 6.9209606e-01 6.1390308e-01 5.5768079e-01 5.0904897e-01 4.4348823e-01 3.2907378e-01 2.0745764e-01 8.6736196e-02 9.6017873e-03 2.1384434e-02 1.9640162e-02 1.9902970e-02 1.6925555e-02 1.3978715e-02 1.1253416e-02 8.4515197e-03 5.4380919e-03 2.8099735e-03 2.7547351e-03 2.6855047e-03 3.2203224e-03 4.9283080e-03 7.1643403e-03 4.9849079e-03 3.8712185e-03 3.1483712e-03 2.1832025e-03 1.2190197e-03 9.9986279e-04 9.9992806e-04 2.2313424e-04 0.0000000e+00 0.0000000e+00 0.0000000e+00 0.0000000e+00 0.0000000e+00 0.0000000e+00 0.0000000e+00 0.0000000e+00 0.0000000e+00 0.0000000e+00
6.6889256e-01 7.1592046e-01 7.1374170e-01 7.5367252e-01 7.7554566e-01 7.9243449e-01 7.9383695e-01 7.5169796e-01 7.1067526e-01 6.9047012e-01 6.1553924e-01 5.7347199e-01 5.1488262e-01 4.5196966e-01 3.3624093e-01 2.2185313e-01 7.6913225e-02 6.2270799e-03 1.6148033e-02 1.0789999e-02 5.7819922e-03 3.5570014e-03 4.2474320e-03 3.1983713e-03 3.1970718e-03 4.8333291e-03 6.4894759e-03 6.4244320e-03 6.3786219e-03 6.3149392e-03 5.8187092e-03 4.1574820e-03 5.1618081e-03 5.0072885e-03 4.1983768e-03 3.3150502e-03 2.3331986e-03 1.2523360e-03 9.9875047e-04 9.9903756e-04 9.9874011e-04 0.0000000e+00 0.0000000e+00 0.0000000e+00 0.0000000e+00 0.0000000e+00 0.0000000e+00 0.0000000e+00 0.0000000e+00 0.0000000e+00
5.2144794e-01 5.3031998e-01 5.6790858e-01 6.2802891e-01 6.6127568e-01 6.9414893e-01 7.0662552e-01 7.0095965e-01 6.9879029e-01 6.6076787e-01 6.0913693e-01 5.4385639e-01 5.1387365e-01 4.4995011e-01 3.3158175e-01 1.9247628e-01 6.3377182e-02 9.3245403e-03 8.1072993e-03 1.6998042e-03 3.6446191e-03 3.2582363e-03 4.5722856e-03 6.5426591e-03 7.9988972e-03 8.3685614e-03 8.5203247e-03 8.4435225e-03 8.0545848e-03 7.4801677e-03 6.9109771e-03 6.5519925e-03 6.0672149e-03 5.4074462e-03 4.5948397e-03 3.7776542e-03 3.0923791e-03 2.2296648e-03 1.2459455e-03 9.9893518e-04 9.9964180e-04 9.9882149e-04 0.0000000e+00 0.0000000e+00 0.0000000e+00 0.0000000e+00 0.0000000e+00 0.0000000e+00 0.0000000e+00 0.0000000e+00
4.4488090e-01 4.5608023e-01 4.6977911e-01 4.9393128e-01 5.3569919e-01 5.6947588e-01 5.9098809e-01 6.2570859e-01 6.3228720e-01 6.1286236e-01 5.9704408e-01 5.2997453e-01 5.0878046e-01 4.1827594e-01 2.9597022e-01 1.7685367e-01 5.2762848e-02 2.5255464e-02 2.1894335e-02 1.0336258e-02 4.3330816e-03 3.4754444e-03 7.6669823e-03 1.0559398e-02 1.0245718e-02 1.0177207e-02 1.0204934e-02 1.0329121e-02 9.8224997e-03 9.2683175e-03 8.5228300e-03 7.6281688e-03 6.4054733e-03 5.2189058e-03 4.2836613e-03 3.6438870e-03 3.2760881e-03 2.7821527e-03 2.2373694e-03 1.5624383e-03 1.0178220e-03 9.9939033e-04 9.9908701e-04 9.9979627e-04 0.0000000e+00 0.0000000e+00 0.0000000e+00 0.0000000e+00 0.0000000e+00 0.0000000e+00
4.4359761e-01 4.4767048e-01 4.5629216e-01 4.6636186e-01 4.7319919e-01 4.8305839e-01 4.9615228e-01 5.2133346e-01 5.3576015e-01 5.3829233e-01 5.2641108e-01 5.1239375e-01 5.0407280e-01 4.1444407e-01 2.9052581e-01 1.7859239e-01 8.4278917e-02 7.2667875e-02 6.6902761e-02 5.2992882e-02 3.5802121e-02 2.0963295e-02 1.4235429e-02 6.7484032e-03 8.9135447e-03 1.1717235e-02 1.2950448e-02 1.2535360e-02 1.1672442e-02 1.0600691e-02 9.0854555e-03 7.2764549e-03 5.8080381e-03 4.7078260e-03 4.1256083e-03 3.8631506e-03 3.7629296e-03 3.3159501e-03 2.8305299e-03 2.3952592e-03 1.9547918e-03 1.6243755e-03 1.5161623e-03 1.0605013e-03 9.9934818e-04 9.9930312e-04 9.9984279e-04 0.0000000e+00 0.0000000e+00 0.0000000e+00
6.2241759e-01 5.6654988e-01 5.1579496e-01 4.7983077e-01 4.6461661e-01 4.7028239e-01 4.7862111e-01 4.8749382e-01 4.9593799e-01 4.9871424e-01 4.9238002e-01 4.6705317e-01 4.0403932e-01 3.0251245e-01 1.8583304e-01 6.3121192e-02 1.4288312e-02 2.2968051e-02 2.5873915e-02 3.1811215e-02 3.9821105e-02 4.1007928e-02 3.3874404e-02 2.9822279e-02 2.5840964e-02 2.0300633e-02 1.5488556e-02 1.4087268e-02 1.2289917e-02 9.8402179e-03 7.7321176e-03 6.3038448e-03 5.4164163e-03 5.0533000e-03 4.9984962e-03 5.0738484e-03 4.8159028e-03 4.0863302e-03 3.3960259e-03 3.0244016e-03 2.7015878e-03 2.5130272e-03 2.4212638e-03 2.1803592e-03 1.6604512e-03 1.0169730e-03 9.9957152e-04 9.9959450e-04 0.0000000e+00 0.0000000e+00
