presentation/data/depth_0000.asc
ncols     164
nrows     146
xllcorner -1.242151388888889e+02
yllcorner  4.172986111111111e+01
cellsize  2.777777777820000e-04
nodata_value       -9999
[rows 88 to 109 of 146, columns 50 to 99 of 164]
0.0000000e+00 0.0000000e+00 0.0000000e+00 0.0000000e+00 0.0000000e+00 0.0000000e+00 6.8638324e-01 2.3065996e+00 2.4093144e+00 2.3675769e+00 2.5303351e+00 2.8179000e+00 3.1809964e+00 3.5156715e+00 3.7971615e+00 3.9606498e+00 4.3057491e+00 4.7799883e+00 5.0091218e+00 5.2529996e+00 5.2316591e+00 5.4208412e+00 5.4647381e+00 5.3642047e+00 5.4937101e+00 5.3790543e+00 5.4941746e+00 5.0360649e+00 3.9027330e+00 4.9300176e+00 5.2730680e+00 4.8579066e+00 4.9955844e+00 5.2335526e+00 5.3350975e+00 5.2284722e+00 5.3253769e+00 5.3922011e+00 5.3851513e+00 5.3237079e+00 5.4014116e+00 5.4039989e+00 5.3525561e+00 5.3481949e+00 5.4131701e+00 5.4534440e+00 5.6828719e+00 4.8165167e+00 4.8230333e+00 5.4040845e+00
3.5652732e-02 6.8852081e-01 5.0251533e-01 0.0000000e+00 0.0000000e+00 0.0000000e+00 0.0000000e+00 4.2912237e-02 2.2420482e+00 2.5989460e+00 2.6746172e+00 2.8770925e+00 3.2140557e+00 3.8017096e+00 4.0387402e+00 4.2692493e+00 4.6600973e+00 4.8817725e+00 4.8910568e+00 5.2713358e+00 5.6458056e+00 5.7607610e+00 5.5952842e+00 5.4584293e+00 5.4547269e+00 4.9432885e+00 4.5023063e+00 4.3152994e+00 4.0399366e+00 4.5701093e+00 5.0444578e+00 5.2135983e+00 5.3102751e+00 5.4043703e+00 5.4864426e+00 5.5012192e+00 5.4929069e+00 5.5832961e+00 5.6073781e+00 5.6182197e+00 5.6296953e+00 5.6353160e+00 5.6800003e+00 5.6154941e+00 5.5858605e+00 5.5990444e+00 5.7354854e+00 5.3175491e+00 5.0015599e+00 4.9629234e+00
2.6259044e+00 2.2951287e+00 1.4083450e+00 1.0479287e+00 0.0000000e+00 0.0000000e+00 0.0000000e+00 0.0000000e+00 0.0000000e+00 2.4313194e+00 2.8055343e+00 2.8933237e+00 3.1470032e+00 3.5736792e+00 3.8192118e+00 4.1319204e+00 4.3902649e+00 4.5763928e+00 4.6817065e+00 4.9038063e+00 5.1315225e+00 5.2081270e+00 5.0010605e+00 4.8550317e+00 4.7445757e+00 4.2007566e+00 3.6878565e+00 4.2908322e+00 4.7386178e+00 5.0432008e+00 5.3375109e+00 5.5016019e+00 5.6014484e+00 5.6231405e+00 5.6612671e+00 5.7265471e+00 5.7598935e+00 5.7668918e+00 5.8382300e+00 5.8601036e+00 5.8685698e+00 5.8265779e+00 5.9178094e+00 5.9392790e+00 5.8725259e+00 5.8758824e+00 5.8050363e+00 5.7481027e+00 5.1997839e+00 5.2004245e+00
2.6116435e+00 2.6349299e+00 2.4199296e+00 2.1899374e+00 0.0000000e+00 0.0000000e+00 0.0000000e+00 0.0000000e+00 0.0000000e+00 0.0000000e+00 2.6079092e+00 2.9719414e+00 2.9886548e+00 3.1747647e+00 3.1535382e+00 3.0666635e+00 3.7593932e+00 4.0325476e+00 4.1633288e+00 4.2942917e+00 4.3583718e+00 4.3043372e+00 4.1253801e+00 3.9564029e+00 4.0697119e+00 4.1406561e+00 4.2575670e+00 4.7934092e+00 5.2113460e+00 5.4455836e+00 5.5865092e+00 5.7006556e+00 5.7678952e+00 5.8337656e+00 5.8533965e+00 5.9045931e+00 5.9723363e+00 6.0143101e+00 6.0092555e+00 6.0761696e+00 6.0603182e+00 6.0592771e+00 6.1688785e+00 6.1803728e+00 6.1397708e+00 6.1338557e+00 6.0614515e+00 5.9536971e+00 5.8216993e+00 5.7339569e+00
2.4983910e+00 2.6470970e+00 1.7337324e+00 2.5717559e+00 1.7729730e+00 0.0000000e+00 0.0000000e+00 0.0000000e+00 0.0000000e+00 0.0000000e+00 0.0000000e+00 2.5607670e+00 2.9617989e+00 3.0461415e+00 1.4152644e+00 0.0000000e+00 3.0013551e+00 3.5209853e+00 3.6109225e+00 3.6771227e+00 3.6145637e+00 3.4805971e+00 3.3948810e+00 3.3120804e+00 3.8398133e+00 4.4554312e+00 4.8481636e+00 5.2014901e+00 5.5207287e+00 5.7045570e+00 5.8095620e+00 5.8598296e+00 5.9145194e+00 5.9673050e+00 6.0104663e+00 6.0602391e+00 6.1268176e+00 6.1951637e+00 6.2322681e+00 6.2177190e+00 6.2351162e+00 6.2724673e+00 6.3618458e+00 6.3421117e+00 6.3537302e+00 6.2851876e+00 6.1406915e+00 5.9786567e+00 5.7764994e+00 5.6590083e+00
2.3164470e+00 2.4631047e+00 2.6139811e+00 2.8583546e+00 2.7221079e+00 3.3630369e-01 0.0000000e+00 0.0000000e+00 0.0000000e+00 8.1283577e-01 0.0000000e+00 0.0000000e+00 2.1798326e+00 2.7662626e+00 2.0441137e+00 1.9891842e+00 3.0753992e+00 3.1578459e+00 3.2155455e+00 3.2196993e+00 3.1005492e+00 3.0402344e+00 3.4281359e+00 3.7955956e+00 4.4505465e+00 4.9992053e+00 5.3899637e+00 5.6072127e+00 5.7554433e+00 5.8660440e+00 5.9628363e+00 6.0435853e+00 6.0708347e+00 6.1169155e+00 6.1701452e+00 6.1952239e+00 6.2557034e+00 6.3224739e+00 6.3319678e+00 6.3662388e+00 6.4310173e+00 6.4907649e+00 6.5261579e+00 6.5232985e+00 6.4868111e+00 6.3807974e+00 6.1091276e+00 5.6858396e+00 5.3735940e+00 5.1950855e+00
2.3433557e+00 2.5032192e+00 2.8075441e+00 2.8282243e+00 2.8104890e+00 2.0087349e+00 0.0000000e+00 0.0000000e+00 1.8407447e+00 2.5429460e+00 2.1280449e+00 0.0000000e+00 0.0000000e+00 0.0000000e+00 1.3891800e+00 3.2128243e+00 2.9859986e+00 3.0142514e+00 3.0574253e+00 3.0446764e+00 3.0404571e+00 3.5268805e+00 4.1523930e+00 4.7104709e+00 5.1137598e+00 5.4233895e+00 5.6809280e+00 5.8812580e+00 5.9885366e+00 6.0211780e+00 6.0857436e+00 6.1637291e+00 6.2377339e+00 6.2629689e+00 6.3180992e+00 6.3618907e+00 6.4045472e+00 6.4195990e+00 6.4505914e+00 6.5379176e+00 6.6093204e+00 6.6587071e+00 6.7087510e+00 6.7081172e+00 6.6879314e+00 6.5315462e+00 5.7288682e+00 4.9572882e+00 4.7521356e+00 4.5268056e+00
2.5493899e+00 2.6487042e+00 2.7505326e+00 2.8057445e+00 2.8604517e+00 2.7146747e+00 1.4751345e+00 0.0000000e+00 1.3320672e+00 2.8081849e+00 1.5390838e+00 1.6143146e+00 0.0000000e+00 0.0000000e+00 0.0000000e+00 3.1245595e+00 3.0160693e+00 3.0492419e+00 3.0787268e+00 3.3266070e+00 3.6759119e+00 4.3103999e+00 4.8647193e+00 5.2209289e+00 5.5348984e+00 5.7257290e+00 5.8921358e+00 6.0263851e+00 6.1472701e+00 6.2082130e+00 6.2336461e+00 6.2863075e+00 6.3568869e+00 6.4185340e+00 6.4567076e+00 6.4889798e+00 6.4922902e+00 6.5183293e+00 6.5666859e+00 6.6594401e+00 6.7504497e+00 6.8159077e+00 6.9010042e+00 6.9756661e+00 7.0791394e+00 6.9973073e+00 5.0832849e+00 3.6091474e+00 3.4202621e+00 3.7403481e+00
2.7395875e+00 2.8064733e+00 2.8417441e+00 2.8686864e+00 2.8725345e+00 2.8655523e+00 2.5765769e+00 7.5758946e-01 0.0000000e+00 1.9430065e+00 2.3091981e+00 2.4246611e+00 1.7567466e+00 1.6257474e+00 2.6590324e+00 3.1920309e+00 3.2813346e+00 3.3517627e+00 3.4154908e+00 3.9670502e+00 4.6563300e+00 5.0936401e+00 5.3368542e+00 5.5467387e+00 5.7442230e+00 5.9260399e+00 6.0350476e+00 6.1462101e+00 6.2330372e+00 6.3144523e+00 6.3607950e+00 6.4017324e+00 6.4620287e+00 6.4985993e+00 6.5130467e+00 6.5360844e+00 6.5660979e+00 6.5853277e+00 6.6483343e+00 6.7414166e+00 6.8208760e+00 6.9139390e+00 7.0171419e+00 7.1467514e+00 7.2920478e+00 6.6352656e+00 4.8069097e-01 0.0000000e+00 2.0129108e-01 1.2717561e+00
2.9305079e+00 2.9568620e+00 2.9701747e+00 2.9715663e+00 2.9477535e+00 2.8800098e+00 2.8589014e+00 2.5178682e+00 0.0000000e+00 0.0000000e+00 2.2813356e+00 2.6868385e+00 2.9858941e+00 3.2456295e+00 3.2536791e+00 3.4106943e+00 3.7307670e+00 3.9695999e+00 4.1763630e+00 4.6655507e+00 5.1112515e+00 5.4366322e+00 5.6729607e+00 5.7609327e+00 5.8964731e+00 6.0251482e+00 6.1426728e+00 6.2288000e+00 6.2969693e+00 6.3760659e+00 6.4257714e+00 6.4711141e+00 6.5133992e+00 6.4961433e+00 6.5657196e+00 6.6047280e+00 6.6704568e+00 6.6880135e+00 6.7467309e+00 6.8004607e+00 6.8746764e+00 6.9654981e+00 7.0327739e+00 7.0805251e+00 7.0458575e+00 6.6830347e+00 4.6816774e+00 3.3102270e+00 1.7820716e+00 6.1885794e-01
3.1723968e+00 3.1604804e+00 3.1422829e+00 3.1106708e+00 3.0411779e+00 2.9600665e+00 2.8960985e+00 2.9505479e+00 1.9663940e+00 0.0000000e+00 1.4484170e+00 3.0523824e+00 2.8483780e+00 3.0328990e+00 3.2968009e+00 3.6086142e+00 3.9951483e+00 4.2167118e+00 4.4449160e+00 4.9231298e+00 5.2876033e+00 5.6316623e+00 5.8611763e+00 5.9387184e+00 5.9926757e+00 6.0948500e+00 6.1807997e+00 6.2871660e+00 6.3471076e+00 6.4258030e+00 6.4839498e+00 6.5072642e+00 6.4873855e+00 6.5757222e+00 6.6431036e+00 6.6744984e+00 6.7571545e+00 6.7722309e+00 6.8210393e+00 6.8673670e+00 6.9328633e+00 6.9875842e+00 7.0059251e+00 6.9596735e+00 6.8475695e+00 6.5984308e+00 6.2529466e+00 5.9358839e+00 5.7079867e+00 5.4038904e+00
3.4177890e+00 3.3618250e+00 3.3285555e+00 3.2584938e+00 3.1521269e+00 3.0665770e+00 2.9507550e+00 2.9230630e+00 2.6855300e+00 2.0038299e-01 0.0000000e+00 2.3774664e+00 2.9122157e+00 3.1687819e+00 3.3788004e+00 3.6861568e+00 3.9439671e+00 4.1381014e+00 4.6627983e+00 5.0436563e+00 5.3887709e+00 5.6840259e+00 5.8785298e+00 5.9450142e+00 6.0332734e+00 6.1281815e+00 6.2163606e+00 6.3065919e+00 6.3998097e+00 6.4530048e+00 6.5070168e+00 6.5509079e+00 6.5531339e+00 6.6198144e+00 6.7035825e+00 6.7475390e+00 6.8210878e+00 6.8393670e+00 6.8822360e+00 6.9338274e+00 6.9788054e+00 7.0088443e+00 6.9854939e+00 6.9139434e+00 6.8306592e+00 6.6474740e+00 6.4841635e+00 6.4653753e+00 6.3099178e+00 6.1507825e+00
3.6502305e+00 3.5538218e+00 3.4998123e+00 3.3842002e+00 3.2378485e+00 3.1325862e+00 3.0087148e+00 2.9062813e+00 2.8024881e+00 1.9168454e+00 0.0000000e+00 0.0000000e+00 2.4830188e+00 3.1924762e+00 3.4154985e+00 3.7621651e+00 4.1102247e+00 4.3713532e+00 4.8423807e+00 5.1526412e+00 5.4193050e+00 5.6348236e+00 5.7782223e+00 5.9181043e+00 6.0544730e+00 6.1580443e+00 6.2540352e+00 6.3416973e+00 6.4291520e+00 6.5153650e+00 6.5647523e+00 6.5661216e+00 6.6114433e+00 6.6664348e+00 6.7445060e+00 6.8085813e+00 6.8816959e+00 6.9002636e+00 6.9384959e+00 6.9811204e+00 7.0332467e+00 7.0241005e+00 6.9881790e+00 6.9206003e+00 6.8988834e+00 6.8886551e+00 6.7756742e+00 6.6160215e+00 6.4605001e+00 6.4299799e+00
4.0129161e+00 3.8682974e+00 3.7413184e+00 3.5636678e+00 3.3727385e+00 3.2265845e+00 3.0849173e+00 2.9581284e+00 2.8982102e+00 2.8838734e+00 1.6376827e+00 0.0000000e+00 1.3416293e+00 3.3560195e+00 3.4006612e+00 3.8289074e+00 4.2890227e+00 4.6273508e+00 4.8618689e+00 5.2067898e+00 5.4383417e+00 5.5924343e+00 5.7584454e+00 5.9005142e+00 6.0427111e+00 6.1710118e+00 6.2641335e+00 6.3665880e+00 6.4622595e+00 6.5507423e+00 6.5943553e+00 6.5877393e+00 6.6569145e+00 6.7139398e+00 6.8010655e+00 6.8653664e+00 6.9216688e+00 6.9267404e+00 6.9699092e+00 7.0356115e+00 7.0498629e+00 7.0501642e+00 7.0264433e+00 6.9656799e+00 6.9927429e+00 7.0067470e+00 6.9354291e+00 6.7814379e+00 6.7389767e+00 6.6807477e+00
4.4724216e+00 4.2560419e+00 4.0574440e+00 3.8227833e+00 3.5759905e+00 3.3514949e+00 3.1799995e+00 3.0470910e+00 2.9243378e+00 2.9273575e+00 2.5268963e+00 0.0000000e+00 0.0000000e+00 3.0674299e+00 3.3747587e+00 3.7498355e+00 4.2198940e+00 4.6422154e+00 4.9317831e+00 5.1399176e+00 5.3740868e+00 5.5696293e+00 5.7281582e+00 5.8972559e+00 6.0290730e+00 6.1548838e+00 6.2814108e+00 6.3912441e+00 6.4836924e+00 6.5465402e+00 6.5827950e+00 6.6410943e+00 6.7157866e+00 6.7606003e+00 6.8318293e+00 6.8880160e+00 6.9550643e+00 6.9537925e+00 6.9862543e+00 7.0547772e+00 7.0862596e+00 7.0933307e+00 7.0848007e+00 7.0077224e+00 6.9946630e+00 7.0132408e+00 6.9908864e+00 6.9856002e+00 6.9442724e+00 6.8669652e+00
4.8942648e+00 4.6111524e+00 4.3493240e+00 4.0332759e+00 3.7128310e+00 3.4336823e+00 3.2225483e+00 3.0805613e+00 2.9696810e+00 2.9087425e+00 2.7652816e+00 1.2929708e+00 0.0000000e+00 6.3125579e-01 3.4169876e+00 3.5884693e+00 4.0486634e+00 4.4717669e+00 4.8121159e+00 5.1301795e+00 5.2754025e+00 5.4886813e+00 5.6906676e+00 5.8525616e+00 6.0141782e+00 6.1385608e+00 6.2749449e+00 6.4035684e+00 6.4871988e+00 6.4935507e+00 6.5948239e+00 6.7223743e+00 6.7576801e+00 6.7617289e+00 6.8504835e+00 6.8982165e+00 6.9603520e+00 7.0032888e+00 7.0094117e+00 7.0482067e+00 7.1044576e+00 7.1222367e+00 7.1414651e+00 7.0980931e+00 7.1015694e+00 7.1280160e+00 7.1061846e+00 7.0893445e+00 7.0468959e+00 6.9321260e+00
5.3262655e+00 4.9406135e+00 4.6120205e+00 4.1951745e+00 3.7922036e+00 3.4665405e+00 3.2365448e+00 3.0908700e+00 2.9996474e+00 2.9173244e+00 2.8527045e+00 2.7876365e+00 3.3686021e-01 0.0000000e+00 2.3925765e+00 3.5040575e+00 3.8190668e+00 4.2418621e+00 4.5682382e+00 4.9550814e+00 5.2241834e+00 5.3475181e+00 5.5993355e+00 5.7701507e+00 5.9289046e+00 6.1072732e+00 6.2317018e+00 6.3715890e+00 6.4702148e+00 6.4800630e+00 6.6378475e+00 6.7472087e+00 6.7837987e+00 6.7866483e+00 6.8472975e+00 6.9258660e+00 6.9718961e+00 7.0527636e+00 7.0466019e+00 7.0710370e+00 7.1234058e+00 7.1654273e+00 7.1846237e+00 7.1770107e+00 7.1991291e+00 7.2154169e+00 7.1767562e+00 7.1298730e+00 7.0830286e+00 7.0274869e+00
5.8111496e+00 5.3310034e+00 4.8913692e+00 4.3660750e+00 3.8489006e+00 3.4532755e+00 3.2141942e+00 3.1296264e+00 3.1065860e+00 3.0020572e+00 2.9247417e+00 2.9797394e+00 2.5220717e+00 0.0000000e+00 0.0000000e+00 3.2105268e+00 3.6469056e+00 3.9675641e+00 4.3093328e+00 4.7045730e+00 5.0422327e+00 5.2756543e+00 5.4268990e+00 5.6712879e+00 5.8396874e+00 6.0035217e+00 6.1748869e+00 6.3147111e+00 6.4396102e+00 6.4905318e+00 6.6507376e+00 6.7658372e+00 6.8314966e+00 6.8158844e+00 6.8723293e+00 6.9418781e+00 6.9965667e+00 7.0621351e+00 7.0408962e+00 7.1095226e+00 7.1644402e+00 7.2064416e+00 7.2236873e+00 7.2342095e+00 7.2465312e+00 7.2543266e+00 7.2172959e+00 7.1946777e+00 7.1663482e+00 7.1297133e+00
6.3380389e+00 5.7791969e+00 5.2148523e+00 4.5314665e+00 3.8508223e+00 3.3173667e+00 3.0613732e+00 2.9182704e+00 2.6222143e+00 3.0503582e+00 3.1235086e+00 3.0598145e+00 2.9732897e+00 1.2457859e+00 0.0000000e+00 8.3066935e-02 3.4707736e+00 3.6856067e+00 4.0481993e+00 4.4988161e+00 4.9034329e+00 5.2472933e+00 5.3224879e+00 5.4548526e+00 5.6639701e+00 5.8597299e+00 6.0835275e+00 6.2229760e+00 6.3761129e+00 6.4759496e+00 6.5938460e+00 6.7342876e+00 6.8529694e+00 6.8665575e+00 6.9032271e+00 6.9836586e+00 7.0153862e+00 7.0861791e+00 7.0775819e+00 7.1358414e+00 7.1833605e+00 7.2394199e+00 7.2692897e+00 7.2739271e+00 7.2710419e+00 7.2763138e+00 7.2849358e+00 7.2530176e+00 7.2275307e+00 7.2002399e+00
6.9282976e+00 6.3192559e+00 5.6226657e+00 4.7094589e+00 3.8086052e+00 2.9553425e+00 2.0965884e+00 2.0200334e+00 5.4838936e-01 2.8069359e+00 3.4531744e+00 3.3664545e+00 3.2424916e+00 2.6273595e+00 0.0000000e+00 0.0000000e+00 2.7792299e+00 3.4903170e+00 3.7890803e+00 4.2336723e+00 4.6822180e+00 5.0841482e+00 5.2930213e+00 5.3370930e+00 5.4616341e+00 5.6635820e+00 5.8940148e+00 6.1105284e+00 6.2876591e+00 6.4584840e+00 6.6302157e+00 6.6864140e+00 6.8001965e+00 6.8534720e+00 6.9298148e+00 7.0011510e+00 7.0389515e+00 7.1207386e+00 7.1202818e+00 7.1926343e+00 7.2541656e+00 7.2844807e+00 7.3255060e+00 7.3180906e+00 7.2925521e+00 7.2946642e+00 7.3255062e+00 7.3082602e+00 7.2491134e+00 7.2236921e+00
7.6346083e+00 6.9326345e+00 6.1143691e+00 4.9792273e+00 3.8045919e+00 2.7445504e+00 1.9996948e+00 2.5205416e+00 2.3722489e+00 3.0910375e+00 3.8762955e+00 3.8580197e+00 3.6670829e+00 3.1474520e+00 1.7293848e+00 0.0000000e+00 0.0000000e+00 3.5699818e+00 3.6469633e+00 3.9462798e+00 4.4024669e+00 4.8173345e+00 5.1380091e+00 5.3045174e+00 5.2691085e+00 5.3530938e+00 5.5795451e+00 5.8606104e+00 6.1131276e+00 6.4155046e+00 6.7166653e+00 6.7620446e+00 6.7737705e+00 6.8438702e+00 6.9222201e+00 7.0077230e+00 7.0651694e+00 7.1483768e+00 7.1538927e+00 7.2003215e+00 7.2634867e+00 7.3202849e+00 7.3761097e+00 7.3358300e+00 7.3018292e+00 7.2861870e+00 7.3101004e+00 7.3193816e+00 7.3079827e+00 7.2603469e+00
8.3115641e+00 7.5611966e+00 6.6510530e+00 5.3454098e+00 3.9654451e+00 3.0026441e+00 2.8176308e+00 2.7541419e+00 1.3097838e+00 3.5143845e+00 4.3844540e+00 4.4176457e+00 4.2645075e+00 3.8059095e+00 3.2521569e+00 1.9263592e+00 0.0000000e+00 1.6326216e+00 3.4961774e+00 3.7169251e+00 4.1479563e+00 4.5640255e+00 4.8977343e+00 5.1345969e+00 5.1941498e+00 5.0805910e+00 5.1665788e+00 5.4750482e+00 5.8205208e+00 6.1580781e+00 6.3000780e+00 6.5761888e+00 6.7089267e+00 6.7473885e+00 6.8671975e+00 6.9756234e+00 7.0634446e+00 7.1570875e+00 7.1903549e+00 7.2417546e+00 7.2926524e+00 7.3492596e+00 7.3966386e+00 7.3113309e+00 7.2627135e+00 7.2259256e+00 7.2470186e+00 7.2767169e+00 7.3016080e+00 7.3127074e+00
