presentation/data/depth_0032.asc
ncols     164
nrows     146
xllcorner -1.242151388888889e+02
yllcorner  4.172986111111111e+01
cellsize  2.777777777820000e-04
nodata_value       -9999
[rows 88 to 109 of 146, columns 100 to 149 of 164]
8.2478950e+00 7.2717092e+00 6.2855435e+00 6.7226334e+00 6.4548259e+00 5.7534198e+00 5.5290297e+00 5.4353066e+00 5.7279234e+00 7.1872011e+00 7.5586907e+00 6.6162500e+00 5.0691727e+00 4.6112892e+00 1.8731937e+00 1.8996819e+00 5.1321076e+00 6.2506421e+00 3.9406618e+00 1.7185034e+00 5.6950238e-01 3.9449289e-01 1.1030315e-01 4.3694341e-01 6.2670197e-01 8.1513333e-01 7.6551124e-01 6.3726846e-01 3.6460384e-01 1.6430605e-01 1.8166548e-01 8.7278045e-02 3.3916774e-02 1.4490132e-01 3.3000141e-01 2.6547931e-01 4.6086431e-01 6.8360854e-02 1.7762567e-02 6.5124966e-02 2.5176566e-01 4.8960649e-01 6.2159166e-01 4.6796079e-01 5.8127803e-01 2.5281018e-01 1.6708736e-01 8.5283135e-01 7.3126286e-01 7.7916371e-01
8.2940334e+00 8.0117985e+00 6.9478317e+00 6.6671233e+00 6.5171393e+00 6.3140751e+00 6.2571811e+00 6.9893361e+00 6.7655036e+00 6.8395563e+00 6.3222633e+00 6.4641754e+00 6.9369168e+00 7.1817303e+00 6.3481721e+00 5.6962411e+00 5.8484269e+00 6.4198973e+00 6.6773514e+00 5.3501727e+00 3.7473159e+00 1.5255944e+00 3.0340814e-01 6.6794635e-01 3.1423119e-01 4.9777012e-01 5.8882306e-01 6.0356772e-01 6.3225860e-01 5.2025415e-01 2.9235087e-01 1.0328401e-01 3.6155848e-01 6.5350501e-01 6.4792816e-01 4.4675623e-01 2.2789106e-01 2.0838226e-02 2.3448021e-02 7.0204539e-04 9.9245358e-04 1.2416547e-01 1.9381510e-01 2.5345900e-01 4.7369305e-01 5.3432894e-01 5.4037345e-01 5.5015872e-01 4.6713048e-01 5.0792187e-01
7.6951757e+00 7.7070048e+00 7.4857439e+00 7.3390787e+00 7.2962671e+00 7.6837712e+00 8.0076639e+00 7.7177801e+00 5.8021863e+00 5.3857843e+00 5.1455407e+00 5.4499671e+00 7.8478374e+00 8.2675341e+00 7.8358892e+00 7.6605074e+00 7.1203334e+00 6.8538338e+00 6.8244360e+00 6.6950191e+00 6.5987840e+00 6.0933438e+00 4.0082714e+00 1.3033426e+00 2.9831936e-01 4.5901268e-01 6.8161805e-01 6.4819088e-01 5.6327512e-01 4.1003751e-01 2.2406479e-01 4.3947610e-01 9.0057175e-01 9.6792318e-01 9.5511223e-01 7.8044696e-01 5.0457575e-01 1.1629312e-01 1.1140795e-02 1.3223069e-02 4.2293820e-02 9.3313526e-02 1.5767701e-01 9.7586556e-02 9.3830512e-04 9.6865450e-04 1.3865736e-01 2.3550362e-01 2.5295832e-01 2.1901533e-01
8.0892895e+00 8.2347315e+00 8.1089595e+00 8.0566858e+00 8.3034626e+00 7.9656113e+00 8.0127871e+00 8.4608517e+00 6.5023763e+00 5.6822399e+00 6.1961103e+00 5.2217574e+00 4.9097677e+00 7.1081109e+00 8.2954558e+00 7.9697454e+00 7.5340876e+00 7.4709477e+00 7.2244188e+00 6.8863493e+00 6.9185701e+00 6.6959575e+00 6.0000468e+00 5.8456082e+00 4.3011491e+00 1.0251910e+00 5.8128035e-01 6.0002774e-01 3.5179161e-01 2.2770151e-01 3.5470076e-01 8.6554241e-01 9.5287696e-01 1.0029527e+00 9.0561192e-01 7.4847305e-01 6.2306415e-01 4.7180955e-01 3.0450732e-01 7.2677613e-02 5.7147729e-02 1.1674596e-01 1.1906779e-01 4.8024032e-02 3.5479285e-02 4.9705046e-02 6.5457593e-02 7.6724838e-04 3.4161523e-02 1.6325630e-01
8.0661723e+00 8.1540454e+00 8.2281943e+00 8.5003707e+00 8.3092213e+00 7.9175768e+00 7.7603674e+00 7.8497805e+00 7.9640152e+00 6.9995249e+00 6.1662048e+00 6.8309759e+00 6.0276412e+00 7.5393560e+00 8.2373761e+00 8.0690210e+00 7.7640464e+00 7.7765027e+00 7.0013949e+00 6.8457821e+00 6.9460827e+00 6.3436730e+00 6.2296125e+00 6.6313916e+00 5.2490051e+00 1.7761147e+00 6.3923788e-01 3.4761802e-01 2.4572925e-01 2.8639944e-01 6.7543581e-01 8.0169300e-01 8.6626199e-01 9.6919498e-01 1.0395761e+00 8.3409873e-01 6.4140170e-01 4.5376480e-01 3.7279710e-01 2.6770864e-01 2.1737127e-01 1.6699339e-01 1.5362546e-01 7.9074753e-02 2.5507441e-02 6.0406227e-02 7.0622457e-02 6.6655058e-02 7.7013631e-02 1.3663582e-01
7.5432561e+00 7.6472362e+00 7.8448525e+00 8.1744460e+00 8.3580962e+00 7.7622084e+00 7.3990848e+00 7.8111488e+00 8.2551202e+00 8.7777113e+00 8.0390360e+00 8.3510716e+00 9.0502569e+00 9.0438031e+00 8.8054568e+00 8.3534807e+00 7.7013980e+00 7.2611484e+00 7.0967650e+00 6.9140301e+00 6.8335954e+00 5.3726336e+00 2.9667179e+00 4.2285075e+00 1.8259612e+00 5.9926656e-01 4.1734927e-01 2.6544244e-01 2.0314872e-01 3.6650429e-01 5.1417191e-01 5.3435131e-01 5.3541659e-01 5.4449164e-01 5.6880468e-01 5.3207212e-01 5.1802201e-01 4.4137597e-01 4.2932371e-01 3.7752342e-01 3.0156941e-01 2.1187796e-01 1.8540975e-01 1.2187803e-01 9.1393313e-02 9.3782762e-02 1.0955889e-01 8.3137742e-02 1.3083713e-01 1.3743560e-01
6.9664671e+00 7.2651128e+00 7.5600671e+00 7.9300614e+00 8.3594974e+00 8.6511367e+00 2.9352781e+00 5.1026001e+00 7.1831333e+00 9.2569803e+00 9.2341835e+00 9.0112236e+00 9.1079880e+00 9.2433167e+00 9.0239625e+00 8.7441017e+00 8.0201942e+00 7.4777188e+00 7.3330695e+00 7.1485470e+00 6.5995371e+00 6.0243895e+00 4.6675806e+00 1.0183170e+00 3.9005916e-01 2.7805814e-01 1.9030860e-01 5.4099458e-01 1.1415637e+00 5.0029613e-01 3.9408757e-01 1.9027548e-01 1.5205580e-01 1.7736679e-01 1.6079724e-01 1.7434932e-01 1.6057268e-01 1.5213924e-01 1.3895856e-01 1.4522179e-01 1.1351884e-01 1.0465307e-01 7.8201758e-02 4.1711458e-02 3.5571009e-02 1.7900148e-02 4.0983992e-02 1.0278628e-01 1.7027653e-01 1.6790961e-01
6.5934385e+00 6.9652131e+00 7.3388290e+00 7.7279449e+00 8.1768430e+00 8.7572938e+00 8.6348153e+00 7.7158334e+00 7.1329073e+00 8.6014768e+00 9.5857596e+00 9.7360300e+00 9.5627551e+00 9.3287929e+00 9.1281867e+00 8.9427165e+00 8.7181938e+00 8.3865056e+00 7.8878260e+00 7.2600819e+00 7.0152468e+00 5.0690125e+00 2.0907986e+00 1.0482159e-01 2.2013945e-01 1.5074734e-01 4.5837481e-01 3.0923083e+00 2.9144453e+00 2.5809775e+00 2.5487255e+00 2.4459989e+00 2.4152596e+00 2.4889104e+00 2.4120762e+00 2.3288808e+00 2.0973879e+00 2.1399581e+00 2.1368793e+00 1.7853796e+00 1.0011937e+00 6.2849678e-01 6.2188065e-01 7.6536847e-01 6.6837925e-01 6.7949156e-01 7.3034333e-01 8.1426497e-01 5.8133816e-01 2.5798719e-01
4.6411139e+00 5.3001738e+00 6.6150049e+00 7.5721649e+00 7.9469672e+00 8.4943937e+00 8.7619671e+00 8.5929594e+00 7.7482548e+00 7.2112585e+00 8.6717202e+00 9.4842714e+00 9.8155675e+00 9.4709172e+00 9.3083314e+00 9.2563084e+00 8.9833733e+00 8.6605105e+00 8.3465873e+00 7.4461947e+00 5.6196974e+00 2.2549780e+00 3.6290810e-01 2.2841373e-01 7.9333167e-02 9.7061973e-01 2.8960845e+00 3.0703944e+00 3.0581960e+00 2.9923581e+00 3.1606298e+00 3.2058776e+00 3.0905316e+00 3.0748003e+00 3.1982483e+00 3.2183002e+00 3.2731979e+00 3.2737051e+00 3.3425000e+00 3.2430161e+00 3.0446740e+00 2.8951112e+00 2.9253667e+00 2.9461879e+00 2.9216081e+00 2.9287092e+00 2.9622164e+00 2.9762421e+00 2.9140809e+00 2.7467877e+00
1.6002845e+00 8.2212288e-01 1.7764493e+00 6.3449613e+00 7.7061699e+00 8.4293455e+00 8.7670892e+00 8.8746571e+00 8.7340891e+00 7.7333766e+00 7.8916817e+00 8.8536587e+00 9.2839772e+00 9.3090240e+00 9.3189688e+00 9.2980015e+00 8.8492326e+00 8.2011586e+00 7.8755615e+00 6.5102923e+00 2.8711619e+00 4.5862622e-01 2.6359222e-01 1.5296576e-01 9.1454124e-01 3.4661798e+00 3.5161110e+00 3.5870114e+00 3.5236672e+00 3.4179769e+00 3.4467045e+00 3.4276149e+00 3.2886213e+00 3.2596851e+00 3.3527397e+00 3.4238120e+00 3.4670241e+00 3.4843276e+00 3.5903623e+00 3.5669326e+00 3.5219890e+00 3.4532675e+00 3.4138064e+00 3.3704257e+00 3.3581523e+00 3.3640672e+00 3.3847735e+00 3.3901910e+00 3.3867485e+00 3.3193681e+00
6.7490301e+00 5.3593738e+00 1.3291470e+00 1.9836104e+00 5.5870196e+00 8.1174129e+00 8.9336524e+00 8.9985658e+00 8.9911378e+00 8.5610080e+00 7.7963133e+00 7.9820647e+00 9.1791106e+00 9.3356876e+00 9.1857903e+00 9.0659686e+00 8.6908055e+00 8.0325365e+00 6.8540487e+00 3.2129218e+00 6.9869700e-01 2.0047133e-01 1.4841566e-01 8.0800991e-01 3.0571459e+00 3.3788797e+00 3.7685268e+00 3.9880236e+00 3.9117337e+00 3.8964291e+00 3.8672460e+00 3.6829916e+00 3.5011258e+00 3.5076557e+00 3.6877535e+00 3.7769990e+00 3.7855601e+00 3.8575360e+00 4.0577501e+00 3.9212310e+00 3.7802077e+00 3.6387757e+00 3.5351914e+00 3.4277953e+00 3.3900756e+00 3.4177075e+00 3.4681176e+00 3.4781832e+00 3.4793251e+00 3.4184396e+00
7.8385871e+00 7.6574470e+00 6.4333515e+00 1.5887271e+00 2.1483956e+00 7.0210640e+00 8.8949880e+00 8.9616234e+00 8.6345177e+00 8.1837662e+00 7.7886212e+00 8.2537684e+00 1.0170065e+01 9.7516904e+00 9.1271149e+00 8.9114656e+00 8.5375671e+00 6.8311214e+00 3.6069176e+00 7.3574944e-01 3.1924041e-01 2.2924368e-01 6.2746323e-01 3.3139634e+00 3.2267578e+00 3.2979735e+00 3.7234056e+00 3.8896220e+00 4.0985638e+00 4.3161262e+00 4.2994923e+00 4.0798374e+00 3.8121843e+00 3.7840776e+00 4.0307719e+00 4.1794024e+00 4.2654093e+00 4.2802876e+00 4.3721788e+00 4.2171081e+00 4.0125585e+00 3.8807883e+00 3.7164231e+00 3.5465481e+00 3.4628578e+00 3.5018330e+00 3.5863162e+00 3.6475397e+00 3.6579339e+00 3.6111262e+00
8.2054812e+00 7.9304642e+00 7.5118565e+00 5.7247912e+00 1.1155510e+00 2.4098726e+00 7.9953355e+00 8.8461842e+00 8.3431267e+00 8.1387428e+00 7.9415200e+00 8.9657090e+00 1.0044673e+01 9.7632626e+00 9.2008175e+00 8.9293856e+00 7.8724535e+00 3.5903534e+00 6.2571788e-01 3.8827099e-01 3.4201278e-01 4.2253869e-01 3.1198235e+00 3.4634078e+00 3.4169508e+00 3.4729358e+00 3.6576594e+00 3.9030187e+00 4.5060029e+00 4.5854000e+00 4.5020891e+00 4.3473644e+00 4.1576943e+00 4.0924705e+00 4.2150447e+00 4.4047901e+00 4.6197269e+00 4.5250259e+00 4.4308576e+00 4.3575949e+00 4.2280483e+00 4.1126058e+00 3.8791626e+00 3.7552891e+00 3.5933267e+00 3.5701682e+00 3.7150926e+00 3.8000563e+00 3.8137882e+00 3.7583982e+00
8.2625644e+00 8.0405080e+00 7.6871709e+00 7.2147622e+00 4.7761327e+00 9.2711551e-01 2.4923193e+00 6.1830584e+00 8.7127766e+00 8.0380598e+00 7.6262592e+00 8.1760950e+00 9.4075035e+00 9.4378105e+00 8.7611164e+00 8.3539878e+00 4.1874630e+00 5.3690865e-01 3.1010436e-01 3.3967771e-01 1.7608287e-01 2.9600662e+00 3.5111297e+00 3.4717660e+00 3.4238897e+00 3.4894401e+00 3.8809675e+00 4.2823871e+00 4.4672892e+00 4.6351121e+00 4.7191335e+00 4.5077034e+00 4.5568401e+00 4.4708302e+00 4.4505021e+00 4.5142598e+00 4.6291616e+00 4.6293769e+00 4.5948877e+00 4.7583813e+00 4.5834121e+00 4.3897108e+00 4.1933709e+00 3.9955268e+00 3.8429932e+00 3.8661325e+00 3.9766126e+00 4.0086624e+00 4.0576686e+00 3.9908999e+00
8.2496411e+00 8.0849248e+00 7.7991104e+00 7.3530754e+00 6.6900567e+00 2.9461070e+00 5.9308595e-01 1.4765641e+00 5.2571652e+00 6.4000190e+00 7.4313268e+00 7.4943564e+00 7.5843474e+00 8.2308534e+00 7.2839379e+00 4.1027093e+00 2.7166932e+00 1.5049568e+00 5.4764430e-01 1.1774341e-01 2.4783430e+00 3.1037988e+00 3.4764920e+00 3.7751137e+00 3.8466772e+00 4.0169477e+00 4.4100848e+00 4.6158454e+00 4.5461052e+00 4.8924539e+00 4.9726554e+00 4.7088699e+00 4.6454272e+00 4.7735340e+00 4.9385600e+00 5.0525779e+00 4.9552053e+00 4.7863267e+00 4.9509379e+00 5.5228217e+00 5.1324327e+00 4.8480301e+00 4.4530051e+00 4.3539077e+00 4.3716472e+00 4.4438450e+00 4.4453998e+00 4.3780251e+00 4.3410275e+00 4.2848500e+00
8.2502176e+00 8.0668347e+00 7.8001490e+00 7.4223341e+00 6.9553972e+00 6.2741309e+00 2.7674096e+00 3.6289232e-01 6.7036021e-01 1.4731324e+00 2.4815207e+00 5.1424575e+00 7.2072945e+00 7.4005199e+00 4.8750091e+00 4.6458578e+00 3.4163875e+00 8.3691435e-01 2.7334614e-01 2.3770366e+00 3.0455716e+00 3.2264539e+00 3.7351288e+00 4.0679710e+00 4.3493431e+00 4.4649648e+00 4.7299077e+00 4.7995536e+00 4.9861291e+00 5.3355353e+00 5.5314059e+00 5.1498835e+00 4.7833253e+00 5.2843326e+00 5.5186014e+00 5.6371055e+00 5.4228174e+00 5.2620264e+00 5.3405838e+00 5.4613614e+00 5.3159479e+00 5.1209075e+00 4.8896210e+00 4.8268072e+00 4.9135895e+00 4.9895395e+00 4.8622969e+00 4.7001946e+00 4.5946176e+00 4.5115352e+00
8.2287597e+00 8.0947686e+00 7.8709702e+00 7.5915005e+00 7.2985373e+00 6.8534665e+00 6.0352806e+00 1.6746368e+00 1.7307679e-01 1.1582951e+00 1.2507878e+00 1.4405097e+00 6.1970005e+00 4.3147695e+00 2.1349058e+00 3.7504146e+00 1.0061498e+00 6.3880736e-01 1.3692830e+00 3.3457785e+00 3.5442472e+00 3.8915989e+00 4.3694425e+00 4.6034156e+00 4.6529596e+00 4.7726353e+00 4.9336332e+00 4.9619739e+00 5.1454807e+00 5.7402047e+00 5.6748689e+00 5.4048189e+00 5.3361214e+00 5.6471993e+00 5.7492158e+00 5.6273228e+00 5.5570691e+00 5.6644826e+00 5.8403374e+00 5.7320049e+00 5.5785549e+00 5.4813939e+00 5.4085909e+00 5.3217864e+00 5.3304508e+00 5.3108955e+00 5.1631126e+00 5.0028177e+00 4.8208867e+00 4.6978331e+00
8.2816569e+00 8.0681215e+00 7.9346900e+00 7.6884204e+00 7.4534707e+00 6.9737382e+00 6.2490908e+00 3.5712460e+00 6.8744611e-01 3.5281597e-01 7.6038175e-01 1.2635370e+00 2.7285002e+00 1.1161765e+00 6.4771297e-01 9.8221420e-01 4.6529668e-01 1.5058201e+00 3.0343273e+00 3.5859079e+00 4.1861157e+00 4.5213911e+00 4.7862306e+00 4.7552607e+00 4.7284809e+00 5.0580675e+00 5.2903226e+00 5.1904780e+00 5.0184997e+00 5.6017082e+00 5.7365155e+00 5.6936790e+00 5.8457357e+00 5.8177744e+00 5.3570858e+00 4.9105086e+00 5.2205389e+00 5.5951375e+00 5.8982039e+00 5.8781859e+00 5.8215463e+00 5.7870555e+00 5.8462096e+00 5.7768552e+00 5.7149550e+00 5.6406244e+00 5.5220817e+00 5.3267207e+00 5.1986029e+00 4.9846047e+00
8.2756364e+00 8.1840206e+00 7.9888256e+00 7.8527402e+00 7.7144306e+00 7.5320295e+00 6.7679160e+00 4.5778037e+00 2.8021947e+00 8.8380659e-02 9.8433253e-02 5.7758643e-01 5.9886006e-01 4.5393690e-01 4.6238376e-01 2.5342466e-01 1.8551191e+00 3.0976132e+00 3.0072276e+00 3.2722598e+00 4.0005814e+00 4.5195807e+00 4.9832376e+00 5.0628939e+00 5.0742544e+00 5.3322456e+00 5.8283931e+00 5.6545223e+00 5.6210976e+00 5.9863647e+00 6.1029489e+00 6.1236271e+00 6.1272808e+00 5.9001089e+00 5.0393873e+00 4.1615263e+00 4.7044731e+00 5.3568897e+00 5.8512864e+00 6.0475654e+00 6.0495850e+00 5.9366403e+00 6.0688502e+00 6.1004862e+00 6.0757789e+00 6.0181015e+00 5.9372403e+00 5.7958847e+00 5.6045562e+00 5.3670126e+00
8.2267423e+00 8.1901493e+00 8.1195429e+00 7.8653729e+00 7.7876140e+00 7.6116545e+00 5.5965162e+00 3.0085989e+00 1.8160462e-01 9.6567624e-04 5.8142882e-02 1.9039943e-01 1.7336507e-01 2.0826474e-01 2.0406169e-01 1.0853883e+00 3.1172869e+00 2.9164841e+00 2.0633501e+00 2.8746725e-01 1.4080979e-01 2.8397508e+00 4.8285594e+00 5.2740503e+00 5.4192311e+00 5.2962850e+00 5.6167826e+00 5.7563016e+00 6.0333933e+00 6.3626180e+00 6.2565512e+00 6.1009005e+00 6.1250768e+00 6.0929279e+00 5.4091087e+00 4.6727309e+00 4.8701680e+00 5.3477925e+00 5.8863830e+00 6.1885555e+00 6.4157719e+00 6.2799423e+00 6.3605781e+00 6.4153806e+00 6.4070816e+00 6.4072381e+00 6.4617090e+00 6.1933426e+00 5.9289353e+00 5.7616726e+00
8.1309478e+00 8.1200457e+00 8.1239168e+00 8.0353464e+00 7.7476857e+00 6.9533837e+00 7.7102791e-04 0.0000000e+00 8.5107101e-04 9.7229550e-04 3.7043895e-03 0.0000000e+00 0.0000000e+00 9.1662191e-02 7.5415566e-02 2.7100448e-02 4.7198237e-01 9.8052040e-04 8.8647134e-04 1.3906586e-03 6.1586560e-01 3.6510717e+00 5.0003821e+00 5.6487671e+00 5.6472159e+00 5.5197697e+00 5.5552107e+00 5.6394098e+00 6.0858617e+00 6.2814659e+00 5.9353148e+00 5.2656130e+00 5.5911479e+00 5.8744385e+00 5.6242282e+00 5.3236180e+00 5.3197791e+00 5.5312514e+00 5.9125613e+00 6.2213093e+00 6.4669623e+00 6.5172500e+00 6.5943472e+00 6.7056543e+00 6.7119347e+00 6.7069599e+00 6.7053250e+00 6.4763620e+00 6.2822147e+00 6.1349003e+00
8.0581892e+00 7.9790176e+00 7.9864581e+00 7.9247553e+00 7.7884364e+00 7.2353825e+00 9.7640540e-01 9.0299813e-04 9.5401741e-04 9.6390093e-04 9.9921001e-04 0.0000000e+00 0.0000000e+00 2.4120544e-02 1.2742013e-03 1.5510966e+00 2.5641185e+00 2.1315221e+00 2.0078769e+00 3.2968956e+00 4.4515987e+00 4.9058515e+00 5.3751526e+00 5.6535736e+00 5.6044085e+00 5.6681815e+00 5.6074162e+00 5.5968160e+00 5.8919510e+00 6.0765505e+00 5.5921698e+00 4.3235923e+00 4.9420222e+00 5.6902739e+00 5.8456934e+00 5.8032222e+00 5.7228344e+00 5.7282276e+00 5.9869466e+00 6.2656832e+00 6.4656297e+00 6.5971081e+00 6.7276748e+00 6.9047138e+00 6.9119323e+00 6.8717277e+00 6.8273139e+00 6.6716886e+00 6.5227975e+00 6.4638552e+00
