presentation/data/depth_0001.asc
ncols     164
nrows     146
xllcorner -1.242151388888889e+02
yllcorner  4.172986111111111e+01
cellsize  2.777777777820000e-04
nodata_value       -9999
[rows 88 to 109 of 146, columns 50 to 99 of 164]
0.0000000e+00 0.0000000e+00 0.0000000e+00 0.0000000e+00 0.0000000e+00 0.0000000e+00 7.1306786e-01 2.3311655e+00 2.4320893e+00 2.3887147e+00 2.5496686e+00 2.8349572e+00 3.1955730e+00 3.5278008e+00 3.8066773e+00 3.9674900e+00 4.3099145e+00 4.7828493e+00 5.0117819e+00 5.2554368e+00 5.2338232e+00 5.4226824e+00 5.4662146e+00 5.3652768e+00 5.4943483e+00 5.3792418e+00 5.4939089e+00 5.0353652e+00 3.9016132e+00 4.9285560e+00 5.2713838e+00 4.8560893e+00 4.9936806e+00 5.2315989e+00 5.3331082e+00 5.2264464e+00 5.3232878e+00 5.3900101e+00 5.3828021e+00 5.3211420e+00 5.3985627e+00 5.4008222e+00 5.3490267e+00 5.3443134e+00 5.4089720e+00 5.4489806e+00 5.6782456e+00 4.8118649e+00 4.8184256e+00 5.3996876e+00
8.8057015e-04 6.1699646e-01 4.2960982e-01 0.0000000e+00 0.0000000e+00 0.0000000e+00 0.0000000e+00 6.8065585e-02 2.2650843e+00 2.6202857e+00 2.6940447e+00 2.8942638e+00 3.2288777e+00 3.8140829e+00 4.0484890e+00 4.2763086e+00 4.6644214e+00 4.8847696e+00 4.8938427e+00 5.2738775e+00 5.6480615e+00 5.7626946e+00 5.5968489e+00 5.4595760e+00 5.4554219e+00 4.9435156e+00 4.5020397e+00 4.3145477e+00 4.0387674e+00 4.5686253e+00 5.0427806e+00 5.2118210e+00 5.3084533e+00 5.4025336e+00 5.4845990e+00 5.4993451e+00 5.4909867e+00 5.5812961e+00 5.6052486e+00 5.6159022e+00 5.6271247e+00 5.6324331e+00 5.6767647e+00 5.6118963e+00 5.5819184e+00 5.5947838e+00 5.7309911e+00 5.3129908e+00 4.9970042e+00 4.9584966e+00
2.5510031e+00 2.2176498e+00 1.3271226e+00 9.6462659e-01 0.0000000e+00 0.0000000e+00 0.0000000e+00 0.0000000e+00 0.0000000e+00 2.4535448e+00 2.8254466e+00 2.9108066e+00 3.1620625e+00 3.5862817e+00 3.8291130e+00 4.1391486e+00 4.3946450e+00 4.5794842e+00 4.6845824e+00 4.9064411e+00 5.1338715e+00 5.2101431e+00 5.0026874e+00 4.8562163e+00 4.7452847e+00 4.2009713e+00 3.6875506e+00 4.2900466e+00 4.7374454e+00 5.0417526e+00 5.3358794e+00 5.4998717e+00 5.5996798e+00 5.6213746e+00 5.6595279e+00 5.7247903e+00 5.7581031e+00 5.7650201e+00 5.8362286e+00 5.8579179e+00 5.8661435e+00 5.8238600e+00 5.9147619e+00 5.9358847e+00 5.8687905e+00 5.8718247e+00 5.8007026e+00 5.7436741e+00 5.1953361e+00 5.1960285e+00
2.5373088e+00 2.5576642e+00 2.3392541e+00 2.1064472e+00 0.0000000e+00 0.0000000e+00 0.0000000e+00 0.0000000e+00 0.0000000e+00 0.0000000e+00 2.6284468e+00 2.9899156e+00 3.0039670e+00 3.1875913e+00 3.1635208e+00 3.0740673e+00 3.7639351e+00 4.0357724e+00 4.1663231e+00 4.2969811e+00 4.3607455e+00 4.3063405e+00 4.1269646e+00 3.9575170e+00 4.0703203e+00 4.1407677e+00 4.2572011e+00 4.7926320e+00 5.2102367e+00 5.4442224e+00 5.5849717e+00 5.6990108e+00 5.7662043e+00 5.8320731e+00 5.8517263e+00 5.9029009e+00 5.9706266e+00 6.0125344e+00 6.0073485e+00 6.0740729e+00 6.0579865e+00 6.0566684e+00 6.1659593e+00 6.1771337e+00 6.1362058e+00 6.1299759e+00 6.0572826e+00 5.9494265e+00 5.8174228e+00 5.7297472e+00
2.4267521e+00 2.5717760e+00 1.6549139e+00 2.4902838e+00 1.6885086e+00 0.0000000e+00 0.0000000e+00 0.0000000e+00 0.0000000e+00 0.0000000e+00 0.0000000e+00 2.5793756e+00 2.9778824e+00 3.0597530e+00 1.4259647e+00 0.0000000e+00 3.0052219e+00 3.5234847e+00 3.6134678e+00 3.6795076e+00 3.6167763e+00 3.4825186e+00 3.3964111e+00 3.3131446e+00 3.8403811e+00 4.4555239e+00 4.8478367e+00 5.2008015e+00 5.5197317e+00 5.7033199e+00 5.8081539e+00 5.8583095e+00 5.9129398e+00 5.9657055e+00 6.0088718e+00 6.0586089e+00 6.1251478e+00 6.1934032e+00 6.2303603e+00 6.2156179e+00 6.2327895e+00 6.2698806e+00 6.3589852e+00 6.3389649e+00 6.3502802e+00 6.2814423e+00 6.1366624e+00 5.9745517e+00 5.7723751e+00 5.6549721e+00
2.2414296e+00 2.3851734e+00 2.5328494e+00 2.7751237e+00 2.6351224e+00 2.4733729e-01 0.0000000e+00 0.0000000e+00 0.0000000e+00 8.3645886e-01 0.0000000e+00 0.0000000e+00 2.1953474e+00 2.7788077e+00 2.0540206e+00 1.9958938e+00 3.0797108e+00 3.1607644e+00 3.2182359e+00 3.2220881e+00 3.1025964e+00 3.0418822e+00 3.4293762e+00 3.7964058e+00 4.4509474e+00 4.9992164e+00 5.3896237e+00 5.6065593e+00 5.7545242e+00 5.8649141e+00 5.9615483e+00 6.0421893e+00 6.0693730e+00 6.1154158e+00 6.1686303e+00 6.1936527e+00 6.2540552e+00 6.3207033e+00 6.3300295e+00 6.3640945e+00 6.4286435e+00 6.4881390e+00 6.5232908e+00 6.5201844e+00 6.4834276e+00 6.3771568e+00 6.1052014e+00 5.6818969e+00 5.3695932e+00 5.1911913e+00
2.2668846e+00 2.4237043e+00 2.7250655e+00 2.7433398e+00 2.7225147e+00 1.9173350e+00 0.0000000e+00 0.0000000e+00 1.8673878e+00 2.5667344e+00 2.1487331e+00 0.0000000e+00 0.0000000e+00 0.0000000e+00 1.3984920e+00 3.2188112e+00 2.9895944e+00 3.0164931e+00 3.0595315e+00 3.0465705e+00 3.0420856e+00 3.5281975e+00 4.1533881e+00 4.7111312e+00 5.1140955e+00 5.4234067e+00 5.6806453e+00 5.8806939e+00 5.9877279e+00 6.0201717e+00 6.0845856e+00 6.1624625e+00 6.2363927e+00 6.2615717e+00 6.3166559e+00 6.3603627e+00 6.4029099e+00 6.4178097e+00 6.4486088e+00 6.5357158e+00 6.6068906e+00 6.6560371e+00 6.7058728e+00 6.7050228e+00 6.6846106e+00 6.5280101e+00 5.7250466e+00 4.9534912e+00 4.7482311e+00 4.5230236e+00
2.4705251e+00 2.5667410e+00 2.6657030e+00 2.7183875e+00 2.7703716e+00 2.6215171e+00 1.3788012e+00 0.0000000e+00 1.3582576e+00 2.8318581e+00 1.5597748e+00 1.6319623e+00 0.0000000e+00 0.0000000e+00 4.3475772e-03 3.1301245e+00 3.0191830e+00 3.0510892e+00 3.0804704e+00 3.3281891e+00 3.6772695e+00 4.3115055e+00 4.8655645e+00 5.2215072e+00 5.5352041e+00 5.7257580e+00 5.8918940e+00 6.0258957e+00 6.1465643e+00 6.2073281e+00 6.2326179e+00 6.2851671e+00 6.3556591e+00 6.4172287e+00 6.4553205e+00 6.4874860e+00 6.4906585e+00 6.5165177e+00 6.5646605e+00 6.6571853e+00 6.7479678e+00 6.8131923e+00 6.8980904e+00 6.9725584e+00 7.0758449e+00 6.9938473e+00 5.0796056e+00 3.6054415e+00 3.4164283e+00 3.7367460e+00
2.6567430e+00 2.7204499e+00 2.7529199e+00 2.7772937e+00 2.7785310e+00 2.7688656e+00 2.4758540e+00 6.5409951e-01 0.0000000e+00 1.9662222e+00 2.3292277e+00 2.4417364e+00 1.7710936e+00 1.6372782e+00 2.6676983e+00 3.1978829e+00 3.2844205e+00 3.3534567e+00 3.4169733e+00 3.9683202e+00 4.6573972e+00 5.0945077e+00 5.3375179e+00 5.5471889e+00 5.7444446e+00 5.9260278e+00 6.0348132e+00 6.1457716e+00 6.2324161e+00 6.3136711e+00 6.3598764e+00 6.4006962e+00 6.4608888e+00 6.4973598e+00 6.5117012e+00 6.5346113e+00 6.5644546e+00 6.5834741e+00 6.6462420e+00 6.7390727e+00 6.8182824e+00 6.9110951e+00 7.0140601e+00 7.1434262e+00 7.2885108e+00 6.6315091e+00 4.7681666e-01 0.0000000e+00 1.9784555e-01 1.2688643e+00
2.8455122e+00 2.8681310e+00 2.8781518e+00 2.8766024e+00 2.8499581e+00 2.7794313e+00 2.7550611e+00 2.4107103e+00 0.0000000e+00 0.0000000e+00 2.3015357e+00 2.7036660e+00 2.9996092e+00 3.2567264e+00 3.2621095e+00 3.4163212e+00 3.7336587e+00 3.9711524e+00 4.1777192e+00 4.6667263e+00 5.1122468e+00 5.4374431e+00 5.6735801e+00 5.7613522e+00 5.8966851e+00 6.0251547e+00 6.1424865e+00 6.2284343e+00 6.2964382e+00 6.3753812e+00 6.4249443e+00 6.4701565e+00 6.5123238e+00 6.4949562e+00 6.5643962e+00 6.6032574e+00 6.6687891e+00 6.6861153e+00 6.7445829e+00 6.7980611e+00 6.8720360e+00 6.9626397e+00 7.0297260e+00 7.0772963e+00 7.0424839e+00 6.6795110e+00 4.6779612e+00 3.3061008e+00 1.7775769e+00 6.1400088e-01
3.0864845e+00 3.0704553e+00 3.0482767e+00 3.0130448e+00 2.9402403e+00 2.8560420e+00 2.7887497e+00 2.8399114e+00 1.8516122e+00 0.0000000e+00 1.4685320e+00 3.0697008e+00 2.8625767e+00 3.0442558e+00 3.3052786e+00 3.6142020e+00 3.9979151e+00 4.2180990e+00 4.4460968e+00 4.9241439e+00 5.2884550e+00 5.6323511e+00 5.8616973e+00 5.9390665e+00 5.9928478e+00 6.0948488e+00 6.1806305e+00 6.2868368e+00 6.3466237e+00 6.4251699e+00 6.4831754e+00 6.5063588e+00 6.4863561e+00 6.5745611e+00 6.6417651e+00 6.6730012e+00 6.7554410e+00 6.7702717e+00 6.8188183e+00 6.8648852e+00 6.9301345e+00 6.9846376e+00 7.0027896e+00 6.9563710e+00 6.8441478e+00 6.5948872e+00 6.2492544e+00 5.9319996e+00 5.7040582e+00 5.3998087e+00
3.3316461e+00 3.2714800e+00 3.2338557e+00 3.1594530e+00 3.0489875e+00 2.9597876e+00 2.8404720e+00 2.8097587e+00 2.5673840e+00 7.9754118e-02 0.0000000e+00 2.3944027e+00 2.9260756e+00 3.1797990e+00 3.3870333e+00 3.6915867e+00 3.9466237e+00 4.1393867e+00 4.6638851e+00 5.0445820e+00 5.3895420e+00 5.6846453e+00 5.8789961e+00 5.9453246e+00 6.0334271e+00 6.1281806e+00 6.2162079e+00 6.3062901e+00 6.3993606e+00 6.4524111e+00 6.5062818e+00 6.5500333e+00 6.5521134e+00 6.6186358e+00 6.7021904e+00 6.7459849e+00 6.8193081e+00 6.8373383e+00 6.8799461e+00 6.9312783e+00 6.9760162e+00 7.0058428e+00 6.9823042e+00 6.9106014e+00 6.8272218e+00 6.6439437e+00 6.4805668e+00 6.4616407e+00 6.3062083e+00 6.1469975e+00
3.5641788e+00 3.4633798e+00 3.4048772e+00 3.2846135e+00 3.1334882e+00 3.0237374e+00 2.8958422e+00 2.7901349e+00 2.6828367e+00 1.7936440e+00 0.0000000e+00 0.0000000e+00 2.4972220e+00 3.2033719e+00 3.4235538e+00 3.7674389e+00 4.1127076e+00 4.3724661e+00 4.8433140e+00 5.1534261e+00 5.4199527e+00 5.6353394e+00 5.7786061e+00 5.9183542e+00 6.0545883e+00 6.1580247e+00 6.2538797e+00 6.3414034e+00 6.4287159e+00 6.5147820e+00 6.5640168e+00 6.5652265e+00 6.6103796e+00 6.6651932e+00 6.7430235e+00 6.8069397e+00 6.8798279e+00 6.8981528e+00 6.9361346e+00 6.9785135e+00 7.0304141e+00 7.0210683e+00 6.9849741e+00 6.9172909e+00 6.8955159e+00 6.8852470e+00 6.7722466e+00 6.6125243e+00 6.4570446e+00 6.4264833e+00
3.9269808e+00 3.7779212e+00 3.6463134e+00 3.4638845e+00 3.2680439e+00 3.1170148e+00 2.9708000e+00 2.8402959e+00 2.7771176e+00 2.7599627e+00 1.5103781e+00 0.0000000e+00 1.3555077e+00 3.3667285e+00 3.4085191e+00 3.8339935e+00 4.2913295e+00 4.6282977e+00 4.8626535e+00 5.2074395e+00 5.4388697e+00 5.5928470e+00 5.7587438e+00 5.9006972e+00 6.0427761e+00 6.1709544e+00 6.2639471e+00 6.3662642e+00 6.4617884e+00 6.5501135e+00 6.5935594e+00 6.5867680e+00 6.6557610e+00 6.7125972e+00 6.7994661e+00 6.8636166e+00 6.9196995e+00 6.9245425e+00 6.9674812e+00 7.0329626e+00 7.0470111e+00 7.0471412e+00 7.0233060e+00 6.9624848e+00 6.9895121e+00 7.0035020e+00 6.9322043e+00 6.7781980e+00 6.7357848e+00 6.6775507e+00
4.3877899e+00 4.1668642e+00 3.9635285e+00 3.7239323e+00 3.4720177e+00 3.2424462e+00 3.0662482e+00 2.9293261e+00 2.8032840e+00 2.8037697e+00 2.4004016e+00 0.0000000e+00 0.0000000e+00 3.0778382e+00 3.3822098e+00 3.7545262e+00 4.2218738e+00 4.6428857e+00 4.9323353e+00 5.1403693e+00 5.3744467e+00 5.5698983e+00 5.7283327e+00 5.8973300e+00 6.0290369e+00 6.1547249e+00 6.2811148e+00 6.3907967e+00 6.4830812e+00 6.5457553e+00 6.5818290e+00 6.6399428e+00 6.7144476e+00 6.7590697e+00 6.8301022e+00 6.8860879e+00 6.9529335e+00 6.9514606e+00 6.9837297e+00 7.0520748e+00 7.0834056e+00 7.0903709e+00 7.0817760e+00 7.0046607e+00 6.9915984e+00 7.0102120e+00 6.9879159e+00 6.9826587e+00 6.9413846e+00 6.8641015e+00
4.8091351e+00 4.5215454e+00 4.2551088e+00 3.9342387e+00 3.6086784e+00 3.3241558e+00 3.1077895e+00 2.9611314e+00 2.8464477e+00 2.7827098e+00 2.6361492e+00 1.1610238e+00 0.0000000e+00 6.4132367e-01 3.4241885e+00 3.5928714e+00 4.0503687e+00 4.4722103e+00 4.8124596e+00 5.1304425e+00 5.2755902e+00 5.4887949e+00 5.6907014e+00 5.8525074e+00 6.0140233e+00 6.1382895e+00 6.2745409e+00 6.4030158e+00 6.4864846e+00 6.4926637e+00 6.5937546e+00 6.7211180e+00 6.7562345e+00 6.7600896e+00 6.8486082e+00 6.8961816e+00 6.9581228e+00 7.0008757e+00 7.0068301e+00 7.0454807e+00 7.1016256e+00 7.1193322e+00 7.1385210e+00 7.0951316e+00 7.0986293e+00 7.1251326e+00 7.1033740e+00 7.0865877e+00 7.0441954e+00 6.9294580e+00
5.2418318e+00 4.8517935e+00 4.5186816e+00 4.0971050e+00 3.6890868e+00 3.3578917e+00 3.1223271e+00 2.9713936e+00 2.8759476e+00 2.7903718e+00 2.7232192e+00 2.6543738e+00 2.0118353e-01 0.0000000e+00 2.3993281e+00 3.5080187e+00 3.8203634e+00 4.2419492e+00 4.5682870e+00 4.9550849e+00 5.2241397e+00 5.3474227e+00 5.5991771e+00 5.7699116e+00 5.9285668e+00 6.1068176e+00 6.2311098e+00 6.3708436e+00 6.4693002e+00 6.4789644e+00 6.6365527e+00 6.7457090e+00 6.7820880e+00 6.7847210e+00 6.8451708e+00 6.9235012e+00 6.9693237e+00 7.0500022e+00 7.0436847e+00 7.0680068e+00 7.1203003e+00 7.1622917e+00 7.1814901e+00 7.1739245e+00 7.1961373e+00 7.2125439e+00 7.1740058e+00 7.1272221e+00 7.0804648e+00 7.0249800e+00
5.7277965e+00 5.2434214e+00 4.7993971e+00 4.2695478e+00 3.7474913e+00 3.3461367e+00 3.1010968e+00 3.0104814e+00 2.9824472e+00 2.8742397e+00 2.7944217e+00 2.8464504e+00 2.3865202e+00 0.0000000e+00 0.0000000e+00 3.2141091e+00 3.6478108e+00 3.9672914e+00 4.3090650e+00 4.7042920e+00 5.0419265e+00 5.2753093e+00 5.4265067e+00 5.6708242e+00 5.8391289e+00 6.0028456e+00 6.1740686e+00 6.3137263e+00 6.4384342e+00 6.4891402e+00 6.6491116e+00 6.7639622e+00 6.8293617e+00 6.8134840e+00 6.8697489e+00 6.9389584e+00 6.9934128e+00 7.0587835e+00 7.0373881e+00 7.1058944e+00 7.1607408e+00 7.2027266e+00 7.2199958e+00 7.2305977e+00 7.2430496e+00 7.2510022e+00 7.2141407e+00 7.1916845e+00 7.1635015e+00 7.1269943e+00
6.2561327e+00 5.6932206e+00 5.1246223e+00 4.4368064e+00 3.7516056e+00 3.2125808e+00 2.9506021e+00 2.8009332e+00 2.4986120e+00 2.9219740e+00 2.9923431e+00 2.9260639e+00 2.8368528e+00 1.1068548e+00 0.0000000e+00 8.6230025e-02 3.4713986e+00 3.6850402e+00 4.0476528e+00 4.4982888e+00 4.9028892e+00 5.2467169e+00 5.3218705e+00 5.4541683e+00 5.6631898e+00 5.8588221e+00 6.0824562e+00 6.2217021e+00 6.3745991e+00 6.4741627e+00 6.5917633e+00 6.7318961e+00 6.8502637e+00 6.8635390e+00 6.9000338e+00 6.9800506e+00 7.0115292e+00 7.0821054e+00 7.0733298e+00 7.1314613e+00 7.1789065e+00 7.2349550e+00 7.2648611e+00 7.2695860e+00 7.2668397e+00 7.2722835e+00 7.2810960e+00 7.2493751e+00 7.2240861e+00 7.1969888e+00
6.8476824e+00 6.2347262e+00 5.5340478e+00 4.6165986e+00 3.7113959e+00 2.8528805e+00 1.9881002e+00 1.9040442e+00 4.2228509e-01 2.6794621e+00 3.3231195e+00 3.2336810e+00 3.1070913e+00 2.4891827e+00 0.0000000e+00 0.0000000e+00 2.7797446e+00 3.4896080e+00 3.7883465e+00 4.2329532e+00 4.6814997e+00 5.0834015e+00 5.2922341e+00 5.3362312e+00 5.4606603e+00 5.6624486e+00 5.8926680e+00 6.1089146e+00 6.2857340e+00 6.4562152e+00 6.6275877e+00 6.6834225e+00 6.7968456e+00 6.8497689e+00 6.9259350e+00 6.9968022e+00 7.0343202e+00 7.1158638e+00 7.1152154e+00 7.1874264e+00 7.2488755e+00 7.2791649e+00 7.3202178e+00 7.3128849e+00 7.2874642e+00 7.2897370e+00 7.3207634e+00 7.3037194e+00 7.2447906e+00 7.2196059e+00
7.5553627e+00 6.8497247e+00 6.0276601e+00 4.8886255e+00 3.7097623e+00 2.6446876e+00 1.8936512e+00 2.4077054e+00 2.2514047e+00 2.9651394e+00 3.7462113e+00 3.7248867e+00 3.5312527e+00 3.0085658e+00 1.5881556e+00 0.0000000e+00 0.0000000e+00 3.5692300e+00 3.6461751e+00 3.9454805e+00 4.4016482e+00 4.8164867e+00 5.1371066e+00 5.3035179e+00 5.2679588e+00 5.3517259e+00 5.5778896e+00 5.8586070e+00 6.1107333e+00 6.4126992e+00 6.7134472e+00 6.7584168e+00 6.7697374e+00 6.8394456e+00 6.9176060e+00 7.0025814e+00 7.0597169e+00 7.1426629e+00 7.1479682e+00 7.1942305e+00 7.2572952e+00 7.3140410e+00 7.3698673e+00 7.3296377e+00 7.2957223e+00 7.2802051e+00 7.3042666e+00 7.3137338e+00 7.3025500e+00 7.2551675e+00
8.2340663e+00 7.4801286e+00 6.5663025e+00 5.2568734e+00 3.8721432e+00 2.9043194e+00 2.7131582e+00 2.6431192e+00 1.1908955e+00 3.3911733e+00 4.2570252e+00 4.2867112e+00 4.1305756e+00 3.6687475e+00 3.1115281e+00 1.7836389e+00 0.0000000e+00 1.6318870e+00 3.4953866e+00 3.7161212e+00 4.1471335e+00 4.5631402e+00 4.8967616e+00 5.1334816e+00 5.1928208e+00 5.0789656e+00 5.1645763e+00 5.4726126e+00 5.8176204e+00 6.1547049e+00 6.2962351e+00 6.5718841e+00 6.7041726e+00 6.7422034e+00 6.8618047e+00 6.9696529e+00 7.0571410e+00 7.1504983e+00 7.1835203e+00 7.2347262e+00 7.2854934e+00 7.3420165e+00 7.3893615e+00 7.3040607e+00 7.2554878e+00 7.2187707e+00 7.2399619e+00 7.2698241e+00 7.2949195e+00 7.3062736e+00
