presentation/data/depth_0029.asc
ncols     164
nrows     146
xllcorner -1.242151388888889e+02
yllcorner  4.172986111111111e+01
cellsize  2.777777777820000e-04
nodata_value       -9999
[rows 44 to 65 of 146, columns 50 to 99 of 164]
0.0000000e+00 0.0000000e+00 0.0000000e+00 0.0000000e+00 0.0000000e+00 0.0000000e+00 0.0000000e+00 0.0000000e+00 0.0000000e+00 0.0000000e+00 0.0000000e+00 0.0000000e+00 0.0000000e+00 0.0000000e+00 0.0000000e+00 0.0000000e+00 9.4484487e-04 4.2819552e-01 4.7623903e-01 4.7334138e-01 4.7392932e-01 4.7416219e-01 4.7340791e-01 4.7435348e-01 4.7403887e-01 4.7361697e-01 4.7671638e-01 4.7256492e-01 4.7107998e-01 4.6975267e-01 4.6819313e-01 4.5796044e-01 3.7014367e-01 2.8031923e-01 2.7223151e-01 2.5681064e-01 2.7706998e-01 2.7932412e-01 3.3923890e-01 5.5540219e-01 7.1191114e-01 7.2802309e-01 7.2897892e-01 7.2794809e-01 7.3159355e-01 7.2978387e-01 7.1739249e-01 5.4220790e-01 4.3159810e-01 4.3565869e-01
0.0000000e+00 0.0000000e+00 0.0000000e+00 0.0000000e+00 0.0000000e+00 0.0000000e+00 0.0000000e+00 0.0000000e+00 0.0000000e+00 0.0000000e+00 0.0000000e+00 0.0000000e+00 0.0000000e+00 0.0000000e+00 0.0000000e+00 0.0000000e+00 0.0000000e+00 8.4698458e-04 4.2138304e-01 4.7318691e-01 4.7422743e-01 4.7442168e-01 4.7129456e-01 4.7481115e-01 4.7451477e-01 4.7430966e-01 4.7379357e-01 4.7263823e-01 4.7132045e-01 4.7013435e-01 4.5758318e-01 3.7112320e-01 2.3837069e-01 1.7453745e-01 1.5421068e-01 1.4563939e-01 1.4154741e-01 1.3838931e-01 2.4887617e-01 6.6948781e-01 7.1999197e-01 7.1868030e-01 7.1983393e-01 7.2113059e-01 7.1469597e-01 6.4098926e-01 5.2181009e-01 4.2848292e-01 4.2281239e-01 4.2551093e-01
0.0000000e+00 0.0000000e+00 0.0000000e+00 0.0000000e+00 0.0000000e+00 0.0000000e+00 0.0000000e+00 0.0000000e+00 0.0000000e+00 0.0000000e+00 0.0000000e+00 0.0000000e+00 0.0000000e+00 0.0000000e+00 0.0000000e+00 0.0000000e+00 0.0000000e+00 0.0000000e+00 0.0000000e+00 9.8516263e-04 3.6436772e-01 4.7001355e-01 4.7111881e-01 4.7426323e-01 4.7419674e-01 4.7390536e-01 4.7037651e-01 4.7228203e-01 4.6467724e-01 4.4614360e-01 3.8623552e-01 2.4199409e-01 1.5123310e-01 1.1582247e-01 9.4962176e-02 8.4189719e-02 1.1471135e-01 2.4595865e-01 5.1215496e-01 6.9021854e-01 7.1576959e-01 7.1625634e-01 7.1708195e-01 7.1607108e-01 7.0592695e-01 6.1224356e-01 4.2994065e-01 4.1796814e-01 4.1812878e-01 4.2328411e-01
0.0000000e+00 0.0000000e+00 0.0000000e+00 0.0000000e+00 0.0000000e+00 0.0000000e+00 0.0000000e+00 0.0000000e+00 0.0000000e+00 0.0000000e+00 0.0000000e+00 0.0000000e+00 0.0000000e+00 0.0000000e+00 0.0000000e+00 0.0000000e+00 0.0000000e+00 0.0000000e+00 0.0000000e+00 0.0000000e+00 0.0000000e+00 8.6037718e-04 4.1087342e-01 4.6937543e-01 4.7314067e-01 4.7184849e-01 4.4816524e-01 4.1568437e-01 3.6831044e-01 3.0326937e-01 2.1436161e-01 1.5262304e-01 1.2020666e-01 1.1348267e-01 1.2844033e-01 1.7515505e-01 2.4404079e-01 4.3612075e-01 5.4191667e-01 6.7109653e-01 6.7257465e-01 6.1329741e-01 5.8131009e-01 5.1012663e-01 4.9688955e-01 4.3735369e-01 4.1162125e-01 4.0908727e-01 4.1140993e-01 4.4723553e-01
0.0000000e+00 0.0000000e+00 0.0000000e+00 0.0000000e+00 0.0000000e+00 0.0000000e+00 0.0000000e+00 0.0000000e+00 0.0000000e+00 0.0000000e+00 0.0000000e+00 0.0000000e+00 0.0000000e+00 0.0000000e+00 0.0000000e+00 0.0000000e+00 0.0000000e+00 0.0000000e+00 0.0000000e+00 0.0000000e+00 0.0000000e+00 0.0000000e+00 9.1553751e-04 1.1482143e-01 2.7229199e-01 2.7523828e-01 1.9812380e-01 1.1947115e-01 1.1407286e-01 1.1291358e-01 1.2981227e-01 1.7826724e-01 1.6134744e-01 1.4009199e-01 2.0404826e-01 2.8170670e-01 3.2573998e-01 3.5257264e-01 3.6769595e-01 4.1532381e-01 4.3559591e-01 4.0906573e-01 4.0679312e-01 4.0559473e-01 4.0445161e-01 4.0494596e-01 4.0979213e-01 5.6870291e-01 5.9561860e-01 6.2092011e-01
0.0000000e+00 0.0000000e+00 0.0000000e+00 0.0000000e+00 0.0000000e+00 0.0000000e+00 0.0000000e+00 0.0000000e+00 0.0000000e+00 0.0000000e+00 0.0000000e+00 0.0000000e+00 0.0000000e+00 0.0000000e+00 0.0000000e+00 0.0000000e+00 0.0000000e+00 0.0000000e+00 0.0000000e+00 0.0000000e+00 0.0000000e+00 0.0000000e+00 0.0000000e+00 9.6155635e-04 9.3693385e-04 9.5581516e-04 9.9557779e-04 9.9390906e-04 1.7005406e-02 1.0907296e-01 2.6665271e-01 3.0638925e-01 3.0688276e-01 2.9238986e-01 3.1230225e-01 3.3782044e-01 3.6226564e-01 3.7532770e-01 3.8176278e-01 3.8733465e-01 3.9259726e-01 3.8960446e-01 3.9082246e-01 3.9224805e-01 3.9330812e-01 4.3159001e-01 7.9448428e-01 1.3697467e+00 1.4299164e+00 1.3782095e+00
0.0000000e+00 0.0000000e+00 0.0000000e+00 0.0000000e+00 0.0000000e+00 0.0000000e+00 0.0000000e+00 0.0000000e+00 0.0000000e+00 0.0000000e+00 0.0000000e+00 0.0000000e+00 0.0000000e+00 0.0000000e+00 0.0000000e+00 0.0000000e+00 0.0000000e+00 0.0000000e+00 0.0000000e+00 0.0000000e+00 0.0000000e+00 0.0000000e+00 0.0000000e+00 9.9976153e-04 9.8381191e-04 9.9904202e-04 9.9965834e-04 9.9521238e-04 1.2328148e-01 2.8189429e-01 3.1459296e-01 3.2945939e-01 3.3304153e-01 3.3847017e-01 3.4507263e-01 3.5025877e-01 3.5941364e-01 3.6659127e-01 3.7208216e-01 3.7864524e-01 3.8393722e-01 3.8339825e-01 4.0589672e-01 4.8137037e-01 7.1900970e-01 1.0874191e+00 1.4467284e+00 1.4996614e+00 1.4193055e+00 1.0928173e+00
0.0000000e+00 0.0000000e+00 0.0000000e+00 0.0000000e+00 0.0000000e+00 0.0000000e+00 0.0000000e+00 0.0000000e+00 0.0000000e+00 0.0000000e+00 0.0000000e+00 0.0000000e+00 0.0000000e+00 0.0000000e+00 0.0000000e+00 0.0000000e+00 0.0000000e+00 0.0000000e+00 0.0000000e+00 0.0000000e+00 0.0000000e+00 0.0000000e+00 0.0000000e+00 9.9929054e-04 9.9637974e-04 9.9955794e-04 9.8596699e-04 1.2996652e-01 2.6823427e-01 2.8578639e-01 2.9547172e-01 3.0586937e-01 3.1107755e-01 3.1911944e-01 3.2791488e-01 3.3769210e-01 3.4624990e-01 3.5597394e-01 3.6682994e-01 3.8153639e-01 6.6325084e-01 1.0257611e+00 1.1076092e+00 1.3342185e+00 1.4245174e+00 1.3618045e+00 1.1628337e+00 9.2477090e-01 5.9835347e-01 4.3670040e-01
0.0000000e+00 0.0000000e+00 0.0000000e+00 0.0000000e+00 0.0000000e+00 0.0000000e+00 0.0000000e+00 0.0000000e+00 0.0000000e+00 0.0000000e+00 0.0000000e+00 0.0000000e+00 0.0000000e+00 0.0000000e+00 0.0000000e+00 0.0000000e+00 0.0000000e+00 0.0000000e+00 0.0000000e+00 0.0000000e+00 0.0000000e+00 0.0000000e+00 9.9832461e-04 9.9908049e-04 9.4045930e-04 9.8144424e-04 8.1304863e-02 2.2463746e-01 2.5027096e-01 2.5788607e-01 2.6405126e-01 2.6926243e-01 2.7469868e-01 2.8351590e-01 2.9584408e-01 3.1384758e-01 3.2324219e-01 3.3742860e-01 3.5145714e-01 3.6686653e-01 6.7207766e-01 1.1847297e+00 1.1948161e+00 9.5877767e-01 6.9266137e-01 5.0382073e-01 4.2305552e-01 3.9697497e-01 3.9448252e-01 3.9502560e-01
0.0000000e+00 0.0000000e+00 0.0000000e+00 0.0000000e+00 0.0000000e+00 0.0000000e+00 0.0000000e+00 0.0000000e+00 0.0000000e+00 0.0000000e+00 0.0000000e+00 0.0000000e+00 0.0000000e+00 0.0000000e+00 0.0000000e+00 0.0000000e+00 0.0000000e+00 0.0000000e+00 0.0000000e+00 0.0000000e+00 0.0000000e+00 0.0000000e+00 9.9867368e-04 9.5477664e-04 1.4554439e-01 1.7994059e-01 1.9733297e-01 2.0635086e-01 2.1375186e-01 2.1552092e-01 2.0937973e-01 2.0379365e-01 2.0604310e-01 2.1153880e-01 2.2776013e-01 2.5465061e-01 2.7744166e-01 3.0044746e-01 3.2105087e-01 3.1683560e-01 3.0555974e-01 3.8172467e-01 4.0300052e-01 3.7143592e-01 3.6858299e-01 3.7318764e-01 3.7476842e-01 3.7723905e-01 3.7807842e-01 3.8280337e-01
0.0000000e+00 0.0000000e+00 0.0000000e+00 0.0000000e+00 0.0000000e+00 0.0000000e+00 0.0000000e+00 0.0000000e+00 0.0000000e+00 0.0000000e+00 0.0000000e+00 0.0000000e+00 0.0000000e+00 0.0000000e+00 0.0000000e+00 0.0000000e+00 0.0000000e+00 0.0000000e+00 0.0000000e+00 0.0000000e+00 0.0000000e+00 9.9668674e-04 9.4462672e-04 1.0320536e-03 1.6736579e-01 1.7023937e-01 1.7601573e-01 1.6772155e-01 1.5729534e-01 1.4663036e-01 1.5299319e-01 1.8704110e-01 2.3898092e-01 2.7535261e-01 2.2672976e-01 2.3240004e-01 2.6441676e-01 2.3708718e-01 1.6002279e-01 1.5965439e-01 1.7609861e-01 2.1162693e-01 2.8715678e-01 3.0751602e-01 3.2059764e-01 3.3483650e-01 3.4459302e-01 3.5282296e-01 3.5804550e-01 3.6401069e-01
0.0000000e+00 0.0000000e+00 0.0000000e+00 0.0000000e+00 0.0000000e+00 0.0000000e+00 0.0000000e+00 0.0000000e+00 0.0000000e+00 0.0000000e+00 0.0000000e+00 0.0000000e+00 0.0000000e+00 0.0000000e+00 0.0000000e+00 0.0000000e+00 0.0000000e+00 0.0000000e+00 0.0000000e+00 0.0000000e+00 0.0000000e+00 9.9975874e-04 1.6336849e-03 1.0022213e-03 1.3469799e-01 1.4398650e-01 1.2345123e-01 1.1537632e-01 1.2280024e-01 1.2123585e-01 1.2717786e-01 1.7332783e-01 2.4479776e-01 3.0999366e-01 2.0954097e-01 1.7232961e-01 1.8479077e-01 1.2154146e-01 3.6698689e-02 1.0607070e-01 2.3319145e-01 3.3312328e-01 3.1201387e-01 2.7458893e-01 2.7577234e-01 2.9211441e-01 3.1001541e-01 3.2454900e-01 3.3330399e-01 3.4709368e-01
0.0000000e+00 0.0000000e+00 0.0000000e+00 0.0000000e+00 0.0000000e+00 0.0000000e+00 0.0000000e+00 0.0000000e+00 0.0000000e+00 0.0000000e+00 0.0000000e+00 0.0000000e+00 0.0000000e+00 0.0000000e+00 0.0000000e+00 0.0000000e+00 0.0000000e+00 0.0000000e+00 0.0000000e+00 0.0000000e+00 9.9865818e-04 9.9784441e-04 9.9253650e-04 9.9772556e-04 3.3577481e-02 7.3382757e-02 1.0694145e-01 8.7270314e-02 7.7139017e-02 1.2511052e-01 1.7588741e-01 2.8870618e-01 3.7069220e-01 4.0835644e-01 2.7011663e-01 2.1309744e-01 1.5823062e-01 1.9242474e-01 4.1352875e-01 9.0670324e-01 1.2126355e+00 1.2007824e+00 1.0508062e+00 7.8253557e-01 5.0722447e-01 3.4103589e-01 3.1240581e-01 3.1133650e-01 3.1510308e-01 3.2276442e-01
0.0000000e+00 0.0000000e+00 0.0000000e+00 0.0000000e+00 0.0000000e+00 0.0000000e+00 0.0000000e+00 0.0000000e+00 0.0000000e+00 0.0000000e+00 0.0000000e+00 0.0000000e+00 0.0000000e+00 0.0000000e+00 0.0000000e+00 0.0000000e+00 0.0000000e+00 0.0000000e+00 0.0000000e+00 0.0000000e+00 9.9852659e-04 9.9897102e-04 9.9976083e-04 9.9958857e-04 8.2569341e-03 3.6154004e-02 3.7537971e-02 1.7269098e-01 4.2833781e-01 5.7542895e-01 6.2050526e-01 5.1862795e-01 5.2652047e-01 5.9398311e-01 5.5260691e-01 5.4657612e-01 4.4810636e-01 5.7296126e-01 1.0912242e+00 1.2671357e+00 1.1352954e+00 1.2249635e+00 1.4235506e+00 1.5064774e+00 1.3234569e+00 1.0733975e+00 8.8502767e-01 7.3230015e-01 6.6144494e-01 6.4642656e-01
0.0000000e+00 0.0000000e+00 0.0000000e+00 0.0000000e+00 0.0000000e+00 0.0000000e+00 0.0000000e+00 0.0000000e+00 0.0000000e+00 0.0000000e+00 0.0000000e+00 0.0000000e+00 0.0000000e+00 0.0000000e+00 0.0000000e+00 0.0000000e+00 0.0000000e+00 0.0000000e+00 0.0000000e+00 9.9885409e-04 9.9934248e-04 9.9787439e-04 9.9965106e-04 1.3981016e-03 7.5688434e-03 3.2849484e-03 1.6943462e-01 4.9059656e-01 8.3736510e-01 9.7008365e-01 1.0318440e+00 1.1206253e+00 1.0093790e+00 9.7600981e-01 9.5805771e-01 8.1684791e-01 7.1887958e-01 9.6830118e-01 1.0245795e+00 4.7688389e-01 3.5302265e-01 3.9527976e-01 6.6877526e-01 1.0634071e+00 1.3792541e+00 1.5156486e+00 1.5663832e+00 1.5444663e+00 1.5212480e+00 1.5001006e+00
0.0000000e+00 0.0000000e+00 0.0000000e+00 0.0000000e+00 0.0000000e+00 0.0000000e+00 0.0000000e+00 0.0000000e+00 0.0000000e+00 0.0000000e+00 0.0000000e+00 0.0000000e+00 0.0000000e+00 0.0000000e+00 0.0000000e+00 0.0000000e+00 0.0000000e+00 0.0000000e+00 0.0000000e+00 9.9859336e-04 9.9945290e-04 9.9748342e-04 9.9999585e-04 1.7009563e-03 2.9941084e-03 1.6060149e-03 2.5962837e-01 6.4677117e-01 1.0070803e+00 1.1949696e+00 1.3930775e+00 1.5318313e+00 1.6206335e+00 1.4799099e+00 1.2936809e+00 1.3016002e+00 9.1837663e-01 9.7123952e-01 4.1124211e-01 1.0904303e-01 1.5614467e-01 2.1086916e-01 2.5650920e-01 3.7172446e-01 5.1647433e-01 7.1159806e-01 9.2185444e-01 1.0796065e+00 1.1655178e+00 1.2051922e+00
0.0000000e+00 0.0000000e+00 0.0000000e+00 0.0000000e+00 0.0000000e+00 0.0000000e+00 0.0000000e+00 0.0000000e+00 0.0000000e+00 0.0000000e+00 0.0000000e+00 0.0000000e+00 0.0000000e+00 0.0000000e+00 0.0000000e+00 0.0000000e+00 0.0000000e+00 0.0000000e+00 9.9989469e-04 9.9920650e-04 9.9818987e-04 9.9901747e-04 9.9937112e-04 1.1398067e-03 1.0010020e-03 1.6945781e-01 5.2431802e-01 9.9883622e-01 1.4732511e+00 1.6229661e+00 1.6692597e+00 1.6764548e+00 1.6777078e+00 1.6764695e+00 1.6519775e+00 1.3453355e+00 1.0050391e+00 1.0335372e+00 4.3240028e-01 1.1162042e-01 2.2559904e-01 2.6902538e-01 2.8137420e-01 2.9953047e-01 3.1294133e-01 3.3639860e-01 3.8551704e-01 4.1607337e-01 5.1479991e-01 5.7627075e-01
0.0000000e+00 0.0000000e+00 0.0000000e+00 0.0000000e+00 0.0000000e+00 0.0000000e+00 0.0000000e+00 0.0000000e+00 0.0000000e+00 0.0000000e+00 0.0000000e+00 0.0000000e+00 0.0000000e+00 0.0000000e+00 0.0000000e+00 0.0000000e+00 0.0000000e+00 9.9888492e-04 9.9880953e-04 9.9890817e-04 9.9646421e-04 9.9876190e-04 1.1076691e-03 9.9248000e-04 7.3617121e-02 4.8750886e-01 9.7291782e-01 1.4696364e+00 1.6657648e+00 1.6744588e+00 1.6714819e+00 1.6695403e+00 1.6667510e+00 1.6612868e+00 1.6122551e+00 1.2565593e+00 1.1062028e+00 9.6148476e-01 3.7542298e-01 1.2688040e-01 2.3257160e-01 2.8928812e-01 2.8291840e-01 2.9676732e-01 3.0146508e-01 3.4005357e-01 3.7258241e-01 4.2400077e-01 4.4087836e-01 4.6142312e-01
0.0000000e+00 0.0000000e+00 0.0000000e+00 0.0000000e+00 0.0000000e+00 0.0000000e+00 0.0000000e+00 0.0000000e+00 0.0000000e+00 0.0000000e+00 0.0000000e+00 0.0000000e+00 0.0000000e+00 0.0000000e+00 0.0000000e+00 0.0000000e+00 9.9912844e-04 9.9943958e-04 9.9980414e-04 9.9976962e-04 9.9401938e-04 1.1285311e-03 1.3719924e-03 9.7820620e-04 3.4422062e-01 9.5417931e-01 1.4610979e+00 1.6684686e+00 1.6734622e+00 1.6711005e+00 1.6677713e+00 1.6644750e+00 1.6586131e+00 1.6457765e+00 1.6263144e+00 1.4958168e+00 1.3067842e+00 9.1819776e-01 2.7772173e-01 1.3410151e-01 2.0664194e-01 2.1307949e-01 2.1979500e-01 2.1781012e-01 2.3732746e-01 2.7537507e-01 2.8334602e-01 3.1316229e-01 3.3873735e-01 3.7545657e-01
0.0000000e+00 0.0000000e+00 0.0000000e+00 0.0000000e+00 0.0000000e+00 0.0000000e+00 0.0000000e+00 0.0000000e+00 0.0000000e+00 0.0000000e+00 0.0000000e+00 0.0000000e+00 0.0000000e+00 0.0000000e+00 0.0000000e+00 9.9850691e-04 9.9896472e-04 9.9500548e-04 9.9713399e-04 1.3222248e-03 3.4352714e-03 3.6554846e-03 1.0621986e-03 6.5646689e-02 4.9528643e-01 1.2064135e+00 1.6772932e+00 1.6760605e+00 1.6698250e+00 1.6676959e+00 1.6615371e+00 1.6612982e+00 1.6410167e+00 1.6129138e+00 1.6345459e+00 1.5870216e+00 1.2202878e+00 6.7197380e-01 1.9585051e-01 9.4785524e-02 1.4622106e-01 1.4582873e-01 1.6044916e-01 1.9980673e-01 2.2931330e-01 2.4954120e-01 2.6765401e-01 2.8415888e-01 2.9816850e-01 3.1363690e-01
0.0000000e+00 0.0000000e+00 0.0000000e+00 0.0000000e+00 0.0000000e+00 0.0000000e+00 0.0000000e+00 0.0000000e+00 0.0000000e+00 0.0000000e+00 0.0000000e+00 0.0000000e+00 0.0000000e+00 0.0000000e+00 0.0000000e+00 9.9927604e-04 9.9709243e-04 3.3568005e-03 5.2212047e-03 4.6371386e-03 3.7642954e-03 3.5869462e-03 1.0014366e-03 3.0221590e-01 7.1872939e-01 1.1148551e+00 1.4228279e+00 1.6161346e+00 1.6628701e+00 1.6368044e+00 1.6290093e+00 1.4605108e+00 1.1853397e+00 2.3243891e+00 1.7525558e+00 1.4340763e+00 9.8229365e-01 5.5510532e-01 1.4318893e-01 4.0540625e-02 9.1285271e-02 1.1099662e-01 1.5501191e-01 1.8723191e-01 2.1649046e-01 2.3535622e-01 2.5468981e-01 2.7220673e-01 2.8754307e-01 3.0030864e-01
0.0000000e+00 0.0000000e+00 0.0000000e+00 0.0000000e+00 0.0000000e+00 0.0000000e+00 0.0000000e+00 0.0000000e+00 0.0000000e+00 0.0000000e+00 0.0000000e+00 0.0000000e+00 0.0000000e+00 0.0000000e+00 0.0000000e+00 9.9852299e-04 1.0103512e-03 1.0877254e-03 2.4478308e-03 4.6261609e-03 3.4454354e-03 2.2025353e-03 9.7899739e-04 4.2222220e-01 6.9441857e-01 7.5965758e-01 7.3721001e-01 1.0102473e+00 1.0411878e+00 7.5414989e-01 6.5924929e-01 9.2978695e-01 3.1224713e+00 3.4834573e+00 1.0152134e+00 1.1307222e+00 8.2434981e-01 4.7307145e-01 8.0723384e-02 1.3608627e-02 4.2832981e-02 8.1320464e-02 1.2739785e-01 1.5894882e-01 1.8896931e-01 2.1047196e-01 2.3272535e-01 2.5340049e-01 2.7220909e-01 2.8799823e-01
