presentation/data/depth_0045.asc
ncols     164
nrows     146
xllcorner -1.242151388888889e+02
yllcorner  4.172986111111111e+01
cellsize  2.777777777820000e-04
nodata_value       -9999
[rows 66 to 87 of 146, columns 100 to 149 of 164]
2.2416128e-01 2.3997119e-01 2.4232407e-01 2.5696391e-01 2.6907970e-01 2.7653360e-01 2.8963167e-01 3.0479438e-01 3.0999942e-01 2.7287178e-01 2.0737814e-01 1.3294619e-01 4.7960444e-02 7.0615669e-03 1.7369005e-02 1.5391837e-02 1.4936435e-02 1.3466485e-02 1.2594101e-02 1.1727292e-02 1.0270691e-02 9.0327893e-03 1.0306124e-02 1.2168929e-02 7.9816372e-03 4.8276646e-03 3.5838539e-03 2.8751929e-03 2.3924885e-03 2.0920663e-03 1.3709274e-03 9.9939926e-04 9.9999835e-04 9.8276370e-04 9.9973317e-04 9.9935765e-04 9.9769617e-04 9.9912507e-04 9.9928385e-04 9.9966300e-04 9.9919002e-04 9.9987941e-04 9.9886800e-04 9.9878776e-04 9.9855903e-04 9.9988141e-04 9.9979051e-04 9.9843761e-04 9.9957594e-04 9.9986276e-04
8.1352957e-02 9.1921292e-02 6.3168172e-02 8.2896051e-02 1.3936697e-01 1.8601231e-01 2.0197443e-01 2.1871775e-01 2.2155809e-01 1.8783565e-01 7.1575063e-02 1.4262566e-03 1.0569653e-02 1.5746759e-02 1.3520397e-02 8.9347863e-03 8.2331142e-03 7.0078221e-03 6.3523761e-03 5.7553554e-03 5.5731544e-03 4.7580179e-03 3.1946961e-03 2.0099131e-03 3.2546846e-03 4.4594044e-03 3.4686908e-03 3.2376745e-03 3.3474578e-03 3.5438638e-03 3.6286468e-03 3.4673400e-03 3.0164051e-03 1.9747338e-03 9.9889634e-04 5.1696711e-03 9.9779316e-04 3.6903117e-03 9.9658482e-04 9.9854162e-04 9.9948690e-04 9.9960371e-04 9.9973642e-04 9.9993098e-04 9.9966481e-04 9.9910325e-04 9.9926664e-04 9.9891201e-04 9.9890443e-04 9.9915003e-04
6.6008188e-02 5.7825634e-02 6.4451174e-02 1.0617160e-01 1.1744129e-01 9.7040018e-02 7.1079185e-02 5.4589041e-02 5.7709179e-02 2.4215354e-02 2.8815810e-03 1.0096276e-02 8.1076068e-03 8.7823890e-03 1.0898804e-02 1.5234244e-02 1.7004553e-02 1.6186554e-02 1.3514303e-02 9.2218651e-03 7.7425950e-03 3.3154328e-03 1.3251890e-03 1.0071374e-03 1.1880981e-03 1.0025775e-03 1.0007003e-03 1.0007050e-03 9.8701477e-04 1.0580605e-03 1.2724602e-03 1.1647052e-03 1.1169635e-03 2.7638144e-03 5.8682965e-03 6.5788769e-03 3.3334979e-03 7.5053995e-03 2.4939569e-03 3.3832711e-03 2.9231990e-03 2.1819844e-03 1.4371569e-03 9.9969774e-04 9.9997446e-04 9.9964749e-04 9.9787216e-04 9.9888940e-04 9.9892627e-04 9.9995495e-04
4.3884431e-01 3.0201787e-01 1.5833789e-01 1.0257834e-01 9.0575203e-02 6.5984013e-02 5.1923129e-02 3.8080725e-02 3.0560678e-02 8.8534221e-03 4.0777142e-03 1.1038890e-02 1.7421901e-02 1.9307121e-02 2.1224145e-02 2.3099209e-02 1.9805560e-02 1.5857487e-02 1.6206338e-02 2.8356006e-02 2.7373753e-02 5.3956646e-02 6.7619657e-02 6.8046597e-02 9.3754248e-02 8.0644153e-02 1.0231651e-01 1.1675823e-01 1.2918509e-01 1.0007015e-01 1.2247415e-01 1.0644820e-01 7.1224962e-02 2.8158655e-02 1.4250019e-03 1.0331133e-03 9.7681077e-04 1.1767011e-03 9.8775580e-04 1.4060640e-03 2.4125988e-03 3.6982295e-03 3.3538611e-03 2.6839899e-03 2.4537788e-03 2.0455238e-03 1.3733063e-03 9.9997974e-04 9.9945013e-04 9.9958013e-04
6.3881005e-01 5.8762669e-01 5.0982628e-01 3.7807743e-01 2.1202696e-01 1.1575143e-01 1.6332513e-01 2.2505902e-01 2.0794933e-01 2.2127262e-01 1.7888182e-01 9.6383366e-03 3.4250003e-03 5.6949134e-03 1.9104151e-02 4.3704126e-02 6.4894638e-02 1.0463093e-01 1.6040604e-01 2.3999601e-01 2.8691993e-01 3.4490529e-01 3.9372488e-01 4.2959357e-01 4.3184046e-01 4.2993070e-01 4.5801486e-01 4.9340495e-01 5.1689234e-01 5.3275939e-01 5.0854029e-01 4.9962358e-01 4.6859900e-01 3.8755443e-01 3.2841735e-01 3.1815300e-01 2.9288798e-01 2.9318264e-01 2.3772589e-01 8.7905023e-02 2.7337004e-02 9.8895763e-04 1.6267698e-03 3.7330644e-03 4.1007634e-03 3.7047630e-03 3.0436612e-03 2.4410421e-03 1.6224304e-03 9.9939759e-04
7.3212905e-01 6.7125784e-01 5.6705391e-01 4.5263356e-01 3.6335036e-01 3.7482224e-01 4.1885586e-01 5.0291978e-01 6.8264111e-01 8.0814500e-01 7.9652106e-01 6.3782967e-01 5.2546559e-01 4.9922983e-01 1.7501651e-01 4.0860019e-02 1.1529613e-01 1.9207201e-01 2.8656875e-01 4.0367320e-01 5.1957993e-01 5.8634228e-01 6.6040943e-01 6.8060341e-01 6.6821106e-01 7.0424285e-01 7.4524381e-01 7.7804853e-01 7.9717404e-01 7.9919026e-01 7.7912239e-01 7.8336754e-01 7.4513535e-01 6.7631782e-01 6.7394911e-01 7.0043893e-01 6.6896333e-01 6.5202455e-01 5.5228684e-01 4.5707400e-01 3.7495183e-01 2.5907550e-01 1.4492327e-01 3.2565279e-03 1.0125949e-03 2.9083269e-03 4.7719656e-03 3.9659652e-03 3.5057562e-03 2.9116505e-03
7.7101699e-01 7.6773083e-01 6.7181961e-01 5.0585791e-01 4.4217913e-01 6.0778912e-01 6.3152150e-01 5.7318007e-01 6.8526870e-01 9.5172510e-01 1.0681598e+00 1.1119575e+00 1.2374943e+00 1.0597142e+00 9.0350744e-01 5.7832115e-01 2.7144848e-01 2.3842937e-01 3.7289748e-01 4.5997627e-01 4.9926022e-01 5.9478693e-01 7.0037441e-01 7.7122829e-01 8.0965536e-01 8.4471966e-01 8.9096611e-01 9.1512205e-01 9.4758999e-01 9.7256672e-01 1.0095771e+00 9.6565185e-01 8.6968447e-01 9.5782785e-01 1.0225144e+00 1.0496977e+00 1.0218321e+00 9.3416968e-01 8.3405540e-01 7.4963755e-01 6.3834476e-01 5.4882576e-01 4.4255552e-01 3.2323082e-01 1.9530638e-01 7.5492090e-02 1.0271347e-03 6.3716444e-03 5.6818593e-03 4.5127926e-03
7.8939539e-01 7.8777065e-01 7.7118250e-01 5.8330436e-01 4.3046169e-01 4.8852815e-01 5.9185082e-01 7.0528043e-01 8.2401201e-01 1.0104271e+00 1.4274408e+00 3.5957583e+00 5.4735641e+00 2.9979818e+00 1.1816062e+00 1.1087843e+00 1.0338661e+00 7.5644014e-01 4.6254012e-01 3.1219256e-01 2.6271626e-01 2.3763728e-01 3.9157160e-01 5.5138584e-01 6.7721067e-01 6.4019032e-01 6.0849802e-01 6.4457672e-01 7.5435270e-01 8.5070868e-01 9.3065804e-01 1.0220826e+00 1.1283226e+00 1.2349293e+00 1.2794228e+00 1.2898694e+00 1.2757366e+00 1.1924870e+00 1.0945332e+00 1.0080640e+00 9.0295997e-01 8.0625559e-01 7.1715000e-01 6.0413215e-01 5.0666890e-01 3.5273648e-01 1.7192711e-01 2.3782998e-03 8.9991500e-03 6.6321271e-03
1.6574121e+00 9.5885396e-01 8.1491564e-01 6.5547431e-01 2.4644929e-01 3.1165276e-02 7.8382070e-02 5.6018477e-01 9.7208408e-01 1.7838327e+00 4.8707795e+00 6.9923330e+00 7.3933886e+00 6.0477738e+00 3.5667789e+00 1.4318103e+00 1.1792755e+00 1.1418977e+00 7.6466272e-01 5.2828264e-02 1.1052869e-03 1.0098115e-02 4.2505948e-02 1.4320239e-01 1.8970679e-01 1.6646254e-01 1.3457943e-01 1.7901897e-01 2.8272275e-01 4.1064524e-01 6.1859661e-01 9.5726036e-01 1.3229246e+00 1.4348147e+00 1.4879023e+00 1.4988752e+00 1.4541769e+00 1.4205018e+00 1.3329096e+00 1.2488564e+00 1.1475606e+00 1.0689602e+00 9.8620108e-01 8.9244703e-01 7.3476576e-01 4.9373864e-01 3.1128947e-01 5.9589796e-02 4.9416491e-03 7.6452458e-03
4.2821684e+00 3.2458651e+00 1.4715342e+00 8.1517769e-01 3.1107874e-01 9.9571858e-04 9.3880654e-04 4.6693236e-01 2.2044553e+00 5.7361335e+00 7.2608610e+00 7.5625065e+00 7.6137628e+00 7.6906602e+00 7.5874932e+00 5.0727935e+00 2.1834173e+00 1.1657485e+00 8.1085748e-01 7.3810356e-03 1.4927439e-02 1.0147274e-03 4.0193756e-03 1.8394586e-02 2.3209402e-02 1.8319735e-02 8.5027631e-04 9.8931733e-04 1.0721825e-02 1.3067962e-01 4.5076630e-01 9.2168417e-01 1.4424310e+00 1.6880144e+00 1.7076395e+00 1.6885599e+00 1.6862535e+00 1.6065221e+00 1.5467501e+00 1.4641969e+00 1.3742775e+00 1.2825383e+00 1.1808769e+00 1.0482202e+00 8.0690201e-01 5.3189845e-01 3.1598922e-01 8.9632269e-02 9.6021737e-04 1.9100361e-03
5.0130771e+00 4.9185816e+00 3.9769891e+00 2.0693215e+00 1.2380758e+00 8.2982472e-04 9.9218736e-04 2.2898411e+00 6.7355334e+00 7.5105811e+00 7.6606901e+00 7.8288060e+00 7.9402535e+00 8.0421203e+00 8.0782869e+00 6.9042809e+00 5.6479257e+00 2.9586520e+00 4.1150142e-01 2.6259001e-02 8.1631833e-02 1.9670210e-01 8.3907449e-02 1.1067075e-01 2.7657480e-01 2.7842369e-01 1.0036696e-01 3.7059521e-02 9.4692280e-03 8.9127509e-02 3.4144877e-01 8.3347317e-01 1.4554739e+00 1.8902232e+00 2.0325007e+00 1.9962918e+00 1.9047711e+00 1.8180410e+00 1.7336980e+00 1.6441649e+00 1.5467543e+00 1.4257889e+00 1.2763807e+00 1.0797673e+00 8.2485626e-01 5.7440770e-01 3.5385529e-01 1.9274132e-01 1.1925190e-01 1.4051254e-01
5.3439983e+00 5.0026701e+00 4.7172050e+00 4.0747039e+00 2.1200890e+00 3.7656943e-01 2.0609914e+00 6.3750743e+00 7.4495825e+00 7.5725914e+00 7.7235688e+00 7.8444900e+00 7.9759729e+00 8.1889626e+00 8.3489307e+00 8.1069849e+00 8.2587886e+00 6.2874881e+00 2.1505904e+00 2.2008700e-02 1.4259352e-01 2.3113259e-01 2.7205009e-01 4.5845768e-01 7.1410490e-01 7.4068777e-01 4.8565291e-01 5.1897644e-01 2.3623794e-01 1.8986016e-01 3.1796484e-01 6.5467227e-01 1.2975993e+00 1.9441253e+00 2.2735674e+00 2.3170847e+00 2.1735453e+00 2.0197940e+00 1.9186619e+00 1.8100033e+00 1.6592289e+00 1.5008109e+00 1.3508545e+00 1.1438870e+00 8.4811236e-01 6.1628325e-01 4.4329427e-01 3.7826218e-01 3.5650404e-01 4.7226671e-01
5.8796047e+00 5.6619760e+00 5.0032979e+00 4.1422317e+00 1.4703111e+00 3.1702664e+00 6.7574073e+00 7.2204366e+00 7.1691207e+00 7.1094342e+00 7.3286047e+00 7.4999246e+00 7.9451502e+00 8.1847826e+00 8.3611384e+00 8.3904062e+00 8.1010065e+00 5.7100105e+00 1.4098775e+00 1.0518882e-02 6.4514265e-02 4.1985887e-02 3.2894781e-01 4.2127907e-01 4.8080872e-01 4.2369989e-01 8.3044496e-01 6.9741231e-01 6.6257079e-01 6.2517612e-01 4.9002516e-01 5.6654398e-01 1.1627490e+00 1.9282685e+00 2.3676217e+00 2.5170020e+00 2.4165137e+00 2.2334573e+00 2.0768679e+00 1.9786763e+00 1.8064902e+00 1.6183798e+00 1.4211707e+00 1.2168899e+00 8.8402888e-01 7.0254043e-01 6.2980197e-01 6.1865023e-01 7.1778198e-01 8.1432237e-01
6.2292481e+00 6.0375206e+00 3.7343084e+00 1.5534859e+00 4.6736443e+00 7.0350745e+00 7.1662726e+00 7.0808605e+00 7.0124905e+00 6.8959776e+00 6.8267325e+00 7.2662745e+00 7.9416326e+00 8.0858998e+00 8.3743846e+00 7.7128847e+00 4.1693758e+00 7.6866721e-01 9.8294538e-04 1.2591359e-03 1.0967223e-02 2.3769793e-01 3.8951336e-01 4.4657148e-01 5.2949912e-01 4.4047506e-01 2.9116202e-01 2.8627386e-01 1.0758577e+00 9.8437248e-01 9.1960663e-01 8.1451264e-01 1.2182995e+00 1.8802454e+00 2.3072162e+00 2.4916668e+00 2.5457222e+00 2.4492576e+00 2.3238790e+00 2.2002753e+00 2.0163536e+00 1.7838494e+00 1.5563726e+00 1.3078123e+00 1.0662058e+00 8.4044023e-01 8.4288510e-01 9.0284165e-01 9.6736333e-01 1.0313849e+00
6.7825044e+00 5.2730396e+00 1.7475100e+00 2.5206122e+00 6.6152747e+00 7.3011824e+00 6.9322411e+00 6.8760587e+00 6.8398797e+00 6.9152655e+00 7.4906847e+00 7.4511213e+00 7.2974415e+00 7.5595702e+00 6.3118372e+00 3.2393367e+00 9.1730146e-04 9.9675314e-04 2.2798057e-03 1.1327649e-01 4.9547082e-01 3.7899983e-01 6.4198890e-01 5.3536308e-01 5.4540603e-01 4.1878365e-01 2.2056587e-01 4.9465060e-01 4.0594671e-01 1.1637771e+00 1.2196770e+00 1.2193380e+00 1.3767781e+00 1.7714025e+00 2.1225630e+00 2.3363080e+00 2.4558296e+00 2.4875421e+00 2.4745107e+00 2.4027390e+00 2.2503598e+00 1.9938959e+00 1.7013505e+00 1.4818436e+00 1.2793181e+00 1.0957637e+00 1.0831413e+00 1.1131772e+00 1.1838151e+00 1.2356493e+00
7.3211628e+00 6.9401904e+00 6.1019521e+00 3.2465352e+00 2.2540935e+00 5.7874358e+00 6.7753319e+00 6.6312936e+00 7.1272096e+00 7.4592217e+00 7.4877637e+00 7.3364490e+00 6.8651503e+00 5.4720694e+00 1.7579904e+00 8.5571492e-04 9.9775592e-04 9.0568966e-04 7.1281047e-01 1.0937775e+00 7.0553443e-01 2.3308074e-01 6.2038676e-01 5.7727408e-01 3.8117782e-01 3.0147907e-01 4.5386517e-01 4.1476476e-01 6.4529652e-01 1.0417791e+00 1.2904035e+00 1.2512045e+00 1.2860130e+00 1.5352277e+00 1.9564730e+00 2.1782900e+00 2.2140034e+00 2.1746427e+00 2.1234469e+00 2.1598315e+00 2.1735373e+00 2.0666601e+00 1.8762432e+00 1.6180031e+00 1.4435265e+00 1.3276311e+00 1.2673281e+00 1.2946127e+00 1.3388916e+00 1.3773490e+00
7.5825517e+00 7.5053383e+00 7.3735682e+00 7.4411710e+00 5.5218070e+00 2.0174385e+00 4.5661186e+00 6.8806614e+00 7.2884966e+00 7.1790566e+00 7.4377031e+00 7.1450688e+00 4.2926366e+00 4.0630276e-01 9.6551185e-04 9.9565789e-04 9.6409085e-04 5.1364721e-01 1.0593499e+00 1.2671800e+00 1.2592964e+00 7.6108162e-01 4.5725939e-01 2.5192848e-01 1.6367401e-01 2.7295812e-01 3.0130835e-01 3.9786605e-01 4.2188156e-01 9.0945126e-01 6.3854876e-01 1.0622047e+00 1.2427257e+00 1.2935576e+00 1.8035891e+00 1.9993583e+00 1.7953981e+00 1.4950687e+00 1.3385403e+00 1.4283021e+00 1.5789807e+00 1.7091913e+00 1.8182878e+00 1.8124334e+00 1.6319684e+00 1.4484872e+00 1.3580069e+00 1.3620590e+00 1.3975362e+00 1.4337457e+00
7.6743836e+00 7.7416396e+00 7.8367007e+00 7.5951411e+00 6.9539246e+00 7.0710567e+00 3.0507097e+00 3.0558889e+00 6.5972849e+00 7.2944466e+00 7.7068762e+00 6.3167464e+00 1.4802049e+00 9.2099601e-04 9.9281102e-04 9.2375654e-04 8.0969306e-01 1.0006216e+00 1.0642542e+00 1.0728496e+00 4.8709088e-01 5.3231648e-01 3.1835735e-01 2.4154221e-01 6.1113996e-02 1.9978353e-03 2.3219594e-01 1.2503977e-01 1.0097842e-01 3.1799373e-01 5.6062615e-01 6.7474509e-01 8.7241221e-01 1.0760587e+00 1.4135919e+00 1.6280082e+00 1.2018759e+00 7.8452075e-01 5.9978133e-01 5.9515251e-01 7.7504802e-01 1.0071715e+00 1.3479519e+00 1.6295574e+00 1.6105539e+00 1.3011546e+00 1.1810040e+00 1.2931403e+00 1.3856841e+00 1.4575614e+00
7.9351192e+00 7.9926780e+00 8.2299299e+00 8.0421247e+00 7.3500439e+00 7.3705290e+00 6.7444898e+00 3.4310177e+00 2.2445438e+00 5.4067292e+00 6.5168433e+00 7.7491379e+00 5.0606076e+00 1.8495683e+00 1.0020451e-02 4.5003426e-01 1.0445567e+00 1.0755455e+00 1.2245730e+00 1.6316877e+00 8.5219949e-04 0.0000000e+00 9.5116155e-04 5.6964138e-01 2.7516644e-01 3.8708515e-02 1.8935260e-01 3.0470616e-01 2.9010779e-01 5.4670294e-01 6.4268428e-01 3.5260634e-01 1.7267981e-01 4.0241578e-01 6.9132120e-01 1.1227657e+00 1.0311205e+00 8.1281879e-01 6.1379091e-01 3.9751264e-01 3.4766725e-01 5.3249262e-01 7.8219953e-01 1.0858170e+00 1.2321551e+00 1.0490850e+00 7.9212933e-01 7.7016364e-01 1.0105998e+00 1.3157922e+00
8.2387993e+00 8.2427637e+00 8.4325183e+00 8.5200859e+00 8.2760427e+00 7.9970203e+00 8.0031696e+00 7.4982199e+00 5.2193318e+00 1.9966470e+00 5.9383081e+00 7.3075399e+00 6.4504930e+00 3.6626052e+00 4.3820746e-01 6.2807952e-01 9.4326465e-01 1.0234013e+00 1.2766368e+00 1.2344859e+00 9.3253477e-04 0.0000000e+00 1.1471362e+00 9.5023602e-01 5.8454804e-01 4.6887704e-01 2.0405991e-01 3.9056546e-01 4.8520078e-01 7.2216475e-01 6.4690086e-01 6.3036617e-01 5.6965276e-01 4.3056703e-01 6.4447869e-01 1.1262014e+00 1.1569895e+00 1.1526383e+00 9.9212252e-01 5.7455830e-01 5.3385003e-01 6.3362747e-01 6.4690129e-01 6.1144635e-01 7.4633779e-01 8.1569747e-01 6.4984890e-01 5.5545473e-01 7.0642764e-01 9.4926248e-01
8.3978571e+00 8.2799507e+00 8.4312122e+00 8.6139370e+00 8.3380890e+00 8.1957633e+00 7.8166392e+00 6.0515812e+00 5.3154915e+00 5.2523683e+00 8.0331903e+00 8.5912237e+00 5.1285565e+00 6.7180867e-01 2.5079001e-01 4.1310884e-01 8.5575294e-01 8.9453915e-01 7.9879560e-01 9.6139603e-01 1.1678899e+00 6.3102971e-01 6.0721517e-01 6.3119676e-01 8.4146240e-01 7.4561182e-01 2.5353620e-01 1.2225870e-01 5.8406541e-01 8.1415456e-01 8.2307872e-01 7.5978972e-01 7.2435589e-01 6.5847477e-01 1.0256331e+00 1.1602997e+00 1.4924011e+00 1.0248011e+00 9.9640007e-01 8.0983550e-01 9.9979228e-01 9.4052919e-01 7.9834978e-01 5.9000512e-01 4.6105237e-01 4.8290994e-01 6.8273569e-01 8.5312126e-01 9.6128566e-01 1.0215812e+00
8.3733152e+00 7.8480401e+00 7.4273042e+00 7.9553265e+00 7.5389439e+00 6.4045915e+00 5.5203180e+00 4.8996365e+00 5.2184851e+00 5.9698917e+00 7.9576199e+00 7.0520542e+00 1.1471826e+00 4.9923818e-01 3.6156776e-01 3.6107469e-01 1.5734827e+00 1.4054951e+00 6.3753930e-01 7.3998578e-01 9.0703508e-01 4.8926758e-01 8.0479137e-01 7.7903038e-01 9.7710685e-01 1.1461134e+00 1.2482741e+00 6.8459600e-01 5.6925955e-01 6.6387611e-01 8.0295297e-01 6.8112137e-01 5.8179847e-01 1.0880090e+00 1.1441645e+00 7.9511109e-01 1.4813771e+00 6.2002850e-01 6.9499494e-01 7.7859862e-01 9.8802553e-01 1.1921056e+00 8.1513439e-01 6.8692147e-01 5.6927495e-01 2.2884637e-01 3.7048466e-01 1.3194976e+00 1.2605025e+00 1.3170951e+00
