presentation/data/depth_0052.asc
ncols     164
nrows     146
xllcorner -1.242151388888889e+02
yllcorner  4.172986111111111e+01
cellsize  2.777777777820000e-04
nodata_value       -9999
[rows 88 to 109 of 146, columns 100 to 149 of 164]
7.7055569e+00 6.7102201e+00 5.7107925e+00 6.1342290e+00 5.8520105e+00 5.1358874e+00 4.8996302e+00 4.7995760e+00 5.0690973e+00 6.5071627e+00 6.8737392e+00 5.9072996e+00 4.3918052e+00 3.8970525e+00 1.0788897e+00 1.1483599e+00 4.3707431e+00 5.4784594e+00 3.1436015e+00 9.1734731e-01 2.1631038e-02 1.7872746e-02 9.9947753e-04 5.8131822e-02 2.1881277e-01 3.9329822e-01 3.4347970e-01 1.9172767e-01 2.5716417e-02 4.9078802e-02 8.3342060e-02 2.4349893e-02 1.1964083e-02 1.1237711e-01 2.2493010e-01 1.3108349e-01 2.0625756e-01 6.0119735e-03 8.3899849e-04 9.9745683e-04 9.4789459e-04 1.7145727e-01 2.9756696e-01 1.3118591e-01 2.4097589e-01 9.6463830e-04 8.7038774e-04 5.8362011e-01 4.7775296e-01 5.3565493e-01
7.7635453e+00 7.4647960e+00 6.3834580e+00 6.0853857e+00 5.9196080e+00 5.6989082e+00 5.6299330e+00 6.3524465e+00 6.1123185e+00 6.1693443e+00 5.6428408e+00 5.7718187e+00 6.2229361e+00 6.4864983e+00 5.6229700e+00 4.9799619e+00 5.1239443e+00 5.6805475e+00 5.9585924e+00 4.6175149e+00 2.9122083e+00 7.3868414e-01 9.2526048e-04 8.6167406e-02 2.0439105e-02 1.1310650e-01 1.7498148e-01 1.7184872e-01 1.9148927e-01 1.3748120e-01 5.9224673e-02 1.2211570e-02 6.9449067e-01 8.5918733e-01 9.4735391e-01 8.9830619e-01 5.8747387e-01 2.7341397e-02 9.0112924e-04 8.4285660e-04 9.4706995e-04 9.7308436e-04 9.6667038e-04 9.7170597e-04 1.5408691e-01 2.2064995e-01 2.4275248e-01 2.6834156e-01 1.9403068e-01 2.4075011e-01
7.1762473e+00 7.1695272e+00 6.9299640e+00 6.7606993e+00 6.6996676e+00 7.0676021e+00 7.3771843e+00 7.0752242e+00 5.1535074e+00 4.7222973e+00 4.4699824e+00 4.7681546e+00 7.1499463e+00 7.5691472e+00 7.1111907e+00 6.9302404e+00 6.3827232e+00 6.1009668e+00 6.0780249e+00 5.9224862e+00 5.8159858e+00 5.2946044e+00 3.1647075e+00 4.8668015e-01 2.2925591e-03 8.4358800e-02 2.6662317e-01 2.3000266e-01 1.7755889e-01 1.2709720e-01 4.0484490e-02 8.3883843e-01 1.0430358e+00 1.0623603e+00 1.0670988e+00 9.8827152e-01 9.1246374e-01 6.0491379e-01 1.9388246e-02 9.7823433e-04 9.7927510e-04 9.7759543e-04 1.4325992e-02 5.3346911e-03 8.0335956e-04 9.4570650e-04 9.9057482e-04 9.8206478e-04 3.5552211e-03 1.5868681e-03
7.5915015e+00 7.7166042e+00 7.5687722e+00 7.4882320e+00 7.7126377e+00 7.3555641e+00 7.3784009e+00 7.8122971e+00 5.8508823e+00 5.0241018e+00 5.5233093e+00 4.5466163e+00 4.2335492e+00 6.4136601e+00 7.5733429e+00 7.2417816e+00 6.7951040e+00 6.7050433e+00 6.4563626e+00 6.0952026e+00 6.1153867e+00 5.8326464e+00 5.0861474e+00 4.9724383e+00 3.3065633e+00 2.9054806e-01 1.2283366e-01 2.0313547e-01 6.4027387e-02 3.3911781e-02 6.7358327e-01 9.8903512e-01 1.0497531e+00 1.0874013e+00 1.0076952e+00 9.3808644e-01 8.9596154e-01 8.3194943e-01 6.6516209e-01 5.6946654e-01 4.1267687e-01 2.4880587e-01 4.0748925e-02 8.0276813e-03 8.8009193e-03 9.6022863e-04 9.8997719e-04 7.8565181e-04 8.3439196e-04 9.9678143e-04
7.5834103e+00 7.6464947e+00 7.6884768e+00 7.9308116e+00 7.7098387e+00 7.2968935e+00 7.1138391e+00 7.1853494e+00 7.2915391e+00 6.3230797e+00 5.4829120e+00 6.1411944e+00 5.3327803e+00 6.8308950e+00 7.5089187e+00 7.3316583e+00 7.0237247e+00 7.0102264e+00 6.2301406e+00 6.0561439e+00 6.1460829e+00 5.5141104e+00 5.3983226e+00 5.7925859e+00 4.5095951e+00 9.4067388e-01 2.9946026e-02 6.1569977e-02 2.3909942e-02 3.7610502e-01 7.5446697e-01 8.4628242e-01 9.1632695e-01 1.0167105e+00 1.0870769e+00 9.5567504e-01 8.3347995e-01 7.3666838e-01 6.7537091e-01 6.1580738e-01 6.1242060e-01 5.1900284e-01 4.3876939e-01 3.6066754e-01 2.8404764e-01 3.5486234e-01 2.0672503e-01 5.5565164e-02 1.4711800e-02 1.1755604e-02
7.0742369e+00 7.1450057e+00 7.3035937e+00 7.6004166e+00 7.7460884e+00 7.1288538e+00 6.7413644e+00 7.1270373e+00 7.5601255e+00 8.0752509e+00 7.3299273e+00 7.6380662e+00 8.3220478e+00 8.3110953e+00 8.0603867e+00 7.5951406e+00 6.9458796e+00 6.4882180e+00 6.3217366e+00 6.1238748e+00 6.0487424e+00 4.5712106e+00 2.1351170e+00 3.4021764e+00 8.8294478e-01 6.4681676e-03 1.6666340e-02 3.3593234e-03 1.4601894e-01 3.7418823e-01 4.5689036e-01 4.8552614e-01 5.1479439e-01 5.3700789e-01 5.8934588e-01 6.2287292e-01 6.9249055e-01 7.0266595e-01 7.6323107e-01 7.7251601e-01 7.5557043e-01 6.9486314e-01 6.5279075e-01 5.9878370e-01 5.1315749e-01 3.8044545e-01 3.1845814e-01 2.1223607e-01 1.6184815e-01 1.0743456e-01
6.5154530e+00 6.7714304e+00 7.0211859e+00 7.3530130e+00 7.7344869e+00 7.9970006e+00 2.2953868e+00 4.4068638e+00 6.4743072e+00 8.5365812e+00 8.5064669e+00 8.2818636e+00 8.3658875e+00 8.5007820e+00 8.2662584e+00 7.9706970e+00 7.2499580e+00 6.6900728e+00 6.5387405e+00 6.3459441e+00 5.8056767e+00 5.2317607e+00 3.8474801e+00 2.1100776e-01 8.4357177e-02 3.7528113e-03 8.6027353e-04 2.0220923e+00 2.2822259e+00 1.6517661e+00 1.5778684e+00 1.2293884e+00 1.0916152e+00 1.1047776e+00 9.5580098e-01 8.9595946e-01 7.5573169e-01 7.2456290e-01 7.3046088e-01 7.4493165e-01 6.8783193e-01 7.0751058e-01 7.3467087e-01 7.9281885e-01 8.9593588e-01 8.2417580e-01 6.6952819e-01 5.4583075e-01 4.1269474e-01 2.3684547e-01
6.1646850e+00 6.4692520e+00 6.7848388e+00 7.1274864e+00 7.5200344e+00 8.0565613e+00 7.9194631e+00 6.9990499e+00 6.4174385e+00 7.8776920e+00 8.8515651e+00 8.9951514e+00 8.8095103e+00 8.5722458e+00 8.3623546e+00 8.1646484e+00 7.9451217e+00 7.6048303e+00 7.1111345e+00 6.4764891e+00 6.2383843e+00 4.2972777e+00 1.0950573e+00 2.9076278e-03 4.4016393e-03 9.9149756e-04 2.0894183e+00 4.4083686e+00 4.1071482e+00 3.8022006e+00 3.8338845e+00 3.7964259e+00 3.7511360e+00 3.8463117e+00 3.8102343e+00 3.7536271e+00 3.5631341e+00 3.6072570e+00 3.6167825e+00 3.2558733e+00 2.4633930e+00 2.0719758e+00 2.0372305e+00 2.1329466e+00 1.9995077e+00 1.9775478e+00 2.0155596e+00 2.1045321e+00 1.8602876e+00 1.4489949e+00
4.2869427e+00 4.8646615e+00 6.0817258e+00 6.9770478e+00 7.3059284e+00 7.8076743e+00 8.0413163e+00 7.8638391e+00 7.0192024e+00 6.4822332e+00 7.9306439e+00 8.7279477e+00 9.0478635e+00 8.6943855e+00 8.5204075e+00 8.4563062e+00 8.1870158e+00 7.8584556e+00 7.5545360e+00 6.6539571e+00 4.8391532e+00 1.4788222e+00 9.8422016e-04 4.5127970e-03 1.0394932e-03 2.8862260e+00 4.1964092e+00 4.3820162e+00 4.3027450e+00 4.2327600e+00 4.3807442e+00 4.4226478e+00 4.3137664e+00 4.3072044e+00 4.4464281e+00 4.4639884e+00 4.5134224e+00 4.5219637e+00 4.5903256e+00 4.4924121e+00 4.2941540e+00 4.1375012e+00 4.1608901e+00 4.1723394e+00 4.1417811e+00 4.1319725e+00 4.1476520e+00 4.1384007e+00 4.0556333e+00 3.8862751e+00
1.7675778e+00 6.9492206e-01 1.4275966e+00 5.6704077e+00 7.0051092e+00 7.7053485e+00 8.0285184e+00 8.1295437e+00 7.9897600e+00 6.9867196e+00 7.1335497e+00 8.0818598e+00 8.5030674e+00 8.5149713e+00 8.5132553e+00 8.4823129e+00 8.0362304e+00 7.3854239e+00 7.0601943e+00 5.7029116e+00 2.1242711e+00 1.1052290e-03 1.1803680e-02 8.3721124e-04 2.8945128e+00 4.7472835e+00 4.7917213e+00 4.8370464e+00 4.7316564e+00 4.6331403e+00 4.6605390e+00 4.6598445e+00 4.5330083e+00 4.5115934e+00 4.6178127e+00 4.6886811e+00 4.7265178e+00 4.7457615e+00 4.8494986e+00 4.8253438e+00 4.7779736e+00 4.7024898e+00 4.6548265e+00 4.6020173e+00 4.5796810e+00 4.5723396e+00 4.5743991e+00 4.5588624e+00 4.5310975e+00 4.4491427e+00
6.9283169e+00 5.9040426e+00 1.9903987e+00 1.7565830e+00 4.9112969e+00 7.3852896e+00 8.1857760e+00 8.2562040e+00 8.2406651e+00 7.7991114e+00 7.0196397e+00 7.1889180e+00 8.3686629e+00 8.5137101e+00 8.3537806e+00 8.2265368e+00 7.8564753e+00 7.2013121e+00 6.0338715e+00 2.3493399e+00 5.1633213e-02 7.3507809e-03 8.8121995e-04 2.5522047e+00 4.3879961e+00 4.6665012e+00 5.0690328e+00 5.2749450e+00 5.1654164e+00 5.1446588e+00 5.0987445e+00 4.9069298e+00 4.7299117e+00 4.7419849e+00 4.9326321e+00 5.0230574e+00 5.0289428e+00 5.1015350e+00 5.2998063e+00 5.1606419e+00 5.0155321e+00 4.8678243e+00 4.7577253e+00 4.6424627e+00 4.5956532e+00 4.6124534e+00 4.6474820e+00 4.6400778e+00 4.6166738e+00 4.5482538e+00
7.8095328e+00 7.6406105e+00 6.6904054e+00 2.3079804e+00 1.8679174e+00 6.3038746e+00 8.1234612e+00 8.1739187e+00 7.8403438e+00 7.3755887e+00 6.9696992e+00 7.4180604e+00 9.3154332e+00 8.8980292e+00 8.2747186e+00 8.0605461e+00 7.6742655e+00 5.9893362e+00 2.6892745e+00 3.2848206e-02 1.1860178e-02 9.1240777e-04 2.3969132e+00 4.5971449e+00 4.5454454e+00 4.5774377e+00 4.9981839e+00 5.1619737e+00 5.3567995e+00 5.5713651e+00 5.5403697e+00 5.3110551e+00 5.0374428e+00 5.0116910e+00 5.2649066e+00 5.4151416e+00 5.4998073e+00 5.5127948e+00 5.6029483e+00 5.4451497e+00 5.2359237e+00 5.0992896e+00 4.9293331e+00 4.7523818e+00 4.6596027e+00 4.6894195e+00 4.7614453e+00 4.8079925e+00 4.7982353e+00 4.7387989e+00
8.2292225e+00 7.9794629e+00 7.5294735e+00 6.3666867e+00 1.6420228e+00 2.0338891e+00 7.1810093e+00 8.0055529e+00 7.4879871e+00 7.2685686e+00 7.0647380e+00 8.0833760e+00 9.1448755e+00 8.8506167e+00 8.2805898e+00 8.0103769e+00 6.9503999e+00 2.7005598e+00 8.9852463e-04 8.0300682e-03 9.8102580e-04 2.1956056e+00 4.4281232e+00 4.7256607e+00 4.6696694e+00 4.7125499e+00 4.9045390e+00 5.1446508e+00 5.7442217e+00 5.8220021e+00 5.7295360e+00 5.5672422e+00 5.3713704e+00 5.3076988e+00 5.4331979e+00 5.6261686e+00 5.8427838e+00 5.7460299e+00 5.6497700e+00 5.5755520e+00 5.4421633e+00 5.3234429e+00 5.0863229e+00 4.9577389e+00 4.7866995e+00 4.7548077e+00 4.8894461e+00 4.9622205e+00 4.9603479e+00 4.8942690e+00
8.3635724e+00 8.2005915e+00 7.9118389e+00 7.4677540e+00 6.0604175e+00 1.0241701e+00 1.9813521e+00 5.3340288e+00 7.8004580e+00 7.1049436e+00 6.7062599e+00 7.2331681e+00 8.4579892e+00 8.4748303e+00 7.7993968e+00 7.4112163e+00 3.2800175e+00 1.0455260e-03 7.8945215e-03 9.4076153e-04 1.5361287e+00 4.2938401e+00 4.7961635e+00 4.7517734e+00 4.6855076e+00 4.7358391e+00 5.1215082e+00 5.5137949e+00 5.6912498e+00 5.8569617e+00 5.9345184e+00 5.7171321e+00 5.7643414e+00 5.6803303e+00 5.6602615e+00 5.7256317e+00 5.8420792e+00 5.8433845e+00 5.8081370e+00 5.9718397e+00 5.7930298e+00 5.5972508e+00 5.3994439e+00 5.1990090e+00 5.0395765e+00 5.0552582e+00 5.1565758e+00 5.1785128e+00 5.2160282e+00 5.1403031e+00
8.4369061e+00 8.3410395e+00 8.1686252e+00 7.8424081e+00 7.2212503e+00 4.7880484e+00 1.6715857e-01 6.8304465e-01 4.2087204e+00 5.3982364e+00 6.4239319e+00 6.4695290e+00 6.5736079e+00 7.2362047e+00 6.2979814e+00 3.1539576e+00 1.7710540e+00 6.5345349e-01 9.8449876e-04 1.3763231e+00 3.8831505e+00 4.3930118e+00 4.7375570e+00 5.0407675e+00 5.0953399e+00 5.2482076e+00 5.6327397e+00 5.8285162e+00 5.7523073e+00 6.0994220e+00 6.1770240e+00 5.9084506e+00 5.8468400e+00 5.9794192e+00 6.1463968e+00 6.2628823e+00 6.1650466e+00 5.9979268e+00 6.1644175e+00 6.7392819e+00 6.3457031e+00 6.0604593e+00 5.6638818e+00 5.5644880e+00 5.5791104e+00 5.6453574e+00 5.6390551e+00 5.5636623e+00 5.5183495e+00 5.4567712e+00
8.5468038e+00 8.4373131e+00 8.2922730e+00 8.0698549e+00 7.6552975e+00 7.0203003e+00 4.4914450e+00 6.9037696e-04 5.7458361e-02 4.9712616e-01 1.4479603e+00 4.1227834e+00 6.1854550e+00 6.4070566e+00 3.8793938e+00 3.6674556e+00 2.4444285e+00 7.3941185e-02 1.4042302e+00 3.9275331e+00 4.2789183e+00 4.4849120e+00 4.9720891e+00 5.3112880e+00 5.5778486e+00 5.6801610e+00 5.9397193e+00 6.0020163e+00 6.1861375e+00 6.5358742e+00 6.7309744e+00 6.3461395e+00 5.9782412e+00 6.4824083e+00 6.7233140e+00 6.8455512e+00 6.6292535e+00 6.4739398e+00 6.5538528e+00 6.6762617e+00 6.5304288e+00 6.3357696e+00 6.1031377e+00 6.0396720e+00 6.1256775e+00 6.1975111e+00 6.0648489e+00 5.8973042e+00 5.7867246e+00 5.7010094e+00
8.6042994e+00 8.5263722e+00 8.3949463e+00 8.2299689e+00 8.0103375e+00 7.6492962e+00 6.7761829e+00 3.2333647e+00 3.1055083e-04 3.4711860e-02 2.6530163e-01 3.8262876e-01 5.2080076e+00 3.3552312e+00 1.1391921e+00 2.7494498e+00 2.3644507e-01 1.0598231e+00 3.8803440e+00 4.5832076e+00 4.7707535e+00 5.1210224e+00 5.5726125e+00 5.8089859e+00 5.8468791e+00 5.9602350e+00 6.1202667e+00 6.1454134e+00 6.3331260e+00 6.9336280e+00 6.8710999e+00 6.6010712e+00 6.5315068e+00 6.8438337e+00 6.9540628e+00 6.8332188e+00 6.7690223e+00 6.8840224e+00 7.0615973e+00 6.9540027e+00 6.7997288e+00 6.7023257e+00 6.6290054e+00 6.5418604e+00 6.5512214e+00 6.5294527e+00 6.3794916e+00 6.2169688e+00 6.0336268e+00 5.9108663e+00
8.7311249e+00 8.5710960e+00 8.5012531e+00 8.3488398e+00 8.1640746e+00 7.7010353e+00 6.9193196e+00 4.2414543e+00 1.9668439e+00 8.8152675e-04 9.9832381e-04 1.1540934e-01 1.5058413e+00 5.9253882e-02 9.7498512e-03 8.2591952e-02 1.1448564e+00 3.7705887e+00 4.2807855e+00 4.8162892e+00 5.4032645e+00 5.7260741e+00 5.9787014e+00 5.9427153e+00 5.9157478e+00 6.2513084e+00 6.4889101e+00 6.3876534e+00 6.2167768e+00 6.8038903e+00 6.9421586e+00 6.8995232e+00 7.0497671e+00 7.0251300e+00 6.5714189e+00 6.1243180e+00 6.4425271e+00 6.8253305e+00 7.1301092e+00 7.1097012e+00 7.0516371e+00 7.0160807e+00 7.0749921e+00 7.0058860e+00 6.9461033e+00 6.8719845e+00 6.7543334e+00 6.5599080e+00 6.4333586e+00 6.2223368e+00
8.7888779e+00 8.7313411e+00 8.5587837e+00 8.4651150e+00 8.2897908e+00 8.1144469e+00 7.2477640e+00 5.0830888e+00 3.5408475e+00 1.4930718e-01 1.5686844e-03 6.8894582e-03 3.4147089e-03 8.9318407e-03 8.9438622e-04 1.2729822e+00 3.9592678e+00 4.3079632e+00 4.2513406e+00 4.6640531e+00 5.3399049e+00 5.8687963e+00 6.1992330e+00 6.2555344e+00 6.2233476e+00 6.4783457e+00 6.9926594e+00 6.8319265e+00 6.8097992e+00 7.1814983e+00 7.3068047e+00 7.3330763e+00 7.3376371e+00 7.1187665e+00 6.2626160e+00 5.3946903e+00 5.9427102e+00 6.6001508e+00 7.0959963e+00 7.2906846e+00 7.2907808e+00 7.1766862e+00 7.3088744e+00 7.3415155e+00 7.3193800e+00 7.2653970e+00 7.1873108e+00 7.0490405e+00 6.8620337e+00 6.6292373e+00
8.8138085e+00 8.8059129e+00 8.7525800e+00 8.5170401e+00 8.3967814e+00 8.3337708e+00 6.1300293e+00 3.6532044e+00 8.1291804e-01 9.7224724e-04 4.3236186e-03 6.9898918e-03 1.8855662e-02 9.4317182e-03 1.4438276e-01 3.1377531e+00 4.1943710e+00 3.9375142e+00 3.0397087e+00 1.1784136e+00 1.1248671e+00 4.7895498e+00 6.1673334e+00 6.5560167e+00 6.6360403e+00 6.4834504e+00 6.8033991e+00 6.9512744e+00 7.2366611e+00 7.5683000e+00 7.4754988e+00 7.3156702e+00 7.3474911e+00 7.3268121e+00 6.6450831e+00 5.9173728e+00 6.1222579e+00 6.6042355e+00 7.1431500e+00 7.4430254e+00 7.6692171e+00 7.5330471e+00 7.6147648e+00 7.6715502e+00 7.6668371e+00 7.6726808e+00 7.7316878e+00 7.4691488e+00 7.2102476e+00 7.0477039e+00
8.7981591e+00 8.8125501e+00 8.8320902e+00 8.7737699e+00 8.5863444e+00 8.1409665e+00 2.2572765e-01 0.0000000e+00 8.5107101e-04 9.7229550e-04 9.9944967e-04 0.0000000e+00 0.0000000e+00 2.7894794e-02 1.8347932e-02 8.1539256e-01 1.2573092e+00 5.6232417e-01 3.9232703e-01 3.2792414e-01 1.2588552e+00 4.8190089e+00 6.2115705e+00 6.8535212e+00 6.8255274e+00 6.6987817e+00 6.7375666e+00 6.8301937e+00 7.2910418e+00 7.4972740e+00 7.1632791e+00 6.4905968e+00 6.8300702e+00 7.1289457e+00 6.8751060e+00 6.5821702e+00 6.5841457e+00 6.8009206e+00 7.1833734e+00 7.4896556e+00 7.7349430e+00 7.7860465e+00 7.8656058e+00 7.9798196e+00 7.9914416e+00 7.9935493e+00 7.9981172e+00 7.7754246e+00 7.5870179e+00 7.4439460e+00
8.8264860e+00 8.7876061e+00 8.8381970e+00 8.8465850e+00 8.8438189e+00 8.5204760e+00 2.9742548e+00 9.3276836e-04 9.6835592e-04 9.1076040e-04 9.9921001e-04 0.0000000e+00 0.0000000e+00 1.1745515e-02 7.3393576e-02 1.2739528e+00 2.7153308e+00 2.3220099e+00 1.7730949e+00 3.3493375e+00 4.8505618e+00 5.8241434e+00 6.4222064e+00 6.7814255e+00 6.7544742e+00 6.8359126e+00 6.7920962e+00 6.8020359e+00 7.1162402e+00 7.3157793e+00 6.8421796e+00 5.5832862e+00 6.2071956e+00 6.9629667e+00 7.1153523e+00 7.0782675e+00 7.0025630e+00 7.0141282e+00 7.2760116e+00 7.5510342e+00 7.7513373e+00 7.8841430e+00 8.0174059e+00 8.1998117e+00 8.2148959e+00 8.1819867e+00 8.1443040e+00 7.9951593e+00 7.8514737e+00 7.7954932e+00
