presentation/data/depth_0060.asc
ncols     164
nrows     146
xllcorner -1.242151388888889e+02
yllcorner  4.172986111111111e+01
cellsize  2.777777777820000e-04
nodata_value       -9999
[rows 88 to 109 of 146, columns 50 to 99 of 164]
9.5692645e-04 9.9181731e-04 9.9805992e-04 9.9350293e-04 9.9910699e-04 9.8650410e-04 9.0359131e-01 2.5177395e+00 2.6205282e+00 2.5777521e+00 2.7389460e+00 3.0319932e+00 3.3943908e+00 3.7312460e+00 4.0111989e+00 4.1784510e+00 4.5207062e+00 5.0034000e+00 5.2370758e+00 5.4855601e+00 5.4691494e+00 5.6637720e+00 5.7127410e+00 5.6169353e+00 5.7512308e+00 5.6425857e+00 5.7651617e+00 5.3053117e+00 4.1444926e+00 5.1825127e+00 5.5310858e+00 5.1338780e+00 5.2850771e+00 5.5364293e+00 5.6513985e+00 5.5510944e+00 5.6554816e+00 5.7309907e+00 5.7316327e+00 5.6770810e+00 5.7655802e+00 5.7784997e+00 5.7364622e+00 5.7418313e+00 5.8164186e+00 5.8670134e+00 6.1032010e+00 5.2320875e+00 5.2486162e+00 5.8575090e+00
5.3481107e-01 1.1657181e+00 9.6626202e-01 8.9263838e-04 9.9480928e-04 9.5970557e-04 5.0060532e-04 2.5068357e-01 2.4470890e+00 2.8058843e+00 2.8792916e+00 3.0883848e+00 3.4252514e+00 4.0175461e+00 4.2517583e+00 4.4864761e+00 4.8697254e+00 5.1018745e+00 5.1177877e+00 5.5032979e+00 5.8825030e+00 6.0032400e+00 5.8427099e+00 5.7106712e+00 5.7112575e+00 5.1994057e+00 4.7579150e+00 4.5675729e+00 4.2717550e+00 4.8143910e+00 5.2975307e+00 5.4822577e+00 5.5913064e+00 5.6983074e+00 5.7933684e+00 5.8143677e+00 5.8131234e+00 5.9117529e+00 5.9440548e+00 5.9629408e+00 5.9829106e+00 5.9981746e+00 6.0515710e+00 5.9942634e+00 5.9684428e+00 5.9837475e+00 6.1215272e+00 5.7044086e+00 5.3831391e+00 5.3623978e+00
3.1321736e+00 2.7745823e+00 1.8659865e+00 1.4715541e+00 6.3646813e-04 9.9889361e-04 9.9983080e-04 9.3685390e-04 1.8479790e-02 2.6146514e+00 3.0017088e+00 3.0944625e+00 3.3489774e+00 3.7820417e+00 4.0270745e+00 4.3477094e+00 4.6010775e+00 4.7967149e+00 4.9103866e+00 5.1370953e+00 5.3687867e+00 5.4498773e+00 5.2467554e+00 5.1032162e+00 4.9939955e+00 4.4492821e+00 3.9273912e+00 4.5381837e+00 4.9879227e+00 5.2971806e+00 5.5984093e+00 5.7699506e+00 5.8792277e+00 5.9110570e+00 5.9603811e+00 6.0315927e+00 6.0716902e+00 6.0857486e+00 6.1645745e+00 6.1960139e+00 6.2122362e+00 6.1796611e+00 6.2785991e+00 6.3055832e+00 6.2347778e+00 6.2337915e+00 6.1654576e+00 6.1092631e+00 5.5573645e+00 5.5661179e+00
3.1098577e+00 3.1044494e+00 2.8646276e+00 2.5999273e+00 9.3288946e-04 9.5129343e-04 9.9421012e-04 9.9890900e-04 6.0089134e-04 7.8038478e-04 2.8033432e+00 3.1566917e+00 3.1787114e+00 3.3726029e+00 3.3508923e+00 3.2737391e+00 3.9613893e+00 4.2555257e+00 4.3972242e+00 4.5349281e+00 4.6031364e+00 4.5502590e+00 4.3720492e+00 4.2053412e+00 4.3183533e+00 4.3887796e+00 4.5071725e+00 5.0489789e+00 5.4745001e+00 5.7132608e+00 5.8571592e+00 5.9697699e+00 6.0447643e+00 6.1171196e+00 6.1449949e+00 6.2010763e+00 6.2761023e+00 6.3253140e+00 6.3270546e+00 6.4021916e+00 6.3932329e+00 6.4005491e+00 6.5159293e+00 6.5371060e+00 6.4992516e+00 6.4919069e+00 6.4093913e+00 6.2968307e+00 6.1642489e+00 6.0846591e+00
2.9476411e+00 3.0736273e+00 2.1335311e+00 2.9488704e+00 2.1172461e+00 7.0151390e-04 9.9753393e-04 5.2453153e-03 7.2863526e-03 7.0824097e-04 9.7852590e-04 2.7818877e+00 3.1879915e+00 3.2748615e+00 1.6459959e+00 1.2526063e-04 3.2078845e+00 3.7415002e+00 3.8317648e+00 3.9036774e+00 3.8453984e+00 3.7154609e+00 3.6340822e+00 3.5554372e+00 4.0854927e+00 4.7032985e+00 5.1009236e+00 5.4574060e+00 5.7870300e+00 5.9755043e+00 6.0818389e+00 6.1285641e+00 6.1875598e+00 6.2449435e+00 6.2949283e+00 6.3500986e+00 6.4229055e+00 6.4979371e+00 6.5443648e+00 6.5389632e+00 6.5662170e+00 6.6170007e+00 6.7171293e+00 6.7049991e+00 6.7119682e+00 6.6389268e+00 6.4926658e+00 6.3235266e+00 6.1204201e+00 6.0139359e+00
2.7268673e+00 2.8527795e+00 2.9761185e+00 3.2030661e+00 3.0464352e+00 6.3862828e-01 9.0752927e-04 4.1169028e-03 3.7519679e-01 1.2771318e+00 8.0620172e-04 3.1523791e-04 2.3777072e+00 2.9517456e+00 2.2485096e+00 2.1663018e+00 3.2889699e+00 3.3755117e+00 3.4373093e+00 3.4490028e+00 3.3357260e+00 3.2802614e+00 3.6727232e+00 4.0424578e+00 4.7003349e+00 5.2515715e+00 5.6470654e+00 5.8658887e+00 6.0214343e+00 6.1357045e+00 6.2328510e+00 6.3108174e+00 6.3413124e+00 6.3899955e+00 6.4481268e+00 6.4774828e+00 6.5422551e+00 6.6166538e+00 6.6347622e+00 6.6777238e+00 6.7507428e+00 6.8241136e+00 6.8719035e+00 6.8789055e+00 6.8441136e+00 6.7366105e+00 6.4682125e+00 6.0390261e+00 5.7202898e+00 5.5680055e+00
2.7104180e+00 2.8541877e+00 3.1373430e+00 3.1467589e+00 3.1158048e+00 2.2960381e+00 3.6190743e-04 9.9076862e-04 2.2961488e+00 2.9908979e+00 2.5688118e+00 7.4754817e-04 3.2587685e-04 9.0240664e-04 1.6051831e+00 3.3990425e+00 3.1954591e+00 3.2337423e+00 3.2787005e+00 3.2705982e+00 3.2688378e+00 3.7581693e+00 4.3871353e+00 4.9488439e+00 5.3564292e+00 5.6704670e+00 5.9314557e+00 6.1352005e+00 6.2488034e+00 6.2841611e+00 6.3501075e+00 6.4254856e+00 6.5013897e+00 6.5296353e+00 6.5879301e+00 6.6362886e+00 6.6841735e+00 6.7050708e+00 6.7443291e+00 6.8372073e+00 6.9216945e+00 6.9842936e+00 7.0468929e+00 7.0584966e+00 7.0474260e+00 6.8912360e+00 6.0927715e+00 5.3154731e+00 5.1091570e+00 4.9052539e+00
2.8832083e+00 2.9699696e+00 3.0560165e+00 3.1019160e+00 3.1474945e+00 2.9915087e+00 1.7411719e+00 6.3525658e-04 1.7791115e+00 3.2391757e+00 1.9545761e+00 2.0060378e+00 8.4264295e-04 8.4983861e-04 2.0654332e-01 3.3399950e+00 3.2399044e+00 3.2735063e+00 3.3017403e+00 3.5527726e+00 3.9028447e+00 4.5391871e+00 5.0956711e+00 5.4539369e+00 5.7725827e+00 5.9675561e+00 6.1347898e+00 6.2738728e+00 6.3991283e+00 6.4624725e+00 6.4893783e+00 6.5412247e+00 6.6146626e+00 6.6785932e+00 6.7199084e+00 6.7555443e+00 6.7631389e+00 6.7933356e+00 6.8495990e+00 6.9479115e+00 7.0491127e+00 7.1274259e+00 7.2250273e+00 7.3115185e+00 7.4352446e+00 7.3625701e+00 5.4338953e+00 3.9477396e+00 3.7606175e+00 4.1270656e+00
3.0447612e+00 3.1012848e+00 3.1259128e+00 3.1449503e+00 3.1410086e+00 3.1294126e+00 2.8335224e+00 1.0054932e+00 4.8214461e-04 2.3480105e+00 2.6799591e+00 2.7695257e+00 2.0681477e+00 1.9121735e+00 2.9240119e+00 3.4376964e+00 3.5182720e+00 3.5787993e+00 3.6381142e+00 4.1899532e+00 4.8792989e+00 5.3177053e+00 5.5627481e+00 5.7740936e+00 5.9753171e+00 6.1607468e+00 6.2705779e+00 6.3851611e+00 6.4747812e+00 6.5580270e+00 6.6064291e+00 6.6480254e+00 6.7112442e+00 6.7497685e+00 6.7667133e+00 6.7920463e+00 6.8248896e+00 6.8478813e+00 6.9118150e+00 7.0098700e+00 7.0937315e+00 7.1914607e+00 7.2973784e+00 7.4270073e+00 7.5775396e+00 6.9110264e+00 7.1062180e-01 1.7607876e-01 5.6777622e-01 1.7082302e+00
3.2216042e+00 3.2368378e+00 3.2401557e+00 3.2332676e+00 3.2034582e+00 3.1316573e+00 3.1086753e+00 2.7570396e+00 8.6163393e-04 9.1215740e-04 2.6175583e+00 3.0018088e+00 3.2783337e+00 3.5203277e+00 3.5128778e+00 3.6585335e+00 3.9684921e+00 4.1987641e+00 4.4000720e+00 4.8869103e+00 5.3305389e+00 5.6548980e+00 5.8904345e+00 5.9799611e+00 6.1184461e+00 6.2488831e+00 6.3680684e+00 6.4567652e+00 6.5269198e+00 6.6075709e+00 6.6595888e+00 6.7071440e+00 6.7525043e+00 6.7375670e+00 6.8096845e+00 6.8509190e+00 6.9188591e+00 6.9398803e+00 6.9995902e+00 7.0570168e+00 7.1340279e+00 7.2265909e+00 7.2927363e+00 7.3363664e+00 7.2970084e+00 6.9254559e+00 4.9127074e+00 3.4814484e+00 1.9822877e+00 6.9937911e-01
3.4511073e+00 3.4279441e+00 3.3996825e+00 3.3586652e+00 3.2820685e+00 3.1950972e+00 3.1273981e+00 3.1775511e+00 2.1837660e+00 9.6179977e-04 1.7640879e+00 3.3536718e+00 3.1326614e+00 3.2988013e+00 3.5491916e+00 3.8522385e+00 4.2270907e+00 4.4404698e+00 4.6651370e+00 5.1402702e+00 5.5020740e+00 5.8446678e+00 6.0723854e+00 6.1507963e+00 6.2051459e+00 6.3090664e+00 6.3961556e+00 6.5040174e+00 6.5649979e+00 6.6445587e+00 6.7048715e+00 6.7304707e+00 6.7131226e+00 6.8036728e+00 6.8729640e+00 6.9060009e+00 6.9902280e+00 7.0045309e+00 7.0545181e+00 7.1024381e+00 7.1692362e+00 7.2249139e+00 7.2423423e+00 7.1920079e+00 7.0713747e+00 6.8215207e+00 6.4595337e+00 6.1419272e+00 5.8932479e+00 5.5736774e+00
3.6898125e+00 3.6210454e+00 3.5771176e+00 3.4971189e+00 3.3815223e+00 3.2893671e+00 3.1677613e+00 3.1365006e+00 2.8917912e+00 4.0035171e-01 8.0458786e-04 2.6556833e+00 3.1776943e+00 3.4221792e+00 3.6232429e+00 3.9236732e+00 4.1704366e+00 4.3577992e+00 4.8796508e+00 5.2566031e+00 5.5983334e+00 5.8908646e+00 6.0829566e+00 6.1488742e+00 6.2367292e+00 6.3323834e+00 6.4212499e+00 6.5121331e+00 6.6057140e+00 6.6590901e+00 6.7147624e+00 6.7610818e+00 6.7656161e+00 6.8344138e+00 6.9198987e+00 6.9659088e+00 7.0399176e+00 7.0580565e+00 7.1009876e+00 7.1524956e+00 7.1974577e+00 7.2264083e+00 7.2007235e+00 7.1254627e+00 7.0344604e+00 6.8475043e+00 6.6752780e+00 6.6567150e+00 6.4835294e+00 6.3167456e+00
3.9147469e+00 3.8055438e+00 3.7403722e+00 3.6140993e+00 3.4580782e+00 3.3439126e+00 3.2137456e+00 3.1068561e+00 2.9961325e+00 2.1076360e+00 7.0407283e-04 8.8303050e-04 2.7372946e+00 3.4307661e+00 3.6468752e+00 3.9872236e+00 4.3275296e+00 4.5843426e+00 5.0526642e+00 5.3589002e+00 5.6223979e+00 5.8349916e+00 5.9755307e+00 6.1139850e+00 6.2490312e+00 6.3520845e+00 6.4481254e+00 6.5356337e+00 6.6226067e+00 6.7081691e+00 6.7582163e+00 6.7608863e+00 6.8078890e+00 6.8643951e+00 6.9431644e+00 7.0092715e+00 7.0836165e+00 7.1018265e+00 7.1399373e+00 7.1817835e+00 7.2322726e+00 7.2209247e+00 7.1819476e+00 7.1097254e+00 7.0810361e+00 7.0669327e+00 6.9480761e+00 6.7872954e+00 6.6196301e+00 6.5854960e+00
4.2697358e+00 4.1134683e+00 3.9746488e+00 3.7852580e+00 3.5839755e+00 3.4288728e+00 3.2782537e+00 3.1471203e+00 3.0808210e+00 3.0627482e+00 1.8083174e+00 8.6109888e-04 1.5815246e+00 3.5830210e+00 3.6218486e+00 4.0435189e+00 4.4974739e+00 4.8326075e+00 5.0656261e+00 5.4066994e+00 5.6352543e+00 5.7859855e+00 5.9490461e+00 6.0886176e+00 6.2287450e+00 6.3555646e+00 6.4479162e+00 6.5494813e+00 6.6439401e+00 6.7311176e+00 6.7745167e+00 6.7684725e+00 6.8387025e+00 6.8959281e+00 6.9834840e+00 7.0493220e+00 7.1063101e+00 7.1110024e+00 7.1535971e+00 7.2181875e+00 7.2305444e+00 7.2281203e+00 7.2014728e+00 7.1358045e+00 7.1570754e+00 7.1664593e+00 7.0902777e+00 6.9324695e+00 6.8805757e+00 6.8208677e+00
4.7226124e+00 4.4956906e+00 4.2864697e+00 4.0410678e+00 3.7840005e+00 3.5501206e+00 3.3678986e+00 3.2279083e+00 3.0975806e+00 3.0985471e+00 2.6898655e+00 8.2032296e-04 7.1595812e-04 3.2921874e+00 3.5853924e+00 3.9535176e+00 4.4179782e+00 4.8384976e+00 5.1269894e+00 5.3321294e+00 5.5634684e+00 5.7555688e+00 5.9109905e+00 6.0773076e+00 6.2069736e+00 6.3303201e+00 6.4552492e+00 6.5633928e+00 6.6538208e+00 6.7145877e+00 6.7494417e+00 6.8075110e+00 6.8813861e+00 6.9260521e+00 6.9976981e+00 7.0538164e+00 7.1210003e+00 7.1192243e+00 7.1511211e+00 7.2184552e+00 7.2480403e+00 7.2526182e+00 7.2413760e+00 7.1596609e+00 7.1413481e+00 7.1548658e+00 7.1293771e+00 7.1202945e+00 7.0719416e+00 6.9933708e+00
5.1329526e+00 4.8428559e+00 4.5730998e+00 4.2468875e+00 3.9161475e+00 3.6268669e+00 3.4062449e+00 3.2550836e+00 3.1360453e+00 3.0704103e+00 2.9151283e+00 1.4351867e+00 4.1207046e-05 8.3730017e-01 3.6159931e+00 3.7829867e+00 4.2375887e+00 4.6584357e+00 4.9979228e+00 5.3145438e+00 5.4568107e+00 5.6668311e+00 5.8658599e+00 6.0245280e+00 6.1825397e+00 6.3047431e+00 6.4387054e+00 6.5649677e+00 6.6459094e+00 6.6497991e+00 6.7493844e+00 6.8754064e+00 6.9094905e+00 6.9133341e+00 7.0002914e+00 7.0486408e+00 7.1101819e+00 7.1520819e+00 7.1571455e+00 7.1943211e+00 7.2483228e+00 7.2637732e+00 7.2793738e+00 7.2315569e+00 7.2301945e+00 7.2510962e+00 7.2258265e+00 7.2045033e+00 7.1561588e+00 7.0391557e+00
5.5555027e+00 5.1633429e+00 4.8287240e+00 4.4034756e+00 3.9915892e+00 3.6545806e+00 3.4151334e+00 3.2585953e+00 3.1591368e+00 3.0707583e+00 3.0007730e+00 2.9268347e+00 4.6595897e-01 0.0000000e+00 2.5817925e+00 3.6824454e+00 3.9957933e+00 4.4152141e+00 4.7413383e+00 5.1282463e+00 5.3953916e+00 5.5161832e+00 5.7650581e+00 5.9331372e+00 6.0887887e+00 6.2641424e+00 6.3853318e+00 6.5224695e+00 6.6178356e+00 6.6251448e+00 6.7798932e+00 6.8872226e+00 6.9223507e+00 6.9239283e+00 6.9814534e+00 7.0598981e+00 7.1043485e+00 7.1834991e+00 7.1756935e+00 7.1981427e+00 7.2481467e+00 7.2878880e+00 7.3034975e+00 7.2919417e+00 7.3095091e+00 7.3201553e+00 7.2773075e+00 7.2253163e+00 7.1733260e+00 7.1138290e+00
6.0324177e+00 5.5456401e+00 5.1011279e+00 4.5688461e+00 4.0452822e+00 3.6383199e+00 3.3891617e+00 3.2938092e+00 3.2612689e+00 3.1493693e+00 3.0679365e+00 3.1166676e+00 2.6418498e+00 7.3737136e-04 9.3401024e-04 3.3968840e+00 3.8129065e+00 4.1316437e+00 4.4711751e+00 4.8659742e+00 5.2029588e+00 5.4346298e+00 5.5833408e+00 5.8248768e+00 5.9903926e+00 6.1513823e+00 6.3195047e+00 6.4554456e+00 6.5769665e+00 6.6240470e+00 6.7811574e+00 6.8935431e+00 6.9568830e+00 6.9387013e+00 6.9906718e+00 7.0593155e+00 7.1114091e+00 7.1744010e+00 7.1507026e+00 7.2167434e+00 7.2689286e+00 7.3086714e+00 7.3223733e+00 7.3292318e+00 7.3373383e+00 7.3398510e+00 7.2981403e+00 7.2702573e+00 7.2366808e+00 7.1952396e+00
6.5532586e+00 5.9865659e+00 5.4168316e+00 4.7265080e+00 4.0427067e+00 3.4984325e+00 3.2313423e+00 3.0784113e+00 2.7711155e+00 3.1935844e+00 3.2618218e+00 3.1954881e+00 3.0975662e+00 1.3640475e+00 6.9895671e-04 2.4836557e-01 3.6279125e+00 3.8423244e+00 4.2016560e+00 4.6519345e+00 5.0557983e+00 5.3982950e+00 5.4707139e+00 5.6004679e+00 5.8064453e+00 5.9987819e+00 6.2191593e+00 6.3544189e+00 6.5032293e+00 6.5981798e+00 6.7122780e+00 6.8494437e+00 6.9647248e+00 6.9745087e+00 7.0051967e+00 7.0839200e+00 7.1120373e+00 7.1797834e+00 7.1678502e+00 7.2229698e+00 7.2671933e+00 7.3209158e+00 7.3470093e+00 7.3482131e+00 7.3413474e+00 7.3418028e+00 7.3456935e+00 7.3086342e+00 7.2781958e+00 7.2459629e+00
7.1365568e+00 6.5187070e+00 5.8159977e+00 4.8955774e+00 3.9965310e+00 3.1344285e+00 2.2662845e+00 2.1816535e+00 6.9001801e-01 2.9450539e+00 3.5871494e+00 3.5009452e+00 3.3642392e+00 2.7313518e+00 6.7127646e-04 2.2728861e-04 2.9297584e+00 3.6313425e+00 3.9300732e+00 4.3753002e+00 4.8231713e+00 5.2249110e+00 5.4322861e+00 5.4741223e+00 5.5957854e+00 5.7945339e+00 6.0213925e+00 6.2336939e+00 6.4062492e+00 6.5714530e+00 6.7388104e+00 6.7904961e+00 6.8994615e+00 6.9475856e+00 7.0167303e+00 7.0853997e+00 7.1186675e+00 7.1961261e+00 7.1916302e+00 7.2602562e+00 7.3176679e+00 7.3454207e+00 7.3825116e+00 7.3719130e+00 7.3425590e+00 7.3404209e+00 7.3667343e+00 7.3445439e+00 7.2803341e+00 7.2497568e+00
7.8401595e+00 7.1286951e+00 6.3028394e+00 5.1574612e+00 3.9868734e+00 2.9163836e+00 2.1591152e+00 2.6659806e+00 2.5068961e+00 3.2200460e+00 4.0037277e+00 3.9862388e+00 3.7880931e+00 3.2613188e+00 1.8325534e+00 8.1682172e-04 9.9493922e-04 3.7290174e+00 3.7845533e+00 4.0811145e+00 4.5347907e+00 4.9493725e+00 5.2687320e+00 5.4337461e+00 5.3954068e+00 5.4761244e+00 5.6989798e+00 5.9755880e+00 6.2227851e+00 6.5191698e+00 6.8149929e+00 6.8543665e+00 6.8598607e+00 6.9237639e+00 6.9937155e+00 7.0755517e+00 7.1274734e+00 7.2056237e+00 7.2059735e+00 7.2484091e+00 7.3068214e+00 7.3609135e+00 7.4125701e+00 7.3689120e+00 7.3311601e+00 7.3117242e+00 7.3315767e+00 7.3364711e+00 7.3198870e+00 7.2659451e+00
8.5115517e+00 7.7517842e+00 6.8332251e+00 5.5134495e+00 4.1413832e+00 3.1660549e+00 2.9717987e+00 2.8963494e+00 1.4414098e+00 3.6407642e+00 4.5088207e+00 4.5404252e+00 4.3813204e+00 3.9142768e+00 3.3507453e+00 2.0212956e+00 7.1038248e-04 1.7728860e+00 3.6285838e+00 3.8457678e+00 4.2740105e+00 4.6897951e+00 5.0223702e+00 5.2578990e+00 5.3143467e+00 5.1970271e+00 5.2790693e+00 5.5826988e+00 5.9221826e+00 6.2531043e+00 6.3879455e+00 6.6570161e+00 6.7822550e+00 6.8133679e+00 6.9237087e+00 7.0274020e+00 7.1086881e+00 7.1964139e+00 7.2237545e+00 7.2704678e+00 7.3154965e+00 7.3700522e+00 7.4129874e+00 7.3247012e+00 7.2730597e+00 7.2328292e+00 7.2499106e+00 7.2757908e+00 7.2961915e+00 7.3015705e+00
