presentation/data/depth_0022.asc
ncols     164
nrows     146
xllcorner -1.242151388888889e+02
yllcorner  4.172986111111111e+01
cellsize  2.777777777820000e-04
nodata_value       -9999
[rows 88 to 109 of 146, columns 100 to 149 of 164]
4.7486817e+00 3.7298637e+00 2.6822813e+00 3.0597220e+00 2.7340322e+00 1.9806492e+00 1.7465791e+00 1.6203557e+00 1.7532049e+00 3.1897465e+00 3.6664269e+00 2.4756431e+00 5.8929804e-01 2.5822132e-01 3.9083622e-02 2.4689851e-02 3.5885367e-01 5.3501746e-01 8.1036253e-02 1.4885296e-01 1.8844071e-01 5.8802760e-02 9.2692725e-04 3.1560685e-02 2.0109206e-01 3.7995787e-01 3.3133560e-01 1.7242516e-01 5.9718750e-02 1.3483445e-01 2.9813900e-01 3.7216340e-01 1.4162341e+00 2.2282588e+00 2.3564406e+00 2.1157975e+00 1.9101199e+00 4.8306768e-01 1.4971028e-02 2.6218654e-02 2.1032349e-01 4.3577829e-01 5.5140526e-01 3.8847398e-01 4.9891291e-01 1.5897953e-01 1.1197628e-01 8.1200967e-01 6.9818450e-01 7.5307638e-01
4.8853500e+00 4.5590626e+00 3.4418026e+00 3.0975348e+00 2.8812671e+00 2.6035663e+00 2.4993346e+00 3.2109672e+00 2.8472349e+00 2.9149745e+00 2.3242365e+00 2.5512067e+00 2.8340822e+00 3.0186325e+00 1.8588515e+00 1.1531391e+00 1.6836673e+00 2.2636554e+00 2.4445439e+00 8.4986627e-01 1.6111435e-02 2.7059874e-02 9.8495743e-04 5.0050966e-02 8.5086603e-03 1.0244270e-01 1.7491477e-01 2.7731943e-01 5.7485919e-01 8.0521174e-01 9.6351653e-01 1.8087010e+00 2.8769488e+00 2.9048487e+00 2.9565938e+00 2.9196776e+00 2.6544856e+00 2.0627055e+00 5.2020731e-01 9.5296618e-04 9.7629589e-04 9.7317566e-02 1.2278299e-01 1.8034440e-01 3.9374394e-01 4.4939407e-01 4.7024067e-01 4.8975464e-01 4.2213719e-01 4.7041886e-01
4.3712211e+00 4.3257064e+00 4.0503898e+00 3.8333415e+00 3.7311919e+00 4.0431888e+00 4.2942357e+00 3.9313111e+00 1.8939659e+00 1.3061283e+00 1.1707851e+00 1.4798042e+00 3.8450871e+00 4.2181183e+00 3.8270249e+00 3.6636949e+00 3.0622542e+00 2.7878326e+00 2.6812982e+00 2.5312527e+00 2.2614813e+00 1.3788225e+00 4.1070788e-02 2.6983972e-02 2.1323690e-02 9.8637518e-02 3.2537780e-01 4.7898899e-01 7.2254742e-01 9.6579378e-01 1.7633784e+00 2.9984759e+00 3.0762537e+00 3.1539904e+00 3.1675860e+00 3.0940799e+00 2.9679325e+00 2.7328096e+00 1.9667410e+00 9.4687967e-01 7.5744630e-01 6.5208959e-01 7.9688262e-01 1.0823533e-01 9.3860316e-04 9.3249657e-04 1.4508296e-01 1.6169037e-01 1.9107681e-01 1.7766677e-01
4.8618973e+00 4.9384380e+00 4.7459764e+00 4.6064564e+00 4.7842435e+00 4.3762864e+00 4.3350913e+00 4.7398019e+00 2.7237010e+00 1.8412621e+00 2.2916688e+00 1.2974428e+00 8.2720567e-01 3.0981368e+00 4.2900183e+00 3.9701579e+00 3.4614050e+00 3.3973308e+00 3.1112655e+00 2.7871096e+00 2.7903982e+00 2.7179919e+00 2.0711014e+00 1.3930789e+00 2.9640146e-01 1.8997705e-01 4.0600229e-01 6.2421434e-01 7.2569575e-01 1.6462581e+00 2.9816914e+00 3.0954706e+00 3.1480890e+00 3.2148487e+00 3.1613053e+00 3.0905320e+00 3.0142114e+00 2.9457546e+00 2.7865020e+00 2.5991909e+00 2.3927918e+00 2.1756588e+00 1.8755137e+00 1.5711807e+00 1.2953561e+00 9.7657119e-01 6.1586499e-01 8.8645417e-04 3.5009386e-02 2.3555467e-01
4.9259468e+00 4.9326361e+00 4.9395564e+00 5.1182760e+00 4.8481102e+00 4.3843901e+00 4.1190794e+00 4.1718742e+00 4.2551602e+00 3.2822303e+00 2.4253982e+00 3.0687599e+00 2.1994308e+00 3.6608453e+00 4.2976351e+00 4.1290542e+00 3.7507885e+00 3.7353964e+00 2.9050480e+00 2.7368634e+00 2.8079345e+00 2.3073780e+00 2.1092452e+00 2.9526146e+00 7.0519238e-01 3.5124984e-01 6.0653213e-01 6.7667275e-01 1.4998568e+00 2.7129568e+00 2.9172558e+00 3.0140486e+00 3.0630163e+00 3.1620860e+00 3.2447454e+00 3.0838348e+00 2.9329927e+00 2.7953677e+00 2.7030103e+00 2.6396284e+00 2.6303290e+00 2.5667362e+00 2.5543152e+00 2.5552990e+00 2.5616284e+00 2.5946832e+00 2.4505460e+00 2.1877884e+00 1.8090751e+00 1.0062605e+00
4.4523589e+00 4.4700379e+00 4.5942837e+00 4.8367263e+00 4.9492202e+00 4.2918100e+00 3.8095246e+00 4.1599739e+00 4.5607429e+00 5.0532483e+00 4.2831851e+00 4.5724058e+00 5.2103103e+00 5.1572143e+00 4.8671312e+00 4.3747990e+00 3.6739622e+00 3.2089182e+00 3.0260421e+00 2.8418139e+00 2.7418108e+00 8.7342041e-01 1.9473480e-01 3.0286095e-01 1.6203151e-01 5.2768642e-01 7.3926471e-01 1.4751870e+00 2.5432528e+00 2.6812339e+00 2.7765255e+00 2.7693348e+00 2.7606760e+00 2.7583515e+00 2.7742285e+00 2.8198393e+00 2.8768408e+00 2.8545145e+00 2.8679239e+00 2.8418439e+00 2.7951302e+00 2.7289292e+00 2.7159752e+00 2.7087503e+00 2.6949999e+00 2.6578220e+00 2.6603611e+00 2.7110420e+00 2.7405866e+00 2.7215134e+00
3.9260320e+00 4.0897928e+00 4.2716409e+00 4.5387922e+00 4.8868343e+00 5.1352124e+00 8.6917414e-04 1.4631990e+00 3.5079101e+00 5.5478435e+00 5.4968823e+00 5.2516131e+00 5.2880597e+00 5.3857700e+00 5.1110785e+00 4.7813002e+00 4.0139386e+00 3.4314719e+00 3.2501794e+00 3.0684876e+00 2.5092988e+00 1.9787434e+00 3.9672095e-01 1.5317033e-01 4.5826028e-01 6.2953475e-01 1.7022600e+00 4.4952038e+00 4.6917152e+00 4.0739814e+00 4.0216272e+00 3.6886802e+00 3.5394481e+00 3.5542771e+00 3.4115795e+00 3.3337834e+00 3.1216847e+00 3.0691641e+00 3.0172318e+00 2.9924262e+00 2.8857906e+00 2.8802454e+00 2.9194668e+00 3.0142287e+00 3.1430891e+00 3.1258633e+00 3.0187653e+00 2.9591287e+00 2.8745958e+00 2.7566812e+00
3.5636863e+00 3.8481895e+00 4.0714442e+00 4.3300953e+00 4.6857191e+00 5.1936120e+00 5.0193874e+00 4.0439214e+00 3.4237787e+00 4.8647503e+00 5.8206141e+00 5.9523155e+00 5.7372058e+00 5.4702574e+00 5.2152217e+00 4.9790718e+00 4.7050092e+00 4.3312155e+00 3.7942351e+00 3.1733850e+00 2.9009875e+00 6.0487124e-01 1.3033560e-01 2.6409699e-01 6.0766337e-01 1.5125055e+00 4.2937377e+00 6.6315260e+00 6.3945733e+00 6.0607617e+00 6.0657768e+00 5.9963940e+00 5.9259759e+00 5.9962001e+00 5.9451094e+00 5.8713149e+00 5.6627477e+00 5.7052145e+00 5.7085788e+00 5.3443497e+00 4.5338289e+00 4.1420693e+00 4.1256322e+00 4.2498194e+00 4.1319877e+00 4.1538621e+00 4.2407785e+00 4.3926896e+00 4.2138332e+00 3.8682505e+00
1.0077770e+00 1.4732824e+00 2.6995116e+00 4.0849907e+00 4.4377847e+00 4.9147219e+00 5.1470591e+00 4.9231523e+00 4.0546605e+00 3.4791025e+00 4.9109444e+00 5.6986498e+00 6.0006087e+00 5.6304314e+00 5.4230323e+00 5.3282582e+00 5.0081415e+00 4.6467139e+00 4.2859274e+00 3.4109226e+00 1.0789597e+00 2.1043191e-01 4.1727214e-01 6.4208994e-01 1.6241225e+00 4.9950731e+00 6.3358024e+00 6.5294317e+00 6.4825806e+00 6.4156066e+00 6.5500346e+00 6.5736516e+00 6.4422132e+00 6.4094491e+00 6.5319479e+00 6.5354220e+00 6.5794641e+00 6.5771616e+00 6.6509785e+00 6.5456954e+00 6.3428947e+00 6.1931337e+00 6.2316448e+00 6.2621903e+00 6.2505430e+00 6.2753319e+00 6.3285819e+00 6.3602393e+00 6.3197891e+00 6.1943763e+00
6.8374432e-01 1.7230996e-01 3.6931396e-01 1.9319505e+00 4.1370111e+00 4.8066999e+00 5.1218436e+00 5.1716338e+00 5.0158843e+00 3.9804568e+00 4.1145097e+00 5.0557112e+00 5.4706545e+00 5.4756263e+00 5.4464349e+00 5.3894188e+00 4.9019336e+00 4.2392383e+00 3.8959597e+00 2.0709990e+00 1.2412696e-01 4.3494138e-01 7.1932643e-01 1.2806939e+00 4.9050932e+00 6.8176347e+00 6.8793611e+00 6.9359161e+00 6.8430771e+00 6.7423432e+00 6.7646348e+00 6.7483606e+00 6.6003277e+00 6.5566415e+00 6.6512470e+00 6.7172407e+00 6.7543058e+00 6.7698172e+00 6.8810323e+00 6.8574040e+00 6.8107959e+00 6.7425669e+00 6.7041861e+00 6.6634662e+00 6.6557787e+00 6.6728128e+00 6.7051412e+00 6.7240800e+00 6.7354320e+00 6.6971988e+00
6.2168324e+00 5.3554702e+00 1.3436392e+00 5.9276565e-01 1.3778694e+00 4.4674895e+00 5.2656187e+00 5.2884387e+00 5.2704443e+00 4.8074570e+00 4.0156120e+00 4.1773045e+00 5.3662753e+00 5.5194156e+00 5.3450348e+00 5.2013704e+00 4.8144021e+00 4.1795069e+00 2.6855464e+00 1.1950761e-01 3.2927475e-01 5.0531440e-01 1.0688791e+00 4.5649114e+00 6.4026742e+00 6.6831303e+00 7.0959925e+00 7.3114140e+00 7.2062131e+00 7.1865061e+00 7.1397087e+00 6.9372234e+00 6.7404899e+00 6.7353233e+00 6.9207333e+00 7.0114928e+00 7.0203260e+00 7.0948923e+00 7.3033732e+00 7.1672950e+00 7.0237198e+00 6.8823802e+00 6.7788809e+00 6.6715800e+00 6.6349429e+00 6.6686590e+00 6.7290088e+00 6.7514093e+00 6.7627077e+00 6.7380231e+00
7.0978623e+00 7.0583087e+00 6.1695045e+00 1.7328882e+00 5.5004986e-01 2.3741948e+00 5.2357727e+00 5.2175787e+00 4.8822167e+00 4.3998988e+00 3.9839501e+00 4.4320793e+00 6.3323065e+00 5.9252205e+00 5.2777131e+00 5.0287865e+00 4.6432770e+00 2.8116025e+00 1.1651905e-01 4.2075806e-01 5.4854210e-01 1.0940552e+00 4.2866403e+00 6.5374620e+00 6.4833023e+00 6.5299350e+00 6.9719302e+00 7.1445842e+00 7.3411145e+00 7.5543400e+00 7.5179523e+00 7.2751969e+00 6.9865694e+00 6.9538261e+00 7.2101543e+00 7.3627865e+00 7.4550573e+00 7.4738866e+00 7.5697069e+00 7.4158836e+00 7.2093718e+00 7.0796792e+00 6.9144676e+00 6.7432526e+00 6.6590385e+00 6.7014854e+00 6.7941939e+00 6.8688307e+00 6.8914387e+00 6.8733637e+00
7.5057731e+00 7.3466252e+00 6.9380232e+00 5.8664618e+00 1.1013388e+00 2.9121368e-01 3.3025730e+00 5.0081954e+00 4.5143133e+00 4.3051065e+00 4.1022441e+00 5.1220100e+00 6.1942814e+00 5.9206599e+00 5.3264501e+00 5.0346236e+00 3.9184504e+00 6.9704226e-02 4.7296235e-01 6.1156493e-01 1.0456930e+00 3.9284415e+00 6.2441485e+00 6.5956887e+00 6.5650056e+00 6.6141934e+00 6.8151599e+00 7.0578221e+00 7.6607525e+00 7.7359237e+00 7.6389102e+00 7.4602588e+00 7.2596034e+00 7.1982973e+00 7.3313651e+00 7.5347173e+00 7.7597945e+00 7.6659635e+00 7.5708821e+00 7.5055333e+00 7.3793761e+00 7.2670266e+00 7.0330924e+00 6.9105579e+00 6.7470173e+00 6.7279034e+00 6.8825871e+00 6.9791386e+00 7.0075173e+00 6.9753638e+00
7.6400005e+00 7.5660668e+00 7.3374300e+00 6.9506820e+00 5.7130043e+00 4.7825400e-01 1.2577978e-01 1.9087672e+00 4.8665330e+00 4.1868968e+00 3.8107577e+00 4.3385842e+00 5.5606699e+00 5.5744403e+00 4.8523439e+00 4.4213488e+00 2.1835930e-01 1.4789416e-01 5.7491900e-01 9.3378919e-01 3.1798856e+00 6.0023046e+00 6.5685552e+00 6.5505242e+00 6.5008013e+00 6.5571109e+00 6.9561344e+00 7.3535164e+00 7.5304791e+00 7.6988370e+00 7.7760225e+00 7.5462844e+00 7.5907868e+00 7.5122327e+00 7.5012186e+00 7.5838279e+00 7.7127925e+00 7.7166733e+00 7.6830575e+00 7.8603912e+00 7.6909832e+00 7.5009447e+00 7.3074238e+00 7.1106866e+00 6.9610915e+00 6.9949175e+00 7.1165940e+00 7.1596371e+00 7.2241627e+00 7.1775931e+00
7.7306975e+00 7.7274517e+00 7.6251359e+00 7.3603114e+00 6.7764260e+00 4.5515918e+00 9.8468958e-04 9.9597367e-04 1.3217597e+00 2.4975929e+00 3.5643523e+00 3.6225465e+00 3.7426172e+00 4.4306029e+00 3.0762208e+00 2.6823385e-01 4.7442281e-01 6.6050805e-01 8.4103379e-01 2.9565502e+00 5.5031765e+00 6.0610236e+00 6.4392093e+00 6.7606567e+00 6.8222382e+00 6.9781504e+00 7.3729219e+00 7.5700734e+00 7.4915393e+00 7.8469723e+00 7.9297487e+00 7.6571514e+00 7.5917756e+00 7.7381856e+00 7.9237975e+00 8.0560725e+00 7.9695327e+00 7.8072035e+00 7.9870153e+00 8.5760353e+00 8.1864163e+00 7.9061721e+00 7.5148564e+00 7.4253164e+00 7.4565205e+00 7.5436510e+00 7.5564721e+00 7.4997356e+00 7.4756469e+00 7.4392459e+00
7.9195212e+00 7.8904482e+00 7.8149526e+00 7.6518426e+00 7.3023871e+00 6.7696525e+00 4.1989477e+00 9.7698154e-04 7.9245401e-04 9.6996855e-04 8.7055679e-04 1.2308425e+00 3.3838011e+00 3.2405215e+00 9.1046161e-01 7.5834068e-01 7.8710596e-01 9.1658621e-01 2.9352364e+00 5.4671795e+00 5.8553911e+00 6.0971507e+00 6.6245985e+00 6.9828956e+00 7.2549583e+00 7.3560685e+00 7.6193837e+00 7.6766152e+00 7.8569268e+00 8.2158135e+00 8.4194704e+00 8.0295740e+00 7.6674560e+00 8.2016044e+00 8.4590283e+00 8.5881632e+00 8.3866255e+00 8.2444334e+00 8.3470210e+00 8.4811223e+00 8.3420353e+00 8.1537231e+00 7.9324932e+00 7.8836809e+00 7.9872421e+00 8.0769433e+00 7.9600643e+00 7.8095541e+00 7.7194017e+00 7.6569755e+00
8.0491548e+00 8.0316416e+00 7.9543179e+00 7.8332368e+00 7.6626662e+00 7.3663476e+00 6.4575344e+00 2.9065280e+00 9.3553123e-04 9.9639050e-04 9.9881220e-04 9.6901024e-04 1.5489502e+00 1.4827887e-01 7.8099562e-01 5.8697975e-01 9.2131476e-01 2.4094687e+00 5.4052965e+00 6.1515132e+00 6.3734159e+00 6.7473806e+00 7.2061492e+00 7.4399512e+00 7.4661436e+00 7.5704918e+00 7.7287968e+00 7.7431879e+00 7.9222990e+00 8.5364348e+00 8.4758618e+00 8.2024578e+00 8.1604650e+00 8.5132236e+00 8.6400844e+00 8.5189103e+00 8.4669031e+00 8.6017042e+00 8.8034871e+00 8.7103173e+00 8.5691492e+00 8.4832920e+00 8.4263445e+00 8.3561845e+00 8.3818532e+00 8.3744673e+00 8.2390303e+00 8.0926603e+00 7.9283192e+00 7.8265828e+00
8.2662215e+00 8.1391647e+00 8.0996990e+00 7.9683712e+00 7.8033177e+00 7.3629585e+00 6.5772948e+00 3.8741916e+00 1.6186433e+00 9.9053483e-04 9.9418393e-04 6.1240041e-04 8.6790010e-02 2.9815909e-01 4.8487714e-01 9.5814648e-01 2.6077891e+00 5.1749735e+00 5.7353710e+00 6.3456058e+00 6.9959654e+00 7.3456050e+00 7.5880092e+00 7.5342411e+00 7.4823429e+00 7.7995228e+00 8.0247027e+00 7.9006864e+00 7.7119818e+00 8.3226672e+00 8.4674393e+00 8.4305735e+00 8.6194952e+00 8.6347105e+00 8.1985443e+00 7.7530674e+00 8.0869455e+00 8.4944367e+00 8.8227376e+00 8.8209046e+00 8.7829129e+00 8.7632234e+00 8.8395930e+00 8.7875026e+00 8.7430864e+00 8.6830121e+00 8.5810769e+00 8.4031817e+00 8.2951833e+00 8.1046160e+00
8.4074277e+00 8.3725719e+00 8.2083887e+00 8.1152809e+00 7.9367274e+00 7.7749728e+00 6.8961653e+00 4.7036143e+00 3.1788052e+00 8.3509513e-04 9.9689487e-04 1.1729812e-03 3.7451993e-02 3.8954552e-01 8.0821945e-01 2.7217510e+00 5.3968030e+00 5.7507700e+00 5.6640686e+00 6.1888804e+00 6.9757882e+00 7.5238836e+00 7.8045447e+00 7.8149931e+00 7.7307282e+00 7.9485270e+00 8.4442546e+00 8.2527996e+00 8.2132049e+00 8.6073337e+00 8.7434686e+00 8.7761251e+00 8.8207956e+00 8.6407329e+00 7.8103711e+00 6.9626855e+00 7.5435864e+00 8.2274187e+00 8.7457179e+00 8.9614933e+00 8.9841786e+00 8.8891902e+00 9.0398074e+00 9.0900946e+00 9.0834070e+00 9.0441363e+00 8.9834476e+00 8.8628404e+00 8.6939862e+00 8.4814320e+00
8.5142405e+00 8.5162687e+00 8.4550987e+00 8.1902984e+00 8.0337638e+00 7.9494493e+00 5.5444075e+00 3.1538607e+00 3.2368958e-01 9.9848556e-04 1.4187122e-03 1.6916053e-03 5.4851714e-04 1.8056542e-01 1.5459270e+00 4.4915653e+00 5.5774698e+00 5.2728252e+00 4.2372205e+00 2.3822768e+00 2.5086488e+00 6.5244415e+00 7.7761447e+00 8.0868067e+00 8.0837895e+00 7.8667627e+00 8.1525306e+00 8.2690510e+00 8.5444261e+00 8.9006340e+00 8.8168435e+00 8.6605633e+00 8.7291305e+00 8.7484314e+00 8.0996623e+00 7.4255643e+00 7.6801330e+00 8.1937451e+00 8.7565382e+00 9.0791269e+00 9.3268865e+00 9.2110725e+00 9.3109326e+00 9.3856897e+00 9.3973466e+00 9.4193575e+00 9.4961519e+00 9.2511880e+00 9.0115044e+00 8.8708556e+00
8.5906848e+00 8.6167450e+00 8.6350398e+00 8.5543396e+00 8.3425056e+00 7.5952684e+00 2.3930698e-01 0.0000000e+00 8.5107101e-04 9.7229550e-04 1.3164246e-03 0.0000000e+00 0.0000000e+00 2.0880291e-02 7.8664281e-01 2.0044718e+00 2.5771878e+00 1.7554799e+00 1.6023125e+00 2.1140119e+00 3.3525248e+00 6.5487060e+00 7.7864977e+00 8.3320596e+00 8.2223045e+00 8.0185086e+00 7.9954299e+00 8.0421936e+00 8.4970467e+00 8.7206238e+00 8.4108810e+00 7.7436319e+00 8.1203020e+00 8.4623479e+00 8.2586693e+00 8.0321459e+00 8.0939365e+00 8.3485654e+00 8.7580586e+00 9.0903741e+00 9.3565530e+00 9.4285477e+00 9.5255912e+00 9.6578013e+00 9.6866761e+00 9.7061070e+00 9.7281765e+00 9.5240562e+00 9.3558828e+00 9.2351228e+00
8.7143183e+00 8.6883086e+00 8.7473157e+00 8.7249217e+00 8.5812095e+00 7.9269567e+00 2.2862271e+00 9.7579709e-04 9.9647466e-04 9.8100050e-04 9.9921001e-04 0.0000000e+00 0.0000000e+00 1.3542836e+00 2.5734665e+00 4.8402142e+00 5.7995285e+00 5.2533948e+00 4.8728207e+00 6.0749228e+00 7.1956679e+00 7.6843167e+00 8.0334325e+00 8.2370777e+00 8.0860413e+00 8.0696031e+00 7.9508231e+00 7.8951185e+00 8.2028400e+00 8.4158874e+00 7.9723264e+00 6.7512545e+00 7.4257466e+00 8.2311277e+00 8.4461304e+00 8.4737724e+00 8.4598810e+00 8.5161784e+00 8.8107826e+00 9.1139425e+00 9.3378410e+00 9.4924050e+00 9.6429342e+00 9.8418691e+00 9.8735903e+00 9.8578933e+00 9.8378612e+00 9.7086145e+00 9.5864411e+00 9.5532818e+00
