presentation/data/depth_0055.asc
ncols     164
nrows     146
xllcorner -1.242151388888889e+02
yllcorner  4.172986111111111e+01
cellsize  2.777777777820000e-04
nodata_value       -9999
[rows 66 to 87 of 146, columns 50 to 99 of 164]
0.0000000e+00 0.0000000e+00 0.0000000e+00 0.0000000e+00 0.0000000e+00 0.0000000e+00 0.0000000e+00 0.0000000e+00 0.0000000e+00 0.0000000e+00 0.0000000e+00 0.0000000e+00 0.0000000e+00 0.0000000e+00 9.9948125e-04 9.9940451e-04 9.9863140e-04 9.9845350e-04 9.9502501e-04 9.9361731e-04 4.1065053e-03 4.0784864e-03 1.6393213e-02 4.3198257e-01 6.0150894e-01 6.0886598e-01 5.7758843e-01 5.3824959e-01 5.1061134e-01 9.5798203e-01 2.1513587e+00 3.2571244e+00 2.1411521e+00 7.9329603e-01 5.6712466e-01 6.3494537e-01 5.6424092e-01 3.6331290e-01 6.9411383e-02 2.8209432e-02 6.4401970e-02 7.7400131e-02 8.0849775e-02 1.0204100e-01 1.2049108e-01 1.5038229e-01 1.7996370e-01 2.1496386e-01 2.3664392e-01 2.5665998e-01
0.0000000e+00 0.0000000e+00 0.0000000e+00 0.0000000e+00 0.0000000e+00 9.9484659e-04 9.9891148e-04 9.9638514e-04 9.9628300e-04 9.9787176e-04 9.8869479e-04 9.7309226e-04 9.8423272e-04 9.5117314e-04 9.9952402e-04 9.9841366e-04 9.9810365e-04 9.9820409e-04 9.9683041e-04 9.9934980e-04 2.4331925e-03 9.9085273e-04 1.7618729e-01 4.7895248e-01 6.0983826e-01 5.9533723e-01 5.5423640e-01 5.8482253e-01 2.7859131e+00 3.6830324e+00 3.0125022e+00 1.1353859e+00 5.3977198e-01 5.5559182e-01 5.4905515e-01 4.7959459e-01 3.9134805e-01 3.0958409e-01 1.7505074e-01 4.8600215e-02 4.7530762e-02 5.6847274e-02 8.3511170e-02 1.1447388e-01 1.2951958e-01 1.5393197e-01 1.4925011e-01 1.2972272e-01 1.1751669e-01 8.9950676e-02
0.0000000e+00 0.0000000e+00 0.0000000e+00 0.0000000e+00 0.0000000e+00 9.9923071e-04 9.9725030e-04 9.8828118e-04 9.9571805e-04 9.5227580e-04 9.1130734e-04 9.6659462e-04 9.9878949e-04 9.6380456e-04 9.7920654e-04 9.9832068e-04 9.9822355e-04 9.9616623e-04 9.9854204e-04 9.9998358e-04 1.0007022e-03 8.5386373e-02 3.6887793e-01 5.2072622e-01 6.1097394e-01 5.7243402e-01 4.6791252e-01 1.4847487e+00 3.8009824e+00 2.4508646e+00 8.9693040e-01 4.8467249e-01 4.8476979e-01 4.9714257e-01 5.0148207e-01 4.6158046e-01 3.3766238e-01 2.7681057e-01 2.3853522e-01 2.4913473e-01 2.3346683e-01 1.7440885e-01 1.3129138e-01 1.1033039e-01 1.1197285e-01 1.0607435e-01 1.0316431e-01 1.0282869e-01 8.5783650e-02 9.3479050e-02
0.0000000e+00 0.0000000e+00 0.0000000e+00 0.0000000e+00 0.0000000e+00 9.9642118e-04 9.8376194e-04 6.9599261e-02 9.5471159e-04 9.2381733e-04 2.8785438e-01 5.4826936e-01 4.8950017e-01 2.8925520e-01 1.8098756e-01 9.6619811e-04 9.9589395e-04 9.9935782e-04 9.6205521e-04 9.8253861e-04 1.8692971e-02 3.2390714e-01 4.5298004e-01 5.5847735e-01 6.0731017e-01 5.4698944e-01 3.6672524e-01 2.3367325e+00 3.9837325e+00 2.0425067e+00 7.0381372e-01 3.5743793e-01 4.0068157e-01 4.3250921e-01 4.4341199e-01 3.9463978e-01 3.3349702e-01 2.8586201e-01 2.7486641e-01 2.8447922e-01 3.2154461e-01 3.0910039e-01 2.9378369e-01 2.8836149e-01 2.4815052e-01 1.7673524e-01 1.5704502e-01 1.4677504e-01 1.0039476e-01 1.0037770e-01
0.0000000e+00 0.0000000e+00 0.0000000e+00 0.0000000e+00 0.0000000e+00 9.6576913e-04 9.7869871e-04 2.0771415e-01 2.6325895e-01 4.9556922e-01 4.0427954e-01 4.4276364e-01 6.1953277e-01 4.4021556e-01 5.0002430e-01 5.9557687e-01 2.4400738e-01 9.7584774e-04 9.8964115e-04 9.1414536e-02 1.3371589e-01 2.0480430e-01 3.3022840e-01 4.3902723e-01 5.3199311e-01 5.2217809e-01 3.2109684e-01 1.4398508e+00 4.3026851e+00 3.6925603e+00 2.2117302e+00 3.6935789e-01 3.4306011e-01 3.5357561e-01 3.3497404e-01 3.0062918e-01 3.1478623e-01 3.4275839e-01 3.3905072e-01 3.3556838e-01 3.2819364e-01 3.3334761e-01 3.2281586e-01 3.0519112e-01 2.8611642e-01 2.7009893e-01 2.9213049e-01 3.0849910e-01 2.9754855e-01 2.5609000e-01
0.0000000e+00 0.0000000e+00 0.0000000e+00 9.8977218e-04 9.5334459e-04 9.6997207e-04 9.4283292e-04 3.1791534e-01 4.2891172e-01 6.8684156e-01 3.9381556e-01 7.1548926e-04 2.7587699e-01 5.1903225e-01 6.0415356e-01 7.3924253e-01 5.4874978e-01 3.8795801e-02 7.0674130e-02 3.3151622e-01 1.8441564e-01 1.3035703e-01 1.5511786e-01 2.1716186e-01 1.8116509e-01 1.5136511e-01 1.3255372e-01 2.9426122e-01 2.9134016e+00 4.3490164e+00 3.0537962e+00 4.0736113e-01 3.3339960e-01 4.2487965e-01 3.6448752e-01 2.8506219e-01 2.9592858e-01 3.2607314e-01 3.2985671e-01 3.2714790e-01 3.2383769e-01 3.2191866e-01 3.1800463e-01 3.1007786e-01 3.0660834e-01 2.9350354e-01 3.0626059e-01 3.2336540e-01 3.1561622e-01 3.1257707e-01
9.9882359e-04 0.0000000e+00 9.7457103e-04 9.4479654e-04 9.9007745e-04 2.8885271e-02 9.8311003e-04 8.0001720e-04 8.9084998e-04 3.6061148e-01 5.8065605e-01 5.6323910e-01 6.4361937e-01 5.0915578e-01 5.9418233e-01 3.0210367e-01 3.6933406e-01 2.6065839e-01 2.2146571e-01 2.0300761e-01 3.1682199e-01 2.0974215e-01 2.2220724e-01 2.2063851e-01 1.3165014e-01 1.0025420e-01 9.9963015e-04 5.1061086e-02 1.1180694e+00 3.2484811e+00 2.0887129e+00 1.0999238e-01 4.5409140e-01 5.4736012e-01 5.5725593e-01 2.7340849e-01 2.1255967e-01 2.3797129e-01 2.4533215e-01 2.4566820e-01 2.4253396e-01 2.4050443e-01 2.3819073e-01 2.3530724e-01 2.3411306e-01 2.3552201e-01 2.5843764e-01 2.7254394e-01 2.8221426e-01 2.8928474e-01
9.9712624e-04 9.8390457e-04 9.7177320e-04 1.5143980e-01 9.9569189e-04 2.7614862e-02 9.8044442e-04 8.6468801e-04 6.7770495e-04 8.8740585e-04 6.8576244e-01 7.2323732e-01 7.0352575e-01 4.9794033e-01 3.1119001e-01 2.9881831e-01 2.3530208e-01 1.7184848e-01 1.2998571e-01 4.9293155e-02 2.0836427e-01 2.8346584e-01 2.0212148e-01 1.5938984e-01 2.5415999e-01 2.4517555e-01 8.8201994e-04 9.5458121e-04 8.8268965e-01 2.4674766e+00 1.0365126e+00 5.9719661e-02 1.3533093e-01 9.0504390e-02 2.8782693e-01 2.8635855e-01 1.9262549e-01 1.0921735e-01 6.6622914e-02 6.4381532e-02 9.0122989e-02 8.4933635e-02 8.1656135e-02 7.9139219e-02 1.0896799e-01 1.3116698e-01 1.3649517e-01 1.7032955e-01 1.9019296e-01 2.1182604e-01
9.9887253e-04 9.9760218e-04 8.4704384e-04 8.9862670e-04 6.8042945e-03 7.3148178e-02 1.9755682e-02 1.1392774e-01 3.1976432e-02 3.2917843e-01 4.9095979e-01 4.1840908e-01 3.8390585e-01 3.5946079e-01 2.5956435e-01 7.4001789e-02 9.3823915e-04 9.4373653e-04 3.1364971e-02 6.3559388e-02 1.7323049e-01 1.5957292e-01 9.0148224e-02 4.7553104e-02 5.3385249e-02 9.8816953e-04 4.8804758e-04 8.3132671e-04 5.8328117e-01 1.9533627e+00 8.5667641e-01 1.0282900e-01 5.3188930e-01 7.5667780e-01 3.4211273e-01 3.8094760e-01 3.5908097e-01 1.2488323e+00 1.8808981e+00 1.8204062e+00 1.7550065e+00 1.7734784e+00 1.7636010e+00 1.7202849e+00 1.6989140e+00 1.0783850e+00 7.2090349e-01 2.2064190e-01 8.1471150e-02 4.1855885e-02
9.9832073e-04 9.7541125e-04 1.4301506e-01 2.5076169e-01 3.0771730e-01 3.5217764e-01 4.8287698e-01 6.6945571e-01 6.2622028e-01 4.2157204e-01 3.3653961e-01 3.5182024e-01 3.8549150e-01 2.7662489e-01 2.3408374e-01 2.3681066e-01 8.9654867e-02 9.5077398e-04 6.4727757e-02 1.7574278e-01 4.2565578e-01 1.8392380e-01 3.8706027e-02 1.2459113e-02 8.5372806e-04 8.8018831e-04 9.7897409e-04 8.6949383e-01 1.7649354e+00 2.3689181e+00 2.6444411e+00 2.2956815e+00 2.4767528e+00 2.4020543e+00 2.2949922e+00 2.3392060e+00 2.3622714e+00 2.4938440e+00 2.6740477e+00 2.7925006e+00 2.8109803e+00 2.7625905e+00 2.5549876e+00 2.4179695e+00 2.5823353e+00 2.6843141e+00 2.6958041e+00 2.6301713e+00 2.4167185e+00 2.0963276e+00
9.4162366e-04 8.2382207e-04 2.1103957e-01 7.0640005e-01 7.8148578e-01 8.6777593e-01 7.7022046e-01 5.5512925e-01 4.4457236e-01 2.6025305e-01 1.6513164e-01 2.3265445e-01 1.4627893e-01 2.3979986e-01 2.4452154e-01 2.7380745e-01 3.1305172e-01 1.5306790e-01 2.2740904e-01 2.7029729e-01 4.2791690e-01 5.2174251e-02 8.4885783e-04 2.8620205e-04 9.8580950e-04 6.8822898e-01 1.7589276e+00 2.2603333e+00 2.4901281e+00 2.5548428e+00 2.7385936e+00 2.7000407e+00 2.5569353e+00 2.4222745e+00 2.4162644e+00 2.5030687e+00 2.6063750e+00 2.5928489e+00 2.6955273e+00 2.8032310e+00 2.8139464e+00 2.6882179e+00 2.3246578e+00 1.9718956e+00 2.4846298e+00 2.7526127e+00 2.8871610e+00 2.9137584e+00 2.9075381e+00 2.8753527e+00
9.9444284e-04 9.5253100e-04 4.8265605e-01 6.0810312e-01 5.9582619e-01 8.6694251e-01 5.3624070e-01 3.8971495e-01 2.6165509e-01 2.5765594e-01 2.0841312e-01 1.9855044e-01 2.1115601e-01 2.5837335e-01 3.7404495e-01 3.7767930e-01 4.8037368e-01 4.2332779e-01 4.1866708e-01 1.3347295e-01 9.7489850e-04 9.0998810e-04 7.4018084e-04 8.5387671e-04 1.6777790e+00 2.4002070e+00 2.0011358e+00 2.0147738e+00 2.3458045e+00 2.6753377e+00 2.8881644e+00 2.9240935e+00 2.9244270e+00 2.8671904e+00 2.8712646e+00 2.9144335e+00 2.9086712e+00 2.7545946e+00 2.8708488e+00 3.0469222e+00 3.0735064e+00 2.9995981e+00 2.8748513e+00 2.7940536e+00 2.8218073e+00 3.0118213e+00 3.1709916e+00 3.1571753e+00 3.1008729e+00 3.0690433e+00
3.5057965e-01 4.2492280e-01 4.4204708e-01 4.8996608e-01 7.8657823e-01 8.1034671e-01 4.7531750e-01 2.8903006e-01 1.5323236e-01 2.0790619e-01 1.4808418e-01 2.0013430e-01 2.1171154e-01 3.4523957e-01 4.3797254e-01 4.6429603e-01 4.1841804e-01 1.4401952e-01 8.5177627e-04 8.5562556e-04 9.8148558e-04 1.0659727e-01 1.4087780e+00 2.2480656e+00 2.5846525e+00 2.3606033e+00 1.9941525e+00 2.2928910e+00 2.7059339e+00 2.8529278e+00 3.1281896e+00 3.1634073e+00 3.1656355e+00 3.2094168e+00 3.2606114e+00 3.2416377e+00 3.0976495e+00 3.0805933e+00 3.2332032e+00 3.3096912e+00 3.3534836e+00 3.3655732e+00 3.3494971e+00 3.3899063e+00 3.4097745e+00 3.3069633e+00 3.4837893e+00 3.5588016e+00 3.4266824e+00 3.3083306e+00
4.9298005e-01 3.5884181e-02 1.7310357e-02 1.4239090e-01 3.0506222e-01 3.5832200e-01 2.0012973e-01 1.4092452e-01 4.2455654e-02 9.6309847e-04 7.1913923e-02 1.2931356e-01 2.4140931e-01 3.4288926e-01 3.3748448e-01 1.2200217e-01 8.7772414e-04 5.0566025e-04 8.5085610e-04 8.4389375e-04 1.5940665e+00 2.9216655e+00 2.6453356e+00 2.5278099e+00 2.8903530e+00 2.7557066e+00 2.7042028e+00 3.0473483e+00 3.5584312e+00 3.5599099e+00 3.7010437e+00 3.5057171e+00 3.4047823e+00 3.3722643e+00 3.4983078e+00 3.7345871e+00 3.5798245e+00 3.3738184e+00 3.4959625e+00 3.6784608e+00 3.8695890e+00 3.8475151e+00 3.8707578e+00 3.7760576e+00 3.8113746e+00 3.8262271e+00 3.7508701e+00 3.8538504e+00 4.0690916e+00 3.9420669e+00
1.5158429e-01 9.8623754e-04 9.9953910e-04 9.9734105e-04 9.8014020e-04 1.5787150e-01 4.3724349e-01 9.8774554e-04 5.3467904e-03 9.9553381e-04 1.0310623e-02 1.0369495e-02 9.4194792e-02 1.7976752e-02 9.8667730e-04 9.1587526e-04 8.5569285e-04 1.0253440e-01 2.0925275e+00 2.7778497e+00 3.2602051e+00 3.2591549e+00 3.3202902e+00 3.5660973e+00 3.6735656e+00 3.7944637e+00 3.8955845e+00 4.2753343e+00 4.3225494e+00 4.0847109e+00 4.0481843e+00 3.9572037e+00 3.8179816e+00 3.6754854e+00 3.8284386e+00 4.0507037e+00 4.1620778e+00 4.1705752e+00 4.1071543e+00 4.1557327e+00 4.1757638e+00 4.2170725e+00 4.4111726e+00 4.5207465e+00 4.5042460e+00 4.4254829e+00 4.4983155e+00 4.3986513e+00 4.4292445e+00 4.3762507e+00
9.9889407e-04 9.9828142e-04 9.9836389e-04 9.9850028e-04 9.8240436e-04 3.9499494e-01 6.2254381e-01 5.0855009e-01 8.4012819e-04 1.1640457e-01 2.6892981e-01 9.8107185e-04 9.7952151e-04 6.5710669e-04 7.9933376e-04 8.5866002e-04 1.7420776e+00 2.8424325e+00 3.0470024e+00 3.2181815e+00 3.4884992e+00 3.6391856e+00 3.8914742e+00 4.1100488e+00 4.1214077e+00 4.2248884e+00 4.4877249e+00 4.8951931e+00 4.8867867e+00 4.5274377e+00 4.3801825e+00 4.4565456e+00 4.3384108e+00 4.0524610e+00 4.1417067e+00 4.2776113e+00 4.3902645e+00 4.5992538e+00 4.6852203e+00 4.6131945e+00 4.5626650e+00 4.4977003e+00 4.5299295e+00 4.9148686e+00 5.0945291e+00 4.8968334e+00 4.8610181e+00 4.8411941e+00 4.8899772e+00 4.9083491e+00
9.9947828e-04 9.9802579e-04 9.9891293e-04 9.9964095e-04 9.9535580e-04 8.8296444e-04 8.5431623e-01 9.7437259e-01 5.2315969e-01 9.6818025e-04 9.7108843e-04 9.0299694e-04 8.1892872e-04 8.2298280e-04 1.3607961e+00 2.5721381e+00 2.8731465e+00 3.1309481e+00 3.2946057e+00 3.5522962e+00 3.8234831e+00 3.9718652e+00 4.1461048e+00 4.1743768e+00 4.3913891e+00 4.7034341e+00 4.7740469e+00 4.6402230e+00 4.8447196e+00 4.5927500e+00 4.5522148e+00 4.6346904e+00 4.7345495e+00 4.7749614e+00 4.7202481e+00 4.5207212e+00 4.4098882e+00 4.5330621e+00 4.7455212e+00 4.9194586e+00 4.9932888e+00 4.8796664e+00 4.7744216e+00 4.8841859e+00 5.1582715e+00 5.2358159e+00 5.2069942e+00 5.2072792e+00 5.2493316e+00 5.2219542e+00
9.3338871e-04 9.9998978e-04 9.9929536e-04 9.9527427e-04 5.6787965e-04 9.7824524e-04 9.4689558e-04 8.8646201e-02 9.9423690e-04 9.9486047e-04 9.6042894e-04 8.4550859e-04 8.5309367e-01 2.2243407e+00 2.6034949e+00 2.9282740e+00 3.2359571e+00 3.5825116e+00 3.6373490e+00 3.8092243e+00 4.1039079e+00 4.1708826e+00 4.2194367e+00 4.2983238e+00 4.4847352e+00 5.0233449e+00 5.0575773e+00 4.7847830e+00 5.0199477e+00 4.5524907e+00 4.5344391e+00 4.6604550e+00 4.8481242e+00 5.0906501e+00 5.1528398e+00 4.8116331e+00 4.6242704e+00 4.6291066e+00 4.6698729e+00 5.0658849e+00 5.3399717e+00 5.2540869e+00 5.1394370e+00 5.1210364e+00 5.2833413e+00 5.4695312e+00 5.4919081e+00 5.5375755e+00 5.5420080e+00 5.3925934e+00
9.8830027e-04 9.9750739e-04 9.9847169e-04 9.9317022e-04 0.0000000e+00 6.6544776e-04 9.4773823e-04 9.9699514e-04 9.9865515e-04 9.4622889e-04 9.0919047e-04 7.5416431e-04 9.0547415e-01 2.8088862e+00 3.1345517e+00 3.2570149e+00 3.6313111e+00 3.8166560e+00 3.8313293e+00 3.8842383e+00 4.0959508e+00 4.1729407e+00 4.3139762e+00 4.4612160e+00 4.6002450e+00 4.8326155e+00 4.5691605e+00 4.4195589e+00 5.3535647e+00 5.0965350e+00 4.8690829e+00 5.0339644e+00 4.7144795e+00 5.0660620e+00 5.1614784e+00 5.0643490e+00 5.2304271e+00 5.5706973e+00 5.0170109e+00 5.1581844e+00 5.2734881e+00 5.3791172e+00 5.4496004e+00 5.4779746e+00 5.5001971e+00 5.5096601e+00 5.5211859e+00 5.6613483e+00 5.8170229e+00 5.6860666e+00
0.0000000e+00 9.8414445e-04 9.9768643e-04 1.9938660e-03 8.7566960e-04 9.4370051e-04 9.5088269e-04 9.2596853e-04 9.5244941e-04 8.8447829e-04 9.9464618e-04 7.5097379e-01 2.2332443e+00 2.5097201e+00 3.3049755e+00 3.6283238e+00 3.9279657e+00 3.8921985e+00 3.9850507e+00 4.0879723e+00 4.1344052e+00 4.2093627e+00 4.4788535e+00 4.6605859e+00 4.7423666e+00 4.7516756e+00 4.4501518e+00 4.1075611e+00 4.3348195e+00 5.1495911e+00 5.1406061e+00 5.0908835e+00 4.8927440e+00 5.0013703e+00 5.1396020e+00 5.2881373e+00 5.5547993e+00 5.8535243e+00 5.7535390e+00 5.6590924e+00 5.5754324e+00 5.5467080e+00 5.5769066e+00 5.7693578e+00 5.8301403e+00 5.7576037e+00 5.6036152e+00 5.6879020e+00 5.8512551e+00 5.8503929e+00
0.0000000e+00 0.0000000e+00 9.9923744e-04 4.1297805e-03 4.9778204e-03 1.2793338e-03 8.3581196e-01 4.9387654e-01 1.6850515e-01 1.0409158e+00 1.9183957e+00 2.5931951e+00 2.8942850e+00 2.7496060e+00 3.0930616e+00 3.6450966e+00 4.0403170e+00 4.1601743e+00 4.1453796e+00 4.1924662e+00 4.2725297e+00 4.4875982e+00 4.7826204e+00 4.9025553e+00 4.9794180e+00 4.8430675e+00 4.6905644e+00 4.3737367e+00 4.4568976e+00 5.0992186e+00 5.2811684e+00 5.4132546e+00 5.3827523e+00 5.1419822e+00 5.2161216e+00 5.4195102e+00 5.6113604e+00 5.7805832e+00 5.8842608e+00 5.8014655e+00 5.8847913e+00 5.9600619e+00 5.6443409e+00 5.7380991e+00 6.0629668e+00 5.8606633e+00 5.7755696e+00 5.6469149e+00 5.7827418e+00 5.8575120e+00
8.5498958e-04 9.1721595e-04 9.2332278e-04 9.4214684e-04 9.3630583e-04 9.9000636e-04 2.3877922e+00 2.4418228e+00 2.2786847e+00 2.2515073e+00 2.4473641e+00 2.7131811e+00 3.0029846e+00 3.0790183e+00 3.3400978e+00 3.7145372e+00 3.9071773e+00 4.4428217e+00 4.4608490e+00 4.5161177e+00 4.6746657e+00 4.8762205e+00 5.0846508e+00 4.8939554e+00 5.0579058e+00 5.1223577e+00 5.1878946e+00 5.0061690e+00 4.8880353e+00 5.3902378e+00 5.3519782e+00 5.1817733e+00 5.2324757e+00 5.2527604e+00 5.4756753e+00 5.3195045e+00 5.3933566e+00 5.5226565e+00 5.5655458e+00 5.1842446e+00 5.3470033e+00 5.3937435e+00 5.0941352e+00 5.2686198e+00 5.7392186e+00 5.1424125e+00 4.7772744e+00 4.5412771e+00 5.1616709e+00 5.7524341e+00
