presentation/data/depth_0049.asc
ncols     164
nrows     146
xllcorner -1.242151388888889e+02
yllcorner  4.172986111111111e+01
cellsize  2.777777777820000e-04
nodata_value       -9999
[rows 110 to 131 of 146, columns 0 to 49 of 164]
2.1650542e+01 2.1710288e+01 2.1041218e+01 2.1316353e+01 2.1036560e+01 2.0925468e+01 2.0815106e+01 2.0317049e+01 2.0062609e+01 1.9743499e+01 1.9627855e+01 1.9714578e+01 1.9581546e+01 1.8513513e+01 1.9438971e+01 1.9615401e+01 1.8942189e+01 1.8266508e+01 1.8449952e+01 1.8431184e+01 1.8342533e+01 1.7057426e+01 1.6471138e+01 1.6860430e+01 1.6937411e+01 1.6688183e+01 1.6622118e+01 1.6015665e+01 1.6272365e+01 1.5848013e+01 1.5363933e+01 1.4761467e+01 1.4649585e+01 1.4278805e+01 1.3645508e+01 1.3245311e+01 1.2990097e+01 1.2187246e+01 1.1831454e+01 1.0867907e+01 7.2212400e+00 7.3155937e+00 1.1514710e+01 1.1767809e+01 1.1820509e+01 1.2135759e+01 1.2451672e+01 1.2191916e+01 1.1988983e+01 1.1564149e+01
2.1626250e+01 2.1580754e+01 2.1484131e+01 2.1481409e+01 2.1208034e+01 2.0520516e+01 2.0331427e+01 2.0514370e+01 2.0358318e+01 2.0108239e+01 2.0013272e+01 1.9958064e+01 1.9795044e+01 1.9223893e+01 2.0195125e+01 2.0300165e+01 1.9672781e+01 1.9731658e+01 1.9362047e+01 1.9113183e+01 1.8588056e+01 1.7287640e+01 1.7655195e+01 1.7996632e+01 1.7842827e+01 1.7429845e+01 1.7177869e+01 1.6823107e+01 1.6592105e+01 1.6603640e+01 1.6548370e+01 1.5463106e+01 1.5312896e+01 1.4813210e+01 1.4366243e+01 1.3736593e+01 1.3291912e+01 1.3087913e+01 1.2341970e+01 1.2538894e+01 1.2364740e+01 1.1628058e+01 1.1805124e+01 1.1910098e+01 1.2118414e+01 1.2954444e+01 1.3361861e+01 1.2919956e+01 1.2614324e+01 1.2104338e+01
2.1685848e+01 2.1591170e+01 2.1579541e+01 2.1398526e+01 2.1408381e+01 2.1220530e+01 2.1024635e+01 2.0823536e+01 2.0672650e+01 2.0472113e+01 2.0392219e+01 2.0349149e+01 2.0419590e+01 2.0476847e+01 2.0454003e+01 2.0474722e+01 2.0153352e+01 1.9980992e+01 1.9364690e+01 1.9246059e+01 1.8473535e+01 1.9088465e+01 1.9221871e+01 1.9071321e+01 1.8637081e+01 1.8311589e+01 1.8103217e+01 1.7579320e+01 1.7078931e+01 1.6776672e+01 1.6675447e+01 1.6665592e+01 1.6040607e+01 1.4884365e+01 1.4536141e+01 1.4365315e+01 1.3351171e+01 1.2507418e+01 1.1974434e+01 1.2568676e+01 1.2409974e+01 1.1776700e+01 1.1717934e+01 1.2094686e+01 1.2812311e+01 1.3872538e+01 1.3787872e+01 1.2516474e+01 1.1632787e+01 1.1800491e+01
2.1840172e+01 2.1742769e+01 2.1688951e+01 2.1675782e+01 2.1511861e+01 2.1335175e+01 2.1202401e+01 2.1076487e+01 2.0968240e+01 2.0894394e+01 2.0828632e+01 2.0819592e+01 2.0805598e+01 2.0760791e+01 2.0657933e+01 2.0645873e+01 2.0439581e+01 2.0135835e+01 2.0038984e+01 2.0065273e+01 2.0167538e+01 2.0071878e+01 1.9784632e+01 1.9490593e+01 1.9294145e+01 1.9009551e+01 1.7924045e+01 1.6489405e+01 1.7817252e+01 1.7283033e+01 1.6889806e+01 1.6738657e+01 1.5904138e+01 1.5852804e+01 1.5691780e+01 1.4678582e+01 1.3468815e+01 1.2122787e+01 1.1128614e+01 1.1230683e+01 1.1540928e+01 1.0915499e+01 1.0746648e+01 1.2053032e+01 1.3737121e+01 1.4224744e+01 1.4323523e+01 1.4139055e+01 1.3601766e+01 1.4356570e+01
2.1949936e+01 2.1874959e+01 2.1809566e+01 2.1751196e+01 2.1650476e+01 2.1533077e+01 2.1452102e+01 2.1400629e+01 2.1386180e+01 2.1338882e+01 2.1212472e+01 2.1160588e+01 1.9734240e+01 1.8350167e+01 2.1216334e+01 2.0771254e+01 2.0564871e+01 2.0511637e+01 2.0461474e+01 2.0439889e+01 2.0551395e+01 2.0443438e+01 2.0200897e+01 1.9946534e+01 1.9753743e+01 1.9538290e+01 1.9144428e+01 1.8790673e+01 1.8794096e+01 1.7373720e+01 1.7494207e+01 1.6254506e+01 1.6426539e+01 1.5928225e+01 1.5996074e+01 1.2649593e+01 1.2976120e+01 1.1811334e+01 8.2703637e+00 1.1967154e+01 1.2134820e+01 1.1847581e+01 1.0902103e+01 1.3188432e+01 1.4553891e+01 1.4825401e+01 1.3963700e+01 1.4926752e+01 1.5002204e+01 1.5017959e+01
2.2091754e+01 2.2022006e+01 2.1966113e+01 2.1882279e+01 2.1830586e+01 2.1764293e+01 2.1699793e+01 2.1641765e+01 2.1160109e+01 1.5812293e+01 2.1392545e+01 2.1465565e+01 2.1507421e+01 2.1327045e+01 2.1377498e+01 2.1150799e+01 2.0968346e+01 2.0889429e+01 2.0885234e+01 2.0982183e+01 2.1102552e+01 2.1047604e+01 2.0855944e+01 2.0319377e+01 2.0328335e+01 1.9769794e+01 2.0069861e+01 2.0083649e+01 1.9961866e+01 1.8789063e+01 1.8326052e+01 1.6069331e+01 1.6823940e+01 1.7736747e+01 1.6218705e+01 1.1577885e+01 1.0921187e+01 1.2368917e+01 1.3170154e+01 1.2264220e+01 1.2608864e+01 1.3077133e+01 1.3820663e+01 1.4759185e+01 1.4704891e+01 1.5541618e+01 1.5069335e+01 1.5418764e+01 1.5441107e+01 1.5644390e+01
2.2226699e+01 2.2184187e+01 2.2136330e+01 2.2061814e+01 2.2005930e+01 2.1962047e+01 2.1923850e+01 2.1858066e+01 2.1699136e+01 1.9372137e+01 2.1669765e+01 2.1793845e+01 2.1662939e+01 2.1548638e+01 2.1420955e+01 2.1316597e+01 2.1238404e+01 2.1176603e+01 2.1134189e+01 2.1346451e+01 2.0447974e+01 2.1232266e+01 2.1053059e+01 2.0845628e+01 2.0422475e+01 2.0463227e+01 1.9668355e+01 2.0474079e+01 2.0426293e+01 2.0279522e+01 1.9149345e+01 1.9022350e+01 1.8827821e+01 1.8366484e+01 1.7583696e+01 1.3649825e+01 1.3308805e+01 1.2475737e+01 1.2741060e+01 1.3375275e+01 1.3700846e+01 1.3912684e+01 1.4538862e+01 1.5261985e+01 1.5271574e+01 1.5799242e+01 1.6018412e+01 1.5783963e+01 1.6032582e+01 1.6257848e+01
2.2401167e+01 2.2336362e+01 2.2292755e+01 2.2216326e+01 2.2160844e+01 2.2116699e+01 2.2090059e+01 2.2080560e+01 2.2085090e+01 2.2100682e+01 2.2028154e+01 2.1893903e+01 2.1797136e+01 2.1692361e+01 2.1578798e+01 2.1484891e+01 2.1441329e+01 2.1248375e+01 2.1250780e+01 2.1486123e+01 2.1310621e+01 2.1754396e+01 2.1444575e+01 2.1536149e+01 2.0869774e+01 2.0683013e+01 1.8084911e+01 1.9852100e+01 2.0648221e+01 2.0249308e+01 1.9531489e+01 1.8383343e+01 1.9263963e+01 1.8278275e+01 1.7958494e+01 1.7447441e+01 1.7617414e+01 1.5801154e+01 1.4169579e+01 1.4567030e+01 1.4156789e+01 1.4289831e+01 1.5476179e+01 1.5631393e+01 1.5848173e+01 1.6611265e+01 1.6677800e+01 1.6599217e+01 1.6551027e+01 1.6642933e+01
2.2647240e+01 2.2582009e+01 2.2501294e+01 2.2422692e+01 2.2319769e+01 2.2288319e+01 2.2214875e+01 2.2231178e+01 2.2194963e+01 2.2152730e+01 2.2111831e+01 2.2024259e+01 2.1924326e+01 2.1845783e+01 2.1763815e+01 2.1669320e+01 2.1613752e+01 2.1558100e+01 2.1524001e+01 2.1512289e+01 2.1574130e+01 2.1579503e+01 2.1490866e+01 2.1416050e+01 2.1269076e+01 2.1316304e+01 2.0346686e+01 2.0752175e+01 2.1261163e+01 2.0836845e+01 2.0342556e+01 2.0008242e+01 1.9993513e+01 1.9072095e+01 1.7704642e+01 1.7665473e+01 1.7321114e+01 1.6633399e+01 1.6673252e+01 1.5990025e+01 1.5155974e+01 1.5681543e+01 1.6338187e+01 1.6481535e+01 1.6673905e+01 1.6773894e+01 1.6161043e+01 1.7051968e+01 1.6979514e+01 1.7109769e+01
2.2807977e+01 2.2737411e+01 2.2679202e+01 2.2627560e+01 2.2585537e+01 2.2492968e+01 2.2425334e+01 2.2382469e+01 2.2323199e+01 2.2272758e+01 2.2214804e+01 2.2148020e+01 2.2100058e+01 2.2010130e+01 2.1927364e+01 2.1843011e+01 2.1769919e+01 2.1712419e+01 2.1668643e+01 2.1621695e+01 2.1600516e+01 2.1656955e+01 2.1803560e+01 2.1337430e+01 2.1351864e+01 2.1463157e+01 2.1611028e+01 2.1742250e+01 2.1498500e+01 2.1148732e+01 2.0842756e+01 2.0313085e+01 2.0315890e+01 2.0349087e+01 1.8103887e+01 1.8455656e+01 1.8493792e+01 1.7465553e+01 1.7239424e+01 1.7044655e+01 1.6091570e+01 1.5557513e+01 1.7268274e+01 1.6991825e+01 1.7075848e+01 1.7784613e+01 1.7977730e+01 1.7430313e+01 1.7336290e+01 1.7325299e+01
2.2979824e+01 2.2934344e+01 2.2878347e+01 2.2817061e+01 2.2740979e+01 2.2648257e+01 2.2602789e+01 2.2584174e+01 2.2548080e+01 2.2517834e+01 2.2424252e+01 2.2279557e+01 2.2220227e+01 2.2185033e+01 2.2110048e+01 2.2044106e+01 2.1971939e+01 2.1892291e+01 2.1807245e+01 2.1699882e+01 2.1752722e+01 2.1746640e+01 2.1787895e+01 2.1848575e+01 2.1684380e+01 2.1168129e+01 1.9492759e+01 1.8613347e+01 2.1561137e+01 2.1078550e+01 2.1333335e+01 2.1219819e+01 2.1017958e+01 1.9369940e+01 2.0020698e+01 1.9065535e+01 1.7896382e+01 1.7481991e+01 1.5677813e+01 1.5274586e+01 1.6429026e+01 1.6464072e+01 1.8028948e+01 1.7041196e+01 1.6701530e+01 1.8017186e+01 1.8088369e+01 1.7903356e+01 1.7724702e+01 1.7643810e+01
2.3190767e+01 2.3115763e+01 2.3063695e+01 2.3002943e+01 2.2953249e+01 2.2898714e+01 2.2815194e+01 2.2752327e+01 2.2710398e+01 2.2724112e+01 2.2705838e+01 2.2527787e+01 2.2421937e+01 2.2341885e+01 2.2298152e+01 2.2243330e+01 2.2185810e+01 2.2105513e+01 2.1989622e+01 2.1883391e+01 2.1938458e+01 2.1916157e+01 2.1908647e+01 2.1918188e+01 2.1877779e+01 2.1869462e+01 2.1952079e+01 2.1113949e+01 2.1352697e+01 2.1995969e+01 2.1609032e+01 2.1514503e+01 2.1112501e+01 2.0441110e+01 2.0835219e+01 1.9094606e+01 1.7703938e+01 1.7759571e+01 1.7309961e+01 1.5792142e+01 1.2945700e+01 1.2334973e+01 1.7721716e+01 1.8629419e+01 1.7489703e+01 1.8648716e+01 1.8318143e+01 1.8153204e+01 1.8060499e+01 1.7987770e+01
2.3389100e+01 2.3332817e+01 2.3284535e+01 2.3220631e+01 2.3136871e+01 2.3060460e+01 2.2982707e+01 2.2934972e+01 2.2909902e+01 2.2846223e+01 2.2780126e+01 2.2702214e+01 2.2640746e+01 2.2554604e+01 2.2472841e+01 2.2407871e+01 2.2347536e+01 2.2289701e+01 2.2226396e+01 2.2148132e+01 2.2105756e+01 2.2073757e+01 2.2066957e+01 2.2038378e+01 2.1942624e+01 2.2184901e+01 2.2332704e+01 2.1977181e+01 2.2558145e+01 2.2085268e+01 2.1844865e+01 2.1792567e+01 2.1390940e+01 2.0324038e+01 2.0577494e+01 1.9183353e+01 1.7925093e+01 1.8280275e+01 1.6496658e+01 1.4615792e+01 1.3575494e+01 1.1557367e+01 1.7715549e+01 1.9863437e+01 1.8629304e+01 1.8924223e+01 1.8634991e+01 1.8482045e+01 1.8420241e+01 1.8397863e+01
2.3545160e+01 2.3508317e+01 2.3467111e+01 2.3436123e+01 2.3370135e+01 2.3276755e+01 2.3197389e+01 2.3114935e+01 2.3068648e+01 2.3007360e+01 2.2965418e+01 2.2888952e+01 2.2817636e+01 2.2747271e+01 2.2683629e+01 2.2625616e+01 2.2575530e+01 2.2498413e+01 2.2434821e+01 2.2368348e+01 2.2304462e+01 2.2265515e+01 2.2246814e+01 2.2252079e+01 2.2299234e+01 2.2322096e+01 2.2116798e+01 2.1830247e+01 2.2266523e+01 2.2306858e+01 2.1987840e+01 2.1922268e+01 2.1636302e+01 2.1929552e+01 2.1316514e+01 2.0743420e+01 1.9581239e+01 1.7436679e+01 1.6140588e+01 1.3445454e+01 1.1638355e+01 1.4347113e+01 1.9568808e+01 1.9872836e+01 1.9369704e+01 1.9083737e+01 1.8931945e+01 1.8815968e+01 1.8741346e+01 1.8711552e+01
2.3777933e+01 2.3707050e+01 2.3658415e+01 2.3596651e+01 2.3551423e+01 2.3476094e+01 2.3416364e+01 2.3347759e+01 2.3278238e+01 2.3210547e+01 2.3158015e+01 2.3094970e+01 2.3015724e+01 2.2953661e+01 2.2875134e+01 2.2835438e+01 2.2781177e+01 2.2722798e+01 2.2661711e+01 2.2552484e+01 2.2481226e+01 2.2471408e+01 2.2458278e+01 2.2434336e+01 2.2433610e+01 2.2469198e+01 2.2602053e+01 2.2678067e+01 2.2754823e+01 2.2579956e+01 2.2231692e+01 2.2097084e+01 2.1912871e+01 2.2215019e+01 2.2233009e+01 2.1207389e+01 2.0068934e+01 1.9610857e+01 1.8783749e+01 1.5810793e+01 1.6778345e+01 1.7856034e+01 2.0322544e+01 1.9912290e+01 1.9591163e+01 1.9389377e+01 1.9283532e+01 1.9144123e+01 1.9039745e+01 1.8928926e+01
2.4026277e+01 2.3919158e+01 2.3880225e+01 2.3799689e+01 2.3743476e+01 2.3667777e+01 2.3594320e+01 2.3533428e+01 2.3467077e+01 2.3404973e+01 2.3360513e+01 2.3321044e+01 2.3249002e+01 2.3166331e+01 2.3071313e+01 2.3019435e+01 2.2965259e+01 2.2917856e+01 2.2831236e+01 2.2746133e+01 2.2704528e+01 2.2682770e+01 2.2661408e+01 2.2614528e+01 2.2593837e+01 2.2613938e+01 2.2659133e+01 2.2708143e+01 2.2769206e+01 2.2758095e+01 2.1977887e+01 2.2345612e+01 2.2331327e+01 2.2314462e+01 2.2257416e+01 2.1808184e+01 2.0909457e+01 1.9933195e+01 2.0524532e+01 2.1031266e+01 1.9635465e+01 2.0407153e+01 2.0519061e+01 2.0205432e+01 1.9942803e+01 1.9734851e+01 1.9582036e+01 1.9440401e+01 1.9328582e+01 1.9202850e+01
2.4252311e+01 2.4129696e+01 2.4083617e+01 2.4010773e+01 2.3978650e+01 2.3934981e+01 2.3822612e+01 2.3736159e+01 2.3644524e+01 2.3578969e+01 2.3528320e+01 2.3499330e+01 2.3461420e+01 2.3383683e+01 2.3295206e+01 2.3218933e+01 2.3152185e+01 2.3068375e+01 2.2997735e+01 2.2964975e+01 2.2925987e+01 2.2876838e+01 2.2832523e+01 2.2803900e+01 2.2773340e+01 2.2752356e+01 2.2734363e+01 2.2728736e+01 2.2745601e+01 2.2721508e+01 2.2617163e+01 2.2518020e+01 2.2440510e+01 2.2399383e+01 2.2359511e+01 2.2258839e+01 2.2415330e+01 2.2175044e+01 2.2064293e+01 2.1684441e+01 2.1567072e+01 2.1236682e+01 2.0873901e+01 2.0561963e+01 2.0316284e+01 2.0112269e+01 1.9928389e+01 1.9771347e+01 1.9647799e+01 1.9524394e+01
2.4468639e+01 2.4369791e+01 2.4255060e+01 2.4234638e+01 2.4165292e+01 2.4162837e+01 2.4100034e+01 2.3952297e+01 2.3867046e+01 2.3764490e+01 2.3705262e+01 2.3643912e+01 2.3617551e+01 2.3566430e+01 2.3505615e+01 2.3426042e+01 2.3358254e+01 2.3280978e+01 2.3231455e+01 2.3165517e+01 2.3112790e+01 2.3063688e+01 2.3005076e+01 2.2970366e+01 2.2934199e+01 2.2903965e+01 2.2857123e+01 2.2837061e+01 2.2801028e+01 2.2749185e+01 2.2663936e+01 2.2608005e+01 2.2572619e+01 2.2543217e+01 2.2501212e+01 2.2475206e+01 2.2494333e+01 2.2363734e+01 2.2231263e+01 2.2016756e+01 2.1736802e+01 2.1391097e+01 2.1137471e+01 2.0907264e+01 2.0685522e+01 2.0473278e+01 2.0271290e+01 2.0103521e+01 1.9958289e+01 1.9840610e+01
2.4657005e+01 2.4600635e+01 2.4465417e+01 2.4415784e+01 2.4365118e+01 2.4321502e+01 2.4326804e+01 2.4198723e+01 2.4064877e+01 2.3979217e+01 2.3889735e+01 2.3844307e+01 2.3792443e+01 2.3725979e+01 2.3666642e+01 2.3610756e+01 2.3530713e+01 2.3488128e+01 2.3442552e+01 2.3388383e+01 2.3320006e+01 2.3255421e+01 2.3185133e+01 2.3122403e+01 2.3079729e+01 2.3040621e+01 2.3006082e+01 2.2964429e+01 2.2905097e+01 2.2839564e+01 2.2763526e+01 2.2697387e+01 2.2662698e+01 2.2678348e+01 2.2561241e+01 2.2574065e+01 2.2446981e+01 2.2389239e+01 2.2207962e+01 2.1990137e+01 2.1986052e+01 2.1609948e+01 2.1347228e+01 2.1143727e+01 2.0951090e+01 2.0771178e+01 2.0593192e+01 2.0407251e+01 2.0265893e+01 2.0139392e+01
2.4823918e+01 2.4812691e+01 2.4696174e+01 2.4597686e+01 2.4584814e+01 2.4504331e+01 2.4489231e+01 2.4442267e+01 2.4300117e+01 2.4209174e+01 2.4151030e+01 2.4068450e+01 2.3973998e+01 2.3928514e+01 2.3856513e+01 2.3754402e+01 2.3702999e+01 2.3647267e+01 2.3595411e+01 2.3545834e+01 2.3499292e+01 2.3438903e+01 2.3383336e+01 2.3313032e+01 2.3247639e+01 2.3193457e+01 2.3151861e+01 2.3097833e+01 2.3032322e+01 2.2966844e+01 2.2906792e+01 2.2827234e+01 2.2772726e+01 2.2782530e+01 2.2796304e+01 2.2161593e+01 2.2638165e+01 2.2466994e+01 2.2277048e+01 2.2172257e+01 2.2034554e+01 2.1799114e+01 2.1552798e+01 2.1362048e+01 2.1169072e+01 2.0989629e+01 2.0817576e+01 2.0675966e+01 2.0557182e+01 2.0462626e+01
2.4998349e+01 2.4999779e+01 2.4952316e+01 2.4814190e+01 2.4748974e+01 2.4710674e+01 2.4651902e+01 2.4656109e+01 2.4558541e+01 2.4428322e+01 2.4371488e+01 2.4298252e+01 2.4220085e+01 2.4092604e+01 2.3999922e+01 2.3937693e+01 2.3862035e+01 2.3816285e+01 2.3742042e+01 2.3683406e+01 2.3639011e+01 2.3579706e+01 2.3541219e+01 2.3503160e+01 2.3434299e+01 2.3372213e+01 2.3313369e+01 2.3248609e+01 2.3178806e+01 2.3090371e+01 2.3032591e+01 2.2962634e+01 2.2907764e+01 2.2871596e+01 2.2884651e+01 2.2958623e+01 2.2957868e+01 2.2684052e+01 2.2451137e+01 2.2297758e+01 2.2185115e+01 2.1935813e+01 2.1732632e+01 2.1570396e+01 2.1399058e+01 2.1214016e+01 2.1035165e+01 2.0886337e+01 2.0751752e+01 2.0513601e+01
2.5190857e+01 2.5178209e+01 2.5162073e+01 2.5069698e+01 2.4945534e+01 2.4922666e+01 2.4835742e+01 2.4835639e+01 2.4803333e+01 2.4655772e+01 2.4571493e+01 2.4493668e+01 2.4463424e+01 2.4323123e+01 2.4204300e+01 2.4132090e+01 2.4058502e+01 2.3987652e+01 2.3910502e+01 2.3819895e+01 2.3791567e+01 2.3721090e+01 2.3669839e+01 2.3620288e+01 2.3581265e+01 2.3528084e+01 2.3485767e+01 2.3423978e+01 2.3352118e+01 2.3262935e+01 2.3175672e+01 2.3113105e+01 2.3048682e+01 2.3013763e+01 2.2998380e+01 2.2958268e+01 2.3022528e+01 2.2843172e+01 2.2716595e+01 2.2303195e+01 2.2336313e+01 2.2109116e+01 2.1923626e+01 2.1744628e+01 2.1572139e+01 2.1401807e+01 2.1221094e+01 2.1080972e+01 2.0930818e+01 2.0763357e+01
