presentation/data/depth_0054.asc
ncols     164
nrows     146
xllcorner -1.242151388888889e+02
yllcorner  4.172986111111111e+01
cellsize  2.777777777820000e-04
nodata_value       -9999
[rows 66 to 87 of 146, columns 50 to 99 of 164]
0.0000000e+00 0.0000000e+00 0.0000000e+00 0.0000000e+00 0.0000000e+00 0.0000000e+00 0.0000000e+00 0.0000000e+00 0.0000000e+00 0.0000000e+00 0.0000000e+00 0.0000000e+00 0.0000000e+00 0.0000000e+00 9.9948125e-04 9.9940451e-04 9.9863140e-04 9.9845350e-04 9.9502501e-04 9.9361731e-04 5.2268396e-03 3.6215529e-03 1.0337497e-01 5.7500653e-01 7.3868481e-01 7.4854482e-01 7.1727154e-01 6.7917092e-01 6.3942123e-01 1.1398079e+00 2.3151793e+00 3.4233722e+00 2.3136746e+00 9.5691025e-01 7.3676622e-01 8.0997021e-01 7.4496822e-01 5.4248999e-01 2.6152439e-01 4.7099140e-02 8.1527326e-02 9.4822382e-02 1.0039455e-01 1.1959622e-01 1.3592178e-01 1.6291730e-01 1.9097612e-01 2.2400420e-01 2.4356793e-01 2.6144923e-01
0.0000000e+00 0.0000000e+00 0.0000000e+00 0.0000000e+00 0.0000000e+00 9.9484659e-04 9.9891148e-04 9.9638514e-04 9.9628300e-04 9.9787176e-04 9.8869479e-04 9.7309226e-04 9.8423272e-04 9.5117314e-04 9.9952402e-04 9.9841366e-04 9.9810365e-04 9.9820409e-04 9.9683041e-04 9.9934980e-04 3.0432043e-03 9.9582550e-04 2.9518768e-01 5.9799257e-01 7.2235267e-01 7.1852626e-01 6.7905753e-01 7.1535540e-01 2.9441421e+00 3.8470251e+00 3.1728593e+00 1.3203993e+00 6.6228712e-01 7.0225111e-01 6.9541926e-01 6.3089353e-01 5.4656336e-01 4.6054340e-01 3.1583484e-01 1.3556886e-01 7.0162564e-02 5.6030081e-02 8.6219058e-02 1.2581580e-01 1.4210683e-01 1.7086524e-01 1.6473090e-01 1.4269355e-01 1.2738923e-01 9.7198026e-02
0.0000000e+00 0.0000000e+00 0.0000000e+00 0.0000000e+00 0.0000000e+00 9.9923071e-04 9.9725030e-04 9.8828118e-04 9.9571805e-04 9.5227580e-04 9.1130734e-04 9.6659462e-04 5.8849942e-03 9.6380456e-04 9.7920654e-04 9.9832068e-04 9.9822355e-04 9.9616623e-04 9.9854204e-04 9.9998358e-04 9.9792508e-04 1.9669027e-01 4.7005123e-01 6.3547233e-01 7.2380448e-01 6.9211917e-01 6.1511314e-01 1.6376117e+00 3.9557723e+00 2.6129795e+00 1.0574251e+00 5.9397101e-01 6.2826838e-01 6.4005215e-01 6.4489411e-01 6.0580405e-01 4.7953936e-01 4.0975549e-01 3.6120015e-01 3.6195830e-01 3.3075324e-01 2.7321767e-01 2.1489927e-01 1.5915557e-01 1.3608466e-01 1.0675155e-01 9.8574421e-02 1.0154720e-01 8.7180396e-02 1.0033642e-01
0.0000000e+00 0.0000000e+00 0.0000000e+00 0.0000000e+00 0.0000000e+00 9.9642118e-04 9.8376194e-04 9.4506660e-02 9.5471159e-04 9.2381733e-04 3.1162470e-01 5.7197090e-01 5.1286891e-01 3.1291347e-01 2.0615873e-01 7.0097932e-03 9.9589395e-04 9.9935782e-04 9.6205521e-04 9.8253861e-04 3.4977730e-02 4.4056331e-01 5.3970468e-01 6.6402247e-01 7.1183348e-01 6.5724605e-01 4.5944194e-01 2.5100722e+00 4.1463503e+00 2.2102100e+00 8.7774663e-01 5.3228275e-01 5.5031008e-01 5.7490815e-01 5.8110481e-01 5.2664520e-01 4.6438077e-01 4.0576708e-01 3.8350383e-01 3.8363756e-01 4.0830192e-01 3.9225335e-01 3.7603461e-01 3.6441594e-01 3.1557245e-01 2.3919524e-01 2.1252072e-01 1.9289843e-01 1.3446543e-01 1.2469719e-01
0.0000000e+00 0.0000000e+00 0.0000000e+00 0.0000000e+00 0.0000000e+00 9.6576913e-04 9.7869871e-04 2.3254203e-01 2.8802229e-01 5.2035570e-01 4.2890353e-01 4.6681919e-01 6.4374840e-01 4.6334570e-01 5.2274562e-01 6.1593031e-01 2.6529810e-01 9.7584774e-04 9.8964115e-04 1.0165524e-01 1.4280784e-01 2.9100329e-01 4.0867327e-01 5.2797017e-01 6.3161915e-01 6.2827116e-01 4.4154077e-01 1.6143981e+00 4.4713695e+00 3.8489351e+00 2.3830504e+00 5.2280802e-01 4.7282206e-01 4.7491086e-01 4.5734224e-01 4.1921784e-01 4.3199762e-01 4.4895247e-01 4.3650046e-01 4.2710864e-01 4.1131214e-01 4.1147909e-01 3.9754257e-01 3.7550506e-01 3.5277710e-01 3.3727404e-01 3.5600017e-01 3.6612102e-01 3.4875024e-01 3.0209203e-01
0.0000000e+00 0.0000000e+00 0.0000000e+00 9.8977218e-04 9.5334459e-04 9.6997207e-04 9.4283292e-04 3.4292435e-01 4.5386498e-01 7.1185862e-01 4.1871434e-01 7.1548926e-04 3.0074707e-01 5.4329374e-01 6.2748857e-01 7.6418201e-01 5.6968199e-01 5.3328153e-02 8.1036200e-02 3.4536743e-01 1.9695410e-01 1.2817353e-01 1.9429813e-01 2.7383694e-01 2.4406478e-01 2.3747222e-01 2.0290837e-01 4.6583820e-01 3.0500518e+00 4.4908338e+00 3.2125442e+00 5.5471736e-01 4.5015495e-01 5.2771618e-01 4.7236056e-01 3.9847945e-01 4.0043681e-01 4.2263928e-01 4.1264150e-01 4.0615175e-01 3.9918788e-01 3.9316056e-01 3.8691960e-01 3.7748074e-01 3.7468094e-01 3.6072048e-01 3.6686268e-01 3.7752712e-01 3.6425689e-01 3.5553241e-01
9.9882359e-04 0.0000000e+00 9.7457103e-04 9.4479654e-04 9.9007745e-04 4.5323060e-02 9.8311003e-04 8.0001720e-04 8.9084998e-04 3.8572346e-01 6.0573031e-01 5.8839197e-01 6.6852538e-01 5.3393416e-01 6.1698633e-01 3.2621449e-01 3.9025544e-01 2.8230203e-01 2.4068599e-01 2.1960551e-01 3.3972282e-01 2.2670334e-01 2.3822526e-01 2.3374408e-01 1.3975396e-01 1.0263336e-01 1.0286899e-03 2.0995194e-01 1.2459186e+00 3.3415207e+00 2.2093045e+00 2.2077961e-01 5.4010261e-01 6.4368769e-01 6.4487068e-01 3.7373259e-01 3.2399110e-01 2.9409155e-01 2.7716184e-01 2.9809662e-01 3.0412536e-01 3.0105771e-01 2.9395331e-01 2.9517981e-01 2.9567681e-01 2.9599133e-01 3.0980761e-01 3.1622577e-01 3.2058164e-01 3.2734968e-01
9.9712624e-04 9.8390457e-04 9.7177320e-04 1.5143980e-01 9.9569189e-04 4.8480014e-02 9.8044442e-04 8.6468801e-04 6.7770495e-04 8.8740585e-04 7.1076149e-01 7.4833679e-01 7.2813780e-01 5.2301054e-01 3.3461126e-01 3.2161559e-01 2.5493661e-01 1.8848378e-01 1.4422159e-01 5.6641124e-02 2.3578446e-01 3.0449609e-01 2.1899889e-01 1.7769954e-01 2.7211870e-01 2.6164180e-01 8.8201994e-04 9.5458121e-04 8.1514279e-01 2.4350556e+00 1.0214839e+00 5.1656215e-02 1.4869481e-01 1.1976441e-01 2.0931856e-01 1.5356105e-01 7.5076423e-02 3.2108294e-01 3.8650481e-01 1.3934567e-01 1.3079774e-01 1.2168211e-01 1.2250278e-01 1.1887942e-01 1.3367207e-01 5.6706271e-02 6.2611835e-02 9.1603358e-02 1.3697209e-01 2.0214172e-01
9.9887253e-04 9.9760218e-04 8.4704384e-04 8.9862670e-04 3.5197985e-02 1.0157402e-01 4.7491066e-02 1.4262961e-01 5.5320580e-02 3.5939984e-01 5.1718620e-01 4.4462187e-01 4.0966963e-01 3.8528747e-01 2.8498524e-01 9.8600210e-02 9.3823915e-04 9.4373653e-04 3.8283533e-02 7.4658377e-02 1.8438238e-01 1.7141084e-01 9.6043399e-02 5.7969587e-02 7.2262975e-02 9.8816953e-04 4.8804758e-04 8.3132671e-04 1.2145384e+00 3.1021158e+00 2.2556480e+00 1.0157500e+00 1.7506135e+00 1.9560544e+00 1.4575230e+00 1.5088572e+00 1.5471072e+00 2.5282584e+00 3.2463327e+00 3.2592788e+00 3.2567368e+00 3.2414663e+00 3.2301355e+00 3.1569632e+00 3.0931569e+00 2.4704265e+00 2.0470307e+00 1.3638962e+00 8.0405516e-01 4.1028519e-01
9.9832073e-04 9.7541125e-04 1.7182195e-01 2.8063314e-01 3.3741860e-01 3.8151996e-01 5.1217084e-01 6.9839330e-01 6.5408524e-01 4.4959743e-01 3.6403143e-01 3.7814441e-01 4.1150823e-01 3.0183840e-01 2.6019942e-01 2.6284518e-01 1.1602175e-01 9.5077398e-04 7.4666341e-02 1.9255859e-01 4.3852270e-01 2.0417448e-01 4.4888181e-02 8.5223832e-03 8.5372806e-04 8.8018831e-04 9.7897409e-04 2.1576837e+00 3.2974881e+00 3.5488722e+00 3.6246770e+00 3.3055626e+00 3.5213798e+00 3.4069151e+00 3.2944273e+00 3.3270203e+00 3.3414128e+00 3.4742760e+00 3.6696430e+00 3.7668919e+00 3.7575831e+00 3.6782499e+00 3.4595716e+00 3.3196322e+00 3.4958544e+00 3.6055256e+00 3.6380919e+00 3.5961691e+00 3.3574030e+00 3.0968143e+00
9.4162366e-04 8.2382207e-04 2.3719378e-01 7.3492994e-01 8.1010606e-01 8.9679368e-01 7.9929260e-01 5.8408099e-01 4.7285336e-01 2.8822097e-01 1.9303726e-01 2.5991638e-01 1.7371383e-01 2.6658247e-01 2.7051283e-01 2.9927739e-01 3.3782776e-01 1.7474346e-01 2.4714305e-01 2.9799162e-01 4.3723410e-01 7.7653976e-02 8.4885783e-04 2.8620205e-04 9.8580950e-04 1.7031462e+00 2.7615695e+00 3.3055099e+00 3.5155093e+00 3.5050578e+00 3.6539091e+00 3.6682061e+00 3.5483687e+00 3.4049921e+00 3.3973885e+00 3.4779349e+00 3.5692302e+00 3.5637914e+00 3.6659418e+00 3.7550009e+00 3.7540739e+00 3.6183369e+00 3.2482790e+00 2.8897682e+00 3.4063344e+00 3.6792827e+00 3.8120867e+00 3.8468908e+00 3.8264582e+00 3.7943312e+00
2.5011763e-02 2.3763046e-03 4.9837254e-01 6.3910216e-01 6.2570765e-01 8.9704854e-01 5.6569431e-01 4.1863290e-01 2.8935873e-01 2.8500980e-01 2.3502328e-01 2.2540397e-01 2.3800280e-01 2.8515584e-01 4.0032075e-01 4.0340405e-01 5.0555298e-01 4.4739775e-01 4.4218507e-01 1.5362622e-01 9.7489850e-04 9.0998810e-04 7.4018084e-04 7.3009624e-01 2.6481838e+00 3.3839902e+00 2.9720081e+00 3.0344823e+00 3.3965090e+00 3.6335759e+00 3.8050879e+00 3.8850306e+00 3.9009580e+00 3.8505616e+00 3.8458669e+00 3.8848427e+00 3.8706888e+00 3.7168218e+00 3.8276696e+00 3.9934567e+00 4.0099988e+00 3.9345371e+00 3.8054016e+00 3.7219490e+00 3.7513323e+00 3.9400410e+00 4.0891155e+00 4.0839410e+00 4.0159138e+00 3.9701446e+00
3.8243944e-01 4.5538333e-01 4.6854074e-01 5.1946941e-01 8.1662783e-01 8.4128153e-01 5.0574044e-01 3.1970139e-01 1.8120827e-01 2.3474886e-01 1.7326041e-01 2.2719661e-01 2.3870158e-01 3.7235717e-01 4.6457086e-01 4.9060717e-01 4.4502998e-01 1.7003494e-01 8.5177627e-04 8.5562556e-04 9.8148558e-04 1.0608158e+00 2.3628602e+00 3.2019876e+00 3.5421183e+00 3.3239480e+00 2.9528797e+00 3.2608582e+00 3.7674209e+00 3.8266163e+00 4.0815553e+00 4.1355656e+00 4.1402825e+00 4.1880917e+00 4.2325663e+00 4.2060513e+00 4.0559095e+00 4.0386453e+00 4.1864206e+00 4.2590298e+00 4.2998696e+00 4.3099336e+00 4.2904570e+00 4.3300239e+00 4.3509434e+00 4.2454779e+00 4.4123391e+00 4.4815550e+00 4.3355569e+00 4.2065394e+00
5.2664458e-01 6.6515262e-02 4.4441248e-02 1.7057966e-01 3.3350996e-01 3.8661067e-01 2.2794556e-01 1.6445580e-01 6.7979421e-02 8.4928696e-03 9.5246377e-02 1.5926884e-01 2.6919541e-01 3.7060350e-01 3.6486689e-01 1.4869677e-01 8.7772414e-04 5.0566025e-04 8.5085610e-04 6.8897764e-01 2.5377531e+00 3.8701283e+00 3.5916026e+00 3.4783012e+00 3.8353831e+00 3.7017497e+00 3.6451528e+00 3.9805380e+00 4.5575301e+00 4.5478927e+00 4.6874125e+00 4.4851499e+00 4.3835393e+00 4.3491134e+00 4.4672123e+00 4.6938246e+00 4.5353774e+00 4.3297609e+00 4.4499233e+00 4.6303620e+00 4.8203751e+00 4.7972639e+00 4.8191764e+00 4.7253007e+00 4.7618560e+00 4.7749602e+00 4.6898863e+00 4.7830959e+00 4.9832826e+00 4.8390210e+00
1.8034792e-01 9.7758254e-04 1.0026741e-03 9.9734105e-04 9.8014020e-04 1.8933487e-01 4.6619408e-01 1.0460827e-03 1.0614968e-02 9.9553381e-04 1.7833738e-02 3.7375301e-02 1.2180256e-01 4.4603489e-02 9.8667730e-04 9.1587526e-04 8.5569285e-04 1.0591944e+00 3.0496541e+00 3.7214476e+00 4.2008525e+00 4.1984986e+00 4.2549499e+00 4.5015707e+00 4.6076765e+00 4.7278723e+00 4.8301411e+00 5.1849625e+00 5.2691446e+00 5.0653973e+00 5.0458091e+00 4.9400324e+00 4.7925062e+00 4.6465267e+00 4.7920150e+00 5.0076488e+00 5.1161568e+00 5.1252307e+00 5.0619308e+00 5.1114435e+00 5.1303474e+00 5.1699563e+00 5.3624503e+00 5.4723126e+00 5.4555256e+00 5.3708728e+00 5.4311354e+00 5.3193362e+00 5.3366728e+00 5.2742779e+00
9.8419952e-04 1.7494392e-03 1.2354480e-03 9.9850028e-04 9.8240436e-04 4.2535817e-01 6.5301254e-01 5.4001077e-01 8.4012819e-04 1.3072253e-01 2.8212073e-01 9.8107185e-04 9.7952151e-04 6.5710669e-04 7.9933376e-04 2.4465747e-01 2.7005725e+00 3.7980244e+00 3.9997651e+00 4.1681718e+00 4.4305646e+00 4.5782431e+00 4.8266944e+00 5.0431636e+00 5.0530417e+00 5.1557702e+00 5.4198491e+00 5.8108101e+00 5.8223796e+00 5.5217866e+00 5.3793418e+00 5.4366502e+00 5.3080137e+00 5.0190553e+00 5.1031199e+00 5.2334238e+00 5.3436501e+00 5.5524331e+00 5.6380677e+00 5.5666703e+00 5.5156198e+00 5.4501194e+00 5.4819051e+00 5.8670994e+00 6.0455156e+00 5.8432613e+00 5.7967519e+00 5.7655221e+00 5.8019584e+00 5.8085278e+00
1.5444966e-03 9.9802579e-04 9.9891293e-04 9.9964095e-04 9.9535580e-04 8.8296444e-04 8.8560238e-01 1.0057318e+00 5.5479342e-01 9.6818025e-04 9.7108843e-04 9.0299694e-04 8.1892872e-04 8.2298280e-04 2.3021092e+00 3.5103503e+00 3.8172383e+00 4.0733812e+00 4.2349990e+00 4.4924606e+00 4.7609778e+00 4.9067800e+00 5.0796237e+00 5.1070587e+00 5.3250515e+00 5.6383579e+00 5.7133348e+00 5.5828088e+00 5.7895937e+00 5.5872343e+00 5.5464470e+00 5.6070827e+00 5.6972786e+00 5.7325826e+00 5.6743311e+00 5.4706408e+00 5.3586571e+00 5.4818798e+00 5.6937288e+00 5.8672642e+00 5.9400764e+00 5.8259688e+00 5.7206681e+00 5.8299840e+00 6.1015669e+00 6.1750593e+00 6.1381337e+00 6.1303377e+00 6.1656399e+00 6.1330151e+00
9.3338871e-04 9.9998978e-04 9.9929536e-04 9.9527427e-04 5.6787965e-04 9.7824524e-04 9.4689558e-04 1.1944843e-01 9.9423690e-04 9.9486047e-04 9.6042894e-04 8.4550859e-04 1.7769308e+00 3.1518674e+00 3.5311897e+00 3.8611871e+00 4.1687257e+00 4.5160383e+00 4.5697913e+00 4.7416900e+00 5.0356996e+00 5.1016580e+00 5.1506461e+00 5.2297462e+00 5.4180171e+00 5.9580499e+00 5.9996713e+00 5.7344926e+00 5.9555228e+00 5.5370378e+00 5.5118106e+00 5.6265985e+00 5.8084879e+00 6.0436959e+00 6.1010780e+00 5.7543120e+00 5.5651100e+00 5.5701918e+00 5.6115149e+00 6.0062311e+00 6.2793872e+00 6.1927168e+00 6.0779804e+00 6.0601273e+00 6.2216792e+00 6.4054162e+00 6.4244186e+00 6.4649509e+00 6.4641216e+00 6.3151282e+00
9.8830027e-04 9.9750739e-04 1.0275856e-03 9.9317022e-04 0.0000000e+00 6.6544776e-04 9.4773823e-04 9.9699514e-04 9.9865515e-04 9.4622889e-04 9.0919047e-04 7.5416431e-04 1.8185554e+00 3.7243945e+00 4.0519956e+00 4.1775452e+00 4.5532350e+00 4.7391004e+00 4.7533771e+00 4.8064466e+00 5.0188084e+00 5.0964811e+00 5.2393727e+00 5.3881597e+00 5.5303156e+00 5.7659019e+00 5.5111154e+00 5.3697967e+00 6.2764033e+00 6.0498238e+00 5.8303720e+00 5.9843118e+00 5.6629380e+00 6.0074764e+00 6.0986325e+00 5.9957008e+00 6.1600156e+00 6.5000849e+00 5.9493288e+00 6.0904695e+00 6.2062537e+00 6.3113508e+00 6.3811898e+00 6.4096877e+00 6.4328259e+00 6.4421805e+00 6.4514806e+00 6.5880043e+00 6.7375457e+00 6.6040528e+00
0.0000000e+00 9.8414445e-04 1.3431925e-03 3.3707915e-03 8.7566960e-04 9.4370051e-04 9.5088269e-04 9.2596853e-04 9.5244941e-04 8.8447829e-04 3.8814666e-02 1.6250572e+00 3.1297824e+00 3.4094306e+00 4.2090644e+00 4.5365189e+00 4.8380648e+00 4.8027157e+00 4.8960086e+00 4.9994498e+00 5.0472298e+00 5.1240973e+00 5.3965500e+00 5.5817724e+00 5.6690864e+00 5.6847916e+00 5.3940232e+00 5.0679384e+00 5.2758471e+00 6.0957103e+00 6.0870933e+00 6.0304635e+00 5.8304799e+00 5.9316626e+00 6.0656972e+00 6.2080572e+00 6.4730610e+00 6.7712054e+00 6.6735571e+00 6.5810817e+00 6.4991670e+00 6.4716157e+00 6.5014880e+00 6.6929736e+00 6.7552074e+00 6.6848186e+00 6.5325391e+00 6.6180000e+00 6.7807301e+00 6.7807590e+00
0.0000000e+00 0.0000000e+00 9.9923744e-04 7.2473895e-03 3.4754138e-03 2.3250845e-01 1.6191748e+00 1.2825102e+00 9.9974768e-01 1.8913006e+00 2.7752381e+00 3.4603977e+00 3.7716252e+00 3.6343786e+00 3.9833246e+00 4.5393140e+00 4.9377353e+00 5.0592132e+00 5.0451743e+00 5.0935192e+00 5.1752030e+00 5.3925027e+00 5.6907214e+00 5.8150144e+00 5.8977249e+00 5.7669012e+00 5.6217553e+00 5.3157037e+00 5.3831126e+00 6.0255768e+00 6.2121042e+00 6.3385017e+00 6.3063830e+00 6.0601382e+00 6.1311945e+00 6.3293225e+00 6.5205911e+00 6.6905704e+00 6.7969557e+00 6.7169648e+00 6.8025306e+00 6.8798674e+00 6.5659705e+00 6.6590937e+00 6.9846713e+00 6.7850854e+00 6.7031497e+00 6.5763237e+00 6.7144484e+00 6.7896998e+00
8.5498958e-04 9.1721595e-04 9.2332278e-04 9.4214684e-04 9.3630583e-04 3.2272307e-01 3.1836279e+00 3.2520026e+00 3.0999237e+00 3.0809359e+00 3.2922667e+00 3.5660243e+00 3.8662946e+00 3.9500213e+00 4.2168844e+00 4.5949276e+00 4.7924100e+00 5.3320164e+00 5.3508839e+00 5.4077962e+00 5.5677361e+00 5.7709864e+00 5.9817953e+00 5.7955642e+00 5.9650035e+00 6.0341515e+00 6.0993359e+00 5.9222510e+00 5.7989315e+00 6.2900993e+00 6.2681239e+00 6.0897823e+00 6.1400379e+00 6.1577259e+00 6.3794280e+00 6.2209659e+00 6.2957307e+00 6.4273368e+00 6.4737312e+00 6.0980981e+00 6.2634389e+00 6.3120105e+00 6.0151322e+00 6.1886847e+00 6.6570286e+00 6.0644444e+00 5.7066671e+00 5.4710888e+00 6.0936233e+00 6.6824208e+00
