presentation/data/depth_0057.asc
ncols     164
nrows     146
xllcorner -1.242151388888889e+02
yllcorner  4.172986111111111e+01
cellsize  2.777777777820000e-04
nodata_value       -9999
[rows 110 to 131 of 146, columns 50 to 99 of 164]
9.4202020e+00 8.8264904e+00 7.6247322e+00 5.7544899e+00 4.0674477e+00 3.1703224e+00 2.6943558e+00 2.7945865e+00 2.3009244e+00 3.6766624e+00 5.0570256e+00 5.5074148e+00 5.6674608e+00 4.1402043e+00 3.5960161e+00 3.3561787e+00 2.9752470e-01 6.5255240e-04 2.3129437e+00 3.0223129e+00 3.2876286e+00 3.6857842e+00 4.0230852e+00 4.2951200e+00 4.4762668e+00 4.5268981e+00 4.4483130e+00 4.5720323e+00 5.0198771e+00 5.4022999e+00 5.7873623e+00 5.9417799e+00 6.2890768e+00 6.3974037e+00 6.5411674e+00 6.6801588e+00 6.8422303e+00 6.9581256e+00 7.0438367e+00 7.1113559e+00 7.1966506e+00 7.2388309e+00 7.2523102e+00 7.1980554e+00 7.1784300e+00 7.1697247e+00 7.2429088e+00 7.3314994e+00 7.4125633e+00 7.5022069e+00
1.0940003e+01 1.0941234e+01 9.6814072e+00 6.7980086e+00 3.5179523e+00 2.0646788e+00 2.8902337e+00 2.8058873e+00 3.8136118e+00 4.9784697e+00 6.0301252e+00 6.9662520e+00 7.6652653e+00 3.5710319e+00 4.0826370e+00 5.0615506e+00 2.7943266e+00 4.0256093e-04 8.7972009e-04 2.3905020e+00 2.9711862e+00 3.3250761e+00 3.6631016e+00 3.9300530e+00 4.1426612e+00 4.2656569e+00 4.3048683e+00 4.2393374e+00 4.4652774e+00 4.9992565e+00 5.4206687e+00 5.7689109e+00 6.0112972e+00 6.3289744e+00 6.4591666e+00 6.6008531e+00 6.7327735e+00 6.8610367e+00 6.9480105e+00 7.0262333e+00 7.0675118e+00 7.0754995e+00 7.0509984e+00 7.0287241e+00 7.0483313e+00 7.1137112e+00 7.2379908e+00 7.3696988e+00 7.4921145e+00 7.5900475e+00
1.2055108e+01 1.2283454e+01 1.1436079e+01 8.1168762e+00 1.5953620e-04 0.0000000e+00 4.4353411e-04 2.7325584e+00 4.2329755e+00 5.7707827e+00 7.1522498e+00 8.1819079e+00 9.0721828e+00 9.2491030e+00 9.4981979e+00 9.1735359e+00 7.7485200e+00 1.7303641e+00 1.7805428e-04 1.2165488e-01 2.7431943e+00 3.0520587e+00 3.3428044e+00 3.6133519e+00 3.8366451e+00 4.0021325e+00 4.1091025e+00 4.1398000e+00 4.1804995e+00 4.5990207e+00 5.0870831e+00 5.4715330e+00 5.7885664e+00 6.0503085e+00 6.2303421e+00 6.3142638e+00 6.2883448e+00 6.4183595e+00 6.5104289e+00 6.5956028e+00 6.6852421e+00 6.7273555e+00 6.7835493e+00 6.8345557e+00 6.9168253e+00 7.0577196e+00 7.2733210e+00 7.4436010e+00 7.5965555e+00 7.7339441e+00
1.3088615e+01 1.2174044e+01 1.2217338e+01 9.3853013e+00 2.4225685e-01 0.0000000e+00 0.0000000e+00 6.9027058e-04 6.4309753e+00 7.3653267e+00 8.6650426e+00 9.1137722e+00 9.7217600e+00 1.0120486e+01 1.0565795e+01 1.0092338e+01 9.8034574e+00 8.2642032e+00 5.9723885e-01 8.6583341e-04 2.2297914e+00 2.8665777e+00 3.0396227e+00 3.3220059e+00 3.5484937e+00 3.7517797e+00 3.9128230e+00 4.0674574e+00 4.2757831e+00 4.4367346e+00 4.8872853e+00 5.2706883e+00 5.5737455e+00 5.7588819e+00 5.7499561e+00 5.5624159e+00 5.4788739e+00 5.6007188e+00 5.8490674e+00 6.0379807e+00 6.2022662e+00 6.3570592e+00 6.5464157e+00 6.7432464e+00 6.8903875e+00 7.0842047e+00 7.2926505e+00 7.5362623e+00 7.7453322e+00 7.9030510e+00
1.3575181e+01 1.3949356e+01 1.3580705e+01 1.1738711e+01 8.1638861e+00 5.2946257e+00 1.6937452e+00 3.3318149e+00 9.7416492e+00 9.0637671e+00 1.0124590e+01 8.8244238e+00 9.9050538e+00 1.0360887e+01 1.0810170e+01 1.0711185e+01 1.0079157e+01 9.6420706e+00 6.7901729e+00 5.7039440e-04 8.8639603e-04 2.8276416e+00 2.8445256e+00 3.0460982e+00 3.2895605e+00 3.5202900e+00 3.7120811e+00 3.9452545e+00 4.2949529e+00 4.6535384e+00 4.7913964e+00 5.0535449e+00 5.2389479e+00 5.1912871e+00 4.9356608e+00 4.7842739e+00 4.8545227e+00 5.3057991e+00 5.6430021e+00 5.7649434e+00 5.9683412e+00 6.1482903e+00 6.4343391e+00 6.7252812e+00 6.9585453e+00 7.1684050e+00 7.4433581e+00 7.7306559e+00 8.0052891e+00 8.1432030e+00
1.3719979e+01 1.4210390e+01 1.3939764e+01 1.0680260e+01 1.1730957e+01 1.1463986e+01 1.0436547e+01 1.1213221e+01 1.1538936e+01 1.1348894e+01 1.0847749e+01 1.0504328e+01 1.1870083e+01 1.1807676e+01 1.1168806e+01 1.1150091e+01 1.1173674e+01 1.0291505e+01 7.9175245e+00 3.6285067e+00 3.7057830e-04 1.5012259e+00 2.7959728e+00 2.8344287e+00 3.0599816e+00 3.2825530e+00 3.5048853e+00 3.7663636e+00 4.1488696e+00 4.5433471e+00 4.8358420e+00 4.8097083e+00 4.7684971e+00 4.4902659e+00 4.3464972e+00 4.3731345e+00 4.5558572e+00 5.0762250e+00 5.5737886e+00 5.6629497e+00 5.9028669e+00 6.1903673e+00 6.5021001e+00 6.7894630e+00 7.0446892e+00 7.3058039e+00 7.6263337e+00 7.9741001e+00 8.3228460e+00 8.4423386e+00
1.4073331e+01 1.4219387e+01 1.4302594e+01 1.4816735e+01 1.4108525e+01 1.3819859e+01 1.3708869e+01 1.3483363e+01 1.2918437e+01 1.2260796e+01 1.2156328e+01 1.2227421e+01 1.2239854e+01 1.2085940e+01 1.1665958e+01 1.1914492e+01 1.1738662e+01 1.0995174e+01 9.9141546e+00 6.9395765e+00 1.2429342e+00 5.1807990e-04 1.8825663e+00 2.7830760e+00 2.8901126e+00 3.1048271e+00 3.3369818e+00 3.5879272e+00 3.9296835e+00 4.2613864e+00 4.5870328e+00 4.5754507e+00 4.2841342e+00 4.1237517e+00 4.0863146e+00 4.2629490e+00 4.4603126e+00 4.7545902e+00 5.1250352e+00 5.5395077e+00 5.9193853e+00 6.2861811e+00 6.6288212e+00 6.8981174e+00 7.1468058e+00 7.4303970e+00 7.8138713e+00 8.5560156e+00 8.6123085e+00 8.5393862e+00
1.5309239e+01 1.5170679e+01 1.4840715e+01 1.4217447e+01 1.4636095e+01 1.4435860e+01 1.4030076e+01 1.3958511e+01 1.3119323e+01 1.2923663e+01 1.2769180e+01 1.2950732e+01 1.2971386e+01 1.2668445e+01 1.1806767e+01 1.1838362e+01 1.1502736e+01 1.0844866e+01 1.0996894e+01 1.0382046e+01 6.7431634e+00 4.0221172e-04 9.3570915e-04 2.2861271e+00 2.7880220e+00 2.8726310e+00 3.0178808e+00 3.1978224e+00 3.4115792e+00 3.6223131e+00 3.8507702e+00 3.9944932e+00 3.9794510e+00 3.9117516e+00 3.9259146e+00 4.0671432e+00 4.3385491e+00 4.7224408e+00 5.1254054e+00 5.6612655e+00 6.0827846e+00 6.3927834e+00 6.7615583e+00 7.0569759e+00 7.3072019e+00 7.5592046e+00 7.5791123e+00 7.9449853e+00 8.6604920e+00 8.6964478e+00
1.5608172e+01 1.6063780e+01 1.5806635e+01 1.5454630e+01 1.5063284e+01 1.4389931e+01 1.4199743e+01 1.4010936e+01 1.3916569e+01 1.3509085e+01 1.2975213e+01 1.3235830e+01 1.3150502e+01 1.3091752e+01 1.2307375e+01 1.1356236e+01 1.2102045e+01 1.1077963e+01 1.0439750e+01 1.0912570e+01 8.8900796e+00 5.4583803e-04 7.4882695e-04 1.1375896e-01 2.3614230e+00 2.7963149e+00 2.9461568e+00 2.9207700e+00 2.9798634e+00 3.0304015e+00 3.0606112e+00 3.2639800e+00 3.4927879e+00 3.6748374e+00 3.6841429e+00 3.8667339e+00 4.2126805e+00 4.6987119e+00 5.2589371e+00 5.7929794e+00 6.3538387e+00 6.6597667e+00 7.0035619e+00 7.2737534e+00 7.5694624e+00 7.8443301e+00 8.0564688e+00 8.2674233e+00 8.6839182e+00 8.9410139e+00
1.5696923e+01 1.5331235e+01 1.5782940e+01 1.5480328e+01 1.4966062e+01 1.4119283e+01 1.4414674e+01 1.4324000e+01 1.4535865e+01 1.4135910e+01 1.3145916e+01 1.3011439e+01 1.2611417e+01 1.3521194e+01 1.3471770e+01 1.2533142e+01 1.2494695e+01 1.1347307e+01 1.1784952e+01 1.1248556e+01 1.0820714e+01 4.0538498e+00 0.0000000e+00 8.9422842e-04 9.6835226e-04 2.1901078e+00 2.2643753e+00 2.5417787e+00 2.4101585e+00 2.6445823e+00 2.6538900e+00 2.6467540e+00 2.9433359e+00 3.2131441e+00 3.5807535e+00 3.7224968e+00 4.0751091e+00 4.8101092e+00 5.5666680e+00 6.2017531e+00 6.7042546e+00 7.0254815e+00 7.3664958e+00 7.6481391e+00 7.9447317e+00 8.2285329e+00 8.5577633e+00 8.8527836e+00 9.0435101e+00 9.2322353e+00
1.5891790e+01 1.5992624e+01 1.5827603e+01 1.5272990e+01 1.4993373e+01 1.4863965e+01 1.4915454e+01 1.4535826e+01 1.3581746e+01 1.4506236e+01 1.3644329e+01 1.3234183e+01 1.3217774e+01 1.3303998e+01 1.3800338e+01 1.3750891e+01 1.3257705e+01 1.2804843e+01 1.2106629e+01 1.0740399e+01 1.1361075e+01 9.2005769e+00 2.4588639e-01 8.4468448e-04 9.5671527e-04 4.3937465e-04 8.0606990e-04 9.4311338e-04 9.8730022e-04 7.6022689e-04 1.9935603e+00 1.4456735e+00 2.8732965e+00 2.8638826e+00 3.0473643e+00 3.9494295e+00 4.2791827e+00 4.8867994e+00 6.1116178e+00 6.9410012e+00 7.3049810e+00 7.5555714e+00 7.8714951e+00 8.1725396e+00 8.4711855e+00 8.7299176e+00 9.0172704e+00 9.2790575e+00 9.4839368e+00 9.6330233e+00
1.6220134e+01 1.6025592e+01 1.6138453e+01 1.5698180e+01 1.5159377e+01 1.5034988e+01 1.4809263e+01 1.4747609e+01 1.4498690e+01 1.5048523e+01 1.4133831e+01 1.3652323e+01 1.3397698e+01 1.3515295e+01 1.3997057e+01 1.3517373e+01 1.3809664e+01 1.3073340e+01 1.2275648e+01 1.1896478e+01 1.1672353e+01 1.2148832e+01 8.7619647e+00 1.9649503e+00 8.0765979e-04 7.4310988e-04 9.4559988e-04 1.8259618e-04 9.5528581e-04 8.3350153e-04 7.8319439e-04 8.2986482e-04 9.2298688e-04 9.4824834e-04 8.2420691e-04 6.3637569e-01 1.7259083e+00 3.2133598e+00 7.6237709e+00 7.9668691e+00 8.1192405e+00 8.3249230e+00 8.6004870e+00 8.8446057e+00 9.0927943e+00 9.3034881e+00 9.5256756e+00 9.6856691e+00 9.8633744e+00 1.0067570e+01
1.6649529e+01 1.6547254e+01 1.6407726e+01 1.5942830e+01 1.5465659e+01 1.5265064e+01 1.5160180e+01 1.5131097e+01 1.5149654e+01 1.4921603e+01 1.4444174e+01 1.4167936e+01 1.4066301e+01 1.4073167e+01 1.4413529e+01 1.4277696e+01 1.2987285e+01 1.3144009e+01 1.2882701e+01 1.2399696e+01 1.1521164e+01 1.2397325e+01 1.2057980e+01 9.6256743e+00 8.2108949e+00 3.5362341e+00 2.4311614e+00 4.1953334e+00 8.8457526e+00 8.8695810e+00 9.2722383e+00 8.8413705e+00 7.5781442e+00 6.3205496e+00 4.3618871e+00 2.4864222e+00 4.4462998e-01 9.5940926e-01 9.2819302e+00 9.4755893e+00 9.2199496e+00 9.2822291e+00 9.4434304e+00 9.6055586e+00 9.7450878e+00 9.8960169e+00 9.9982597e+00 1.0086692e+01 1.0102781e+01 1.0346606e+01
1.6417334e+01 1.6545488e+01 1.6528651e+01 1.6187057e+01 1.5973129e+01 1.4456825e+01 1.5278736e+01 1.5685119e+01 1.5336001e+01 1.5081394e+01 1.4836914e+01 1.4761474e+01 1.4609424e+01 1.4683111e+01 1.4593812e+01 1.4354319e+01 1.4458659e+01 1.3046321e+01 1.3371443e+01 1.3048015e+01 1.2743161e+01 1.2534255e+01 1.2389505e+01 1.2306651e+01 1.1091586e+01 6.0565749e+00 4.6313647e+00 6.4048503e+00 9.0693171e+00 1.1863789e+01 1.1742355e+01 1.1409059e+01 1.1638021e+01 1.1229472e+01 1.0933601e+01 1.1519187e+01 1.1145365e+01 1.0460143e+01 1.0936487e+01 1.0443064e+01 1.0232761e+01 1.0195750e+01 1.0233242e+01 1.0265949e+01 1.0304141e+01 1.0386862e+01 1.0463108e+01 1.0481121e+01 1.0345051e+01 1.0336599e+01
1.7075372e+01 1.7000756e+01 1.6804392e+01 1.6590769e+01 1.6267556e+01 1.2620749e+01 1.5278627e+01 1.6203493e+01 1.5821009e+01 1.5601580e+01 1.5427073e+01 1.5340887e+01 1.5093554e+01 1.5052967e+01 1.4968167e+01 1.4647593e+01 1.4478796e+01 1.3306083e+01 1.3426791e+01 1.3869218e+01 1.3822401e+01 1.3214465e+01 1.2503409e+01 1.2402565e+01 1.2122731e+01 9.4578969e+00 6.4291740e+00 6.6807932e+00 9.0496938e+00 1.1845531e+01 1.1112802e+01 1.1726369e+01 1.1485210e+01 1.1860822e+01 1.2114412e+01 1.2004592e+01 1.0964510e+01 1.1341376e+01 1.1098943e+01 1.0931517e+01 1.0829673e+01 1.0775507e+01 1.0730770e+01 1.0728727e+01 1.0728655e+01 1.0752522e+01 1.0821627e+01 1.0136234e+01 1.0578957e+01 1.0695153e+01
1.7345174e+01 1.7248616e+01 1.7183915e+01 1.6938647e+01 1.6944957e+01 1.6884046e+01 1.6848869e+01 1.6753391e+01 1.6645827e+01 1.6416758e+01 1.6118428e+01 1.6034233e+01 1.5694024e+01 1.5716193e+01 1.5459629e+01 1.5076808e+01 1.3306340e+01 1.4378334e+01 1.4329142e+01 1.3830735e+01 1.3746972e+01 1.4087424e+01 1.3361254e+01 1.2904046e+01 1.2564957e+01 1.2034426e+01 9.2532776e+00 9.0029416e+00 1.2108273e+01 1.1828482e+01 1.1188572e+01 1.1762413e+01 1.1035119e+01 1.1267354e+01 1.2093781e+01 1.2084655e+01 1.2304169e+01 1.1730200e+01 1.1409992e+01 1.1301366e+01 1.1192231e+01 1.1117487e+01 1.1080672e+01 1.1046872e+01 1.1050800e+01 1.1010622e+01 1.0960203e+01 9.7263469e+00 1.0097393e+01 1.0897242e+01
1.7639126e+01 1.7539257e+01 1.7488117e+01 1.7445725e+01 1.7332097e+01 1.7179331e+01 1.7132235e+01 1.6817853e+01 1.7043586e+01 1.6797503e+01 1.6793844e+01 1.6307667e+01 1.6170381e+01 1.5995026e+01 1.5840089e+01 1.5354430e+01 1.4678505e+01 1.5024737e+01 1.4960386e+01 1.4842369e+01 1.4329110e+01 1.4787167e+01 1.4252701e+01 1.3571500e+01 1.3247267e+01 1.2440440e+01 1.2638741e+01 1.3052449e+01 1.2698500e+01 1.2170319e+01 1.1932749e+01 1.1887749e+01 1.1713446e+01 1.1977260e+01 1.2197228e+01 1.2509557e+01 1.2423479e+01 1.2156237e+01 1.1660313e+01 1.1502372e+01 1.1405800e+01 1.1324452e+01 1.1270906e+01 1.1211151e+01 1.1190091e+01 1.1153846e+01 1.1087386e+01 1.1132058e+01 1.1193733e+01 1.1178810e+01
1.7974510e+01 1.7871653e+01 1.7794676e+01 1.7807444e+01 1.7673803e+01 1.7509672e+01 1.7321641e+01 1.7191612e+01 1.7144684e+01 1.6983189e+01 1.6814166e+01 1.6750594e+01 1.6504496e+01 1.6237227e+01 1.6158534e+01 1.6023834e+01 1.5618538e+01 1.5310233e+01 1.5347695e+01 1.5236356e+01 1.5221944e+01 1.5241135e+01 1.5025009e+01 1.4171510e+01 1.3740051e+01 1.2943647e+01 1.3699334e+01 1.3327608e+01 1.2919862e+01 1.2423531e+01 1.2247779e+01 1.1753899e+01 1.1130315e+01 1.1868217e+01 1.0699227e+01 1.2222391e+01 1.2581632e+01 1.2289540e+01 1.1897801e+01 1.1669442e+01 1.1541386e+01 1.1439347e+01 1.1369539e+01 1.1293217e+01 1.1253448e+01 1.1249247e+01 1.1170159e+01 1.1191084e+01 1.1168779e+01 1.1171709e+01
1.8278721e+01 1.8171285e+01 1.8073334e+01 1.8009534e+01 1.8044554e+01 1.7865112e+01 1.7602578e+01 1.7393692e+01 1.7276235e+01 1.7187619e+01 1.6992525e+01 1.6913589e+01 1.6750643e+01 1.6629953e+01 1.6353586e+01 1.5926335e+01 1.5697268e+01 1.5317417e+01 1.5572421e+01 1.5566650e+01 1.5533328e+01 1.5354261e+01 1.5287875e+01 1.4558717e+01 1.4454847e+01 1.4216009e+01 1.3945898e+01 1.3553253e+01 1.3462751e+01 1.2881931e+01 1.2821830e+01 1.2456580e+01 1.1775366e+01 1.1883513e+01 1.1999460e+01 1.2774338e+01 1.2802708e+01 1.2340676e+01 1.2030586e+01 1.1836844e+01 1.1690552e+01 1.1572022e+01 1.1496508e+01 1.1410539e+01 1.1364996e+01 1.1336898e+01 1.1298818e+01 1.1323094e+01 1.1326730e+01 1.1263359e+01
1.8576431e+01 1.8612457e+01 1.8418209e+01 1.8136230e+01 1.8020138e+01 1.7910039e+01 1.7801907e+01 1.7588891e+01 1.7434358e+01 1.7386660e+01 1.7216488e+01 1.7092733e+01 1.6996253e+01 1.7047808e+01 1.6691760e+01 1.6690407e+01 1.6064452e+01 1.5326435e+01 1.5767613e+01 1.5930370e+01 1.5869715e+01 1.5643046e+01 1.5081799e+01 1.4814198e+01 1.4734537e+01 1.4685911e+01 1.4181822e+01 1.3351153e+01 1.3831743e+01 1.3899042e+01 1.2897308e+01 1.2768583e+01 1.2649219e+01 1.2146608e+01 1.2764702e+01 1.2806714e+01 1.1816304e+01 1.2326449e+01 1.2256134e+01 1.2039133e+01 1.1878588e+01 1.1759000e+01 1.1679397e+01 1.1600677e+01 1.1558388e+01 1.1551279e+01 1.1550278e+01 1.1154401e+01 1.1624862e+01 1.1525501e+01
1.8795784e+01 1.8585470e+01 1.8579269e+01 1.8340423e+01 1.8125807e+01 1.8065674e+01 1.8061442e+01 1.7861336e+01 1.7731668e+01 1.7663925e+01 1.7583115e+01 1.7484407e+01 1.7417314e+01 1.7371535e+01 1.7076292e+01 1.6943635e+01 1.6373350e+01 1.3297795e+01 1.5282165e+01 1.5743921e+01 1.5522374e+01 1.5459424e+01 1.5469723e+01 1.5346582e+01 1.5189006e+01 1.5237187e+01 1.4467863e+01 1.4033690e+01 1.2632366e+01 1.3393114e+01 1.3850330e+01 1.3533736e+01 1.3085484e+01 1.1822471e+01 1.2270308e+01 1.2016256e+01 1.1572354e+01 1.2418211e+01 1.2413567e+01 1.2216993e+01 1.2042839e+01 1.1920771e+01 1.1862544e+01 1.1833071e+01 1.1870681e+01 1.1928728e+01 1.1830346e+01 1.1432666e+01 1.1734174e+01 1.1874575e+01
1.8888589e+01 1.8777756e+01 1.8626374e+01 1.8514519e+01 1.8319371e+01 1.8249968e+01 1.8240844e+01 1.8233800e+01 1.8176600e+01 1.8089842e+01 1.8009468e+01 1.7886299e+01 1.7729461e+01 1.7498702e+01 1.7395243e+01 1.6972926e+01 1.6655731e+01 1.6195750e+01 1.6508441e+01 1.6104940e+01 1.5902928e+01 1.5347082e+01 1.5015111e+01 1.5478112e+01 1.5553258e+01 1.5622546e+01 1.4975227e+01 1.4495449e+01 1.4167804e+01 1.4151119e+01 1.3961842e+01 1.3553679e+01 1.3286418e+01 1.3271675e+01 1.3138949e+01 1.3107227e+01 1.2925601e+01 1.2815962e+01 1.2586501e+01 1.2399903e+01 1.2246416e+01 1.2132075e+01 1.2084537e+01 1.2096564e+01 1.1980019e+01 1.1952385e+01 1.2002598e+01 9.9089386e+00 9.3624227e+00 1.0706056e+01
