presentation/data/depth_0060.asc
ncols     164
nrows     146
xllcorner -1.242151388888889e+02
yllcorner  4.172986111111111e+01
cellsize  2.777777777820000e-04
nodata_value       -9999
[rows 110 to 131 of 146, columns 100 to 149 of 164]
7.3682311e+00 7.3383596e+00 7.3478063e+00 7.3268783e+00 7.2495631e+00 7.2910374e+00 4.3476489e+00 1.6602294e+00 3.5958720e-01 3.2961355e-03 8.6855345e-04 5.1921472e-04 9.8752852e-04 8.6493840e-01 2.0022887e+00 2.5818196e+00 2.8391814e+00 2.5918791e+00 2.6304393e+00 4.1707723e+00 5.0250281e+00 5.1859413e+00 5.3337873e+00 5.2405725e+00 4.7213439e+00 4.8625849e+00 4.8540643e+00 4.9967004e+00 5.0504220e+00 5.2771202e+00 5.1422135e+00 4.5396331e+00 4.8301556e+00 5.4207908e+00 5.9537754e+00 6.1277246e+00 6.1362784e+00 5.8742900e+00 5.8346700e+00 5.9464146e+00 6.0982837e+00 6.1497627e+00 6.2133898e+00 6.3956953e+00 6.4699508e+00 6.5297969e+00 6.5658397e+00 6.4419261e+00 6.3405645e+00 6.1673745e+00
7.4426079e+00 7.4744486e+00 7.4385376e+00 7.3945292e+00 7.3045438e+00 7.3993275e+00 7.2765648e+00 5.3480251e+00 3.7535559e+00 3.5153333e+00 1.7798542e+00 2.1089522e+00 2.6455616e+00 2.9610130e+00 2.8684201e+00 2.8564899e+00 3.3086856e+00 3.3230782e+00 3.1506135e+00 4.3314140e+00 5.0917784e+00 5.2167927e+00 5.3958995e+00 5.4060684e+00 4.8499774e+00 4.6384492e+00 4.5496478e+00 5.0052522e+00 5.2055741e+00 5.4699679e+00 5.5619814e+00 5.4154121e+00 5.3922350e+00 5.6223183e+00 6.2949993e+00 6.5896217e+00 6.4944134e+00 6.2756910e+00 6.0759685e+00 6.1225747e+00 6.3159748e+00 6.3626072e+00 6.2997530e+00 6.3725047e+00 6.4626606e+00 6.5471833e+00 6.6995222e+00 6.6396149e+00 6.4675268e+00 6.3533091e+00
7.5265053e+00 7.5931925e+00 7.6214024e+00 7.5703590e+00 7.5283306e+00 7.4311945e+00 7.5052524e+00 7.8353134e+00 7.4866516e+00 6.3746038e+00 5.3450034e+00 5.2073763e+00 5.4138489e+00 4.9280139e+00 3.7980460e+00 3.4220561e+00 3.9039150e+00 4.0376199e+00 4.2217774e+00 4.9932592e+00 5.3339920e+00 5.1313809e+00 5.2165573e+00 5.2684931e+00 5.0689045e+00 5.0262898e+00 4.5227981e+00 5.1661487e+00 5.5296958e+00 5.8739440e+00 6.2292198e+00 6.3867866e+00 6.0644178e+00 5.7722949e+00 6.2833343e+00 6.7317463e+00 6.7519974e+00 6.5313044e+00 6.2562230e+00 6.2201755e+00 6.4664728e+00 6.4376851e+00 6.3974415e+00 6.3901427e+00 6.4291295e+00 6.4813787e+00 6.6370413e+00 6.6837054e+00 6.6056962e+00 6.5704289e+00
7.6730400e+00 7.7371408e+00 7.7725699e+00 7.7747200e+00 7.7559753e+00 7.7012016e+00 7.6103961e+00 7.5851270e+00 7.3732829e+00 6.8333362e+00 7.1668668e+00 6.9492108e+00 6.6932906e+00 6.0823312e+00 5.0945033e+00 4.7855041e+00 4.9445786e+00 5.2175239e+00 5.6223479e+00 6.0145505e+00 5.9332525e+00 5.5507520e+00 5.3283686e+00 5.3803440e+00 5.4985593e+00 5.8679680e+00 5.4630544e+00 5.7316060e+00 5.9769092e+00 6.2599116e+00 6.6881216e+00 7.2201990e+00 6.6637292e+00 6.3318669e+00 6.6705398e+00 7.0465046e+00 7.1186383e+00 6.8442620e+00 6.5638122e+00 6.4685950e+00 6.5407708e+00 6.4993109e+00 6.4577825e+00 6.4319026e+00 6.4785137e+00 6.5658012e+00 6.6986294e+00 6.7556263e+00 6.7347543e+00 6.7275689e+00
7.8440725e+00 7.9256723e+00 7.9586435e+00 8.0024578e+00 8.0141124e+00 7.9683020e+00 7.8919590e+00 7.8054013e+00 7.6790455e+00 7.5980503e+00 8.0456118e+00 7.6828588e+00 7.6025016e+00 7.3666197e+00 6.8566733e+00 6.4962261e+00 6.5138786e+00 6.5187232e+00 6.8107853e+00 6.9664172e+00 6.8023050e+00 6.2335270e+00 5.7526180e+00 5.7988071e+00 6.1049622e+00 6.3414570e+00 6.3112658e+00 6.4155462e+00 6.5526160e+00 6.5714086e+00 6.5797916e+00 6.9668521e+00 6.8347005e+00 6.7949799e+00 7.1120366e+00 7.5339567e+00 7.7450175e+00 7.2819109e+00 6.7936479e+00 6.7078133e+00 6.6724867e+00 6.5742900e+00 6.5756349e+00 6.5446228e+00 6.5913478e+00 6.7171932e+00 6.8230591e+00 6.8975759e+00 6.8553396e+00 6.7769765e+00
8.0721774e+00 8.1424900e+00 8.1787166e+00 8.2044112e+00 8.2298863e+00 8.1971562e+00 8.1646151e+00 8.0754945e+00 7.9635242e+00 7.9381064e+00 7.8891335e+00 8.1167280e+00 8.7295645e+00 8.6087019e+00 8.3306087e+00 8.0728823e+00 7.6892106e+00 7.6199588e+00 7.9974625e+00 8.0729560e+00 7.7985535e+00 7.1480178e+00 6.6177882e+00 6.5288278e+00 6.7528378e+00 6.9462349e+00 6.9957003e+00 7.1112763e+00 7.1801456e+00 6.9667822e+00 6.8020836e+00 6.9161142e+00 6.9561338e+00 7.0818266e+00 7.3993080e+00 7.9115026e+00 8.2448694e+00 7.7144286e+00 7.1320102e+00 7.0516465e+00 6.9758310e+00 6.8212165e+00 6.7819425e+00 6.7253578e+00 6.7795614e+00 6.9244030e+00 6.9985533e+00 7.0696093e+00 6.9900506e+00 6.8580387e+00
8.2926437e+00 8.2780063e+00 8.3531304e+00 8.4768763e+00 8.5085565e+00 8.5571639e+00 8.4226912e+00 8.3619646e+00 8.2197204e+00 8.3004294e+00 8.3707295e+00 8.9424032e+00 9.6935412e+00 9.4123432e+00 9.1191224e+00 8.5923123e+00 7.8478914e+00 7.9287868e+00 8.8340978e+00 8.7983872e+00 8.2968944e+00 7.7391349e+00 7.3100789e+00 7.2129515e+00 7.3491116e+00 7.4548822e+00 7.7463761e+00 7.4509992e+00 7.3973944e+00 7.1571171e+00 6.9733009e+00 6.9302615e+00 6.9800330e+00 7.1717181e+00 7.4078806e+00 7.8593906e+00 8.1003951e+00 7.7840190e+00 7.3442143e+00 7.2971218e+00 7.3350416e+00 7.2084902e+00 6.9731455e+00 6.8562052e+00 7.0001770e+00 7.2310193e+00 7.1284260e+00 7.1145419e+00 7.0372516e+00 6.9407705e+00
8.3104844e+00 8.4771803e+00 8.5384430e+00 8.6371163e+00 8.7402937e+00 8.7314025e+00 8.6795624e+00 8.5211145e+00 8.3571963e+00 8.5869284e+00 8.9459710e+00 9.1293318e+00 8.8860146e+00 8.8369115e+00 8.7395907e+00 8.4275987e+00 7.5691320e+00 6.7453375e+00 8.4924301e+00 8.7728344e+00 8.5046508e+00 8.2209512e+00 8.0763092e+00 8.0796030e+00 8.2045613e+00 8.3075522e+00 8.3260797e+00 7.9038004e+00 7.7456240e+00 7.4625964e+00 7.1531248e+00 6.9563777e+00 6.9152881e+00 7.1228637e+00 7.3995321e+00 7.6249718e+00 7.7413288e+00 7.5922773e+00 7.3607491e+00 7.1948581e+00 7.3657732e+00 7.3946549e+00 7.3572355e+00 7.1630777e+00 7.2324893e+00 7.3846649e+00 7.2498848e+00 7.1484268e+00 7.0822695e+00 7.0304306e+00
8.5881403e+00 8.7532287e+00 8.8564118e+00 8.8374813e+00 8.8536902e+00 8.9783293e+00 8.9133074e+00 8.6379508e+00 8.8771144e+00 9.4669075e+00 9.6698815e+00 9.7415885e+00 9.1663744e+00 8.9349130e+00 8.2233544e+00 8.8410795e+00 8.9038844e+00 7.9052156e+00 8.0996544e+00 8.2229051e+00 8.2893648e+00 8.3825188e+00 8.5267108e+00 8.7421155e+00 8.7477768e+00 8.7553088e+00 8.6329708e+00 8.3988793e+00 8.1338813e+00 7.7255482e+00 7.3314108e+00 7.0515268e+00 6.9253586e+00 7.1523395e+00 7.3747955e+00 7.4747086e+00 7.5328732e+00 7.4843715e+00 7.4133528e+00 7.3109035e+00 7.4166982e+00 7.5371609e+00 7.6709752e+00 7.5011733e+00 7.4331266e+00 7.4234916e+00 7.2914395e+00 7.1540441e+00 7.1139677e+00 7.1139519e+00
8.8905176e+00 8.5781464e+00 8.9880941e+00 9.4972519e+00 9.7096279e+00 9.3379781e+00 9.1485714e+00 8.5960665e+00 8.5910217e+00 9.9011208e+00 9.7624347e+00 9.6968908e+00 9.9471463e+00 1.0236307e+01 9.6607210e+00 9.8272137e+00 9.5557028e+00 8.6499774e+00 7.3840125e+00 7.3964150e+00 7.9553630e+00 8.3584604e+00 8.7262536e+00 9.0817695e+00 9.0214662e+00 8.9558028e+00 8.8763844e+00 8.7343028e+00 8.5307508e+00 8.0515291e+00 7.5637576e+00 7.3416482e+00 7.2816722e+00 7.4492528e+00 7.6103876e+00 7.5493355e+00 7.5079192e+00 7.4815752e+00 7.4434142e+00 7.3765403e+00 7.4243242e+00 7.4783917e+00 7.6247436e+00 7.6134075e+00 7.5382254e+00 7.4510423e+00 7.3147932e+00 7.1689270e+00 7.1504765e+00 7.2023385e+00
9.0069538e+00 9.0926478e+00 9.2777200e+00 1.0175047e+01 1.1192677e+01 1.0878218e+01 1.0878341e+01 9.4817188e+00 8.3998948e+00 9.4588475e+00 9.1953095e+00 9.4562451e+00 1.0053623e+01 1.0302610e+01 1.0327836e+01 1.0133494e+01 9.5862400e+00 8.3273582e+00 6.5581927e+00 7.1450786e+00 8.1032333e+00 8.4958237e+00 8.8906779e+00 9.2078196e+00 9.1814647e+00 9.0805301e+00 9.0125168e+00 8.9751360e+00 8.9431171e+00 8.4598403e+00 7.9564007e+00 7.7600674e+00 7.7232204e+00 7.8495434e+00 8.0222419e+00 7.8817058e+00 7.7134720e+00 7.6280063e+00 7.5725233e+00 7.5235980e+00 7.4958183e+00 7.6026168e+00 7.6839406e+00 7.6922724e+00 7.6326626e+00 7.5480953e+00 7.4572515e+00 7.3468531e+00 7.3297042e+00 7.3486962e+00
9.7631629e+00 9.5476054e+00 9.7554473e+00 1.0376993e+01 1.0771224e+01 1.1579028e+01 1.2537215e+01 1.1929944e+01 1.1129309e+01 1.0634552e+01 9.9809737e+00 1.0048854e+01 1.0172141e+01 1.0117593e+01 1.0235255e+01 1.0203337e+01 9.9831135e+00 9.5247968e+00 9.1483962e+00 8.6914319e+00 8.5649152e+00 8.8487653e+00 9.1709498e+00 9.3694324e+00 9.3322721e+00 9.1625712e+00 9.0443907e+00 9.0176780e+00 8.9453406e+00 8.6132259e+00 8.3003934e+00 8.1280840e+00 8.1214801e+00 8.1343944e+00 8.1525379e+00 8.0679885e+00 7.9642968e+00 7.8866205e+00 7.7747198e+00 7.7228619e+00 7.6777731e+00 7.7635872e+00 7.8249617e+00 7.8393975e+00 7.7677379e+00 7.6966778e+00 7.6223990e+00 7.5564214e+00 7.5433825e+00 7.5288752e+00
1.0436511e+01 1.0394788e+01 1.0442809e+01 1.0615821e+01 1.0536659e+01 1.0776341e+01 1.1003849e+01 1.1403092e+01 1.1084353e+01 1.0648380e+01 1.0330282e+01 1.0346781e+01 1.0183608e+01 1.0073284e+01 1.0078738e+01 1.0163178e+01 1.0263577e+01 1.0197173e+01 1.0023482e+01 9.5193210e+00 9.1958947e+00 9.3160744e+00 9.5200047e+00 9.6261988e+00 9.5398815e+00 9.4511558e+00 9.1885848e+00 9.0120906e+00 8.8910873e+00 8.6814670e+00 8.5045581e+00 8.3962113e+00 8.4033938e+00 8.3281607e+00 8.2743731e+00 8.2486887e+00 8.2147510e+00 8.0870460e+00 7.9566363e+00 7.8788533e+00 7.8764923e+00 7.9240390e+00 7.9911710e+00 8.0416501e+00 7.9552883e+00 7.8898594e+00 7.8165767e+00 7.7668455e+00 7.7437852e+00 7.7322310e+00
1.0870430e+01 1.1047258e+01 1.0862548e+01 1.0759401e+01 9.9386911e+00 9.6961287e+00 1.0747297e+01 1.0640299e+01 1.0520751e+01 1.0288704e+01 1.0143017e+01 1.0485644e+01 1.0161374e+01 9.9698497e+00 9.8607128e+00 9.7765562e+00 1.0288068e+01 1.0302389e+01 1.0077699e+01 9.7744034e+00 9.6049750e+00 9.6782189e+00 9.8731118e+00 9.9588665e+00 9.7346791e+00 9.6237160e+00 9.3370077e+00 9.0543815e+00 8.9017803e+00 8.7543708e+00 8.6492861e+00 8.5801482e+00 8.5298027e+00 8.4183517e+00 8.3576885e+00 8.3723487e+00 8.3862023e+00 8.2093869e+00 8.0841870e+00 8.0291367e+00 8.0353733e+00 8.0636235e+00 8.1196575e+00 8.1520428e+00 8.0769170e+00 8.0150135e+00 7.9622862e+00 7.9366376e+00 7.9015921e+00 7.8780507e+00
1.0809294e+01 1.1055246e+01 1.0942924e+01 1.0738449e+01 1.0234784e+01 9.9269275e+00 1.0319488e+01 1.0397791e+01 1.0157290e+01 1.0063734e+01 1.0159591e+01 1.0333479e+01 9.9300707e+00 9.6541235e+00 9.5234334e+00 9.5300552e+00 1.0042551e+01 1.0165765e+01 1.0056357e+01 9.8581326e+00 9.7704928e+00 9.9339255e+00 1.0181023e+01 1.0119354e+01 9.8221556e+00 9.5978019e+00 9.3670376e+00 9.2414574e+00 9.0611462e+00 8.8831519e+00 8.8087100e+00 8.7740468e+00 8.7806832e+00 8.6062137e+00 8.4015633e+00 8.3908113e+00 8.3868055e+00 8.3058827e+00 8.2269254e+00 8.2460622e+00 8.2481839e+00 8.1856746e+00 8.2098564e+00 8.2232085e+00 8.1949177e+00 8.1623634e+00 8.1236265e+00 8.1039393e+00 8.0905093e+00 8.0475056e+00
1.0572006e+01 1.0746682e+01 1.0783890e+01 1.0885694e+01 1.0996118e+01 1.1260179e+01 1.0814175e+01 1.0398306e+01 1.0299840e+01 1.0265097e+01 1.0247857e+01 9.9801630e+00 9.5500249e+00 9.2339442e+00 9.3134542e+00 9.5086828e+00 9.8185201e+00 9.9903072e+00 9.9789237e+00 9.8634426e+00 9.7901201e+00 1.0028104e+01 1.0221257e+01 1.0090456e+01 9.8698775e+00 9.6900060e+00 9.5277238e+00 9.3769560e+00 9.2430456e+00 9.1692159e+00 9.1043300e+00 8.9998797e+00 8.9780995e+00 8.7737242e+00 8.5543237e+00 8.4871334e+00 8.4309273e+00 8.3719577e+00 8.3760850e+00 8.4097868e+00 8.3992367e+00 8.3752461e+00 8.3860182e+00 8.3896197e+00 8.3774121e+00 8.3547735e+00 8.3164065e+00 8.3003009e+00 8.3586918e+00 8.3344672e+00
1.0598614e+01 1.0485284e+01 1.0512504e+01 1.0867279e+01 1.1291080e+01 1.1585915e+01 1.1317046e+01 1.0885860e+01 1.0804989e+01 1.0911915e+01 1.0401095e+01 9.9818098e+00 9.6600929e+00 9.4966186e+00 9.5296751e+00 9.6678126e+00 9.8996096e+00 1.0038814e+01 1.0052488e+01 1.0003557e+01 9.9935238e+00 1.0134431e+01 1.0238585e+01 1.0133008e+01 9.9780831e+00 9.7091597e+00 9.6515461e+00 9.5621239e+00 9.4656206e+00 9.4152954e+00 9.3209569e+00 9.0816802e+00 8.9984497e+00 8.8654298e+00 8.7174665e+00 8.6216730e+00 8.5322149e+00 8.4479137e+00 8.4863020e+00 8.5253528e+00 8.5306079e+00 8.5096043e+00 8.5164707e+00 8.5145453e+00 8.5249755e+00 8.5272699e+00 8.4548443e+00 8.4017111e+00 8.4602907e+00 8.4790706e+00
1.0550951e+01 1.0492790e+01 1.0416634e+01 1.0865952e+01 1.1205810e+01 1.1555268e+01 1.1650825e+01 1.1281472e+01 1.0987272e+01 1.0696283e+01 1.0069037e+01 1.0056077e+01 1.0002737e+01 9.9336633e+00 9.9354997e+00 1.0032831e+01 1.0120074e+01 1.0201121e+01 1.0229424e+01 1.0211346e+01 1.0243820e+01 1.0358805e+01 1.0392078e+01 1.0289408e+01 1.0100784e+01 9.9553673e+00 9.9258724e+00 9.8619759e+00 9.7031808e+00 9.6017614e+00 9.4474377e+00 9.2218422e+00 9.0810663e+00 8.9658583e+00 8.8681878e+00 8.7893996e+00 8.7372662e+00 8.6606709e+00 8.6680541e+00 8.6976505e+00 8.6870468e+00 8.6639858e+00 8.6343533e+00 8.6131064e+00 8.6452785e+00 8.6780906e+00 8.5857639e+00 8.5210718e+00 8.5441434e+00 8.5866026e+00
1.0621426e+01 1.0513865e+01 1.0479234e+01 1.0816065e+01 1.0986491e+01 1.1376512e+01 1.1556290e+01 1.1369516e+01 1.0995939e+01 1.0603174e+01 1.0293116e+01 1.0371189e+01 1.0475193e+01 1.0428833e+01 1.0381593e+01 1.0414211e+01 1.0424413e+01 1.0436253e+01 1.0430818e+01 1.0417907e+01 1.0487309e+01 1.0626218e+01 1.0620143e+01 1.0500871e+01 1.0338017e+01 1.0214690e+01 1.0224008e+01 1.0213209e+01 9.9835031e+00 9.7855914e+00 9.5936930e+00 9.3817235e+00 9.2115685e+00 9.1104018e+00 9.0606868e+00 9.0143003e+00 8.9481002e+00 8.9138208e+00 8.9007540e+00 8.8814100e+00 8.8568024e+00 8.8441477e+00 8.7729455e+00 8.7115921e+00 8.7163560e+00 8.7262949e+00 8.6789107e+00 8.6354097e+00 8.6324645e+00 8.7137325e+00
1.0797981e+01 1.0872039e+01 1.1153096e+01 1.1395983e+01 1.1113286e+01 1.1318757e+01 1.1686250e+01 1.1395021e+01 1.1105388e+01 1.0849069e+01 1.0696724e+01 1.0747253e+01 1.0947734e+01 1.0939623e+01 1.0920896e+01 1.0897434e+01 1.0796859e+01 1.0713236e+01 1.0683494e+01 1.0694669e+01 1.0696110e+01 1.0838516e+01 1.0850683e+01 1.0768128e+01 1.0546920e+01 1.0312213e+01 1.0297650e+01 1.0283874e+01 1.0126716e+01 9.9350510e+00 9.7642067e+00 9.5741893e+00 9.3963003e+00 9.3495582e+00 9.3223016e+00 9.2867052e+00 9.2361601e+00 9.1756107e+00 9.1382359e+00 9.1211746e+00 9.0547963e+00 9.0172966e+00 8.9587598e+00 8.8671634e+00 8.8250575e+00 8.8207171e+00 8.8342467e+00 8.7798405e+00 8.7210042e+00 8.8449938e+00
1.1087649e+01 1.1065451e+01 1.0730923e+01 1.1667482e+01 1.1541240e+01 1.1187833e+01 1.1587075e+01 1.1549148e+01 1.1310069e+01 1.1240028e+01 1.1259963e+01 1.1071647e+01 1.1126252e+01 1.1238671e+01 1.1405937e+01 1.1501723e+01 1.1236889e+01 1.0964305e+01 1.0890726e+01 1.0954597e+01 1.1042180e+01 1.1163272e+01 1.1077775e+01 1.0954452e+01 1.0750825e+01 1.0304420e+01 1.0287167e+01 1.0305141e+01 1.0205340e+01 1.0090870e+01 9.9855977e+00 9.9060928e+00 9.7194534e+00 9.6555699e+00 9.6378999e+00 9.6072890e+00 9.5315891e+00 9.4551581e+00 9.3736164e+00 9.3373574e+00 9.2277639e+00 9.1454760e+00 9.1223994e+00 9.0622552e+00 8.9449863e+00 8.9522007e+00 9.0083722e+00 9.0212205e+00 8.9777335e+00 8.9797648e+00
1.1309621e+01 1.1507535e+01 1.1380404e+01 1.1060618e+01 1.1479011e+01 1.1623654e+01 1.1886203e+01 1.1547312e+01 1.1310697e+01 1.1152730e+01 1.1051794e+01 1.0999213e+01 1.1144513e+01 1.1327973e+01 1.1642041e+01 1.1913624e+01 1.1526674e+01 1.1053612e+01 1.0944741e+01 1.1038566e+01 1.1308975e+01 1.1499865e+01 1.1202777e+01 1.0938913e+01 1.0716538e+01 1.0396017e+01 1.0348408e+01 1.0400990e+01 1.0314713e+01 1.0242173e+01 1.0159380e+01 1.0084739e+01 9.9961762e+00 9.9431159e+00 9.9113339e+00 9.9803605e+00 9.7861001e+00 9.6443973e+00 9.5560070e+00 9.4562308e+00 9.3374447e+00 9.2503088e+00 9.2878994e+00 9.3057256e+00 9.0664359e+00 9.0959537e+00 9.2057462e+00 9.2567998e+00 9.1990383e+00 9.0323941e+00
