presentation/data/depth_0036.asc
ncols     164
nrows     146
xllcorner -1.242151388888889e+02
yllcorner  4.172986111111111e+01
cellsize  2.777777777820000e-04
nodata_value       -9999
[rows 66 to 87 of 146, columns 0 to 49 of 164]
7.3707003e-03 9.9998023e-04 9.8832490e-04 9.1450973e-04 8.8825077e-04 0.0000000e+00 0.0000000e+00 0.0000000e+00 0.0000000e+00 0.0000000e+00 0.0000000e+00 0.0000000e+00 0.0000000e+00 0.0000000e+00 0.0000000e+00 0.0000000e+00 0.0000000e+00 0.0000000e+00 0.0000000e+00 0.0000000e+00 0.0000000e+00 0.0000000e+00 0.0000000e+00 0.0000000e+00 0.0000000e+00 0.0000000e+00 0.0000000e+00 0.0000000e+00 0.0000000e+00 0.0000000e+00 0.0000000e+00 0.0000000e+00 0.0000000e+00 0.0000000e+00 0.0000000e+00 0.0000000e+00 0.0000000e+00 0.0000000e+00 0.0000000e+00 0.0000000e+00 0.0000000e+00 0.0000000e+00 0.0000000e+00 0.0000000e+00 0.0000000e+00 0.0000000e+00 0.0000000e+00 0.0000000e+00 0.0000000e+00 0.0000000e+00
9.9628488e-04 9.9376175e-04 1.3642298e-03 9.7007929e-04 9.7832893e-04 9.4937430e-04 7.8601789e-04 0.0000000e+00 0.0000000e+00 0.0000000e+00 0.0000000e+00 0.0000000e+00 0.0000000e+00 0.0000000e+00 0.0000000e+00 0.0000000e+00 0.0000000e+00 0.0000000e+00 0.0000000e+00 0.0000000e+00 0.0000000e+00 0.0000000e+00 0.0000000e+00 0.0000000e+00 0.0000000e+00 0.0000000e+00 0.0000000e+00 0.0000000e+00 0.0000000e+00 0.0000000e+00 0.0000000e+00 0.0000000e+00 0.0000000e+00 0.0000000e+00 0.0000000e+00 0.0000000e+00 0.0000000e+00 0.0000000e+00 0.0000000e+00 0.0000000e+00 0.0000000e+00 0.0000000e+00 0.0000000e+00 0.0000000e+00 0.0000000e+00 0.0000000e+00 0.0000000e+00 0.0000000e+00 0.0000000e+00 0.0000000e+00
9.9954005e-04 9.9802736e-04 9.5242955e-03 6.0922180e-01 8.8779251e-01 5.8491751e-01 9.2137112e-04 9.1909752e-04 8.4144253e-04 0.0000000e+00 0.0000000e+00 0.0000000e+00 0.0000000e+00 0.0000000e+00 0.0000000e+00 0.0000000e+00 0.0000000e+00 0.0000000e+00 0.0000000e+00 0.0000000e+00 0.0000000e+00 0.0000000e+00 0.0000000e+00 0.0000000e+00 0.0000000e+00 0.0000000e+00 0.0000000e+00 0.0000000e+00 0.0000000e+00 0.0000000e+00 0.0000000e+00 0.0000000e+00 0.0000000e+00 0.0000000e+00 0.0000000e+00 0.0000000e+00 0.0000000e+00 0.0000000e+00 0.0000000e+00 0.0000000e+00 0.0000000e+00 0.0000000e+00 0.0000000e+00 0.0000000e+00 0.0000000e+00 0.0000000e+00 0.0000000e+00 0.0000000e+00 0.0000000e+00 0.0000000e+00
9.9932457e-04 1.0038057e-01 2.1331040e+00 2.4118683e+00 2.4829118e+00 2.5593284e+00 2.0714195e+00 1.1364722e+00 2.9448243e-01 7.4775775e-02 9.7398869e-04 7.5009878e-04 0.0000000e+00 0.0000000e+00 0.0000000e+00 0.0000000e+00 0.0000000e+00 0.0000000e+00 0.0000000e+00 0.0000000e+00 0.0000000e+00 0.0000000e+00 0.0000000e+00 0.0000000e+00 0.0000000e+00 0.0000000e+00 0.0000000e+00 0.0000000e+00 0.0000000e+00 0.0000000e+00 0.0000000e+00 0.0000000e+00 0.0000000e+00 0.0000000e+00 0.0000000e+00 0.0000000e+00 0.0000000e+00 0.0000000e+00 0.0000000e+00 0.0000000e+00 0.0000000e+00 0.0000000e+00 0.0000000e+00 0.0000000e+00 0.0000000e+00 0.0000000e+00 0.0000000e+00 0.0000000e+00 0.0000000e+00 0.0000000e+00
9.7977508e-04 2.3758704e+00 2.5755534e+00 2.6957965e+00 2.7567771e+00 2.6965833e+00 2.2830163e+00 1.9140308e+00 2.6338110e+00 2.0979736e+00 3.5933254e-01 8.5771477e-04 0.0000000e+00 0.0000000e+00 0.0000000e+00 0.0000000e+00 0.0000000e+00 0.0000000e+00 0.0000000e+00 0.0000000e+00 0.0000000e+00 0.0000000e+00 0.0000000e+00 0.0000000e+00 0.0000000e+00 0.0000000e+00 0.0000000e+00 0.0000000e+00 0.0000000e+00 0.0000000e+00 0.0000000e+00 0.0000000e+00 0.0000000e+00 0.0000000e+00 0.0000000e+00 0.0000000e+00 0.0000000e+00 0.0000000e+00 0.0000000e+00 0.0000000e+00 0.0000000e+00 0.0000000e+00 0.0000000e+00 0.0000000e+00 0.0000000e+00 0.0000000e+00 0.0000000e+00 0.0000000e+00 0.0000000e+00 0.0000000e+00
2.5406002e+00 6.3245519e-01 1.5937509e+00 2.5851170e+00 2.7647905e+00 1.4294770e+00 1.8743369e+00 2.0313446e+00 2.8509813e+00 2.1786781e+00 1.3384736e-03 5.8395253e-04 0.0000000e+00 0.0000000e+00 0.0000000e+00 0.0000000e+00 0.0000000e+00 0.0000000e+00 0.0000000e+00 0.0000000e+00 0.0000000e+00 0.0000000e+00 0.0000000e+00 0.0000000e+00 0.0000000e+00 0.0000000e+00 0.0000000e+00 0.0000000e+00 0.0000000e+00 0.0000000e+00 0.0000000e+00 0.0000000e+00 0.0000000e+00 0.0000000e+00 0.0000000e+00 0.0000000e+00 0.0000000e+00 0.0000000e+00 0.0000000e+00 0.0000000e+00 0.0000000e+00 0.0000000e+00 0.0000000e+00 0.0000000e+00 0.0000000e+00 0.0000000e+00 0.0000000e+00 0.0000000e+00 0.0000000e+00 0.0000000e+00
2.5962987e+00 1.2039282e+00 1.8881386e+00 1.7077849e+00 2.7774303e+00 2.8835275e+00 2.8031913e+00 2.7955651e+00 2.8074150e+00 1.8941208e+00 8.5153089e-04 8.7839071e-04 0.0000000e+00 0.0000000e+00 0.0000000e+00 0.0000000e+00 0.0000000e+00 0.0000000e+00 0.0000000e+00 0.0000000e+00 0.0000000e+00 0.0000000e+00 0.0000000e+00 0.0000000e+00 0.0000000e+00 0.0000000e+00 0.0000000e+00 0.0000000e+00 0.0000000e+00 0.0000000e+00 0.0000000e+00 0.0000000e+00 0.0000000e+00 0.0000000e+00 0.0000000e+00 0.0000000e+00 0.0000000e+00 0.0000000e+00 0.0000000e+00 0.0000000e+00 0.0000000e+00 0.0000000e+00 0.0000000e+00 0.0000000e+00 0.0000000e+00 9.9969551e-04 0.0000000e+00 0.0000000e+00 9.9632269e-04 9.9975429e-04
2.8781638e+00 2.5910366e+00 2.6387021e+00 2.4985402e+00 2.7798564e+00 2.8418856e+00 2.8765622e+00 2.9117084e+00 2.6907772e+00 1.1328451e+00 2.2448968e-01 9.1803186e-04 9.7844230e-04 1.2512170e-02 1.8721800e-01 1.6343268e-01 9.7939997e-04 9.5997669e-04 9.3832852e-04 9.2949442e-04 9.5040976e-04 9.8524701e-04 0.0000000e+00 0.0000000e+00 0.0000000e+00 0.0000000e+00 0.0000000e+00 0.0000000e+00 0.0000000e+00 0.0000000e+00 0.0000000e+00 0.0000000e+00 0.0000000e+00 0.0000000e+00 0.0000000e+00 0.0000000e+00 0.0000000e+00 0.0000000e+00 0.0000000e+00 0.0000000e+00 0.0000000e+00 0.0000000e+00 0.0000000e+00 0.0000000e+00 9.9979242e-04 9.9688757e-04 9.9848744e-04 9.8613259e-04 9.9756050e-04 9.9947222e-04
3.6818771e+00 2.9052298e+00 2.6822874e+00 2.6759897e+00 2.7988580e+00 2.9772699e+00 3.0800780e+00 3.1191931e+00 2.9974484e+00 2.6739735e+00 2.3787781e+00 2.2429994e+00 2.1366112e+00 2.2461173e+00 2.5024987e+00 2.3908394e+00 2.4430107e+00 2.4581637e+00 2.2029295e+00 1.8541062e+00 1.4956765e+00 4.1314084e-01 9.7912532e-04 9.6012824e-04 9.0305781e-04 9.2445289e-04 0.0000000e+00 0.0000000e+00 0.0000000e+00 0.0000000e+00 0.0000000e+00 0.0000000e+00 0.0000000e+00 0.0000000e+00 0.0000000e+00 0.0000000e+00 0.0000000e+00 0.0000000e+00 0.0000000e+00 0.0000000e+00 0.0000000e+00 0.0000000e+00 0.0000000e+00 9.9482613e-04 9.9870596e-04 9.9754497e-04 9.3995484e-03 1.0102315e-03 9.9319418e-04 9.9898683e-04
4.6881392e+00 3.3775325e+00 2.5682287e+00 2.6801821e+00 2.9411247e+00 3.2659446e+00 3.4690215e+00 3.5174473e+00 3.4574224e+00 3.3306886e+00 3.1299814e+00 3.0125318e+00 2.9274006e+00 2.9107130e+00 2.5666131e+00 1.7291369e+00 2.5806590e+00 2.8234496e+00 2.8076729e+00 2.7218548e+00 2.8110615e+00 2.4809518e+00 2.4179085e+00 1.7694123e+00 2.4517592e+00 4.1191880e-01 8.9581062e-04 0.0000000e+00 0.0000000e+00 0.0000000e+00 0.0000000e+00 0.0000000e+00 0.0000000e+00 0.0000000e+00 0.0000000e+00 0.0000000e+00 0.0000000e+00 0.0000000e+00 0.0000000e+00 0.0000000e+00 0.0000000e+00 0.0000000e+00 3.7113552e-06 9.9419864e-04 9.9747937e-04 9.8366817e-04 7.1629200e-04 1.3470548e-03 9.8924549e-04 9.6259031e-04
5.8261492e+00 3.8662155e+00 2.5098764e+00 1.9443827e+00 2.5880534e+00 3.8880608e+00 4.0902042e+00 4.1258038e+00 4.0244623e+00 3.8148319e+00 3.5229382e+00 3.2516664e+00 3.0386108e+00 2.8796376e+00 2.1216066e+00 1.6005725e+00 2.1199559e+00 2.6701994e+00 2.2462185e+00 2.3575867e+00 2.5022548e+00 2.1652378e+00 2.7600638e+00 2.7667604e+00 2.9338360e+00 2.9430293e+00 1.6932536e+00 9.7621826e-04 9.6551301e-04 0.0000000e+00 0.0000000e+00 0.0000000e+00 0.0000000e+00 0.0000000e+00 0.0000000e+00 0.0000000e+00 0.0000000e+00 0.0000000e+00 0.0000000e+00 0.0000000e+00 0.0000000e+00 0.0000000e+00 9.7540778e-04 9.9240860e-04 9.7476642e-04 8.4804774e-04 9.9825681e-04 1.0008532e-03 9.9986763e-04 9.2474664e-04
7.9523678e+00 5.3252004e+00 3.0075448e+00 2.2896931e+00 3.7848921e+00 4.8319910e+00 4.9372995e+00 4.9197207e+00 4.7495340e+00 4.4434710e+00 4.0564239e+00 3.6308037e+00 3.2584062e+00 3.0107007e+00 2.6479350e+00 2.1457003e+00 2.7415427e+00 2.9072784e+00 2.6961186e+00 2.5557151e+00 2.8628862e+00 2.6643106e+00 2.8147350e+00 2.8478627e+00 3.0241372e+00 3.3082772e+00 2.1617938e+00 2.6296743e+00 1.0406592e+00 8.2396791e-04 9.3928395e-04 0.0000000e+00 0.0000000e+00 0.0000000e+00 0.0000000e+00 0.0000000e+00 0.0000000e+00 0.0000000e+00 0.0000000e+00 9.9876021e-04 9.9952697e-04 0.0000000e+00 9.8455479e-04 9.9118382e-04 2.4681666e-01 2.2969853e-01 1.8803415e-01 1.1524345e-01 2.9790613e-01 2.3644548e-01
9.7823142e+00 7.9206094e+00 7.0094912e+00 5.4134708e+00 6.0174684e+00 5.8834868e+00 5.8267567e+00 5.6890264e+00 5.3997303e+00 5.0139385e+00 4.4951788e+00 3.9291686e+00 3.3983987e+00 3.0704241e+00 2.7341522e+00 2.0162164e+00 2.8039803e+00 2.8953731e+00 3.2868581e+00 3.1095331e+00 2.6233449e+00 2.7754193e+00 2.2878352e+00 2.8342353e+00 2.6243083e+00 2.3088096e+00 2.9520887e+00 3.1786166e+00 3.3580561e+00 1.9637634e+00 9.3938460e-04 7.4693057e-04 0.0000000e+00 0.0000000e+00 0.0000000e+00 0.0000000e+00 9.9959158e-04 9.9884596e-04 9.9882070e-04 9.9586693e-04 9.9996703e-04 9.8721785e-04 9.8211491e-04 9.7926930e-04 3.7413146e-01 4.9973363e-01 3.6283283e-01 2.6779723e-01 4.3348886e-01 4.2079974e-01
1.0297913e+01 9.5989049e+00 9.5177360e+00 7.9720426e+00 8.2300767e+00 7.3229434e+00 6.9550771e+00 6.6691276e+00 6.2964435e+00 5.7901067e+00 5.0465876e+00 4.2466854e+00 3.5255254e+00 2.9178932e+00 2.5146557e+00 2.4336201e+00 2.5780770e+00 2.7351126e+00 3.3216593e+00 2.7530605e+00 2.0875149e+00 2.9295532e+00 3.0831384e+00 3.2077519e+00 3.0162806e+00 3.2119089e+00 3.1056470e+00 3.0434188e+00 3.1233039e+00 3.6153098e+00 2.6434578e+00 8.4544270e-01 8.5735110e-04 9.2787012e-04 8.8507855e-04 9.9044681e-04 9.7103878e-04 9.9921124e-04 9.9876747e-04 9.9614498e-04 9.9674711e-04 9.9931896e-04 9.7740533e-04 1.0917688e-01 1.7481301e-01 2.2549380e-01 4.8881839e-01 3.6282110e-01 6.4389354e-01 8.9392935e-01
1.0953366e+01 1.0695059e+01 1.0386078e+01 9.8030505e+00 9.3172597e+00 8.6649775e+00 8.2564318e+00 7.8543657e+00 7.5865682e+00 7.0485172e+00 5.8658989e+00 4.6112892e+00 3.7567130e+00 3.0811226e+00 2.5588970e+00 2.4721896e+00 2.3915117e+00 2.5307406e+00 4.8675218e-01 1.3871691e+00 2.9551484e+00 2.9450690e+00 3.2740972e+00 3.1994439e+00 2.2477444e+00 2.9986004e+00 3.3058476e+00 3.0520626e+00 3.1297772e+00 2.1764805e+00 3.6055974e+00 3.6240558e+00 2.9139626e+00 8.6281894e-01 9.1486636e-04 8.7584102e-04 9.8538066e-04 9.9672145e-04 9.9997096e-04 9.9997938e-04 9.9362832e-04 5.3133790e-02 9.9796586e-04 9.4961459e-04 9.7536787e-04 8.9395297e-04 9.3527970e-04 1.2051077e-01 4.8213194e-01 3.7682267e-01
1.0898727e+01 1.0780712e+01 1.0572888e+01 1.0152356e+01 9.6980439e+00 9.1549265e+00 8.7383882e+00 8.5896948e+00 8.4920522e+00 8.0354867e+00 6.6158875e+00 4.8202862e+00 4.0807245e+00 3.5375847e+00 2.6206423e+00 1.7014905e+00 2.5762990e+00 2.5961433e+00 2.7820251e+00 2.8866786e+00 3.2086938e+00 3.1349586e+00 3.4080055e+00 3.0593460e+00 8.5422957e-04 2.1548698e+00 3.4063355e+00 3.1713120e+00 3.2237169e+00 3.4151466e+00 3.6008356e+00 3.8165050e+00 3.8783466e+00 3.5817961e+00 3.4692079e+00 2.8453295e+00 1.9238910e+00 4.4094629e-01 9.4530662e-04 9.9613715e-04 9.9557507e-04 9.6707741e-04 9.9932303e-04 9.9218786e-04 9.8989610e-04 9.8123988e-04 9.4210249e-04 8.7964982e-04 9.8719988e-04 5.5819210e-02
1.0706219e+01 1.0542421e+01 1.0409472e+01 1.0140590e+01 9.8247720e+00 9.4507597e+00 9.1513066e+00 8.9610102e+00 8.7699181e+00 8.3062961e+00 7.1067899e+00 5.1134719e+00 4.9984456e+00 4.8048476e+00 3.2355487e+00 2.8040055e+00 3.3217233e+00 3.5204593e+00 3.7605261e+00 3.6601858e+00 3.5301011e+00 3.4271799e+00 3.3997097e+00 3.3628132e+00 1.2301715e+00 2.8832129e+00 2.7145575e+00 3.4762933e+00 3.5130634e+00 3.3765179e+00 2.9292684e+00 3.7073780e+00 3.8221030e+00 3.8972811e+00 3.9662268e+00 4.0115707e+00 3.6372428e+00 3.2121761e+00 3.2717960e+00 1.3500346e+00 8.6715925e-04 9.9675367e-04 9.9611546e-04 9.9750772e-04 9.9814541e-04 9.9857304e-04 9.9817081e-04 9.6829180e-04 9.8314220e-04 1.8139954e-03
1.0587746e+01 1.0251839e+01 1.0190587e+01 1.0114966e+01 9.8963325e+00 9.6403112e+00 9.3684895e+00 9.1800319e+00 8.9244413e+00 8.4695578e+00 7.5315885e+00 6.6033389e+00 7.0366117e+00 7.6396473e+00 6.1451318e+00 5.1880636e+00 5.1332865e+00 5.0518377e+00 4.7784669e+00 4.5123969e+00 4.1477350e+00 3.6953162e+00 3.2815216e+00 2.9941783e+00 3.0547333e+00 3.3820262e+00 2.7239720e+00 3.5516278e+00 3.5137685e+00 2.7457276e+00 3.3796946e+00 3.7511505e+00 3.7329226e+00 3.6901764e+00 3.6398191e+00 3.5741696e+00 3.4773329e+00 3.6981532e+00 3.8645548e+00 3.0922153e+00 3.0038605e+00 8.4325276e-01 8.2251506e-04 9.9836578e-04 9.9774880e-04 9.9925733e-04 9.9879861e-04 9.9866229e-04 9.9866510e-04 9.9620669e-04
1.0557415e+01 1.0044842e+01 1.0197407e+01 1.0150889e+01 9.9246332e+00 9.7412733e+00 9.5336246e+00 9.3423937e+00 9.0828237e+00 8.7181095e+00 8.2012129e+00 7.8438544e+00 8.0807376e+00 8.1852885e+00 7.3282823e+00 6.9695165e+00 6.9492790e+00 6.5750319e+00 6.0839570e+00 5.4325022e+00 4.7908513e+00 4.1640547e+00 3.5783151e+00 3.2211344e+00 3.1325081e+00 3.4450964e+00 2.7827060e+00 2.9417744e+00 3.2160493e+00 3.1697019e+00 3.5394006e+00 3.6095573e+00 3.6177240e+00 3.5659694e+00 3.5145086e+00 3.4410287e+00 3.4380468e+00 3.6045448e+00 3.8821799e+00 3.6417830e+00 3.1034314e+00 2.6925122e+00 1.1964116e+00 8.6134183e-04 0.0000000e+00 0.0000000e+00 9.9749328e-04 9.9946624e-04 9.9946535e-04 9.9999585e-04
1.0591907e+01 1.0156880e+01 1.0009230e+01 1.0001697e+01 1.0068820e+01 9.8184576e+00 9.6868005e+00 9.4832912e+00 9.2360674e+00 8.9614941e+00 8.6464603e+00 8.4491996e+00 8.4446393e+00 8.3201329e+00 7.8555861e+00 7.6889498e+00 7.7378982e+00 7.4522456e+00 7.0956481e+00 6.3780075e+00 5.5439137e+00 4.6051891e+00 3.9846713e+00 3.4978288e+00 2.4897130e+00 3.0522579e+00 3.0349198e+00 2.7607956e+00 2.3909947e+00 3.0914850e+00 3.4100146e+00 3.5215199e+00 3.5821492e+00 3.4972660e+00 3.4471136e+00 3.4505181e+00 3.4949378e+00 3.6396994e+00 3.8721776e+00 3.8532961e+00 3.4529438e+00 3.8395123e+00 3.0803290e+00 9.3586778e-04 0.0000000e+00 0.0000000e+00 8.6781785e-04 9.7570967e-04 0.0000000e+00 0.0000000e+00
1.0962035e+01 9.4087133e+00 9.9381371e+00 9.6142309e+00 1.0228726e+01 9.8555461e+00 9.7651392e+00 9.5890674e+00 9.3647157e+00 9.1311130e+00 8.8892190e+00 8.7176796e+00 8.6202540e+00 8.4871657e+00 8.2382799e+00 8.0697026e+00 7.9782893e+00 7.7448633e+00 7.3707676e+00 7.0861151e+00 6.2635325e+00 4.9046490e+00 4.2251976e+00 3.6878122e+00 3.0211426e+00 2.6452361e+00 2.8064537e+00 3.3671885e+00 3.1244966e+00 3.2136933e+00 3.3780680e+00 3.5029584e+00 3.6544576e+00 3.4564254e+00 3.3985081e+00 3.4367121e+00 3.5156912e+00 3.6510663e+00 3.7904003e+00 3.9182876e+00 3.9106668e+00 4.1101080e+00 3.0415464e+00 4.3447798e-01 7.1563909e-04 9.7233982e-04 9.9973685e-04 9.9992676e-04 9.9061204e-04 0.0000000e+00
1.1685817e+01 1.1001065e+01 1.0519936e+01 1.0067931e+01 1.0045265e+01 1.0065053e+01 9.9007187e+00 9.8042375e+00 9.6271017e+00 9.4150944e+00 9.1861946e+00 8.9944277e+00 8.8272554e+00 8.6265223e+00 8.3967298e+00 8.1934107e+00 8.0149795e+00 7.7543544e+00 7.3348332e+00 6.7469402e+00 5.8561354e+00 5.0329451e+00 4.3727131e+00 3.9185578e+00 3.3856648e+00 2.7042296e+00 3.2192440e+00 3.4028334e+00 3.5733557e+00 3.3226048e+00 3.4138590e+00 3.8314902e+00 2.2851338e+00 2.2368367e+00 3.3753671e+00 3.3978582e+00 3.4915205e+00 3.5999421e+00 3.6724561e+00 3.7427160e+00 3.8276303e+00 2.9418769e+00 1.3020801e-04 1.8714645e+00 3.2421324e+00 2.3953621e+00 1.1800192e+00 9.5374266e-04 9.8702558e-04 9.9837621e-04
