presentation/data/depth_0060.asc
ncols     164
nrows     146
xllcorner -1.242151388888889e+02
yllcorner  4.172986111111111e+01
cellsize  2.777777777820000e-04
nodata_value       -9999
[rows 110 to 131 of 146, columns 50 to 99 of 164]
9.8567880e+00 9.2582032e+00 8.0522929e+00 6.1961949e+00 4.4720146e+00 3.5998884e+00 3.1309653e+00 3.2168196e+00 2.7306110e+00 4.0266466e+00 5.4016240e+00 5.8539801e+00 6.0112972e+00 4.4959600e+00 3.9632961e+00 3.7201692e+00 6.6581427e-01 6.5255240e-04 2.9013063e+00 3.5891523e+00 3.8413524e+00 4.2324096e+00 4.5657294e+00 4.8325093e+00 5.0066516e+00 5.0457525e+00 4.9541392e+00 5.0623703e+00 5.4924154e+00 5.8512602e+00 6.2100585e+00 6.3352574e+00 6.6498737e+00 6.7234460e+00 6.8341088e+00 6.9374433e+00 7.0673822e+00 7.1530220e+00 7.2096587e+00 7.2500981e+00 7.3066704e+00 7.3237106e+00 7.3081218e+00 7.2243902e+00 7.1734993e+00 7.1325076e+00 7.1722509e+00 7.2285353e+00 7.2774917e+00 7.3359226e+00
1.1354485e+01 1.1350041e+01 1.0086987e+01 7.2196516e+00 3.8860392e+00 2.4909682e+00 3.3057604e+00 3.1883679e+00 4.1795213e+00 5.3255944e+00 6.3673143e+00 7.3031198e+00 7.9873003e+00 3.9404487e+00 4.3939655e+00 5.3586589e+00 3.0847833e+00 4.0256093e-04 8.7972009e-04 2.9648916e+00 3.5099364e+00 3.8523549e+00 4.1860697e+00 4.4474647e+00 4.6530505e+00 4.7656513e+00 4.7911935e+00 4.7099001e+00 4.9178260e+00 5.4270026e+00 5.8185888e+00 6.1348247e+00 6.3414027e+00 6.6215663e+00 6.7160033e+00 6.8192603e+00 6.9165444e+00 7.0123444e+00 7.0678802e+00 7.1162257e+00 7.1269802e+00 7.1065337e+00 7.0505782e+00 6.9965931e+00 6.9833173e+00 7.0154655e+00 7.1066131e+00 7.2067747e+00 7.2982102e+00 7.3647573e+00
1.2443685e+01 1.2667483e+01 1.1812477e+01 8.5354852e+00 1.5953620e-04 0.0000000e+00 4.4353411e-04 3.0850930e+00 4.5869639e+00 6.1324262e+00 7.5099482e+00 8.5365802e+00 9.4128724e+00 9.5779656e+00 9.7945924e+00 9.4642918e+00 8.0184900e+00 2.0011490e+00 1.7805428e-04 6.4310946e-01 3.2594070e+00 3.5626385e+00 3.8479844e+00 4.1123855e+00 4.3294288e+00 4.4837746e+00 4.5773030e+00 4.5907638e+00 4.6119581e+00 5.0071667e+00 5.4628899e+00 5.8112169e+00 6.0891253e+00 6.3106297e+00 6.4528449e+00 6.4964038e+00 6.4335702e+00 6.5281500e+00 6.5852286e+00 6.6363729e+00 6.6933595e+00 6.7028490e+00 6.7256519e+00 6.7430746e+00 6.7917043e+00 6.8993915e+00 7.0830261e+00 7.2227520e+00 7.3458943e+00 7.4536207e+00
1.3451675e+01 1.2535682e+01 1.2573978e+01 9.7499946e+00 6.7354374e-01 0.0000000e+00 0.0000000e+00 6.9027058e-04 6.7794616e+00 7.7099222e+00 8.9974460e+00 9.4385836e+00 1.0037094e+01 1.0429326e+01 1.0859373e+01 1.0382116e+01 1.0080590e+01 8.5307493e+00 8.5837372e-01 8.6583341e-04 2.7528122e+00 3.3648132e+00 3.5293817e+00 3.8016274e+00 4.0209798e+00 4.2125107e+00 4.3608605e+00 4.4970787e+00 4.6848985e+00 4.8227521e+00 5.2410808e+00 5.5861576e+00 5.8478703e+00 5.9906033e+00 5.9419065e+00 5.7093395e+00 5.5841062e+00 5.6659038e+00 5.8762505e+00 6.0278336e+00 6.1578019e+00 6.2774373e+00 6.4323141e+00 6.5938256e+00 6.7067277e+00 6.8677114e+00 7.0452358e+00 7.2594541e+00 7.4396739e+00 7.5678815e+00
1.3937195e+01 1.4311885e+01 1.3945923e+01 1.2117927e+01 8.6335775e+00 5.6512758e+00 2.0998754e+00 3.6774637e+00 1.0050081e+01 9.3672710e+00 1.0420231e+01 9.1198768e+00 1.0189670e+01 1.0647592e+01 1.1087448e+01 1.0982617e+01 1.0341907e+01 9.8919766e+00 7.0471208e+00 5.7039440e-04 1.3664782e-01 3.3302497e+00 3.3299543e+00 3.5129569e+00 3.7480756e+00 3.9641153e+00 4.1409013e+00 4.3541869e+00 4.6820238e+00 5.0176874e+00 5.1229621e+00 5.3459398e+00 5.4883631e+00 5.3943090e+00 5.0938216e+00 4.8902959e+00 4.9139985e+00 5.3242310e+00 5.6227172e+00 5.7055625e+00 5.8717263e+00 6.0145364e+00 6.2638872e+00 6.5193508e+00 6.7184593e+00 6.8965147e+00 7.1413149e+00 7.4005642e+00 7.6474857e+00 7.7567263e+00
1.4059890e+01 1.4547936e+01 1.4273287e+01 1.1028261e+01 1.2082029e+01 1.1790246e+01 1.0744024e+01 1.1497754e+01 1.1829861e+01 1.1633328e+01 1.1127565e+01 1.0784440e+01 1.2138722e+01 1.2077464e+01 1.1430468e+01 1.1407025e+01 1.1420542e+01 1.0529251e+01 8.1479245e+00 3.8470001e+00 3.7057830e-04 1.9833091e+00 3.2738340e+00 3.2874785e+00 3.5053894e+00 3.7118595e+00 3.9172157e+00 4.1574629e+00 4.5166440e+00 4.8867021e+00 5.1465348e+00 5.0807273e+00 4.9928153e+00 4.6624095e+00 4.4687547e+00 4.4362765e+00 4.5699212e+00 5.0487021e+00 5.5062025e+00 5.5554016e+00 5.7561788e+00 6.0047643e+00 6.2783842e+00 6.5299107e+00 6.7510790e+00 6.9812640e+00 7.2725342e+00 7.5933436e+00 7.9159130e+00 8.0089829e+00
1.4401469e+01 1.4545324e+01 1.4625075e+01 1.5131251e+01 1.4421246e+01 1.4118355e+01 1.3996646e+01 1.3752293e+01 1.3187200e+01 1.2524144e+01 1.2415936e+01 1.2488204e+01 1.2492441e+01 1.2338299e+01 1.1912028e+01 1.2155763e+01 1.1971224e+01 1.1220686e+01 1.0133420e+01 7.1419695e+00 1.4408951e+00 5.1807990e-04 2.3361698e+00 3.2065304e+00 3.3099263e+00 3.5099778e+00 3.7279387e+00 3.9588766e+00 4.2775102e+00 4.5867765e+00 4.8771678e+00 4.8231667e+00 4.4796718e+00 4.2614549e+00 4.1714269e+00 4.2847970e+00 4.4348372e+00 4.6824464e+00 5.0098565e+00 5.3839762e+00 5.7221037e+00 6.0493991e+00 6.3552193e+00 6.5893480e+00 6.8053697e+00 7.0585164e+00 7.4132115e+00 8.1322961e+00 8.1645693e+00 8.0648258e+00
1.5618199e+01 1.5475289e+01 1.5138876e+01 1.4510747e+01 1.4922439e+01 1.4712624e+01 1.4300169e+01 1.4215099e+01 1.3373763e+01 1.3173314e+01 1.3016608e+01 1.3198771e+01 1.3210513e+01 1.2905324e+01 1.2037109e+01 1.2062691e+01 1.1721895e+01 1.1053696e+01 1.1196486e+01 1.0568584e+01 6.9400404e+00 4.0221172e-04 9.3570915e-04 2.7239234e+00 3.1931059e+00 3.2615680e+00 3.3895666e+00 3.5518064e+00 3.7428769e+00 3.9296436e+00 4.1177711e+00 4.2167838e+00 4.1436475e+00 4.0144925e+00 3.9739049e+00 4.0434440e+00 4.2711719e+00 4.6011165e+00 4.9596953e+00 5.4557355e+00 5.8332074e+00 6.1068072e+00 6.4402804e+00 6.7035687e+00 6.9222792e+00 7.1470524e+00 7.1380639e+00 7.4801208e+00 8.1732214e+00 8.1811905e+00
1.5902214e+01 1.6352868e+01 1.6090105e+01 1.5730502e+01 1.5332496e+01 1.4652564e+01 1.4454849e+01 1.4256429e+01 1.4157512e+01 1.3745867e+01 1.3208730e+01 1.3467803e+01 1.3374090e+01 1.3310912e+01 1.2519860e+01 1.1562860e+01 1.2298682e+01 1.1267291e+01 1.0621296e+01 1.1084770e+01 9.0799487e+00 9.1931991e-04 7.4882695e-04 5.0743539e-01 2.7294317e+00 3.1613634e+00 3.2989559e+00 3.2601014e+00 3.2961564e+00 3.3249860e+00 3.3066799e+00 3.4623223e+00 3.6299571e+00 3.7489396e+00 3.6974371e+00 3.7999808e+00 4.1013532e+00 4.5236664e+00 5.0295097e+00 5.5378733e+00 6.0553430e+00 6.3297265e+00 6.6406315e+00 6.8806766e+00 7.1471325e+00 7.3978715e+00 7.5814082e+00 7.7668839e+00 8.1592515e+00 8.3894048e+00
1.5974334e+01 1.5606927e+01 1.6054156e+01 1.5742928e+01 1.5225054e+01 1.4369481e+01 1.4658990e+01 1.4559359e+01 1.4765598e+01 1.4360190e+01 1.3365511e+01 1.3227502e+01 1.2820184e+01 1.3725059e+01 1.3669073e+01 1.2723840e+01 1.2677226e+01 1.1526129e+01 1.1958080e+01 1.1416609e+01 1.0984353e+01 4.2291100e+00 0.0000000e+00 8.9422842e-04 9.1763082e-04 2.5063320e+00 2.5537557e+00 2.8225145e+00 2.6780728e+00 2.8953301e+00 2.8674827e+00 2.8148028e+00 3.0511084e+00 3.2573120e+00 3.5575265e+00 3.6063481e+00 3.9101935e+00 4.5867944e+00 5.2947609e+00 5.9021483e+00 6.3700942e+00 6.6628548e+00 6.9739068e+00 7.2299331e+00 7.4998885e+00 7.7572522e+00 8.0587285e+00 8.3302564e+00 8.4920237e+00 8.6510973e+00
1.6153522e+01 1.6251886e+01 1.6082873e+01 1.5522564e+01 1.5239310e+01 1.5102021e+01 1.5148922e+01 1.4760789e+01 1.3800757e+01 1.4717607e+01 1.3850122e+01 1.3434959e+01 1.3411512e+01 1.3493443e+01 1.3982656e+01 1.3926471e+01 1.3425031e+01 1.2963143e+01 1.2261728e+01 1.0888265e+01 1.1510726e+01 9.3497801e+00 3.8559836e-01 8.4468448e-04 9.5671527e-04 4.3937465e-04 8.0606990e-04 9.4311338e-04 9.8730022e-04 7.6022689e-04 2.0906272e+00 1.4666384e+00 2.8560690e+00 2.8024914e+00 2.9402171e+00 3.7653270e+00 4.0657481e+00 4.6226845e+00 5.8019480e+00 6.6188078e+00 6.9585182e+00 7.1748011e+00 7.4600805e+00 7.7309225e+00 7.9979030e+00 8.2238482e+00 8.4838250e+00 8.7145123e+00 8.8925668e+00 9.0138812e+00
1.6467823e+01 1.6271094e+01 1.6381443e+01 1.5935039e+01 1.5392230e+01 1.5261177e+01 1.5031278e+01 1.4961197e+01 1.4705724e+01 1.5248739e+01 1.4327730e+01 1.3840433e+01 1.3579847e+01 1.3693506e+01 1.4168609e+01 1.3684153e+01 1.3969394e+01 1.3227743e+01 1.2425727e+01 1.2046449e+01 1.1819119e+01 1.2286926e+01 8.8929253e+00 2.0878952e+00 8.0765979e-04 7.4310988e-04 9.4559988e-04 1.8259618e-04 9.5528581e-04 8.3350153e-04 7.8319439e-04 8.2986482e-04 9.2298688e-04 9.4824834e-04 8.2420691e-04 3.6694439e-01 1.3705397e+00 2.8438464e+00 7.2516461e+00 7.5919432e+00 7.7224122e+00 7.9093469e+00 8.1620901e+00 8.3818437e+00 8.6032175e+00 8.7834957e+00 8.9747427e+00 9.0979518e+00 9.2393542e+00 9.4078844e+00
1.6883045e+01 1.6778682e+01 1.6636754e+01 1.6167209e+01 1.5685402e+01 1.5479652e+01 1.5371245e+01 1.5333374e+01 1.5344863e+01 1.5110619e+01 1.4627160e+01 1.4344181e+01 1.4236734e+01 1.4238588e+01 1.4571825e+01 1.4431250e+01 1.3134157e+01 1.3282953e+01 1.3012798e+01 1.2522062e+01 1.1633239e+01 1.2506218e+01 1.2156753e+01 9.7331886e+00 8.2761630e+00 3.5820514e+00 2.3760718e+00 4.1367255e+00 8.8028175e+00 8.8060507e+00 9.1908136e+00 8.7427197e+00 7.4620449e+00 6.1873454e+00 4.2115078e+00 2.3098972e+00 1.9482664e-01 7.5325640e-01 8.7694005e+00 9.0206685e+00 8.7589195e+00 8.8227327e+00 8.9733041e+00 9.1178032e+00 9.2371903e+00 9.3638769e+00 9.4404512e+00 9.4893330e+00 9.4620935e+00 9.6666808e+00
1.6638045e+01 1.6763804e+01 1.6744206e+01 1.6399399e+01 1.6180362e+01 1.4660883e+01 1.5478237e+01 1.5876304e+01 1.5521157e+01 1.5260551e+01 1.5010351e+01 1.4928828e+01 1.4770257e+01 1.4839548e+01 1.4743699e+01 1.4499054e+01 1.4595937e+01 1.3176276e+01 1.3492744e+01 1.3160623e+01 1.2848802e+01 1.2632365e+01 1.2482518e+01 1.2393154e+01 1.1164829e+01 6.1273640e+00 4.6543026e+00 6.3716088e+00 9.0164155e+00 1.1790376e+01 1.1643188e+01 1.1284389e+01 1.1488530e+01 1.1050558e+01 1.0722689e+01 1.1283138e+01 1.0845350e+01 1.0161817e+01 1.0583339e+01 1.0069784e+01 9.8322911e+00 9.7719592e+00 9.7862920e+00 9.7945099e+00 9.8056792e+00 9.8603884e+00 9.9082649e+00 9.8943147e+00 9.7243894e+00 9.6806876e+00
1.7282058e+01 1.7205061e+01 1.7006301e+01 1.6789770e+01 1.6462071e+01 1.2815666e+01 1.5465317e+01 1.6383580e+01 1.5995791e+01 1.5770750e+01 1.5590985e+01 1.5499381e+01 1.5246187e+01 1.5200260e+01 1.5109306e+01 1.4782382e+01 1.4606200e+01 1.3425640e+01 1.3536121e+01 1.3967923e+01 1.3910517e+01 1.3294338e+01 1.2576003e+01 1.2468652e+01 1.2175601e+01 9.5032254e+00 6.4552069e+00 6.6578629e+00 8.9949694e+00 1.1768120e+01 1.1011491e+01 1.1600725e+01 1.1334714e+01 1.1687871e+01 1.1920768e+01 1.1784652e+01 1.0691791e+01 1.1039261e+01 1.0755245e+01 1.0557417e+01 1.0425478e+01 1.0344003e+01 1.0274071e+01 1.0247269e+01 1.0222645e+01 1.0221957e+01 1.0263414e+01 9.5354450e+00 9.9537688e+00 1.0039688e+01
1.7539728e+01 1.7440919e+01 1.7374609e+01 1.7126653e+01 1.7129209e+01 1.7064951e+01 1.7022752e+01 1.6922513e+01 1.6809475e+01 1.6575073e+01 1.6271671e+01 1.6182345e+01 1.5836749e+01 1.5853528e+01 1.5590949e+01 1.5202163e+01 1.3423780e+01 1.4485758e+01 1.4425963e+01 1.3917134e+01 1.3821758e+01 1.4152019e+01 1.3414236e+01 1.2946117e+01 1.2596587e+01 1.2051496e+01 9.2593741e+00 8.9631127e+00 1.2043633e+01 1.1748566e+01 1.1084427e+01 1.1634608e+01 1.0879980e+01 1.1086192e+01 1.1894986e+01 1.1859771e+01 1.2051696e+01 1.1443892e+01 1.1083133e+01 1.0940404e+01 1.0800504e+01 1.0695805e+01 1.0632234e+01 1.0573148e+01 1.0553415e+01 1.0491918e+01 1.0417286e+01 9.1359725e+00 9.4746829e+00 1.0246901e+01
1.7821338e+01 1.7719090e+01 1.7665913e+01 1.7621049e+01 1.7503966e+01 1.7348636e+01 1.7296101e+01 1.6977409e+01 1.7197258e+01 1.6945882e+01 1.6936985e+01 1.6445996e+01 1.6303554e+01 1.6123028e+01 1.5962057e+01 1.5469928e+01 1.4785506e+01 1.5121244e+01 1.5045859e+01 1.4917153e+01 1.4391680e+01 1.4839549e+01 1.4293796e+01 1.3601948e+01 1.3266433e+01 1.2443756e+01 1.2628010e+01 1.3013347e+01 1.2634885e+01 1.2086027e+01 1.1824487e+01 1.1754415e+01 1.1554947e+01 1.1795550e+01 1.1998007e+01 1.2287014e+01 1.2172521e+01 1.1875906e+01 1.1340333e+01 1.1148334e+01 1.1019357e+01 1.0906691e+01 1.0825512e+01 1.0739152e+01 1.0694783e+01 1.0634783e+01 1.0541554e+01 1.0558766e+01 1.0596239e+01 1.0555413e+01
1.8144834e+01 1.8039884e+01 1.7960950e+01 1.7971608e+01 1.7835015e+01 1.7668160e+01 1.7475406e+01 1.7340695e+01 1.7288118e+01 1.7121246e+01 1.6946956e+01 1.6878464e+01 1.6627237e+01 1.6354564e+01 1.6269446e+01 1.6127851e+01 1.5713798e+01 1.5395524e+01 1.5421723e+01 1.5297834e+01 1.5271207e+01 1.5279017e+01 1.5051420e+01 1.4186706e+01 1.3743555e+01 1.2934652e+01 1.3670784e+01 1.3281199e+01 1.2853725e+01 1.2335177e+01 1.2135852e+01 1.1616077e+01 1.0965290e+01 1.1682041e+01 1.0487171e+01 1.1989218e+01 1.2326425e+01 1.2005182e+01 1.1578217e+01 1.1316233e+01 1.1155675e+01 1.1021859e+01 1.0923948e+01 1.0821383e+01 1.0758718e+01 1.0733730e+01 1.0633605e+01 1.0635928e+01 1.0594106e+01 1.0578934e+01
1.8437312e+01 1.8328085e+01 1.8228293e+01 1.8162504e+01 1.8194614e+01 1.8012212e+01 1.7745349e+01 1.7531518e+01 1.7408284e+01 1.7313829e+01 1.7113034e+01 1.7028810e+01 1.6860788e+01 1.6734935e+01 1.6452965e+01 1.6018838e+01 1.5781522e+01 1.5391986e+01 1.5635372e+01 1.5617423e+01 1.5570974e+01 1.5379418e+01 1.5301112e+01 1.4560760e+01 1.4445882e+01 1.4195380e+01 1.3912669e+01 1.3503452e+01 1.3394465e+01 1.2791577e+01 1.2707429e+01 1.2317011e+01 1.1606855e+01 1.1688531e+01 1.1787780e+01 1.2534924e+01 1.2539680e+01 1.2050884e+01 1.1707572e+01 1.1481531e+01 1.1303718e+01 1.1155227e+01 1.1052816e+01 1.0940458e+01 1.0870216e+01 1.0824585e+01 1.0769566e+01 1.0781405e+01 1.0773633e+01 1.0704027e+01
1.8723504e+01 1.8757962e+01 1.8562047e+01 1.8278292e+01 1.8159554e+01 1.8046120e+01 1.7933604e+01 1.7715280e+01 1.7554724e+01 1.7500871e+01 1.7324860e+01 1.7195569e+01 1.7093830e+01 1.7140222e+01 1.6778881e+01 1.6771237e+01 1.6137741e+01 1.5390944e+01 1.5820990e+01 1.5971574e+01 1.5897951e+01 1.5658228e+01 1.5084145e+01 1.4804543e+01 1.4713269e+01 1.4653016e+01 1.4136990e+01 1.3292136e+01 1.3753371e+01 1.3801816e+01 1.2776391e+01 1.2621338e+01 1.2475625e+01 1.1944772e+01 1.2548028e+01 1.2559924e+01 1.1542108e+01 1.2025842e+01 1.1927010e+01 1.1678756e+01 1.1487815e+01 1.1338854e+01 1.1231579e+01 1.1127943e+01 1.1063739e+01 1.1039496e+01 1.1025736e+01 1.0619554e+01 1.1093312e+01 1.1003028e+01
1.8931406e+01 1.8720120e+01 1.8712521e+01 1.8471986e+01 1.8254584e+01 1.8190789e+01 1.8182164e+01 1.7976381e+01 1.7840318e+01 1.7766220e+01 1.7679188e+01 1.7574729e+01 1.7502249e+01 1.7451367e+01 1.7150925e+01 1.7012628e+01 1.6435979e+01 1.3353294e+01 1.5325603e+01 1.5775439e+01 1.5541379e+01 1.5465209e+01 1.5462347e+01 1.5327127e+01 1.5157743e+01 1.5193996e+01 1.4413237e+01 1.3965956e+01 1.2548276e+01 1.3287439e+01 1.3721376e+01 1.3380285e+01 1.2908552e+01 1.1618347e+01 1.2045834e+01 1.1758409e+01 1.1284486e+01 1.2101635e+01 1.2071680e+01 1.1847308e+01 1.1643115e+01 1.1491608e+01 1.1405683e+01 1.1351126e+01 1.1365321e+01 1.1407815e+01 1.1301446e+01 1.0896070e+01 1.1205194e+01 1.1371844e+01
1.9013043e+01 1.8901559e+01 1.8749135e+01 1.8635803e+01 1.8437847e+01 1.8364199e+01 1.8350525e+01 1.8337339e+01 1.8273502e+01 1.8180201e+01 1.8093433e+01 1.7964468e+01 1.7802268e+01 1.7566631e+01 1.7458207e+01 1.7030757e+01 1.6707712e+01 1.6239836e+01 1.6542175e+01 1.6128397e+01 1.5914596e+01 1.5346385e+01 1.5001482e+01 1.5451150e+01 1.5513771e+01 1.5570651e+01 1.4911928e+01 1.4418621e+01 1.4074212e+01 1.4037489e+01 1.3827544e+01 1.3396855e+01 1.3104571e+01 1.3060433e+01 1.2907057e+01 1.2840972e+01 1.2632300e+01 1.2496961e+01 1.2242083e+01 1.2025211e+01 1.1840060e+01 1.1693164e+01 1.1614376e+01 1.1599505e+01 1.1461688e+01 1.1422701e+01 1.1468296e+01 9.3602922e+00 8.8188278e+00 1.0204007e+01
