presentation/data/depth_0021.asc
ncols     164
nrows     146
xllcorner -1.242151388888889e+02
yllcorner  4.172986111111111e+01
cellsize  2.777777777820000e-04
nodata_value       -9999
[rows 66 to 87 of 146, columns 100 to 149 of 164]
4.2282557e-01 4.4240324e-01 4.4919643e-01 4.6492320e-01 4.7483304e-01 4.8025139e-01 4.9077868e-01 5.0261302e-01 5.0248344e-01 4.6031492e-01 3.9026334e-01 3.1538139e-01 2.2944696e-01 1.4259988e-01 1.0588839e-01 1.0903546e-01 1.1732197e-01 1.2304997e-01 1.1852792e-01 1.3168268e-01 1.3498598e-01 1.1620571e-01 1.0585358e-01 1.0226468e-01 6.3229486e-02 3.6963147e-02 2.7584419e-02 1.9723519e-02 1.1777815e-02 1.1096195e-02 1.1777553e-02 1.2374991e-02 1.1872919e-02 1.1982970e-02 1.1621442e-02 1.0945417e-02 9.9343240e-03 8.2652100e-03 6.4504816e-03 5.6181765e-03 5.2686527e-03 5.2643853e-03 4.9772839e-03 4.9638244e-03 4.5622874e-03 3.4886451e-03 2.5045294e-03 1.8352720e-03 1.3647947e-03 9.9986276e-04
2.0381280e-01 2.2584961e-01 2.1497507e-01 2.4555708e-01 3.1089385e-01 3.5941455e-01 3.7582637e-01 3.9231363e-01 3.9288762e-01 3.5558249e-01 2.5141262e-01 1.2191012e-01 1.0434511e-01 8.8132293e-02 1.0420808e-01 1.0724360e-01 1.1716497e-01 1.1893928e-01 1.0683012e-01 1.1288484e-01 1.1114544e-01 1.3323978e-01 1.1600164e-01 8.3682824e-02 6.4788330e-02 4.9493293e-02 1.8058079e-02 9.6568333e-03 1.0083371e-02 5.9338356e-03 2.6828881e-03 3.7827548e-03 5.0029897e-03 6.4432570e-03 3.9332546e-03 1.2318357e-02 4.0194648e-03 9.5532113e-03 6.0440152e-03 7.3146312e-03 7.2826498e-03 7.4741376e-03 6.5954960e-03 6.3372128e-03 5.5737646e-03 4.4065170e-03 3.4652046e-03 2.8170465e-03 2.4067295e-03 2.1401499e-03
2.0300636e-01 1.9923175e-01 1.9383305e-01 2.3481016e-01 2.2580095e-01 2.0724425e-01 1.7848520e-01 1.6945133e-01 1.8655495e-01 1.6449916e-01 7.9559991e-02 9.6077907e-02 7.5726565e-02 1.0505769e-01 1.2826542e-01 1.5988901e-01 1.7738863e-01 1.9135039e-01 1.9049526e-01 1.7540584e-01 1.7876494e-01 2.1625613e-01 2.0819082e-01 2.0402386e-01 1.8686468e-01 2.0017639e-01 2.0304220e-01 1.8667733e-01 1.9644912e-01 1.6209466e-01 1.3401842e-01 9.1108159e-02 7.8343638e-02 4.5101463e-02 2.8370664e-02 1.2667577e-02 5.1498226e-03 7.5262436e-03 1.1337206e-03 4.4206067e-03 7.5044897e-03 9.9843982e-03 9.0076753e-03 7.4627774e-03 6.2137268e-03 5.3250543e-03 4.6147608e-03 4.1289621e-03 3.7705292e-03 3.5000125e-03
2.1019003e-01 1.9354399e-01 1.7586855e-01 1.9073180e-01 2.0085162e-01 1.6569142e-01 1.6267122e-01 1.3024924e-01 1.1750074e-01 7.9127769e-02 4.3058068e-02 4.9550103e-02 8.3223972e-02 1.2135361e-01 1.6578782e-01 2.0588339e-01 2.3645827e-01 2.5511276e-01 2.9060791e-01 3.4262599e-01 3.4385886e-01 3.8978867e-01 4.1218253e-01 4.2280884e-01 4.6230132e-01 4.4770351e-01 4.7337669e-01 4.9624924e-01 5.1834302e-01 4.9256096e-01 5.1867826e-01 4.9386968e-01 4.4465033e-01 3.8689982e-01 3.3051077e-01 3.0508101e-01 2.7281212e-01 2.4428958e-01 2.0635846e-01 7.6752196e-02 2.4773679e-02 2.0432318e-03 6.0683928e-03 7.8068162e-03 8.1868151e-03 7.3768055e-03 6.2594395e-03 5.8892277e-03 5.8639925e-03 5.6622915e-03
4.3127935e-01 3.9628108e-01 3.3459796e-01 2.8374455e-01 2.4767535e-01 1.9640687e-01 1.9074422e-01 1.4242291e-01 4.9557535e-02 6.1220783e-02 5.8904310e-02 8.1977408e-02 1.1109026e-01 1.4351408e-01 1.5527051e-01 2.0695456e-01 2.5826540e-01 3.2445836e-01 4.0894397e-01 5.1700479e-01 5.8629811e-01 6.5671828e-01 7.1992946e-01 7.6713268e-01 7.7665749e-01 7.8124263e-01 8.1467458e-01 8.5425815e-01 8.7824740e-01 8.9232528e-01 8.6418368e-01 8.5200881e-01 8.1756800e-01 7.3259937e-01 6.6967878e-01 6.5612336e-01 6.2548082e-01 6.3141698e-01 5.6386383e-01 4.1466059e-01 3.4004503e-01 2.5484088e-01 1.3925479e-01 6.8715608e-03 4.3500856e-03 7.8521351e-03 9.0624769e-03 8.5802741e-03 8.3772990e-03 7.6755696e-03
4.7586929e-01 4.1020411e-01 3.1328497e-01 2.4050609e-01 2.0362758e-01 1.8842321e-01 1.8095690e-01 1.6949776e-01 1.9005556e-01 1.8425615e-01 1.0137627e-01 6.6620455e-02 1.0044598e-01 1.6971851e-01 1.7977984e-01 2.4464872e-01 3.2106886e-01 3.9831089e-01 5.0559109e-01 6.7009212e-01 8.1578513e-01 8.9663797e-01 9.8551183e-01 1.0161224e+00 1.0099637e+00 1.0523717e+00 1.0983901e+00 1.1365449e+00 1.1565932e+00 1.1580445e+00 1.1361868e+00 1.1385444e+00 1.0975018e+00 1.0249352e+00 1.0170003e+00 1.0373487e+00 1.0005085e+00 9.7664439e-01 8.7406339e-01 7.7416408e-01 6.8873416e-01 5.7856711e-01 4.7595549e-01 3.1693246e-01 1.9113682e-01 6.0653899e-02 1.9453949e-03 9.8900130e-03 1.0886812e-02 9.5403824e-03
4.5825414e-01 4.4880183e-01 3.5054462e-01 2.0903533e-01 2.0434414e-01 2.9348912e-01 2.9539062e-01 1.7257674e-01 1.4088385e-01 2.5837048e-01 2.0499204e-01 8.9905817e-02 1.2721962e-01 1.9699616e-01 2.3273539e-01 2.8458305e-01 4.0828117e-01 5.3900031e-01 6.0878114e-01 6.9087630e-01 7.8844868e-01 8.9525799e-01 1.0187477e+00 1.1031690e+00 1.1485899e+00 1.1889923e+00 1.2418929e+00 1.2695565e+00 1.3038717e+00 1.3288918e+00 1.3645561e+00 1.3184116e+00 1.2191489e+00 1.3015781e+00 1.3613755e+00 1.3844462e+00 1.3531809e+00 1.2616569e+00 1.1598216e+00 1.0705357e+00 9.5686894e-01 8.6553346e-01 7.5486656e-01 6.3453988e-01 5.2536518e-01 4.0763510e-01 2.3731866e-01 4.0945251e-02 3.2247515e-03 1.1968280e-02
3.3612641e-01 3.6759889e-01 3.7129537e-01 1.9805396e-01 1.4951777e-01 2.1819755e-01 2.7615906e-01 2.5783729e-01 1.9180774e-01 2.0038656e-01 1.2428289e-01 6.1113104e-01 2.1970277e+00 1.7206958e-01 4.4233462e-01 5.5649940e-01 6.3546194e-01 6.6702929e-01 6.4664018e-01 5.5214996e-01 4.9382365e-01 5.4218531e-01 7.0432988e-01 8.8289395e-01 1.0167255e+00 9.7793944e-01 9.4740349e-01 9.8918342e-01 1.1022680e+00 1.2000503e+00 1.2759400e+00 1.3613762e+00 1.4611215e+00 1.5594818e+00 1.5960191e+00 1.6005384e+00 1.5837467e+00 1.5003099e+00 1.4070904e+00 1.3248854e+00 1.2212519e+00 1.1231697e+00 1.0310820e+00 9.1533347e-01 8.1725310e-01 6.6032303e-01 4.9566479e-01 2.9437932e-01 8.8425471e-02 6.0600993e-03
2.2479372e-01 2.7007201e-01 2.5679175e-01 8.5786112e-02 7.6417401e-03 9.8484769e-04 9.7378426e-04 4.7486462e-02 1.1295456e-01 3.4092688e-02 1.9995681e+00 4.4094876e+00 4.8854244e+00 3.4557936e+00 5.8529214e-01 5.2219523e-01 7.0613642e-01 7.4315435e-01 4.8587616e-01 2.3455005e-01 1.9076295e-01 2.2347789e-01 3.2451528e-01 4.5739458e-01 5.1759912e-01 4.9834609e-01 4.6865560e-01 5.1675366e-01 6.3268706e-01 7.5662650e-01 9.5761894e-01 1.2803915e+00 1.6287465e+00 1.7251280e+00 1.7659079e+00 1.7692309e+00 1.7212467e+00 1.6874859e+00 1.6075208e+00 1.5341247e+00 1.4469315e+00 1.3778877e+00 1.3017001e+00 1.2074390e+00 1.0473129e+00 8.0484443e-01 6.1642714e-01 3.7792179e-01 1.4153430e-01 3.6739261e-03
3.6789206e-01 5.8157393e-02 8.4132581e-02 2.2654109e-02 1.0883097e-02 9.8657804e-04 9.8673166e-04 9.3767712e-04 2.2620624e-03 2.9523162e+00 4.7218835e+00 4.9307140e+00 5.0065063e+00 5.0796681e+00 4.9016691e+00 1.9702593e+00 1.8554495e-01 4.3642510e-01 2.1392561e-01 1.6062022e-01 1.9449611e-01 1.8549816e-01 2.3106189e-01 3.0596419e-01 3.3677627e-01 3.5206250e-01 2.9365956e-01 2.6949785e-01 3.2941968e-01 4.5909447e-01 7.6539669e-01 1.2113414e+00 1.7105937e+00 1.9396042e+00 1.9435302e+00 1.9146535e+00 1.9076642e+00 1.8251364e+00 1.7699905e+00 1.6971366e+00 1.6235936e+00 1.5544795e+00 1.4766258e+00 1.3582580e+00 1.1207177e+00 8.4481713e-01 6.2100844e-01 4.0036627e-01 2.2091358e-01 1.2189734e-01
1.6124872e+00 1.5552267e+00 4.5816944e-01 8.9561598e-04 4.0639215e-03 8.2496094e-04 8.2398764e-04 9.6767127e-04 4.2357205e+00 5.0537875e+00 5.2076860e+00 5.3086588e+00 5.4693019e+00 5.5644547e+00 5.5333849e+00 4.5168398e+00 3.2046124e+00 4.3620597e-01 5.5822904e-02 1.9145501e-01 3.4473428e-01 5.4964796e-01 4.7590973e-01 5.3177390e-01 7.2143869e-01 7.1413955e-01 5.2821326e-01 4.2810588e-01 3.4192943e-01 3.6661952e-01 6.1534788e-01 1.0790879e+00 1.6845686e+00 2.1052181e+00 2.2342712e+00 2.1904986e+00 2.0924839e+00 2.0014999e+00 1.9165572e+00 1.8320697e+00 1.7463546e+00 1.6466030e+00 1.5313875e+00 1.3737995e+00 1.1397333e+00 8.9435073e-01 6.7001410e-01 5.0251396e-01 3.9355727e-01 3.6839845e-01
1.9613154e+00 1.6353115e+00 1.3888777e+00 7.3555545e-01 9.9042273e-04 8.8820612e-04 7.6586400e-04 3.9465378e+00 5.0088906e+00 5.1265196e+00 5.2625276e+00 5.3149276e+00 5.4580083e+00 5.6975550e+00 5.8774884e+00 5.6460636e+00 5.8340895e+00 3.8897201e+00 1.8597914e-01 2.8349367e-01 3.5874517e-01 5.5606003e-01 6.2728365e-01 8.3590795e-01 1.1076305e+00 1.1428734e+00 8.6883257e-01 8.7629736e-01 5.8004333e-01 4.4449170e-01 5.4154493e-01 8.6094570e-01 1.4920194e+00 2.1291086e+00 2.4482611e+00 2.4864785e+00 2.3370438e+00 2.1800760e+00 2.0771086e+00 1.9693829e+00 1.8224474e+00 1.6775496e+00 1.5507960e+00 1.3916100e+00 1.1524695e+00 9.3402338e-01 7.6299870e-01 6.7435494e-01 6.1655261e-01 6.9344752e-01
2.4859927e+00 2.2593621e+00 1.6379998e+00 7.3463689e-01 3.0827367e-04 6.9783004e-01 4.2633853e+00 4.7255937e+00 4.6827476e+00 4.6202764e+00 4.8158304e+00 4.9620726e+00 5.3867728e+00 5.6807669e+00 5.8918546e+00 5.8139168e+00 5.5638226e+00 2.5905457e+00 8.4834628e-02 2.5941483e-01 2.7144481e-01 3.2717725e-01 7.2242374e-01 8.1090636e-01 8.8268184e-01 8.1580107e-01 1.1880763e+00 1.0189429e+00 9.1376571e-01 8.2396851e-01 6.5972269e-01 7.3204138e-01 1.3248581e+00 2.0879849e+00 2.5179004e+00 2.6658608e+00 2.5584767e+00 2.3742520e+00 2.2147321e+00 2.1174626e+00 1.9450641e+00 1.7633810e+00 1.5762348e+00 1.4049371e+00 1.1547493e+00 1.0135050e+00 9.3771616e-01 9.0162333e-01 9.7184906e-01 1.0497401e+00
2.7776785e+00 2.5852552e+00 2.9118772e-01 6.2150620e-04 2.2138730e+00 4.5707435e+00 4.6664663e+00 4.6035634e+00 4.5356167e+00 4.4186660e+00 4.3101027e+00 4.7313842e+00 5.3599946e+00 5.5995816e+00 5.9293183e+00 5.2789957e+00 1.3081508e+00 5.8364493e-02 1.3432588e-01 1.7550280e-01 3.5807227e-01 7.8098362e-01 8.2952823e-01 8.5618543e-01 9.3810253e-01 8.5010306e-01 6.5662220e-01 4.9362782e-01 1.2759077e+00 1.1694989e+00 1.0817884e+00 9.5248907e-01 1.3535178e+00 2.0144857e+00 2.4354606e+00 2.6230752e+00 2.6709063e+00 2.5712401e+00 2.4465889e+00 2.3211121e+00 2.1366998e+00 1.9040860e+00 1.6801744e+00 1.4437114e+00 1.2698464e+00 1.1329584e+00 1.1353421e+00 1.1784069e+00 1.2248580e+00 1.2728175e+00
3.2899197e+00 1.7558109e+00 9.7508100e-04 4.7004019e-02 4.1358844e+00 4.8411523e+00 4.4576803e+00 4.4145244e+00 4.3611968e+00 4.4215359e+00 4.9484592e+00 4.8798887e+00 4.6604631e+00 5.0557778e+00 3.4914133e+00 4.7811459e-01 1.3769803e-01 2.8308863e-01 4.1218978e-01 5.7672910e-01 1.0889756e+00 8.4707711e-01 1.0926890e+00 9.5815488e-01 9.3089949e-01 8.8255932e-01 4.3593721e-01 6.5398944e-01 5.0475755e-01 1.3127684e+00 1.3600339e+00 1.3454586e+00 1.4997246e+00 1.8958298e+00 2.2383446e+00 2.4534806e+00 2.5634929e+00 2.5917741e+00 2.5761620e+00 2.5053579e+00 2.3481004e+00 2.0881737e+00 1.7942130e+00 1.5762423e+00 1.4074031e+00 1.3270642e+00 1.3390408e+00 1.3534688e+00 1.3915086e+00 1.4162324e+00
3.8242998e+00 3.4299048e+00 2.4759867e+00 1.8169850e-03 7.6779095e-04 3.3090188e+00 4.2715162e+00 4.1509940e+00 4.6301217e+00 4.9364539e+00 4.9117848e+00 4.7307629e+00 4.2094258e+00 2.4406337e+00 2.3948485e-03 3.3411627e-02 1.0434459e-01 2.2277149e-01 1.2905416e+00 1.6331630e+00 1.2578211e+00 6.4399448e-01 1.0598774e+00 1.0037604e+00 7.9247554e-01 6.0545344e-01 6.9234363e-01 5.1848941e-01 7.4187296e-01 1.1325774e+00 1.3909006e+00 1.3589795e+00 1.4087594e+00 1.6630989e+00 2.0713676e+00 2.2832881e+00 2.3067139e+00 2.2632760e+00 2.2114809e+00 2.2395303e+00 2.2530796e+00 2.1398032e+00 1.9386376e+00 1.6664710e+00 1.4898572e+00 1.4377792e+00 1.4441700e+00 1.4527604e+00 1.4634768e+00 1.4662221e+00
4.0415985e+00 3.9519447e+00 3.7993849e+00 3.9198693e+00 2.0026623e+00 4.9838325e-04 2.0590646e+00 4.3845750e+00 4.8290994e+00 4.6772408e+00 4.9591049e+00 4.7149135e+00 1.4116494e+00 1.5769430e-03 1.8514600e-02 4.6124085e-03 1.5697872e-01 9.0305346e-01 1.5112951e+00 1.7412795e+00 1.7649245e+00 1.2263507e+00 8.9913266e-01 7.5175744e-01 4.1693940e-01 5.7881613e-01 4.9952942e-01 5.2959649e-01 5.5989863e-01 1.0203070e+00 7.1566951e-01 1.1428955e+00 1.3561924e+00 1.4320040e+00 1.9354244e+00 2.1085374e+00 1.9083816e+00 1.5995353e+00 1.4424318e+00 1.5094459e+00 1.6447574e+00 1.7617411e+00 1.8534011e+00 1.8183362e+00 1.5978441e+00 1.4179390e+00 1.4340273e+00 1.4534353e+00 1.4663800e+00 1.4676876e+00
4.1500719e+00 4.2085732e+00 4.2989992e+00 4.0814763e+00 3.4527675e+00 3.1618900e+00 1.9739778e-01 4.4723214e-01 3.9948434e+00 4.6501897e+00 4.9532088e+00 3.4036702e+00 7.8325481e-04 1.3812489e-02 7.9224133e-03 1.9190004e-01 1.1148343e+00 1.3739614e+00 1.4239203e+00 1.4426650e+00 9.2521304e-01 9.5517491e-01 7.6038467e-01 4.1681777e-01 2.0518656e-01 1.7146184e-01 4.6925359e-01 2.0364363e-01 1.3441711e-01 3.6371512e-01 5.8211928e-01 7.5791671e-01 1.0422717e+00 1.2587358e+00 1.5941736e+00 1.7538776e+00 1.3748420e+00 9.6011634e-01 7.6688280e-01 7.4974355e-01 8.7730586e-01 1.0688390e+00 1.3616142e+00 1.5886986e+00 1.5139009e+00 1.1736094e+00 1.1650270e+00 1.3557062e+00 1.4361625e+00 1.4819676e+00
4.3807078e+00 4.4233530e+00 4.6418523e+00 4.4502214e+00 3.7183697e+00 3.6715861e+00 2.8705251e+00 7.1208368e-02 2.9394899e-04 2.5391820e+00 3.3035532e+00 4.5811797e+00 1.5569812e+00 4.5287608e-02 2.6117008e-01 7.1702954e-01 1.4078828e+00 1.3893561e+00 1.4732250e+00 1.7907487e+00 8.5219949e-04 0.0000000e+00 9.9811067e-04 3.1630157e-01 1.2269702e-01 9.9003918e-02 2.3962806e-01 1.0573541e-01 1.1271158e-01 3.2795540e-01 4.7627295e-01 2.3525136e-01 1.7867696e-01 6.6696279e-01 9.9942892e-01 1.2817796e+00 1.1001788e+00 8.0751191e-01 5.6639010e-01 3.9499768e-01 4.0288716e-01 5.9275646e-01 8.1228099e-01 1.0324311e+00 1.1070213e+00 8.9965478e-01 7.4594242e-01 8.4406695e-01 1.0633311e+00 1.3379488e+00
4.6925729e+00 4.6878624e+00 4.8570268e+00 4.9416945e+00 4.6854229e+00 4.3607113e+00 4.4434402e+00 3.8455041e+00 1.5844935e+00 9.8388689e-04 2.1218386e+00 3.8229117e+00 2.9478017e+00 2.0654051e-01 6.2815084e-01 8.6241748e-01 1.1231958e+00 1.1447859e+00 1.3905982e+00 1.2997498e+00 9.5262060e-04 0.0000000e+00 4.7253159e-01 4.8748855e-01 1.6523848e-01 8.0317062e-02 1.0382364e-01 1.7696021e-01 1.7850326e-01 3.7624641e-01 3.3474721e-01 3.1437760e-01 2.6872667e-01 1.7388050e-01 4.2680743e-01 1.0215864e+00 9.7008399e-01 9.4886788e-01 7.4619812e-01 3.5005074e-01 3.5027027e-01 4.9802699e-01 5.6639746e-01 5.6530153e-01 6.2600686e-01 6.6777164e-01 5.9807847e-01 5.7601722e-01 7.3999092e-01 9.7597813e-01
4.8609502e+00 4.7266002e+00 4.8552389e+00 5.0278940e+00 4.7309360e+00 4.5372974e+00 4.2091602e+00 2.4255072e+00 1.6354955e+00 1.3889187e+00 4.4062919e+00 5.0834027e+00 1.1661701e+00 1.3510749e-01 3.0425720e-01 4.6229019e-01 7.8938947e-01 7.5462894e-01 6.0494284e-01 7.5618051e-01 8.0062502e-01 2.9701267e-01 9.1177428e-02 2.1207840e-01 2.7713217e-01 1.3349235e-01 4.5250674e-02 9.0061592e-04 1.4759528e-01 4.0645144e-01 4.0425586e-01 3.7737121e-01 3.7220591e-01 2.6780104e-01 6.6942241e-01 9.3447139e-01 1.1440162e+00 7.8627909e-01 7.0134349e-01 5.1354614e-01 7.0941886e-01 6.4939229e-01 5.4131353e-01 3.7201869e-01 2.8213795e-01 3.1953878e-01 5.9868883e-01 7.7704628e-01 9.1403127e-01 1.0072779e+00
4.8253821e+00 4.2702234e+00 3.8235746e+00 4.3332434e+00 3.8915675e+00 2.7150356e+00 1.8207701e+00 1.1797894e+00 1.5291307e+00 2.1681782e+00 4.4657082e+00 2.6163563e+00 6.5748192e-03 1.4997606e-01 2.2946779e-01 1.6209332e-01 8.0123794e-01 6.1343621e-01 2.9056344e-01 4.4849751e-01 6.2992494e-01 1.3392611e-01 2.2457962e-01 1.8435278e-01 2.3942187e-01 2.7951893e-01 2.2620497e-01 4.2732591e-02 1.0471652e-01 2.0328417e-01 3.0437526e-01 2.2671202e-01 4.2929558e-02 3.8689668e-01 5.2706314e-01 2.8660954e-01 8.7332243e-01 2.4398455e-01 4.6131037e-01 5.3107083e-01 7.2210455e-01 8.9741378e-01 5.2819530e-01 3.9583148e-01 2.5132812e-01 6.6236463e-03 2.1277002e-01 1.1903600e+00 1.1680210e+00 1.2643146e+00
