presentation/data/depth_0009.asc
ncols     164
nrows     146
xllcorner -1.242151388888889e+02
yllcorner  4.172986111111111e+01
cellsize  2.777777777820000e-04
nodata_value       -9999
[rows 110 to 131 of 146, columns 0 to 49 of 164]
2.3298519e+01 2.3336898e+01 2.2641213e+01 2.2895566e+01 2.2590331e+01 2.2454010e+01 2.2320716e+01 2.1795607e+01 2.1514820e+01 2.1164935e+01 2.0997646e+01 2.1084263e+01 2.0921970e+01 1.9815972e+01 2.0722782e+01 2.0871544e+01 2.0165331e+01 1.9455186e+01 1.9609221e+01 1.9564832e+01 1.9446774e+01 1.8123247e+01 1.7504091e+01 1.7865992e+01 1.7910724e+01 1.7627848e+01 1.7529272e+01 1.6884650e+01 1.7114277e+01 1.6652739e+01 1.6127590e+01 1.5486683e+01 1.5343012e+01 1.4935190e+01 1.4266787e+01 1.3830084e+01 1.3546646e+01 1.2714399e+01 1.2334331e+01 1.1348682e+01 7.5752909e+00 7.6006998e+00 1.1826070e+01 1.2071935e+01 1.2104978e+01 1.2396502e+01 1.2681260e+01 1.2389915e+01 1.2158766e+01 1.1705591e+01
2.3254665e+01 2.3187846e+01 2.3069423e+01 2.3044665e+01 2.2747690e+01 2.2030727e+01 2.1815244e+01 2.1974773e+01 2.1792769e+01 2.1511252e+01 2.1366862e+01 2.1309813e+01 2.1116765e+01 2.0510092e+01 2.1461312e+01 2.1539049e+01 2.0880077e+01 2.0910755e+01 2.0510957e+01 2.0235734e+01 1.9679292e+01 1.8340895e+01 1.8679388e+01 1.8990862e+01 1.8806080e+01 1.8360226e+01 1.8074198e+01 1.7682939e+01 1.7422216e+01 1.7399938e+01 1.7313296e+01 1.6186837e+01 1.6000898e+01 1.5464859e+01 1.4984010e+01 1.4309029e+01 1.3828524e+01 1.3593001e+01 1.2803060e+01 1.2978084e+01 1.2735186e+01 1.1959571e+01 1.2112321e+01 1.2218292e+01 1.2401004e+01 1.3212833e+01 1.3592191e+01 1.3121904e+01 1.2787449e+01 1.2253619e+01
2.3294882e+01 2.3178564e+01 2.3145182e+01 2.2940487e+01 2.2927636e+01 2.2714314e+01 2.2492274e+01 2.2265292e+01 2.2088199e+01 2.1852885e+01 2.1728525e+01 2.1683164e+01 2.1724520e+01 2.1751703e+01 2.1706654e+01 2.1699245e+01 2.1349281e+01 2.1147876e+01 2.0500038e+01 2.0352397e+01 1.9543338e+01 2.0131160e+01 2.0232931e+01 2.0053554e+01 1.9587904e+01 1.9230893e+01 1.8990072e+01 1.8433444e+01 1.7904822e+01 1.7563694e+01 1.7430639e+01 1.7387469e+01 1.6728157e+01 1.5532035e+01 1.5146951e+01 1.4928137e+01 1.3877415e+01 1.2993522e+01 1.2414184e+01 1.2999074e+01 1.2778373e+01 1.2125417e+01 1.2034554e+01 1.2406206e+01 1.3097795e+01 1.4131828e+01 1.4018471e+01 1.2721511e+01 1.1806006e+01 1.1947743e+01
2.3430240e+01 2.3311332e+01 2.3235516e+01 2.3199973e+01 2.3012256e+01 2.2810270e+01 2.2651546e+01 2.2500108e+01 2.2364757e+01 2.2254266e+01 2.2149372e+01 2.2134435e+01 2.2091755e+01 2.2021905e+01 2.1898808e+01 2.1855618e+01 2.1621022e+01 2.1286629e+01 2.1159601e+01 2.1157037e+01 2.1230256e+01 2.1105023e+01 2.0787024e+01 2.0463575e+01 2.0239264e+01 1.9925156e+01 1.8801769e+01 1.7324276e+01 1.8629704e+01 1.8060751e+01 1.7634086e+01 1.7446134e+01 1.6578695e+01 1.6493102e+01 1.6295066e+01 1.5228494e+01 1.3994243e+01 1.2601525e+01 1.1559496e+01 1.1661393e+01 1.1905106e+01 1.1258649e+01 1.1049474e+01 1.2345950e+01 1.4004012e+01 1.4464336e+01 1.4536232e+01 1.4330136e+01 1.3761639e+01 1.4494303e+01
2.3520761e+01 2.3424167e+01 2.3336445e+01 2.3254969e+01 2.3130511e+01 2.2987283e+01 2.2879456e+01 2.2802223e+01 2.2759492e+01 2.2681748e+01 2.2531257e+01 2.2472260e+01 2.1007307e+01 1.9580661e+01 2.2439848e+01 2.1964468e+01 2.1729588e+01 2.1647360e+01 2.1567503e+01 2.1516880e+01 2.1598568e+01 2.1463015e+01 2.1189115e+01 2.0904808e+01 2.0682625e+01 2.0438482e+01 2.0011348e+01 1.9628751e+01 1.9601171e+01 1.8142206e+01 1.8231691e+01 1.6951145e+01 1.7101569e+01 1.6569701e+01 1.6601404e+01 1.3186021e+01 1.3512661e+01 1.2309904e+01 8.6498511e+00 1.2369651e+01 1.2484822e+01 1.2184523e+01 1.1192040e+01 1.3459995e+01 1.4801677e+01 1.5051933e+01 1.4159780e+01 1.5100920e+01 1.5149708e+01 1.5140543e+01
2.3644242e+01 2.3553047e+01 2.3475373e+01 2.3369164e+01 2.3295730e+01 2.3207900e+01 2.3122096e+01 2.3044533e+01 2.2528785e+01 1.7100194e+01 2.2683947e+01 2.2753908e+01 2.2768082e+01 2.2558143e+01 2.2581350e+01 2.2327579e+01 2.2116760e+01 2.2008540e+01 2.1975792e+01 2.2044587e+01 2.2136360e+01 2.2056098e+01 2.1833314e+01 2.1264697e+01 2.1243909e+01 2.0653754e+01 2.0923372e+01 2.0914601e+01 2.0764024e+01 1.9556139e+01 1.9058351e+01 1.6757055e+01 1.7486940e+01 1.8375928e+01 1.6817024e+01 1.2098565e+01 1.1395870e+01 1.2822134e+01 1.3590759e+01 1.2634003e+01 1.2925974e+01 1.3391900e+01 1.4108330e+01 1.5016550e+01 1.4938384e+01 1.5755775e+01 1.5253990e+01 1.5577162e+01 1.5575033e+01 1.5752070e+01
2.3759788e+01 2.3695767e+01 2.3625986e+01 2.3528927e+01 2.3450584e+01 2.3383815e+01 2.3322721e+01 2.3233678e+01 2.3047033e+01 2.0678623e+01 2.2935639e+01 2.3062911e+01 2.2905172e+01 2.2763718e+01 2.2609271e+01 2.2478605e+01 2.2372833e+01 2.2283089e+01 2.2212966e+01 2.2398277e+01 2.1465543e+01 2.2226384e+01 2.2016467e+01 2.1777896e+01 2.1321795e+01 2.1332426e+01 2.0501221e+01 2.1288970e+01 2.1212358e+01 2.1033740e+01 1.9866154e+01 1.9709136e+01 1.9486993e+01 1.8995656e+01 1.8182550e+01 1.4186830e+01 1.3792374e+01 1.2898574e+01 1.3126326e+01 1.3731124e+01 1.3998735e+01 1.4210915e+01 1.4815401e+01 1.5509828e+01 1.5493592e+01 1.5998749e+01 1.6190282e+01 1.5927266e+01 1.6148813e+01 1.6346473e+01
2.3915973e+01 2.3829321e+01 2.3763582e+01 2.3664137e+01 2.3585554e+01 2.3517305e+01 2.3466452e+01 2.3431661e+01 2.3411107e+01 2.3400668e+01 2.3277843e+01 2.3146192e+01 2.3024136e+01 2.2892908e+01 2.2752499e+01 2.2632053e+01 2.2561177e+01 2.2339423e+01 2.2313655e+01 2.2522215e+01 2.2317618e+01 2.2735871e+01 2.2397808e+01 2.2462127e+01 2.1765244e+01 2.1547959e+01 1.8898917e+01 2.0647298e+01 2.1421201e+01 2.0989953e+01 2.0237260e+01 1.9049717e+01 1.9902555e+01 1.8876887e+01 1.8521852e+01 1.7973325e+01 1.8099040e+01 1.6236085e+01 1.4553466e+01 1.4912675e+01 1.4438871e+01 1.4569058e+01 1.5741238e+01 1.5864545e+01 1.6052760e+01 1.6793291e+01 1.6832828e+01 1.6727582e+01 1.6649627e+01 1.6713370e+01
2.4144081e+01 2.4057187e+01 2.3954382e+01 2.3853043e+01 2.3726894e+01 2.3671942e+01 2.3574501e+01 2.3566310e+01 2.3505966e+01 2.3437584e+01 2.3346669e+01 2.3260597e+01 2.3135718e+01 2.3031262e+01 2.2922639e+01 2.2801400e+01 2.2718538e+01 2.2635172e+01 2.2572801e+01 2.2533112e+01 2.2567414e+01 2.2544861e+01 2.2427686e+01 2.2323182e+01 2.2146654e+01 2.2164686e+01 2.1157175e+01 2.1532056e+01 2.2018349e+01 2.1561584e+01 2.1033938e+01 2.0666376e+01 2.0619952e+01 1.9659426e+01 1.8250866e+01 1.8175999e+01 1.7785495e+01 1.7054593e+01 1.7055689e+01 1.6328954e+01 1.5427355e+01 1.5948485e+01 1.6597227e+01 1.6707027e+01 1.6871355e+01 1.6945932e+01 1.6299192e+01 1.7162133e+01 1.7060018e+01 1.7160051e+01
2.4286692e+01 2.4194286e+01 2.4113983e+01 2.4039713e+01 2.3974918e+01 2.3858736e+01 2.3767475e+01 2.3700577e+01 2.3617770e+01 2.3542264e+01 2.3433947e+01 2.3367856e+01 2.3295564e+01 2.3180163e+01 2.3070967e+01 2.2960060e+01 2.2859804e+01 2.2774813e+01 2.2703030e+01 2.2628092e+01 2.2578766e+01 2.2607016e+01 2.2725805e+01 2.2226587e+01 2.2209003e+01 2.2288939e+01 2.2406153e+01 2.2511757e+01 2.2246062e+01 2.1862728e+01 2.1523806e+01 2.0958887e+01 2.0927766e+01 2.0926631e+01 1.8639135e+01 1.8949787e+01 1.8947691e+01 1.7876946e+01 1.7609160e+01 1.7378585e+01 1.6358921e+01 1.5811106e+01 1.7522563e+01 1.7207584e+01 1.7259990e+01 1.7946242e+01 1.8108453e+01 1.7528038e+01 1.7404472e+01 1.7362454e+01
2.4441024e+01 2.4373866e+01 2.4295808e+01 2.4211833e+01 2.4112664e+01 2.3996265e+01 2.3927226e+01 2.3884950e+01 2.3825678e+01 2.3771746e+01 2.3628007e+01 2.3482996e+01 2.3399187e+01 2.3339156e+01 2.3238138e+01 2.3146007e+01 2.3047049e+01 2.2940133e+01 2.2827224e+01 2.2691855e+01 2.2717500e+01 2.2683636e+01 2.2698293e+01 2.2732540e+01 2.2540300e+01 2.1993960e+01 2.0276077e+01 1.9355689e+01 2.2290962e+01 2.1775624e+01 2.1998872e+01 2.1854483e+01 2.1618612e+01 1.9929611e+01 2.0550225e+01 1.9552414e+01 1.8342587e+01 1.7892474e+01 1.6031741e+01 1.5575914e+01 1.6675508e+01 1.6717045e+01 1.8285985e+01 1.7253968e+01 1.6872229e+01 1.8165853e+01 1.8205242e+01 1.7989125e+01 1.7779117e+01 1.7666286e+01
2.4634984e+01 2.4538074e+01 2.4463887e+01 2.4380384e+01 2.4307736e+01 2.4229851e+01 2.4122599e+01 2.4035783e+01 2.3970335e+01 2.3961095e+01 2.3893785e+01 2.3715335e+01 2.3584600e+01 2.3479482e+01 2.3410084e+01 2.3329335e+01 2.3245321e+01 2.3137930e+01 2.2994118e+01 2.2859655e+01 2.2887334e+01 2.2837076e+01 2.2801675e+01 2.2783033e+01 2.2713500e+01 2.2676635e+01 2.2728373e+01 2.1853009e+01 2.2061893e+01 2.2678739e+01 2.2259727e+01 2.2135075e+01 2.1699415e+01 2.0994912e+01 2.1358706e+01 1.9576145e+01 1.8143712e+01 1.8166785e+01 1.7678626e+01 1.6110806e+01 1.3175906e+01 1.2553079e+01 1.7970158e+01 1.8838317e+01 1.7652073e+01 1.8784093e+01 1.8421978e+01 1.8225497e+01 1.8101165e+01 1.7996487e+01
2.4816449e+01 2.4738442e+01 2.4668112e+01 2.4581500e+01 2.4474567e+01 2.4374685e+01 2.4273296e+01 2.4201796e+01 2.4153187e+01 2.4066219e+01 2.3951060e+01 2.3873224e+01 2.3787172e+01 2.3676160e+01 2.3568732e+01 2.3477937e+01 2.3391191e+01 2.3306536e+01 2.3215884e+01 2.3109679e+01 2.3039434e+01 2.2979392e+01 2.2944219e+01 2.2886550e+01 2.2760652e+01 2.2974164e+01 2.3092230e+01 2.2705104e+01 2.3259416e+01 2.2756407e+01 2.2484680e+01 2.2403255e+01 2.1969935e+01 2.0868761e+01 2.1090504e+01 1.9657561e+01 1.8356823e+01 1.8677854e+01 1.6852056e+01 1.4919330e+01 1.3801577e+01 1.1765154e+01 1.7932966e+01 2.0053941e+01 1.8781495e+01 1.9044585e+01 1.8725560e+01 1.8541027e+01 1.8447502e+01 1.8392804e+01
2.4955596e+01 2.4896970e+01 2.4833693e+01 2.4780227e+01 2.4691302e+01 2.4574442e+01 2.4471460e+01 2.4365040e+01 2.4294873e+01 2.4210345e+01 2.4119788e+01 2.4043254e+01 2.3947336e+01 2.3852239e+01 2.3763215e+01 2.3679590e+01 2.3603319e+01 2.3499413e+01 2.3408610e+01 2.3314486e+01 2.3222845e+01 2.3155891e+01 2.3108935e+01 2.3085861e+01 2.3104471e+01 2.3098506e+01 2.2863161e+01 2.2544091e+01 2.2951434e+01 2.2963130e+01 2.2611938e+01 2.2516906e+01 2.2199952e+01 2.2465336e+01 2.1819527e+01 2.1215458e+01 2.0018967e+01 1.7834430e+01 1.6499163e+01 1.3734615e+01 1.1830166e+01 1.4548504e+01 1.9758479e+01 2.0040286e+01 1.9507536e+01 1.9189262e+01 1.9008904e+01 1.8861752e+01 1.8756007e+01 1.8694499e+01
2.5172127e+01 2.5079105e+01 2.5008251e+01 2.4923716e+01 2.4855627e+01 2.4756954e+01 2.4673749e+01 2.4581368e+01 2.4487765e+01 2.4396752e+01 2.4295947e+01 2.4232795e+01 2.4128947e+01 2.4042216e+01 2.3938388e+01 2.3873369e+01 2.3793155e+01 2.3708278e+01 2.3620101e+01 2.3482978e+01 2.3383646e+01 2.3345623e+01 2.3303963e+01 2.3251174e+01 2.3221405e+01 2.3228021e+01 2.3332693e+01 2.3378968e+01 2.3425707e+01 2.3221078e+01 2.2840752e+01 2.2676349e+01 2.2460170e+01 2.2733383e+01 2.2721784e+01 2.1662713e+01 2.0488021e+01 1.9996027e+01 1.9131000e+01 1.6097181e+01 1.6987399e+01 1.8050477e+01 2.0494083e+01 2.0064901e+01 1.9715358e+01 1.9483099e+01 1.9348105e+01 1.9177821e+01 1.9042179e+01 1.8899550e+01
2.5404226e+01 2.5274686e+01 2.5213526e+01 2.5110184e+01 2.5031025e+01 2.4931973e+01 2.4834901e+01 2.4750291e+01 2.4659858e+01 2.4574412e+01 2.4482198e+01 2.4442622e+01 2.4346225e+01 2.4238948e+01 2.4118767e+01 2.4041551e+01 2.3961502e+01 2.3887725e+01 2.3774000e+01 2.3661148e+01 2.3591542e+01 2.3541500e+01 2.3491634e+01 2.3415870e+01 2.3366092e+01 2.3357115e+01 2.3373930e+01 2.3394019e+01 2.3425521e+01 2.3385200e+01 2.2570617e+01 2.2909074e+01 2.2864071e+01 2.2816631e+01 2.2729020e+01 2.2247366e+01 2.1310800e+01 2.0290891e+01 2.0846675e+01 2.1315899e+01 1.9843292e+01 2.0604979e+01 2.0687068e+01 2.0349868e+01 2.0058752e+01 1.9818498e+01 1.9635022e+01 1.9462304e+01 1.9319159e+01 1.9161280e+01
2.5613752e+01 2.5468548e+01 2.5400021e+01 2.5304444e+01 2.5249560e+01 2.5182959e+01 2.5046937e+01 2.4936689e+01 2.4820894e+01 2.4731907e+01 2.4633909e+01 2.4604614e+01 2.4542727e+01 2.4440556e+01 2.4327103e+01 2.4225478e+01 2.4132901e+01 2.4022541e+01 2.3924790e+01 2.3864458e+01 2.3797502e+01 2.3719958e+01 2.3647059e+01 2.3589769e+01 2.3530288e+01 2.3480077e+01 2.3433256e+01 2.3398527e+01 2.3385580e+01 2.3331976e+01 2.3196605e+01 2.3065656e+01 2.2957059e+01 2.2884930e+01 2.2812625e+01 2.2679399e+01 2.2802616e+01 2.2524771e+01 2.2376338e+01 2.1958774e+01 2.1778416e+01 2.1436694e+01 2.1039438e+01 2.0699471e+01 2.0423648e+01 2.0187157e+01 1.9971585e+01 1.9782424e+01 1.9626424e+01 1.9470426e+01
2.5813400e+01 2.5692219e+01 2.5554499e+01 2.5511598e+01 2.5419320e+01 2.5394309e+01 2.5308470e+01 2.5136806e+01 2.5027555e+01 2.4901391e+01 2.4795306e+01 2.4733053e+01 2.4682764e+01 2.4607444e+01 2.4521943e+01 2.4417117e+01 2.4323602e+01 2.4219936e+01 2.4143451e+01 2.4049822e+01 2.3969099e+01 2.3891634e+01 2.3804398e+01 2.3741054e+01 2.3676149e+01 2.3616879e+01 2.3541159e+01 2.3492120e+01 2.3426173e+01 2.3344516e+01 2.3228449e+01 2.3141283e+01 2.3074862e+01 2.3014411e+01 2.2939782e+01 2.2881222e+01 2.2867878e+01 2.2702338e+01 2.2535028e+01 2.2285754e+01 2.1943866e+01 2.1588018e+01 2.1299341e+01 2.1038173e+01 2.0784635e+01 2.0539500e+01 2.0304848e+01 2.0104249e+01 1.9925930e+01 1.9774891e+01
2.5984841e+01 2.5906669e+01 2.5748451e+01 2.5676121e+01 2.5602719e+01 2.5536319e+01 2.5519198e+01 2.5367676e+01 2.5209643e+01 2.5100499e+01 2.4964481e+01 2.4917843e+01 2.4841983e+01 2.4751236e+01 2.4667210e+01 2.4586275e+01 2.4480558e+01 2.4411862e+01 2.4339501e+01 2.4257915e+01 2.4161622e+01 2.4068699e+01 2.3969819e+01 2.3878343e+01 2.3806976e+01 2.3738925e+01 2.3675592e+01 2.3605017e+01 2.3515935e+01 2.3420576e+01 2.3313959e+01 2.3216690e+01 2.3151085e+01 2.3136092e+01 2.2986582e+01 2.2967807e+01 2.2809279e+01 2.2717500e+01 2.2502262e+01 2.2250531e+01 2.2187280e+01 2.1801514e+01 2.1503924e+01 2.1267179e+01 2.1041786e+01 2.0828540e+01 2.0617497e+01 2.0398292e+01 2.0223272e+01 2.0062683e+01
2.6134719e+01 2.6102198e+01 2.5963036e+01 2.5841576e+01 2.5806291e+01 2.5702968e+01 2.5665358e+01 2.5595720e+01 2.5429509e+01 2.5314968e+01 2.5210991e+01 2.5126711e+01 2.5008067e+01 2.4938424e+01 2.4841843e+01 2.4714549e+01 2.4637736e+01 2.4555946e+01 2.4477411e+01 2.4400618e+01 2.4326491e+01 2.4237991e+01 2.4154108e+01 2.4055174e+01 2.3961087e+01 2.3878013e+01 2.3807613e+01 2.3724706e+01 2.3629627e+01 2.3534456e+01 2.3444293e+01 2.3334002e+01 2.3248794e+01 2.3228297e+01 2.3211138e+01 2.2542390e+01 2.2988922e+01 2.2784473e+01 2.2561261e+01 2.2423478e+01 2.2227823e+01 2.1983209e+01 2.1702542e+01 2.1477947e+01 2.1251703e+01 2.1038303e+01 2.0832349e+01 2.0656779e+01 2.0503817e+01 2.0374876e+01
2.6292265e+01 2.6272641e+01 2.6203335e+01 2.6042208e+01 2.5954262e+01 2.5893493e+01 2.5812013e+01 2.5793996e+01 2.5672947e+01 2.5518884e+01 2.5416589e+01 2.5341572e+01 2.5239432e+01 2.5087348e+01 2.4969998e+01 2.4882905e+01 2.4781870e+01 2.4710315e+01 2.4609497e+01 2.4523808e+01 2.4452053e+01 2.4364836e+01 2.4298292e+01 2.4232008e+01 2.4134684e+01 2.4043868e+01 2.3956234e+01 2.3862614e+01 2.3763380e+01 2.3645197e+01 2.3557452e+01 2.3457002e+01 2.3371435e+01 2.3304631e+01 2.3286877e+01 2.3330149e+01 2.3297886e+01 2.2991809e+01 2.2725858e+01 2.2539626e+01 2.2370351e+01 2.2112039e+01 2.1874693e+01 2.1678383e+01 2.1473088e+01 2.1253788e+01 2.1040631e+01 2.0857461e+01 2.0688221e+01 2.0414897e+01
2.6468171e+01 2.6434492e+01 2.6397002e+01 2.6282225e+01 2.6135079e+01 2.6089887e+01 2.5980233e+01 2.5957905e+01 2.5902832e+01 2.5731425e+01 2.5601738e+01 2.5521867e+01 2.5468042e+01 2.5303281e+01 2.5159619e+01 2.5062601e+01 2.4963920e+01 2.4867369e+01 2.4763930e+01 2.4646398e+01 2.4591098e+01 2.4492992e+01 2.4413794e+01 2.4336132e+01 2.4268972e+01 2.4187306e+01 2.4116440e+01 2.4025999e+01 2.3924987e+01 2.3806247e+01 2.3689044e+01 2.3596261e+01 2.3501289e+01 2.3435726e+01 2.3389532e+01 2.3318365e+01 2.3352046e+01 2.3141168e+01 2.2982210e+01 2.2534772e+01 2.2512311e+01 2.2276339e+01 2.2056943e+01 2.1843783e+01 2.1637086e+01 2.1432143e+01 2.1216690e+01 2.1041760e+01 2.0856643e+01 2.0653930e+01
