presentation/data/depth_0025.asc
ncols     164
nrows     146
xllcorner -1.242151388888889e+02
yllcorner  4.172986111111111e+01
cellsize  2.777777777820000e-04
nodata_value       -9999
[rows 66 to 87 of 146, columns 50 to 99 of 164]
0.0000000e+00 0.0000000e+00 0.0000000e+00 0.0000000e+00 0.0000000e+00 0.0000000e+00 0.0000000e+00 0.0000000e+00 0.0000000e+00 0.0000000e+00 0.0000000e+00 0.0000000e+00 0.0000000e+00 0.0000000e+00 9.9948125e-04 1.5265507e-03 1.3159939e-03 1.0508897e-03 9.9873198e-04 9.9472639e-04 5.7320936e-03 4.8546113e-02 7.2890394e-01 1.1603270e+00 1.3263183e+00 1.3438015e+00 1.3348374e+00 1.3314182e+00 1.3652240e+00 1.9509002e+00 2.9514485e+00 4.0230234e+00 2.9106984e+00 1.5741538e+00 1.3205297e+00 1.3739934e+00 1.2925623e+00 1.0853223e+00 7.8034959e-01 4.4057136e-01 1.7414087e-01 1.2951158e-01 1.5272714e-01 1.8483381e-01 1.9774083e-01 2.1731305e-01 2.3897164e-01 2.6430893e-01 2.7859953e-01 2.9390462e-01
0.0000000e+00 0.0000000e+00 0.0000000e+00 0.0000000e+00 0.0000000e+00 9.9484659e-04 9.9891148e-04 9.9638514e-04 9.9628300e-04 9.9787176e-04 9.8869479e-04 9.7309226e-04 9.8423272e-04 9.5117314e-04 2.1978148e-03 9.9937098e-04 9.9810365e-04 9.9820409e-04 9.9683041e-04 9.9942784e-04 9.4046020e-04 3.8936700e-01 8.9456720e-01 1.1796181e+00 1.3130035e+00 1.3190713e+00 1.3100474e+00 1.3994453e+00 3.6154240e+00 4.4942564e+00 3.8266960e+00 1.9868084e+00 1.2953709e+00 1.2787826e+00 1.2685946e+00 1.1949801e+00 1.0986691e+00 1.0194682e+00 8.8860085e-01 7.3347859e-01 5.4247882e-01 3.3510030e-01 2.3361225e-01 1.9471531e-01 1.6676475e-01 1.6329014e-01 1.3869101e-01 1.2020393e-01 1.1136116e-01 9.5629950e-02
0.0000000e+00 0.0000000e+00 0.0000000e+00 0.0000000e+00 0.0000000e+00 9.9923071e-04 9.9725030e-04 9.8828118e-04 9.9571805e-04 9.5227580e-04 9.1130734e-04 9.9820710e-04 5.0333511e-02 1.5751679e-02 9.8327810e-04 9.9789410e-04 9.9822355e-04 9.9616623e-04 9.9854204e-04 9.9689998e-04 2.2966037e-01 7.7664086e-01 1.0367918e+00 1.1937105e+00 1.2893721e+00 1.2908162e+00 1.2753670e+00 2.3015476e+00 4.6153723e+00 3.3026921e+00 1.7756354e+00 1.2596414e+00 1.2447772e+00 1.2364360e+00 1.2295058e+00 1.1821386e+00 1.0569777e+00 9.9963300e-01 9.7116852e-01 9.5029865e-01 8.4762979e-01 7.2972447e-01 6.8054192e-01 6.5034684e-01 6.1611933e-01 5.5798044e-01 5.3805635e-01 5.3901280e-01 5.0065255e-01 4.9744508e-01
0.0000000e+00 0.0000000e+00 0.0000000e+00 0.0000000e+00 0.0000000e+00 9.9642118e-04 9.8376194e-04 1.3226373e-01 9.5070477e-04 9.3384866e-04 3.5640205e-01 6.1537992e-01 5.5783980e-01 3.5646661e-01 2.4857216e-01 4.6299272e-02 9.9589395e-04 9.9935782e-04 9.9853833e-04 9.4857080e-04 5.7292036e-01 9.6930870e-01 1.0827078e+00 1.2032629e+00 1.2664437e+00 1.2648562e+00 1.2472988e+00 3.1613727e+00 4.8049765e+00 2.9181982e+00 1.6324826e+00 1.2250104e+00 1.2122639e+00 1.2090213e+00 1.1998984e+00 1.1384269e+00 1.0845864e+00 1.0380941e+00 1.0229320e+00 1.0105741e+00 9.8427292e-01 9.1373976e-01 8.9866226e-01 9.1923181e-01 9.3556572e-01 9.2577205e-01 9.5738906e-01 9.8521076e-01 9.6219918e-01 9.5985624e-01
0.0000000e+00 0.0000000e+00 0.0000000e+00 0.0000000e+00 0.0000000e+00 9.6576913e-04 9.7869871e-04 2.7839360e-01 3.3314763e-01 5.6591429e-01 4.7448841e-01 5.1242502e-01 6.8964207e-01 5.0957245e-01 5.6922542e-01 6.6308065e-01 3.1106438e-01 9.4215534e-04 9.9709373e-04 2.0565148e-01 5.5141335e-01 8.0357467e-01 9.3983439e-01 1.0764359e+00 1.2003950e+00 1.2378033e+00 1.2205649e+00 2.3098939e+00 5.1356990e+00 4.5677198e+00 3.0681637e+00 1.2262280e+00 1.1915291e+00 1.1912817e+00 1.1587261e+00 1.1065645e+00 1.1177778e+00 1.1462201e+00 1.1511760e+00 1.1513568e+00 1.1212867e+00 1.1006967e+00 1.1103269e+00 1.1226129e+00 1.1356428e+00 1.1374062e+00 1.1684860e+00 1.1892203e+00 1.1841333e+00 1.1491366e+00
0.0000000e+00 0.0000000e+00 0.0000000e+00 9.8977218e-04 9.5334459e-04 9.6997207e-04 9.3175306e-04 3.8880668e-01 4.9965821e-01 7.5776988e-01 4.6447982e-01 7.1548926e-04 3.4560753e-01 5.8706944e-01 6.7096442e-01 8.0705817e-01 6.1066234e-01 7.3695063e-02 1.0755598e-01 4.4437447e-01 3.0122401e-01 3.7932020e-01 6.8229202e-01 7.7487192e-01 8.4427180e-01 8.9471653e-01 9.9894151e-01 1.2184499e+00 3.7557126e+00 5.2320199e+00 3.8951956e+00 1.2356010e+00 1.1939717e+00 1.2931726e+00 1.2652774e+00 1.1749947e+00 1.1892434e+00 1.2292956e+00 1.2491547e+00 1.2650279e+00 1.2751405e+00 1.2742261e+00 1.2839887e+00 1.2872647e+00 1.2920802e+00 1.2775885e+00 1.2845835e+00 1.2987007e+00 1.2947824e+00 1.2965455e+00
9.9882359e-04 0.0000000e+00 9.7457103e-04 9.4479654e-04 1.7630453e-03 8.4349758e-02 9.9899820e-04 8.0001720e-04 8.9084998e-04 4.3148898e-01 6.5131019e-01 6.3423138e-01 7.1421039e-01 5.8074739e-01 6.6265563e-01 3.7230251e-01 4.3564673e-01 3.4176645e-01 2.3886591e-01 3.4143936e-01 4.5917546e-01 3.7976531e-01 5.3186286e-01 5.8961906e-01 4.9960616e-01 4.6598055e-01 2.2760864e-01 1.1372275e+00 2.1359827e+00 4.3157200e+00 3.0894973e+00 1.0451221e+00 1.3375547e+00 1.4346025e+00 1.5138913e+00 1.2646967e+00 1.2409048e+00 1.2736063e+00 1.3022683e+00 1.3251272e+00 1.3445331e+00 1.3566718e+00 1.3668862e+00 1.3732180e+00 1.3819930e+00 1.3847646e+00 1.3875597e+00 1.3917993e+00 1.3962306e+00 1.4030644e+00
9.9712624e-04 9.8390457e-04 9.7177320e-04 1.5143980e-01 9.9569189e-04 8.6121191e-02 9.8044442e-04 8.6468801e-04 6.7770495e-04 8.8740585e-04 7.5542080e-01 7.9331336e-01 7.7298662e-01 5.6784038e-01 3.7859637e-01 3.6322311e-01 2.9183307e-01 2.2065283e-01 1.6616599e-01 7.3952172e-02 3.7020581e-01 4.5109222e-01 4.3310657e-01 4.8655201e-01 5.9522430e-01 5.9291786e-01 5.2477387e-02 6.8767733e-01 2.2896350e+00 3.9493933e+00 2.3853990e+00 1.0102312e+00 1.0386670e+00 1.0010091e+00 1.4773492e+00 1.5709964e+00 1.6365687e+00 2.0735334e+00 2.1357004e+00 1.8304070e+00 1.8460927e+00 1.8616150e+00 1.8832808e+00 1.8942605e+00 1.9299479e+00 1.6996900e+00 1.4989292e+00 1.4916034e+00 1.4759871e+00 1.4808544e+00
9.9887253e-04 1.4475834e-03 8.4704384e-04 8.9862670e-04 7.3235759e-02 1.3932340e-01 8.4866268e-02 1.8135760e-01 9.7441982e-02 4.0564961e-01 5.6287510e-01 4.9044920e-01 4.5524182e-01 4.3103475e-01 3.3051813e-01 1.4300490e-01 9.0347768e-04 9.4373653e-04 4.5298924e-02 1.1347424e-01 2.3659092e-01 2.5390061e-01 2.3693330e-01 3.0990051e-01 4.2046064e-01 4.1271084e-02 8.8993123e-04 4.1188068e-01 3.0628344e+00 4.6817882e+00 3.9968955e+00 2.7628976e+00 3.5340383e+00 3.7668705e+00 3.1924940e+00 3.2106191e+00 3.2434042e+00 4.2334935e+00 4.9694067e+00 5.0112186e+00 5.0336910e+00 5.0417115e+00 5.0522279e+00 5.0016166e+00 4.9602605e+00 4.3659551e+00 3.9949069e+00 3.3263878e+00 2.7878922e+00 2.4026832e+00
2.2019249e-03 1.0101284e-03 2.0529161e-01 3.2242562e-01 3.7723218e-01 4.2171928e-01 5.5216738e-01 7.3899800e-01 6.9517559e-01 4.9196759e-01 4.0866247e-01 4.2402188e-01 4.5784405e-01 3.4843873e-01 3.0720848e-01 3.0967316e-01 1.6307075e-01 9.9588308e-04 8.8097174e-02 2.3694563e-01 4.8181078e-01 2.5234007e-01 6.6295796e-02 5.2100790e-03 9.1165394e-04 9.6394026e-04 7.7374053e-01 3.5856476e+00 4.7711685e+00 4.9502799e+00 5.0529186e+00 4.7894007e+00 5.0126405e+00 4.9423269e+00 4.8785490e+00 4.9581141e+00 5.0101138e+00 5.1686768e+00 5.3814384e+00 5.5062635e+00 5.5119111e+00 5.4513719e+00 5.2510906e+00 5.1250019e+00 5.3099204e+00 5.4289119e+00 5.4643115e+00 5.4357444e+00 5.2105241e+00 4.9690881e+00
9.4162366e-04 8.2382207e-04 2.8047816e-01 7.7591651e-01 8.5052803e-01 9.3717567e-01 8.3947243e-01 6.2433785e-01 5.1345169e-01 3.2996197e-01 2.3729141e-01 3.0651004e-01 2.2006976e-01 3.1372260e-01 3.1694617e-01 3.4484115e-01 3.8203732e-01 2.1368505e-01 2.8439777e-01 3.4045730e-01 4.8956841e-01 1.0810232e-01 8.8997256e-04 9.9942380e-04 7.3688579e-02 3.0984601e+00 4.1333275e+00 4.7220211e+00 4.9173751e+00 4.9487768e+00 5.1427535e+00 5.1983627e+00 5.0872256e+00 4.9787812e+00 5.0132361e+00 5.1358791e+00 5.2602956e+00 5.2756864e+00 5.3928223e+00 5.5041819e+00 5.5168189e+00 5.3960027e+00 5.0395918e+00 4.6930127e+00 5.2236297e+00 5.5055776e+00 5.6385850e+00 5.6807614e+00 5.6686219e+00 5.6377850e+00
5.6209873e-02 2.7543925e-02 5.5015208e-01 6.7934979e-01 6.6604706e-01 9.3714651e-01 6.0582291e-01 4.5873084e-01 3.3028593e-01 3.2613274e-01 2.7827215e-01 2.7108400e-01 2.8519115e-01 3.3222046e-01 4.4694549e-01 4.4880912e-01 5.4968097e-01 4.8904477e-01 4.8216194e-01 1.8987905e-01 9.3151891e-04 9.4781988e-04 7.5489253e-02 2.0973805e+00 4.0138080e+00 4.7611556e+00 4.3679403e+00 4.4423078e+00 4.8288247e+00 5.1081045e+00 5.3212368e+00 5.4291787e+00 5.4553238e+00 5.4424080e+00 5.4740961e+00 5.5554936e+00 5.5703193e+00 5.4382739e+00 5.5665569e+00 5.7483177e+00 5.7728078e+00 5.7054928e+00 5.5850220e+00 5.5126454e+00 5.5521991e+00 5.7514082e+00 5.9015650e+00 5.9032435e+00 5.8435048e+00 5.8004173e+00
4.2077531e-01 4.9515571e-01 5.1266512e-01 5.6025121e-01 8.5699536e-01 8.8098731e-01 5.4576369e-01 3.5850095e-01 2.2192914e-01 2.7719456e-01 2.2017814e-01 2.7504195e-01 2.8704793e-01 4.2076535e-01 5.1195599e-01 5.3717350e-01 4.9146239e-01 2.1472221e-01 8.9572726e-04 9.6612372e-04 6.7817349e-04 2.3653459e+00 3.6845522e+00 4.5430027e+00 4.9054951e+00 4.7003338e+00 4.3656021e+00 4.7028640e+00 5.2231180e+00 5.3373103e+00 5.5952432e+00 5.6906544e+00 5.7217719e+00 5.8084320e+00 5.8904331e+00 5.9036230e+00 5.7784815e+00 5.7749844e+00 5.9297281e+00 6.0064940e+00 6.0498879e+00 6.0653070e+00 6.0541528e+00 6.1043450e+00 6.1382393e+00 6.0448407e+00 6.2213778e+00 6.3018624e+00 6.1702162e+00 6.0558381e+00
5.6120401e-01 1.0039375e-01 8.3351960e-02 2.1165677e-01 3.7536642e-01 4.2793002e-01 2.6902563e-01 2.0887571e-01 1.1002737e-01 4.6342900e-02 1.4895530e-01 2.0727826e-01 3.1768932e-01 4.1909148e-01 4.1311962e-01 1.9611341e-01 9.6315312e-04 9.9871883e-04 8.8746125e-04 1.9406707e+00 3.8178283e+00 5.1583747e+00 4.8985761e+00 4.8039210e+00 5.1852940e+00 5.0747061e+00 5.0531322e+00 5.4290946e+00 6.0163865e+00 6.0324677e+00 6.1961649e+00 6.0528687e+00 5.9847093e+00 5.9898459e+00 6.1369107e+00 6.3934402e+00 6.2526519e+00 6.0565880e+00 6.1816779e+00 6.3665693e+00 6.5597783e+00 6.5423332e+00 6.5720403e+00 6.4874465e+00 6.5341787e+00 6.5581476e+00 6.4822145e+00 6.5863401e+00 6.8004813e+00 6.6739064e+00
2.1758604e-01 1.0089482e-03 1.0620437e-03 9.9443984e-04 9.1952952e-04 2.2955583e-01 5.0753095e-01 3.4981928e-02 4.0007954e-02 9.0814032e-04 5.4861336e-02 8.4338210e-02 1.7099569e-01 9.3364277e-02 9.3604233e-04 9.7857590e-04 7.0024286e-04 2.2343008e+00 4.2555497e+00 4.9441910e+00 5.4395703e+00 5.4619698e+00 5.5457285e+00 5.8185029e+00 5.9562418e+00 6.1059074e+00 6.2394053e+00 6.6310697e+00 6.7288869e+00 6.5406509e+00 6.5638137e+00 6.5182256e+00 6.4113513e+00 6.3014448e+00 6.4624902e+00 6.6987310e+00 6.8193342e+00 6.8357396e+00 6.7775281e+00 6.8307935e+00 6.8539772e+00 6.8991388e+00 7.0984962e+00 7.2168676e+00 7.2109653e+00 7.1385552e+00 7.2111013e+00 7.1113350e+00 7.1419215e+00 7.0968828e+00
9.9041988e-04 2.2113778e-03 1.7923403e-03 9.9904387e-04 9.7221377e-04 4.6432458e-01 6.9181667e-01 5.7817630e-01 7.9091431e-04 1.6821839e-01 3.1845709e-01 9.8501466e-04 9.4515620e-04 9.5172065e-04 9.9862040e-04 1.3387495e+00 3.8248499e+00 4.9360562e+00 5.1529276e+00 5.3568319e+00 5.6472258e+00 5.8258636e+00 6.1044189e+00 6.3526114e+00 6.3937428e+00 6.5301683e+00 6.8297138e+00 7.2497650e+00 7.2791890e+00 6.9908740e+00 6.8982413e+00 7.0068456e+00 6.9126247e+00 6.6488897e+00 6.7509343e+00 6.9019886e+00 7.0252032e+00 7.2418855e+00 7.3342357e+00 7.2690326e+00 7.2248955e+00 7.1670582e+00 7.2068664e+00 7.6005023e+00 7.7901583e+00 7.6005284e+00 7.5682892e+00 7.5532658e+00 7.6069208e+00 7.6293322e+00
1.4842705e-03 1.4449090e-03 1.0022201e-03 9.9890704e-04 9.5553359e-04 8.5101958e-04 9.2373355e-01 1.0433128e+00 5.9265448e-01 8.4293194e-04 9.9266422e-04 9.8356261e-04 9.1660383e-04 7.7631443e-01 3.3557249e+00 4.5780185e+00 4.9040315e+00 5.1881063e+00 5.3760100e+00 5.6648646e+00 5.9630750e+00 6.1411329e+00 6.3493102e+00 6.4127372e+00 6.6673260e+00 7.0172466e+00 7.1260061e+00 7.0269894e+00 7.2583259e+00 7.0752525e+00 7.0767555e+00 7.1634436e+00 7.2812835e+00 7.3371388e+00 7.2978796e+00 7.1204692e+00 7.0285355e+00 7.1656898e+00 7.3866546e+00 7.5672519e+00 7.6464763e+00 7.5385467e+00 7.4389387e+00 7.5547185e+00 7.8360189e+00 7.9203290e+00 7.8955937e+00 7.9002790e+00 7.9507181e+00 7.9343494e+00
9.3338871e-04 9.9817940e-04 9.9913541e-04 9.8210727e-04 5.6787965e-04 9.7824524e-04 8.8441722e-04 1.5696155e-01 8.8344461e-04 9.8777668e-04 9.7694071e-04 9.6932802e-04 2.7658370e+00 4.1613792e+00 4.5547069e+00 4.9085941e+00 5.2387783e+00 5.6128389e+00 5.6927011e+00 5.8960760e+00 6.2225398e+00 6.3255409e+00 6.4129173e+00 6.5318001e+00 6.7627087e+00 7.3433059e+00 7.4197107e+00 7.1871241e+00 7.4378534e+00 7.0475826e+00 7.0529701e+00 7.1876683e+00 7.3875850e+00 7.6386220e+00 7.7122345e+00 7.3911806e+00 7.2233532e+00 7.2449670e+00 7.2980761e+00 7.7002898e+00 7.9788859e+00 7.8975238e+00 7.7868873e+00 7.7745301e+00 7.9447280e+00 8.1379671e+00 8.1687225e+00 8.2202972e+00 8.2311782e+00 8.0930759e+00
9.8830027e-04 9.9711577e-04 1.0331659e-03 9.8441686e-04 0.0000000e+00 6.6544776e-04 9.8075790e-04 9.8808043e-04 9.9120537e-04 9.9680969e-04 9.8245289e-04 7.6545599e-01 2.8087860e+00 4.7323122e+00 5.0730818e+00 5.2196614e+00 5.6160533e+00 5.8261614e+00 5.8662767e+00 5.9503104e+00 6.1982015e+00 6.3166362e+00 6.5042953e+00 6.6982744e+00 6.8785892e+00 7.1506764e+00 6.9298828e+00 6.8199415e+00 7.7512274e+00 7.5540216e+00 7.3689562e+00 7.5411718e+00 7.2372815e+00 7.5966553e+00 7.7045035e+00 7.6265029e+00 7.8107882e+00 8.1680903e+00 7.6303128e+00 7.7785988e+00 7.8993536e+00 8.0078218e+00 8.0797400e+00 8.1122313e+00 8.1418014e+00 8.1570776e+00 8.1770503e+00 8.3236158e+00 8.4835225e+00 8.3577845e+00
0.0000000e+00 9.8414445e-04 1.3136463e-03 2.9737443e-03 9.9117763e-04 9.8433265e-04 2.0210104e-03 8.9554809e-04 9.0993764e-04 9.6737348e-04 1.0120924e+00 2.6234631e+00 4.1276415e+00 4.4176224e+00 5.2288253e+00 5.5737736e+00 5.8944727e+00 5.8840632e+00 6.0094479e+00 6.1485211e+00 6.2389131e+00 6.3625136e+00 6.6813263e+00 6.9087832e+00 7.0332061e+00 7.0774826e+00 6.8161686e+00 6.5201571e+00 6.7535816e+00 7.5980116e+00 7.6235253e+00 7.5872229e+00 7.4049246e+00 7.5222147e+00 7.6713838e+00 7.8364279e+00 8.1208004e+00 8.4341946e+00 8.3500867e+00 8.2630730e+00 8.1858828e+00 8.1596954e+00 8.1897495e+00 8.3833639e+00 8.4497651e+00 8.3810290e+00 8.2346611e+00 8.3237711e+00 8.4923098e+00 8.4975087e+00
0.0000000e+00 0.0000000e+00 9.9497600e-04 2.4697441e-03 1.0069588e-03 1.3794769e+00 2.5924642e+00 2.2982659e+00 2.0077813e+00 2.8900855e+00 3.7600028e+00 4.4490688e+00 4.7647920e+00 4.6373902e+00 5.0001238e+00 5.5716731e+00 5.9924431e+00 6.1414728e+00 6.1635559e+00 6.2503923e+00 6.3806017e+00 6.6474807e+00 6.9910882e+00 7.1534766e+00 7.2676197e+00 7.1614935e+00 7.0415654e+00 6.7602384e+00 6.8483653e+00 7.5199871e+00 7.7410859e+00 7.8920140e+00 7.8801769e+00 7.6528396e+00 7.7379258e+00 7.9555688e+00 8.1636527e+00 8.3476349e+00 8.4648717e+00 8.3909850e+00 8.4802360e+00 8.5581759e+00 8.2430422e+00 8.3349433e+00 8.6618312e+00 8.4608338e+00 8.3825762e+00 8.2562485e+00 8.3957773e+00 8.4742785e+00
8.5498958e-04 9.1721595e-04 9.2332278e-04 9.8412061e-04 2.3446605e-03 1.2421243e+00 4.2039277e+00 4.2572463e+00 4.0880096e+00 4.0572362e+00 4.2772949e+00 4.5589860e+00 4.8720463e+00 4.9619389e+00 5.2400666e+00 5.6278422e+00 5.8463692e+00 6.4184707e+00 6.4750899e+00 6.5746870e+00 6.7847519e+00 7.0365341e+00 7.2895154e+00 7.1387403e+00 7.3368869e+00 7.4285354e+00 7.5144061e+00 7.3595781e+00 7.2549005e+00 7.7741017e+00 7.7944914e+00 7.6479996e+00 7.7190251e+00 7.7561601e+00 7.9905772e+00 7.8497868e+00 7.9379493e+00 8.0824790e+00 8.1378823e+00 7.7685369e+00 7.9360724e+00 7.9842026e+00 7.6856320e+00 7.8562784e+00 8.3218635e+00 7.7226820e+00 7.3603125e+00 7.1188365e+00 7.7347502e+00 8.3273742e+00
