presentation/data/depth_0035.asc
ncols     164
nrows     146
xllcorner -1.242151388888889e+02
yllcorner  4.172986111111111e+01
cellsize  2.777777777820000e-04
nodata_value       -9999
[rows 88 to 109 of 146, columns 100 to 149 of 164]
4.8757425e+00 3.8549529e+00 2.8223647e+00 3.2962268e+00 3.0340764e+00 2.2940109e+00 2.0806230e+00 1.9423713e+00 2.2195754e+00 3.7645247e+00 4.2213900e+00 3.2802941e+00 1.6891009e+00 8.5355493e-01 4.7033623e-03 1.5889603e-03 7.0068503e-01 1.7726855e+00 1.3026856e-01 1.0825430e-01 1.2955975e-01 2.4868961e-02 9.0982004e-04 9.9679932e-04 9.4821953e-02 2.8346357e-01 2.3079527e-01 9.7559379e-02 3.4477055e-02 8.5992223e-02 1.2720127e-01 5.3001861e-02 2.2456161e-02 1.0829192e-01 2.7893252e-01 2.3434411e-01 3.8204426e-01 4.0217764e-02 8.5027895e-04 9.9394978e-04 1.1477826e-01 3.4347588e-01 4.6600685e-01 3.0132887e-01 4.1793806e-01 8.7940474e-02 8.2445308e-02 7.7733168e-01 6.6278602e-01 7.1734546e-01
4.9289894e+00 4.6291080e+00 3.4999946e+00 3.2179207e+00 3.0694359e+00 2.8457203e+00 2.8115270e+00 3.5441398e+00 3.2880307e+00 3.3850505e+00 2.9429894e+00 3.2004295e+00 3.5457801e+00 3.8519414e+00 2.9488878e+00 2.2939672e+00 2.3649813e+00 2.9713939e+00 3.1465144e+00 1.5630625e+00 1.9620418e-01 1.2370675e-03 9.5446579e-04 9.2891504e-03 9.7483173e-04 2.5597594e-02 8.4186436e-02 1.0181924e-01 1.3712241e-01 1.0401869e-01 4.9933981e-02 2.3926666e-02 1.3504468e-01 3.1437875e-01 4.2464967e-01 3.4786638e-01 1.6185860e-01 6.0351739e-03 1.5030108e-03 7.0204539e-04 9.9245358e-04 3.2312079e-03 3.6377884e-02 1.1986933e-01 3.4275406e-01 4.0208345e-01 4.3090012e-01 4.5061020e-01 3.8309741e-01 4.3236498e-01
4.2929466e+00 4.3080809e+00 4.0587589e+00 3.8977807e+00 3.8486292e+00 4.2390546e+00 4.5714058e+00 4.2812088e+00 2.2515330e+00 1.9109344e+00 1.7755022e+00 2.1703576e+00 4.4915298e+00 4.9386826e+00 4.4461946e+00 4.2583051e+00 3.6385096e+00 3.4359431e+00 3.3759579e+00 3.3059754e+00 3.1709771e+00 2.6913305e+00 4.8831447e-01 1.0594158e-03 3.0728800e-03 3.5646317e-02 1.9809845e-01 1.5999851e-01 1.1888785e-01 7.6846578e-02 4.9203452e-02 2.5097313e-01 5.3535668e-01 5.9542412e-01 5.8615580e-01 4.8011432e-01 2.6493881e-01 4.0922221e-03 3.0607121e-03 9.9573998e-03 1.4146690e-02 2.0268751e-02 5.9208520e-02 3.5475777e-02 9.3830512e-04 9.6865450e-04 4.6234286e-02 1.2282635e-01 1.5032944e-01 1.3344327e-01
4.6504749e+00 4.8135793e+00 4.6760795e+00 4.6136154e+00 4.8704881e+00 4.5137257e+00 4.5706979e+00 5.0748780e+00 3.0508652e+00 2.2794320e+00 2.8376035e+00 1.8458158e+00 1.5374638e+00 3.7751585e+00 4.9211738e+00 4.5839578e+00 4.0908709e+00 4.0815946e+00 3.7674609e+00 3.4677529e+00 3.4674297e+00 3.2253466e+00 2.4852326e+00 2.3243701e+00 3.9450456e-01 2.7908649e-02 9.4775747e-02 1.4038730e-01 2.1555799e-02 3.0980543e-02 2.3049320e-01 5.4072706e-01 5.8928279e-01 6.5586291e-01 5.5071451e-01 4.5179549e-01 3.5803990e-01 2.6712566e-01 1.1691087e-01 8.3493071e-03 2.9318852e-02 5.1614483e-02 5.4653098e-02 2.9332440e-02 2.2329357e-02 2.6471829e-02 3.0126808e-02 7.6724838e-04 9.7405437e-04 6.8932382e-02
4.5876454e+00 4.6902087e+00 4.7688982e+00 5.0516573e+00 4.8612740e+00 4.4591181e+00 4.2707899e+00 4.4336267e+00 4.5524333e+00 3.5909749e+00 2.7753903e+00 3.4721722e+00 2.6488934e+00 4.1955138e+00 4.8674643e+00 4.6827837e+00 4.3513977e+00 4.3870066e+00 3.5641417e+00 3.4182496e+00 3.5066272e+00 2.8966223e+00 2.7389984e+00 3.1349064e+00 1.0140781e+00 4.5174865e-02 6.5240284e-02 1.6304330e-02 1.0203686e-02 1.0895820e-01 3.8615104e-01 4.6273254e-01 5.3524537e-01 6.4870981e-01 7.0320156e-01 5.2508630e-01 3.6762163e-01 2.2470301e-01 1.5501219e-01 6.4937981e-02 8.8489630e-02 6.3120706e-02 6.8566851e-02 3.9062129e-02 2.0323748e-02 3.8216174e-02 4.1311316e-02 4.5877366e-02 4.7656523e-02 7.6489722e-02
3.9989811e+00 4.1224455e+00 4.3516529e+00 4.7335469e+00 4.9504878e+00 4.3594122e+00 3.8624058e+00 4.3741899e+00 4.8401008e+00 5.3904051e+00 4.6489380e+00 4.9744981e+00 5.6653642e+00 5.6614201e+00 5.4063514e+00 4.9407127e+00 4.2713711e+00 3.8357592e+00 3.6410787e+00 3.4523612e+00 3.3509448e+00 1.8908075e+00 5.8501333e-04 7.4085914e-01 9.0458147e-04 1.7917504e-03 3.3906751e-03 4.3968347e-03 2.3146212e-02 1.5822298e-01 2.4214190e-01 2.3767090e-01 2.4437173e-01 2.5511888e-01 3.0346108e-01 2.6577889e-01 2.6758234e-01 2.1634896e-01 1.9209184e-01 1.2211436e-01 1.1325425e-01 7.2552422e-02 7.8435701e-02 5.3293887e-02 4.1870297e-02 4.5947302e-02 4.8524704e-02 4.5820692e-02 6.8942141e-02 8.5827730e-02
3.3807147e+00 3.7037682e+00 3.9963672e+00 4.3819272e+00 4.7844136e+00 5.0618482e+00 3.0862247e-04 1.8191962e+00 3.8888244e+00 5.9312563e+00 5.8918813e+00 5.6575805e+00 5.7377928e+00 5.8723742e+00 5.6345575e+00 5.3455475e+00 4.6139507e+00 4.0590959e+00 3.8860768e+00 3.7062463e+00 3.1556910e+00 2.5631745e+00 1.2263929e+00 9.8402224e-04 1.9210658e-03 1.0909215e-03 2.3774002e-03 9.9771300e-04 4.5741696e-02 8.5468063e-02 1.3911162e-01 1.3154217e-01 1.3239562e-01 1.6728540e-01 1.5520585e-01 1.8914925e-01 1.7974808e-01 2.0419631e-01 1.9073921e-01 1.6913272e-01 9.9269938e-02 7.6602411e-02 7.3482880e-02 5.8640809e-02 6.5401666e-02 5.5795560e-02 7.2964937e-02 9.2642701e-02 1.1018861e-01 9.9506971e-02
3.1037843e+00 3.4618442e+00 3.8182905e+00 4.2504673e+00 4.7415025e+00 5.3297905e+00 5.2478670e+00 4.2757589e+00 3.7073687e+00 5.2161809e+00 6.2067897e+00 6.3534606e+00 6.1681147e+00 5.9339646e+00 5.7213237e+00 5.5316454e+00 5.2986332e+00 4.9528815e+00 4.4313673e+00 3.8084285e+00 3.5551464e+00 1.6052820e+00 9.3851139e-04 9.8844744e-04 1.1042643e-03 1.9725429e-03 1.8356812e-03 7.1836776e-02 9.6158708e-02 8.1883041e-02 1.3945062e-01 1.1470887e-01 9.6029424e-02 1.5404796e-01 1.3137560e-01 1.5091912e-01 8.1862983e-02 1.0180271e-01 1.0236453e-01 6.1193169e-02 5.3576820e-02 4.2689598e-02 3.0988415e-02 7.7216968e-02 4.2396316e-02 5.3149870e-02 4.9734680e-02 8.2230340e-02 5.8423952e-02 8.3214151e-02
1.4677237e+00 2.0085532e+00 3.2172091e+00 4.1102558e+00 4.5543746e+00 5.1229016e+00 5.4224249e+00 5.2078042e+00 4.3650763e+00 3.8249962e+00 5.2938468e+00 6.1015988e+00 6.4232444e+00 6.0742898e+00 5.8977110e+00 5.8412630e+00 5.5542416e+00 5.2127158e+00 4.8824476e+00 3.9810809e+00 2.1485083e+00 9.0432128e-04 9.9980334e-04 9.9569397e-04 1.6903989e-03 1.7679574e-03 9.8689192e-04 9.8373902e-02 1.1723293e-01 1.0384646e-01 2.3731219e-01 2.4911610e-01 1.8324756e-01 2.2282962e-01 2.7794292e-01 2.5426918e-01 2.1172719e-01 2.1244940e-01 2.5255598e-01 1.4694526e-01 4.1645476e-02 3.5694328e-02 4.8558307e-02 8.0705378e-02 4.6982829e-02 4.9744719e-02 6.0355077e-02 9.7140878e-02 9.2707528e-02 9.1016741e-02
5.2089529e-04 8.8106693e-04 5.4937845e-04 2.9341941e+00 4.3491086e+00 5.0716323e+00 5.4196315e+00 5.5006324e+00 5.3666524e+00 4.3554384e+00 4.5053872e+00 5.4594963e+00 5.8823223e+00 5.9002194e+00 5.8929124e+00 5.8668862e+00 5.4027897e+00 4.7324609e+00 4.3892334e+00 3.0303952e+00 7.8186390e-04 9.9890967e-04 9.9716519e-04 1.4666998e-03 2.1050200e-03 8.0933138e-03 2.1172025e-02 8.0904233e-02 1.0462120e-01 1.2540049e-01 2.4198942e-01 2.7790266e-01 1.9209976e-01 2.0846416e-01 2.5161486e-01 2.5526390e-01 2.3658146e-01 2.0827559e-01 2.6243403e-01 1.9484323e-01 1.0864270e-01 9.1466018e-02 1.1890655e-01 1.4715126e-01 1.4969083e-01 1.6875753e-01 1.9658288e-01 2.2550944e-01 2.3326596e-01 2.1410028e-01
3.1072742e+00 2.0951379e+00 7.5219829e-04 9.2163746e-04 2.2994936e+00 4.7924159e+00 5.6031572e+00 5.6615292e+00 5.6489178e+00 5.2028425e+00 4.4159890e+00 4.5790559e+00 5.7657885e+00 5.9150928e+00 5.7441112e+00 5.6166847e+00 5.2255907e+00 4.5476569e+00 3.3657995e+00 8.3326088e-04 8.8723594e-04 9.9711837e-04 1.4074797e-03 2.1728084e-03 3.9583427e-03 1.0944469e-02 6.1535113e-02 2.9326218e-01 1.8577592e-01 1.9379053e-01 2.5083279e-01 2.1697868e-01 1.4066117e-01 1.4906284e-01 2.4395444e-01 2.6778837e-01 2.1909929e-01 1.9439602e-01 3.0036169e-01 2.1651424e-01 1.3596519e-01 1.1319666e-01 1.2480270e-01 1.1117993e-01 1.2726920e-01 1.6900678e-01 2.1169723e-01 2.2481489e-01 2.3636588e-01 2.2234930e-01
4.0276884e+00 3.8605191e+00 2.9225775e+00 6.3774936e-04 6.9158861e-04 3.7359012e+00 5.5625163e+00 5.6052041e+00 5.2702719e+00 4.8115758e+00 4.3904946e+00 4.8293798e+00 6.7253361e+00 6.3097301e+00 5.6742851e+00 5.4572660e+00 5.0621601e+00 3.3361440e+00 9.7838324e-02 9.8266644e-04 9.9313530e-04 1.6313046e-03 1.8221398e-03 1.5360683e-02 7.1806376e-03 1.1311676e-02 3.5378065e-02 1.4997792e-01 1.8734945e-01 3.3674528e-01 3.1623275e-01 1.2227037e-01 7.1897924e-02 8.6890760e-02 1.9439040e-01 2.5042283e-01 2.4138560e-01 2.5762660e-01 4.0478409e-01 2.7044653e-01 1.2495588e-01 1.1708728e-01 1.1016442e-01 1.0010492e-01 1.0236856e-01 1.6482850e-01 2.2716412e-01 2.6864176e-01 2.7715896e-01 2.5005267e-01
4.4607193e+00 4.1964616e+00 3.7572864e+00 2.5780954e+00 8.0336289e-04 8.8625609e-04 4.6268987e+00 5.4536859e+00 4.9396679e+00 4.7183934e+00 4.5032049e+00 5.5042014e+00 6.5671988e+00 6.2791099e+00 5.7080832e+00 5.4445225e+00 4.3811773e+00 9.3571816e-02 9.8222702e-04 9.9503147e-04 1.8396866e-03 2.8120142e-03 9.8760709e-04 6.1943605e-02 3.8711789e-02 4.1086068e-02 2.4156343e-02 3.4985030e-02 3.6073607e-01 5.1477982e-01 4.0944467e-01 2.2004115e-01 6.9777647e-02 4.3709030e-02 1.5048164e-01 3.2199643e-01 5.1455805e-01 4.2239633e-01 3.5350684e-01 2.6751625e-01 1.5444998e-01 1.0728072e-01 1.0053074e-01 9.0004858e-02 8.0915575e-02 9.9435929e-02 2.1544318e-01 2.9327127e-01 2.9705349e-01 2.6543228e-01
4.6220538e+00 4.4468338e+00 4.1549066e+00 3.6894006e+00 2.3530864e+00 5.9171008e-04 8.4291498e-04 2.7905528e+00 5.2506693e+00 4.5676274e+00 4.1548216e+00 4.6793796e+00 5.8970551e+00 5.9221468e+00 5.2442823e+00 4.8585878e+00 7.1389034e-01 9.4917444e-04 9.9774157e-04 1.6121378e-03 2.9363883e-03 2.8774336e-03 5.1665496e-02 5.7904993e-02 2.4523551e-02 3.3677052e-02 2.5051949e-02 5.7279845e-02 2.8307752e-01 4.2028606e-01 4.6181047e-01 2.4381989e-01 2.2029272e-01 1.4168714e-01 1.6774201e-01 2.7529284e-01 4.0933237e-01 4.0084246e-01 2.9990049e-01 3.0063595e-01 1.7934134e-01 8.5129529e-02 9.2627536e-02 7.3822601e-02 5.6010649e-02 1.1058308e-01 2.3519490e-01 2.8748273e-01 3.2445815e-01 2.8001693e-01
4.7288631e+00 4.6201605e+00 4.4259421e+00 4.1002529e+00 3.4656313e+00 1.0519854e+00 8.8450503e-04 7.2844496e-04 1.7388147e+00 2.8979400e+00 3.9006239e+00 3.9554938e+00 4.0459159e+00 4.6856861e+00 3.7475016e+00 5.9321429e-01 7.3035280e-04 9.9814237e-04 9.9828526e-04 2.2967562e-03 3.8530543e-03 6.9277243e-03 1.3846888e-02 4.8040159e-02 5.0438302e-02 4.6142948e-02 2.3634206e-02 1.5019397e-01 1.3582289e-01 4.1220849e-01 4.6460163e-01 2.4208722e-01 1.9288658e-01 1.5906493e-01 1.9983115e-01 2.9160953e-01 2.7799623e-01 2.1948905e-01 1.9062623e-01 6.3830202e-01 2.5443897e-01 4.5979571e-02 7.8105700e-02 5.1192281e-02 5.9600514e-02 1.3638066e-01 2.2838450e-01 2.6249282e-01 3.1546836e-01 2.9513301e-01
4.8614821e+00 4.7395149e+00 4.5799842e+00 4.3413333e+00 3.9455459e+00 3.2980467e+00 8.3146632e-01 9.7453541e-04 8.6569693e-04 9.6791570e-04 9.2463425e-04 1.5303780e+00 3.5837597e+00 3.7764193e+00 1.2811530e+00 1.0118872e+00 4.3242616e-03 5.9743981e-04 2.1617271e-03 3.6590284e-03 6.3693789e-03 9.0512908e-03 1.3946044e-02 3.7542390e-02 5.5175402e-02 5.4917066e-02 7.5171145e-02 1.4202427e-01 1.6958953e-01 4.5732193e-01 6.5982019e-01 2.8411768e-01 4.5869795e-02 4.8809874e-01 7.5380908e-01 8.8736746e-01 6.1385181e-01 3.6251162e-01 3.9840378e-01 5.9227259e-01 4.0474083e-01 1.7393109e-01 4.4071218e-02 4.2300897e-02 1.0651072e-01 2.7281437e-01 2.7876080e-01 2.7878894e-01 2.9737103e-01 2.8265049e-01
4.9259679e+00 4.8428463e+00 4.7087141e+00 4.5259687e+00 4.3393968e+00 3.9785082e+00 3.1428268e+00 8.4275390e-04 9.7746261e-04 2.0600724e-03 3.2182336e-03 9.3916270e-04 2.5515955e+00 6.6454383e-01 8.7843376e-04 1.5965572e-01 4.0725710e-04 2.5783941e-03 2.0363359e-03 2.0109410e-03 3.4784830e-03 7.4694878e-03 1.2510986e-02 4.5007262e-02 6.9143351e-02 6.2145831e-02 1.4253672e-01 1.9593996e-01 4.1048973e-01 1.0098108e+00 9.5090406e-01 6.4476134e-01 5.5119730e-01 8.9075902e-01 1.0169011e+00 9.0144948e-01 7.9906273e-01 8.2843144e-01 9.6640308e-01 8.2275824e-01 5.5679819e-01 3.5789600e-01 2.3875504e-01 1.6228257e-01 2.3704362e-01 3.2045539e-01 2.9114220e-01 2.8337200e-01 2.6662966e-01 2.5884047e-01
5.0612912e+00 4.8972138e+00 4.8318940e+00 4.6819051e+00 4.5273339e+00 4.0688155e+00 3.3229058e+00 6.8730151e-01 8.3275398e-04 9.9397752e-04 1.9548432e-03 2.2406567e-03 1.3332202e-03 9.9718832e-04 9.6938836e-04 7.7223849e-04 1.9970209e-03 2.5056320e-03 2.1228841e-02 3.4927652e-02 5.1102656e-02 3.6266993e-02 6.9805603e-02 8.1876292e-02 4.4190935e-02 2.0297814e-01 4.8957671e-01 4.0642171e-01 2.3730408e-01 8.2558031e-01 9.8024145e-01 9.5907940e-01 1.1115757e+00 1.0751462e+00 6.3483538e-01 1.7402266e-01 4.2031540e-01 6.8023761e-01 9.1828094e-01 8.3752178e-01 6.9035052e-01 6.0748502e-01 6.2206142e-01 5.3201568e-01 4.5873079e-01 3.7842621e-01 3.0210898e-01 2.3410107e-01 2.3687527e-01 1.9696106e-01
5.1255667e+00 5.0734251e+00 4.9141382e+00 4.8349257e+00 4.7048947e+00 4.5256989e+00 3.7012162e+00 1.5676774e+00 9.1693794e-03 1.2377932e-03 1.7347021e-03 2.2234709e-03 8.3561839e-03 1.2359502e-03 1.6172872e-03 1.6127715e-03 1.0113061e-03 7.2547766e-02 3.1121586e-02 2.0003380e-02 2.7842375e-02 3.9081919e-02 1.7480755e-01 2.4227984e-01 2.1966934e-01 5.0788591e-01 1.0328782e+00 8.7837949e-01 8.4971221e-01 1.2410060e+00 1.3830983e+00 1.4132099e+00 1.4093820e+00 1.1634932e+00 3.0364903e-01 9.6374233e-04 7.1989031e-02 2.6265718e-01 6.7368979e-01 8.2498896e-01 7.7526580e-01 6.3744993e-01 7.4840152e-01 7.6753600e-01 7.3238948e-01 6.4597213e-01 5.2255103e-01 3.7745072e-01 2.4345032e-01 1.5996735e-01
5.1473282e+00 5.1536802e+00 5.1259580e+00 4.9131784e+00 4.8532566e+00 4.7901177e+00 2.6728478e+00 2.0276552e-01 9.7989359e-04 9.6567624e-04 2.2289631e-03 2.8254949e-03 3.5425119e-03 2.2162717e-03 4.6111074e-03 6.6005001e-03 8.5997100e-02 2.4099213e-02 8.8307530e-04 9.0917246e-04 9.1461169e-04 9.9153349e-04 2.7555635e-01 6.4848448e-01 7.1387825e-01 5.5136441e-01 8.8463855e-01 1.0322737e+00 1.3126338e+00 1.6551136e+00 1.5705641e+00 1.4236955e+00 1.4276934e+00 1.3776609e+00 6.4293843e-01 8.4471135e-03 4.7535682e-02 7.1286196e-02 5.0435576e-01 8.2578167e-01 1.0632651e+00 8.9877362e-01 9.9104062e-01 1.0447080e+00 1.0385594e+00 1.0409226e+00 1.0971259e+00 8.3056009e-01 5.6254759e-01 3.8519384e-01
5.1006342e+00 5.1464511e+00 5.2128844e+00 5.2110020e+00 5.1029482e+00 4.5383751e+00 7.7102791e-04 0.0000000e+00 8.5107101e-04 9.7229550e-04 1.8773489e-03 0.0000000e+00 0.0000000e+00 2.6147311e-03 1.9929308e-03 1.0043859e-03 9.2331826e-04 9.8052040e-04 8.8647134e-04 7.9691006e-04 7.1448120e-04 9.1222858e-04 4.7924637e-01 1.0640805e+00 1.0036908e+00 8.4075228e-01 8.6984692e-01 9.4710903e-01 1.3985508e+00 1.5957535e+00 1.2518909e+00 5.9180486e-01 8.8462640e-01 1.0825612e+00 7.1136953e-01 2.6889635e-01 9.6844595e-02 1.1922823e-01 4.9213321e-01 7.9865509e-01 1.0595472e+00 1.1159993e+00 1.2095225e+00 1.3302893e+00 1.3460106e+00 1.3457608e+00 1.3435478e+00 1.1145860e+00 9.2816886e-01 7.8527820e-01
5.0517914e+00 5.0457390e+00 5.1573023e+00 5.2254384e+00 5.2810259e+00 4.7629351e+00 7.5789851e-04 9.0299813e-04 9.5401741e-04 9.6390093e-04 9.9921001e-04 0.0000000e+00 0.0000000e+00 2.4636515e-03 3.2780935e-03 2.2812867e-03 1.3762986e-02 2.4705119e-03 9.0094676e-04 1.8690269e-03 1.5922525e-02 4.5399873e-01 8.3191489e-01 1.0681826e+00 9.8709843e-01 1.0290484e+00 9.7047908e-01 9.4937982e-01 1.2449348e+00 1.3878174e+00 8.4380165e-01 7.9776239e-04 2.6044115e-01 6.4360472e-01 7.0564226e-01 4.5553092e-01 2.8177870e-01 2.4477408e-01 4.8944884e-01 7.6820008e-01 9.9766968e-01 1.1638235e+00 1.3301701e+00 1.5277331e+00 1.5388935e+00 1.5060653e+00 1.4605461e+00 1.3089180e+00 1.1671378e+00 1.1147655e+00
