presentation/data/depth_0036.asc
ncols     164
nrows     146
xllcorner -1.242151388888889e+02
yllcorner  4.172986111111111e+01
cellsize  2.777777777820000e-04
nodata_value       -9999
[rows 66 to 87 of 146, columns 50 to 99 of 164]
0.0000000e+00 0.0000000e+00 0.0000000e+00 0.0000000e+00 0.0000000e+00 0.0000000e+00 0.0000000e+00 0.0000000e+00 0.0000000e+00 0.0000000e+00 0.0000000e+00 0.0000000e+00 0.0000000e+00 0.0000000e+00 9.9948125e-04 9.9940451e-04 9.9863140e-04 9.9845350e-04 9.9674346e-04 9.9137893e-04 8.1753171e-03 7.4771540e-03 6.4241585e-02 5.2195262e-01 6.8953488e-01 6.9773421e-01 6.7012861e-01 6.3364640e-01 6.1037427e-01 1.1192422e+00 2.2589718e+00 3.3592730e+00 2.2438250e+00 8.8747001e-01 6.6549161e-01 7.3557294e-01 6.6732886e-01 4.6312003e-01 1.6673549e-01 4.1933734e-02 8.8892296e-02 1.0180801e-01 1.0845229e-01 1.2886286e-01 1.4943097e-01 1.7945072e-01 2.0914333e-01 2.4243745e-01 2.6160838e-01 2.7883784e-01
0.0000000e+00 0.0000000e+00 0.0000000e+00 0.0000000e+00 0.0000000e+00 9.9484659e-04 9.9891148e-04 9.9638514e-04 9.9628300e-04 9.9787176e-04 9.8869479e-04 9.7309226e-04 9.8423272e-04 9.5117314e-04 9.9952402e-04 9.9841366e-04 9.9810365e-04 9.9820409e-04 9.9683041e-04 1.6886160e-03 4.5147482e-03 1.0550836e-03 2.4795158e-01 5.5696078e-01 6.8229964e-01 6.7577781e-01 6.3924831e-01 6.7663091e-01 2.8950766e+00 3.7969168e+00 3.1258650e+00 1.2674546e+00 6.2522417e-01 6.5222122e-01 6.4444962e-01 5.7338383e-01 4.8563057e-01 3.9676491e-01 2.5505541e-01 9.4622080e-02 7.4756719e-02 6.6007665e-02 1.0173855e-01 1.4177612e-01 1.5625335e-01 1.8320882e-01 1.7594680e-01 1.5360444e-01 1.3826556e-01 1.0854851e-01
0.0000000e+00 0.0000000e+00 0.0000000e+00 0.0000000e+00 0.0000000e+00 9.9923071e-04 9.9725030e-04 9.8828118e-04 9.9571805e-04 9.5227580e-04 9.1130734e-04 9.4983677e-04 9.7866610e-04 9.8984932e-04 9.9802054e-04 9.9832068e-04 9.9822355e-04 9.9616623e-04 9.9854204e-04 1.6370477e-03 9.8668269e-04 1.5965505e-01 4.3608439e-01 5.9728207e-01 6.8503332e-01 6.5261003e-01 5.7600058e-01 1.5936903e+00 3.9146550e+00 2.5683323e+00 1.0164224e+00 5.4253770e-01 5.8068001e-01 5.8998936e-01 5.9333877e-01 5.5132063e-01 4.2413554e-01 3.5701025e-01 3.1574100e-01 3.2587204e-01 3.1118338e-01 2.4858268e-01 1.9560173e-01 1.5436213e-01 1.4147914e-01 1.2035892e-01 1.1248181e-01 1.1475577e-01 1.0006590e-01 1.1272087e-01
0.0000000e+00 0.0000000e+00 0.0000000e+00 0.0000000e+00 0.0000000e+00 9.9642118e-04 9.8376194e-04 7.1110434e-02 9.3583436e-04 8.8216884e-04 2.9018276e-01 5.4972205e-01 4.9154934e-01 2.9095535e-01 1.8274915e-01 9.4663739e-04 9.9589395e-04 9.9935782e-04 9.8074784e-04 9.9657493e-04 2.6000414e-02 4.1214801e-01 5.1037262e-01 6.3021898e-01 6.7892434e-01 6.2510650e-01 4.3506219e-01 2.4666639e+00 4.1046927e+00 2.1713438e+00 8.4372776e-01 4.9035963e-01 5.0996372e-01 5.3289042e-01 5.3729971e-01 4.8178419e-01 4.1806353e-01 3.6398490e-01 3.4997714e-01 3.5742696e-01 3.9044018e-01 3.7626429e-01 3.6067632e-01 3.5250558e-01 3.0691712e-01 2.3423496e-01 2.1375856e-01 2.0119140e-01 1.4961551e-01 1.4449313e-01
0.0000000e+00 0.0000000e+00 0.0000000e+00 0.0000000e+00 0.0000000e+00 9.6576913e-04 9.7869871e-04 2.0837842e-01 2.6379891e-01 4.9649992e-01 4.0607376e-01 4.4432102e-01 6.2172108e-01 4.4222001e-01 5.0210193e-01 5.9819865e-01 2.4442456e-01 9.5140491e-04 9.8506755e-04 9.4373431e-02 1.3036944e-01 2.6315841e-01 3.8253213e-01 5.0021238e-01 6.0508815e-01 5.9916514e-01 3.9951058e-01 1.5728194e+00 4.4249426e+00 3.8146159e+00 2.3454006e+00 4.8482852e-01 4.4212162e-01 4.4770301e-01 4.2344459e-01 3.8354808e-01 3.9400141e-01 4.1517145e-01 4.0810562e-01 4.0220142e-01 3.9267845e-01 3.9585800e-01 3.8512210e-01 3.6615216e-01 3.4596016e-01 3.3473072e-01 3.5937548e-01 3.7673460e-01 3.6639568e-01 3.2684028e-01
0.0000000e+00 0.0000000e+00 0.0000000e+00 9.8977218e-04 9.5334459e-04 9.6997207e-04 9.3175306e-04 3.1864557e-01 4.2971050e-01 6.8799736e-01 3.9534149e-01 7.1548926e-04 2.7872349e-01 5.2118828e-01 6.0603135e-01 7.4101759e-01 5.4980913e-01 3.9326582e-02 7.1477858e-02 3.3224677e-01 1.8350257e-01 1.2128382e-01 1.6749851e-01 2.4931792e-01 2.2432236e-01 2.2458638e-01 2.2736456e-01 4.2916267e-01 3.0422957e+00 4.4697014e+00 3.1856916e+00 5.3074515e-01 4.3766792e-01 5.1860791e-01 4.5763871e-01 3.7024160e-01 3.6935027e-01 3.9411288e-01 3.9047118e-01 3.8558637e-01 3.8048014e-01 3.7675272e-01 3.7282287e-01 3.6462883e-01 3.6203836e-01 3.5206947e-01 3.6841270e-01 3.8756181e-01 3.8237246e-01 3.8017618e-01
9.9882359e-04 0.0000000e+00 9.7457103e-04 9.4479654e-04 9.9998833e-04 3.6118279e-02 9.9899820e-04 8.0001720e-04 8.9084998e-04 3.6223325e-01 5.8271947e-01 5.6590048e-01 6.4606252e-01 5.1138683e-01 5.9613305e-01 3.0387898e-01 3.7042518e-01 2.6187543e-01 2.2268697e-01 2.0482722e-01 3.1755346e-01 2.1031260e-01 2.1835921e-01 2.1400680e-01 1.1886151e-01 7.7842141e-02 9.6843432e-04 1.9951932e-01 1.1890548e+00 3.3466892e+00 2.2016828e+00 2.0197102e-01 5.4935408e-01 6.4266146e-01 6.4943291e-01 3.5385391e-01 2.7450486e-01 2.7157332e-01 2.7139651e-01 2.8291444e-01 2.7991469e-01 2.7593916e-01 2.7032830e-01 2.5921451e-01 2.5988664e-01 2.7962649e-01 3.1350809e-01 3.3147940e-01 3.4588985e-01 3.5384762e-01
9.9712624e-04 9.8390457e-04 9.7177320e-04 1.5143980e-01 9.9569189e-04 3.7595983e-02 9.8044442e-04 8.6468801e-04 6.7770495e-04 8.8740585e-04 6.8806781e-01 7.2619323e-01 7.0672961e-01 5.0045537e-01 3.1302888e-01 3.0011095e-01 2.3610086e-01 1.7231426e-01 1.2968846e-01 4.9530457e-02 2.0870801e-01 2.8305606e-01 2.0079246e-01 1.5397271e-01 2.4412335e-01 2.3288597e-01 9.9774748e-04 9.5383220e-04 9.6052993e-01 2.5650207e+00 1.1388308e+00 1.2901487e-01 2.1654969e-01 1.4673881e-01 3.8533302e-01 3.7337442e-01 2.5210350e-01 2.5277296e-01 2.2920747e-01 1.0120274e-01 1.5853324e-01 1.6980270e-01 1.7381957e-01 2.1436396e-01 2.9304339e-01 2.2375861e-01 1.9727581e-01 2.3551442e-01 2.4268675e-01 2.4655212e-01
9.9887253e-04 9.9760218e-04 8.4704384e-04 8.9862670e-04 2.0649883e-02 8.7446695e-02 3.2504203e-02 1.2674834e-01 4.0219851e-02 3.3627143e-01 4.9523096e-01 4.2288609e-01 3.8744379e-01 3.6252268e-01 2.6191981e-01 7.5531608e-02 9.3823915e-04 9.4373653e-04 3.1589305e-02 6.4306282e-02 1.7453704e-01 1.6083002e-01 9.0823680e-02 4.8669633e-02 4.6067082e-02 9.8685639e-04 6.5577125e-04 0.0000000e+00 6.5000778e-01 2.0209139e+00 8.1346327e-01 1.6755775e-02 6.3268677e-02 9.4443287e-02 1.2847560e-01 1.5751767e-01 1.1248448e-01 1.5585893e-01 3.5728383e-01 3.5994608e-01 3.3488338e-01 3.1645885e-01 2.9513767e-01 2.6717537e-01 2.5067688e-01 8.0348459e-02 5.8910481e-02 9.1350584e-02 1.2577106e-01 1.7300581e-01
9.9832073e-04 9.8421208e-04 1.5631279e-01 2.6578170e-01 3.2152641e-01 3.6603092e-01 4.9599478e-01 6.8244723e-01 6.3809205e-01 4.3184277e-01 3.4424355e-01 3.5747694e-01 3.9014029e-01 2.8064029e-01 2.3719745e-01 2.3950845e-01 9.2012267e-02 9.9714282e-04 6.5054150e-02 1.7786628e-01 4.2751000e-01 1.8509209e-01 3.8633361e-02 1.0369681e-02 9.8373604e-04 6.2210796e-04 6.7209811e-04 9.6187802e-04 6.4942872e-01 1.3383751e+00 1.0305312e+00 4.9031016e-01 8.9097015e-01 8.3444384e-01 6.5265101e-01 6.7006705e-01 7.3221943e-01 9.8113265e-01 1.2263254e+00 1.3351734e+00 1.3199548e+00 1.2378857e+00 1.0180222e+00 8.8021148e-01 9.9710050e-01 1.0648288e+00 1.0648582e+00 9.4399621e-01 5.5993222e-01 3.1858100e-01
9.4162366e-04 8.2382207e-04 2.1939975e-01 7.1794425e-01 7.9259855e-01 8.8038996e-01 7.8396574e-01 5.6821172e-01 4.5700263e-01 2.7150695e-01 1.7381041e-01 2.3918609e-01 1.5178658e-01 2.4322916e-01 2.4735674e-01 2.7636624e-01 3.1545732e-01 1.5523740e-01 2.2901555e-01 2.7311728e-01 4.3053052e-01 5.3375795e-02 8.6631806e-04 6.4867319e-04 9.0348138e-04 8.8209945e-04 4.0333733e-01 9.3313350e-01 1.0925291e+00 1.2078679e+00 1.2906330e+00 1.2284613e+00 1.1237937e+00 1.0026680e+00 1.0216570e+00 1.0889743e+00 1.1599260e+00 1.1316876e+00 1.2365947e+00 1.3082220e+00 1.3008300e+00 1.1590303e+00 7.7417359e-01 3.9528157e-01 9.1868622e-01 1.1862837e+00 1.3106350e+00 1.3740111e+00 1.3655879e+00 1.3072500e+00
2.5742304e-02 1.9474714e-03 4.7722812e-01 6.2472801e-01 6.1010646e-01 8.8162766e-01 5.5045591e-01 4.0346970e-01 2.7445292e-01 2.6997337e-01 2.1727749e-01 2.0501995e-01 2.1540815e-01 2.6182941e-01 3.7678348e-01 3.8002522e-01 4.8249446e-01 4.2529635e-01 4.2070922e-01 1.3506220e-01 9.4033450e-04 9.3845498e-04 9.1082227e-04 7.7703392e-04 3.6482791e-01 1.0968995e+00 6.8497318e-01 7.0154733e-01 1.1751251e+00 1.2834148e+00 1.4862717e+00 1.5404391e+00 1.5055983e+00 1.4693629e+00 1.4654698e+00 1.4875300e+00 1.4602902e+00 1.2840551e+00 1.3989945e+00 1.5461692e+00 1.5508329e+00 1.4636368e+00 1.3191149e+00 1.2242228e+00 1.2526367e+00 1.4380295e+00 1.5835700e+00 1.5853976e+00 1.5194174e+00 1.4717759e+00
3.7970151e-01 4.4795842e-01 4.5377784e-01 5.0572890e-01 8.0115242e-01 8.2413728e-01 4.8918206e-01 3.0152157e-01 1.6538866e-01 2.1702475e-01 1.5452668e-01 2.0579976e-01 2.1484492e-01 3.4779792e-01 4.4020565e-01 4.6623063e-01 4.2050786e-01 1.4579354e-01 9.8649275e-04 9.9519577e-04 8.2139668e-04 8.1049643e-04 4.6877009e-02 8.8422918e-01 1.2351744e+00 1.0056072e+00 6.2499782e-01 9.2004363e-01 1.2676759e+00 1.4539384e+00 1.6960833e+00 1.8598492e+00 1.7985228e+00 1.8167856e+00 1.8581237e+00 1.8217258e+00 1.6608721e+00 1.6197811e+00 1.7615607e+00 1.8186188e+00 1.8451311e+00 1.8435165e+00 1.8123758e+00 1.8422023e+00 1.8616961e+00 1.7475292e+00 1.9068141e+00 1.9740547e+00 1.8251940e+00 1.6998292e+00
5.2566720e-01 6.3776420e-02 3.1723821e-02 1.4546183e-01 3.1546558e-01 3.6902027e-01 2.1215076e-01 1.5256231e-01 5.5625416e-02 1.1027125e-03 7.2441321e-02 1.3508476e-01 2.4367901e-01 3.4492659e-01 3.3942479e-01 1.2348255e-01 9.7705037e-04 7.3327196e-04 7.8689390e-04 9.7880404e-04 1.9877217e-01 1.5301682e+00 1.2615764e+00 1.1505566e+00 1.5168467e+00 1.3725170e+00 1.3038069e+00 1.6492166e+00 2.1604129e+00 1.9954245e+00 2.2391140e+00 2.1387014e+00 2.0147632e+00 1.9700893e+00 2.0875489e+00 2.3152491e+00 2.1466066e+00 1.9209432e+00 2.0302778e+00 2.1975287e+00 2.3740351e+00 2.3402675e+00 2.3536826e+00 2.2525718e+00 2.2850798e+00 2.2866400e+00 2.1943897e+00 2.2777807e+00 2.4772351e+00 2.3302301e+00
1.7676928e-01 9.9360581e-04 1.5128912e-03 9.9434744e-04 9.9983817e-04 1.6811241e-01 4.4640719e-01 8.6187400e-04 7.0882991e-03 9.9425162e-04 1.4862176e-02 1.4420222e-02 9.6032826e-02 1.8725208e-02 9.6116197e-04 8.6471959e-04 8.9806039e-04 7.9211608e-04 7.0338556e-01 1.3657977e+00 1.8521516e+00 1.8490232e+00 1.9090251e+00 2.1570989e+00 2.2684034e+00 2.3868848e+00 2.4874748e+00 2.8633739e+00 2.9687471e+00 2.7367548e+00 2.7178846e+00 2.5921226e+00 2.4402625e+00 2.2812809e+00 2.4233658e+00 2.6333711e+00 2.7284471e+00 2.7205719e+00 2.6480831e+00 2.6845301e+00 2.6909346e+00 2.7189134e+00 2.9041140e+00 3.0055728e+00 2.9808901e+00 2.8842958e+00 2.9382467e+00 2.8181998e+00 2.8307012e+00 2.7710252e+00
9.8769560e-04 2.4426730e-03 2.5459427e-03 1.2799233e-03 9.7221377e-04 4.0171014e-01 6.2897691e-01 5.1507847e-01 8.6970686e-04 1.2677960e-01 2.7850454e-01 9.5881150e-04 9.9973986e-04 9.7081790e-04 9.4510842e-04 9.9279021e-04 3.7404622e-01 1.4558044e+00 1.6551813e+00 1.8169583e+00 2.0827858e+00 2.2288210e+00 2.4794492e+00 2.6935127e+00 2.7021154e+00 2.8023008e+00 3.0772703e+00 3.4777187e+00 3.4961858e+00 3.1793292e+00 3.0555451e+00 3.0728602e+00 2.9583320e+00 2.6626491e+00 2.7361820e+00 2.8668976e+00 2.9601129e+00 3.1529587e+00 3.2299342e+00 3.1455355e+00 3.0835045e+00 3.0054730e+00 3.0310061e+00 3.4084820e+00 3.5784884e+00 3.3647392e+00 3.3117730e+00 3.2705728e+00 3.3053441e+00 3.3096907e+00
2.8703782e-03 1.4626193e-03 1.4977613e-03 9.9850734e-04 9.5553359e-04 9.5476401e-04 8.6014753e-01 9.8042592e-01 5.2871541e-01 9.2137710e-04 9.9380529e-04 9.3494568e-04 8.3542883e-04 9.3899162e-04 1.5649189e-02 1.1638968e+00 1.4905188e+00 1.7350710e+00 1.8907040e+00 2.1424037e+00 2.4111609e+00 2.5535886e+00 2.7244150e+00 2.7421731e+00 2.9579900e+00 3.2686244e+00 3.3517240e+00 3.2282483e+00 3.4174808e+00 3.2305428e+00 3.2389209e+00 3.2649438e+00 3.3558727e+00 3.3914543e+00 3.3260917e+00 3.1118609e+00 2.9817690e+00 3.0891385e+00 3.2907845e+00 3.4519804e+00 3.5142112e+00 3.3884609e+00 3.2740622e+00 3.3735479e+00 3.6363929e+00 3.6986637e+00 3.6539301e+00 3.6389335e+00 3.6686386e+00 3.6362178e+00
9.3338871e-04 9.9857432e-04 9.9636370e-04 9.9675941e-04 5.6787965e-04 9.7824524e-04 9.8275640e-04 9.4714955e-02 9.9005315e-04 9.9949691e-04 9.8755090e-04 8.2450578e-04 8.6994372e-04 8.4407739e-01 1.2130399e+00 1.5384515e+00 1.8448071e+00 2.1875811e+00 2.2376424e+00 2.4040851e+00 2.6959247e+00 2.7551757e+00 2.7966229e+00 2.8647339e+00 3.0429007e+00 3.5816176e+00 3.6251073e+00 3.3593776e+00 3.5863988e+00 3.1366598e+00 3.2071931e+00 3.2910068e+00 3.4662667e+00 3.7000765e+00 3.7498970e+00 3.3939455e+00 3.1911190e+00 3.1826375e+00 3.2129233e+00 3.5965365e+00 3.8593221e+00 3.7622830e+00 3.6377796e+00 3.6105153e+00 3.7628139e+00 3.9382755e+00 3.9503685e+00 3.9826649e+00 3.9781647e+00 3.8317105e+00
9.8830027e-04 9.9601993e-04 2.4277919e-03 9.9945211e-04 0.0000000e+00 6.6544776e-04 9.6125080e-04 9.8142015e-04 9.9564178e-04 9.6602894e-04 8.8698478e-04 9.1845823e-04 7.1962943e-04 1.4315081e+00 1.7424578e+00 1.8647324e+00 2.2352797e+00 2.4165835e+00 2.4294106e+00 2.4788306e+00 2.6902895e+00 2.7644148e+00 2.8995312e+00 3.0363119e+00 3.1645118e+00 3.3896365e+00 3.1260861e+00 2.9732402e+00 3.9320230e+00 3.6943919e+00 3.5441275e+00 3.6488620e+00 3.3258359e+00 3.6699743e+00 3.7534585e+00 3.6416377e+00 3.7946571e+00 4.1240039e+00 3.5598143e+00 3.6892772e+00 3.7923306e+00 3.8861158e+00 3.9464483e+00 3.9650805e+00 3.9779058e+00 3.9775078e+00 3.9764138e+00 4.1015175e+00 4.2447893e+00 4.1083070e+00
0.0000000e+00 9.8414445e-04 4.1465384e-03 8.6445956e-03 7.5491407e-04 9.8519837e-04 9.1715970e-04 8.6342212e-04 9.6840574e-04 8.8161281e-04 9.9984986e-04 9.2930005e-04 8.5623195e-01 1.1236320e+00 1.9132362e+00 2.2346308e+00 2.5296976e+00 2.4913369e+00 2.5820450e+00 2.6828648e+00 2.7291480e+00 2.8021309e+00 3.0672918e+00 3.2400929e+00 3.3124450e+00 3.3166121e+00 3.0087793e+00 2.6512485e+00 2.8824322e+00 3.7502274e+00 3.7774845e+00 3.6940331e+00 3.4925672e+00 3.5952833e+00 3.7232613e+00 3.8591621e+00 4.1149430e+00 4.4038045e+00 4.2939090e+00 4.1887639e+00 4.0927042e+00 4.0512989e+00 4.0700899e+00 4.2510038e+00 4.3012129e+00 4.2198377e+00 4.0564249e+00 4.1295747e+00 4.2816657e+00 4.2730747e+00
0.0000000e+00 0.0000000e+00 9.9562678e-04 9.3690083e-03 1.0154672e-02 1.0326914e-02 1.5722266e-03 9.4213915e-04 7.5438236e-04 8.7586239e-04 5.2891467e-01 1.1965690e+00 1.5048760e+00 1.3585557e+00 1.6944490e+00 2.2444332e+00 2.6393611e+00 2.7597491e+00 2.7442837e+00 2.7923028e+00 2.8735210e+00 3.0876201e+00 3.3784355e+00 3.4898045e+00 3.5601541e+00 3.4250370e+00 3.2723534e+00 2.9502692e+00 3.0359949e+00 3.6959881e+00 3.8818075e+00 4.0016974e+00 3.9719916e+00 3.7245934e+00 3.7911805e+00 3.9845555e+00 4.1667699e+00 4.3267082e+00 4.4209258e+00 4.3281142e+00 4.3997229e+00 4.4627602e+00 4.1363214e+00 4.2192888e+00 4.5331404e+00 4.3238935e+00 4.2309692e+00 4.0900835e+00 4.2117966e+00 4.2745455e+00
8.5498958e-04 9.1721595e-04 9.2332278e-04 9.7881288e-04 9.9069351e-04 9.4479765e-04 1.0100780e+00 1.0494702e+00 8.8442999e-01 8.4566158e-01 1.0470192e+00 1.3109079e+00 1.6078999e+00 1.6812520e+00 1.9416409e+00 2.3110913e+00 2.5067687e+00 3.0448581e+00 3.0630737e+00 3.1226901e+00 3.2845499e+00 3.4876019e+00 3.6943117e+00 3.4997071e+00 3.6618415e+00 3.7316247e+00 3.8074040e+00 3.6347646e+00 3.5206798e+00 4.0077047e+00 3.9414533e+00 3.7646160e+00 3.8126937e+00 3.8250756e+00 4.0422169e+00 3.8761141e+00 3.9406011e+00 4.0605105e+00 4.0943121e+00 3.7019655e+00 3.8544786e+00 3.8905650e+00 3.5802262e+00 3.7448133e+00 4.2060434e+00 3.5997996e+00 3.2267243e+00 2.9793783e+00 3.5891418e+00 4.1700491e+00
