presentation/data/depth_0060.asc
ncols     164
nrows     146
xllcorner -1.242151388888889e+02
yllcorner  4.172986111111111e+01
cellsize  2.777777777820000e-04
nodata_value       -9999
[rows 66 to 87 of 146, columns 50 to 99 of 164]
0.0000000e+00 0.0000000e+00 0.0000000e+00 0.0000000e+00 0.0000000e+00 0.0000000e+00 0.0000000e+00 0.0000000e+00 0.0000000e+00 0.0000000e+00 0.0000000e+00 0.0000000e+00 0.0000000e+00 0.0000000e+00 9.9948125e-04 9.9940451e-04 9.9863140e-04 9.9845350e-04 9.9502501e-04 9.9361731e-04 1.8782609e-03 2.2965402e-03 1.0001352e-03 9.0655768e-02 2.7924686e-01 2.9412260e-01 2.7758135e-01 2.3985708e-01 1.5667104e-01 4.2213763e-01 1.3636385e+00 2.6254995e+00 1.5334687e+00 3.8585528e-01 2.5650068e-01 3.1332517e-01 2.4177716e-01 3.8856832e-02 7.8092264e-03 2.6771786e-02 3.8712926e-02 5.0434959e-02 5.6463120e-02 7.7384468e-02 9.0964559e-02 1.1392617e-01 1.3705493e-01 1.6861772e-01 1.8735196e-01 2.0386103e-01
0.0000000e+00 0.0000000e+00 0.0000000e+00 0.0000000e+00 0.0000000e+00 9.9484659e-04 9.9891148e-04 9.9638514e-04 9.9628300e-04 9.9787176e-04 9.8869479e-04 9.7309226e-04 9.8423272e-04 9.5117314e-04 9.9952402e-04 9.9841366e-04 9.9810365e-04 9.9820409e-04 9.9683041e-04 9.9934980e-04 1.1901165e-03 1.6271070e-03 1.0043810e-03 1.4148567e-01 2.8314544e-01 2.7928637e-01 2.2010945e-01 1.1701676e-01 1.9822286e+00 2.9697567e+00 2.3122737e+00 5.3357391e-01 2.9057782e-01 2.2788662e-01 2.3021720e-01 1.6615764e-01 9.1780991e-02 2.6901802e-02 4.8652159e-03 2.4192343e-02 4.3733746e-02 5.3838030e-02 6.4713396e-02 8.5556388e-02 9.5256268e-02 1.1606451e-01 1.1007084e-01 9.0809499e-02 8.6216552e-02 6.0646377e-02
0.0000000e+00 0.0000000e+00 0.0000000e+00 0.0000000e+00 0.0000000e+00 9.9923071e-04 9.9725030e-04 9.8828118e-04 9.9571805e-04 9.5227580e-04 9.1130734e-04 9.6659462e-04 9.9878949e-04 9.6380456e-04 9.7920654e-04 9.9832068e-04 9.9822355e-04 9.9616623e-04 9.9854204e-04 9.9998358e-04 9.9490230e-04 9.9497871e-04 5.6666922e-02 2.0005921e-01 2.9048158e-01 2.6123202e-01 1.1626115e-01 6.9359616e-01 3.1268084e+00 1.7408103e+00 2.7653865e-01 1.6894104e-01 2.3743208e-01 2.0695306e-01 2.1755868e-01 1.7970194e-01 6.9078901e-02 3.1388134e-02 2.3387638e-02 6.0771472e-02 6.8018345e-02 5.2805639e-02 6.4325909e-02 7.9851515e-02 9.3278906e-02 9.6178764e-02 9.4530764e-02 9.1136108e-02 6.6007550e-02 6.8097238e-02
0.0000000e+00 0.0000000e+00 0.0000000e+00 0.0000000e+00 0.0000000e+00 9.9642118e-04 9.8376194e-04 9.9223070e-04 9.5471159e-04 9.2381733e-04 1.9129238e-01 4.5244929e-01 3.9361940e-01 1.9316092e-01 8.4080281e-02 9.6619811e-04 9.9589395e-04 9.9935782e-04 9.6205521e-04 9.8253861e-04 3.4935119e-02 9.5403743e-02 1.9055467e-01 2.7252349e-01 3.1176175e-01 2.6776576e-01 6.4008657e-02 1.7025411e+00 3.3545334e+00 1.3565068e+00 5.6463719e-02 8.6826890e-02 1.6572352e-01 1.7936927e-01 1.8920633e-01 1.4090043e-01 9.3714179e-02 6.0754361e-02 7.1167210e-02 1.0309430e-01 1.5127222e-01 1.4908839e-01 1.5085108e-01 1.6541853e-01 1.4638546e-01 9.8397872e-02 9.5039326e-02 9.4817912e-02 5.4125346e-02 6.9248548e-02
0.0000000e+00 0.0000000e+00 0.0000000e+00 0.0000000e+00 0.0000000e+00 9.6576913e-04 9.7869871e-04 1.1129811e-01 1.6822220e-01 4.0029207e-01 3.0851954e-01 3.4762454e-01 5.2399699e-01 3.4451616e-01 4.0316566e-01 4.9942829e-01 1.4780413e-01 9.7584774e-04 9.8964115e-04 4.4158747e-02 1.0940501e-01 1.0277384e-01 1.1812393e-01 1.6735218e-01 2.3721487e-01 2.4025826e-01 1.4050086e-01 6.8092993e-01 3.6787716e+00 3.0838370e+00 1.4831160e+00 2.1183980e-02 1.1283229e-01 1.2795112e-01 1.1536340e-01 8.4191054e-02 1.0577918e-01 1.4020520e-01 1.4698472e-01 1.5826991e-01 1.6408404e-01 1.8228362e-01 1.8490447e-01 1.8086129e-01 1.7677138e-01 1.6863849e-01 1.9698505e-01 2.1666140e-01 2.0510233e-01 1.7140730e-01
0.0000000e+00 0.0000000e+00 0.0000000e+00 9.8977218e-04 9.5334459e-04 9.6997207e-04 9.4283292e-04 2.2075348e-01 3.3235368e-01 5.9035237e-01 2.9711567e-01 7.1548926e-04 1.8247273e-01 4.2712001e-01 5.1067750e-01 6.4720418e-01 4.5450760e-01 8.9160955e-04 8.2701731e-02 2.4536081e-01 1.2960627e-01 9.2987365e-02 1.1603699e-01 1.6402365e-01 1.0394487e-01 4.3395183e-02 2.6353467e-02 4.0711762e-03 2.2139142e+00 3.8060717e+00 2.3575757e+00 4.8879676e-03 7.9092299e-02 1.8655795e-01 1.3514509e-01 7.7430665e-02 1.0906266e-01 1.4510499e-01 1.5532795e-01 1.6708086e-01 1.7639839e-01 1.8556209e-01 1.9363299e-01 1.9647795e-01 2.0396334e-01 1.9657569e-01 2.1319434e-01 2.3226567e-01 2.2648373e-01 2.2629117e-01
9.9882359e-04 0.0000000e+00 9.7457103e-04 9.4479654e-04 9.9007745e-04 3.7518023e-03 9.8311003e-04 8.0001720e-04 8.9084998e-04 2.6543019e-01 4.8585047e-01 4.6885765e-01 5.4914062e-01 4.1614099e-01 5.0094374e-01 2.1266012e-01 2.8601927e-01 1.9753014e-01 1.4187347e-01 1.2523991e-01 2.1830956e-01 1.3578889e-01 1.5183970e-01 1.6087681e-01 8.6681491e-02 7.6213466e-02 9.9051189e-04 0.0000000e+00 6.6976337e-01 2.7357838e+00 1.5274115e+00 9.5351238e-04 2.1355107e-01 2.9377059e-01 3.2373263e-01 8.4874703e-02 6.6436453e-02 7.6370097e-02 9.1259119e-02 1.1714307e-01 1.2826549e-01 1.3631051e-01 1.4355099e-01 1.4841936e-01 1.5546093e-01 1.6040696e-01 1.7780051e-01 1.8932167e-01 1.9859097e-01 2.0468417e-01
9.9712624e-04 9.8390457e-04 9.7177320e-04 1.5143980e-01 9.9569189e-04 7.0616731e-03 9.8044442e-04 8.6468801e-04 6.7770495e-04 8.8740585e-04 5.9198884e-01 6.2950877e-01 6.0970889e-01 4.0442694e-01 2.1996657e-01 2.1011463e-01 1.5579129e-01 9.5228964e-02 7.6795421e-02 3.3898189e-02 1.1014701e-01 1.8696121e-01 1.1901886e-01 9.1159122e-02 1.8867671e-01 1.8355519e-01 8.8201994e-04 9.5458121e-04 3.3156568e-01 1.9114689e+00 5.4529088e-01 9.9104349e-04 9.5574222e-04 9.8027559e-04 8.4542791e-02 5.3976523e-02 8.9086012e-03 9.1082290e-02 1.2339317e-01 8.6646708e-03 1.4534654e-02 1.7189616e-02 1.9716455e-02 2.0229219e-02 2.3846681e-02 3.1293259e-02 4.8003943e-02 9.7795216e-02 9.5906399e-02 1.0320277e-01
9.9887253e-04 9.9760218e-04 8.4704384e-04 8.9862670e-04 9.6303545e-04 1.0248650e-03 9.8285039e-04 2.0925324e-02 9.7923585e-04 2.3782012e-01 3.9541945e-01 3.2262649e-01 2.8889911e-01 2.6501273e-01 1.6283811e-01 9.2611767e-04 9.3823915e-04 9.4373653e-04 6.0491186e-03 7.8743178e-03 1.1450347e-01 1.0808425e-01 7.2928004e-02 4.2300075e-02 1.7256195e-02 9.8816953e-04 4.8804758e-04 8.3132671e-04 8.7864664e-01 2.7123517e+00 2.0349098e+00 8.0081736e-01 1.5410446e+00 1.7648373e+00 1.0959852e+00 1.0620103e+00 1.1181069e+00 2.1431627e+00 2.8395004e+00 2.8090948e+00 2.7951971e+00 2.7693028e+00 2.7596712e+00 2.6726001e+00 2.6155663e+00 1.9543618e+00 1.5376634e+00 8.7993478e-01 5.0921792e-01 1.9512119e-01
9.9832073e-04 9.7541125e-04 4.5061423e-02 1.5287656e-01 2.0982025e-01 2.5319319e-01 3.8480931e-01 5.7273156e-01 5.3061531e-01 3.2733022e-01 2.4213777e-01 2.5534094e-01 2.8872780e-01 1.7902528e-01 1.3579352e-01 1.3743723e-01 1.0688472e-03 9.5077398e-04 2.9323569e-02 8.8389930e-02 3.3518395e-01 1.2032903e-01 1.0016684e-03 1.8900040e-03 8.5372806e-04 8.8018831e-04 9.7897409e-04 1.6882113e+00 2.8640997e+00 3.0981053e+00 3.1834592e+00 2.8807654e+00 3.0838254e+00 2.9859357e+00 2.9147113e+00 2.9611905e+00 2.9778765e+00 3.1145333e+00 3.3023288e+00 3.4110523e+00 3.3918070e+00 3.3113747e+00 3.0919772e+00 2.9502555e+00 3.1193278e+00 3.2378478e+00 3.2623648e+00 3.2860833e+00 3.0626720e+00 2.8129615e+00
9.4162366e-04 8.2382207e-04 1.1273313e-01 6.0911360e-01 6.8410430e-01 7.7070828e-01 6.7408540e-01 4.5899592e-01 3.5047348e-01 1.6708088e-01 7.2349511e-02 1.3626172e-01 4.9285436e-02 1.4081196e-01 1.4466240e-01 1.7406686e-01 2.1534422e-01 8.6196839e-02 1.3949811e-01 1.6761845e-01 3.0788890e-01 9.7706548e-04 8.4885783e-04 2.8620205e-04 9.8580950e-04 1.2022092e+00 2.2694663e+00 2.8163411e+00 3.0123194e+00 3.0936720e+00 3.2696074e+00 3.2837512e+00 3.1475304e+00 3.0090844e+00 3.0247316e+00 3.1131926e+00 3.2086682e+00 3.2017180e+00 3.2984077e+00 3.3972407e+00 3.3859750e+00 3.2483801e+00 2.8765797e+00 2.5116540e+00 3.0206740e+00 3.3052992e+00 3.4384718e+00 3.5228762e+00 3.5058143e+00 3.4871661e+00
9.9444284e-04 9.5253100e-04 3.8634502e-01 5.1207417e-01 4.9885554e-01 7.6971481e-01 4.3942307e-01 2.9356768e-01 1.6858226e-01 1.6582300e-01 1.1779827e-01 1.0349387e-01 1.1146425e-01 1.5798054e-01 2.7445919e-01 2.7966005e-01 3.8631281e-01 3.3544818e-01 3.3373410e-01 6.3612310e-02 9.7489850e-04 9.0998810e-04 7.4018084e-04 2.2545376e-01 2.1632864e+00 2.8988587e+00 2.4943309e+00 2.5490376e+00 2.9204000e+00 3.2514754e+00 3.4311800e+00 3.5070289e+00 3.5062634e+00 3.4558975e+00 3.4697877e+00 3.5216421e+00 3.5047133e+00 3.3531256e+00 3.4594326e+00 3.6279622e+00 3.6339508e+00 3.5551978e+00 3.4248396e+00 3.3366945e+00 3.3719890e+00 3.5682348e+00 3.7339151e+00 3.7621026e+00 3.6878803e+00 3.6511142e+00
2.4776098e-01 3.2301459e-01 3.4391247e-01 3.9102808e-01 6.8747824e-01 7.1109116e-01 3.7689616e-01 1.9244817e-01 5.8822698e-02 1.1626544e-01 5.7506894e-02 1.0290741e-01 1.0945986e-01 2.4252105e-01 3.3645780e-01 3.6282840e-01 3.1730396e-01 4.5695166e-02 8.5177627e-04 8.5562556e-04 9.8148558e-04 5.3970341e-01 1.8640063e+00 2.7118248e+00 3.0516920e+00 2.8459639e+00 2.4882056e+00 2.7981555e+00 3.2916870e+00 3.4387217e+00 3.6836830e+00 3.7431744e+00 3.7435756e+00 3.7944134e+00 3.8496218e+00 3.8396678e+00 3.6895587e+00 3.6740085e+00 3.8194261e+00 3.8911108e+00 3.9252933e+00 3.9314798e+00 3.9099202e+00 3.9470858e+00 3.9667970e+00 3.8726489e+00 4.0599478e+00 4.1404420e+00 3.9999527e+00 3.8765685e+00
3.8528371e-01 9.5300903e-04 9.9053385e-04 4.4656691e-02 2.0785530e-01 2.6037707e-01 1.0372112e-01 4.3688410e-02 9.9344210e-04 9.6309847e-04 1.0598457e-03 2.5818697e-02 1.3680896e-01 2.3947069e-01 2.3337680e-01 2.0183105e-02 8.7772414e-04 5.0566025e-04 8.5085610e-04 1.5257103e-01 2.0189592e+00 3.3547234e+00 3.0847032e+00 2.9826766e+00 3.3460733e+00 3.2280328e+00 3.1883854e+00 3.5316873e+00 4.0801194e+00 4.1076474e+00 4.2531430e+00 4.0692346e+00 3.9706836e+00 3.9446939e+00 4.0760644e+00 4.3169078e+00 4.1603391e+00 3.9567201e+00 4.0783391e+00 4.2592034e+00 4.4468540e+00 4.4228442e+00 4.4452596e+00 4.3530538e+00 4.3920101e+00 4.4119640e+00 4.3412733e+00 4.4425090e+00 4.6480647e+00 4.5200535e+00
4.5617683e-02 9.8623754e-04 9.9953910e-04 9.9734105e-04 9.8014020e-04 6.0889332e-02 3.4010254e-01 9.8741041e-04 1.3009905e-03 9.9553381e-04 2.1646757e-03 1.0166129e-03 9.8541646e-04 9.8701371e-04 9.8667730e-04 9.1587526e-04 8.5569285e-04 4.9467413e-01 2.4996719e+00 3.1813473e+00 3.6683056e+00 3.6752640e+00 3.7429415e+00 4.0037365e+00 4.1189081e+00 4.2556222e+00 4.3705137e+00 4.7448783e+00 4.8045193e+00 4.5917223e+00 4.5884249e+00 4.5061516e+00 4.3701708e+00 4.2354709e+00 4.3921547e+00 4.6206349e+00 4.7315021e+00 4.7430461e+00 4.6834821e+00 4.7355375e+00 4.7558426e+00 4.7971301e+00 4.9932429e+00 5.1082274e+00 5.0944474e+00 5.0175418e+00 5.0874807e+00 4.9827501e+00 5.0100467e+00 4.9715440e+00
9.9889407e-04 9.9828142e-04 9.9836389e-04 9.9850028e-04 9.8240436e-04 2.9817915e-01 5.2570914e-01 4.1004412e-01 8.4012819e-04 9.8216005e-02 2.5196177e-01 9.8107185e-04 9.7952151e-04 6.5710669e-04 7.9933376e-04 7.5797000e-04 2.1301115e+00 3.2391853e+00 3.4439690e+00 3.6211072e+00 3.8909411e+00 4.0522218e+00 4.3114033e+00 4.5403437e+00 4.5594395e+00 4.6743937e+00 4.9465403e+00 5.3581617e+00 5.3532314e+00 5.0299902e+00 4.9121886e+00 4.9930308e+00 4.8792867e+00 4.6005844e+00 4.6947550e+00 4.8373407e+00 4.9513401e+00 5.1646385e+00 5.2549638e+00 5.1877872e+00 5.1420837e+00 5.0803611e+00 5.1188894e+00 5.5083485e+00 5.6942662e+00 5.4971424e+00 5.4564542e+00 5.4294752e+00 5.4766676e+00 5.4992788e+00
9.9947828e-04 9.9802579e-04 9.9891293e-04 9.9964095e-04 9.9535580e-04 8.8296444e-04 7.5578237e-01 8.7484938e-01 4.2361257e-01 9.6818025e-04 9.7108843e-04 9.0299694e-04 8.1892872e-04 8.2298280e-04 1.7248059e+00 2.9429096e+00 3.2521321e+00 3.5128811e+00 3.6790790e+00 3.9457848e+00 4.2223815e+00 4.3785179e+00 4.5603860e+00 4.5966252e+00 4.8228229e+00 5.1450801e+00 5.2256997e+00 5.1106755e+00 5.3163915e+00 5.1012769e+00 5.0872717e+00 5.1605178e+00 5.2647342e+00 5.3097666e+00 5.2604113e+00 5.0668832e+00 4.9611678e+00 5.0910727e+00 5.3080272e+00 5.4868706e+00 5.5665814e+00 5.4585015e+00 5.3606415e+00 5.4767710e+00 5.7596814e+00 5.8391036e+00 5.8073915e+00 5.8056135e+00 5.8510385e+00 5.8336115e+00
9.3338871e-04 9.9998978e-04 9.9929536e-04 9.9527427e-04 5.6787965e-04 9.7824524e-04 9.4689558e-04 9.2241677e-04 9.9423690e-04 9.9486047e-04 9.6042894e-04 8.4550859e-04 1.1876721e+00 2.5732874e+00 2.9588808e+00 3.2925802e+00 3.6113107e+00 3.9611871e+00 4.0198884e+00 4.1984797e+00 4.4989106e+00 4.5717352e+00 4.6283776e+00 4.7142648e+00 4.9109643e+00 5.4581240e+00 5.5054029e+00 5.2532502e+00 5.4841634e+00 5.0638486e+00 5.0553668e+00 5.1809554e+00 5.3743339e+00 5.6196568e+00 5.6846445e+00 5.3476332e+00 5.1660743e+00 5.1790048e+00 5.2264622e+00 5.6267906e+00 5.9061532e+00 5.8253935e+00 5.7186144e+00 5.7110363e+00 5.8852775e+00 6.0753812e+00 6.1007092e+00 6.1475709e+00 6.1552555e+00 6.0167167e+00
9.8830027e-04 9.9750739e-04 9.9847169e-04 9.9317022e-04 0.0000000e+00 6.6544776e-04 9.4773823e-04 9.9699514e-04 9.9865515e-04 9.4622889e-04 9.0919047e-04 7.5416431e-04 1.2435809e+00 3.1599983e+00 3.4896894e+00 3.6214541e+00 4.0042704e+00 4.1927933e+00 4.2120179e+00 4.2707799e+00 4.4888210e+00 4.5721640e+00 4.7207618e+00 4.8731475e+00 5.0222085e+00 5.2622265e+00 5.0094352e+00 4.8751206e+00 5.8039397e+00 5.5804172e+00 5.3753068e+00 5.5412274e+00 5.2332963e+00 5.5872812e+00 5.6852595e+00 5.5911255e+00 5.7616409e+00 6.1079306e+00 5.5647276e+00 5.7113439e+00 5.8337495e+00 5.9453333e+00 6.0234284e+00 6.0615918e+00 6.0971555e+00 6.1127353e+00 6.1284942e+00 6.2703484e+00 6.4278234e+00 6.3035160e+00
0.0000000e+00 9.8414445e-04 9.9768643e-04 9.9840572e-04 8.7566960e-04 9.4370051e-04 9.5088269e-04 9.2596853e-04 9.5244941e-04 8.8447829e-04 9.9464618e-04 1.0751015e+00 2.5732259e+00 2.8551476e+00 3.6581573e+00 3.9888752e+00 4.2959591e+00 4.2639299e+00 4.3619779e+00 4.4710910e+00 4.5251201e+00 4.6078196e+00 4.8854463e+00 5.0731452e+00 5.1655186e+00 5.1847738e+00 4.8947620e+00 4.5645454e+00 4.7935612e+00 5.6294481e+00 5.6326637e+00 5.5912109e+00 5.4029266e+00 5.5160635e+00 5.6570991e+00 5.8078366e+00 6.0779435e+00 6.3808174e+00 6.2880925e+00 6.1998371e+00 6.1242248e+00 6.1036919e+00 6.1413360e+00 6.3413543e+00 6.4150142e+00 6.3507159e+00 6.2042864e+00 6.2915191e+00 6.4602501e+00 6.4668047e+00
0.0000000e+00 0.0000000e+00 9.9923744e-04 9.9696092e-04 9.9885047e-04 8.8373325e-04 1.0729770e+00 7.3974946e-01 4.6434360e-01 1.3463657e+00 2.2268493e+00 2.9103510e+00 3.2230671e+00 3.0892041e+00 3.4404248e+00 3.9988419e+00 4.4014245e+00 4.5271947e+00 4.5174803e+00 4.5730788e+00 4.6615443e+00 4.8858620e+00 5.1896564e+00 5.3176216e+00 5.4061009e+00 5.2807657e+00 5.1403337e+00 4.8279335e+00 4.9077564e+00 5.5581272e+00 5.7589409e+00 5.9044070e+00 5.8842051e+00 5.6509918e+00 5.7289443e+00 5.9354967e+00 6.1303175e+00 6.3037527e+00 6.4126894e+00 6.3351424e+00 6.4245788e+00 6.5072430e+00 6.2002881e+00 6.3002798e+00 6.6337832e+00 6.4404459e+00 6.3614964e+00 6.2348578e+00 6.3753928e+00 6.4562105e+00
8.5498958e-04 9.1721595e-04 9.2332278e-04 9.4214684e-04 9.3630583e-04 9.4001738e-04 2.6397676e+00 2.7069545e+00 2.5585962e+00 2.5373711e+00 2.7507543e+00 3.0253571e+00 3.3281833e+00 3.4128000e+00 3.6818351e+00 4.0604223e+00 4.2621076e+00 4.8078228e+00 4.8311569e+00 4.8952816e+00 5.0634028e+00 5.2742411e+00 5.4912307e+00 5.3105788e+00 5.4850771e+00 5.5619010e+00 5.6340515e+00 5.4616618e+00 5.3414771e+00 5.8265272e+00 5.8184816e+00 5.6673311e+00 5.7287232e+00 5.7592989e+00 5.9871910e+00 5.8371480e+00 5.9149598e+00 6.0493099e+00 6.0968288e+00 5.7239236e+00 5.8904802e+00 5.9427057e+00 5.6508639e+00 5.8286952e+00 6.3020070e+00 5.7122505e+00 5.3454362e+00 5.1043610e+00 5.7279777e+00 6.3277110e+00
