presentation/data/depth_0000.asc
ncols     164
nrows     146
xllcorner -1.242151388888889e+02
yllcorner  4.172986111111111e+01
cellsize  2.777777777820000e-04
nodata_value       -9999
[rows 88 to 109 of 146, columns 100 to 149 of 164]
5.7105734e+00 4.7195247e+00 3.7221613e+00 4.1449848e+00 3.8649443e+00 3.1512807e+00 2.9156276e+00 2.8158075e+00 3.0836206e+00 4.5237093e+00 4.8904542e+00 3.9337430e+00 2.4496473e+00 1.9585487e+00 0.0000000e+00 0.0000000e+00 2.3361039e+00 3.4455392e+00 1.1678069e+00 0.0000000e+00 0.0000000e+00 0.0000000e+00 0.0000000e+00 0.0000000e+00 0.0000000e+00 0.0000000e+00 0.0000000e+00 0.0000000e+00 0.0000000e+00 0.0000000e+00 0.0000000e+00 0.0000000e+00 0.0000000e+00 0.0000000e+00 0.0000000e+00 0.0000000e+00 0.0000000e+00 0.0000000e+00 0.0000000e+00 0.0000000e+00 0.0000000e+00 0.0000000e+00 0.0000000e+00 0.0000000e+00 0.0000000e+00 0.0000000e+00 0.0000000e+00 0.0000000e+00 0.0000000e+00 0.0000000e+00
5.7748327e+00 5.4758755e+00 4.3968035e+00 4.0980126e+00 3.9315367e+00 3.7074700e+00 3.6334364e+00 4.3550449e+00 4.1126398e+00 4.1696986e+00 3.6392437e+00 3.7621422e+00 4.2035598e+00 4.4543394e+00 3.5940556e+00 2.9438472e+00 3.0666384e+00 3.6237175e+00 3.8942930e+00 2.5441983e+00 9.3057936e-01 0.0000000e+00 0.0000000e+00 0.0000000e+00 0.0000000e+00 0.0000000e+00 0.0000000e+00 0.0000000e+00 0.0000000e+00 0.0000000e+00 0.0000000e+00 0.0000000e+00 0.0000000e+00 0.0000000e+00 0.0000000e+00 0.0000000e+00 0.0000000e+00 0.0000000e+00 0.0000000e+00 0.0000000e+00 0.0000000e+00 0.0000000e+00 0.0000000e+00 0.0000000e+00 0.0000000e+00 0.0000000e+00 0.0000000e+00 0.0000000e+00 0.0000000e+00 0.0000000e+00
5.1980780e+00 5.1882211e+00 4.9470783e+00 4.7757273e+00 4.7124249e+00 5.0770863e+00 5.3814375e+00 5.0806247e+00 3.1570319e+00 2.7236582e+00 2.4650998e+00 2.7538316e+00 5.1250171e+00 5.5365982e+00 5.0829218e+00 4.8934502e+00 4.3316067e+00 4.0502707e+00 4.0200405e+00 3.8607912e+00 3.7480513e+00 3.2224134e+00 1.1223619e+00 0.0000000e+00 0.0000000e+00 0.0000000e+00 0.0000000e+00 0.0000000e+00 0.0000000e+00 0.0000000e+00 0.0000000e+00 0.0000000e+00 0.0000000e+00 0.0000000e+00 0.0000000e+00 0.0000000e+00 0.0000000e+00 0.0000000e+00 0.0000000e+00 0.0000000e+00 0.0000000e+00 0.0000000e+00 0.0000000e+00 0.0000000e+00 0.0000000e+00 0.0000000e+00 0.0000000e+00 0.0000000e+00 0.0000000e+00 0.0000000e+00
5.6139182e+00 5.7344632e+00 5.5855624e+00 5.5020223e+00 5.7238765e+00 5.3650067e+00 5.3824656e+00 5.8155961e+00 3.8477358e+00 3.0149917e+00 3.5076291e+00 2.5200408e+00 2.1993472e+00 4.3764186e+00 5.5407629e+00 5.2042363e+00 4.7496386e+00 4.6630870e+00 4.4085180e+00 4.0502496e+00 4.0624795e+00 3.8116137e+00 3.0939594e+00 2.9151645e+00 1.3632912e+00 0.0000000e+00 0.0000000e+00 0.0000000e+00 0.0000000e+00 0.0000000e+00 0.0000000e+00 0.0000000e+00 0.0000000e+00 0.0000000e+00 0.0000000e+00 0.0000000e+00 0.0000000e+00 0.0000000e+00 0.0000000e+00 0.0000000e+00 0.0000000e+00 0.0000000e+00 0.0000000e+00 0.0000000e+00 0.0000000e+00 0.0000000e+00 0.0000000e+00 0.0000000e+00 0.0000000e+00 0.0000000e+00
5.6111753e+00 5.6687621e+00 5.7096539e+00 5.9473162e+00 5.7261169e+00 5.3120176e+00 5.1215611e+00 5.1931309e+00 5.2896667e+00 4.3148935e+00 3.4660963e+00 4.1155302e+00 3.2965170e+00 4.7914616e+00 5.4687917e+00 5.2861049e+00 4.9718214e+00 4.9598269e+00 4.1734742e+00 4.0018024e+00 4.0814306e+00 3.4595423e+00 3.3250937e+00 3.7055257e+00 2.3007171e+00 0.0000000e+00 0.0000000e+00 0.0000000e+00 0.0000000e+00 0.0000000e+00 0.0000000e+00 0.0000000e+00 0.0000000e+00 0.0000000e+00 0.0000000e+00 0.0000000e+00 0.0000000e+00 0.0000000e+00 0.0000000e+00 0.0000000e+00 0.0000000e+00 0.0000000e+00 0.0000000e+00 0.0000000e+00 0.0000000e+00 0.0000000e+00 0.0000000e+00 0.0000000e+00 0.0000000e+00 0.0000000e+00
5.1091447e+00 5.1729081e+00 5.3312009e+00 5.6220468e+00 5.7705535e+00 5.1543150e+00 4.7557738e+00 5.1400822e+00 5.5653296e+00 6.0722021e+00 5.3202016e+00 5.6205696e+00 6.2963162e+00 6.2815602e+00 6.0303886e+00 5.5610266e+00 4.9033706e+00 4.4427417e+00 4.2650318e+00 4.0649777e+00 3.9725667e+00 2.4984429e+00 7.6368703e-02 1.3093577e+00 0.0000000e+00 0.0000000e+00 0.0000000e+00 0.0000000e+00 0.0000000e+00 0.0000000e+00 0.0000000e+00 0.0000000e+00 0.0000000e+00 0.0000000e+00 0.0000000e+00 0.0000000e+00 0.0000000e+00 0.0000000e+00 0.0000000e+00 0.0000000e+00 0.0000000e+00 0.0000000e+00 0.0000000e+00 0.0000000e+00 0.0000000e+00 0.0000000e+00 0.0000000e+00 0.0000000e+00 0.0000000e+00 0.0000000e+00
4.5600202e+00 4.8067906e+00 5.0565489e+00 5.3814499e+00 5.7680606e+00 6.0321963e+00 3.3479312e-01 2.4277921e+00 4.4820296e+00 6.5395925e+00 6.5029727e+00 6.2708423e+00 6.3484052e+00 6.4755095e+00 6.2418897e+00 5.9439917e+00 5.2178235e+00 4.6573854e+00 4.4989103e+00 4.3019972e+00 3.7415592e+00 3.1521521e+00 1.7834112e+00 0.0000000e+00 0.0000000e+00 0.0000000e+00 0.0000000e+00 1.0822006e+00 1.2483857e+00 6.1873656e-01 5.4581217e-01 2.1566800e-01 7.3094667e-02 9.5888043e-02 0.0000000e+00 0.0000000e+00 0.0000000e+00 0.0000000e+00 0.0000000e+00 0.0000000e+00 0.0000000e+00 0.0000000e+00 0.0000000e+00 0.0000000e+00 0.0000000e+00 0.0000000e+00 0.0000000e+00 0.0000000e+00 0.0000000e+00 0.0000000e+00
4.2191368e+00 4.5138451e+00 4.8291564e+00 5.1656532e+00 5.5640596e+00 6.1003316e+00 5.9554025e+00 5.0246304e+00 4.4308495e+00 5.8820234e+00 6.8486676e+00 6.9862058e+00 6.7952325e+00 6.5504622e+00 6.3369032e+00 6.1338213e+00 5.9044114e+00 5.5576121e+00 5.0494316e+00 4.4121519e+00 4.1590342e+00 2.2037211e+00 0.0000000e+00 0.0000000e+00 0.0000000e+00 0.0000000e+00 8.5968624e-01 3.1741422e+00 2.9389981e+00 2.6117605e+00 2.6257379e+00 2.5683446e+00 2.5075582e+00 2.5867871e+00 2.5359096e+00 2.4688508e+00 2.2683963e+00 2.3080460e+00 2.3068669e+00 1.9485245e+00 1.1613396e+00 7.6960905e-01 7.2581644e-01 8.1394328e-01 6.7163667e-01 6.5961019e-01 7.0480358e-01 8.0914741e-01 5.8974678e-01 2.0089536e-01
2.3500697e+00 2.9089653e+00 4.1221862e+00 5.0190316e+00 5.3516141e+00 5.8524840e+00 6.0819161e+00 5.8927170e+00 5.0388173e+00 4.4915221e+00 5.9336846e+00 6.7265123e+00 7.0405447e+00 6.6830497e+00 6.5064686e+00 6.4372624e+00 6.1582794e+00 5.8193315e+00 5.4997820e+00 4.5941295e+00 2.7623073e+00 0.0000000e+00 0.0000000e+00 0.0000000e+00 0.0000000e+00 1.6108529e+00 2.9260294e+00 3.1204302e+00 3.0825918e+00 3.0268365e+00 3.1689873e+00 3.1989226e+00 3.0777309e+00 3.0519185e+00 3.1722282e+00 3.1733032e+00 3.2124894e+00 3.2066095e+00 3.2737275e+00 3.1724815e+00 2.9743704e+00 2.8174372e+00 2.8369360e+00 2.8475900e+00 2.8143953e+00 2.8119482e+00 2.8330998e+00 2.8322511e+00 2.7588328e+00 2.5973226e+00
0.0000000e+00 0.0000000e+00 0.0000000e+00 3.7370757e+00 5.0664424e+00 5.7599912e+00 6.0764327e+00 6.1645268e+00 6.0179705e+00 5.0086232e+00 5.1504356e+00 6.0877787e+00 6.5023611e+00 6.5090794e+00 6.5017098e+00 6.4635174e+00 6.0102184e+00 5.3459740e+00 5.0161677e+00 3.6515812e+00 8.8659485e-03 0.0000000e+00 0.0000000e+00 0.0000000e+00 1.5890792e+00 3.4463559e+00 3.5143404e+00 3.5820213e+00 3.4983769e+00 3.4085910e+00 3.4379423e+00 3.4288447e+00 3.2930743e+00 3.2568788e+00 3.3491417e+00 3.4076981e+00 3.4379334e+00 3.4480244e+00 3.5483107e+00 3.5206424e+00 3.4716326e+00 3.3953545e+00 3.3448825e+00 3.2908224e+00 3.2666025e+00 3.2619789e+00 3.2669729e+00 3.2558027e+00 3.2328673e+00 3.1570083e+00
5.0893530e+00 4.0696418e+00 1.6320623e-01 0.0000000e+00 3.0016792e+00 5.4543316e+00 6.2474238e+00 6.3049366e+00 6.2841403e+00 5.8408560e+00 5.0533856e+00 5.2061530e+00 6.3842208e+00 6.5226654e+00 6.3528920e+00 6.2146341e+00 5.8363453e+00 5.1650906e+00 3.9863378e+00 3.5210405e-01 0.0000000e+00 0.0000000e+00 0.0000000e+00 1.3047116e+00 3.1146492e+00 3.3815571e+00 3.7890491e+00 4.0064404e+00 3.9131075e+00 3.9042866e+00 3.8663161e+00 3.6776873e+00 3.4961433e+00 3.4968011e+00 3.6753426e+00 3.7557246e+00 3.7561670e+00 3.8209382e+00 4.0144148e+00 3.8740527e+00 3.7278427e+00 3.5799889e+00 3.4675115e+00 3.3511922e+00 3.3024606e+00 3.3187649e+00 3.3548955e+00 3.3496581e+00 3.3289387e+00 3.2648750e+00
6.0110721e+00 5.8468427e+00 4.8953631e+00 5.4521362e-01 3.0140681e-02 4.3874015e+00 6.1915133e+00 6.2310070e+00 5.8972965e+00 5.4378802e+00 5.0197589e+00 5.4507612e+00 7.3410869e+00 6.9155323e+00 6.2812501e+00 6.0531070e+00 5.6702863e+00 3.9595283e+00 7.3367714e-01 0.0000000e+00 0.0000000e+00 0.0000000e+00 1.1181544e+00 3.3115502e+00 3.2587324e+00 3.3026102e+00 3.7364728e+00 3.9099457e+00 4.1124614e+00 4.3319540e+00 4.3061576e+00 4.0820875e+00 3.8123179e+00 3.7800410e+00 4.0220902e+00 4.1626673e+00 4.2419641e+00 4.2493732e+00 4.3339039e+00 4.1747533e+00 3.9648606e+00 3.8278128e+00 3.6567720e+00 3.4797879e+00 3.3859675e+00 3.4137631e+00 3.4854564e+00 3.5326804e+00 3.5249023e+00 3.4691990e+00
6.4572019e+00 6.2074451e+00 5.7568187e+00 4.5840719e+00 7.2389016e-03 1.7021568e-01 5.2529108e+00 6.0704256e+00 5.5497308e+00 5.3331209e+00 5.1166179e+00 6.1155491e+00 7.1770872e+00 6.8835943e+00 6.3123864e+00 6.0381689e+00 4.9874192e+00 7.1409018e-01 0.0000000e+00 0.0000000e+00 0.0000000e+00 8.3452404e-01 3.0974907e+00 3.4394271e+00 3.4064545e+00 3.4609605e+00 3.6624645e+00 3.9081286e+00 4.5066706e+00 4.5906562e+00 4.5050292e+00 4.3464168e+00 4.1558287e+00 4.0914349e+00 4.2099211e+00 4.3937286e+00 4.6015762e+00 4.4999637e+00 4.3980342e+00 4.3216018e+00 4.1867079e+00 4.0671278e+00 3.8302363e+00 3.7013873e+00 3.5310820e+00 3.4981822e+00 3.6313046e+00 3.7036073e+00 3.7028366e+00 3.6393651e+00
6.6174611e+00 6.4490572e+00 6.1600179e+00 5.6987385e+00 4.3820819e+00 0.0000000e+00 1.2199499e-01 3.4036520e+00 5.8589838e+00 5.1779848e+00 4.7659855e+00 5.2831117e+00 6.4987348e+00 6.5201962e+00 5.8406640e+00 5.4491933e+00 1.3111227e+00 0.0000000e+00 0.0000000e+00 0.0000000e+00 1.7915406e-01 2.9342633e+00 3.4820076e+00 3.4639801e+00 3.4235540e+00 3.4928996e+00 3.8915850e+00 4.2910355e+00 4.4724351e+00 4.6435208e+00 4.7254255e+00 4.5133290e+00 4.5587912e+00 4.4761443e+00 4.4532281e+00 4.5134869e+00 4.6205590e+00 4.6134686e+00 4.5711263e+00 4.7307211e+00 4.5518121e+00 4.3560826e+00 4.1583850e+00 3.9583692e+00 3.8001022e+00 3.8156474e+00 3.9159875e+00 3.9374742e+00 3.9749038e+00 3.9006390e+00
6.7281005e+00 6.6308547e+00 6.4546094e+00 6.1208781e+00 5.5071007e+00 3.0867570e+00 0.0000000e+00 0.0000000e+00 2.3296701e+00 3.4883083e+00 4.4911224e+00 4.5500092e+00 4.6341282e+00 5.2765595e+00 4.3332766e+00 1.2018856e+00 0.0000000e+00 0.0000000e+00 0.0000000e+00 5.4180193e-02 2.5291177e+00 3.0663782e+00 3.4289269e+00 3.7505748e+00 3.8304117e+00 4.0062022e+00 4.4055766e+00 4.6102397e+00 4.5433073e+00 4.8936144e+00 4.9741187e+00 4.7129736e+00 4.6476746e+00 4.7774679e+00 4.9393816e+00 5.0496162e+00 4.9469474e+00 4.7737554e+00 4.9318462e+00 5.4969556e+00 5.1053166e+00 4.8210984e+00 4.4275124e+00 4.3278173e+00 4.3426540e+00 4.4093619e+00 4.4035090e+00 4.3286016e+00 4.2833236e+00 4.2218679e+00
6.8561627e+00 6.7504223e+00 6.6071058e+00 6.3823525e+00 5.9777674e+00 5.3405479e+00 2.8422905e+00 0.0000000e+00 0.0000000e+00 0.0000000e+00 0.0000000e+00 2.1316868e+00 4.1836904e+00 4.3884814e+00 1.8664460e+00 1.6732110e+00 4.3751802e-01 0.0000000e+00 1.0227770e-01 2.5432484e+00 2.9253183e+00 3.1648147e+00 3.6837184e+00 4.0504024e+00 4.3388183e+00 4.4650262e+00 4.7396499e+00 4.8105376e+00 4.9978708e+00 5.3516672e+00 5.5464401e+00 5.1683813e+00 4.8061151e+00 5.3043605e+00 5.5367842e+00 5.6476103e+00 5.4306925e+00 5.2706243e+00 5.3461475e+00 5.4615624e+00 5.3139026e+00 5.1188887e+00 4.8888949e+00 4.8261710e+00 4.9119515e+00 4.9839480e+00 4.8526273e+00 4.6863492e+00 4.5763178e+00 4.4904427e+00
6.9328626e+00 6.8608429e+00 6.7343805e+00 6.5717284e+00 6.3572252e+00 5.9976503e+00 5.1142569e+00 1.5888623e+00 0.0000000e+00 0.0000000e+00 0.0000000e+00 0.0000000e+00 3.1639734e+00 1.3006445e+00 0.0000000e+00 7.8073746e-01 0.0000000e+00 0.0000000e+00 2.5232952e+00 3.2162843e+00 3.4461769e+00 3.8422266e+00 4.3174892e+00 4.5796277e+00 4.6368618e+00 4.7692757e+00 4.9450747e+00 4.9784379e+00 5.1657199e+00 5.7629289e+00 5.6997565e+00 5.4325935e+00 5.3699183e+00 5.6826909e+00 5.7831492e+00 5.6514450e+00 5.5803984e+00 5.6885986e+00 5.8615632e+00 5.7511490e+00 5.5966873e+00 5.4985097e+00 5.4270080e+00 5.3413914e+00 5.3508505e+00 5.3291724e+00 5.1803131e+00 5.0187700e+00 4.8365367e+00 4.7138153e+00
7.0809488e+00 6.9295349e+00 6.8667096e+00 6.7174042e+00 6.5373730e+00 6.0840358e+00 5.2853890e+00 2.6143381e+00 3.3503983e-01 0.0000000e+00 0.0000000e+00 0.0000000e+00 0.0000000e+00 0.0000000e+00 0.0000000e+00 0.0000000e+00 0.0000000e+00 2.3258818e+00 2.8902021e+00 3.4400615e+00 4.0710728e+00 4.4662287e+00 4.7487977e+00 4.7480016e+00 4.7431806e+00 5.0867274e+00 5.3347966e+00 5.2400083e+00 5.0754216e+00 5.6546430e+00 5.7887918e+00 5.7449938e+00 5.9011244e+00 5.8809683e+00 5.4249982e+00 4.9702578e+00 5.2723582e+00 5.6445751e+00 5.9424683e+00 5.9194514e+00 5.8618799e+00 5.8253669e+00 5.8844602e+00 5.8165544e+00 5.7569840e+00 5.6830410e+00 5.5663898e+00 5.3730171e+00 5.2470628e+00 5.0370397e+00
7.1664566e+00 7.1208007e+00 6.9582577e+00 6.8678631e+00 6.6972463e+00 6.5321406e+00 5.6337598e+00 3.4739180e+00 1.9283945e+00 0.0000000e+00 0.0000000e+00 0.0000000e+00 0.0000000e+00 0.0000000e+00 0.0000000e+00 0.0000000e+00 2.4712005e+00 2.8660214e+00 2.8547699e+00 3.3006884e+00 4.0321390e+00 4.6815787e+00 5.0252540e+00 5.1064512e+00 5.0918639e+00 5.3484587e+00 5.8579160e+00 5.6985362e+00 5.6808610e+00 6.0510140e+00 6.1715862e+00 6.1902378e+00 6.2019554e+00 5.9867843e+00 5.1383544e+00 4.2720597e+00 4.7995531e+00 5.4401526e+00 5.9251391e+00 6.1149456e+00 6.1149311e+00 6.0000754e+00 6.1305206e+00 6.1629318e+00 6.1401502e+00 6.0859829e+00 6.0087426e+00 5.8712395e+00 5.6849986e+00 5.4536284e+00
7.2221094e+00 7.2272421e+00 7.1855120e+00 6.9538022e+00 6.8367328e+00 6.7919907e+00 4.5477680e+00 2.0773631e+00 0.0000000e+00 0.0000000e+00 0.0000000e+00 0.0000000e+00 0.0000000e+00 0.0000000e+00 0.0000000e+00 1.5703654e+00 2.6688673e+00 2.4393603e+00 1.5648919e+00 0.0000000e+00 4.0613275e-02 3.8328683e+00 5.1135047e+00 5.4808870e+00 5.5470496e+00 5.3942035e+00 5.6994728e+00 5.8377030e+00 6.1200573e+00 6.4514221e+00 6.3533910e+00 6.1842880e+00 6.2185634e+00 6.1973284e+00 5.5211485e+00 4.8050406e+00 5.0014629e+00 5.4681200e+00 5.9933013e+00 6.2855132e+00 6.5066101e+00 6.3691661e+00 6.4479873e+00 6.5035811e+00 6.4977011e+00 6.5025686e+00 6.5613319e+00 6.3001035e+00 6.0422900e+00 5.8811799e+00
7.2443543e+00 7.2761114e+00 7.3114338e+00 7.2652692e+00 7.0885964e+00 6.6492038e+00 0.0000000e+00 0.0000000e+00 0.0000000e+00 0.0000000e+00 0.0000000e+00 0.0000000e+00 0.0000000e+00 0.0000000e+00 0.0000000e+00 0.0000000e+00 1.2931459e-02 0.0000000e+00 0.0000000e+00 0.0000000e+00 1.2196576e+00 4.1497297e+00 5.3411529e+00 5.8914830e+00 5.8156806e+00 5.6689375e+00 5.6844219e+00 5.7614663e+00 6.2069481e+00 6.4084772e+00 6.0765218e+00 5.3964541e+00 5.7242617e+00 6.0129587e+00 5.7636540e+00 5.4748782e+00 5.4761337e+00 5.6823343e+00 6.0517004e+00 6.3494796e+00 6.5871542e+00 6.6341213e+00 6.7096868e+00 6.8215676e+00 6.8318622e+00 6.8329274e+00 6.8369462e+00 6.6150583e+00 6.4276483e+00 6.2863793e+00
7.3073549e+00 7.2886411e+00 7.3603304e+00 7.3898503e+00 7.4065749e+00 7.1107690e+00 1.7019666e+00 0.0000000e+00 0.0000000e+00 0.0000000e+00 0.0000000e+00 0.0000000e+00 0.0000000e+00 0.0000000e+00 0.0000000e+00 2.0229490e+00 3.0179795e+00 2.5690149e+00 2.3320933e+00 3.5923914e+00 4.8160377e+00 5.3405766e+00 5.7063567e+00 5.9299782e+00 5.8145205e+00 5.8489305e+00 5.7741082e+00 5.7728730e+00 6.0666244e+00 6.2571624e+00 5.7867000e+00 4.5391977e+00 5.1366999e+00 5.8684454e+00 6.0214074e+00 5.9823611e+00 5.9067452e+00 5.9107290e+00 6.1608800e+00 6.4270856e+00 6.6193309e+00 6.7456981e+00 6.8732863e+00 7.0515263e+00 7.0646742e+00 7.0306116e+00 6.9925450e+00 6.8441132e+00 6.7015217e+00 6.6470247e+00
