presentation/data/depth_0016.asc
ncols     164
nrows     146
xllcorner -1.242151388888889e+02
yllcorner  4.172986111111111e+01
cellsize  2.777777777820000e-04
nodata_value       -9999
[rows 44 to 65 of 146, columns 50 to 99 of 164]
0.0000000e+00 0.0000000e+00 0.0000000e+00 0.0000000e+00 0.0000000e+00 0.0000000e+00 0.0000000e+00 0.0000000e+00 0.0000000e+00 0.0000000e+00 0.0000000e+00 0.0000000e+00 0.0000000e+00 0.0000000e+00 0.0000000e+00 0.0000000e+00 0.0000000e+00 3.5066819e-01 4.3988623e-01 4.5462517e-01 4.9422965e-01 5.2653292e-01 5.5865197e-01 5.8969855e-01 6.1779244e-01 6.4838484e-01 6.8751834e-01 7.2075295e-01 7.5021256e-01 7.7533555e-01 7.9324411e-01 7.9393760e-01 6.9860768e-01 6.1325180e-01 6.2299592e-01 6.2961645e-01 6.8167523e-01 7.2453883e-01 8.3305376e-01 1.1171501e+00 1.2708492e+00 1.3049203e+00 1.3198710e+00 1.3245143e+00 1.3272957e+00 1.3201010e+00 1.3037376e+00 1.1148660e+00 1.0023632e+00 9.7291315e-01
0.0000000e+00 0.0000000e+00 0.0000000e+00 0.0000000e+00 0.0000000e+00 0.0000000e+00 0.0000000e+00 0.0000000e+00 0.0000000e+00 0.0000000e+00 0.0000000e+00 0.0000000e+00 0.0000000e+00 0.0000000e+00 0.0000000e+00 0.0000000e+00 0.0000000e+00 0.0000000e+00 4.4533193e-01 4.8918451e-01 5.1038548e-01 5.3664467e-01 5.6115028e-01 5.8674982e-01 6.2006624e-01 6.5896969e-01 7.0632043e-01 7.5788290e-01 8.0393468e-01 8.3284203e-01 8.3898344e-01 7.4971886e-01 6.2065263e-01 5.8339369e-01 5.8374202e-01 5.9429581e-01 6.0323699e-01 6.3663670e-01 7.7434701e-01 1.2490260e+00 1.3165439e+00 1.3348559e+00 1.3445866e+00 1.3504193e+00 1.3424811e+00 1.2586172e+00 1.1289705e+00 1.0341287e+00 1.0224331e+00 1.0073823e+00
0.0000000e+00 0.0000000e+00 0.0000000e+00 0.0000000e+00 0.0000000e+00 0.0000000e+00 0.0000000e+00 0.0000000e+00 0.0000000e+00 0.0000000e+00 0.0000000e+00 0.0000000e+00 0.0000000e+00 0.0000000e+00 0.0000000e+00 0.0000000e+00 0.0000000e+00 0.0000000e+00 0.0000000e+00 0.0000000e+00 4.4791686e-01 5.7312605e-01 5.7374704e-01 5.8386506e-01 6.1590241e-01 6.6853825e-01 7.3317545e-01 8.0251403e-01 8.4813710e-01 8.5789268e-01 8.1124635e-01 6.9919280e-01 6.7557061e-01 6.8960970e-01 7.0566151e-01 7.1381149e-01 7.4586007e-01 8.7925542e-01 1.1566327e+00 1.3310940e+00 1.3666435e+00 1.3755099e+00 1.3819227e+00 1.3850513e+00 1.3771202e+00 1.2785951e+00 1.0847825e+00 1.0672152e+00 1.0541646e+00 1.0504194e+00
0.0000000e+00 0.0000000e+00 0.0000000e+00 0.0000000e+00 0.0000000e+00 0.0000000e+00 0.0000000e+00 0.0000000e+00 0.0000000e+00 0.0000000e+00 0.0000000e+00 0.0000000e+00 0.0000000e+00 0.0000000e+00 0.0000000e+00 0.0000000e+00 0.0000000e+00 0.0000000e+00 0.0000000e+00 0.0000000e+00 0.0000000e+00 0.0000000e+00 5.2068285e-01 5.8847209e-01 6.1324389e-01 6.6111775e-01 6.6613467e-01 6.5084527e-01 6.6102253e-01 6.8252886e-01 7.2032062e-01 7.7377277e-01 8.2042963e-01 8.5381498e-01 8.9049296e-01 9.3603584e-01 9.8342052e-01 1.1565110e+00 1.2509099e+00 1.3679909e+00 1.3718354e+00 1.3030424e+00 1.2665077e+00 1.1895065e+00 1.1786569e+00 1.1212788e+00 1.1106297e+00 1.0952214e+00 1.0784099e+00 1.0979748e+00
0.0000000e+00 0.0000000e+00 0.0000000e+00 0.0000000e+00 0.0000000e+00 0.0000000e+00 0.0000000e+00 0.0000000e+00 0.0000000e+00 0.0000000e+00 0.0000000e+00 0.0000000e+00 0.0000000e+00 0.0000000e+00 0.0000000e+00 0.0000000e+00 0.0000000e+00 0.0000000e+00 0.0000000e+00 0.0000000e+00 0.0000000e+00 0.0000000e+00 0.0000000e+00 1.4589016e-01 2.4596911e-01 3.6093385e-01 4.3220892e-01 5.2612274e-01 6.8206601e-01 8.1006291e-01 9.2583313e-01 1.0324102e+00 1.0332833e+00 1.0108846e+00 1.0671205e+00 1.1270514e+00 1.1494197e+00 1.1333781e+00 1.1149698e+00 1.1357371e+00 1.1542009e+00 1.1214957e+00 1.1121271e+00 1.1141136e+00 1.1182225e+00 1.1390320e+00 1.1558731e+00 1.2978213e+00 1.2958478e+00 1.2804255e+00
0.0000000e+00 0.0000000e+00 0.0000000e+00 0.0000000e+00 0.0000000e+00 0.0000000e+00 0.0000000e+00 0.0000000e+00 0.0000000e+00 0.0000000e+00 0.0000000e+00 0.0000000e+00 0.0000000e+00 0.0000000e+00 0.0000000e+00 0.0000000e+00 0.0000000e+00 0.0000000e+00 0.0000000e+00 0.0000000e+00 0.0000000e+00 0.0000000e+00 0.0000000e+00 0.0000000e+00 1.0774054e-01 3.2380316e-01 4.7115488e-01 6.5665417e-01 8.5147187e-01 1.0634561e+00 1.2333795e+00 1.2820018e+00 1.2826947e+00 1.2584303e+00 1.2544730e+00 1.2568698e+00 1.2557581e+00 1.2416744e+00 1.2224529e+00 1.2038056e+00 1.1954547e+00 1.1872297e+00 1.1837395e+00 1.1819183e+00 1.1754255e+00 1.1942259e+00 1.5688626e+00 2.1500606e+00 2.2091728e+00 2.1428741e+00
0.0000000e+00 0.0000000e+00 0.0000000e+00 0.0000000e+00 0.0000000e+00 0.0000000e+00 0.0000000e+00 0.0000000e+00 0.0000000e+00 0.0000000e+00 0.0000000e+00 0.0000000e+00 0.0000000e+00 0.0000000e+00 0.0000000e+00 0.0000000e+00 0.0000000e+00 0.0000000e+00 0.0000000e+00 0.0000000e+00 0.0000000e+00 0.0000000e+00 0.0000000e+00 0.0000000e+00 1.6977757e-01 3.9776925e-01 6.4233195e-01 9.3062821e-01 1.2106869e+00 1.3476930e+00 1.3653738e+00 1.3708160e+00 1.3631645e+00 1.3557820e+00 1.3399383e+00 1.3203045e+00 1.3034000e+00 1.2877242e+00 1.2745788e+00 1.2642362e+00 1.2665167e+00 1.2458933e+00 1.2411732e+00 1.2968803e+00 1.5251374e+00 1.8951460e+00 2.2639131e+00 2.3164086e+00 2.2375384e+00 1.8972969e+00
0.0000000e+00 0.0000000e+00 0.0000000e+00 0.0000000e+00 0.0000000e+00 0.0000000e+00 0.0000000e+00 0.0000000e+00 0.0000000e+00 0.0000000e+00 0.0000000e+00 0.0000000e+00 0.0000000e+00 0.0000000e+00 0.0000000e+00 0.0000000e+00 0.0000000e+00 0.0000000e+00 0.0000000e+00 0.0000000e+00 0.0000000e+00 0.0000000e+00 0.0000000e+00 1.1877972e-01 3.8794141e-01 6.5772662e-01 9.8587232e-01 1.3007496e+00 1.4175867e+00 1.4189653e+00 1.4110548e+00 1.4037175e+00 1.3921468e+00 1.3805824e+00 1.3659900e+00 1.3511267e+00 1.3322156e+00 1.3157042e+00 1.3019015e+00 1.2971474e+00 1.5908642e+00 1.9585384e+00 2.0196659e+00 2.2298463e+00 2.3109050e+00 2.2330298e+00 2.0219029e+00 1.7633941e+00 1.4012238e+00 1.2031077e+00
0.0000000e+00 0.0000000e+00 0.0000000e+00 0.0000000e+00 0.0000000e+00 0.0000000e+00 0.0000000e+00 0.0000000e+00 0.0000000e+00 0.0000000e+00 0.0000000e+00 0.0000000e+00 0.0000000e+00 0.0000000e+00 0.0000000e+00 0.0000000e+00 0.0000000e+00 0.0000000e+00 0.0000000e+00 0.0000000e+00 0.0000000e+00 0.0000000e+00 3.5570469e-02 7.0074479e-01 1.0477894e+00 1.2187009e+00 1.3638797e+00 1.4783798e+00 1.4749505e+00 1.4637114e+00 1.4485445e+00 1.4352132e+00 1.4243579e+00 1.4102305e+00 1.3947023e+00 1.3828902e+00 1.3592676e+00 1.3361206e+00 1.3099436e+00 1.2847261e+00 1.5782566e+00 2.1228503e+00 2.1394613e+00 1.8774411e+00 1.5741378e+00 1.3427334e+00 1.2339495e+00 1.1884610e+00 1.2002891e+00 1.2069872e+00
0.0000000e+00 0.0000000e+00 0.0000000e+00 0.0000000e+00 0.0000000e+00 0.0000000e+00 0.0000000e+00 0.0000000e+00 0.0000000e+00 0.0000000e+00 0.0000000e+00 0.0000000e+00 0.0000000e+00 0.0000000e+00 0.0000000e+00 0.0000000e+00 0.0000000e+00 0.0000000e+00 0.0000000e+00 0.0000000e+00 0.0000000e+00 0.0000000e+00 5.2797191e-01 1.2461498e+00 1.5310674e+00 1.5480004e+00 1.5412564e+00 1.5204249e+00 1.5049751e+00 1.4930856e+00 1.4816866e+00 1.4710531e+00 1.4697897e+00 1.4573790e+00 1.4284467e+00 1.4101549e+00 1.3931729e+00 1.3694289e+00 1.3437012e+00 1.2962388e+00 1.2165256e+00 1.2523431e+00 1.2737505e+00 1.2363178e+00 1.2283298e+00 1.2362328e+00 1.2421948e+00 1.2428834e+00 1.2560751e+00 1.2666873e+00
0.0000000e+00 0.0000000e+00 0.0000000e+00 0.0000000e+00 0.0000000e+00 0.0000000e+00 0.0000000e+00 0.0000000e+00 0.0000000e+00 0.0000000e+00 0.0000000e+00 0.0000000e+00 0.0000000e+00 0.0000000e+00 0.0000000e+00 0.0000000e+00 0.0000000e+00 0.0000000e+00 0.0000000e+00 0.0000000e+00 0.0000000e+00 1.3903902e-01 8.7739040e-01 1.4028752e+00 1.5719933e+00 1.5632713e+00 1.5554865e+00 1.5404309e+00 1.5329307e+00 1.5311197e+00 1.5635014e+00 1.6320343e+00 1.7051353e+00 1.7354822e+00 1.6164601e+00 1.5451225e+00 1.5164016e+00 1.4305491e+00 1.2893035e+00 1.2448706e+00 1.2490503e+00 1.2579520e+00 1.2863394e+00 1.2904549e+00 1.2981888e+00 1.3075829e+00 1.3146063e+00 1.3166285e+00 1.3183472e+00 1.3220159e+00
0.0000000e+00 0.0000000e+00 0.0000000e+00 0.0000000e+00 0.0000000e+00 0.0000000e+00 0.0000000e+00 0.0000000e+00 0.0000000e+00 0.0000000e+00 0.0000000e+00 0.0000000e+00 0.0000000e+00 0.0000000e+00 0.0000000e+00 0.0000000e+00 0.0000000e+00 0.0000000e+00 0.0000000e+00 0.0000000e+00 0.0000000e+00 3.9480282e-01 9.5838915e-01 1.3438947e+00 1.5619733e+00 1.5740461e+00 1.5693740e+00 1.5876628e+00 1.6416477e+00 1.7308192e+00 1.8351924e+00 1.9347560e+00 1.9959438e+00 2.0450804e+00 1.8879507e+00 1.7285768e+00 1.6323190e+00 1.4996404e+00 1.3644411e+00 1.4867230e+00 1.5936122e+00 1.6159908e+00 1.5133609e+00 1.4228657e+00 1.3777010e+00 1.3680278e+00 1.3710551e+00 1.3707891e+00 1.3683324e+00 1.3721576e+00
0.0000000e+00 0.0000000e+00 0.0000000e+00 0.0000000e+00 0.0000000e+00 0.0000000e+00 0.0000000e+00 0.0000000e+00 0.0000000e+00 0.0000000e+00 0.0000000e+00 0.0000000e+00 0.0000000e+00 0.0000000e+00 0.0000000e+00 0.0000000e+00 0.0000000e+00 0.0000000e+00 0.0000000e+00 0.0000000e+00 9.7537669e-04 4.7646745e-01 9.3080111e-01 1.2412151e+00 1.4619757e+00 1.5975127e+00 1.7088387e+00 1.8366723e+00 2.0203567e+00 2.0957683e+00 2.1249146e+00 2.2092999e+00 2.2698354e+00 2.2912707e+00 2.1445986e+00 2.0915612e+00 1.9304469e+00 1.7758819e+00 1.9752373e+00 2.3679313e+00 2.6366627e+00 2.5955407e+00 2.4224706e+00 2.1168721e+00 1.7885540e+00 1.5619646e+00 1.4854716e+00 1.4498202e+00 1.4312119e+00 1.4191040e+00
0.0000000e+00 0.0000000e+00 0.0000000e+00 0.0000000e+00 0.0000000e+00 0.0000000e+00 0.0000000e+00 0.0000000e+00 0.0000000e+00 0.0000000e+00 0.0000000e+00 0.0000000e+00 0.0000000e+00 0.0000000e+00 0.0000000e+00 0.0000000e+00 0.0000000e+00 0.0000000e+00 0.0000000e+00 0.0000000e+00 5.4488343e-02 4.4626283e-01 7.8343566e-01 1.1242394e+00 1.4375142e+00 1.7106024e+00 1.9337211e+00 2.1361502e+00 2.3962302e+00 2.5398995e+00 2.5856529e+00 2.4762777e+00 2.4764031e+00 2.5254083e+00 2.4684815e+00 2.4433883e+00 2.3111822e+00 2.3623342e+00 2.7217314e+00 2.8481409e+00 2.6544240e+00 2.6818709e+00 2.8350650e+00 2.8910489e+00 2.6812846e+00 2.4001473e+00 2.1691667e+00 1.9763338e+00 1.8636275e+00 1.8149960e+00
0.0000000e+00 0.0000000e+00 0.0000000e+00 0.0000000e+00 0.0000000e+00 0.0000000e+00 0.0000000e+00 0.0000000e+00 0.0000000e+00 0.0000000e+00 0.0000000e+00 0.0000000e+00 0.0000000e+00 0.0000000e+00 0.0000000e+00 0.0000000e+00 0.0000000e+00 0.0000000e+00 0.0000000e+00 0.0000000e+00 1.4367076e-01 4.7519486e-01 8.2732901e-01 1.2131933e+00 1.5663616e+00 1.8783065e+00 2.1445499e+00 2.4521834e+00 2.8085841e+00 2.9409997e+00 3.0032587e+00 3.0856199e+00 2.9673126e+00 2.9204414e+00 2.8968017e+00 2.7597884e+00 2.6497389e+00 2.8356087e+00 2.8244331e+00 2.3419091e+00 1.8719240e+00 1.7980440e+00 2.0026738e+00 2.3736163e+00 2.6782595e+00 2.8030664e+00 2.8366884e+00 2.7946716e+00 2.7504553e+00 2.7072117e+00
0.0000000e+00 0.0000000e+00 0.0000000e+00 0.0000000e+00 0.0000000e+00 0.0000000e+00 0.0000000e+00 0.0000000e+00 0.0000000e+00 0.0000000e+00 0.0000000e+00 0.0000000e+00 0.0000000e+00 0.0000000e+00 0.0000000e+00 0.0000000e+00 0.0000000e+00 0.0000000e+00 0.0000000e+00 9.7451818e-04 1.6598054e-01 5.0908219e-01 8.8218622e-01 1.2461666e+00 1.6049482e+00 1.9170216e+00 2.2292552e+00 2.6064949e+00 2.9690670e+00 3.1587253e+00 3.3604115e+00 3.4951017e+00 3.5807621e+00 3.4377155e+00 3.2515637e+00 3.2584787e+00 2.9033093e+00 2.9399208e+00 2.4543893e+00 1.8638073e+00 1.6568168e+00 1.6175794e+00 1.5826148e+00 1.6525031e+00 1.7724238e+00 1.9490337e+00 2.1411074e+00 2.2851649e+00 2.3571204e+00 2.3804181e+00
0.0000000e+00 0.0000000e+00 0.0000000e+00 0.0000000e+00 0.0000000e+00 0.0000000e+00 0.0000000e+00 0.0000000e+00 0.0000000e+00 0.0000000e+00 0.0000000e+00 0.0000000e+00 0.0000000e+00 0.0000000e+00 0.0000000e+00 0.0000000e+00 0.0000000e+00 0.0000000e+00 0.0000000e+00 1.0094005e-03 1.8568819e-01 5.5839168e-01 9.9298830e-01 1.3934474e+00 1.7690261e+00 2.1254986e+00 2.4831946e+00 2.9516123e+00 3.4305355e+00 3.5863696e+00 3.6378948e+00 3.6453068e+00 3.6470030e+00 3.6449188e+00 3.6221847e+00 3.3143186e+00 2.9810232e+00 2.9615008e+00 2.4753583e+00 1.8605119e+00 1.7410901e+00 1.7048730e+00 1.6461643e+00 1.6083281e+00 1.5771995e+00 1.5602961e+00 1.5776844e+00 1.5777831e+00 1.6530775e+00 1.6945732e+00
0.0000000e+00 0.0000000e+00 0.0000000e+00 0.0000000e+00 0.0000000e+00 0.0000000e+00 0.0000000e+00 0.0000000e+00 0.0000000e+00 0.0000000e+00 0.0000000e+00 0.0000000e+00 0.0000000e+00 0.0000000e+00 0.0000000e+00 0.0000000e+00 0.0000000e+00 0.0000000e+00 1.7565184e-03 1.2065302e-01 3.3306956e-01 7.0820163e-01 1.1559756e+00 1.6198821e+00 2.0125552e+00 2.4300527e+00 2.9223860e+00 3.4230469e+00 3.6240401e+00 3.6396492e+00 3.6430897e+00 3.6453639e+00 3.6458880e+00 3.6450050e+00 3.5931666e+00 3.2424948e+00 3.0898425e+00 2.9116850e+00 2.4315112e+00 1.9088689e+00 1.7596890e+00 1.7327838e+00 1.6616476e+00 1.6167156e+00 1.5683049e+00 1.5591038e+00 1.5537640e+00 1.5751940e+00 1.5659122e+00 1.5646403e+00
0.0000000e+00 0.0000000e+00 0.0000000e+00 0.0000000e+00 0.0000000e+00 0.0000000e+00 0.0000000e+00 0.0000000e+00 0.0000000e+00 0.0000000e+00 0.0000000e+00 0.0000000e+00 0.0000000e+00 0.0000000e+00 0.0000000e+00 0.0000000e+00 2.1702180e-03 1.3111679e-03 9.1461987e-02 3.2780480e-01 5.4717608e-01 9.3356885e-01 1.3484017e+00 1.7707341e+00 2.2826850e+00 2.8980174e+00 3.4092854e+00 3.6218289e+00 3.6333432e+00 3.6372287e+00 3.6422836e+00 3.6438983e+00 3.6461591e+00 3.6459598e+00 3.6163134e+00 3.4910715e+00 3.2970312e+00 2.8815297e+00 2.3175325e+00 1.9342667e+00 1.7552718e+00 1.6660702e+00 1.5986805e+00 1.5366094e+00 1.5046153e+00 1.4994309e+00 1.4706288e+00 1.4656550e+00 1.4625564e+00 1.4776180e+00
0.0000000e+00 0.0000000e+00 0.0000000e+00 0.0000000e+00 0.0000000e+00 0.0000000e+00 0.0000000e+00 0.0000000e+00 0.0000000e+00 0.0000000e+00 0.0000000e+00 0.0000000e+00 0.0000000e+00 0.0000000e+00 0.0000000e+00 0.0000000e+00 1.7261872e-03 1.2791438e-01 3.0954332e-01 4.6434424e-01 6.9285539e-01 1.0820341e+00 1.5578193e+00 2.0162362e+00 2.4311832e+00 3.1505563e+00 3.6246146e+00 3.6328387e+00 3.6360475e+00 3.6408923e+00 3.6463854e+00 3.6528108e+00 3.6507294e+00 3.6335989e+00 3.6349053e+00 3.5945927e+00 3.2231579e+00 2.6597640e+00 2.2274088e+00 1.8824733e+00 1.6949770e+00 1.5966324e+00 1.5343564e+00 1.5191920e+00 1.5097358e+00 1.4938227e+00 1.4802484e+00 1.4665847e+00 1.4545619e+00 1.4475420e+00
0.0000000e+00 0.0000000e+00 0.0000000e+00 0.0000000e+00 0.0000000e+00 0.0000000e+00 0.0000000e+00 0.0000000e+00 0.0000000e+00 0.0000000e+00 0.0000000e+00 0.0000000e+00 0.0000000e+00 0.0000000e+00 0.0000000e+00 9.9200924e-04 1.2456300e-01 3.3763483e-01 3.8971204e-01 4.7531671e-01 6.4715287e-01 1.0937438e+00 1.7207049e+00 2.2532423e+00 2.6642987e+00 3.0649394e+00 3.3760579e+00 3.5788163e+00 3.6364453e+00 3.6202896e+00 3.6296348e+00 3.4677313e+00 3.2478173e+00 4.3507953e+00 3.7644078e+00 3.4554716e+00 2.9998048e+00 2.5589949e+00 2.1729412e+00 1.8063391e+00 1.6382539e+00 1.5744105e+00 1.5669520e+00 1.5658085e+00 1.5671585e+00 1.5599543e+00 1.5547983e+00 1.5493549e+00 1.5448875e+00 1.5428202e+00
0.0000000e+00 0.0000000e+00 0.0000000e+00 0.0000000e+00 0.0000000e+00 0.0000000e+00 0.0000000e+00 0.0000000e+00 0.0000000e+00 0.0000000e+00 0.0000000e+00 0.0000000e+00 0.0000000e+00 0.0000000e+00 0.0000000e+00 3.0876788e-03 1.5421918e-01 3.3434222e-01 3.9468213e-01 4.7992519e-01 6.3986499e-01 1.1329008e+00 1.8435990e+00 2.3784615e+00 2.6545367e+00 2.7244726e+00 2.7150775e+00 3.0013557e+00 3.0762174e+00 2.8249679e+00 2.7630160e+00 3.0316076e+00 5.1604451e+00 5.5289905e+00 3.0537403e+00 3.1766435e+00 2.8666152e+00 2.5274854e+00 2.1615334e+00 1.8341281e+00 1.6866359e+00 1.6710477e+00 1.6722268e+00 1.6716340e+00 1.6726677e+00 1.6700210e+00 1.6705587e+00 1.6741235e+00 1.6789290e+00 1.6821824e+00
