presentation/data/depth_0037.asc
ncols     164
nrows     146
xllcorner -1.242151388888889e+02
yllcorner  4.172986111111111e+01
cellsize  2.777777777820000e-04
nodata_value       -9999
[rows 110 to 131 of 146, columns 100 to 149 of 164]
4.6081519e+00 4.5777727e+00 4.5853235e+00 4.5453220e+00 4.4196117e+00 4.3858920e+00 9.6472598e-01 8.3236993e-04 9.9699203e-04 9.8991520e-04 9.8141325e-04 8.2336237e-04 9.2006414e-04 9.9979126e-04 1.0329000e-03 1.0283613e-03 4.8243881e-03 9.9822013e-04 9.2985583e-04 7.2532832e-01 1.6579855e+00 1.8987530e+00 2.0862185e+00 2.0088581e+00 1.3523602e+00 1.4579088e+00 1.4450267e+00 1.7888528e+00 1.9130876e+00 2.1684560e+00 2.0347647e+00 1.3491129e+00 1.3992781e+00 2.2211489e+00 2.8880074e+00 3.0538681e+00 3.0343121e+00 2.6904845e+00 2.7164161e+00 3.1521949e+00 3.4176572e+00 3.4899515e+00 3.5829108e+00 3.8550954e+00 4.0831540e+00 4.3243764e+00 4.5186350e+00 4.4995783e+00 4.4681054e+00 4.3579026e+00
4.6565350e+00 4.6794527e+00 4.6177351e+00 4.5261985e+00 4.3447230e+00 4.3304749e+00 3.9444643e+00 2.0524145e+00 6.3118275e-01 2.4645129e-01 8.9827062e-04 9.4973244e-04 9.7529448e-04 4.3036643e-02 3.8042747e-02 4.3905940e-02 3.8177116e-02 4.4178375e-02 9.5776108e-04 8.3388909e-01 1.6281726e+00 1.8196833e+00 2.1921379e+00 2.3023493e+00 1.7263266e+00 1.3633608e+00 9.6885432e-01 1.4004743e+00 1.9685742e+00 2.3396909e+00 2.4896035e+00 2.3047359e+00 1.9788226e+00 2.1349817e+00 3.2226106e+00 3.5663035e+00 3.4257420e+00 3.0630485e+00 2.6637936e+00 2.9335596e+00 3.5617749e+00 3.6938353e+00 3.6368426e+00 3.7544253e+00 3.9650594e+00 4.2334809e+00 4.5932338e+00 4.6752789e+00 4.5969400e+00 4.5522497e+00
4.7198157e+00 4.7645110e+00 4.7594065e+00 4.6524961e+00 4.5333338e+00 4.3051085e+00 4.2429968e+00 4.5320261e+00 4.3141357e+00 3.0874018e+00 2.1169774e+00 2.0944135e+00 2.2761564e+00 1.8249335e+00 6.5236886e-01 1.9344683e-01 1.5818811e-01 2.6510035e-01 4.6413539e-01 1.4066011e+00 1.8071413e+00 1.4448535e+00 1.6207756e+00 2.0776012e+00 2.0795341e+00 2.0846921e+00 1.2572156e+00 1.1142620e+00 1.9608636e+00 2.6141322e+00 3.1512841e+00 3.4001637e+00 2.8401919e+00 2.2153274e+00 3.1110877e+00 3.7370791e+00 3.7600589e+00 3.4189294e+00 2.8804478e+00 2.6982072e+00 3.3343676e+00 3.6516933e+00 3.7302462e+00 3.7492078e+00 3.8499207e+00 4.0453786e+00 4.4189292e+00 4.6644962e+00 4.7171275e+00 4.7767789e+00
4.8629338e+00 4.9035676e+00 4.9049048e+00 4.8555144e+00 4.7811799e+00 4.6653382e+00 4.5296229e+00 4.4572623e+00 4.1919625e+00 3.5280510e+00 3.9527806e+00 3.8765125e+00 3.6836072e+00 3.0529505e+00 1.9586924e+00 1.4663841e+00 1.4417905e+00 1.6847075e+00 2.2815766e+00 2.8118979e+00 2.7613404e+00 2.2398480e+00 1.7807348e+00 1.9710827e+00 2.4351896e+00 2.9466681e+00 2.3518337e+00 2.3255087e+00 2.3432958e+00 2.5238567e+00 3.3329659e+00 4.2490969e+00 3.4980207e+00 2.9200715e+00 3.5512704e+00 4.0942391e+00 4.1993497e+00 3.7827629e+00 3.2719352e+00 3.0396664e+00 3.1773173e+00 3.4125376e+00 3.7090587e+00 3.7722254e+00 3.8546171e+00 4.0349790e+00 4.3380769e+00 4.6265953e+00 4.8068625e+00 4.9292949e+00
5.0453727e+00 5.1033159e+00 5.1037203e+00 5.1147011e+00 5.0894350e+00 4.9955395e+00 4.8694475e+00 4.7305882e+00 4.5319275e+00 4.4220642e+00 5.0343177e+00 4.6430880e+00 4.6056435e+00 4.3621272e+00 3.7480166e+00 3.2932468e+00 3.1789629e+00 3.1476984e+00 3.6610336e+00 3.9581029e+00 3.8590302e+00 3.1831461e+00 2.2796279e+00 2.3390304e+00 3.0177671e+00 3.3869050e+00 3.2902468e+00 3.2469547e+00 3.2716502e+00 3.0707655e+00 2.7596573e+00 3.6169597e+00 3.5283515e+00 3.4555903e+00 4.0298109e+00 4.6293151e+00 4.9087502e+00 4.3156616e+00 3.5727250e+00 3.3957864e+00 3.3499448e+00 3.2682268e+00 3.6116609e+00 3.8420939e+00 3.9536254e+00 4.1425117e+00 4.3303030e+00 4.6241904e+00 4.8343069e+00 4.9559371e+00
5.2986033e+00 5.3498241e+00 5.3588275e+00 5.3574438e+00 5.3557237e+00 5.2890270e+00 5.2250562e+00 5.0885487e+00 4.9213927e+00 4.8740806e+00 4.8361949e+00 5.0884734e+00 5.8205787e+00 5.6755109e+00 5.3380524e+00 5.0135814e+00 4.4455720e+00 4.3363917e+00 5.0046795e+00 5.1782362e+00 4.9131213e+00 4.1492319e+00 3.3371076e+00 3.2431212e+00 3.7031119e+00 4.0076163e+00 4.0328411e+00 4.0668267e+00 4.0993412e+00 3.6791651e+00 3.1415494e+00 3.1614279e+00 3.3663629e+00 3.7300563e+00 4.3229437e+00 5.0109777e+00 5.4316936e+00 4.8018866e+00 3.9829663e+00 3.8545929e+00 3.7595374e+00 3.5259896e+00 3.6282358e+00 3.8925553e+00 4.1171422e+00 4.3296343e+00 4.4292248e+00 4.6427381e+00 4.8283338e+00 4.9720513e+00
5.5449906e+00 5.5043590e+00 5.5584204e+00 5.6707145e+00 5.6861321e+00 5.7222296e+00 5.5517362e+00 5.4507785e+00 5.2489249e+00 5.3270453e+00 5.4069289e+00 6.0688323e+00 6.9094390e+00 6.5957836e+00 6.2438214e+00 5.6417805e+00 4.6044123e+00 4.6010018e+00 5.9509910e+00 5.9608419e+00 5.4168626e+00 4.7755507e+00 4.1918826e+00 4.1106296e+00 4.3645117e+00 4.5584193e+00 4.9026327e+00 4.4992151e+00 4.4149288e+00 4.0100771e+00 3.4987153e+00 3.1533340e+00 3.0842532e+00 3.6574385e+00 4.3248502e+00 4.9180108e+00 5.2367119e+00 4.8597768e+00 4.2200238e+00 4.1025800e+00 4.2092413e+00 4.0399250e+00 3.7991979e+00 3.8615253e+00 4.2837547e+00 4.6362061e+00 4.5282037e+00 4.5676584e+00 4.7094543e+00 4.9419250e+00
5.5791783e+00 5.7331294e+00 5.7792010e+00 5.8721083e+00 5.9739306e+00 5.9520520e+00 5.8762943e+00 5.6699847e+00 5.4345607e+00 5.7029089e+00 6.1472408e+00 6.3771199e+00 6.1345612e+00 6.0680848e+00 5.9491175e+00 5.6349828e+00 4.5153549e+00 3.3259778e+00 5.5522029e+00 5.9099614e+00 5.6194146e+00 5.2834082e+00 5.0955716e+00 5.1417341e+00 5.3271967e+00 5.4983853e+00 5.5524947e+00 5.0413961e+00 4.8455727e+00 4.4289725e+00 3.8352353e+00 3.2524434e+00 3.0819205e+00 3.3269577e+00 4.2820536e+00 4.6150186e+00 4.8017081e+00 4.6274948e+00 4.2724549e+00 3.9570236e+00 4.2230255e+00 4.2838978e+00 4.2541393e+00 4.1060611e+00 4.4074776e+00 4.7437717e+00 4.6349028e+00 4.5477272e+00 4.6079936e+00 4.8837705e+00
5.9004339e+00 6.0526673e+00 6.1334384e+00 6.1045000e+00 6.1227439e+00 6.2568364e+00 6.1611395e+00 5.8195298e+00 6.0273171e+00 6.7105316e+00 6.9561812e+00 7.0389548e+00 6.4509062e+00 6.2160558e+00 5.3684687e+00 6.0746065e+00 6.1016494e+00 4.7921677e+00 4.9875016e+00 5.2355796e+00 5.3602617e+00 5.4703386e+00 5.6574424e+00 5.9252719e+00 5.9455716e+00 5.9879186e+00 5.8816420e+00 5.6243250e+00 5.3251173e+00 4.7841426e+00 4.1494029e+00 3.4295919e+00 3.1868270e+00 3.4293607e+00 4.2012058e+00 4.3794069e+00 4.4972880e+00 4.4537719e+00 4.2969712e+00 4.0647686e+00 4.2236839e+00 4.4160285e+00 4.6366079e+00 4.4768983e+00 4.5437946e+00 4.6999629e+00 4.6384190e+00 4.5108915e+00 4.5279626e+00 4.7954021e+00
6.2428589e+00 5.8845165e+00 6.2838603e+00 6.8131760e+00 7.0517027e+00 6.6741955e+00 6.4665133e+00 5.8395470e+00 5.7799763e+00 7.2188670e+00 7.0523699e+00 6.9471250e+00 7.2180096e+00 7.5570695e+00 6.9192137e+00 7.1608496e+00 6.8767956e+00 5.8091877e+00 4.0405463e+00 4.2681383e+00 5.0192953e+00 5.4950219e+00 5.9322316e+00 6.3683614e+00 6.2919920e+00 6.2305230e+00 6.1600560e+00 6.0112738e+00 5.7889690e+00 5.1662923e+00 4.4112424e+00 3.8610221e+00 3.6000374e+00 3.9819231e+00 4.4760947e+00 4.4308396e+00 4.3884545e+00 4.3670960e+00 4.2816104e+00 4.1176632e+00 4.2054203e+00 4.3511884e+00 4.5963709e+00 4.6018662e+00 4.6111294e+00 4.6418698e+00 4.5997376e+00 4.4822430e+00 4.5009078e+00 4.7020105e+00
6.3574781e+00 6.4302846e+00 6.6041897e+00 7.5269218e+00 8.5740805e+00 8.2475460e+00 8.2700964e+00 6.8121459e+00 5.6445706e+00 6.7904843e+00 6.4691189e+00 6.7301933e+00 7.3786971e+00 7.6539229e+00 7.6820441e+00 7.5541018e+00 7.0099922e+00 5.6559124e+00 3.2535266e+00 3.7921571e+00 5.1921205e+00 5.6865241e+00 6.1569549e+00 6.5301916e+00 6.4911909e+00 6.3740155e+00 6.2939006e+00 6.2535542e+00 6.2194975e+00 5.6000445e+00 4.8408180e+00 4.4054150e+00 4.2393470e+00 4.4867428e+00 4.8907433e+00 4.7883122e+00 4.5846922e+00 4.4669934e+00 4.3630331e+00 4.2661791e+00 4.2229787e+00 4.4774296e+00 4.6637787e+00 4.7095565e+00 4.6687423e+00 4.6534912e+00 4.6519803e+00 4.6026573e+00 4.6351301e+00 4.7223748e+00
7.1540203e+00 6.9329319e+00 7.1337230e+00 7.7624943e+00 8.1321723e+00 8.9174981e+00 9.9227226e+00 9.2921334e+00 8.4823170e+00 7.9975462e+00 7.2958739e+00 7.3801089e+00 7.5151136e+00 7.4428352e+00 7.5611689e+00 7.5291343e+00 7.2761215e+00 6.7150897e+00 6.2016358e+00 5.6835054e+00 5.6425725e+00 6.0362428e+00 6.4515211e+00 6.7090476e+00 6.6640016e+00 6.4651006e+00 6.3154474e+00 6.2884830e+00 6.2045762e+00 5.7577838e+00 5.2472910e+00 4.8843711e+00 4.8234433e+00 4.8467469e+00 5.0142070e+00 4.9744292e+00 4.8542764e+00 4.7248822e+00 4.5310513e+00 4.4434758e+00 4.4131793e+00 4.6569400e+00 4.8273953e+00 4.8786650e+00 4.7832876e+00 4.7478630e+00 4.7330831e+00 4.7366198e+00 4.7889469e+00 4.8258838e+00
7.8326412e+00 7.7898849e+00 7.8436454e+00 8.0237911e+00 7.9437322e+00 8.1708424e+00 8.3919899e+00 8.7734239e+00 8.4288694e+00 7.9841889e+00 7.6457123e+00 7.6920431e+00 7.5117498e+00 7.3860698e+00 7.3760078e+00 7.4524574e+00 7.5646424e+00 7.4645494e+00 7.2411453e+00 6.6305055e+00 6.2963782e+00 6.5201457e+00 6.8277803e+00 6.9850318e+00 6.8932911e+00 6.7989240e+00 6.4916873e+00 6.2764990e+00 6.1261406e+00 5.8159367e+00 5.5086060e+00 5.2625845e+00 5.2523201e+00 5.1176860e+00 5.0979057e+00 5.1450374e+00 5.1345907e+00 4.9100765e+00 4.6941809e+00 4.5994075e+00 4.6390710e+00 4.7997739e+00 4.9760467e+00 5.0855962e+00 4.9684385e+00 4.9100001e+00 4.8766942e+00 4.8970243e+00 4.9407639e+00 4.9778044e+00
8.2946863e+00 8.4642082e+00 8.2684190e+00 8.1717706e+00 7.3236441e+00 7.0692036e+00 8.1847475e+00 8.0547517e+00 7.8947520e+00 7.6454527e+00 7.4828491e+00 7.8626418e+00 7.4927324e+00 7.2713439e+00 7.1410023e+00 7.0352226e+00 7.6329275e+00 7.6419324e+00 7.3586479e+00 6.9559675e+00 6.7620687e+00 6.9269137e+00 7.2347990e+00 7.3634205e+00 7.1153628e+00 7.0021055e+00 6.6580611e+00 6.3195854e+00 6.1249178e+00 5.8941191e+00 5.7062705e+00 5.5591743e+00 5.4936407e+00 5.2607024e+00 5.1369943e+00 5.2436479e+00 5.3247742e+00 5.0239098e+00 4.8269290e+00 4.7924042e+00 4.8371475e+00 4.9308279e+00 5.0948267e+00 5.1904032e+00 5.0901415e+00 5.0205418e+00 4.9855442e+00 5.0237978e+00 5.0603903e+00 5.0826960e+00
8.2492210e+00 8.4893232e+00 8.3669490e+00 8.1574905e+00 7.6244380e+00 7.3075820e+00 7.7369744e+00 7.8226740e+00 7.5409589e+00 7.4309387e+00 7.5290388e+00 7.7374664e+00 7.2658443e+00 6.9426162e+00 6.7884948e+00 6.7823208e+00 7.4019727e+00 7.5335805e+00 7.3838533e+00 7.1138326e+00 6.9943615e+00 7.2419707e+00 7.5943537e+00 7.5579482e+00 7.2172183e+00 6.9605167e+00 6.6774169e+00 6.5244379e+00 6.2949381e+00 6.0330134e+00 5.9078839e+00 5.8102084e+00 5.8274608e+00 5.5468651e+00 5.1779771e+00 5.2341042e+00 5.2616068e+00 5.1008541e+00 4.9831667e+00 5.0690871e+00 5.1219643e+00 5.0666745e+00 5.1701115e+00 5.2333231e+00 5.2014993e+00 5.1699882e+00 5.1360408e+00 5.1699715e+00 5.2397709e+00 5.2401708e+00
8.0038977e+00 8.1634947e+00 8.1773167e+00 8.2726045e+00 8.4045333e+00 8.7012067e+00 8.2563811e+00 7.8152249e+00 7.6965961e+00 7.6606272e+00 7.6511409e+00 7.3755480e+00 6.8722894e+00 6.4843744e+00 6.5643236e+00 6.7942803e+00 7.1785840e+00 7.3672474e+00 7.3318458e+00 7.1650738e+00 7.0617011e+00 7.3863229e+00 7.6572550e+00 7.5258239e+00 7.2581352e+00 7.0427038e+00 6.8571301e+00 6.6682622e+00 6.4782333e+00 6.3617320e+00 6.2541565e+00 6.0637479e+00 6.0655594e+00 5.7461183e+00 5.3722683e+00 5.3273327e+00 5.2617199e+00 5.1287719e+00 5.1704349e+00 5.2832700e+00 5.2913047e+00 5.2682916e+00 5.3321299e+00 5.3759039e+00 5.3813762e+00 5.3694003e+00 5.3174935e+00 5.3411511e+00 5.5110590e+00 5.5468205e+00
8.0133944e+00 7.8839019e+00 7.8965635e+00 8.2680906e+00 8.7165767e+00 9.0412837e+00 8.7612628e+00 8.2947566e+00 8.2082851e+00 8.3371010e+00 7.7940649e+00 7.3494843e+00 6.9822006e+00 6.7881843e+00 6.8172376e+00 6.9785703e+00 7.2580627e+00 7.4158188e+00 7.4149559e+00 7.3351439e+00 7.3189236e+00 7.5209061e+00 7.6764612e+00 7.5675032e+00 7.3834041e+00 7.0457154e+00 6.9816904e+00 6.8655591e+00 6.7222271e+00 6.6450433e+00 6.5268920e+00 6.1622436e+00 6.0604930e+00 5.8446364e+00 5.5914650e+00 5.4856360e+00 5.3632573e+00 5.2000480e+00 5.3159988e+00 5.4249320e+00 5.4456914e+00 5.4177711e+00 5.4502943e+00 5.4739021e+00 5.5236584e+00 5.5606481e+00 5.4660706e+00 5.4398618e+00 5.6129904e+00 5.7127497e+00
7.9392756e+00 7.8733090e+00 7.7898969e+00 8.2779865e+00 8.6375583e+00 9.0124207e+00 9.1199312e+00 8.7235733e+00 8.4229348e+00 8.1158491e+00 7.4118857e+00 7.4047003e+00 7.3482013e+00 7.2624934e+00 7.2597292e+00 7.3764652e+00 7.4776751e+00 7.5660789e+00 7.5882375e+00 7.5568379e+00 7.5963321e+00 7.7622374e+00 7.8245959e+00 7.7092114e+00 7.4781530e+00 7.2831818e+00 7.2659052e+00 7.1932656e+00 6.9845941e+00 6.8559647e+00 6.6509578e+00 6.3165207e+00 6.1208843e+00 5.9441561e+00 5.7827171e+00 5.6728743e+00 5.5897374e+00 5.4643628e+00 5.5298411e+00 5.6182824e+00 5.6136543e+00 5.5908499e+00 5.5595763e+00 5.5447920e+00 5.6296702e+00 5.7211502e+00 5.6149496e+00 5.5762447e+00 5.7058588e+00 5.8555556e+00
7.9885197e+00 7.8803945e+00 7.8435036e+00 8.2226775e+00 8.4108177e+00 8.8319305e+00 9.0283213e+00 8.8247527e+00 8.4252023e+00 7.9965814e+00 7.6346072e+00 7.7291979e+00 7.8525809e+00 7.7974851e+00 7.7450431e+00 7.7829031e+00 7.7859678e+00 7.7907788e+00 7.7791906e+00 7.7602376e+00 7.8457517e+00 8.0337369e+00 8.0429542e+00 7.9029398e+00 7.6958695e+00 7.5250671e+00 7.5559482e+00 7.5670259e+00 7.2814804e+00 7.0363872e+00 6.7906979e+00 6.4861932e+00 6.2369609e+00 6.0899167e+00 6.0036714e+00 5.9343597e+00 5.8264041e+00 5.7750246e+00 5.8018505e+00 5.8076443e+00 5.7772729e+00 5.7817603e+00 5.7012617e+00 5.6382129e+00 5.6881093e+00 5.7582069e+00 5.7314125e+00 5.7167546e+00 5.7966507e+00 5.9898473e+00
8.1245650e+00 8.2154983e+00 8.5321434e+00 8.8214236e+00 8.5286552e+00 8.7615185e+00 9.1684321e+00 8.8497602e+00 8.5279491e+00 8.2397245e+00 8.0583463e+00 8.1052722e+00 8.3398566e+00 8.3342651e+00 8.3213627e+00 8.2979584e+00 8.1592644e+00 8.0510132e+00 8.0182859e+00 8.0396274e+00 8.0564348e+00 8.2406551e+00 8.2575414e+00 8.1638232e+00 7.8987387e+00 7.6011700e+00 7.6075261e+00 7.6191977e+00 7.4275586e+00 7.1847709e+00 6.9638810e+00 6.6892716e+00 6.4108184e+00 6.3388316e+00 6.2995167e+00 6.2510975e+00 6.1634675e+00 6.0806037e+00 6.0528926e+00 6.0578977e+00 5.9659276e+00 5.9381128e+00 5.8987931e+00 5.8077119e+00 5.7777399e+00 5.8445266e+00 5.9331052e+00 5.9132680e+00 5.9003309e+00 6.1409097e+00
8.4081687e+00 8.4068206e+00 8.0627424e+00 9.0915550e+00 8.9721471e+00 8.6159207e+00 9.0557877e+00 9.0011678e+00 8.7319839e+00 8.6383158e+00 8.6526948e+00 8.4440347e+00 8.5279594e+00 8.6453629e+00 8.8276985e+00 8.9354954e+00 8.6139580e+00 8.2916319e+00 8.2093357e+00 8.2893101e+00 8.4067535e+00 8.5674944e+00 8.4655529e+00 8.3292116e+00 8.1013790e+00 7.5620037e+00 7.5645780e+00 7.6156033e+00 7.4822873e+00 7.3156344e+00 7.1604177e+00 7.0355838e+00 6.7610667e+00 6.6725859e+00 6.6570275e+00 6.6173855e+00 6.4835532e+00 6.3866783e+00 6.2934886e+00 6.2758388e+00 6.1272916e+00 6.0331044e+00 6.0659663e+00 6.0357205e+00 5.8839569e+00 5.9882534e+00 6.1385282e+00 6.2024933e+00 6.1976088e+00 6.2599914e+00
8.6054479e+00 8.8556690e+00 8.7574376e+00 8.4509788e+00 8.8949042e+00 9.0690630e+00 9.3773579e+00 9.0076672e+00 8.7493003e+00 8.5647946e+00 8.4421716e+00 8.3758429e+00 8.5536864e+00 8.7322193e+00 9.0655918e+00 9.3601721e+00 8.9205441e+00 8.3782592e+00 8.2519639e+00 8.3544821e+00 8.6757598e+00 8.9144751e+00 8.5671932e+00 8.2802080e+00 8.0309526e+00 7.6464340e+00 7.6074628e+00 7.7101218e+00 7.5914070e+00 7.4586669e+00 7.3269105e+00 7.2094390e+00 7.0679874e+00 6.9907097e+00 6.9426290e+00 7.0324648e+00 6.7592798e+00 6.5631525e+00 6.4782205e+00 6.3817834e+00 6.2178110e+00 6.0961242e+00 6.2352370e+00 6.3363525e+00 6.0291896e+00 6.1581311e+00 6.3774554e+00 6.4768328e+00 6.4541358e+00 6.2661992e+00
