presentation/data/depth_0037.asc
ncols     164
nrows     146
xllcorner -1.242151388888889e+02
yllcorner  4.172986111111111e+01
cellsize  2.777777777820000e-04
nodata_value       -9999
[rows 22 to 43 of 146, columns 100 to 149 of 164]
6.3599978e-01 6.2298810e-01 6.1220061e-01 5.0106497e-01 2.8915359e-01 6.9274511e-02 9.9542488e-04 9.9762105e-04 0.0000000e+00 0.0000000e+00 0.0000000e+00 0.0000000e+00 0.0000000e+00 0.0000000e+00 0.0000000e+00 0.0000000e+00 0.0000000e+00 0.0000000e+00 0.0000000e+00 0.0000000e+00 0.0000000e+00 0.0000000e+00 0.0000000e+00 0.0000000e+00 0.0000000e+00 0.0000000e+00 0.0000000e+00 9.8194077e-04 1.2444515e-01 1.9835657e-01 3.6070310e-01 4.7492968e-01 4.9486632e-01 4.8334993e-01 4.1471980e-01 3.8940853e-01 4.3455003e-01 4.9739851e-01 5.2850325e-01 6.4727507e-01 9.0660129e-01 5.9122214e-01 5.1810630e-01 5.1653870e-01 5.1361777e-01 5.1274341e-01 5.1114496e-01 5.1018441e-01 5.0890972e-01 4.1705351e-01
6.4033624e-01 6.2171178e-01 6.2134733e-01 6.1479731e-01 5.5892767e-01 3.6361672e-01 1.0210813e-01 9.8707272e-04 9.9793986e-04 9.9629978e-04 9.7907231e-04 6.0264437e-02 3.3562510e-01 8.2844349e-02 9.7167361e-04 0.0000000e+00 0.0000000e+00 0.0000000e+00 0.0000000e+00 0.0000000e+00 0.0000000e+00 0.0000000e+00 0.0000000e+00 0.0000000e+00 0.0000000e+00 9.7665934e-04 2.1987492e-01 4.2692491e-01 5.2267042e-01 5.2953180e-01 5.6054682e-01 5.6318645e-01 5.6124067e-01 5.5829743e-01 5.5480619e-01 5.4941840e-01 5.4654172e-01 5.4026973e-01 6.1073492e-01 8.9169732e-01 6.3187041e-01 5.2926463e-01 5.2776583e-01 5.2538781e-01 5.2101402e-01 5.2094044e-01 5.2002456e-01 5.1987656e-01 5.2286217e-01 4.9198619e-01
6.4137121e-01 6.1939327e-01 6.1814812e-01 6.1771356e-01 6.1515235e-01 5.5586009e-01 3.4892550e-01 7.9236779e-02 9.9350189e-04 9.4213603e-04 9.6866816e-04 2.6136194e-01 5.3430757e-01 5.4436584e-01 3.7122875e-01 1.7257460e-01 9.7619248e-04 0.0000000e+00 0.0000000e+00 0.0000000e+00 0.0000000e+00 0.0000000e+00 0.0000000e+00 9.8773704e-04 2.7039403e-01 4.6308088e-01 5.4295708e-01 5.6162756e-01 5.6392528e-01 5.6383995e-01 5.6544428e-01 5.6254774e-01 5.6052827e-01 5.5840747e-01 5.5571905e-01 5.5322914e-01 5.4802763e-01 6.1477764e-01 8.9436803e-01 6.8922087e-01 5.3923741e-01 5.3655102e-01 5.3436714e-01 5.3197471e-01 5.3181355e-01 5.2790099e-01 5.2716486e-01 5.2747523e-01 5.2910255e-01 5.2855824e-01
6.4016141e-01 6.1711319e-01 6.1489486e-01 6.1506033e-01 6.1116682e-01 6.0804180e-01 5.4850386e-01 3.3047531e-01 1.0646715e-01 3.0266581e-02 6.0826318e-02 2.7165253e-01 5.1073263e-01 5.6382698e-01 5.6235269e-01 5.6112342e-01 5.5631381e-01 3.1366851e-01 8.9391717e-04 0.0000000e+00 9.4113051e-04 9.4825021e-02 3.7639141e-01 5.0884061e-01 5.5057390e-01 5.5703547e-01 5.5724793e-01 5.6074082e-01 5.6149036e-01 5.6172911e-01 5.6182269e-01 5.6116630e-01 5.6002532e-01 5.5831448e-01 5.5604762e-01 5.5463807e-01 6.1250492e-01 9.2589374e-01 7.0027628e-01 5.4717341e-01 5.4385357e-01 5.4223279e-01 5.3923721e-01 5.3626269e-01 5.3531560e-01 5.3219864e-01 5.3098237e-01 5.3070111e-01 5.2936545e-01 5.3182430e-01
6.3951676e-01 6.1543778e-01 6.1239183e-01 6.1352167e-01 6.0628199e-01 6.0231595e-01 5.9604061e-01 5.5482083e-01 3.9295378e-01 2.4203208e-01 1.7195177e-01 2.3509854e-01 4.2352141e-01 5.4219664e-01 5.6102826e-01 5.6264241e-01 5.6031452e-01 5.5470236e-01 4.8802452e-01 4.4411564e-01 5.0367496e-01 5.4874255e-01 5.5593619e-01 5.5797042e-01 5.5729700e-01 5.5938995e-01 5.5567275e-01 5.6002834e-01 5.6048072e-01 5.6064076e-01 5.6206265e-01 5.6034469e-01 5.5895554e-01 5.5779250e-01 5.6330205e-01 6.8969580e-01 8.7844808e-01 6.5727203e-01 5.5024068e-01 5.7504546e-01 6.2064495e-01 6.2490898e-01 6.1428025e-01 5.7111651e-01 5.4266940e-01 5.3593381e-01 5.3452188e-01 5.3365924e-01 5.3591239e-01 5.3279388e-01
6.4049817e-01 6.1438263e-01 6.1076338e-01 6.0907276e-01 6.0256714e-01 5.9777497e-01 5.9273907e-01 5.8700129e-01 5.6870253e-01 5.1133936e-01 4.0645120e-01 2.9600200e-01 3.5771146e-01 4.8213486e-01 5.5686077e-01 5.6209756e-01 5.6057485e-01 5.5908883e-01 5.5789849e-01 5.5758267e-01 5.5698534e-01 5.5989731e-01 5.5643595e-01 5.5704259e-01 5.5623360e-01 5.5776998e-01 5.5734224e-01 5.5841755e-01 5.5895993e-01 5.5948927e-01 5.6030995e-01 5.5809703e-01 5.6115488e-01 6.5700384e-01 8.6885032e-01 9.0548049e-01 6.7682548e-01 6.2760629e-01 6.3879752e-01 6.3041891e-01 5.7328282e-01 5.5204283e-01 5.6836969e-01 6.2262217e-01 5.9639197e-01 5.3967177e-01 5.3585040e-01 5.3478314e-01 5.3526193e-01 5.3321386e-01
6.3052147e-01 6.1440827e-01 6.1044417e-01 6.0783874e-01 6.0155147e-01 5.9614402e-01 5.9074446e-01 5.8529177e-01 5.8008894e-01 5.7476305e-01 5.6031687e-01 5.2098474e-01 4.8780271e-01 4.9531462e-01 5.5519859e-01 5.6347390e-01 5.6160213e-01 5.5722723e-01 5.5867463e-01 5.5767039e-01 5.5662764e-01 5.5748795e-01 5.5602025e-01 5.5631024e-01 5.5575994e-01 5.5645955e-01 5.5471393e-01 5.5706219e-01 5.5727508e-01 5.5689842e-01 5.5880762e-01 6.0637562e-01 8.1704750e-01 1.0095653e+00 9.3933668e-01 7.1708223e-01 5.7992687e-01 5.7126549e-01 5.6946384e-01 5.5250678e-01 5.4466041e-01 5.4226048e-01 5.4002110e-01 5.4336551e-01 6.0885104e-01 6.1433662e-01 5.4295006e-01 5.3480871e-01 5.3589908e-01 5.3292041e-01
6.4987829e-01 6.1976947e-01 6.1011605e-01 6.0081394e-01 6.0024756e-01 5.9547662e-01 5.9036057e-01 5.8501548e-01 5.7994836e-01 5.7550907e-01 5.7162614e-01 5.6813702e-01 5.6933034e-01 5.6188340e-01 5.6406977e-01 5.6311442e-01 5.6154662e-01 5.6221273e-01 5.5864838e-01 5.5722898e-01 5.5612048e-01 5.5325144e-01 5.5476577e-01 5.5525439e-01 5.5505350e-01 5.5504105e-01 5.5681261e-01 5.5502078e-01 5.5463913e-01 5.7968137e-01 7.5433057e-01 9.7189000e-01 1.0173113e+00 7.5998781e-01 5.7278517e-01 5.4865929e-01 5.5119850e-01 5.4921530e-01 5.4740267e-01 5.4596010e-01 5.4387206e-01 5.4187618e-01 5.3990916e-01 5.3797187e-01 5.4432627e-01 6.0068849e-01 6.2351050e-01 5.4703448e-01 5.3262012e-01 5.3080295e-01
6.2934907e-01 6.4254177e-01 6.2692995e-01 6.1533664e-01 6.0243043e-01 5.9632076e-01 5.9056033e-01 5.8523422e-01 5.8035721e-01 5.7591867e-01 5.7222458e-01 5.6904114e-01 5.6611600e-01 5.6518146e-01 5.6385084e-01 5.6258128e-01 5.6086036e-01 5.6293939e-01 5.5775976e-01 5.5608290e-01 5.5477244e-01 5.5370210e-01 5.5355387e-01 5.5380902e-01 5.5365965e-01 5.5331740e-01 5.5288820e-01 5.5354615e-01 6.3974548e-01 9.4155335e-01 9.9046924e-01 8.7076305e-01 6.3583652e-01 5.5809776e-01 5.5408287e-01 5.5267680e-01 5.5116465e-01 5.4940365e-01 5.4775946e-01 5.4702125e-01 5.4451916e-01 5.4258732e-01 5.4073606e-01 5.3864962e-01 5.4011308e-01 5.3579639e-01 5.7625311e-01 6.3243153e-01 5.6773596e-01 5.2931148e-01
6.1648956e-01 6.1699628e-01 6.2692734e-01 6.4216408e-01 6.3266889e-01 6.2598331e-01 6.1591812e-01 5.9974611e-01 5.8219300e-01 5.7587762e-01 5.7212930e-01 5.6884065e-01 5.6623633e-01 5.6443578e-01 5.6278640e-01 5.6136494e-01 5.5957112e-01 5.5705224e-01 5.5620907e-01 5.5427910e-01 5.5311574e-01 5.5072381e-01 5.5255425e-01 5.5216333e-01 5.5190590e-01 5.5173883e-01 5.5904257e-01 7.2618644e-01 9.2790577e-01 6.9219797e-01 8.3618003e-01 6.9240006e-01 5.5595741e-01 5.5543138e-01 5.5452495e-01 5.5794507e-01 5.5219892e-01 5.5062978e-01 5.4902903e-01 5.4736748e-01 5.4558755e-01 5.4373514e-01 5.4192357e-01 5.3979793e-01 5.3782837e-01 5.3530632e-01 5.3279213e-01 5.4927200e-01 6.1911594e-01 5.9334016e-01
6.1397896e-01 6.1095362e-01 6.0767561e-01 6.0144168e-01 5.9941773e-01 5.9719310e-01 5.9756498e-01 6.1179430e-01 6.1266680e-01 5.8240067e-01 5.7127094e-01 5.6774818e-01 5.6400005e-01 5.6275166e-01 5.6097355e-01 5.5943060e-01 5.5758539e-01 5.5786552e-01 5.5399063e-01 5.5211691e-01 5.5038820e-01 5.4743233e-01 5.5417753e-01 5.5284630e-01 5.5310582e-01 6.4595523e-01 8.3785960e-01 8.6274829e-01 6.1868613e-01 5.7921492e-01 9.6498249e-01 6.3152538e-01 5.5654213e-01 5.5640402e-01 5.5589974e-01 5.5522397e-01 5.5416690e-01 5.5278575e-01 5.5104113e-01 5.5142543e-01 5.4801008e-01 5.4620996e-01 5.4469611e-01 5.4260797e-01 5.4140552e-01 5.3763046e-01 5.3434582e-01 5.3020417e-01 5.3459238e-01 5.7251244e-01
6.1021450e-01 6.0737969e-01 6.0436312e-01 6.0037150e-01 5.9612985e-01 5.9161609e-01 5.8688089e-01 5.8193386e-01 5.9003914e-01 6.0313522e-01 5.6911482e-01 5.6564214e-01 5.6304620e-01 5.6082751e-01 5.5885013e-01 5.5704183e-01 5.5490737e-01 5.5461993e-01 5.5086348e-01 5.4887977e-01 5.6111070e-01 6.8535215e-01 8.7984153e-01 8.6582084e-01 8.7771704e-01 1.0303376e+00 7.3059377e-01 5.6349867e-01 5.5416726e-01 6.8612098e-01 9.0902005e-01 5.7016783e-01 5.5809547e-01 5.5834106e-01 5.5830559e-01 5.5798027e-01 5.5700312e-01 5.5576665e-01 5.5460030e-01 5.5428633e-01 5.5209356e-01 5.5033299e-01 5.4870312e-01 5.4656058e-01 5.4544709e-01 5.4135193e-01 5.3787396e-01 5.3361169e-01 5.3037847e-01 5.2445582e-01
6.0546738e-01 6.0280049e-01 6.0002617e-01 5.9654343e-01 5.9210463e-01 5.8755519e-01 5.8264670e-01 5.7762283e-01 5.7613108e-01 6.0280693e-01 5.6717943e-01 5.6194002e-01 5.5715585e-01 5.5682749e-01 5.5521661e-01 5.5351896e-01 5.5150732e-01 5.4959005e-01 5.4734097e-01 5.5317317e-01 7.6057062e-01 1.3273819e+00 1.7806259e+00 1.7412353e+00 1.1894303e+00 7.2976964e-01 6.9104117e-01 6.5603914e-01 7.6345547e-01 8.9312136e-01 6.3916009e-01 5.5986071e-01 5.6049872e-01 5.6124472e-01 5.6152461e-01 5.6262453e-01 5.6087184e-01 5.6047648e-01 5.5962823e-01 5.5849579e-01 5.5701829e-01 5.5519521e-01 5.5331414e-01 5.5089960e-01 5.4868715e-01 5.4508480e-01 5.4111862e-01 5.3604474e-01 5.3187731e-01 5.2463933e-01
5.9993941e-01 5.9736034e-01 5.9463276e-01 5.8975382e-01 5.8667702e-01 5.8220878e-01 5.7721437e-01 5.7210727e-01 5.7222812e-01 6.0015826e-01 5.6665813e-01 5.5659093e-01 5.5948358e-01 5.5347583e-01 5.5169597e-01 5.4982686e-01 5.4761923e-01 5.4441466e-01 5.6719543e-01 7.2830996e-01 1.1408887e+00 1.8234740e+00 2.0157756e+00 1.8989573e+00 1.2758264e+00 8.6419724e-01 8.0436398e-01 8.8565672e-01 7.3863944e-01 5.9894242e-01 5.5909880e-01 5.6244088e-01 5.6401282e-01 5.6491877e-01 5.6549248e-01 5.6601981e-01 5.6626870e-01 5.6604778e-01 5.6524553e-01 5.6215294e-01 5.6249465e-01 5.6084615e-01 5.5880397e-01 5.5603345e-01 5.5647793e-01 5.4963138e-01 5.4540824e-01 5.3983565e-01 5.3680864e-01 5.2437546e-01
5.9357927e-01 5.9104493e-01 5.8819808e-01 5.8297325e-01 5.8012478e-01 5.7548445e-01 5.7037381e-01 5.6530946e-01 5.5720347e-01 5.9084582e-01 5.6029670e-01 5.5574889e-01 5.5234565e-01 5.4872719e-01 5.4775497e-01 5.4600085e-01 5.4924624e-01 5.5871483e-01 7.3599936e-01 1.2589837e+00 1.7427222e+00 1.8640020e+00 1.9294033e+00 1.5154702e+00 8.3198041e-01 5.5964104e-01 5.5590269e-01 5.5815461e-01 5.5862324e-01 5.6087636e-01 5.6181281e-01 5.6513891e-01 5.6723455e-01 5.6913089e-01 5.7074709e-01 5.7033489e-01 5.7186170e-01 5.7176380e-01 5.7120196e-01 5.7139211e-01 5.6909438e-01 5.6737895e-01 5.6528562e-01 5.6214532e-01 5.5462030e-01 5.5453826e-01 5.4979165e-01 5.4308588e-01 5.3516518e-01 4.2720153e-01
5.8655176e-01 5.8409678e-01 5.8116994e-01 5.7934441e-01 5.7323827e-01 5.6798502e-01 5.6265088e-01 5.5717925e-01 5.9470230e-01 9.8803677e-01 7.0876074e-01 8.2845442e-01 8.3188747e-01 7.0440796e-01 6.0352824e-01 6.2310937e-01 7.8198602e-01 9.9553562e-01 1.2720646e+00 1.7543152e+00 1.6076206e+00 1.7076015e+00 1.6617394e+00 9.4247339e-01 5.8374183e-01 5.5185016e-01 5.5608509e-01 5.5815728e-01 5.6111297e-01 5.6420971e-01 5.6922147e-01 5.7078034e-01 5.7322995e-01 5.7547268e-01 5.7675287e-01 5.7228554e-01 5.7801409e-01 5.7819940e-01 5.7793365e-01 5.7682784e-01 5.7579413e-01 5.7475433e-01 5.7228119e-01 5.6914241e-01 5.6724392e-01 5.4975329e-01 4.7486068e-01 3.6976952e-01 2.8597117e-01 1.1679009e-01
5.7885434e-01 5.7646151e-01 5.7352194e-01 5.6904705e-01 5.6529012e-01 5.5991069e-01 5.5400881e-01 5.4716283e-01 8.0661528e-01 1.3324606e+00 1.2132416e+00 1.6156719e+00 1.6485643e+00 1.4440919e+00 1.2321901e+00 1.2478098e+00 1.5675791e+00 1.7323282e+00 1.6571296e+00 1.4364195e+00 1.3139641e+00 1.7306057e+00 1.3981077e+00 7.4466016e-01 5.5197665e-01 5.5304758e-01 5.5621035e-01 5.6094097e-01 5.6521522e-01 5.6892421e-01 5.7275930e-01 5.7561282e-01 5.7837412e-01 5.8069210e-01 5.8231975e-01 5.7700394e-01 5.8440975e-01 5.8494802e-01 5.8504559e-01 5.8755702e-01 5.8356920e-01 5.8252727e-01 5.8001821e-01 5.7275540e-01 5.0988222e-01 3.1676302e-01 6.3255359e-02 0.0000000e+00 0.0000000e+00 0.0000000e+00
5.7068547e-01 5.6836534e-01 5.6541325e-01 5.6253894e-01 5.5732628e-01 5.5220403e-01 5.4772342e-01 5.8788052e-01 1.1607401e+00 1.5066134e+00 1.7228068e+00 1.4610919e+00 1.2439107e+00 1.4875993e+00 1.6118803e+00 1.6144632e+00 1.4172791e+00 1.0784534e+00 8.5817166e-01 9.2975925e-01 1.3598665e+00 1.7671932e+00 1.1584689e+00 6.4507047e-01 5.4792218e-01 5.3903585e-01 5.4293184e-01 5.6289756e-01 5.6950697e-01 5.7357478e-01 5.8014870e-01 5.8085404e-01 5.8383797e-01 5.8657157e-01 5.8846331e-01 5.9004941e-01 5.9120143e-01 5.9190605e-01 5.9197059e-01 5.9439416e-01 5.9005393e-01 5.9017301e-01 5.4991598e-01 3.7816754e-01 4.4797412e-02 0.0000000e+00 0.0000000e+00 0.0000000e+00 0.0000000e+00 0.0000000e+00
5.6251180e-01 5.6013877e-01 5.5712000e-01 5.5269623e-01 5.4840554e-01 5.4544081e-01 6.0703132e-01 9.2446526e-01 1.5035096e+00 1.7389714e+00 1.3391078e+00 8.3637458e-01 6.2340949e-01 7.1598017e-01 7.8241803e-01 7.9418958e-01 6.8513103e-01 5.8893975e-01 7.2552058e-01 1.1736074e+00 1.7405256e+00 1.4153112e+00 8.1307933e-01 5.4774979e-01 4.9190296e-01 4.2695550e-01 4.1051749e-01 4.9989906e-01 5.6522954e-01 5.7763287e-01 5.8394857e-01 5.8539272e-01 5.8814811e-01 5.9061915e-01 5.9272943e-01 5.9102459e-01 5.9650829e-01 5.9692663e-01 5.9738888e-01 5.9112282e-01 5.4288281e-01 4.4334929e-01 1.4762280e-01 0.0000000e+00 0.0000000e+00 0.0000000e+00 0.0000000e+00 0.0000000e+00 0.0000000e+00 0.0000000e+00
5.5526416e-01 5.5234623e-01 5.4907842e-01 5.4382392e-01 5.4677076e-01 6.6333421e-01 1.0381468e+00 1.3780365e+00 1.5612188e+00 1.2446353e+00 7.6674206e-01 5.5863884e-01 5.3977349e-01 5.3875554e-01 5.3723601e-01 5.3616729e-01 5.3786259e-01 6.8782044e-01 1.1843293e+00 1.7454227e+00 1.4765058e+00 8.8553167e-01 5.7322850e-01 4.4569932e-01 3.6572833e-01 2.9437776e-01 2.5499288e-01 3.2204482e-01 4.6773478e-01 5.7032014e-01 5.8528826e-01 5.8883130e-01 5.8291514e-01 5.5327685e-01 5.2667190e-01 5.3998417e-01 5.4955439e-01 5.3677556e-01 4.5787779e-01 3.0567739e-01 2.6070330e-02 0.0000000e+00 0.0000000e+00 0.0000000e+00 0.0000000e+00 0.0000000e+00 0.0000000e+00 0.0000000e+00 0.0000000e+00 0.0000000e+00
5.4796388e-01 5.4460884e-01 5.4156015e-01 5.5609859e-01 7.0321483e-01 1.0176700e+00 1.3858702e+00 1.6130781e+00 1.4608283e+00 1.0167297e+00 5.4686149e-01 5.3440248e-01 5.3265657e-01 5.3093995e-01 5.2906775e-01 5.2791109e-01 5.6391140e-01 9.2425342e-01 1.6455474e+00 1.4978029e+00 8.6574632e-01 5.7576016e-01 5.2420872e-01 4.2584126e-01 2.7189934e-01 1.7160070e-01 8.8252594e-02 1.0140913e-01 2.4383780e-01 4.6048419e-01 5.6546361e-01 5.9110809e-01 5.2975602e-01 3.2395688e-01 1.5088613e-01 1.0066081e-01 1.0198439e-01 9.2186250e-02 9.7462712e-04 0.0000000e+00 0.0000000e+00 0.0000000e+00 0.0000000e+00 0.0000000e+00 0.0000000e+00 0.0000000e+00 0.0000000e+00 0.0000000e+00 0.0000000e+00 0.0000000e+00
5.3973254e-01 5.3696827e-01 5.5416314e-01 6.6701245e-01 1.1379582e+00 1.5071612e+00 1.5027547e+00 1.3929751e+00 1.1016513e+00 5.9833132e-01 5.2926382e-01 5.2752518e-01 5.2484947e-01 5.2326697e-01 5.2201531e-01 5.2153072e-01 6.8392489e-01 1.2365886e+00 1.7528541e+00 1.1570147e+00 6.2937805e-01 5.2444194e-01 5.0636100e-01 3.8019899e-01 2.2715796e-01 9.5791319e-02 9.4999299e-03 1.0000245e-03 9.7434579e-04 9.9041840e-02 3.1712180e-01 4.6552255e-01 3.9792190e-01 1.3667977e-01 9.3626553e-04 0.0000000e+00 0.0000000e+00 0.0000000e+00 0.0000000e+00 0.0000000e+00 0.0000000e+00 0.0000000e+00 0.0000000e+00 0.0000000e+00 0.0000000e+00 0.0000000e+00 0.0000000e+00 0.0000000e+00 0.0000000e+00 0.0000000e+00
