presentation/data/depth_0041.asc
ncols     164
nrows     146
xllcorner -1.242151388888889e+02
yllcorner  4.172986111111111e+01
cellsize  2.777777777820000e-04
nodata_value       -9999
[rows 66 to 87 of 146, columns 100 to 149 of 164]
2.5187192e-01 2.6956572e-01 2.7408198e-01 2.8944654e-01 3.0094929e-01 3.0725722e-01 3.1964474e-01 3.3429420e-01 3.3884492e-01 3.0249568e-01 2.3852831e-01 1.6772373e-01 7.2156856e-02 1.0186067e-03 2.3077924e-03 3.3442012e-03 2.7696850e-03 2.2353467e-03 2.1065917e-03 2.0286730e-03 1.2769150e-03 1.0006331e-03 3.4485010e-03 6.5890032e-03 5.4159353e-03 4.8660877e-03 2.7389600e-03 2.2424641e-03 1.4797825e-03 1.1255454e-03 1.1547928e-03 1.3464401e-03 1.0555744e-03 9.8276370e-04 9.9973317e-04 9.9935765e-04 9.9769617e-04 9.9912507e-04 9.9928385e-04 9.9966300e-04 9.9919002e-04 9.9987941e-04 9.9886800e-04 9.9878776e-04 9.9855903e-04 9.9988141e-04 9.9979051e-04 9.9843761e-04 9.9957594e-04 9.9986276e-04
8.9746107e-02 1.0207399e-01 7.9908994e-02 1.0540291e-01 1.6555227e-01 2.1218519e-01 2.2839715e-01 2.4574170e-01 2.4981885e-01 2.1623356e-01 1.1325966e-01 9.7757476e-04 2.4973815e-03 6.2598825e-03 5.4563854e-03 2.4929488e-03 1.7755553e-03 1.3555941e-03 9.9976055e-04 9.9649479e-04 9.9912244e-04 2.0589072e-03 6.2113381e-03 1.1181233e-02 2.3029256e-02 3.6412173e-02 4.3109863e-02 5.5035315e-02 8.8020390e-02 9.6151285e-02 7.4581134e-02 5.6278106e-02 5.1085110e-02 6.0165763e-02 3.7884281e-02 9.4581310e-02 5.7967989e-02 8.3292050e-02 1.9779192e-02 9.9854162e-04 9.9948690e-04 9.9960371e-04 9.9973642e-04 9.9993098e-04 9.9966481e-04 9.9910325e-04 9.9926664e-04 9.9891201e-04 9.9890443e-04 9.9915003e-04
8.7535676e-02 9.1750612e-02 8.9952253e-02 1.2600118e-01 1.3073061e-01 1.1093865e-01 8.4858881e-02 6.9172968e-02 7.5956026e-02 4.5632567e-02 9.8406941e-04 2.7101326e-03 3.0486779e-03 3.9042692e-03 5.3431345e-03 7.1334506e-03 7.0165125e-03 4.5134580e-03 4.7120886e-03 1.6015397e-02 4.1203894e-02 1.0542562e-01 1.3330048e-01 1.6234452e-01 1.8390354e-01 2.2658603e-01 2.5861846e-01 2.7396198e-01 3.0988097e-01 2.9935510e-01 2.9767429e-01 2.8325223e-01 2.9857842e-01 2.8581025e-01 2.9558079e-01 2.9817694e-01 2.9710340e-01 3.1848990e-01 2.5706798e-01 1.6396414e-01 1.3341140e-01 6.0088050e-02 2.7013675e-02 9.9969774e-04 9.9997446e-04 9.9964749e-04 9.9787216e-04 9.9888940e-04 9.9892627e-04 9.9995495e-04
1.7652078e-01 9.1680897e-02 7.8135896e-02 1.0516924e-01 1.1319640e-01 8.4281202e-02 7.0755293e-02 5.7135058e-02 4.7454837e-02 2.1082020e-02 9.9881597e-04 2.4559447e-03 5.6170419e-03 8.0163312e-03 1.0286042e-02 1.1008839e-02 9.5827718e-03 3.1840660e-02 1.2649518e-01 2.1510835e-01 2.5285694e-01 3.2210900e-01 3.6342691e-01 3.9282640e-01 4.5056706e-01 4.5648740e-01 5.1178391e-01 5.6259066e-01 6.1096039e-01 6.0945185e-01 6.6007524e-01 6.6019322e-01 6.3818808e-01 6.1141407e-01 5.9018716e-01 5.9763177e-01 5.9192998e-01 5.7900357e-01 5.5514342e-01 4.2950151e-01 3.8654596e-01 2.9026435e-01 1.9863030e-01 9.5673660e-02 4.7535318e-02 2.3847327e-02 9.1442402e-03 9.9997974e-04 9.9945013e-04 9.9958013e-04
7.6022613e-01 4.9978766e-01 2.2494878e-01 1.5357216e-01 1.2762817e-01 9.2007213e-02 9.4142852e-02 6.2481159e-02 9.9530607e-03 9.7563158e-03 2.1388792e-03 3.8025988e-03 5.6794441e-03 7.7900337e-03 1.1631238e-02 1.9854202e-02 1.0430690e-01 2.2183722e-01 3.2391960e-01 4.3951144e-01 5.1538433e-01 5.9282024e-01 6.7104214e-01 7.3220654e-01 7.5750957e-01 7.8369031e-01 8.4639362e-01 9.1404251e-01 9.6423560e-01 1.0011585e+00 9.9813092e-01 1.0147136e+00 1.0058693e+00 9.4539725e-01 9.1105265e-01 9.2493829e-01 9.1630043e-01 9.3836179e-01 8.8033849e-01 7.3830574e-01 6.7737183e-01 6.0490232e-01 4.9770713e-01 3.2819655e-01 2.2023460e-01 1.1781789e-01 8.4097478e-02 6.4022566e-02 3.5008736e-02 9.9939759e-04
9.6603161e-01 8.3786562e-01 6.0763451e-01 2.3173477e-01 8.7038980e-02 6.3977812e-02 6.6168564e-02 6.6165244e-02 6.5922754e-02 5.4537779e-02 1.0061080e-03 3.2327473e-03 4.5294423e-03 9.2714554e-03 1.7768588e-02 6.1456275e-02 1.8252795e-01 3.0543081e-01 4.2270319e-01 5.7164435e-01 7.3740555e-01 8.2863730e-01 9.3336934e-01 9.7768264e-01 9.8712703e-01 1.0509992e+00 1.1235014e+00 1.1869974e+00 1.2328047e+00 1.2594379e+00 1.2633642e+00 1.2926645e+00 1.2767446e+00 1.2305128e+00 1.2506963e+00 1.2941808e+00 1.2728778e+00 1.2607464e+00 1.1655816e+00 1.0681401e+00 9.8982979e-01 8.7930585e-01 7.8005879e-01 6.2658667e-01 5.1377297e-01 3.9979041e-01 2.3669524e-01 1.2917647e-01 1.0394258e-01 9.8399115e-02
1.0477160e+00 1.0125246e+00 9.0457827e-01 6.6987458e-01 3.9149222e-01 2.0407470e-01 1.4965679e-01 4.1366742e-02 3.8149770e-02 6.4570540e-02 6.8967781e-02 2.8699140e-02 1.2732141e-03 8.4678559e-03 4.4324789e-02 1.6128181e-01 2.9471450e-01 4.3660883e-01 5.3097882e-01 5.9545066e-01 7.0987384e-01 8.2347118e-01 9.6371643e-01 1.0605393e+00 1.1184701e+00 1.1768073e+00 1.2507069e+00 1.3045922e+00 1.3660339e+00 1.4179271e+00 1.4812696e+00 1.4569493e+00 1.3817721e+00 1.4953173e+00 1.5803905e+00 1.6197948e+00 1.5996969e+00 1.5144741e+00 1.4160028e+00 1.3279685e+00 1.2153321e+00 1.1242556e+00 1.0135877e+00 8.9593426e-01 7.8641749e-01 6.7791588e-01 5.2339536e-01 3.4310546e-01 2.2991468e-01 1.8387360e-01
1.1347368e+00 1.0985083e+00 1.1813783e+00 1.0283968e+00 7.6212813e-01 3.8480055e-01 1.3728363e-01 1.1959594e-01 7.5949880e-02 6.1342686e-02 1.5787298e-02 2.4745224e-02 1.1110776e+00 5.4006878e-02 2.7957606e-01 3.7197030e-01 4.6397374e-01 5.1907817e-01 5.3409977e-01 4.5796177e-01 4.1368333e-01 4.5276697e-01 6.3664377e-01 8.2258408e-01 9.7122669e-01 9.5030501e-01 9.3411160e-01 1.0036459e+00 1.1433730e+00 1.2655700e+00 1.3667135e+00 1.4798404e+00 1.6099573e+00 1.7337997e+00 1.7898006e+00 1.8060772e+00 1.7960065e+00 1.7132906e+00 1.6195632e+00 1.5355126e+00 1.4304401e+00 1.3311065e+00 1.2378893e+00 1.1248861e+00 1.0265449e+00 8.7676130e-01 7.1258084e-01 5.2494619e-01 3.5771895e-01 1.8862355e-01
2.2066442e+00 1.4667898e+00 1.4007736e+00 1.3790205e+00 9.0356190e-01 3.3870094e-01 7.1684372e-03 9.9609460e-04 4.9908981e-02 2.8108594e-02 1.0442211e+00 3.4525577e+00 3.8685475e+00 2.1688692e+00 1.5081412e-01 3.8628602e-01 5.2390653e-01 5.7586828e-01 3.7083083e-01 1.5096203e-01 9.6074328e-02 1.3083688e-01 2.2697266e-01 3.6487437e-01 4.3615575e-01 4.3318104e-01 4.2422218e-01 4.9705356e-01 6.4225262e-01 7.9221127e-01 1.0284055e+00 1.3879651e+00 1.7583702e+00 1.8719549e+00 1.9261185e+00 1.9361404e+00 1.8901695e+00 1.8562862e+00 1.7740440e+00 1.6972844e+00 1.6071426e+00 1.5362573e+00 1.4573420e+00 1.3638241e+00 1.2029157e+00 9.6241915e-01 7.7474957e-01 5.3515590e-01 3.0614706e-01 1.6483369e-01
4.8980817e+00 3.9472693e+00 2.2296709e+00 1.7593790e+00 1.3170796e+00 1.9904110e-01 2.8579213e-03 9.1479746e-04 1.0157549e-03 1.9765664e+00 3.7096739e+00 4.0247386e+00 3.9666431e+00 4.0656442e+00 3.7949076e+00 7.5830383e-01 2.1040426e-01 3.7325379e-01 1.2573511e-01 8.9526382e-02 9.5412840e-02 7.9827397e-02 1.0674650e-01 1.7641510e-01 2.1371482e-01 2.3503854e-01 1.7354458e-01 1.8131295e-01 2.8246614e-01 4.5569388e-01 8.1124343e-01 1.2883758e+00 1.8081023e+00 2.0502670e+00 2.0655874e+00 2.0420520e+00 2.0347127e+00 1.9496770e+00 1.8926402e+00 1.8147947e+00 1.7375463e+00 1.6659204e+00 1.5856081e+00 1.4663943e+00 1.2271666e+00 9.4822708e-01 7.1953076e-01 4.8497141e-01 2.8427607e-01 1.6288279e-01
5.6345038e+00 5.6354539e+00 4.7684293e+00 2.9237693e+00 2.2026710e+00 2.6735590e-01 1.6782284e-02 8.7890262e-04 3.5548714e+00 4.2618945e+00 4.2756722e+00 4.4521860e+00 4.4325419e+00 4.5017869e+00 4.3944134e+00 3.2290640e+00 1.3561583e+00 8.0043468e-02 4.4281661e-02 1.3824889e-01 2.3421998e-01 4.1640151e-01 3.3401060e-01 3.8187808e-01 5.6899923e-01 5.6623535e-01 3.7471326e-01 2.8732139e-01 2.4285293e-01 3.2181267e-01 6.2567310e-01 1.1220144e+00 1.7460145e+00 2.1709198e+00 2.3099371e+00 2.2707105e+00 2.1727649e+00 2.0782934e+00 1.9917691e+00 1.9053242e+00 1.8151907e+00 1.7123717e+00 1.5927846e+00 1.4314045e+00 1.1933922e+00 9.4240121e-01 7.0868818e-01 5.1927804e-01 3.7239789e-01 3.0937031e-01
5.9280920e+00 5.6381569e+00 5.4185606e+00 4.8091262e+00 2.8379931e+00 9.3080290e-01 1.6292152e-01 2.8605746e+00 4.4407730e+00 4.4483293e+00 4.4650083e+00 4.5862319e+00 4.5986878e+00 4.7645627e+00 4.7347688e+00 4.5166319e+00 4.5844737e+00 1.9387831e+00 1.4376470e-01 2.1950944e-01 2.5116267e-01 4.2432347e-01 4.8705525e-01 6.9150892e-01 9.5734900e-01 9.7887949e-01 6.9921595e-01 7.1769339e-01 4.2959303e-01 3.6298382e-01 4.9593800e-01 8.5751215e-01 1.5104793e+00 2.1528318e+00 2.4807339e+00 2.5232360e+00 2.3681405e+00 2.2097201e+00 2.1038215e+00 1.9958625e+00 1.8455070e+00 1.6963854e+00 1.5646237e+00 1.3999370e+00 1.1551073e+00 9.2969614e-01 7.4634806e-01 6.3304286e-01 5.4176800e-01 5.9737096e-01
6.4233572e+00 6.2383304e+00 5.6355791e+00 4.7356628e+00 1.6300743e+00 5.4325116e-01 3.1332788e+00 4.4039587e+00 4.2575992e+00 4.0885687e+00 4.1880666e+00 4.2905828e+00 4.6108333e+00 4.7891159e+00 4.7732153e+00 4.7665839e+00 4.3363873e+00 1.2719306e+00 5.9518769e-02 1.9118989e-01 1.6832946e-01 2.2247359e-01 5.8792094e-01 6.7522874e-01 7.3002163e-01 6.5308100e-01 1.0269343e+00 8.6599587e-01 7.7334318e-01 7.0385069e-01 5.7292403e-01 6.8215461e-01 1.2980436e+00 2.0678618e+00 2.5050408e+00 2.6538345e+00 2.5415232e+00 2.3578147e+00 2.1974211e+00 2.0973607e+00 1.9239470e+00 1.7359699e+00 1.5429889e+00 1.3637530e+00 1.1042791e+00 9.5304379e-01 8.6190661e-01 8.0512644e-01 8.5457609e-01 9.2316782e-01
6.7119107e+00 6.5231763e+00 4.2349169e+00 1.5420161e+00 9.0020040e-01 3.9957913e+00 4.5962076e+00 4.4072044e+00 4.3036333e+00 4.0665615e+00 3.8525908e+00 4.2170917e+00 4.6750256e+00 4.6945114e+00 4.8480214e+00 4.0211575e+00 3.2033651e-01 8.3713817e-02 9.2846324e-02 1.0191812e-01 2.6081335e-01 6.7621602e-01 7.2389955e-01 7.4158308e-01 7.9768039e-01 7.1110268e-01 4.8509852e-01 3.8334417e-01 1.1508737e+00 1.0458497e+00 9.6768602e-01 8.6016783e-01 1.2856622e+00 1.9529525e+00 2.3798034e+00 2.5634221e+00 2.6059226e+00 2.5143125e+00 2.3837729e+00 2.2585938e+00 2.0703822e+00 1.8307879e+00 1.6011959e+00 1.3552140e+00 1.1682415e+00 1.0163371e+00 1.0031288e+00 1.0323225e+00 1.0675272e+00 1.1117286e+00
7.1175081e+00 5.5349213e+00 1.7310046e+00 1.0546593e+00 2.6104520e+00 5.1010172e+00 4.5605383e+00 4.4381059e+00 4.3719762e+00 4.3219878e+00 4.7596970e+00 4.6641992e+00 4.2320877e+00 4.3346537e+00 2.7753572e+00 1.0025709e-02 1.0735291e-01 2.1348388e-01 3.6338972e-01 5.0325296e-01 1.0253640e+00 7.7297477e-01 1.0016572e+00 8.7335810e-01 8.0953888e-01 7.6112127e-01 2.9315581e-01 5.2259566e-01 3.8970052e-01 1.1700846e+00 1.2343294e+00 1.2349123e+00 1.3978333e+00 1.7958162e+00 2.1417468e+00 2.3563536e+00 2.4647094e+00 2.4943727e+00 2.4794163e+00 2.4034907e+00 2.2399745e+00 1.9735351e+00 1.6721224e+00 1.4432099e+00 1.2602307e+00 1.1627155e+00 1.1600172e+00 1.1646826e+00 1.1970115e+00 1.2208955e+00
7.2172845e+00 6.6120100e+00 5.2122041e+00 2.5788163e+00 6.1961996e-01 2.7848083e+00 4.4092595e+00 4.2015457e+00 4.7337598e+00 4.9913055e+00 4.9081441e+00 4.6893953e+00 3.9132351e+00 2.3539967e+00 9.1556927e-04 2.8284276e-03 3.8872968e-02 1.5162560e-01 1.2117203e+00 1.5402410e+00 1.1774586e+00 5.7910907e-01 9.9590869e-01 9.5181278e-01 7.3821400e-01 5.0989929e-01 5.6157746e-01 3.8492324e-01 5.8634058e-01 9.6746630e-01 1.2447929e+00 1.2317965e+00 1.2877981e+00 1.5360222e+00 1.9486669e+00 2.1594090e+00 2.1882927e+00 2.1377142e+00 2.0837924e+00 2.1065378e+00 2.1108316e+00 1.9923440e+00 1.7846726e+00 1.5007520e+00 1.3067605e+00 1.2369010e+00 1.2285169e+00 1.2255777e+00 1.2325826e+00 1.2362758e+00
7.1854292e+00 7.0210540e+00 6.7573998e+00 6.7174142e+00 3.9884941e+00 1.6563981e+00 1.4675375e+00 3.9549630e+00 5.1039513e+00 4.8977267e+00 5.0353763e+00 4.6248814e+00 1.2892174e+00 9.5238531e-04 3.1905376e-03 3.1858461e-03 1.0769303e-01 7.6308549e-01 1.4176255e+00 1.6371355e+00 1.6565676e+00 1.1318700e+00 8.3552612e-01 7.5036179e-01 4.1251551e-01 4.1538587e-01 3.6174573e-01 3.7599840e-01 3.5193679e-01 8.0554419e-01 5.5876791e-01 9.9751379e-01 1.2109102e+00 1.2790265e+00 1.7834597e+00 1.9584287e+00 1.7730176e+00 1.4506424e+00 1.2913861e+00 1.3473813e+00 1.4696205e+00 1.5728901e+00 1.6579735e+00 1.6138142e+00 1.3817587e+00 1.1877802e+00 1.1896865e+00 1.1941688e+00 1.2009466e+00 1.2026161e+00
7.0120032e+00 7.0885586e+00 7.1795815e+00 6.8032880e+00 5.8268945e+00 6.7243998e+00 2.5352523e+00 1.0328613e+00 2.1120677e+00 4.5739693e+00 5.1265472e+00 3.5998948e+00 3.9138753e-02 9.9066471e-04 8.1589996e-03 1.9079487e-01 1.1010713e+00 1.3226733e+00 1.3608528e+00 1.3761556e+00 8.1879811e-01 8.3510381e-01 6.1367484e-01 3.9902489e-01 2.9068253e-01 5.9743610e-02 3.0594325e-01 8.1026043e-02 9.4468497e-03 1.0011199e-01 3.5941056e-01 5.6943851e-01 8.7434474e-01 1.0811362e+00 1.4048737e+00 1.5715744e+00 1.2068294e+00 7.8699296e-01 5.9119883e-01 5.6602244e-01 6.7217001e-01 8.5133204e-01 1.1325191e+00 1.3569612e+00 1.2675707e+00 9.1763786e-01 8.9303144e-01 1.0654386e+00 1.1400582e+00 1.1843661e+00
6.9953040e+00 7.1333512e+00 7.4545085e+00 7.2627686e+00 6.5041874e+00 6.8326109e+00 6.1584945e+00 2.7297142e+00 8.9541753e-01 1.5610241e+00 4.1508360e+00 5.5650774e+00 2.7294539e+00 4.9444274e-02 2.3451083e-01 6.7072121e-01 1.3506655e+00 1.3462619e+00 1.4577192e+00 1.8370191e+00 8.5219949e-04 0.0000000e+00 9.5116155e-04 4.3132123e-01 3.0387804e-01 3.8081999e-02 1.2720583e-01 7.0693148e-02 4.6596629e-02 2.0319071e-01 3.2622067e-01 7.6858848e-02 1.7417937e-02 4.0957712e-01 7.6398564e-01 1.0628668e+00 8.9046289e-01 6.0461700e-01 3.5736317e-01 1.9472164e-01 1.8644354e-01 3.3815270e-01 5.4715563e-01 7.6406375e-01 8.3846284e-01 6.1890096e-01 4.3532359e-01 4.9996958e-01 7.1032299e-01 9.8788281e-01
7.0282662e+00 7.1403406e+00 7.4945404e+00 7.6953834e+00 7.5455640e+00 7.4451562e+00 7.5073604e+00 7.0193982e+00 4.3401718e+00 1.0617701e+00 2.4782347e+00 5.3202734e+00 4.5038217e+00 8.6093411e-01 5.7060073e-01 8.0115379e-01 1.0592037e+00 1.1006771e+00 1.3529481e+00 1.3007127e+00 9.3253477e-04 0.0000000e+00 7.5676729e-01 7.2810625e-01 4.4949280e-01 2.7867027e-01 5.7034291e-02 1.4911540e-01 1.3158652e-01 3.0014955e-01 2.3095986e-01 2.2922231e-01 1.8588808e-01 4.9857322e-02 1.2959847e-01 7.2488044e-01 6.7517870e-01 6.6300546e-01 4.7684441e-01 1.3128528e-01 1.6446711e-01 2.8009423e-01 3.0452885e-01 2.7405950e-01 3.1787238e-01 3.5199400e-01 2.5965994e-01 1.7644052e-01 2.9646446e-01 5.2148784e-01
6.9387031e+00 6.9752285e+00 7.3668212e+00 7.7232860e+00 7.5909818e+00 7.5844594e+00 7.2214647e+00 5.1244454e+00 3.5483697e+00 2.0155826e+00 5.4111222e+00 6.5797017e+00 2.5975998e+00 7.3291992e-02 2.8859608e-01 4.3644289e-01 7.6329316e-01 7.3258812e-01 6.5068860e-01 8.2157257e-01 7.5914844e-01 3.4053943e-01 3.4824568e-01 4.4728079e-01 5.6420059e-01 4.8674711e-01 1.5554767e-02 9.8626943e-04 8.0664169e-02 3.1646139e-01 3.1068941e-01 2.7228074e-01 2.4905173e-01 9.5038397e-02 2.2203531e-01 5.7119197e-01 8.2589097e-01 4.6232810e-01 4.3084696e-01 3.1215804e-01 5.3980396e-01 4.7510742e-01 3.5089747e-01 1.6504718e-01 4.7601368e-02 2.0740130e-02 1.7710077e-01 3.4459327e-01 4.7649939e-01 5.5200453e-01
6.7001729e+00 6.3428470e+00 6.1126834e+00 6.8030942e+00 6.4870631e+00 5.2784612e+00 4.0976639e+00 2.8227250e+00 2.3607715e+00 3.2199970e+00 6.3770188e+00 5.3095737e+00 6.1426265e-03 1.4747846e-01 1.8886179e-01 1.9382813e-01 1.0039123e+00 6.5619803e-01 3.0833140e-01 5.0426752e-01 4.5206827e-01 3.5138074e-01 5.2139184e-01 4.4310449e-01 5.3472229e-01 5.9880546e-01 6.0414576e-01 6.7787780e-02 6.8045350e-02 1.5218561e-01 2.3324460e-01 1.3942241e-01 1.4566957e-03 3.5644900e-02 1.0085143e-01 3.2827397e-03 4.7894091e-01 3.6845780e-02 2.4243129e-01 3.3582819e-01 5.5801925e-01 7.3310095e-01 3.5718863e-01 2.2273852e-01 7.6845024e-02 3.7894319e-03 9.7687585e-04 6.7992247e-01 7.5608807e-01 8.3787934e-01
