presentation/data/depth_0022.asc
ncols     164
nrows     146
xllcorner -1.242151388888889e+02
yllcorner  4.172986111111111e+01
cellsize  2.777777777820000e-04
nodata_value       -9999
[rows 66 to 87 of 146, columns 0 to 49 of 164]
2.9581927e-03 2.9319211e-03 1.6446826e-03 9.9685040e-04 8.8825077e-04 0.0000000e+00 0.0000000e+00 0.0000000e+00 0.0000000e+00 0.0000000e+00 0.0000000e+00 0.0000000e+00 0.0000000e+00 0.0000000e+00 0.0000000e+00 0.0000000e+00 0.0000000e+00 0.0000000e+00 0.0000000e+00 0.0000000e+00 0.0000000e+00 0.0000000e+00 0.0000000e+00 0.0000000e+00 0.0000000e+00 0.0000000e+00 0.0000000e+00 0.0000000e+00 0.0000000e+00 0.0000000e+00 0.0000000e+00 0.0000000e+00 0.0000000e+00 0.0000000e+00 0.0000000e+00 0.0000000e+00 0.0000000e+00 0.0000000e+00 0.0000000e+00 0.0000000e+00 0.0000000e+00 0.0000000e+00 0.0000000e+00 0.0000000e+00 0.0000000e+00 0.0000000e+00 0.0000000e+00 0.0000000e+00 0.0000000e+00 0.0000000e+00
2.7989957e-03 1.6597175e-03 5.7288425e-03 9.9683699e-04 8.4071401e-04 9.4937430e-04 7.8601789e-04 0.0000000e+00 0.0000000e+00 0.0000000e+00 0.0000000e+00 0.0000000e+00 0.0000000e+00 0.0000000e+00 0.0000000e+00 0.0000000e+00 0.0000000e+00 0.0000000e+00 0.0000000e+00 0.0000000e+00 0.0000000e+00 0.0000000e+00 0.0000000e+00 0.0000000e+00 0.0000000e+00 0.0000000e+00 0.0000000e+00 0.0000000e+00 0.0000000e+00 0.0000000e+00 0.0000000e+00 0.0000000e+00 0.0000000e+00 0.0000000e+00 0.0000000e+00 0.0000000e+00 0.0000000e+00 0.0000000e+00 0.0000000e+00 0.0000000e+00 0.0000000e+00 0.0000000e+00 0.0000000e+00 0.0000000e+00 0.0000000e+00 0.0000000e+00 0.0000000e+00 0.0000000e+00 0.0000000e+00 0.0000000e+00
2.6445847e-03 3.0524703e-03 9.1900583e-04 5.7008240e-01 8.4813623e-01 5.3605860e-01 9.1307212e-04 7.7759403e-04 8.4144253e-04 0.0000000e+00 0.0000000e+00 0.0000000e+00 0.0000000e+00 0.0000000e+00 0.0000000e+00 0.0000000e+00 0.0000000e+00 0.0000000e+00 0.0000000e+00 0.0000000e+00 0.0000000e+00 0.0000000e+00 0.0000000e+00 0.0000000e+00 0.0000000e+00 0.0000000e+00 0.0000000e+00 0.0000000e+00 0.0000000e+00 0.0000000e+00 0.0000000e+00 0.0000000e+00 0.0000000e+00 0.0000000e+00 0.0000000e+00 0.0000000e+00 0.0000000e+00 0.0000000e+00 0.0000000e+00 0.0000000e+00 0.0000000e+00 0.0000000e+00 0.0000000e+00 0.0000000e+00 0.0000000e+00 0.0000000e+00 0.0000000e+00 0.0000000e+00 0.0000000e+00 0.0000000e+00
1.4946816e-03 3.9792246e-02 2.1684281e+00 2.4677326e+00 2.5523670e+00 2.6106179e+00 2.1106840e+00 1.1512057e+00 2.5821923e-01 3.7559084e-03 8.0046644e-04 7.5009878e-04 0.0000000e+00 0.0000000e+00 0.0000000e+00 0.0000000e+00 0.0000000e+00 0.0000000e+00 0.0000000e+00 0.0000000e+00 0.0000000e+00 0.0000000e+00 0.0000000e+00 0.0000000e+00 0.0000000e+00 0.0000000e+00 0.0000000e+00 0.0000000e+00 0.0000000e+00 0.0000000e+00 0.0000000e+00 0.0000000e+00 0.0000000e+00 0.0000000e+00 0.0000000e+00 0.0000000e+00 0.0000000e+00 0.0000000e+00 0.0000000e+00 0.0000000e+00 0.0000000e+00 0.0000000e+00 0.0000000e+00 0.0000000e+00 0.0000000e+00 0.0000000e+00 0.0000000e+00 0.0000000e+00 0.0000000e+00 0.0000000e+00
9.8723213e-04 2.2958492e+00 2.5419368e+00 2.6927237e+00 2.7936931e+00 2.7359560e+00 2.3604882e+00 1.9687431e+00 2.6626244e+00 2.0649248e+00 1.9745446e-01 9.1500098e-04 0.0000000e+00 0.0000000e+00 0.0000000e+00 0.0000000e+00 0.0000000e+00 0.0000000e+00 0.0000000e+00 0.0000000e+00 0.0000000e+00 0.0000000e+00 0.0000000e+00 0.0000000e+00 0.0000000e+00 0.0000000e+00 0.0000000e+00 0.0000000e+00 0.0000000e+00 0.0000000e+00 0.0000000e+00 0.0000000e+00 0.0000000e+00 0.0000000e+00 0.0000000e+00 0.0000000e+00 0.0000000e+00 0.0000000e+00 0.0000000e+00 0.0000000e+00 0.0000000e+00 0.0000000e+00 0.0000000e+00 0.0000000e+00 0.0000000e+00 0.0000000e+00 0.0000000e+00 0.0000000e+00 0.0000000e+00 0.0000000e+00
2.3072598e+00 3.8035262e-01 1.5057899e+00 2.5641711e+00 2.7850483e+00 1.4475091e+00 1.9294798e+00 2.0972655e+00 2.9281947e+00 2.2824747e+00 9.4285934e-04 5.8395253e-04 0.0000000e+00 0.0000000e+00 0.0000000e+00 0.0000000e+00 0.0000000e+00 0.0000000e+00 0.0000000e+00 0.0000000e+00 0.0000000e+00 0.0000000e+00 0.0000000e+00 0.0000000e+00 0.0000000e+00 0.0000000e+00 0.0000000e+00 0.0000000e+00 0.0000000e+00 0.0000000e+00 0.0000000e+00 0.0000000e+00 0.0000000e+00 0.0000000e+00 0.0000000e+00 0.0000000e+00 0.0000000e+00 0.0000000e+00 0.0000000e+00 0.0000000e+00 0.0000000e+00 0.0000000e+00 0.0000000e+00 0.0000000e+00 0.0000000e+00 0.0000000e+00 0.0000000e+00 0.0000000e+00 0.0000000e+00 0.0000000e+00
2.4811065e+00 1.1237965e+00 1.9338865e+00 1.7628592e+00 2.8408025e+00 2.9825325e+00 2.9112732e+00 2.9324140e+00 2.9617584e+00 2.0265300e+00 6.5928398e-04 8.7839071e-04 0.0000000e+00 0.0000000e+00 0.0000000e+00 0.0000000e+00 0.0000000e+00 0.0000000e+00 0.0000000e+00 0.0000000e+00 0.0000000e+00 0.0000000e+00 0.0000000e+00 0.0000000e+00 0.0000000e+00 0.0000000e+00 0.0000000e+00 0.0000000e+00 0.0000000e+00 0.0000000e+00 0.0000000e+00 0.0000000e+00 0.0000000e+00 0.0000000e+00 0.0000000e+00 0.0000000e+00 0.0000000e+00 0.0000000e+00 0.0000000e+00 0.0000000e+00 0.0000000e+00 0.0000000e+00 0.0000000e+00 0.0000000e+00 0.0000000e+00 9.9969551e-04 0.0000000e+00 0.0000000e+00 9.9632269e-04 9.9975429e-04
2.7654914e+00 2.5280331e+00 2.6692978e+00 2.6070873e+00 2.8963882e+00 2.9975991e+00 3.0182143e+00 3.0483919e+00 2.8173945e+00 1.2167812e+00 4.9110427e-01 5.1880614e-03 9.8255814e-04 4.0879564e-02 2.9327062e-01 2.4138834e-01 9.9774502e-04 8.5281839e-04 9.9609633e-04 9.2949442e-04 9.5040976e-04 9.8524701e-04 0.0000000e+00 0.0000000e+00 0.0000000e+00 0.0000000e+00 0.0000000e+00 0.0000000e+00 0.0000000e+00 0.0000000e+00 0.0000000e+00 0.0000000e+00 0.0000000e+00 0.0000000e+00 0.0000000e+00 0.0000000e+00 0.0000000e+00 0.0000000e+00 0.0000000e+00 0.0000000e+00 0.0000000e+00 0.0000000e+00 0.0000000e+00 0.0000000e+00 9.9979242e-04 9.9688757e-04 9.9848744e-04 9.8613259e-04 9.9756050e-04 9.9947222e-04
3.6233494e+00 2.8701309e+00 2.7267660e+00 2.7909221e+00 2.9431484e+00 3.1483972e+00 3.2528895e+00 3.3027990e+00 3.1921205e+00 2.8798934e+00 2.6532872e+00 2.4963201e+00 2.4151581e+00 2.5084024e+00 2.7078572e+00 2.5500597e+00 2.6014662e+00 2.5919264e+00 2.3016385e+00 1.9072832e+00 1.5214503e+00 3.2181855e-01 7.8507401e-04 9.6526249e-04 9.6851764e-04 9.2445289e-04 0.0000000e+00 0.0000000e+00 0.0000000e+00 0.0000000e+00 0.0000000e+00 0.0000000e+00 0.0000000e+00 0.0000000e+00 0.0000000e+00 0.0000000e+00 0.0000000e+00 0.0000000e+00 0.0000000e+00 0.0000000e+00 0.0000000e+00 0.0000000e+00 0.0000000e+00 9.9482613e-04 9.9870596e-04 9.9754497e-04 1.7005982e-02 6.9645301e-03 9.9319418e-04 9.9898683e-04
4.6713973e+00 3.3828936e+00 2.6032799e+00 2.7860641e+00 3.1010892e+00 3.4498526e+00 3.6603682e+00 3.7212931e+00 3.6767056e+00 3.5555643e+00 3.4016749e+00 3.3081475e+00 3.2029230e+00 3.1370825e+00 2.7451070e+00 1.8650261e+00 2.7339032e+00 2.9544903e+00 2.8989779e+00 2.7640791e+00 2.8103078e+00 2.4209909e+00 2.3261505e+00 1.6089740e+00 2.2218085e+00 5.0776522e-02 7.8457388e-04 0.0000000e+00 0.0000000e+00 0.0000000e+00 0.0000000e+00 0.0000000e+00 0.0000000e+00 0.0000000e+00 0.0000000e+00 0.0000000e+00 0.0000000e+00 0.0000000e+00 0.0000000e+00 0.0000000e+00 0.0000000e+00 0.0000000e+00 3.7113552e-06 9.9419864e-04 1.1371917e-03 9.8366817e-04 7.1629200e-04 3.7948402e-03 9.8924549e-04 9.6259031e-04
5.8631887e+00 3.9249238e+00 2.5746403e+00 2.0475039e+00 2.7581547e+00 4.0834112e+00 4.2975920e+00 4.3450617e+00 4.2532624e+00 4.0406084e+00 3.7750052e+00 3.5084461e+00 3.2682881e+00 3.0930640e+00 2.2839014e+00 1.6967637e+00 2.2074342e+00 2.7550296e+00 2.2962456e+00 2.3789932e+00 2.4848171e+00 2.0752825e+00 2.6260590e+00 2.5567702e+00 2.6360969e+00 2.5726230e+00 1.2299002e+00 8.7524982e-04 9.6551301e-04 0.0000000e+00 0.0000000e+00 0.0000000e+00 0.0000000e+00 0.0000000e+00 0.0000000e+00 0.0000000e+00 0.0000000e+00 0.0000000e+00 0.0000000e+00 0.0000000e+00 0.0000000e+00 0.0000000e+00 9.7540778e-04 9.9240860e-04 9.8274476e-04 8.4804774e-04 3.1335637e-02 6.8742721e-02 1.4086280e-01 1.4301583e-02
8.0421253e+00 5.4412000e+00 3.1194193e+00 2.4183742e+00 3.9793486e+00 5.0430119e+00 5.1671559e+00 5.1577700e+00 4.9925133e+00 4.6696913e+00 4.2991345e+00 3.8630527e+00 3.4667506e+00 3.1963974e+00 2.7980683e+00 2.2355992e+00 2.8180825e+00 2.9626880e+00 2.7033874e+00 2.5334198e+00 2.8066159e+00 2.5488183e+00 2.6188594e+00 2.5615963e+00 2.6237747e+00 2.8286816e+00 1.5902605e+00 2.0358252e+00 3.7394268e-01 7.1956533e-04 9.3928395e-04 0.0000000e+00 0.0000000e+00 0.0000000e+00 0.0000000e+00 0.0000000e+00 0.0000000e+00 0.0000000e+00 0.0000000e+00 9.9876021e-04 9.9952697e-04 0.0000000e+00 9.8455479e-04 9.9118382e-04 4.1160883e-01 3.9530223e-01 3.5406948e-01 2.8257643e-01 4.6521504e-01 4.0180259e-01
9.9131643e+00 8.0817414e+00 7.1863362e+00 5.6062775e+00 6.2338389e+00 6.1189570e+00 6.0774304e+00 5.9525783e+00 5.6648409e+00 5.2575659e+00 4.7411988e+00 4.1515360e+00 3.5986331e+00 3.2405242e+00 2.8761444e+00 2.0879849e+00 2.8605399e+00 2.9273468e+00 3.2643562e+00 3.0820857e+00 2.5331686e+00 2.6073536e+00 1.9744040e+00 2.4334731e+00 2.0957358e+00 1.7395090e+00 2.3689916e+00 2.6066307e+00 2.7996378e+00 1.4011146e+00 8.1048513e-04 7.4693057e-04 0.0000000e+00 0.0000000e+00 0.0000000e+00 0.0000000e+00 9.9959158e-04 9.9884596e-04 9.9882070e-04 9.9586693e-04 1.0695285e-03 9.8721785e-04 9.8211491e-04 9.7926930e-04 5.3939818e-01 6.6412611e-01 5.2890068e-01 4.3508251e-01 6.0314687e-01 5.9381338e-01
1.0465507e+01 9.7940411e+00 9.7327808e+00 8.2014217e+00 8.4785168e+00 7.5846164e+00 7.2303693e+00 6.9572562e+00 6.5891035e+00 6.0653719e+00 5.3219398e+00 4.4933992e+00 3.7443449e+00 3.0925654e+00 2.6356071e+00 2.5064171e+00 2.6020163e+00 2.7119923e+00 3.1856847e+00 2.6971346e+00 1.9285085e+00 2.6472707e+00 2.6888023e+00 2.7267599e+00 2.3993917e+00 2.6480580e+00 2.5290679e+00 2.4788604e+00 2.5565930e+00 3.0629278e+00 2.0758657e+00 2.1446352e-01 8.8696759e-04 9.2787012e-04 8.8507855e-04 9.9044681e-04 9.7103878e-04 9.9921124e-04 9.9876747e-04 9.9614498e-04 9.9932281e-04 9.9662142e-04 2.4043896e-03 2.1634068e-01 3.3857869e-01 3.9105009e-01 6.5582995e-01 5.3119600e-01 8.1298870e-01 1.0647304e+00
1.1160466e+01 1.0924553e+01 1.0629392e+01 1.0061508e+01 9.5852888e+00 8.9462388e+00 8.5506781e+00 8.1625448e+00 7.8998932e+00 7.3439174e+00 6.1630428e+00 4.8821082e+00 4.0116108e+00 3.3020486e+00 2.7254002e+00 2.6001983e+00 2.5048905e+00 2.6059822e+00 4.7382115e-01 1.0652167e+00 2.6516068e+00 2.5462184e+00 2.8126977e+00 2.6599376e+00 1.5857936e+00 2.3952918e+00 2.7023369e+00 2.4631188e+00 2.5681767e+00 1.6126658e+00 3.0656199e+00 3.0938740e+00 2.3886403e+00 2.6678305e-01 8.6808030e-04 9.8426466e-04 9.8538066e-04 9.9672145e-04 9.9997096e-04 9.9997938e-04 1.0012556e-03 6.2659688e-02 8.3582034e-03 9.4961459e-04 9.7536787e-04 8.9395297e-04 9.3527970e-04 2.8780438e-01 6.5178164e-01 5.4923962e-01
1.1136169e+01 1.1037523e+01 1.0842022e+01 1.0428964e+01 9.9824321e+00 9.4498519e+00 9.0447138e+00 8.9109466e+00 8.8252788e+00 8.3546393e+00 6.9434099e+00 5.1340057e+00 4.3827125e+00 3.8157309e+00 2.8491180e+00 1.8337473e+00 2.6913129e+00 2.6520486e+00 2.8346727e+00 2.8188322e+00 3.0092278e+00 2.8657154e+00 3.1158473e+00 2.6901475e+00 1.2598100e-04 1.4240686e+00 2.7102378e+00 2.5065568e+00 2.6237276e+00 2.8448856e+00 3.0482196e+00 3.2794286e+00 3.3651896e+00 3.0631395e+00 2.9622323e+00 2.3548798e+00 1.4621274e+00 9.2052921e-04 9.9249553e-04 9.9613715e-04 9.9557507e-04 9.6707741e-04 5.0219414e-03 9.9218786e-04 9.8989610e-04 9.8123988e-04 9.4210249e-04 8.7964982e-04 1.4562735e-01 2.5760593e-01
1.0975205e+01 1.0825769e+01 1.0704066e+01 1.0439724e+01 1.0128325e+01 9.7610177e+00 9.4723925e+00 9.2951131e+00 9.1180517e+00 8.6440636e+00 7.4585597e+00 5.4560609e+00 5.3345139e+00 5.1209182e+00 3.5126947e+00 3.0361521e+00 3.4913629e+00 3.6457742e+00 3.8372934e+00 3.6439464e+00 3.3572432e+00 3.1164775e+00 2.9899867e+00 2.9311377e+00 6.9143561e-01 2.0960640e+00 2.0182492e+00 2.8262955e+00 2.8643406e+00 2.7544383e+00 2.3208566e+00 3.1418646e+00 3.2731838e+00 3.3677025e+00 3.4531268e+00 3.4993861e+00 3.1155445e+00 2.6700330e+00 2.7449276e+00 8.2049210e-01 9.9551078e-04 9.9675367e-04 9.9611546e-04 9.9750772e-04 9.9814541e-04 9.9857304e-04 9.9817081e-04 9.6829180e-04 9.8314220e-04 1.0024222e-03
1.0888372e+01 1.0562690e+01 1.0509801e+01 1.0436073e+01 1.0219210e+01 9.9659540e+00 9.7012745e+00 9.5230173e+00 9.2799307e+00 8.8149172e+00 7.8888360e+00 6.9566547e+00 7.3848860e+00 7.9739858e+00 6.4599623e+00 5.4754480e+00 5.3696544e+00 5.2371804e+00 4.8996729e+00 4.5280475e+00 4.0252837e+00 3.4295141e+00 2.8928109e+00 2.5199215e+00 2.5348714e+00 2.7363458e+00 1.9284523e+00 2.8571867e+00 2.8368277e+00 2.0555699e+00 2.6966284e+00 3.1054220e+00 3.1244485e+00 3.1175905e+00 3.0871499e+00 3.0290000e+00 2.9198534e+00 3.1488435e+00 3.2962639e+00 2.5108421e+00 2.3910512e+00 2.0869666e-01 8.2251506e-04 9.9836578e-04 9.9774880e-04 9.9925733e-04 9.9879861e-04 9.9866229e-04 9.9866510e-04 9.9620669e-04
1.0888136e+01 1.0383201e+01 1.0542350e+01 1.0496363e+01 1.0270005e+01 1.0087425e+01 9.8842315e+00 9.7027705e+00 9.4518049e+00 9.0829840e+00 8.5801600e+00 8.2223761e+00 8.4516556e+00 8.5419224e+00 7.6655662e+00 7.2839610e+00 7.2248903e+00 6.8063205e+00 6.2448976e+00 5.4904773e+00 4.7193347e+00 3.9570925e+00 3.2478921e+00 2.7739699e+00 2.5859474e+00 2.8591748e+00 2.0752909e+00 2.1355036e+00 2.4505277e+00 2.4383011e+00 2.7828301e+00 2.8901941e+00 2.9290884e+00 2.9124926e+00 2.8854408e+00 2.8195437e+00 2.8182124e+00 2.9985826e+00 3.2650062e+00 3.0240640e+00 2.4717432e+00 2.0701859e+00 5.2438956e-01 8.6134183e-04 0.0000000e+00 0.0000000e+00 9.9749328e-04 9.9946624e-04 9.9946535e-04 9.9999585e-04
1.0948669e+01 1.0521664e+01 1.0379522e+01 1.0373147e+01 1.0440964e+01 1.0190752e+01 1.0062431e+01 9.8653984e+00 9.6279809e+00 9.3512011e+00 9.0506170e+00 8.8515674e+00 8.8374090e+00 8.6970114e+00 8.2129842e+00 8.0239678e+00 8.0403580e+00 7.7147226e+00 7.2956362e+00 6.4886972e+00 5.5393776e+00 4.4732363e+00 3.7431480e+00 3.1580376e+00 1.9670907e+00 2.4839498e+00 2.4344883e+00 2.0176459e+00 1.4537819e+00 2.2489284e+00 2.5669204e+00 2.7350183e+00 2.8430545e+00 2.7838321e+00 2.7517822e+00 2.7597397e+00 2.8180769e+00 2.9713159e+00 3.2025690e+00 3.1908053e+00 2.7687438e+00 3.1659802e+00 2.3632453e+00 7.4059973e-04 0.0000000e+00 0.0000000e+00 8.6781785e-04 9.7570967e-04 0.0000000e+00 0.0000000e+00
1.1353380e+01 9.8022982e+00 1.0337209e+01 1.0013655e+01 1.0628745e+01 1.0257249e+01 1.0170707e+01 9.9988645e+00 9.7839376e+00 9.5459061e+00 9.3189738e+00 9.1441946e+00 9.0368220e+00 8.8883094e+00 8.6209604e+00 8.4311330e+00 8.3081797e+00 8.0374756e+00 7.6047828e+00 7.2417982e+00 6.3197581e+00 4.8447965e+00 4.0596841e+00 3.4346026e+00 2.6797131e+00 2.1418807e+00 2.2491991e+00 2.7320328e+00 2.2495195e+00 2.3532304e+00 2.4574583e+00 2.5984436e+00 2.7624286e+00 2.6557811e+00 2.6615269e+00 2.6906806e+00 2.7761333e+00 2.9216047e+00 3.0633166e+00 3.1993828e+00 3.1724735e+00 3.3709747e+00 2.2736897e+00 9.8570719e-04 7.1563909e-04 9.7233982e-04 9.9973685e-04 9.9992676e-04 9.9061204e-04 0.0000000e+00
1.2106298e+01 1.1428268e+01 1.0949410e+01 1.0498625e+01 1.0474840e+01 1.0496997e+01 1.0336407e+01 1.0244138e+01 1.0074683e+01 9.8576655e+00 9.6434967e+00 9.4488173e+00 9.2716523e+00 9.0550773e+00 8.8081343e+00 8.5817888e+00 8.3782584e+00 8.0843611e+00 7.6161620e+00 6.9592674e+00 5.9773269e+00 5.0494824e+00 4.2855322e+00 3.7469157e+00 3.1383619e+00 2.3142542e+00 2.6912054e+00 2.5968956e+00 2.7328338e+00 2.4509816e+00 2.4655562e+00 2.8623265e+00 1.2357598e+00 1.1212437e+00 2.3301486e+00 2.4807849e+00 2.6330205e+00 2.7772679e+00 2.8613797e+00 2.9195229e+00 2.9464091e+00 1.9601232e+00 0.0000000e+00 1.0596718e+00 2.4055708e+00 1.5182694e+00 2.2633077e-01 9.4699679e-04 9.8702558e-04 9.9837621e-04
