presentation/data/depth_0035.asc
ncols     164
nrows     146
xllcorner -1.242151388888889e+02
yllcorner  4.172986111111111e+01
cellsize  2.777777777820000e-04
nodata_value       -9999
[rows 110 to 131 of 146, columns 50 to 99 of 164]
9.2919407e+00 8.6984795e+00 7.4991753e+00 5.6452580e+00 3.9127879e+00 3.0789126e+00 2.6533286e+00 2.7843628e+00 2.3432512e+00 3.6567015e+00 5.0289390e+00 5.4813232e+00 5.6472710e+00 4.1264459e+00 3.6068851e+00 3.3396475e+00 2.6254429e-01 4.8137780e-04 1.8348294e+00 2.5316391e+00 2.7863848e+00 3.1717544e+00 3.5010302e+00 3.7562412e+00 3.9136285e+00 3.9345106e+00 3.8174550e+00 3.9007241e+00 4.3175184e+00 4.6619078e+00 5.0147889e+00 5.1198562e+00 5.4231516e+00 5.4718019e+00 5.5655473e+00 5.6268706e+00 5.7156399e+00 5.7489712e+00 5.7444674e+00 5.7200920e+00 5.7147392e+00 5.6561166e+00 5.5502626e+00 5.3433708e+00 5.1658154e+00 4.9914579e+00 4.9217632e+00 4.8984369e+00 4.8959410e+00 4.9276216e+00
1.0783843e+01 1.0789472e+01 9.5316157e+00 6.6781801e+00 3.3664535e+00 1.9900471e+00 2.8170304e+00 2.6943700e+00 3.7081374e+00 4.8631045e+00 5.9123902e+00 6.8586125e+00 7.5571978e+00 3.4978519e+00 3.9778965e+00 4.9328131e+00 2.7202874e+00 9.9806289e-04 8.1233884e-04 1.8720515e+00 2.4416081e+00 2.7834087e+00 3.1183046e+00 3.3723057e+00 3.5647987e+00 3.6578705e+00 3.6621595e+00 3.5511357e+00 3.7372561e+00 4.2432487e+00 4.6301266e+00 4.9385896e+00 5.1296926e+00 5.3937671e+00 5.4678913e+00 5.5243309e+00 5.5670343e+00 5.5959123e+00 5.5795447e+00 5.5539532e+00 5.4818138e+00 5.3562594e+00 5.1700783e+00 4.9591073e+00 4.7856386e+00 4.6623479e+00 4.6388599e+00 4.6625341e+00 4.7042554e+00 4.7376196e+00
1.1863195e+01 1.2093949e+01 1.1245521e+01 7.9596245e+00 8.4323637e-04 0.0000000e+00 4.4353411e-04 2.5892795e+00 4.1086715e+00 5.6540944e+00 7.0398798e+00 8.0724234e+00 8.9556061e+00 9.1373610e+00 9.3639905e+00 9.0339060e+00 7.5997504e+00 1.5935854e+00 5.6352233e-04 9.7424113e-04 2.2090947e+00 2.4870548e+00 2.7748311e+00 3.0362003e+00 3.2439464e+00 3.3818640e+00 3.4536658e+00 3.4415238e+00 3.4395883e+00 3.8360632e+00 4.2949843e+00 4.6388556e+00 4.9077652e+00 5.1094110e+00 5.2255664e+00 5.2043524e+00 5.0462589e+00 5.0463116e+00 5.0125457e+00 4.9708784e+00 4.9183573e+00 4.7820035e+00 4.6319971e+00 4.4591256e+00 4.3231175e+00 4.2644132e+00 4.3498459e+00 4.4001863e+00 4.4564978e+00 4.5323978e+00
1.2859810e+01 1.1951844e+01 1.1994788e+01 9.1721197e+00 9.0475522e-02 0.0000000e+00 0.0000000e+00 3.7825197e-04 6.2487431e+00 7.1790069e+00 8.4831577e+00 8.9414366e+00 9.5619504e+00 9.9775314e+00 1.0417550e+01 9.9481284e+00 9.6618764e+00 8.1218958e+00 4.5370118e-01 8.4457798e-04 1.6500304e+00 2.2814876e+00 2.4474981e+00 2.7241106e+00 2.9400516e+00 3.1207786e+00 3.2493191e+00 3.3632275e+00 3.5401648e+00 3.6731713e+00 4.1013262e+00 4.4441761e+00 4.6968147e+00 4.8150158e+00 4.7177252e+00 4.3627952e+00 4.0787811e+00 4.0178991e+00 4.1365386e+00 4.1917786e+00 4.1740518e+00 4.1000959e+00 4.0370712e+00 3.9972924e+00 3.9202510e+00 3.9256709e+00 3.9586333e+00 4.0406002e+00 4.1513194e+00 4.2705304e+00
1.3328949e+01 1.3714872e+01 1.3359895e+01 1.1539602e+01 8.0694386e+00 5.0652551e+00 1.4128205e+00 3.0062194e+00 9.4753094e+00 8.8082897e+00 9.8856609e+00 8.6012711e+00 9.6956658e+00 1.0181060e+01 1.0639140e+01 1.0549548e+01 9.9231541e+00 9.4860771e+00 6.6351845e+00 9.2099188e-04 7.8131556e-04 2.2377295e+00 2.2282070e+00 2.4229495e+00 2.6633211e+00 2.8799561e+00 3.0459808e+00 3.2444498e+00 3.5665032e+00 3.9067850e+00 4.0097775e+00 4.2273408e+00 4.3531979e+00 4.2109831e+00 3.8041303e+00 3.4060585e+00 3.1986127e+00 3.5130545e+00 3.7692790e+00 3.7119572e+00 3.6600732e+00 3.5269597e+00 3.5240643e+00 3.5957543e+00 3.6190646e+00 3.5926911e+00 3.6286114e+00 3.7701420e+00 4.1266487e+00 4.3137882e+00
1.3422013e+01 1.3916442e+01 1.3650990e+01 1.0403367e+01 1.1464938e+01 1.1181862e+01 1.0140274e+01 1.0912298e+01 1.1260725e+01 1.1079600e+01 1.0586464e+01 1.0255854e+01 1.1632859e+01 1.1594654e+01 1.0963413e+01 1.0958744e+01 1.0990189e+01 1.0112264e+01 7.7359161e+00 3.4229887e+00 5.8055946e-04 8.7433063e-01 2.1681943e+00 2.2035882e+00 2.4236545e+00 2.6354162e+00 2.8398954e+00 3.0753020e+00 3.4301785e+00 3.7996569e+00 4.0569681e+00 3.9720231e+00 3.8465200e+00 3.4148024e+00 3.0685366e+00 2.8091068e+00 2.7140016e+00 3.1456284e+00 3.5570096e+00 3.3380735e+00 3.2112918e+00 3.1384101e+00 3.1982664e+00 3.3381916e+00 3.3916732e+00 3.3790406e+00 3.4633741e+00 4.1215723e+00 4.8469564e+00 5.0498792e+00
1.3752305e+01 1.3902343e+01 1.3991840e+01 1.4508399e+01 1.3802559e+01 1.3509358e+01 1.3394333e+01 1.3163669e+01 1.2613206e+01 1.1960356e+01 1.1866713e+01 1.1954802e+01 1.1971655e+01 1.1835234e+01 1.1423085e+01 1.1681416e+01 1.1510446e+01 1.0767466e+01 9.6835765e+00 6.6940697e+00 9.5535874e-01 6.3113057e-04 1.2324614e+00 2.1187711e+00 2.2309866e+00 2.4377525e+00 2.6638113e+00 2.8984533e+00 3.2141692e+00 3.5156887e+00 3.7947143e+00 3.7113169e+00 3.2877901e+00 2.9374610e+00 2.6754261e+00 2.5856741e+00 2.5480994e+00 2.6704058e+00 2.7695667e+00 2.7603634e+00 2.7568565e+00 2.8531341e+00 3.0738241e+00 3.2812898e+00 3.4078586e+00 3.7782075e+00 4.6902770e+00 5.9421291e+00 6.0376044e+00 5.7506036e+00
1.4949719e+01 1.4814371e+01 1.4487889e+01 1.3869542e+01 1.4291945e+01 1.4096062e+01 1.3690674e+01 1.3616780e+01 1.2787151e+01 1.2597198e+01 1.2451519e+01 1.2647298e+01 1.2670785e+01 1.2379181e+01 1.1521233e+01 1.1560533e+01 1.1232115e+01 1.0572601e+01 1.0725150e+01 1.0107041e+01 6.4054241e+00 9.7089959e-04 9.8543000e-04 1.6190114e+00 2.1011287e+00 2.1860944e+00 2.3249943e+00 2.4977380e+00 2.6876804e+00 2.8645899e+00 3.0219119e+00 3.0727633e+00 2.9079620e+00 2.6464249e+00 2.4466694e+00 2.2670087e+00 2.2326367e+00 2.3172660e+00 2.4442343e+00 2.3774737e+00 2.6340552e+00 3.0274812e+00 3.7659906e+00 4.2276354e+00 4.6213297e+00 5.0721192e+00 5.2275629e+00 5.5234024e+00 6.0978167e+00 5.9187214e+00
1.5211454e+01 1.5672116e+01 1.5419792e+01 1.5071396e+01 1.4685391e+01 1.4018950e+01 1.3832669e+01 1.3645583e+01 1.3559872e+01 1.3157695e+01 1.2630297e+01 1.2904161e+01 1.2823382e+01 1.2775327e+01 1.1994319e+01 1.1048236e+01 1.1800302e+01 1.0773502e+01 1.0132491e+01 1.0598331e+01 8.5227002e+00 8.6651250e-04 5.9341250e-04 9.8803583e-04 1.6629500e+00 2.0987705e+00 2.2463705e+00 2.2144948e+00 2.2502294e+00 2.2638986e+00 2.1936425e+00 2.2866446e+00 2.3304859e+00 2.3522641e+00 2.1242953e+00 1.9630811e+00 2.1187356e+00 1.8353323e+00 2.0467908e+00 2.5664681e+00 3.5620596e+00 4.2487196e+00 4.6385595e+00 4.9193359e+00 5.2287236e+00 5.4955591e+00 5.6745040e+00 5.7834910e+00 6.0931464e+00 6.1528250e+00
1.5262467e+01 1.4903911e+01 1.5363440e+01 1.5064124e+01 1.4559246e+01 1.3717039e+01 1.4019805e+01 1.3932984e+01 1.4152384e+01 1.3757348e+01 1.2768848e+01 1.2641312e+01 1.2243454e+01 1.3163022e+01 1.3115789e+01 1.2176290e+01 1.2136631e+01 1.0981779e+01 1.1415278e+01 1.0863931e+01 1.0430098e+01 3.5210321e+00 0.0000000e+00 9.6447322e-04 7.3404780e-04 1.4596272e+00 1.5010431e+00 1.7663890e+00 1.6138809e+00 1.8100286e+00 1.7501407e+00 1.6204822e+00 1.6647935e+00 1.8236470e+00 2.0022586e+00 1.7432733e+00 1.8895642e+00 1.6027702e+00 2.5059162e+00 3.6862150e+00 4.3326853e+00 4.7178757e+00 5.0534886e+00 5.3299987e+00 5.6108305e+00 5.8485666e+00 6.1182876e+00 6.3510649e+00 6.4228964e+00 6.4462570e+00
1.5420472e+01 1.5529807e+01 1.5372039e+01 1.4822804e+01 1.4553476e+01 1.4430246e+01 1.4492052e+01 1.4116669e+01 1.3166016e+01 1.4097351e+01 1.3237392e+01 1.2832286e+01 1.2818665e+01 1.2911227e+01 1.3410661e+01 1.3360435e+01 1.2863026e+01 1.2400421e+01 1.1701594e+01 1.0320382e+01 1.0941326e+01 8.5059313e+00 7.0430968e-04 8.4468448e-04 9.6270595e-04 8.0830311e-04 8.1460527e-04 9.0489344e-04 9.8827140e-04 9.3221487e-04 9.7431572e-01 2.9475361e-01 1.1043923e+00 1.4317818e+00 1.3435264e+00 1.4774384e+00 2.0487046e+00 1.9691748e+00 3.2871107e+00 4.5287798e+00 4.9800993e+00 5.2692330e+00 5.5896343e+00 5.8702742e+00 6.1247924e+00 6.3150069e+00 6.5297224e+00 6.6933034e+00 6.7750944e+00 6.7949391e+00
1.5713836e+01 1.5528168e+01 1.5650603e+01 1.5216803e+01 1.4688071e+01 1.4570667e+01 1.4356138e+01 1.4299032e+01 1.4054226e+01 1.4609468e+01 1.3696657e+01 1.3218116e+01 1.2965635e+01 1.3087734e+01 1.3571854e+01 1.3089148e+01 1.3377914e+01 1.2630765e+01 1.1815887e+01 1.1421240e+01 1.1163093e+01 1.1560783e+01 8.1964446e+00 1.2147480e+00 7.6668601e-04 9.8404587e-04 9.9670748e-04 9.9769105e-04 8.0401579e-04 8.0583914e-04 6.9166942e-04 8.0722774e-04 9.1121972e-04 7.3425591e-04 8.3705556e-04 8.0452335e-04 8.6162940e-04 6.2539846e-01 5.0059141e+00 5.4085435e+00 5.6430076e+00 5.9310681e+00 6.2547068e+00 6.5006519e+00 6.7100617e+00 6.8471522e+00 6.9830872e+00 7.0199712e+00 7.0524753e+00 7.1272839e+00
1.6109252e+01 1.6016707e+01 1.5887123e+01 1.5430091e+01 1.4962108e+01 1.4769848e+01 1.4678151e+01 1.4652322e+01 1.4674867e+01 1.4451026e+01 1.3976484e+01 1.3702722e+01 1.3604406e+01 1.3613889e+01 1.3955697e+01 1.3817599e+01 1.2515616e+01 1.2659180e+01 1.2375196e+01 1.1856920e+01 1.0897064e+01 1.1705641e+01 1.1257257e+01 8.8927220e+00 7.3785154e+00 2.3213807e+00 1.4283214e+00 2.1634889e+00 7.1725777e+00 7.0960842e+00 7.4903604e+00 7.0546251e+00 5.8010614e+00 4.5470430e+00 2.5847457e+00 8.7586604e-01 8.8157481e-04 8.4035709e-04 6.2295180e+00 6.5432961e+00 6.4670009e+00 6.7191614e+00 7.0021972e+00 7.2096907e+00 7.3392047e+00 7.4325128e+00 7.4521594e+00 7.3955483e+00 7.2536809e+00 7.3878512e+00
1.5842671e+01 1.5980274e+01 1.5973531e+01 1.5641491e+01 1.5436117e+01 1.3927158e+01 1.4765428e+01 1.5175752e+01 1.4830929e+01 1.4580330e+01 1.4338614e+01 1.4265652e+01 1.4114487e+01 1.4190631e+01 1.4101448e+01 1.3858709e+01 1.3956751e+01 1.2528034e+01 1.2833232e+01 1.2480552e+01 1.2146352e+01 1.1882587e+01 1.1653382e+01 1.1566628e+01 1.0274373e+01 4.6618500e+00 3.1001856e+00 3.4573384e+00 7.3364805e+00 1.0231305e+01 1.0061186e+01 9.7275385e+00 9.9569825e+00 9.5270313e+00 9.1659572e+00 9.7137363e+00 9.1014936e+00 8.1445991e+00 8.4406145e+00 7.8440291e+00 7.6360603e+00 7.6542258e+00 7.7452028e+00 7.7945733e+00 7.8102983e+00 7.8312623e+00 7.8318481e+00 7.6922722e+00 7.4374003e+00 7.2801779e+00
1.6466281e+01 1.6400548e+01 1.6214653e+01 1.6011163e+01 1.5697762e+01 1.2054868e+01 1.4725996e+01 1.5657954e+01 1.5280847e+01 1.5065563e+01 1.4894861e+01 1.4811938e+01 1.4565645e+01 1.4525337e+01 1.4440325e+01 1.4115332e+01 1.3939654e+01 1.2749635e+01 1.2849963e+01 1.3271925e+01 1.3203113e+01 1.2555560e+01 1.1749021e+01 1.1597731e+01 1.1261151e+01 8.3876958e+00 4.3785693e+00 4.2283047e+00 7.3358670e+00 1.0294263e+01 9.3674349e+00 1.0030093e+01 9.6857190e+00 1.0120998e+01 1.0418469e+01 1.0301459e+01 9.0179616e+00 9.2519188e+00 8.7528238e+00 8.3965378e+00 8.2466650e+00 8.1909370e+00 8.1734138e+00 8.2043601e+00 8.2198420e+00 8.2244123e+00 8.2405669e+00 6.9246721e+00 7.5270847e+00 7.6409574e+00
1.6698844e+01 1.6610307e+01 1.6555911e+01 1.6319957e+01 1.6336824e+01 1.6287664e+01 1.6256933e+01 1.6170722e+01 1.6070091e+01 1.5845533e+01 1.5550715e+01 1.5469374e+01 1.5131418e+01 1.5153944e+01 1.4896697e+01 1.4508436e+01 1.2726690e+01 1.3783901e+01 1.3719367e+01 1.3197885e+01 1.3085532e+01 1.3398286e+01 1.2595080e+01 1.2048155e+01 1.1592793e+01 1.0906799e+01 7.5806676e+00 6.9344177e+00 1.0674948e+01 1.0324880e+01 9.4837281e+00 1.0132319e+01 9.1780356e+00 9.3968799e+00 1.0336517e+01 1.0288929e+01 1.0481225e+01 9.6768648e+00 9.0962418e+00 8.8365894e+00 8.6334099e+00 8.5149867e+00 8.4873160e+00 8.4700160e+00 8.4976166e+00 8.4782394e+00 8.4742102e+00 6.3783659e+00 6.7785635e+00 7.8256564e+00
1.6954645e+01 1.6862239e+01 1.6820451e+01 1.6787361e+01 1.6683708e+01 1.6542519e+01 1.6502882e+01 1.6197608e+01 1.6430763e+01 1.6189852e+01 1.6190069e+01 1.5705662e+01 1.5569929e+01 1.5392238e+01 1.5232887e+01 1.4740924e+01 1.4055869e+01 1.4385613e+01 1.4307100e+01 1.4169880e+01 1.3626998e+01 1.4063482e+01 1.3470300e+01 1.2703449e+01 1.2274997e+01 1.1253339e+01 1.1244113e+01 1.1587134e+01 1.1241064e+01 1.0624380e+01 1.0259251e+01 1.0130929e+01 9.7999008e+00 1.0101697e+01 1.0295505e+01 1.0771273e+01 1.0598249e+01 1.0154426e+01 9.3841397e+00 9.0632915e+00 8.8573606e+00 8.7077224e+00 8.6463504e+00 8.5921955e+00 8.5835121e+00 8.5052174e+00 8.2737867e+00 7.9900610e+00 8.0058226e+00 8.0143153e+00
1.7251096e+01 1.7155416e+01 1.7087312e+01 1.7109558e+01 1.6985999e+01 1.6833117e+01 1.6653093e+01 1.6532055e+01 1.6491557e+01 1.6334548e+01 1.6169399e+01 1.6104657e+01 1.5855616e+01 1.5585015e+01 1.5500641e+01 1.5359372e+01 1.4943902e+01 1.4617651e+01 1.4643663e+01 1.4511608e+01 1.4470371e+01 1.4466975e+01 1.4207102e+01 1.3278670e+01 1.2758922e+01 1.1814531e+01 1.2475327e+01 1.1985144e+01 1.1497020e+01 1.0901645e+01 1.0651629e+01 1.0012565e+01 9.1268740e+00 1.0050346e+01 8.4836291e+00 1.0372011e+01 1.0725088e+01 1.0267423e+01 9.6568423e+00 9.2552920e+00 8.9986538e+00 8.8052548e+00 8.7144232e+00 8.6306780e+00 8.5825441e+00 8.5402536e+00 8.3024605e+00 8.0932667e+00 7.9142132e+00 7.8412132e+00
1.7515838e+01 1.7415090e+01 1.7325177e+01 1.7270596e+01 1.7315811e+01 1.7146733e+01 1.6892312e+01 1.6691172e+01 1.6578989e+01 1.6491411e+01 1.6297287e+01 1.6217985e+01 1.6053238e+01 1.5928267e+01 1.5644922e+01 1.5207447e+01 1.4965735e+01 1.4564813e+01 1.4815120e+01 1.4790712e+01 1.4728297e+01 1.4517403e+01 1.4411727e+01 1.3612496e+01 1.3443328e+01 1.3123158e+01 1.2751614e+01 1.2240288e+01 1.2087814e+01 1.1376932e+01 1.1230388e+01 1.0747944e+01 9.8341994e+00 9.8418638e+00 9.9000214e+00 1.0829312e+01 1.0801522e+01 1.0286730e+01 9.7945104e+00 9.4207205e+00 9.1325245e+00 8.9171225e+00 8.8193573e+00 8.7217233e+00 8.6620415e+00 8.5824280e+00 8.3381381e+00 8.0829602e+00 8.0157846e+00 7.7716545e+00
1.7773831e+01 1.7816476e+01 1.7629583e+01 1.7355733e+01 1.7249204e+01 1.7146542e+01 1.7044949e+01 1.6836884e+01 1.6686937e+01 1.6642091e+01 1.6471598e+01 1.6345761e+01 1.6245564e+01 1.6292553e+01 1.5928020e+01 1.5918403e+01 1.5271955e+01 1.4507312e+01 1.4956955e+01 1.5102924e+01 1.5017229e+01 1.4760111e+01 1.4147802e+01 1.3824077e+01 1.3688981e+01 1.3581638e+01 1.2975482e+01 1.1984739e+01 1.2429245e+01 1.2482363e+01 1.1312999e+01 1.1029701e+01 1.0739787e+01 9.9607421e+00 1.0742579e+01 1.0836516e+01 9.5301238e+00 1.0214837e+01 1.0000786e+01 9.5927644e+00 9.2747797e+00 9.0675115e+00 8.9798886e+00 8.9026636e+00 8.8529780e+00 8.8265019e+00 8.7140873e+00 7.5427789e+00 8.1725128e+00 7.7995460e+00
1.7951721e+01 1.7747167e+01 1.7747755e+01 1.7515605e+01 1.7309116e+01 1.7255691e+01 1.7259226e+01 1.7063782e+01 1.6935909e+01 1.6869561e+01 1.6787029e+01 1.6685922e+01 1.6614959e+01 1.6565341e+01 1.6263807e+01 1.6126903e+01 1.5543295e+01 1.2381324e+01 1.4389531e+01 1.4844125e+01 1.4592722e+01 1.4496604e+01 1.4476295e+01 1.4314233e+01 1.4107238e+01 1.4114021e+01 1.3253966e+01 1.2734840e+01 1.1139691e+01 1.1864589e+01 1.2282138e+01 1.1857930e+01 1.1276037e+01 9.6714039e+00 1.0171990e+01 9.8501937e+00 9.0998650e+00 1.0126052e+01 1.0042022e+01 9.6911306e+00 9.3740390e+00 9.1830062e+00 9.1309604e+00 9.1165416e+00 9.1653685e+00 9.2354156e+00 9.0596625e+00 7.6692184e+00 7.7871322e+00 7.4798131e+00
1.8001290e+01 1.7896328e+01 1.7751346e+01 1.7646897e+01 1.7458113e+01 1.7392061e+01 1.7390260e+01 1.7386336e+01 1.7330437e+01 1.7244059e+01 1.7160110e+01 1.7033372e+01 1.6870018e+01 1.6631539e+01 1.6519973e+01 1.6084855e+01 1.5752167e+01 1.5266964e+01 1.5567630e+01 1.5146103e+01 1.4921377e+01 1.4322300e+01 1.3941997e+01 1.4381518e+01 1.4422557e+01 1.4456382e+01 1.3726031e+01 1.3147583e+01 1.2724868e+01 1.2634595e+01 1.2372180e+01 1.1834405e+01 1.1387655e+01 1.1199060e+01 1.0924433e+01 1.0852599e+01 1.0527426e+01 1.0373572e+01 1.0043195e+01 9.7404360e+00 9.4962277e+00 9.3415325e+00 9.3269141e+00 9.3962662e+00 9.2833453e+00 9.2752599e+00 9.5952419e+00 6.3463695e+00 5.5523762e+00 4.7442101e+00
