presentation/data/depth_0000.asc
ncols     164
nrows     146
xllcorner -1.242151388888889e+02
yllcorner  4.172986111111111e+01
cellsize  2.777777777820000e-04
nodata_value       -9999
[rows 88 to 109 of 146, columns 0 to 49 of 164]
1.1124045e+01 1.1147100e+01 1.1030916e+01 1.0610321e+01 1.0488725e+01 1.0682823e+01 1.0256457e+01 1.0147178e+01 9.9661307e+00 9.7548529e+00 9.5293983e+00 9.3027080e+00 9.0857929e+00 8.8547401e+00 8.5943485e+00 8.3224911e+00 8.0192637e+00 7.6066555e+00 7.0067247e+00 6.3822801e+00 5.5763527e+00 4.7581528e+00 4.0997730e+00 3.5776814e+00 3.0605644e+00 2.6231586e+00 2.3051660e+00 2.4261252e-01 0.0000000e+00 2.4245776e+00 2.6106280e+00 2.8566440e+00 2.5921308e+00 2.0885471e+00 2.3031416e+00 2.2903591e+00 2.3270042e+00 2.3512151e+00 2.3373739e+00 2.3173268e+00 2.3482129e+00 1.7351142e+00 1.6296519e+00 6.6169433e-01 2.7984144e+00 2.5978338e+00 1.9790824e+00 0.0000000e+00 0.0000000e+00 0.0000000e+00
1.1519925e+01 1.1005703e+01 1.0800065e+01 1.0547876e+01 1.0537806e+01 1.0689120e+01 1.0509804e+01 1.0376677e+01 1.0173446e+01 9.9485521e+00 9.6962600e+00 9.4664858e+00 9.2249074e+00 8.9618818e+00 8.6636168e+00 8.3181898e+00 7.9413313e+00 7.4319447e+00 6.7371533e+00 6.1163386e+00 5.3878292e+00 4.6776639e+00 4.0893815e+00 3.6202785e+00 3.1510529e+00 2.8034039e+00 2.5097119e+00 2.2724787e+00 8.9921359e-01 2.7839345e+00 2.7681576e+00 2.8077533e+00 2.7886758e+00 2.5235480e+00 2.4016784e+00 2.3800856e+00 2.3757609e+00 2.3545402e+00 2.3312540e+00 2.3119641e+00 2.3669953e+00 2.5685572e+00 2.4950763e+00 2.4389413e+00 2.4157672e+00 2.6116449e+00 2.5439145e+00 1.2905662e+00 0.0000000e+00 0.0000000e+00
1.1741806e+01 1.1162658e+01 1.0713586e+01 1.0475368e+01 1.0790179e+01 1.0813047e+01 1.0743429e+01 1.0618173e+01 1.0378508e+01 1.0116133e+01 9.8629906e+00 9.6279239e+00 9.3709134e+00 9.0979356e+00 8.7517456e+00 8.3504211e+00 7.8819723e+00 7.2955180e+00 6.5097722e+00 5.8696700e+00 5.1517955e+00 4.5048000e+00 4.0006373e+00 3.5978402e+00 3.2017123e+00 2.9251257e+00 2.8443825e+00 2.9064113e+00 2.8904747e+00 2.8836053e+00 2.9174900e+00 2.9284370e+00 2.8277695e+00 2.6616276e+00 2.5734648e+00 2.5076634e+00 2.4515758e+00 2.4036724e+00 2.3699011e+00 2.3548978e+00 2.4058787e+00 2.5240020e+00 2.4741114e+00 2.2991819e+00 2.3705704e+00 2.4563408e+00 2.5805988e+00 2.4245825e+00 1.0473946e+00 1.3266416e+00
1.1605018e+01 1.1234129e+01 1.0943046e+01 1.0862151e+01 1.0941560e+01 1.1089157e+01 1.1094371e+01 1.0951006e+01 1.0627976e+01 1.0271385e+01 1.0031446e+01 9.7938674e+00 9.5667105e+00 9.2749387e+00 8.8966909e+00 8.4243394e+00 7.8694821e+00 7.1968199e+00 6.3322432e+00 5.6296048e+00 4.9057908e+00 4.2777033e+00 3.7860139e+00 3.4816737e+00 3.1846036e+00 2.9906377e+00 2.9157295e+00 2.9455019e+00 2.9960812e+00 3.0297288e+00 3.0550895e+00 3.0558394e+00 2.9966240e+00 2.8595986e+00 2.7266099e+00 2.6099900e+00 2.5201089e+00 2.4461273e+00 2.4193520e+00 2.3860088e+00 2.4396846e+00 2.5746119e+00 2.9325522e+00 3.1143213e+00 2.4768883e+00 2.0110511e+00 1.0866661e+00 1.3103054e+00 2.5148069e+00 2.5019173e+00
1.1763216e+01 1.1710525e+01 1.1600715e+01 1.1495505e+01 1.1415467e+01 1.1454005e+01 1.1194309e+01 1.1077719e+01 1.0811225e+01 1.0666837e+01 1.0282557e+01 1.0166351e+01 9.8863393e+00 9.5426637e+00 9.1076195e+00 8.5556285e+00 7.9200269e+00 7.1382328e+00 6.1853700e+00 5.3731795e+00 4.6159952e+00 3.9721309e+00 3.5089564e+00 3.2818500e+00 3.1059580e+00 3.0138418e+00 2.9703530e+00 2.9515287e+00 3.0328348e+00 3.1305998e+00 3.2027985e+00 3.2380194e+00 3.1927289e+00 3.0504703e+00 2.9037549e+00 2.7169915e+00 2.5803545e+00 2.4775415e+00 2.4248329e+00 2.3806930e+00 2.4191514e+00 2.4133804e+00 1.4615771e+00 0.0000000e+00 0.0000000e+00 0.0000000e+00 0.0000000e+00 2.6977063e-01 1.6541865e+00 2.3837537e+00
1.2718063e+01 1.2622768e+01 1.2480998e+01 1.2308046e+01 1.2153925e+01 1.2002735e+01 1.2005805e+01 1.1825459e+01 1.1166665e+01 1.0852474e+01 1.1092642e+01 1.0760587e+01 1.0558719e+01 9.9324387e+00 9.3818141e+00 8.7246314e+00 8.0293949e+00 7.1437286e+00 6.0557153e+00 5.1234443e+00 4.2646046e+00 3.6017874e+00 3.2083244e+00 3.0548634e+00 2.8941994e+00 2.7226891e+00 2.7143257e+00 2.9317587e+00 3.0550429e+00 3.2099514e+00 3.3600555e+00 3.4415111e+00 3.4062291e+00 3.2542131e+00 3.0521173e+00 2.7942862e+00 2.5974504e+00 2.5039764e+00 2.5054567e+00 2.4230481e+00 2.4800021e+00 8.0089191e-01 0.0000000e+00 0.0000000e+00 0.0000000e+00 0.0000000e+00 0.0000000e+00 4.3329510e-01 2.4861580e+00 2.3266609e+00
1.3827722e+01 1.3618981e+01 1.3393233e+01 1.3175777e+01 1.2967649e+01 1.2788886e+01 1.2828224e+01 1.2586769e+01 1.2243630e+01 1.2041029e+01 1.1917199e+01 1.1790806e+01 1.1120512e+01 1.0373910e+01 9.6282726e+00 8.8995261e+00 8.1502606e+00 7.1752890e+00 5.9796853e+00 4.9288354e+00 3.9603478e+00 3.2268491e+00 2.9525662e+00 2.9434472e+00 2.5310197e+00 1.8514837e+00 1.9980355e+00 2.8553472e+00 3.0775250e+00 3.3047015e+00 3.5311293e+00 3.6700869e+00 3.6447688e+00 3.4620550e+00 3.1838237e+00 2.8620383e+00 2.5776736e+00 2.5359240e+00 2.5566110e+00 2.3251932e+00 2.5725972e+00 1.2781375e+00 0.0000000e+00 0.0000000e+00 0.0000000e+00 0.0000000e+00 0.0000000e+00 8.4848421e-01 2.5613509e+00 2.3998856e+00
1.4664253e+01 1.4424601e+01 1.4183493e+01 1.3974592e+01 1.3799721e+01 1.3659785e+01 1.3528154e+01 1.3407692e+01 1.3186942e+01 1.2707227e+01 1.1316966e+01 1.1676703e+01 1.1249674e+01 1.0619930e+01 9.8878907e+00 9.1429907e+00 8.4153017e+00 7.4593077e+00 6.0937698e+00 4.8450003e+00 3.6386576e+00 2.1937491e+00 2.0928208e+00 1.8109288e+00 2.1573310e+00 2.1458579e+00 2.2494820e+00 2.4097299e+00 3.1262578e+00 3.6651898e+00 4.0274262e+00 4.2292022e+00 4.2353262e+00 3.9904784e+00 3.6252823e+00 3.0838564e+00 2.5341954e+00 2.4407433e+00 1.5723585e+00 1.3680323e+00 2.5780568e+00 1.8554949e+00 0.0000000e+00 0.0000000e+00 0.0000000e+00 0.0000000e+00 8.0313020e-01 2.3463816e+00 2.4515292e+00 2.5002798e+00
1.5388370e+01 1.5204293e+01 1.5041710e+01 1.4944013e+01 1.4775283e+01 1.4580786e+01 1.4469615e+01 1.3950926e+01 1.2675794e+01 1.1811057e+01 1.1112943e+01 1.1130681e+01 1.0912748e+01 1.0470116e+01 9.9794946e+00 9.3801810e+00 8.7488457e+00 7.8775853e+00 6.4758147e+00 5.0509591e+00 3.4960684e+00 2.6136132e+00 1.4210357e+00 3.6964270e-01 2.1291806e+00 2.4862128e+00 2.5724057e+00 2.6174553e+00 3.5741592e+00 4.2537134e+00 4.6804288e+00 4.9132822e+00 4.9207792e+00 4.6455094e+00 4.2139953e+00 3.5803411e+00 2.8140453e+00 2.3947111e+00 2.5715315e+00 2.7054875e+00 2.7304132e+00 2.5176177e+00 2.3034571e+00 2.3772226e+00 1.9027627e+00 1.5003158e+00 1.8265462e+00 1.7606812e+00 2.6961476e+00 2.6999968e+00
1.6004246e+01 1.6242071e+01 1.5991890e+01 1.5543148e+01 1.5174533e+01 1.5280599e+01 1.4768028e+01 1.4637736e+01 1.2595014e+01 1.1064700e+01 1.1058886e+01 1.0916134e+01 1.0610586e+01 1.0391287e+01 1.0087320e+01 9.6431666e+00 9.1970555e+00 8.5648089e+00 7.2481148e+00 5.7996112e+00 3.7785461e+00 2.5685205e+00 2.2645795e+00 1.9414171e+00 1.7848394e+00 3.0607825e+00 3.6849317e+00 4.1009933e+00 4.6457770e+00 5.1759213e+00 5.5583951e+00 5.7740008e+00 5.7656035e+00 5.4971593e+00 5.0957047e+00 4.5201759e+00 3.8595839e+00 3.3915663e+00 3.4409256e+00 3.4591627e+00 3.2677200e+00 3.0434838e+00 2.9814655e+00 2.7803588e+00 2.4737292e+00 1.6093920e+00 1.9586019e+00 2.5998061e+00 2.8690964e+00 2.9008600e+00
1.7181837e+01 1.7293394e+01 1.6399703e+01 1.6292480e+01 1.5315453e+01 1.5626562e+01 1.5068394e+01 1.2733420e+01 1.1197581e+01 1.1431779e+01 1.1119375e+01 1.0780738e+01 1.0592761e+01 1.0500964e+01 1.0279874e+01 9.9213847e+00 9.7177841e+00 9.6296657e+00 8.7097091e+00 7.7138149e+00 6.2610083e+00 3.9668055e+00 2.7656790e+00 2.6232520e+00 2.8670010e+00 4.2781492e+00 5.2466899e+00 5.6808940e+00 6.0493558e+00 6.4051540e+00 6.6828086e+00 6.8243539e+00 6.7988368e+00 6.5659529e+00 6.2373081e+00 5.7812852e+00 5.2538107e+00 4.8531559e+00 4.6104559e+00 4.3917405e+00 4.1301595e+00 3.7758202e+00 3.3952930e+00 2.9964725e+00 2.5392706e+00 2.4434894e+00 2.7249460e+00 2.9706074e+00 3.0935689e+00 3.1513846e+00
1.7497940e+01 1.8019521e+01 1.7558531e+01 1.6896286e+01 1.6741008e+01 1.5363168e+01 1.3799739e+01 9.1217405e+00 9.5581363e+00 9.7003480e+00 1.0829986e+01 1.1342999e+01 1.0689343e+01 1.0720757e+01 1.0657438e+01 1.0295169e+01 9.8817058e+00 1.0493155e+01 1.0728673e+01 1.0121486e+01 9.7088896e+00 7.6974347e+00 6.2882277e+00 6.5508065e+00 7.1158602e+00 7.8403916e+00 7.6652143e+00 7.4596879e+00 7.5121547e+00 7.7106337e+00 7.8960594e+00 7.9682716e+00 7.9291722e+00 7.7510278e+00 7.4786460e+00 7.1191761e+00 6.6458036e+00 6.4752705e+00 6.2429973e+00 5.6258542e+00 5.0575703e+00 4.6229484e+00 4.1827550e+00 3.7150714e+00 3.2556892e+00 3.0167246e+00 3.1218368e+00 3.3059202e+00 3.4333731e+00 3.4492790e+00
1.7635023e+01 1.6219745e+01 1.7926357e+01 1.7397541e+01 1.7151949e+01 1.6267822e+01 1.2482931e+01 1.0446644e+01 7.7663193e+00 6.7666758e+00 9.5160762e+00 1.1647896e+01 1.0605927e+01 1.0838365e+01 1.1180527e+01 1.1114124e+01 1.0212214e+01 1.1057730e+01 1.2159821e+01 1.2294756e+01 1.1445725e+01 1.0992527e+01 1.0167870e+01 1.0370434e+01 1.0804391e+01 1.1202281e+01 9.7351584e+00 8.7434503e+00 8.5967158e+00 8.7434952e+00 8.8794425e+00 8.8949103e+00 8.8379793e+00 8.7187671e+00 8.5269640e+00 8.1994163e+00 7.9243738e+00 6.8923097e+00 7.2892119e+00 6.6848716e+00 5.8972937e+00 5.3637805e+00 4.8728101e+00 4.4080318e+00 3.9798369e+00 3.7070644e+00 3.6663704e+00 3.7481738e+00 3.7805223e+00 3.7513427e+00
1.8893064e+01 1.7914052e+01 1.8271392e+01 1.7393064e+01 1.7233982e+01 1.6345002e+01 1.4486715e+01 1.3500193e+01 1.1092734e+01 1.2270322e+01 1.2859420e+01 1.2977931e+01 1.2230668e+01 1.2170602e+01 1.1991886e+01 1.2040190e+01 1.2612759e+01 1.2760541e+01 1.2833083e+01 1.1803428e+01 1.1897231e+01 1.2243021e+01 1.2236702e+01 1.1964958e+01 1.2133487e+01 1.1632005e+01 9.8771240e+00 9.4124491e+00 9.8009306e+00 9.9841999e+00 1.0040196e+01 9.9178496e+00 9.8378428e+00 9.8198295e+00 9.6771752e+00 9.4634845e+00 9.5205675e+00 5.7988952e+00 1.8674816e+00 6.6491744e+00 7.1926389e+00 6.4035593e+00 5.7616236e+00 5.2316865e+00 4.8210878e+00 4.5511724e+00 4.5177685e+00 4.3391433e+00 4.2041402e+00 4.1206103e+00
1.8915114e+01 1.8325916e+01 1.7414651e+01 1.7777626e+01 1.7529230e+01 1.6816243e+01 1.7211670e+01 1.5325362e+01 1.4939085e+01 1.4758844e+01 1.3103084e+01 9.6997759e+00 1.3879302e+01 1.3535021e+01 1.2995753e+01 1.3361674e+01 1.3537008e+01 1.3459424e+01 1.3342875e+01 1.2984065e+01 1.2748186e+01 1.2093929e+01 1.2160780e+01 1.1518986e+01 1.2541697e+01 1.2515947e+01 1.0943190e+01 1.0486576e+01 1.0971025e+01 1.1152507e+01 1.1359904e+01 1.1090175e+01 1.0927276e+01 1.1259686e+01 1.1337897e+01 1.1001227e+01 1.1251532e+01 9.3962075e+00 8.3773043e+00 8.2752696e+00 3.2534281e+00 2.8091477e+00 6.5241883e+00 6.4491638e+00 6.0563467e+00 4.8647375e+00 1.9469244e+00 4.1964419e+00 4.9607149e+00 4.6887189e+00
1.8785143e+01 1.8325749e+01 1.7470796e+01 1.8485904e+01 1.8097835e+01 1.7468444e+01 1.6353955e+01 1.5398779e+01 1.5882428e+01 1.3077651e+01 1.3861198e+01 1.0596502e+01 1.3540806e+01 1.4627152e+01 1.4260367e+01 1.4084138e+01 1.3942112e+01 1.3941145e+01 1.3511759e+01 1.3217346e+01 1.3061035e+01 1.2702030e+01 1.2557888e+01 1.1175521e+01 1.2216990e+01 1.2453109e+01 1.2585694e+01 1.1845763e+01 1.2365503e+01 1.1801920e+01 1.1654143e+01 1.1547115e+01 1.1379115e+01 1.1603719e+01 1.2034451e+01 1.1417476e+01 1.1532610e+01 1.1827836e+01 1.1011749e+01 9.7732777e+00 6.9987032e+00 6.5147112e+00 7.6742289e+00 7.2344282e+00 6.9157946e+00 5.5959780e+00 2.1253877e+00 4.6293452e+00 5.5850070e+00 5.1918961e+00
1.9497085e+01 1.8627570e+01 1.8867597e+01 1.8888420e+01 1.5735262e+01 1.8070350e+01 1.6786820e+01 1.6189407e+01 1.6182877e+01 1.4412526e+01 1.5124926e+01 1.4322293e+01 1.4441632e+01 1.5490493e+01 1.4809540e+01 1.4557091e+01 1.4511011e+01 1.4552949e+01 1.4267848e+01 1.3643987e+01 1.3385426e+01 1.3108973e+01 1.2838392e+01 1.2349616e+01 1.2857978e+01 1.2739383e+01 1.2612216e+01 1.2413998e+01 1.2543930e+01 1.2067553e+01 1.1870753e+01 1.1531633e+01 1.1105965e+01 1.1526987e+01 1.0702591e+01 1.1538954e+01 1.1579708e+01 1.1569699e+01 1.0997892e+01 1.0296106e+01 9.7999994e+00 9.1660464e+00 8.4235429e+00 7.8783749e+00 7.4911992e+00 7.0437778e+00 6.3988444e+00 6.4086412e+00 6.0935678e+00 5.7259104e+00
1.9766852e+01 1.9506775e+01 1.9173168e+01 1.8516989e+01 1.7386798e+01 1.8071261e+01 1.7367940e+01 1.6817509e+01 1.6638863e+01 1.6289430e+01 1.6353722e+01 1.6327514e+01 1.6049935e+01 1.5895213e+01 1.5425424e+01 1.5249291e+01 1.4758111e+01 1.3744268e+01 1.3880459e+01 1.4493460e+01 1.3874837e+01 1.3524905e+01 1.3495084e+01 1.3232228e+01 1.3163658e+01 1.2370370e+01 1.1980921e+01 1.2550851e+01 1.2829019e+01 1.2209518e+01 1.1929993e+01 1.1916890e+01 1.0816142e+01 1.0467445e+01 1.1606222e+01 1.1870301e+01 1.1831860e+01 1.1519509e+01 1.1104049e+01 1.0600580e+01 1.0011826e+01 9.4221381e+00 8.9212579e+00 8.5014282e+00 8.1086997e+00 7.8063073e+00 7.5581932e+00 7.1481823e+00 6.6720563e+00 6.2916689e+00
1.9480568e+01 1.9339215e+01 1.8589220e+01 1.8580125e+01 1.8573607e+01 1.7929569e+01 1.8409852e+01 1.7890322e+01 1.7578040e+01 1.7520064e+01 1.7145991e+01 1.6739602e+01 1.6374884e+01 1.6373068e+01 1.5933522e+01 1.5365832e+01 1.4356231e+01 1.3281103e+01 1.4251654e+01 1.5037818e+01 1.4492296e+01 1.4230917e+01 1.4116858e+01 1.3657790e+01 1.3448612e+01 1.2691978e+01 1.2832517e+01 1.2948094e+01 1.2354894e+01 1.2613695e+01 1.1532150e+01 1.0579031e+01 1.0334601e+01 9.8671743e+00 1.0487550e+01 1.1283704e+01 1.1138716e+01 1.0987977e+01 1.1157208e+01 1.1089537e+01 1.0354917e+01 9.8378928e+00 9.3861377e+00 8.9975830e+00 8.6638741e+00 8.3923284e+00 8.1144264e+00 7.7880130e+00 7.3236916e+00 6.8551916e+00
1.8893840e+01 1.8851123e+01 1.9184605e+01 1.8803409e+01 1.8678047e+01 1.8649460e+01 1.8510744e+01 1.8383045e+01 1.8221585e+01 1.7947668e+01 1.7544275e+01 1.6948161e+01 1.6816955e+01 1.6225482e+01 1.5924930e+01 1.6415099e+01 1.5599297e+01 1.5160262e+01 1.5622141e+01 1.5512017e+01 1.5114839e+01 1.4770934e+01 1.4466504e+01 1.4211304e+01 1.3856649e+01 1.3612777e+01 1.2535978e+01 1.3404907e+01 1.3740968e+01 1.2272678e+01 1.2356748e+01 1.1850931e+01 1.1233610e+01 1.1141923e+01 1.0854253e+01 1.1013116e+01 1.0353882e+01 9.3785612e+00 1.1357527e+01 1.1371965e+01 1.0781706e+01 1.0324443e+01 9.7707187e+00 9.3876571e+00 9.1580195e+00 8.9546645e+00 8.7532459e+00 8.4734545e+00 8.0320789e+00 7.5376023e+00
1.9977052e+01 1.9855262e+01 1.9524977e+01 1.9096851e+01 1.8898166e+01 1.8367627e+01 1.8419887e+01 1.8483441e+01 1.8406376e+01 1.8174777e+01 1.7809839e+01 1.7443401e+01 1.7205959e+01 1.6835205e+01 1.6632554e+01 1.6670033e+01 1.6573621e+01 1.6372760e+01 1.6619223e+01 1.6138424e+01 1.5639647e+01 1.5329401e+01 1.5174489e+01 1.4842712e+01 1.4647276e+01 1.4493309e+01 1.4048583e+01 1.3531437e+01 1.3080453e+01 1.0409270e+01 1.1053219e+01 1.1385337e+01 1.1513942e+01 1.1872317e+01 1.1435633e+01 1.0914662e+01 1.0781153e+01 1.0684030e+01 1.0192528e+01 1.0714043e+01 9.7512886e+00 9.3456737e+00 9.7385414e+00 9.7839256e+00 9.6081395e+00 9.5024252e+00 9.3857724e+00 9.1692581e+00 8.7541334e+00 8.2811257e+00
1.9279678e+01 1.9940093e+01 1.9794719e+01 1.9460415e+01 1.9263702e+01 1.9192689e+01 1.9024259e+01 1.8832303e+01 1.8444360e+01 1.8221013e+01 1.8026258e+01 1.7916313e+01 1.8011443e+01 1.7495007e+01 1.6507205e+01 1.7094255e+01 1.6966021e+01 1.6262689e+01 1.6648519e+01 1.6710559e+01 1.6296559e+01 1.6251444e+01 1.5642386e+01 1.5431898e+01 1.4995129e+01 1.4756184e+01 1.4879637e+01 1.4762216e+01 1.4379031e+01 1.2203968e+01 1.3236114e+01 1.3134738e+01 1.2579153e+01 1.2177459e+01 1.1857868e+01 1.1396098e+01 1.1078790e+01 1.0421922e+01 1.0150270e+01 8.7850605e+00 2.6311790e+00 3.0090526e+00 9.0570955e+00 1.0167956e+01 9.9307213e+00 9.9601199e+00 9.9140384e+00 9.7498909e+00 9.3830849e+00 8.9202974e+00
