presentation/data/depth_0038.asc
ncols     164
nrows     146
xllcorner -1.242151388888889e+02
yllcorner  4.172986111111111e+01
cellsize  2.777777777820000e-04
nodata_value       -9999
[rows 88 to 109 of 146, columns 0 to 49 of 164]
1.0608059e+01 1.0636611e+01 1.0530233e+01 1.0110756e+01 9.9989104e+00 1.0211353e+01 9.7949986e+00 9.7020442e+00 9.5364145e+00 9.3495934e+00 9.1350950e+00 8.9273151e+00 8.7316543e+00 8.5238166e+00 8.2863148e+00 8.0385845e+00 7.7589616e+00 7.3672188e+00 6.7875282e+00 6.1790121e+00 5.3855401e+00 4.5787750e+00 3.9408709e+00 3.4363157e+00 2.9416303e+00 2.5731764e+00 2.3750776e+00 4.0749274e-01 0.0000000e+00 1.3631675e+00 1.7660312e+00 2.2044908e+00 1.9031683e+00 1.2990196e+00 1.7045859e+00 1.7362803e+00 1.7660312e+00 1.8006813e+00 1.7913994e+00 1.8079747e+00 1.9107749e+00 1.2100155e+00 8.6594477e-01 1.5853608e-01 1.0486232e+00 9.9792436e-01 3.3262901e-01 8.9677579e-04 9.9938044e-04 9.9742919e-04
1.0972433e+01 1.0459839e+01 1.0261341e+01 1.0009962e+01 1.0012256e+01 1.0183007e+01 1.0016701e+01 9.9021792e+00 9.7148689e+00 9.5138926e+00 9.2709479e+00 9.0592795e+00 8.8371229e+00 8.5952711e+00 8.3181647e+00 7.9942440e+00 7.6360091e+00 7.1507695e+00 6.4771953e+00 5.8761882e+00 5.1607813e+00 4.4583497e+00 3.8725167e+00 3.3996909e+00 2.9050372e+00 2.4993457e+00 2.1038363e+00 1.3144867e+00 2.8117888e-01 1.9529640e+00 2.0374406e+00 2.1267073e+00 2.1341730e+00 1.9001733e+00 1.8215616e+00 1.8027943e+00 1.7890676e+00 1.7427217e+00 1.6884966e+00 1.6519924e+00 1.6913980e+00 1.8830231e+00 1.7215969e+00 1.4869580e+00 9.4328218e-01 9.5569233e-01 8.8399214e-01 8.6194592e-04 9.5581389e-04 9.6805874e-04
1.1125557e+01 1.0562587e+01 1.0121476e+01 9.8921013e+00 1.0236292e+01 1.0276292e+01 1.0223822e+01 1.0116205e+01 9.8907747e+00 9.6484092e+00 9.4017184e+00 9.1824109e+00 8.9422434e+00 8.6886036e+00 8.3612494e+00 7.9800040e+00 7.5304597e+00 6.9692625e+00 6.2060205e+00 5.5899111e+00 4.8880348e+00 4.2491610e+00 3.7429698e+00 3.3212518e+00 2.8726414e+00 2.4908883e+00 2.2841063e+00 2.1813816e+00 1.7878252e+00 2.1989594e+00 2.2642113e+00 2.3191168e+00 2.2003875e+00 1.9998382e+00 1.9240666e+00 1.8584384e+00 1.7794053e+00 1.6934575e+00 1.6274532e+00 1.5883187e+00 1.6652123e+00 1.8122829e+00 1.6963740e+00 1.3792270e+00 1.0232961e+00 8.2003845e-01 9.3580702e-01 7.9595606e-01 8.4166559e-04 4.4496999e-03
1.0942454e+01 1.0586131e+01 1.0311681e+01 1.0254976e+01 1.0361966e+01 1.0529126e+01 1.0552063e+01 1.0420659e+01 1.0107822e+01 9.7653932e+00 9.5298174e+00 9.3046726e+00 9.0932347e+00 8.8191795e+00 8.4574516e+00 8.0034062e+00 7.4665769e+00 6.8199149e+00 5.9816262e+00 5.3043275e+00 4.6037154e+00 3.9833917e+00 3.4825217e+00 3.1523306e+00 2.7979890e+00 2.5099854e+00 2.3127157e+00 2.2252806e+00 2.2139700e+00 2.2993223e+00 2.3338863e+00 2.3820523e+00 2.2851884e+00 2.1087390e+00 1.9763908e+00 1.8529987e+00 1.7468599e+00 1.6635446e+00 1.6518352e+00 1.6393435e+00 1.7113770e+00 1.7978835e+00 2.0954765e+00 2.1811180e+00 1.3100079e+00 3.8938642e-01 9.5920286e-04 9.7359434e-04 1.7118616e-01 2.3427407e-01
1.1117035e+01 1.1066558e+01 1.0976722e+01 1.0889000e+01 1.0826037e+01 1.0880242e+01 1.0623786e+01 1.0517494e+01 1.0258470e+01 1.0127115e+01 9.7379373e+00 9.6369073e+00 9.3687105e+00 9.0402820e+00 8.6166751e+00 8.0782151e+00 7.4587886e+00 6.6965233e+00 5.7794948e+00 5.0005814e+00 4.2729495e+00 3.6521707e+00 3.1833859e+00 2.9387267e+00 2.7189321e+00 2.5381517e+00 2.3464868e+00 2.1368213e+00 2.0811950e+00 2.1775487e+00 2.2756948e+00 2.3973307e+00 2.3737921e+00 2.2310867e+00 2.0884551e+00 1.8947707e+00 1.7607175e+00 1.6878694e+00 1.6962748e+00 1.6962917e+00 1.7640076e+00 1.7458986e+00 8.6767936e-01 9.5183254e-04 8.2301847e-04 9.0708775e-04 8.7134453e-04 9.4571145e-04 9.8206770e-04 3.3240849e-01
1.2096104e+01 1.2005027e+01 1.1870653e+01 1.1706991e+01 1.1563124e+01 1.1418819e+01 1.1429977e+01 1.1259213e+01 1.0595824e+01 1.0289518e+01 1.0544205e+01 1.0208890e+01 1.0016312e+01 9.3868622e+00 8.8369910e+00 8.1808666e+00 7.4923064e+00 6.6240283e+00 5.5639280e+00 4.6816699e+00 3.8741519e+00 3.2717340e+00 2.8728865e+00 2.7280984e+00 2.5174311e+00 2.2279754e+00 1.9569277e+00 1.8547553e+00 1.8159524e+00 2.0423720e+00 2.2697348e+00 2.4398458e+00 2.4664866e+00 2.3501757e+00 2.1688696e+00 1.9113667e+00 1.7522114e+00 1.7466696e+00 1.8602118e+00 1.8259550e+00 1.8823633e+00 1.4899542e-01 0.0000000e+00 0.0000000e+00 0.0000000e+00 0.0000000e+00 0.0000000e+00 9.6584751e-04 2.5130668e-01 1.6221963e-01
1.3241474e+01 1.3023346e+01 1.2796848e+01 1.2582087e+01 1.2378881e+01 1.2206981e+01 1.2256785e+01 1.2022732e+01 1.1686178e+01 1.1497418e+01 1.1375349e+01 1.1224810e+01 1.0541604e+01 9.7748947e+00 9.0111295e+00 8.2665229e+00 7.5083433e+00 6.5368592e+00 5.3724997e+00 4.3718194e+00 3.4982898e+00 2.8823260e+00 2.6129872e+00 2.6790155e+00 2.1831974e+00 1.2070330e+00 9.8164776e-01 1.1215004e+00 1.5179472e+00 1.9616771e+00 2.3064559e+00 2.5626681e+00 2.5995367e+00 2.4700622e+00 2.2162302e+00 1.9183187e+00 1.7165295e+00 1.7978563e+00 1.9234950e+00 1.7048827e+00 1.9177455e+00 6.1677463e-01 7.2686686e-04 0.0000000e+00 0.0000000e+00 0.0000000e+00 9.9029497e-04 9.8109842e-04 3.8691642e-01 2.2286850e-01
1.4068082e+01 1.3823289e+01 1.3582596e+01 1.3376047e+01 1.3209321e+01 1.3079884e+01 1.2957128e+01 1.2848361e+01 1.2636067e+01 1.2152229e+01 1.0704955e+01 1.1047319e+01 1.0591533e+01 9.9323049e+00 9.1681670e+00 8.3924678e+00 7.6368403e+00 6.6592648e+00 5.2948558e+00 4.0522863e+00 2.9442620e+00 1.5459241e+00 1.6135504e+00 1.4331728e+00 1.4299502e+00 1.1222863e+00 9.6433501e-01 7.3819344e-01 1.2170707e+00 2.3923274e+00 2.8660603e+00 3.1390836e+00 3.2112309e+00 2.9801432e+00 2.6314279e+00 2.0982726e+00 1.5692765e+00 1.5648756e+00 7.1336464e-01 5.4529468e-01 1.7924408e+00 1.0375423e+00 7.9485918e-04 9.5977383e-04 8.9437024e-04 9.9724290e-04 9.9448546e-04 2.7176482e-01 3.2222858e-01 4.2734281e-01
1.4784494e+01 1.4594981e+01 1.4436592e+01 1.4345372e+01 1.4185463e+01 1.3997657e+01 1.3896188e+01 1.3385898e+01 1.2081774e+01 1.1165101e+01 1.0389526e+01 1.0393177e+01 1.0136198e+01 9.6477360e+00 9.1127190e+00 8.4627992e+00 7.7701978e+00 6.8338544e+00 5.3746504e+00 3.9252333e+00 2.4750543e+00 1.7948739e+00 8.5731122e-01 2.4409767e-01 5.8255566e-01 8.4027928e-01 8.4427370e-01 8.8187164e-01 2.2529624e+00 3.1137282e+00 3.5757160e+00 3.8466231e+00 3.8949750e+00 3.6155059e+00 3.1642715e+00 2.5071141e+00 1.7351620e+00 1.3199370e+00 1.6210647e+00 1.8094290e+00 1.8363465e+00 1.6017211e+00 1.3519677e+00 1.4387702e+00 9.6279395e-01 4.6077580e-01 3.8348804e-01 2.1079492e-01 4.9490448e-01 8.5410883e-01
1.5389870e+01 1.5630957e+01 1.5382904e+01 1.4932230e+01 1.4565565e+01 1.4675434e+01 1.4166469e+01 1.4062679e+01 1.1937894e+01 1.0310919e+01 1.0247415e+01 1.0062424e+01 9.7040347e+00 9.4293629e+00 9.0757996e+00 8.5695880e+00 8.0402639e+00 7.2929440e+00 5.8334597e+00 4.1516038e+00 2.3342055e+00 1.2326021e+00 6.4734245e-01 1.6743847e-01 1.9233238e-01 9.8166751e-01 2.1674451e+00 2.8447880e+00 3.4583807e+00 4.0360613e+00 4.4595944e+00 4.7272233e+00 4.7423528e+00 4.4826662e+00 4.0488983e+00 3.4580278e+00 2.7928510e+00 2.2760389e+00 2.4004322e+00 2.4702375e+00 2.2965198e+00 2.0690168e+00 1.9836888e+00 1.7743487e+00 1.4457944e+00 5.0274946e-01 2.2412724e-01 3.8164048e-01 9.3069045e-01 1.1009857e+00
1.6563169e+01 1.6676381e+01 1.5766743e+01 1.5665030e+01 1.4675943e+01 1.5000446e+01 1.4449497e+01 1.2089156e+01 1.0392815e+01 1.0599431e+01 1.0202614e+01 9.8020375e+00 9.5904763e+00 9.4466399e+00 9.1634341e+00 8.7207373e+00 8.4286715e+00 8.1853837e+00 6.9840004e+00 5.5843874e+00 3.2350975e+00 7.4596232e-01 6.2217285e-01 5.4688689e-01 1.0541312e+00 2.7312951e+00 3.8572366e+00 4.3951054e+00 4.8249107e+00 5.2572202e+00 5.5821175e+00 5.7851371e+00 5.8043906e+00 5.5914202e+00 5.2390882e+00 4.7741612e+00 4.2371058e+00 3.7858774e+00 3.5537244e+00 3.3426260e+00 3.1006642e+00 2.7575158e+00 2.3718161e+00 1.9453460e+00 1.3827062e+00 1.0649266e+00 9.4701541e-01 1.1593005e+00 1.4518533e+00 1.5834264e+00
1.6863666e+01 1.7388777e+01 1.6903998e+01 1.6245566e+01 1.6085447e+01 1.4687140e+01 1.3096780e+01 8.2148129e+00 8.6163037e+00 8.7036487e+00 9.7466316e+00 1.0271983e+01 9.6104231e+00 9.5811754e+00 9.4656770e+00 9.0306771e+00 8.5261391e+00 9.0591462e+00 9.2670486e+00 8.5711387e+00 7.9217894e+00 5.7952316e+00 4.5491372e+00 4.2709198e+00 5.1163220e+00 6.0902231e+00 6.0936364e+00 5.9937945e+00 6.1695408e+00 6.4772762e+00 6.7519095e+00 6.9092073e+00 6.9359851e+00 6.7939969e+00 6.5232535e+00 6.1438016e+00 5.6373926e+00 5.4229113e+00 5.2086386e+00 4.5288715e+00 4.0134609e+00 3.5863829e+00 3.1366597e+00 2.6267405e+00 2.0690931e+00 1.6291102e+00 1.5806505e+00 1.8168811e+00 2.0582888e+00 2.1024648e+00
1.6980046e+01 1.5534196e+01 1.7249609e+01 1.6706094e+01 1.6441324e+01 1.5525787e+01 1.1612922e+01 9.4519962e+00 6.6164337e+00 5.2743030e+00 8.2355199e+00 1.0514644e+01 9.4166908e+00 9.6326051e+00 9.9722449e+00 9.8750718e+00 8.8657755e+00 9.7515495e+00 1.0868142e+01 1.0964406e+01 9.9677975e+00 9.3220468e+00 8.4299810e+00 8.4460672e+00 9.0761806e+00 9.6331417e+00 8.2779793e+00 7.3737763e+00 7.3325671e+00 7.5770110e+00 7.7930585e+00 7.8808623e+00 7.8807359e+00 7.8128446e+00 7.6346811e+00 7.2839745e+00 6.9885770e+00 5.8825710e+00 6.2821359e+00 5.5609500e+00 4.8983391e+00 4.3351954e+00 3.8325633e+00 3.3789090e+00 2.8682265e+00 2.4849182e+00 2.3708404e+00 2.4581758e+00 2.5870657e+00 2.5682092e+00
1.8223422e+01 1.7229259e+01 1.7590953e+01 1.6667979e+01 1.6488430e+01 1.5545614e+01 1.3591781e+01 1.2565719e+01 1.0041617e+01 1.1376159e+01 1.2086204e+01 1.2154538e+01 1.1210847e+01 1.1140289e+01 1.0924698e+01 1.0918694e+01 1.1512708e+01 1.1702907e+01 1.1735283e+01 1.0527065e+01 1.0483569e+01 1.0727346e+01 1.0678539e+01 1.0276961e+01 1.0576319e+01 1.0189592e+01 8.4427838e+00 8.0615487e+00 8.5791754e+00 8.8568485e+00 8.9878192e+00 8.9260783e+00 8.8918507e+00 8.9271627e+00 8.8300367e+00 8.6615670e+00 8.7884145e+00 5.0297964e+00 8.7554562e-01 5.2057969e+00 6.1222410e+00 5.2998582e+00 4.6486578e+00 4.1571186e+00 3.7320063e+00 3.4107964e+00 3.3238370e+00 3.2045923e+00 3.1833705e+00 3.0794994e+00
1.8233585e+01 1.7625176e+01 1.6689419e+01 1.7022199e+01 1.6760881e+01 1.5998836e+01 1.6394356e+01 1.4450246e+01 1.4077479e+01 1.3978376e+01 1.2248387e+01 8.5807407e+00 1.2880888e+01 1.2552853e+01 1.1990441e+01 1.2362939e+01 1.2533366e+01 1.2430087e+01 1.2261457e+01 1.1826497e+01 1.1552947e+01 1.0798126e+01 1.0815965e+01 1.0018466e+01 1.1159995e+01 1.1216892e+01 9.5828915e+00 9.1959601e+00 9.8058929e+00 1.0059227e+01 1.0329237e+01 1.0092960e+01 9.9598314e+00 1.0334626e+01 1.0438968e+01 1.0108323e+01 1.0363646e+01 8.4267751e+00 7.4504954e+00 7.5309691e+00 2.1171710e+00 1.4642654e+00 5.4773427e+00 5.4475627e+00 5.0518037e+00 3.8481010e+00 7.7980766e-01 2.9100775e+00 3.8269684e+00 3.5582829e+00
1.8076115e+01 1.7600232e+01 1.6716851e+01 1.7743563e+01 1.7350458e+01 1.6672105e+01 1.5529694e+01 1.4520216e+01 1.5028463e+01 1.2134459e+01 1.2918654e+01 9.4822303e+00 1.2614512e+01 1.3687942e+01 1.3314634e+01 1.3124383e+01 1.2950068e+01 1.2926770e+01 1.2444666e+01 1.2092479e+01 1.1898870e+01 1.1492919e+01 1.1340068e+01 9.7834167e+00 1.0945872e+01 1.1203847e+01 1.1366462e+01 1.0647962e+01 1.1285837e+01 1.0741327e+01 1.0629602e+01 1.0549443e+01 1.0399928e+01 1.0661885e+01 1.1125691e+01 1.0494099e+01 1.0628278e+01 1.0912469e+01 1.0095499e+01 8.7948270e+00 5.7339622e+00 5.3717763e+00 6.7667889e+00 6.2933189e+00 5.9949356e+00 4.6709801e+00 9.1274076e-01 3.2208545e+00 4.4707856e+00 4.1178490e+00
1.8780430e+01 1.7888166e+01 1.8129118e+01 1.8150041e+01 1.4897910e+01 1.7258769e+01 1.5943169e+01 1.5315851e+01 1.5301282e+01 1.3453674e+01 1.4203861e+01 1.3347807e+01 1.3578909e+01 1.4616377e+01 1.3887547e+01 1.3609068e+01 1.3544839e+01 1.3564128e+01 1.3230904e+01 1.2550942e+01 1.2275243e+01 1.1961073e+01 1.1659022e+01 1.1110814e+01 1.1731730e+01 1.1603001e+01 1.1474272e+01 1.1299543e+01 1.1504168e+01 1.1036025e+01 1.0868577e+01 1.0540901e+01 1.0118913e+01 1.0578871e+01 9.7332512e+00 1.0612501e+01 1.0667237e+01 1.0640734e+01 1.0023464e+01 9.2613493e+00 8.6898086e+00 8.1350013e+00 7.4172570e+00 6.8384544e+00 6.4378941e+00 5.9519191e+00 5.2203432e+00 5.3608331e+00 5.1241884e+00 4.7987633e+00
1.9052100e+01 1.8773061e+01 1.8428547e+01 1.7738022e+01 1.6564279e+01 1.7280870e+01 1.6524718e+01 1.5952420e+01 1.5760157e+01 1.5384067e+01 1.5486978e+01 1.5432632e+01 1.5188931e+01 1.5019513e+01 1.4509486e+01 1.4321957e+01 1.3803509e+01 1.2713732e+01 1.2806802e+01 1.3447867e+01 1.2810680e+01 1.2426233e+01 1.2403069e+01 1.2134773e+01 1.2112355e+01 1.1272461e+01 1.0860876e+01 1.1489951e+01 1.1829073e+01 1.1196060e+01 1.0936464e+01 1.0947004e+01 9.8061672e+00 9.4560434e+00 1.0664861e+01 1.0955805e+01 1.0915788e+01 1.0588419e+01 1.0144836e+01 9.6148273e+00 8.9872052e+00 8.3737709e+00 7.8803196e+00 7.4518468e+00 7.0596191e+00 6.7699575e+00 6.5481456e+00 6.1752601e+00 5.7237382e+00 5.3894014e+00
1.8754254e+01 1.8590732e+01 1.7811082e+01 1.7790788e+01 1.7769400e+01 1.7116260e+01 1.7581517e+01 1.7046866e+01 1.6728527e+01 1.6658049e+01 1.6297615e+01 1.5861203e+01 1.5490179e+01 1.5489865e+01 1.5017247e+01 1.4424458e+01 1.3361858e+01 1.2206821e+01 1.3219138e+01 1.4044346e+01 1.3463024e+01 1.3186580e+01 1.3081795e+01 1.2602602e+01 1.2402869e+01 1.1613833e+01 1.1795626e+01 1.1950339e+01 1.1360961e+01 1.1642145e+01 1.0537399e+01 9.5637409e+00 9.3229976e+00 8.8545990e+00 9.5339753e+00 1.0369387e+01 1.0210870e+01 1.0041555e+01 1.0201983e+01 1.0129809e+01 9.3488580e+00 8.7795609e+00 8.3191505e+00 7.9389480e+00 7.6276138e+00 7.3901025e+00 7.1473029e+00 6.8651402e+00 6.4343944e+00 6.0046269e+00
1.8141775e+01 1.8082305e+01 1.8412669e+01 1.8021228e+01 1.7876966e+01 1.7846404e+01 1.7692937e+01 1.7549696e+01 1.7383907e+01 1.7095168e+01 1.6686865e+01 1.6060912e+01 1.5925276e+01 1.5314638e+01 1.4973712e+01 1.5461521e+01 1.4611087e+01 1.4155464e+01 1.4666447e+01 1.4554628e+01 1.4124309e+01 1.3768257e+01 1.3455022e+01 1.3190489e+01 1.2836062e+01 1.2594139e+01 1.1486251e+01 1.2416674e+01 1.2786013e+01 1.1257059e+01 1.1348299e+01 1.0855943e+01 1.0246335e+01 1.0192175e+01 9.9402612e+00 1.0119779e+01 9.4245531e+00 8.3818043e+00 1.0431952e+01 1.0431083e+01 9.7892822e+00 9.2436570e+00 8.6385765e+00 8.3091252e+00 8.1195281e+00 7.9602977e+00 7.8047373e+00 7.5704008e+00 7.1693913e+00 6.7192991e+00
1.9229567e+01 1.9098526e+01 1.8758616e+01 1.8314457e+01 1.8102354e+01 1.7554501e+01 1.7600354e+01 1.7654598e+01 1.7567479e+01 1.7320315e+01 1.6941913e+01 1.6552716e+01 1.6305359e+01 1.5921681e+01 1.5701552e+01 1.5729833e+01 1.5624377e+01 1.5415786e+01 1.5682034e+01 1.5186941e+01 1.4665569e+01 1.4339912e+01 1.4182561e+01 1.3839914e+01 1.3651359e+01 1.3505162e+01 1.3076158e+01 1.2593449e+01 1.2140867e+01 9.3094453e+00 1.0016898e+01 1.0383374e+01 1.0539865e+01 1.0939782e+01 1.0509788e+01 9.9853528e+00 9.8515512e+00 9.7677280e+00 9.2763659e+00 9.7971699e+00 8.7516749e+00 8.1505230e+00 8.5048764e+00 8.7485984e+00 8.6001617e+00 8.5388964e+00 8.4633446e+00 8.2803127e+00 7.8903032e+00 7.4681318e+00
1.8514708e+01 1.9175842e+01 1.9020611e+01 1.8670415e+01 1.8464009e+01 1.8386601e+01 1.8214169e+01 1.8011247e+01 1.7604550e+01 1.7362048e+01 1.7153961e+01 1.7030893e+01 1.7126541e+01 1.6595956e+01 1.5567694e+01 1.6174816e+01 1.6045420e+01 1.5310936e+01 1.5709558e+01 1.5767158e+01 1.5339741e+01 1.5294373e+01 1.4661317e+01 1.4446583e+01 1.4007121e+01 1.3766530e+01 1.3899982e+01 1.3800443e+01 1.3400644e+01 1.1133007e+01 1.2283635e+01 1.2203171e+01 1.1649350e+01 1.1259383e+01 1.0947199e+01 1.0499028e+01 1.0211579e+01 9.5820367e+00 9.3897723e+00 8.0919578e+00 1.5848136e+00 1.2405001e+00 7.5173391e+00 8.9939469e+00 8.8095608e+00 8.9208912e+00 8.9371553e+00 8.8321123e+00 8.5114871e+00 8.0805320e+00
