presentation/data/depth_0023.asc
ncols     164
nrows     146
xllcorner -1.242151388888889e+02
yllcorner  4.172986111111111e+01
cellsize  2.777777777820000e-04
nodata_value       -9999
[rows 88 to 109 of 146, columns 100 to 149 of 164]
6.1104953e+00 5.1116684e+00 4.0994753e+00 4.4981044e+00 4.1843496e+00 3.4053916e+00 3.0916114e+00 2.9219936e+00 3.1821833e+00 4.6544233e+00 5.0030020e+00 3.9902542e+00 2.4631721e+00 1.2672144e+00 1.0054556e-02 1.2473955e-02 1.1752339e+00 2.0115452e+00 4.0620553e-01 1.4874629e-01 1.7430214e-01 1.1400434e-01 1.2202682e-01 3.5457256e-01 6.0077377e-01 7.9518575e-01 7.3848211e-01 5.8729627e-01 3.2128889e-01 1.7373468e-01 2.0334763e-01 5.0000597e-02 5.8717872e-01 1.4870592e+00 1.6660278e+00 1.3596513e+00 1.1918420e+00 3.7835149e-02 1.4417665e-02 4.6130757e-02 2.3057242e-01 4.6319381e-01 5.9083964e-01 4.1830346e-01 5.1306402e-01 1.5596540e-01 6.0908472e-02 7.5167798e-01 6.3443870e-01 6.8542684e-01
6.1006139e+00 5.7943626e+00 4.7073729e+00 4.3883134e+00 4.1954310e+00 3.9287201e+00 3.8122772e+00 4.5108645e+00 4.2616643e+00 4.3090723e+00 3.7513573e+00 3.8692341e+00 4.2641969e+00 4.5364700e+00 3.4676922e+00 2.7175371e+00 3.0238304e+00 3.6501794e+00 3.7080728e+00 2.2213390e+00 4.1967255e-01 9.7645269e-02 3.1047844e-01 3.6456376e-01 3.3294020e-01 5.1720036e-01 6.0507636e-01 6.3312039e-01 6.6941064e-01 6.1658363e-01 4.5946040e-01 1.0720090e+00 2.1316264e+00 2.1712494e+00 2.2334165e+00 2.1651657e+00 1.8389225e+00 9.9892541e-01 7.1256261e-03 9.5296618e-04 7.9335013e-04 9.5260491e-02 1.4135869e-01 1.7886338e-01 3.8007156e-01 4.1692129e-01 4.3232116e-01 4.4352235e-01 3.6781828e-01 4.0523751e-01
5.4553537e+00 5.4334940e+00 5.1867128e+00 5.0068720e+00 4.9296548e+00 5.2805531e+00 5.5672398e+00 5.2473080e+00 3.2976981e+00 2.8547399e+00 2.5755874e+00 2.9406993e+00 5.2472211e+00 5.6333240e+00 5.1735991e+00 5.0306331e+00 4.3468882e+00 4.1361621e+00 3.9509996e+00 3.8325271e+00 3.5741462e+00 2.7336228e+00 6.1524175e-01 1.9571049e-01 3.0064573e-01 4.2444808e-01 6.9158836e-01 6.3646132e-01 5.8255814e-01 5.3590264e-01 1.1142663e+00 2.2644243e+00 2.3190347e+00 2.3610652e+00 2.3190760e+00 2.2108804e+00 2.0721603e+00 1.8110741e+00 8.9058773e-01 7.3908263e-02 3.1202963e-02 3.2605874e-02 1.0476325e-01 6.2291515e-02 9.3860316e-04 9.3249657e-04 4.6183498e-02 1.1690933e-01 1.4280624e-01 9.9352816e-02
5.8339738e+00 5.9336235e+00 5.7892967e+00 5.7048865e+00 5.9235701e+00 5.5536399e+00 5.5638856e+00 5.9972419e+00 4.0317502e+00 3.1725244e+00 3.6620529e+00 2.6927745e+00 2.2893927e+00 4.4499586e+00 5.6188557e+00 5.3043901e+00 4.7544454e+00 4.7049323e+00 4.3628759e+00 4.0155777e+00 3.9819802e+00 3.8583629e+00 3.1313629e+00 2.4624691e+00 5.8323266e-01 3.4840456e-01 4.9373002e-01 5.6582073e-01 4.0888518e-01 1.0245243e+00 2.2420225e+00 2.3241286e+00 2.3397171e+00 2.3722627e+00 2.2511515e+00 2.1470165e+00 2.0492237e+00 1.9478375e+00 1.7514360e+00 1.4195468e+00 1.1464116e+00 9.0292334e-01 6.0050459e-01 1.5826473e-01 2.7627612e-02 7.9768250e-03 1.6979339e-02 8.8645417e-04 9.7354762e-04 4.0092464e-02
5.7942300e+00 5.8285337e+00 5.8854191e+00 6.1373908e+00 5.9186467e+00 5.5028099e+00 5.3041267e+00 5.3811169e+00 5.4823718e+00 4.5057055e+00 3.6390214e+00 4.3123508e+00 3.4475562e+00 4.9629900e+00 5.6318544e+00 5.4382688e+00 5.0342180e+00 5.0113369e+00 4.1294288e+00 3.9637945e+00 4.0419592e+00 3.4839028e+00 3.4981618e+00 4.1430817e+00 1.4517263e+00 5.0599204e-01 4.5020417e-01 3.1700230e-01 9.0038018e-01 1.9896287e+00 2.1247328e+00 2.1857567e+00 2.2225398e+00 2.2971822e+00 2.3265331e+00 2.1522686e+00 1.9881236e+00 1.8559898e+00 1.7573036e+00 1.6761198e+00 1.6197592e+00 1.4808691e+00 1.3688634e+00 1.1974470e+00 1.0713572e+00 1.0302728e+00 8.8381524e-01 7.5063841e-01 2.9036468e-01 1.2392840e-02
5.2666156e+00 5.3035258e+00 5.4784024e+00 5.7931752e+00 5.9443711e+00 5.3331803e+00 4.9379009e+00 5.3224285e+00 5.7619239e+00 6.2654494e+00 5.4719548e+00 5.7618937e+00 6.4284648e+00 6.4144336e+00 6.1536834e+00 5.6705419e+00 4.9978048e+00 4.5312637e+00 4.3124628e+00 4.0650678e+00 3.9701793e+00 2.0185791e+00 5.8919135e-01 1.6355853e+00 1.7165822e-01 2.8129666e-01 4.6728852e-01 9.4127965e-01 1.8631099e+00 1.9320353e+00 1.9522911e+00 1.9076425e+00 1.8802125e+00 1.8599903e+00 1.8489870e+00 1.8809269e+00 1.9323263e+00 1.9067198e+00 1.9016515e+00 1.8420386e+00 1.7568492e+00 1.6360118e+00 1.5536557e+00 1.4741185e+00 1.4059312e+00 1.3305710e+00 1.3106470e+00 1.2283651e+00 1.2033345e+00 1.0728436e+00
4.6704317e+00 4.8970186e+00 5.1637253e+00 5.5400332e+00 5.9280761e+00 6.2044741e+00 5.1849846e-01 2.6490355e+00 4.7125522e+00 6.7652401e+00 6.6829418e+00 6.4267407e+00 6.4925853e+00 6.6186846e+00 6.3666786e+00 6.0462814e+00 5.2968541e+00 4.7197129e+00 4.5266766e+00 4.3047580e+00 3.7029153e+00 3.0995847e+00 1.0323331e+00 9.3112251e-02 2.7756359e-01 2.9006107e-01 1.1345289e+00 3.8384989e+00 3.9833095e+00 3.3180895e+00 3.2177835e+00 2.8512247e+00 2.6870682e+00 2.6898607e+00 2.5253947e+00 2.4344062e+00 2.2164124e+00 2.1507284e+00 2.0716363e+00 2.0134515e+00 1.8786889e+00 1.8335245e+00 1.8194438e+00 1.8511595e+00 1.9093412e+00 1.8416478e+00 1.7021370e+00 1.5772398e+00 1.4427205e+00 1.3007896e+00
4.4023119e+00 4.6438852e+00 4.9590833e+00 5.3628622e+00 5.7530794e+00 6.3206271e+00 6.1985546e+00 5.2424530e+00 4.6574094e+00 6.1187200e+00 7.0505385e+00 7.1644565e+00 6.9442864e+00 6.6876393e+00 6.4553706e+00 6.2300731e+00 5.9803638e+00 5.6158979e+00 5.0721567e+00 4.4125218e+00 4.1382973e+00 1.8406800e+00 5.9288414e-02 1.8561003e-01 3.5954177e-01 8.4297795e-01 3.5785959e+00 5.9037567e+00 5.6601494e+00 5.3106055e+00 5.3044002e+00 5.2228459e+00 5.1382792e+00 5.1978685e+00 5.1257936e+00 5.0353584e+00 4.8089061e+00 4.8265221e+00 4.8006890e+00 4.4141850e+00 3.5922418e+00 3.1683781e+00 3.1006930e+00 3.1749396e+00 3.0139736e+00 2.9893584e+00 3.0302941e+00 3.1145683e+00 2.8794847e+00 2.4756317e+00
1.9205345e+00 2.3054573e+00 3.7550893e+00 5.1571464e+00 5.5463098e+00 6.0933341e+00 6.3589946e+00 6.1650637e+00 5.3146150e+00 4.7717818e+00 6.1788425e+00 6.9499634e+00 7.2212399e+00 6.8458497e+00 6.6535385e+00 6.5661677e+00 6.2708165e+00 5.9132837e+00 5.5674874e+00 4.6559652e+00 2.5260375e+00 8.5350358e-02 2.3681454e-01 3.5127810e-01 8.9460930e-01 4.3163309e+00 5.6200964e+00 5.8089869e+00 5.7580749e+00 5.6828107e+00 5.8087866e+00 5.8194594e+00 5.6749215e+00 5.6301927e+00 5.7325963e+00 5.7139802e+00 5.7317504e+00 5.7040803e+00 5.7495814e+00 5.6264633e+00 5.4027668e+00 5.2216637e+00 5.2201636e+00 5.2141166e+00 5.1627948e+00 5.1458445e+00 5.1554809e+00 5.1368242e+00 5.0494391e+00 4.8738856e+00
9.9804603e-01 1.7565846e-01 2.2267738e-01 3.7150702e+00 5.3349868e+00 5.9962182e+00 6.3368999e+00 6.4288101e+00 6.2972783e+00 5.2949147e+00 5.4154815e+00 6.3222445e+00 6.6926052e+00 6.6718664e+00 6.6470860e+00 6.5932504e+00 6.1286885e+00 5.4484936e+00 5.0870476e+00 3.6468016e+00 9.1098270e-02 2.6519307e-01 3.5473542e-01 6.7502353e-01 4.2847979e+00 6.1338353e+00 6.1876376e+00 6.2390428e+00 6.1373021e+00 6.0237509e+00 6.0344034e+00 6.0068528e+00 5.8500149e+00 5.7960165e+00 5.8710353e+00 5.9112944e+00 5.9218319e+00 5.9120411e+00 5.9933795e+00 5.9458187e+00 5.8756500e+00 5.7798009e+00 5.7123985e+00 5.6444203e+00 5.6065488e+00 5.5895299e+00 5.5831591e+00 5.5577304e+00 5.5230969e+00 5.4347155e+00
6.4619658e+00 5.5031120e+00 1.4102705e+00 5.7573271e-01 2.8332025e+00 5.8162649e+00 6.5873707e+00 6.6179355e+00 6.5818899e+00 6.1252602e+00 5.3256894e+00 5.4384102e+00 6.5701323e+00 6.6741535e+00 6.4881660e+00 6.3361678e+00 5.9449551e+00 5.2588829e+00 4.0358436e+00 2.4192112e-01 1.8579019e-01 1.8645044e-01 6.1418014e-01 3.9706689e+00 5.7733956e+00 6.0383695e+00 6.4384419e+00 6.6458296e+00 6.5305865e+00 6.4966065e+00 6.4360569e+00 6.2225810e+00 6.0187044e+00 6.0020628e+00 6.1655449e+00 6.2287432e+00 6.2095265e+00 6.2554530e+00 6.4321194e+00 6.2713818e+00 6.1055432e+00 5.9402408e+00 5.8131438e+00 5.6843452e+00 5.6256240e+00 5.6341436e+00 5.6616264e+00 5.6455245e+00 5.6149445e+00 5.5404263e+00
7.3596942e+00 7.2324006e+00 6.2463198e+00 1.6279643e+00 3.7344552e-01 4.2994117e+00 6.5258162e+00 6.5751085e+00 6.2425912e+00 5.7515068e+00 5.3056931e+00 5.6518434e+00 7.4923399e+00 7.0368106e+00 6.3943055e+00 6.1697943e+00 5.7679094e+00 4.0617900e+00 4.8084507e-01 1.9561902e-01 2.2506749e-01 6.0643611e-01 3.6686590e+00 5.9239954e+00 5.8675158e+00 5.9091992e+00 6.3461654e+00 6.5134234e+00 6.6987871e+00 6.9005075e+00 6.8539134e+00 6.6035533e+00 6.3078637e+00 6.2557329e+00 6.4850441e+00 6.6089093e+00 6.6687500e+00 6.6560775e+00 6.7239729e+00 6.5453745e+00 6.3164655e+00 6.1629904e+00 5.9777820e+00 5.7885572e+00 5.6861204e+00 5.7086996e+00 5.7762626e+00 5.8181587e+00 5.8041463e+00 5.7407163e+00
7.8020834e+00 7.5705044e+00 7.1229900e+00 5.9214534e+00 1.1513776e+00 4.9831784e-01 5.5758761e+00 6.3996227e+00 5.8572061e+00 5.6071983e+00 5.3487873e+00 6.2413888e+00 7.2544978e+00 6.9546552e+00 6.3620089e+00 6.1072109e+00 5.0565764e+00 5.0572229e-01 2.6550562e-01 3.0397525e-01 6.6228745e-01 3.3823424e+00 5.7101915e+00 6.0412896e+00 5.9964071e+00 6.0428840e+00 6.2372094e+00 6.4733855e+00 7.0671075e+00 7.1333036e+00 7.0263504e+00 6.8448213e+00 6.6292387e+00 6.5420239e+00 6.6444797e+00 6.8127663e+00 7.0043478e+00 6.8818296e+00 6.7616450e+00 6.6669252e+00 6.5144576e+00 6.3786674e+00 6.1266481e+00 5.9859457e+00 5.8066211e+00 5.7686692e+00 5.8995135e+00 5.9695376e+00 5.9661814e+00 5.8996781e+00
7.9350512e+00 7.7771337e+00 7.4959138e+00 7.0426437e+00 5.6654005e+00 4.4056320e-01 4.2210667e-01 3.8332770e+00 6.1970259e+00 5.4741197e+00 5.0535956e+00 5.4213661e+00 6.5787459e+00 6.6051699e+00 5.8828344e+00 5.5271478e+00 9.5855806e-01 1.2216455e-01 3.5474660e-01 6.7441374e-01 2.6420154e+00 5.5188154e+00 6.0621371e+00 6.0316233e+00 5.9764723e+00 6.0367638e+00 6.4306790e+00 6.8223569e+00 6.9967886e+00 7.1543885e+00 7.2199214e+00 6.9849331e+00 7.0123852e+00 6.9056040e+00 6.8627595e+00 6.9049810e+00 6.9967143e+00 6.9720323e+00 6.9122731e+00 7.0552145e+00 6.8580296e+00 6.6450572e+00 6.4322337e+00 6.2194171e+00 6.0521094e+00 6.0630788e+00 6.1616282e+00 6.1820804e+00 6.2190408e+00 6.1442159e+00
8.0107130e+00 7.9203436e+00 7.7476689e+00 7.4179803e+00 6.7836530e+00 4.2636381e+00 8.0580642e-04 7.4606705e-04 2.5777784e+00 3.7730059e+00 4.4893330e+00 4.7111728e+00 4.7323568e+00 5.4441155e+00 4.4100966e+00 1.0113379e+00 3.7067881e-01 3.8456109e-01 5.5610523e-01 2.4511213e+00 5.0791631e+00 5.6203878e+00 5.9926763e+00 6.3147863e+00 6.3795823e+00 6.5398432e+00 6.9303789e+00 7.1261326e+00 7.0425662e+00 7.3841142e+00 7.4495330e+00 7.1642413e+00 7.0824369e+00 7.1953313e+00 7.3403386e+00 7.4321702e+00 7.3099876e+00 7.1171865e+00 7.2611719e+00 7.8156739e+00 7.4043545e+00 7.1017170e+00 6.6909623e+00 6.5799095e+00 6.5874442e+00 6.6498113e+00 6.6415236e+00 6.5653642e+00 6.5201573e+00 6.4596219e+00
8.0959100e+00 7.9851749e+00 7.8302597e+00 7.5872930e+00 7.1871244e+00 6.4730704e+00 3.9312816e+00 9.7698154e-04 7.9245401e-04 9.6996855e-04 1.6721804e-01 2.1368426e+00 4.2293233e+00 4.2944388e+00 1.7867066e+00 9.7663866e-01 7.3868887e-01 7.3665415e-01 2.5404426e+00 5.1316955e+00 5.4722010e+00 5.6965698e+00 6.2081079e+00 6.5695247e+00 6.8474213e+00 6.9551726e+00 7.2203551e+00 7.2824228e+00 7.4594432e+00 7.8030223e+00 7.9861158e+00 7.5814164e+00 7.1946963e+00 7.6848383e+00 7.9029003e+00 7.9972959e+00 7.7598697e+00 7.5793708e+00 7.6386880e+00 7.7419178e+00 7.5781962e+00 7.3670816e+00 7.1211940e+00 7.0464213e+00 7.1243071e+00 7.1911847e+00 7.0559709e+00 6.8875411e+00 6.7774993e+00 6.6930538e+00
8.1311220e+00 8.0446629e+00 7.8908893e+00 7.6884889e+00 7.4547357e+00 7.0487154e+00 6.1276004e+00 2.6199121e+00 9.3553123e-04 9.9639050e-04 9.9924358e-04 1.7790588e-01 1.6541916e+00 1.4253322e+00 5.4272698e-01 6.6704437e-01 8.8850416e-01 2.2291596e+00 5.2035755e+00 5.8868634e+00 6.0629613e+00 6.4111951e+00 6.8470299e+00 7.0803172e+00 7.1123559e+00 7.2234974e+00 7.3831288e+00 7.4016732e+00 7.5816748e+00 8.1775092e+00 8.1004564e+00 7.8150350e+00 7.7317410e+00 8.0313629e+00 8.1179438e+00 7.9705137e+00 7.8831411e+00 7.9757435e+00 8.1339532e+00 8.0084525e+00 7.8377986e+00 7.7251679e+00 7.6399826e+00 7.5430422e+00 7.5444833e+00 7.5173676e+00 7.3644470e+00 7.2005351e+00 7.0175348e+00 6.8959010e+00
8.2489229e+00 8.0757571e+00 7.9855584e+00 7.7949820e+00 7.5844702e+00 7.1309510e+00 6.2979928e+00 3.6285491e+00 1.3632900e+00 9.9053483e-04 3.0985190e-03 2.9942969e-01 4.9762737e-01 4.1128615e-01 5.5550258e-01 1.0335684e+00 2.5826631e+00 5.0654101e+00 5.5906383e+00 6.1550599e+00 6.7506257e+00 7.0588957e+00 7.2692848e+00 7.2118725e+00 7.1688768e+00 7.4984903e+00 7.7297235e+00 7.6142050e+00 7.4261399e+00 8.0176440e+00 8.1461410e+00 8.0892350e+00 8.2325554e+00 8.1987579e+00 7.7212929e+00 7.2493296e+00 7.5433444e+00 7.9055856e+00 8.1913073e+00 8.1538568e+00 8.0810215e+00 8.0314421e+00 8.0788760e+00 8.0008293e+00 7.9334291e+00 7.8538265e+00 7.7328365e+00 7.5372600e+00 7.4111044e+00 7.2019607e+00
8.3085669e+00 8.2449454e+00 8.0515750e+00 7.9267863e+00 7.7297978e+00 7.5994858e+00 6.6431454e+00 4.4751752e+00 2.9409787e+00 9.7938557e-04 2.6574520e-02 4.5766518e-01 4.4651177e-01 4.7656466e-01 8.6094244e-01 2.7735432e+00 5.3634052e+00 5.6799262e+00 5.5900553e+00 6.0595329e+00 6.7312947e+00 7.2465765e+00 7.5139854e+00 7.5259504e+00 7.4553322e+00 7.6940260e+00 8.2054564e+00 8.0285647e+00 7.9865029e+00 8.3612501e+00 8.4771243e+00 8.4890673e+00 8.4930460e+00 8.2671422e+00 7.3939546e+00 6.5031087e+00 7.0311323e+00 7.6697733e+00 8.1470906e+00 8.3252431e+00 8.3115966e+00 8.1848561e+00 8.3058787e+00 8.3303501e+00 8.3011878e+00 8.2421771e+00 8.1613460e+00 8.0215719e+00 7.8344411e+00 7.6035096e+00
8.3498158e+00 8.3375303e+00 8.2748145e+00 8.0080780e+00 7.8951921e+00 7.8791236e+00 5.5508371e+00 3.0508602e+00 2.3947019e-01 9.9848556e-04 2.0288774e-02 1.9804448e-01 2.8131635e-01 4.2780805e-01 1.6609300e+00 4.5295399e+00 5.5312826e+00 5.2512190e+00 4.2211310e+00 2.2590686e+00 2.4249834e+00 6.1309791e+00 7.4508442e+00 7.7970299e+00 7.8348765e+00 7.6513668e+00 7.9654263e+00 8.1008826e+00 8.3734784e+00 8.7097873e+00 8.6014288e+00 8.4282575e+00 8.4634498e+00 8.4404831e+00 7.7449897e+00 7.0041212e+00 7.1944211e+00 7.6604895e+00 8.1821936e+00 8.4669178e+00 8.6790161e+00 8.5320790e+00 8.6037096e+00 8.6534251e+00 8.6428105e+00 8.6441807e+00 8.7004340e+00 8.4374061e+00 8.1789616e+00 8.0186780e+00
8.3627305e+00 8.3775241e+00 8.3969973e+00 8.3373423e+00 8.1917433e+00 7.4848444e+00 1.7817575e-01 0.0000000e+00 8.5107101e-04 9.7229550e-04 1.0536186e-03 0.0000000e+00 0.0000000e+00 2.8942478e-01 8.8667495e-01 1.9286651e+00 2.2970406e+00 1.6765864e+00 1.4849606e+00 1.7130437e+00 2.7560742e+00 6.0383395e+00 7.4075025e+00 8.0302772e+00 7.9754263e+00 7.8134691e+00 7.8382200e+00 7.9223188e+00 8.3856892e+00 8.5949525e+00 8.2531307e+00 7.5629811e+00 7.9085109e+00 8.2059065e+00 7.9468645e+00 7.6431275e+00 7.6385992e+00 7.8417100e+00 8.2092193e+00 8.5029942e+00 8.7354866e+00 8.7768009e+00 8.8477584e+00 8.9556488e+00 8.9627900e+00 8.9613362e+00 8.9637355e+00 8.7409980e+00 8.5535940e+00 8.4134762e+00
8.4303501e+00 8.3914676e+00 8.4046958e+00 8.3414677e+00 8.2249006e+00 7.6389025e+00 1.9404588e+00 9.7579709e-04 9.9647466e-04 9.8100050e-04 9.9921001e-04 0.0000000e+00 0.0000000e+00 1.3689400e-01 1.9841077e-01 1.3268311e+00 2.7347022e+00 2.3781419e+00 2.3383572e+00 4.2363315e+00 5.9208148e+00 6.9276854e+00 7.5368477e+00 7.8778362e+00 7.8350847e+00 7.8954103e+00 7.8331699e+00 7.8342395e+00 8.1562224e+00 8.3646644e+00 7.8860547e+00 6.6107568e+00 7.2448587e+00 8.0026513e+00 8.1569203e+00 8.1130172e+00 8.0355284e+00 8.0382645e+00 8.2889489e+00 8.5544501e+00 8.7445782e+00 8.8684504e+00 8.9940509e+00 9.1705265e+00 9.1819776e+00 9.1464291e+00 9.1073472e+00 8.9589992e+00 8.8173405e+00 8.7646900e+00
