presentation/data/depth_0057.asc
ncols     164
nrows     146
xllcorner -1.242151388888889e+02
yllcorner  4.172986111111111e+01
cellsize  2.777777777820000e-04
nodata_value       -9999
[rows 22 to 43 of 146, columns 100 to 149 of 164]
4.6389544e-01 4.4992386e-01 4.3988414e-01 3.3238984e-01 1.2524271e-01 9.6958602e-04 9.9323946e-04 9.9762105e-04 0.0000000e+00 0.0000000e+00 0.0000000e+00 0.0000000e+00 0.0000000e+00 0.0000000e+00 0.0000000e+00 0.0000000e+00 0.0000000e+00 0.0000000e+00 0.0000000e+00 0.0000000e+00 0.0000000e+00 0.0000000e+00 0.0000000e+00 0.0000000e+00 0.0000000e+00 0.0000000e+00 0.0000000e+00 9.6731035e-04 4.8704859e-02 1.2860581e-01 2.9260318e-01 4.0868381e-01 4.3101749e-01 4.2297047e-01 3.6033879e-01 3.4405742e-01 3.9538686e-01 4.6486275e-01 4.9786108e-01 6.2154151e-01 8.8166328e-01 5.6995450e-01 4.9840331e-01 4.9875561e-01 4.9809845e-01 4.9896111e-01 4.9922289e-01 4.9947204e-01 4.9891123e-01 4.0808800e-01
4.6995029e-01 4.5168278e-01 4.5209084e-01 4.4842391e-01 3.9271981e-01 2.0155796e-01 9.3859300e-04 9.8792555e-04 9.9793986e-04 9.9629978e-04 9.7907231e-04 9.4117680e-04 2.5125313e-01 1.1183100e-03 9.7167361e-04 0.0000000e+00 0.0000000e+00 0.0000000e+00 0.0000000e+00 0.0000000e+00 0.0000000e+00 0.0000000e+00 0.0000000e+00 0.0000000e+00 0.0000000e+00 9.2367027e-04 1.4814218e-01 3.5780308e-01 4.5062960e-01 4.5895811e-01 4.9130337e-01 4.9616565e-01 4.9731980e-01 4.9856866e-01 4.9954040e-01 4.9951309e-01 5.0144723e-01 5.0191137e-01 5.7692978e-01 8.5893239e-01 6.0421579e-01 5.0220193e-01 5.0276669e-01 5.0337092e-01 5.0209719e-01 5.0453062e-01 5.0523109e-01 5.0607770e-01 5.0892885e-01 4.7962686e-01
4.7351396e-01 4.5286003e-01 4.5371700e-01 4.5532254e-01 4.5505554e-01 3.9976839e-01 1.9680271e-01 9.8643934e-04 9.9764135e-04 9.9234390e-04 9.7018100e-04 1.7671050e-01 4.5052043e-01 4.6210344e-01 2.8924310e-01 9.2471156e-02 9.9233142e-04 0.0000000e+00 0.0000000e+00 0.0000000e+00 0.0000000e+00 0.0000000e+00 0.0000000e+00 9.5045640e-04 2.0397557e-01 4.0120199e-01 4.7523905e-01 4.9187092e-01 4.9373600e-01 4.9426630e-01 4.9738130e-01 4.9674437e-01 4.9784604e-01 4.9910372e-01 5.0015516e-01 5.0243403e-01 5.0259650e-01 5.7268921e-01 8.5401032e-01 6.5318101e-01 5.0530330e-01 5.0549677e-01 5.0659329e-01 5.0765060e-01 5.1095007e-01 5.0999039e-01 5.1129262e-01 5.1266597e-01 5.1457167e-01 5.1422265e-01
4.7500079e-01 4.5446588e-01 4.5552597e-01 4.5869668e-01 4.5799761e-01 4.5833752e-01 4.0325484e-01 1.9351434e-01 9.6050648e-04 9.8345494e-04 9.7482442e-04 1.9091256e-01 4.2877123e-01 4.8140785e-01 4.8146485e-01 4.7939613e-01 4.7329820e-01 2.3270286e-01 8.9391717e-04 0.0000000e+00 9.4113051e-04 3.3761867e-02 3.1825453e-01 4.4718291e-01 4.8718149e-01 4.9130492e-01 4.9111181e-01 4.9286074e-01 4.9399417e-01 4.9483171e-01 4.9619235e-01 4.9738390e-01 4.9861569e-01 4.9979337e-01 5.0086959e-01 5.0444800e-01 5.6730852e-01 8.8022318e-01 6.5822579e-01 5.0860406e-01 5.0801327e-01 5.0992576e-01 5.1046553e-01 5.1112635e-01 5.1388540e-01 5.1428527e-01 5.1613011e-01 5.1821708e-01 5.1853095e-01 5.2232536e-01
4.7616020e-01 4.5578689e-01 4.5708659e-01 4.6262866e-01 4.6054523e-01 4.6188328e-01 4.6239910e-01 4.2749299e-01 2.7545852e-01 1.3300604e-01 7.6498257e-02 1.5057212e-01 3.4107204e-01 4.6065982e-01 4.8176155e-01 4.8260577e-01 4.8363522e-01 4.7946604e-01 4.1517369e-01 3.7227561e-01 4.3419927e-01 4.8021453e-01 4.8848645e-01 4.8948914e-01 4.9061368e-01 4.9142024e-01 4.8919059e-01 4.9355292e-01 4.9489610e-01 4.9581792e-01 4.9802978e-01 4.9834294e-01 4.9943817e-01 5.0043982e-01 5.1127393e-01 6.4020937e-01 8.2933142e-01 6.1244011e-01 5.0984316e-01 5.3783905e-01 5.8615922e-01 5.9272822e-01 5.8487120e-01 5.4525413e-01 5.2083594e-01 5.1782809e-01 5.1983741e-01 5.2205843e-01 5.2705965e-01 5.2725828e-01
4.7885193e-01 4.5722901e-01 4.5873281e-01 4.6236067e-01 4.6180852e-01 4.6326084e-01 4.6455962e-01 4.6640114e-01 4.5530618e-01 4.0479602e-01 3.0665173e-01 2.0473751e-01 2.7150296e-01 3.9863435e-01 4.7545783e-01 4.8140995e-01 4.8269098e-01 4.8265204e-01 4.8503331e-01 4.8599181e-01 4.8688460e-01 4.9120670e-01 4.8918582e-01 4.8975222e-01 4.9103318e-01 4.9201390e-01 4.9295087e-01 4.9429286e-01 4.9552414e-01 4.9652249e-01 4.9852046e-01 4.9892023e-01 5.0441558e-01 6.0324672e-01 8.1632298e-01 8.5356877e-01 6.2991380e-01 5.8343237e-01 5.9719577e-01 5.9201082e-01 5.3926867e-01 5.2230426e-01 5.4216560e-01 5.9844832e-01 5.7547164e-01 5.2277364e-01 5.2268972e-01 5.2493936e-01 5.2861672e-01 5.2994523e-01
4.6990890e-01 4.5861098e-01 4.6019603e-01 4.6340240e-01 4.6338478e-01 4.6471573e-01 4.6611284e-01 4.6765741e-01 4.6949258e-01 4.7061692e-01 4.6207931e-01 4.2784879e-01 3.9791146e-01 4.0781441e-01 4.7055606e-01 4.8082978e-01 4.8205465e-01 4.8016550e-01 4.8463515e-01 4.8573684e-01 4.8670443e-01 4.8892244e-01 4.8879645e-01 4.8961662e-01 4.9105608e-01 4.9196738e-01 4.9171960e-01 4.9445221e-01 4.9557789e-01 4.9655991e-01 5.0084991e-01 5.5080380e-01 7.6253781e-01 9.5361503e-01 8.8550881e-01 6.6569085e-01 5.3261658e-01 5.2779510e-01 5.2951275e-01 5.1632184e-01 5.1251292e-01 5.1415489e-01 5.1615120e-01 5.2323569e-01 5.9073488e-01 5.9847909e-01 5.3160290e-01 5.2727147e-01 5.3180014e-01 5.3265070e-01
4.9070008e-01 4.6544580e-01 4.6147008e-01 4.5829186e-01 4.6394466e-01 4.6565907e-01 4.6689898e-01 4.6815571e-01 4.6953604e-01 4.7105206e-01 4.7268431e-01 4.7411127e-01 4.7876267e-01 4.7426037e-01 4.7864502e-01 4.8051583e-01 4.8164382e-01 4.8495420e-01 4.8425688e-01 4.8543593e-01 4.8646585e-01 4.8550080e-01 4.8830024e-01 4.8955516e-01 4.9075088e-01 4.9189276e-01 4.9498274e-01 4.9440444e-01 4.9566187e-01 5.2376348e-01 6.9777542e-01 9.1476060e-01 9.5993382e-01 7.0451018e-01 5.2089134e-01 4.9977406e-01 5.0574703e-01 5.0746521e-01 5.0934367e-01 5.1151806e-01 5.1331642e-01 5.1536948e-01 5.1753476e-01 5.1972852e-01 5.2967510e-01 5.8857076e-01 6.1410110e-01 5.4176888e-01 5.3186842e-01 5.3460107e-01
4.7172376e-01 4.8950014e-01 4.7910908e-01 4.7350859e-01 4.6671513e-01 4.6701300e-01 4.6755612e-01 4.6869318e-01 4.6997187e-01 4.7108313e-01 4.7248338e-01 4.7380982e-01 4.7461555e-01 4.7673195e-01 4.7815071e-01 4.7986881e-01 4.8107321e-01 4.8602199e-01 4.8384165e-01 4.8510276e-01 4.8615123e-01 4.8714680e-01 4.8813727e-01 4.8928740e-01 4.9058857e-01 4.9158626e-01 4.9299279e-01 4.9572505e-01 5.8317657e-01 8.8338627e-01 9.3025298e-01 8.1250464e-01 5.8021405e-01 5.0444801e-01 5.0321509e-01 5.0460051e-01 5.0639547e-01 5.0816023e-01 5.1008147e-01 5.1301646e-01 5.1429544e-01 5.1636932e-01 5.1857929e-01 5.2082562e-01 5.2646630e-01 5.2726063e-01 5.7104026e-01 6.3035811e-01 5.7025398e-01 5.3730291e-01
4.6184188e-01 4.6651151e-01 4.8102368e-01 5.0112598e-01 4.9743356e-01 4.9678094e-01 4.9279933e-01 4.8300179e-01 4.7162505e-01 4.7090459e-01 4.7220291e-01 4.7335683e-01 4.7461183e-01 4.7610420e-01 4.7747676e-01 4.7921743e-01 4.8046671e-01 4.8099158e-01 4.8333179e-01 4.8459506e-01 4.8563996e-01 4.8541834e-01 4.8749233e-01 4.8886274e-01 4.8990648e-01 4.9115388e-01 5.0037542e-01 6.6781598e-01 8.6847072e-01 6.3351214e-01 7.7626113e-01 6.3445729e-01 5.0075300e-01 5.0221688e-01 5.0375670e-01 5.0971486e-01 5.0694806e-01 5.0871275e-01 5.1062277e-01 5.1267174e-01 5.1472403e-01 5.1685301e-01 5.1909133e-01 5.2143127e-01 5.2406812e-01 5.2644166e-01 5.2932880e-01 5.5114067e-01 6.2515272e-01 6.0447821e-01
4.6308780e-01 4.6381393e-01 4.6449986e-01 4.6301699e-01 4.6635709e-01 4.6966274e-01 4.7591135e-01 4.9607816e-01 5.0257156e-01 4.7796976e-01 4.7168792e-01 4.7273382e-01 4.7300163e-01 4.7527700e-01 4.7675785e-01 4.7849322e-01 4.7974968e-01 4.8310173e-01 4.8253747e-01 4.8367108e-01 4.8443970e-01 4.8270790e-01 4.8961255e-01 4.9033122e-01 4.9215839e-01 5.8673621e-01 7.7767288e-01 8.0224011e-01 5.5967684e-01 5.2050246e-01 9.0477657e-01 5.7370042e-01 5.0082202e-01 5.0251717e-01 5.0414619e-01 5.0573852e-01 5.0733457e-01 5.0902256e-01 5.1084780e-01 5.1489167e-01 5.1498529e-01 5.1688769e-01 5.1913108e-01 5.2156827e-01 5.2512944e-01 5.2693704e-01 5.2980800e-01 5.3267791e-01 5.4419625e-01 5.8919571e-01
4.6396934e-01 4.6446961e-01 4.6496496e-01 4.6540390e-01 4.6611545e-01 4.6680194e-01 4.6746403e-01 4.6830378e-01 4.8178247e-01 5.0048973e-01 4.7097049e-01 4.7190516e-01 4.7319029e-01 4.7442806e-01 4.7580802e-01 4.7748345e-01 4.7869685e-01 4.8157469e-01 4.8142511e-01 4.8258978e-01 4.9774036e-01 6.2207246e-01 8.1711890e-01 8.0330966e-01 8.1598105e-01 9.6780534e-01 6.6845020e-01 5.0297583e-01 4.9494389e-01 6.2556360e-01 8.4890510e-01 5.1178402e-01 5.0093371e-01 5.0269779e-01 5.0431266e-01 5.0578799e-01 5.0734994e-01 5.0888541e-01 5.1041962e-01 5.1297758e-01 5.1399798e-01 5.1614697e-01 5.1872351e-01 5.2149386e-01 5.2540034e-01 5.2728046e-01 5.3030225e-01 5.3316002e-01 5.3712663e-01 5.3929655e-01
4.6396851e-01 4.6446060e-01 4.6491028e-01 4.6557010e-01 4.6585938e-01 4.6638604e-01 4.6691609e-01 4.6769010e-01 4.7139187e-01 5.0336455e-01 4.7179115e-01 4.7094714e-01 4.7004874e-01 4.7326710e-01 4.7487871e-01 4.7651436e-01 4.7770633e-01 4.7921624e-01 4.8057960e-01 4.8965335e-01 6.9770333e-01 1.2635163e+00 1.7162900e+00 1.6772270e+00 1.1259943e+00 6.6765804e-01 6.2947784e-01 5.9503315e-01 7.0139588e-01 8.3005787e-01 5.7760353e-01 4.9908177e-01 5.0085207e-01 5.0261613e-01 5.0418889e-01 5.0663163e-01 5.0678788e-01 5.0799181e-01 5.0929428e-01 5.1089253e-01 5.1270933e-01 5.1493040e-01 5.1755069e-01 5.2046648e-01 5.2389401e-01 5.2691644e-01 5.3005010e-01 5.3321862e-01 5.3745062e-01 5.3959228e-01
4.6348387e-01 4.6394697e-01 4.6438544e-01 4.6354401e-01 4.6517744e-01 4.6579061e-01 4.6617019e-01 4.6686497e-01 4.7221966e-01 5.0605738e-01 4.7548980e-01 4.6939970e-01 4.7554500e-01 4.7237024e-01 4.7338403e-01 4.7493519e-01 4.7607833e-01 4.7653090e-01 5.0233444e-01 6.6558672e-01 1.0772893e+00 1.7597988e+00 1.9517493e+00 1.8350978e+00 1.2124688e+00 8.0078945e-01 7.4014592e-01 8.2031059e-01 6.7365202e-01 5.3479656e-01 4.9538070e-01 4.9863859e-01 5.0043919e-01 5.0196737e-01 5.0322782e-01 5.0437318e-01 5.0546722e-01 5.0664379e-01 5.0787226e-01 5.0742231e-01 5.1104625e-01 5.1349022e-01 5.1618836e-01 5.1906841e-01 5.2540277e-01 5.2571716e-01 5.2911018e-01 5.3262712e-01 5.3821209e-01 5.3728603e-01
4.6251805e-01 4.6295747e-01 4.6334274e-01 4.6202883e-01 4.6400644e-01 4.6457251e-01 4.6490561e-01 4.6558335e-01 4.6326676e-01 5.0387226e-01 4.7374148e-01 4.7248351e-01 4.7142944e-01 4.7090408e-01 4.7199854e-01 4.7376955e-01 4.8005077e-01 4.9265559e-01 6.7148881e-01 1.1941814e+00 1.6773181e+00 1.7991392e+00 1.8639821e+00 1.4505498e+00 7.6669317e-01 4.9503596e-01 4.9077169e-01 4.9271995e-01 4.9257561e-01 4.9436135e-01 4.9489717e-01 4.9756921e-01 4.9918257e-01 5.0060630e-01 5.0182930e-01 5.0175241e-01 5.0400152e-01 5.0509684e-01 5.0624511e-01 5.0868647e-01 5.0958404e-01 5.1172323e-01 5.1442516e-01 5.1720266e-01 5.1647034e-01 5.2450735e-01 5.2842097e-01 5.3140173e-01 5.2796496e-01 4.2865500e-01
4.6126254e-01 4.6169150e-01 4.6208640e-01 4.6420344e-01 4.6311704e-01 4.6341770e-01 4.6379497e-01 4.6503119e-01 5.0801078e-01 9.0195545e-01 6.2499331e-01 7.4574398e-01 7.5111936e-01 6.2631579e-01 5.2894751e-01 5.5263184e-01 7.1371814e-01 9.2836742e-01 1.2058402e+00 1.6884555e+00 1.5421324e+00 1.6430578e+00 1.5965323e+00 8.7706448e-01 5.1785360e-01 4.8539173e-01 4.8840601e-01 4.8947701e-01 4.9134253e-01 4.9329437e-01 4.9654932e-01 4.9674489e-01 4.9803109e-01 4.9934966e-01 5.0043984e-01 4.9624507e-01 5.0256720e-01 5.0352830e-01 5.0457987e-01 5.0518579e-01 5.0733391e-01 5.0945619e-01 5.1228869e-01 5.1505290e-01 5.2051428e-01 5.1137369e-01 4.4184082e-01 3.4293614e-01 2.6265074e-01 1.0645481e-01
4.6004127e-01 4.6048613e-01 4.6093152e-01 4.6050555e-01 4.6186447e-01 4.6239133e-01 4.6346875e-01 4.6320788e-01 7.2449075e-01 1.2485422e+00 1.1313088e+00 1.5340199e+00 1.5682443e+00 1.3657243e+00 1.1566613e+00 1.1746092e+00 1.4958027e+00 1.6621162e+00 1.5884227e+00 1.3689915e+00 1.2480129e+00 1.6646720e+00 1.3320906e+00 6.7854602e-01 4.8476019e-01 4.8472477e-01 4.8605997e-01 4.8871164e-01 4.9051861e-01 4.9238409e-01 4.9425333e-01 4.9552993e-01 4.9680330e-01 4.9797300e-01 4.9892476e-01 4.9341931e-01 5.0107886e-01 5.0206285e-01 5.0319829e-01 5.0748932e-01 5.0642443e-01 5.0817972e-01 5.1046874e-01 5.0852634e-01 4.4881266e-01 2.5692327e-01 1.5869525e-02 0.0000000e+00 0.0000000e+00 0.0000000e+00
4.5866813e-01 4.5909788e-01 4.5952718e-01 4.6060580e-01 4.6048793e-01 4.6088081e-01 4.6214790e-01 5.0709763e-01 1.0774866e+00 1.4215860e+00 1.6392703e+00 1.3780168e+00 1.1631758e+00 1.4091722e+00 1.5359016e+00 1.5403816e+00 1.3451419e+00 1.0091150e+00 7.9218999e-01 8.6500873e-01 1.2952435e+00 1.7022517e+00 1.0935451e+00 5.7909794e-01 4.7992505e-01 4.6843912e-01 4.6932350e-01 4.8621025e-01 4.8963745e-01 4.9139127e-01 4.9585011e-01 4.9455596e-01 4.9548829e-01 4.9649208e-01 4.9739828e-01 4.9864725e-01 4.9946823e-01 5.0066457e-01 5.0207175e-01 5.0631308e-01 5.0517345e-01 5.0541802e-01 4.6696942e-01 2.9634190e-01 9.6152358e-04 0.0000000e+00 0.0000000e+00 0.0000000e+00 0.0000000e+00 0.0000000e+00
4.5741688e-01 4.5776808e-01 4.5814150e-01 4.5755916e-01 4.5884682e-01 4.6056061e-01 5.2748318e-01 8.4191146e-01 1.4190052e+00 1.6538203e+00 1.2552860e+00 7.5403457e-01 5.4439552e-01 6.4021792e-01 7.0968853e-01 7.2474840e-01 6.1848372e-01 5.2551902e-01 6.6284693e-01 1.1102567e+00 1.6772701e+00 1.3516449e+00 7.4857460e-01 4.8153484e-01 4.2325238e-01 3.5493964e-01 3.3460546e-01 4.1982040e-01 4.8165473e-01 4.9072669e-01 4.9447373e-01 4.9363988e-01 4.9448647e-01 4.9537408e-01 4.9624740e-01 4.9351872e-01 4.9879302e-01 5.0008647e-01 5.0099725e-01 4.9449760e-01 4.4776311e-01 3.4556834e-01 5.5862133e-02 0.0000000e+00 0.0000000e+00 0.0000000e+00 0.0000000e+00 0.0000000e+00 0.0000000e+00 0.0000000e+00
4.5585072e-01 4.5640162e-01 4.5664285e-01 4.5562750e-01 4.6470945e-01 5.8382274e-01 9.5619650e-01 1.2955546e+00 1.4785612e+00 1.1612428e+00 6.8556757e-01 4.8040887e-01 4.6552429e-01 4.6738220e-01 4.6938358e-01 4.7145382e-01 4.7521190e-01 6.2812614e-01 1.1227968e+00 1.6835505e+00 1.4140686e+00 8.2174880e-01 5.0849143e-01 3.7865494e-01 2.9560053e-01 2.2070583e-01 1.7668346e-01 2.3860772e-01 3.8093348e-01 4.7993216e-01 4.9200858e-01 4.9301920e-01 4.8511414e-01 4.5369295e-01 4.2614998e-01 4.3712855e-01 4.4489992e-01 4.3046426e-01 3.5064492e-01 1.9805588e-01 9.7200476e-04 0.0000000e+00 0.0000000e+00 0.0000000e+00 0.0000000e+00 0.0000000e+00 0.0000000e+00 0.0000000e+00 0.0000000e+00 0.0000000e+00
4.5488772e-01 4.5565996e-01 4.5713845e-01 4.7451553e-01 6.2537612e-01 9.3774750e-01 1.3060281e+00 1.5332127e+00 1.3802364e+00 9.3658000e-01 4.7018903e-01 4.6232896e-01 4.6368202e-01 4.6481815e-01 4.6544341e-01 4.6678091e-01 5.0469349e-01 8.6476759e-01 1.5862020e+00 1.4375959e+00 8.0468452e-01 5.1391535e-01 4.6109333e-01 3.6075218e-01 2.0486032e-01 1.0051434e-01 9.6803433e-03 1.5004919e-02 1.5195117e-01 3.6479109e-01 4.6798700e-01 4.9191944e-01 4.2866909e-01 2.2018066e-01 4.3774082e-02 9.6334045e-04 9.6138567e-04 9.7445256e-04 9.7462712e-04 0.0000000e+00 0.0000000e+00 0.0000000e+00 0.0000000e+00 0.0000000e+00 0.0000000e+00 0.0000000e+00 0.0000000e+00 0.0000000e+00 0.0000000e+00 0.0000000e+00
4.5339066e-01 4.5534778e-01 4.7511640e-01 5.9173115e-01 1.0624735e+00 1.4297228e+00 1.4253480e+00 1.3155547e+00 1.0248748e+00 5.2442702e-01 4.6004940e-01 4.6100663e-01 4.6103706e-01 4.6264356e-01 4.6363551e-01 4.6634303e-01 6.2770412e-01 1.1804247e+00 1.6957498e+00 1.0980534e+00 5.7012321e-01 4.6514084e-01 4.4543445e-01 3.1754082e-01 1.6392344e-01 3.1441382e-02 1.0065872e-03 1.1941521e-03 9.8403137e-04 1.1596817e-03 2.1522786e-01 3.6323664e-01 2.9487274e-01 3.2234127e-02 9.3626553e-04 0.0000000e+00 0.0000000e+00 0.0000000e+00 0.0000000e+00 0.0000000e+00 0.0000000e+00 0.0000000e+00 0.0000000e+00 0.0000000e+00 0.0000000e+00 0.0000000e+00 0.0000000e+00 0.0000000e+00 0.0000000e+00 0.0000000e+00
