presentation/data/depth_0037.asc
ncols     164
nrows     146
xllcorner -1.242151388888889e+02
yllcorner  4.172986111111111e+01
cellsize  2.777777777820000e-04
nodata_value       -9999
[rows 66 to 87 of 146, columns 100 to 149 of 164]
2.7600994e-01 2.9182058e-01 2.9413498e-01 3.0674471e-01 3.1565138e-01 3.1989156e-01 3.3019935e-01 3.4353280e-01 3.4780376e-01 3.1212441e-01 2.5013996e-01 1.8092660e-01 8.4787717e-02 3.0499684e-03 1.0777638e-02 9.8741192e-03 7.6071471e-03 5.9216020e-03 5.8400106e-03 5.7825658e-03 4.6049119e-03 3.9720137e-03 7.0450040e-03 1.0900970e-02 8.5807137e-03 5.9500567e-03 4.9771856e-03 4.0519866e-03 3.3306560e-03 2.8890259e-03 2.8014402e-03 2.8145313e-03 2.8126391e-03 2.7910772e-03 2.3668716e-03 1.9071315e-03 1.2829163e-03 1.0224749e-03 9.9928385e-04 9.9966300e-04 9.9919002e-04 9.9987941e-04 9.9886800e-04 9.9878776e-04 9.9855903e-04 9.9988141e-04 9.9979051e-04 9.9843761e-04 9.9957594e-04 9.9986276e-04
1.0319505e-01 1.1719377e-01 9.7197047e-02 1.2071291e-01 1.7745175e-01 2.2241961e-01 2.3744992e-01 2.5326805e-01 2.5620204e-01 2.2483992e-01 1.1494234e-01 9.9163288e-04 7.4876208e-03 1.7819523e-02 1.8396162e-02 1.1552033e-02 6.9201890e-03 2.6557692e-03 1.0170260e-03 2.5491676e-03 1.5812210e-03 9.9965499e-04 9.9845691e-04 1.0005440e-03 3.1142584e-03 5.1924958e-03 4.1524133e-03 3.3309418e-03 3.1695638e-03 3.3034584e-03 3.3427979e-03 3.3472011e-03 3.1765567e-03 2.2682509e-03 1.0761903e-03 4.0508343e-03 9.9928974e-04 2.5802431e-03 9.9775714e-04 9.9854162e-04 9.9948690e-04 9.9960371e-04 9.9973642e-04 9.9993098e-04 9.9966481e-04 9.9910325e-04 9.9926664e-04 9.9891201e-04 9.9890443e-04 9.9915003e-04
1.1366213e-01 1.0747784e-01 1.0259021e-01 1.3710020e-01 1.3971376e-01 1.1861818e-01 9.1156651e-02 7.2910324e-02 7.9737275e-02 4.5170877e-02 1.5976250e-03 5.7925395e-03 5.4726307e-03 1.1163134e-02 1.9667173e-02 2.9584778e-02 3.2599244e-02 3.0344297e-02 2.1253626e-02 1.3789773e-02 1.2957804e-02 1.2001542e-02 2.3304609e-03 9.9096190e-04 9.9293045e-04 1.0066095e-03 9.9234506e-04 1.0021907e-03 9.8218920e-04 9.9542754e-04 9.9740014e-04 9.9716745e-04 1.0039116e-03 1.0010190e-03 9.9830235e-04 1.6161025e-03 9.9769425e-04 2.7316100e-03 1.0241481e-03 1.5555891e-03 1.4888457e-03 1.2008337e-03 9.9975076e-04 9.9969774e-04 9.9997446e-04 9.9964749e-04 9.9787216e-04 9.9888940e-04 9.9892627e-04 9.9995495e-04
1.0257356e-01 1.0029395e-01 9.3231377e-02 1.1247089e-01 1.1813161e-01 8.7865257e-02 7.1101232e-02 5.6641072e-02 4.6869804e-02 1.1874194e-02 4.3930783e-03 3.0310099e-03 1.0365899e-02 2.4844905e-02 4.2867263e-02 6.4691068e-02 8.4252803e-02 9.2584643e-02 1.0707670e-01 1.2836831e-01 1.1685232e-01 1.5170392e-01 1.6233101e-01 1.6570055e-01 1.9795063e-01 1.7991722e-01 2.0238250e-01 2.2048934e-01 2.3725009e-01 2.1017295e-01 2.3350386e-01 2.0886848e-01 1.6145025e-01 1.0791472e-01 5.6190451e-02 4.0936937e-02 2.5997304e-02 5.5850804e-03 9.8546761e-04 9.9538213e-04 9.9245225e-04 1.0031681e-03 1.4356859e-03 1.5038968e-03 1.1617193e-03 9.9902650e-04 9.9983154e-04 9.9997974e-04 9.9945013e-04 9.9958013e-04
2.4644894e-01 2.2273775e-01 1.8800923e-01 1.6538908e-01 1.3860997e-01 9.5642985e-02 9.5545484e-02 6.0576440e-02 9.0332791e-03 1.2303700e-02 6.8747923e-03 6.7763518e-03 1.6261775e-02 3.1263614e-02 5.1235183e-02 7.6466974e-02 1.1042612e-01 1.5468079e-01 2.1866951e-01 3.1340051e-01 3.6844988e-01 4.2751619e-01 4.8130538e-01 5.2001853e-01 5.2245011e-01 5.2127434e-01 5.5010709e-01 5.8490307e-01 6.0783479e-01 6.1975695e-01 5.9191699e-01 5.8062397e-01 5.4850474e-01 4.6667311e-01 4.0784027e-01 3.9925574e-01 3.7324262e-01 3.8209898e-01 3.1797529e-01 1.7161252e-01 1.0305893e-01 2.6363812e-02 9.9933745e-04 9.9592680e-04 1.7734310e-03 1.7334914e-03 1.4717379e-03 1.0038905e-03 9.9909652e-04 9.9939759e-04
2.9809171e-01 2.3896404e-01 1.5390868e-01 1.1080931e-01 8.8416115e-02 7.3115417e-02 7.0178310e-02 6.9238180e-02 7.7815226e-02 7.0766775e-02 7.8953894e-03 5.6580058e-03 1.4880252e-02 4.5017872e-02 6.2894377e-02 1.0226401e-01 1.5564720e-01 2.3860863e-01 3.5671409e-01 4.8449595e-01 6.0229157e-01 6.7029453e-01 7.4693769e-01 7.6946453e-01 7.5716923e-01 7.9421627e-01 8.3584690e-01 8.6857108e-01 8.8799676e-01 8.8722384e-01 8.6464211e-01 8.6763849e-01 8.2858137e-01 7.5955581e-01 7.5518392e-01 7.8049335e-01 7.4827135e-01 7.2743638e-01 6.2838714e-01 5.2990241e-01 4.4904825e-01 3.3875374e-01 2.3975890e-01 8.1173601e-02 9.9572751e-04 9.9893800e-04 1.3343064e-03 1.8721747e-03 1.7042857e-03 1.2878965e-03
2.9115690e-01 2.8033704e-01 1.7992825e-01 6.1617446e-02 8.0927107e-02 1.7792676e-01 1.7241042e-01 6.7914523e-02 5.7191541e-02 9.6841224e-02 8.6010669e-02 3.3046774e-02 3.6306958e-02 6.5206659e-02 9.7130042e-02 1.4422759e-01 2.3842624e-01 3.6128643e-01 4.3997996e-01 5.3497931e-01 5.7898413e-01 6.7439970e-01 7.8585782e-01 8.5944255e-01 8.9786211e-01 9.3430091e-01 9.8109513e-01 1.0071930e+00 1.0371900e+00 1.0617708e+00 1.0960392e+00 1.0506712e+00 9.5227429e-01 1.0379713e+00 1.1004738e+00 1.1275359e+00 1.0999002e+00 1.0114432e+00 9.1279717e-01 8.2603214e-01 7.1480017e-01 6.2421854e-01 5.1583061e-01 3.9928990e-01 2.8658952e-01 1.6967114e-01 1.5771336e-02 9.9991192e-04 2.4554759e-03 2.3541530e-03
1.9779134e-01 2.1618128e-01 2.0765826e-01 3.6920089e-02 5.5035069e-02 1.0836231e-01 1.5541276e-01 1.5516616e-01 1.0913432e-01 7.8625691e-02 6.9647689e-02 5.8288107e-02 1.0155320e+00 6.5508940e-02 2.9580886e-01 3.6062766e-01 4.2228309e-01 4.5017792e-01 4.6855838e-01 3.8111180e-01 3.5200252e-01 3.2488241e-01 4.7727544e-01 6.4024334e-01 7.6788461e-01 7.2914551e-01 6.9713738e-01 7.3388182e-01 8.4340931e-01 9.3784008e-01 1.0146415e+00 1.0993398e+00 1.1970204e+00 1.2971038e+00 1.3358256e+00 1.3435334e+00 1.3296271e+00 1.2489583e+00 1.1583126e+00 1.0779568e+00 9.7622333e-01 8.7908113e-01 7.8819869e-01 6.7599590e-01 5.7559625e-01 4.2412263e-01 2.5756917e-01 4.8251396e-02 1.2485474e-03 3.7631935e-03
1.1787836e-01 1.4761059e-01 1.1295415e-01 3.3959525e-02 9.8016222e-04 9.4812885e-04 9.7206163e-04 4.8851778e-03 6.4567223e-02 2.8278960e-02 8.5368912e-01 3.4365840e+00 3.7912501e+00 2.2400834e+00 1.3769231e-01 3.6848169e-01 4.7398400e-01 5.3142318e-01 3.2387021e-01 1.1044573e-01 5.0231880e-02 4.3385705e-02 1.1600492e-01 2.2697088e-01 2.7261254e-01 2.4889433e-01 2.1956735e-01 2.6841421e-01 3.7967300e-01 4.9989516e-01 6.9899537e-01 1.0167160e+00 1.3629975e+00 1.4623203e+00 1.5051989e+00 1.5110960e+00 1.4654976e+00 1.4340831e+00 1.3561513e+00 1.2844432e+00 1.1993424e+00 1.1303599e+00 1.0547954e+00 9.6315045e-01 8.0252763e-01 5.6128433e-01 3.7271737e-01 1.2624762e-01 1.0030041e-03 4.0071488e-03
8.6101595e-02 5.3484322e-02 5.0597703e-02 1.3145786e-02 2.0280187e-03 9.9642169e-04 9.0907567e-04 9.1231645e-04 9.1516289e-04 1.7144337e+00 3.6689572e+00 3.9375545e+00 3.9781439e+00 4.1354712e+00 3.9261232e+00 9.3149577e-01 1.8887824e-01 3.4238893e-01 8.6927143e-02 4.1215785e-02 3.0892449e-02 8.2119908e-03 2.8218897e-02 6.0530651e-02 6.4584032e-02 6.9736550e-02 2.0882697e-02 2.4678007e-02 8.4979315e-02 2.1129849e-01 5.0835527e-01 9.4899257e-01 1.4444150e+00 1.6755445e+00 1.6825057e+00 1.6558565e+00 1.6506193e+00 1.5703052e+00 1.5170011e+00 1.4455234e+00 1.3732305e+00 1.3052187e+00 1.2284720e+00 1.1115770e+00 8.7448413e-01 5.9783116e-01 3.7134246e-01 1.4557058e-01 9.9589634e-04 1.0050515e-03
6.8404274e-01 4.1087497e-01 8.6737760e-03 2.1646140e-03 2.1856294e-03 9.8077400e-04 7.2829429e-04 8.5225350e-04 3.2169907e+00 4.0210809e+00 4.1138465e+00 4.2628792e+00 4.3498947e+00 4.4951725e+00 4.4898778e+00 3.3382746e+00 1.5940588e+00 5.7588594e-02 1.6768743e-02 8.2996323e-02 1.3982674e-01 2.9151009e-01 1.8872440e-01 2.3667472e-01 4.1010268e-01 4.0814860e-01 2.2039889e-01 1.2184109e-01 8.8807894e-02 1.3380018e-01 3.6602902e-01 8.1754759e-01 1.4176420e+00 1.8391875e+00 1.9708359e+00 1.9281158e+00 1.8328290e+00 1.7437346e+00 1.6605294e+00 1.5772564e+00 1.4928306e+00 1.3940775e+00 1.2795560e+00 1.1222946e+00 8.8745743e-01 6.4100737e-01 4.1291332e-01 2.4025616e-01 1.3378019e-01 1.1583118e-01
9.8249551e-01 6.5383817e-01 3.6335764e-01 9.6948389e-04 1.7956053e-03 5.3904524e-04 7.3501937e-04 2.9217820e+00 3.9726780e+00 4.1234493e+00 4.2482310e+00 4.3413730e+00 4.4133330e+00 4.6678420e+00 4.8076422e+00 4.6139878e+00 4.8158009e+00 2.3301257e+00 7.4515620e-02 1.5377388e-01 1.6921018e-01 3.1567750e-01 3.6237284e-01 5.6005363e-01 8.1834597e-01 8.4481466e-01 5.7476539e-01 5.8752937e-01 3.0257519e-01 1.9893305e-01 2.9766164e-01 6.0417196e-01 1.2255757e+00 1.8624964e+00 2.1832904e+00 2.2233845e+00 2.0769261e+00 1.9216290e+00 1.8204438e+00 1.7130480e+00 1.5679519e+00 1.4232758e+00 1.2980352e+00 1.1394355e+00 8.9990196e-01 6.7955499e-01 5.0607166e-01 4.1760597e-01 3.6429203e-01 4.5254764e-01
1.4781768e+00 1.2751282e+00 6.4083566e-01 9.8190747e-04 1.2023895e-04 9.6627638e-04 3.2923001e+00 3.7470179e+00 3.6889532e+00 3.6221409e+00 3.7844815e+00 3.9634229e+00 4.3887459e+00 4.6594961e+00 4.8018159e+00 4.8140666e+00 4.5056969e+00 1.3580981e+00 2.0979914e-02 8.3667359e-02 9.8669555e-02 1.2656966e-01 4.4569722e-01 5.3567398e-01 5.8888118e-01 5.1912739e-01 8.9200223e-01 7.3483066e-01 6.5418197e-01 5.7147981e-01 4.1344767e-01 4.8152275e-01 1.0613788e+00 1.8213733e+00 2.2517644e+00 2.4014644e+00 2.2977540e+00 2.1125826e+00 1.9569487e+00 1.8595425e+00 1.6882323e+00 1.5071690e+00 1.3214257e+00 1.1510888e+00 9.0074258e-01 7.5891473e-01 6.8417631e-01 6.4978542e-01 7.2542211e-01 8.0692956e-01
1.7765814e+00 1.5981894e+00 7.8987584e-04 6.9362776e-04 1.2103609e+00 3.5708630e+00 3.6950894e+00 3.6160902e+00 3.5472245e+00 3.4284784e+00 3.3090909e+00 3.7571158e+00 4.4071202e+00 4.5712560e+00 4.8573357e+00 4.2123394e+00 3.9985381e-01 2.0751680e-02 5.5814251e-03 1.1515802e-03 8.4558611e-02 3.7684137e-01 5.1736515e-01 5.6384664e-01 6.4331085e-01 5.4747030e-01 3.2657114e-01 2.7777371e-01 1.0280982e+00 9.1704678e-01 8.2945315e-01 6.9812200e-01 1.0938214e+00 1.7481843e+00 2.1691247e+00 2.3584487e+00 2.4084140e+00 2.3118667e+00 2.1857895e+00 2.0638524e+00 1.8792282e+00 1.6481888e+00 1.4248962e+00 1.1891882e+00 1.0157680e+00 8.7989679e-01 8.8443526e-01 9.3133552e-01 9.8003365e-01 1.0290292e+00
2.2987672e+00 7.5283368e-01 6.6734910e-04 9.5626444e-04 3.1428736e+00 3.8320104e+00 3.4645320e+00 3.4144754e+00 3.3784909e+00 3.4429680e+00 3.9678612e+00 3.9136949e+00 3.7683613e+00 4.0368678e+00 2.7901191e+00 9.5590898e-04 1.2082423e-02 4.5117977e-02 1.6293526e-01 2.7585880e-01 6.8929037e-01 5.4023962e-01 7.8023612e-01 6.5964510e-01 6.5763210e-01 5.3285825e-01 2.1509287e-01 4.3541840e-01 3.1499628e-01 1.0395851e+00 1.0945347e+00 1.0831533e+00 1.2373270e+00 1.6304683e+00 1.9720940e+00 2.1886566e+00 2.3010013e+00 2.3311894e+00 2.3171710e+00 2.2475216e+00 2.0929782e+00 1.8338219e+00 1.5400470e+00 1.3223738e+00 1.1542668e+00 1.0757181e+00 1.0904538e+00 1.1075396e+00 1.1482037e+00 1.1738789e+00
2.8085835e+00 2.4257860e+00 1.5825046e+00 8.9726688e-04 6.5533334e-05 2.2955133e+00 3.2792795e+00 3.1535992e+00 3.6541201e+00 3.9785341e+00 3.9518445e+00 3.7965185e+00 3.3589078e+00 1.9658802e+00 7.6509566e-04 9.9008136e-04 9.9956901e-04 8.6927486e-04 9.2108598e-01 1.2950836e+00 9.4447486e-01 3.6878763e-01 7.5405966e-01 7.0578119e-01 5.2835768e-01 3.5171496e-01 4.4624471e-01 3.2351618e-01 5.2219541e-01 8.7583572e-01 1.1284226e+00 1.0964691e+00 1.1472275e+00 1.3975380e+00 1.8054614e+00 2.0184617e+00 2.0444823e+00 2.0035058e+00 1.9531135e+00 1.9823279e+00 1.9974673e+00 1.8865960e+00 1.6868908e+00 1.4152767e+00 1.2389777e+00 1.1882477e+00 1.1975241e+00 1.2081357e+00 1.2210924e+00 1.2247533e+00
3.0501425e+00 2.9763445e+00 2.8393110e+00 2.9224426e+00 1.0133720e+00 3.2722347e-04 1.0522000e+00 3.3465014e+00 3.7863815e+00 3.6564322e+00 3.8649279e+00 3.5589707e+00 8.2839000e-01 8.8457380e-04 9.9412108e-04 9.9087207e-04 9.9509006e-04 6.7491748e-01 1.2323379e+00 1.4438818e+00 1.4523240e+00 9.3916312e-01 6.0777351e-01 4.3194175e-01 2.0746388e-01 3.0077784e-01 2.7761792e-01 3.2721417e-01 3.2891924e-01 7.5654896e-01 4.5848312e-01 8.7473441e-01 1.0866766e+00 1.1648686e+00 1.6704511e+00 1.8453662e+00 1.6500081e+00 1.3431097e+00 1.1880422e+00 1.2552143e+00 1.3922856e+00 1.5096502e+00 1.6013882e+00 1.5672988e+00 1.3493790e+00 1.1689974e+00 1.1888958e+00 1.2091727e+00 1.2246668e+00 1.2268924e+00
3.1371116e+00 3.2052150e+00 3.2948521e+00 3.0658011e+00 2.4267881e+00 2.5525380e+00 8.8728117e-04 5.6797659e-04 2.9886369e+00 3.6852681e+00 4.0241964e+00 2.5217776e+00 7.2663924e-04 9.7577763e-04 9.9794255e-04 9.4868211e-04 9.1984627e-01 1.1200862e+00 1.1812882e+00 1.1921622e+00 6.6024766e-01 6.7685648e-01 4.6007005e-01 1.0570835e-01 3.6972580e-02 1.9569431e-02 2.3988528e-01 6.2584853e-02 9.4897187e-04 8.6228801e-02 3.1326284e-01 4.8783889e-01 7.6741597e-01 9.8692397e-01 1.3228949e+00 1.4885478e+00 1.1124361e+00 7.0592912e-01 5.1661525e-01 5.0054974e-01 6.2836593e-01 8.1967057e-01 1.1117848e+00 1.3389843e+00 1.2651147e+00 9.2691394e-01 9.2156400e-01 1.1140629e+00 1.1973576e+00 1.2424953e+00
3.3966197e+00 3.4568497e+00 3.6865411e+00 3.5044650e+00 2.8126812e+00 2.8227343e+00 2.1999513e+00 0.0000000e+00 6.1560559e-04 1.6608574e+00 2.5371742e+00 3.7716443e+00 7.8091897e-01 7.9104642e-03 1.0194682e-01 5.1504547e-01 1.0999118e+00 1.1427113e+00 1.2669707e+00 1.6270339e+00 8.5219949e-04 0.0000000e+00 9.1163477e-04 3.3546154e-03 1.0049409e-03 2.0994782e-03 2.3827883e-02 2.8731970e-03 9.6020122e-04 8.0302764e-02 2.3060756e-01 7.7354481e-03 7.6915350e-04 3.9513370e-01 7.3332742e-01 1.0201263e+00 8.4109848e-01 5.5584820e-01 3.1970066e-01 1.5427517e-01 1.6046198e-01 3.4645590e-01 5.6270926e-01 7.8360372e-01 8.5971963e-01 6.5736393e-01 5.0521645e-01 6.0423389e-01 8.2427469e-01 1.0978127e+00
3.7026716e+00 3.7027090e+00 3.8903558e+00 3.9778044e+00 3.7294656e+00 3.4481194e+00 3.4409415e+00 2.9298040e+00 6.4111872e-01 8.4397494e-05 1.4664657e+00 3.0662827e+00 1.9950876e+00 1.1625503e-01 4.1947812e-01 6.1763063e-01 8.6394888e-01 9.1258858e-01 1.1771907e+00 1.0983516e+00 9.3253477e-04 0.0000000e+00 2.7808515e-01 2.4319127e-01 9.8905022e-04 6.5442032e-03 6.2270803e-03 6.4288933e-03 9.9255769e-04 1.5080556e-01 1.0740131e-01 7.6946281e-02 3.2067561e-02 9.4423089e-04 1.7393764e-01 7.6975588e-01 7.1489930e-01 7.0746944e-01 5.0407359e-01 1.1850378e-01 1.1988601e-01 2.5941097e-01 3.2369026e-01 3.2216857e-01 3.8314068e-01 4.2242254e-01 3.5481757e-01 3.3820707e-01 5.0078504e-01 7.3452094e-01
3.8716691e+00 3.7517482e+00 3.8955597e+00 4.0679142e+00 3.7746595e+00 3.6113998e+00 3.2154876e+00 1.4346265e+00 6.6575771e-01 5.9233352e-01 3.5291732e+00 4.2697299e+00 4.1263447e-01 6.2484906e-02 1.5313917e-01 2.7020689e-01 5.6976111e-01 5.6643770e-01 4.3874446e-01 5.8390081e-01 6.2196808e-01 1.8383305e-01 9.6795906e-04 1.0924444e-02 2.4118625e-02 2.1569255e-03 4.1129138e-03 9.9525400e-04 9.5210089e-04 1.8315800e-01 1.8585422e-01 1.5667866e-01 1.3921390e-01 6.1415000e-02 4.3802314e-01 7.0341691e-01 9.1386517e-01 5.5702083e-01 4.6581480e-01 2.8044615e-01 4.7674216e-01 4.1415536e-01 3.0559074e-01 1.3828709e-01 5.7091018e-02 1.1525392e-01 3.6783544e-01 5.3635625e-01 6.7140772e-01 7.6214477e-01
3.8487753e+00 3.3100377e+00 2.8741707e+00 3.3842649e+00 2.9419377e+00 1.7802889e+00 8.3718725e-01 2.7553513e-01 5.5738595e-01 1.2534631e+00 3.5475245e+00 2.6470128e+00 2.6534250e-03 6.9448059e-02 1.0257125e-01 6.8650577e-02 5.4293074e-01 4.0465120e-01 2.3251495e-01 3.0017314e-01 4.7766125e-01 9.2023569e-03 1.0493033e-02 3.9000883e-03 3.6078546e-02 9.7818411e-02 7.5257060e-02 1.0052049e-03 2.6991001e-03 4.3148764e-02 1.2828587e-01 5.3536610e-02 9.7058610e-04 1.3297546e-01 2.9323862e-01 6.4049623e-02 6.6601451e-01 7.1847246e-02 2.6472097e-01 3.0972435e-01 4.9028844e-01 6.6538813e-01 2.9740612e-01 1.6283914e-01 5.5678728e-02 9.5978622e-04 9.7842529e-04 9.3276883e-01 9.1807502e-01 1.0148190e+00
