presentation/data/depth_0029.asc
ncols     164
nrows     146
xllcorner -1.242151388888889e+02
yllcorner  4.172986111111111e+01
cellsize  2.777777777820000e-04
nodata_value       -9999
[rows 110 to 131 of 146, columns 50 to 99 of 164]
1.1315942e+01 1.0729986e+01 9.5368327e+00 7.6991015e+00 5.9668530e+00 5.1169363e+00 4.6626757e+00 4.7752952e+00 4.3322260e+00 5.6445459e+00 7.0308321e+00 7.4999812e+00 7.6703932e+00 6.1680844e+00 5.6606635e+00 5.4150682e+00 2.3714273e+00 4.6186542e-04 4.6861014e+00 5.4198965e+00 5.6791479e+00 6.0726491e+00 6.4196080e+00 6.7061610e+00 6.9043886e+00 6.9776748e+00 6.9285107e+00 7.0841432e+00 7.5593016e+00 7.9570578e+00 8.3505366e+00 8.5029031e+00 8.8456307e+00 8.9467727e+00 9.0835782e+00 9.2224303e+00 9.3846237e+00 9.5030488e+00 9.5921370e+00 9.6621598e+00 9.7499309e+00 9.7927292e+00 9.8041935e+00 9.7479146e+00 9.7257847e+00 9.7152679e+00 9.7867506e+00 9.8757372e+00 9.9554888e+00 1.0042413e+01
1.2836743e+01 1.2842976e+01 1.1592483e+01 8.7452448e+00 5.4002349e+00 4.0381837e+00 4.8692060e+00 4.7565491e+00 5.7983173e+00 6.9645048e+00 8.0194000e+00 8.9707458e+00 9.6660876e+00 5.6360612e+00 6.1087381e+00 7.0725690e+00 4.8491386e+00 3.7896921e-03 1.5125901e+00 4.7713843e+00 5.3378111e+00 5.6934358e+00 6.0423823e+00 6.3301890e+00 6.5677107e+00 6.7226737e+00 6.7973087e+00 6.7666947e+00 7.0208429e+00 7.5700035e+00 7.9956028e+00 8.3395073e+00 8.5745669e+00 8.8851188e+00 9.0076123e+00 9.1494008e+00 9.2806213e+00 9.4108129e+00 9.4993368e+00 9.5773286e+00 9.6175914e+00 9.6223342e+00 9.5932945e+00 9.5674347e+00 9.5841463e+00 9.6486354e+00 9.7746479e+00 9.9116712e+00 1.0040369e+01 1.0143742e+01
1.3944998e+01 1.4177983e+01 1.3331767e+01 1.0076612e+01 8.1284734e-01 0.0000000e+00 4.4353411e-04 4.7149257e+00 6.2715271e+00 7.8198752e+00 9.2053852e+00 1.0240016e+01 1.1123421e+01 1.1300195e+01 1.1526395e+01 1.1199676e+01 9.7603510e+00 3.7661303e+00 3.2100712e-04 2.4470772e+00 5.0954988e+00 5.4041727e+00 5.7095915e+00 6.0024316e+00 6.2595368e+00 6.4623566e+00 6.6108558e+00 6.6793302e+00 6.7483753e+00 7.1828017e+00 7.6729746e+00 8.0508948e+00 8.3607565e+00 8.6151694e+00 8.7873476e+00 8.8699563e+00 8.8400275e+00 8.9690706e+00 9.0588930e+00 9.1407652e+00 9.2266278e+00 9.2639052e+00 9.3166408e+00 9.3648245e+00 9.4451046e+00 9.5881847e+00 9.8093032e+00 9.9878953e+00 1.0151358e+01 1.0299210e+01
1.4970752e+01 1.4063502e+01 1.4111114e+01 1.1291122e+01 2.2681119e+00 0.0000000e+00 0.0000000e+00 3.7825197e-04 8.4859957e+00 9.4407965e+00 1.0729448e+01 1.1174859e+01 1.1777849e+01 1.2180792e+01 1.2618612e+01 1.2148933e+01 1.1855238e+01 1.0326498e+01 2.6276628e+00 3.2438001e-02 4.5550141e+00 5.1893826e+00 5.3874663e+00 5.6997111e+00 5.9667089e+00 6.2160105e+00 6.4248771e+00 6.6185172e+00 6.8536031e+00 7.0281108e+00 7.4810453e+00 7.8575880e+00 8.1545356e+00 8.3321954e+00 8.3126075e+00 8.1179581e+00 8.0280082e+00 8.1462924e+00 8.3928776e+00 8.5782997e+00 8.7382824e+00 8.8879664e+00 9.0723005e+00 9.2668133e+00 9.4145965e+00 9.6140933e+00 9.8315986e+00 1.0089224e+01 1.0314868e+01 1.0488085e+01
1.5486898e+01 1.5875948e+01 1.5525421e+01 1.3715745e+01 1.0280148e+01 7.2929946e+00 3.7783591e+00 5.3897629e+00 1.1766718e+01 1.1095143e+01 1.2156739e+01 1.0865862e+01 1.1946271e+01 1.2414678e+01 1.2863853e+01 1.2767711e+01 1.2135452e+01 1.1698523e+01 8.8828777e+00 1.1199665e+00 1.9151489e+00 5.1472227e+00 5.1842633e+00 5.4151564e+00 5.6997693e+00 5.9782409e+00 6.2223118e+00 6.4975433e+00 6.8766322e+00 7.2521217e+00 7.3949532e+00 7.6515118e+00 7.8309435e+00 7.7724250e+00 7.5008802e+00 7.3390689e+00 7.4044780e+00 7.8559326e+00 8.1912824e+00 8.3092298e+00 8.5059673e+00 8.6788400e+00 8.9614206e+00 9.2511686e+00 9.4857481e+00 9.7018501e+00 9.9882261e+00 1.0292131e+01 1.0587001e+01 1.0744379e+01
1.5628719e+01 1.6133588e+01 1.5879233e+01 1.2657765e+01 1.3745417e+01 1.3481621e+01 1.2450738e+01 1.3221864e+01 1.3558749e+01 1.3376896e+01 1.2880842e+01 1.2550185e+01 1.3913491e+01 1.3863534e+01 1.3225374e+01 1.3211313e+01 1.3234281e+01 1.2353330e+01 9.9835654e+00 5.6879473e+00 1.8020891e-01 3.8297953e+00 5.1306015e+00 5.1880483e+00 5.4594196e+00 5.7323606e+00 6.0073642e+00 6.3130080e+00 6.7273735e+00 7.1416595e+00 7.4441267e+00 7.4131943e+00 7.3654013e+00 7.0718077e+00 6.9102313e+00 6.9302430e+00 7.1137033e+00 7.6353999e+00 8.1290047e+00 8.2144980e+00 8.4504984e+00 8.7339947e+00 9.0370144e+00 9.3194485e+00 9.5766190e+00 9.8457585e+00 1.0179439e+01 1.0546746e+01 1.0917034e+01 1.1055355e+01
1.5987927e+01 1.6149271e+01 1.6247644e+01 1.6772596e+01 1.6091252e+01 1.5815873e+01 1.5710705e+01 1.5483928e+01 1.4927072e+01 1.4278854e+01 1.4181315e+01 1.4266717e+01 1.4279920e+01 1.4138385e+01 1.3723172e+01 1.3976415e+01 1.3802410e+01 1.3058667e+01 1.1982724e+01 8.9912873e+00 3.3376017e+00 7.2800010e-04 4.1859000e+00 5.1428320e+00 5.2939562e+00 5.5569052e+00 5.8404671e+00 6.1360562e+00 6.5106403e+00 6.8654920e+00 7.2059408e+00 7.1868707e+00 6.8869530e+00 6.7096024e+00 6.6592018e+00 6.8271470e+00 7.0274155e+00 7.3185204e+00 7.6816171e+00 8.0963342e+00 8.4718803e+00 8.8352584e+00 9.1738691e+00 9.4410494e+00 9.6925242e+00 9.9824546e+00 1.0375884e+01 1.1138423e+01 1.1218031e+01 1.1173767e+01
1.7223462e+01 1.7096813e+01 1.6778941e+01 1.6170747e+01 1.6606340e+01 1.6420143e+01 1.6025525e+01 1.5957771e+01 1.5126784e+01 1.4942216e+01 1.4796658e+01 1.4991884e+01 1.5013259e+01 1.4720962e+01 1.3864867e+01 1.3900537e+01 1.3571320e+01 1.2909160e+01 1.3059454e+01 1.2431710e+01 8.8681495e+00 0.0000000e+00 1.2443949e+00 4.6485661e+00 5.1734919e+00 5.3109166e+00 5.5063224e+00 5.7377498e+00 5.9884671e+00 6.2298375e+00 6.4779048e+00 6.6081311e+00 6.5880153e+00 6.5097136e+00 6.5101020e+00 6.6332229e+00 6.9096886e+00 7.2898892e+00 7.6859421e+00 8.2231339e+00 8.6374080e+00 8.9434082e+00 9.3081580e+00 9.6040881e+00 9.8556976e+00 1.0119011e+01 1.0155018e+01 1.0543819e+01 1.1286097e+01 1.1348521e+01
1.7525168e+01 1.7991865e+01 1.7746224e+01 1.7405245e+01 1.7027523e+01 1.6368647e+01 1.6190787e+01 1.6009103e+01 1.5922025e+01 1.5526196e+01 1.5000454e+01 1.5272936e+01 1.5189694e+01 1.5140043e+01 1.4361818e+01 1.3417043e+01 1.4166407e+01 1.3143050e+01 1.2506382e+01 1.2975378e+01 1.1003413e+01 1.7621216e+00 5.9341250e-04 2.4506025e+00 4.7448842e+00 5.2370100e+00 5.4366706e+00 5.4600757e+00 5.5502269e+00 5.6335705e+00 5.6909358e+00 5.8749896e+00 6.1099718e+00 6.2887429e+00 6.2812080e+00 6.4451262e+00 6.7907392e+00 7.2697701e+00 7.8244451e+00 8.3638440e+00 8.9223388e+00 9.2265020e+00 9.5668824e+00 9.8364355e+00 1.0133777e+01 1.0421367e+01 1.0646074e+01 1.0882041e+01 1.1324976e+01 1.1608965e+01
1.7613673e+01 1.7262072e+01 1.7726589e+01 1.7432719e+01 1.6934811e+01 1.6098360e+01 1.6405481e+01 1.6322671e+01 1.6541574e+01 1.6151873e+01 1.5170246e+01 1.5045605e+01 1.4650467e+01 1.5569640e+01 1.5528328e+01 1.4597991e+01 1.4567360e+01 1.3431432e+01 1.3875021e+01 1.3345707e+01 1.2923599e+01 6.2640154e+00 0.0000000e+00 9.6447322e-04 1.8204784e+00 4.6706140e+00 4.7780799e+00 5.0890889e+00 4.9883929e+00 5.2438994e+00 5.3094956e+00 5.2551575e+00 5.5766937e+00 5.8576957e+00 6.2099520e+00 6.3159634e+00 6.6645053e+00 7.3968508e+00 8.1429695e+00 8.7850481e+00 9.2886256e+00 9.6126550e+00 9.9538528e+00 1.0239462e+01 1.0540120e+01 1.0832430e+01 1.1174037e+01 1.1490432e+01 1.1699904e+01 1.1910468e+01
1.7808615e+01 1.7922236e+01 1.7769222e+01 1.7225162e+01 1.6959937e+01 1.6841053e+01 1.6905567e+01 1.6534618e+01 1.5589394e+01 1.6521240e+01 1.5667800e+01 1.5267422e+01 1.5258093e+01 1.5355311e+01 1.5863059e+01 1.5825607e+01 1.5344662e+01 1.4904078e+01 1.4220591e+01 1.2868767e+01 1.3510104e+01 1.1369032e+01 2.4773010e+00 8.4468448e-04 9.6270595e-04 8.8904132e-04 8.1809265e-04 1.3639601e-01 1.0986126e+00 1.9345031e+00 4.4782243e+00 3.9146410e+00 5.3104981e+00 5.3073569e+00 5.6364612e+00 6.5445858e+00 6.8690559e+00 7.4753396e+00 8.6970813e+00 9.5526723e+00 9.9266235e+00 1.0179532e+01 1.0495689e+01 1.0795517e+01 1.1092936e+01 1.1351824e+01 1.1647743e+01 1.1918728e+01 1.2141422e+01 1.2311790e+01
1.8138316e+01 1.7956397e+01 1.8081458e+01 1.7651219e+01 1.7125496e+01 1.7011545e+01 1.6799839e+01 1.6745692e+01 1.6505324e+01 1.7062271e+01 1.6156840e+01 1.5685902e+01 1.5441731e+01 1.5573286e+01 1.6070624e+01 1.5609952e+01 1.5921007e+01 1.5207236e+01 1.4433574e+01 1.4083890e+01 1.3883579e+01 1.4383370e+01 1.1040443e+01 4.2387227e+00 1.7858828e+00 4.6414904e-03 2.9389451e-02 3.2706621e-01 5.4559124e-02 2.5632812e-01 5.6324316e-01 3.2811462e-01 5.6183270e-01 9.7032723e-01 1.7130717e+00 3.1777635e+00 4.2304434e+00 5.7552724e+00 1.0215537e+01 1.0584602e+01 1.0750520e+01 1.0965758e+01 1.1243765e+01 1.1488681e+01 1.1737118e+01 1.1947889e+01 1.2174717e+01 1.2338559e+01 1.2524163e+01 1.2738017e+01
1.8566733e+01 1.8476221e+01 1.8348509e+01 1.7894093e+01 1.7428310e+01 1.7238214e+01 1.7147790e+01 1.7125962e+01 1.7153548e+01 1.6933115e+01 1.6467018e+01 1.6202374e+01 1.6114797e+01 1.6138503e+01 1.6497621e+01 1.6385792e+01 1.5120586e+01 1.5304692e+01 1.5070020e+01 1.4618100e+01 1.3773219e+01 1.4683917e+01 1.4387519e+01 1.2049152e+01 1.0620236e+01 6.0482256e+00 5.0653385e+00 6.7581644e+00 1.1380078e+01 1.1408340e+01 1.1784118e+01 1.1381281e+01 1.0085253e+01 8.8097297e+00 6.8556656e+00 5.0017865e+00 2.9624496e+00 3.8845826e+00 1.1976441e+01 1.2149985e+01 1.1890156e+01 1.1955283e+01 1.2112803e+01 1.2271746e+01 1.2412206e+01 1.2566436e+01 1.2676635e+01 1.2767584e+01 1.2784609e+01 1.3026866e+01
1.8334217e+01 1.8473676e+01 1.8467830e+01 1.8137154e+01 1.7934079e+01 1.6429859e+01 1.7265245e+01 1.7679680e+01 1.7341242e+01 1.7095936e+01 1.6864716e+01 1.6803441e+01 1.6668276e+01 1.6763176e+01 1.6697094e+01 1.6484797e+01 1.6615937e+01 1.5231908e+01 1.5586165e+01 1.5291932e+01 1.5021497e+01 1.4849768e+01 1.4746808e+01 1.4711064e+01 1.3538857e+01 8.6129714e+00 7.2800546e+00 9.0163607e+00 1.1663063e+01 1.4451711e+01 1.4353498e+01 1.4033270e+01 1.4274353e+01 1.3885132e+01 1.3578323e+01 1.4175516e+01 1.3814303e+01 1.3181095e+01 1.3602343e+01 1.3111132e+01 1.2900575e+01 1.2863058e+01 1.2901027e+01 1.2937088e+01 1.2981344e+01 1.3072399e+01 1.3160920e+01 1.3191978e+01 1.3064574e+01 1.3064180e+01
1.8989776e+01 1.8925700e+01 1.8739853e+01 1.8536384e+01 1.8224940e+01 1.4594812e+01 1.7262888e+01 1.8197968e+01 1.7827661e+01 1.7619750e+01 1.7459512e+01 1.7391166e+01 1.7164454e+01 1.7147330e+01 1.7089522e+01 1.6798660e+01 1.6658845e+01 1.5517741e+01 1.5667752e+01 1.6137435e+01 1.6118578e+01 1.5543149e+01 1.4869119e+01 1.4808853e+01 1.4562927e+01 1.1968783e+01 9.0316450e+00 9.2878193e+00 1.1638778e+01 1.4426637e+01 1.3713251e+01 1.4335263e+01 1.4106815e+01 1.4489381e+01 1.4738938e+01 1.4637450e+01 1.3617689e+01 1.4013798e+01 1.3748063e+01 1.3586828e+01 1.3486070e+01 1.3433125e+01 1.3393568e+01 1.3398889e+01 1.3409412e+01 1.3446091e+01 1.3530115e+01 1.2862947e+01 1.3309073e+01 1.3434917e+01
1.9258275e+01 1.9172759e+01 1.9119943e+01 1.8884985e+01 1.8903747e+01 1.8854897e+01 1.8828748e+01 1.8745770e+01 1.8651424e+01 1.8436719e+01 1.8153760e+01 1.8090888e+01 1.7775081e+01 1.7824321e+01 1.7597089e+01 1.7245672e+01 1.5506128e+01 1.6609376e+01 1.6587597e+01 1.6116393e+01 1.6059752e+01 1.6430102e+01 1.5734305e+01 1.5315927e+01 1.5012667e+01 1.4525914e+01 1.1816285e+01 1.1581409e+01 1.4675653e+01 1.4409438e+01 1.3786266e+01 1.4367435e+01 1.3654735e+01 1.3894619e+01 1.4719198e+01 1.4710538e+01 1.4939631e+01 1.4383006e+01 1.4050111e+01 1.3950088e+01 1.3843037e+01 1.3773471e+01 1.3744606e+01 1.3721424e+01 1.3736929e+01 1.3711288e+01 1.3674708e+01 1.2472029e+01 1.2857464e+01 1.3658752e+01
1.9548910e+01 1.9459754e+01 1.9420402e+01 1.9389092e+01 1.9287684e+01 1.9148350e+01 1.9113064e+01 1.8812693e+01 1.9052589e+01 1.8823031e+01 1.8836726e+01 1.8374495e+01 1.8264289e+01 1.8118004e+01 1.7994178e+01 1.7540831e+01 1.6896532e+01 1.7271241e+01 1.7233305e+01 1.7141546e+01 1.6654016e+01 1.7140763e+01 1.6635923e+01 1.5990624e+01 1.5702463e+01 1.4936435e+01 1.5171801e+01 1.5601358e+01 1.5262438e+01 1.4748957e+01 1.4523152e+01 1.4487409e+01 1.4321634e+01 1.4590429e+01 1.4815613e+01 1.5123585e+01 1.5045412e+01 1.4790640e+01 1.4291940e+01 1.4140419e+01 1.4048009e+01 1.3974548e+01 1.3931651e+01 1.3885595e+01 1.3881243e+01 1.3863526e+01 1.3813568e+01 1.3876837e+01 1.3957721e+01 1.3958922e+01
1.9881137e+01 1.9789732e+01 1.9724636e+01 1.9749200e+01 1.9628085e+01 1.9477769e+01 1.9303366e+01 1.9188099e+01 1.9157177e+01 1.9014259e+01 1.8865452e+01 1.8828136e+01 1.8610793e+01 1.8373823e+01 1.8326177e+01 1.8222615e+01 1.7847605e+01 1.7567478e+01 1.7631200e+01 1.7544372e+01 1.7554957e+01 1.7599759e+01 1.7410642e+01 1.6588116e+01 1.6187774e+01 1.5427845e+01 1.6208289e+01 1.5861417e+01 1.5471274e+01 1.4988262e+01 1.4821866e+01 1.4338109e+01 1.3726361e+01 1.4467001e+01 1.3315217e+01 1.4827659e+01 1.5192016e+01 1.4905638e+01 1.4515712e+01 1.4294464e+01 1.4172811e+01 1.4079516e+01 1.4021885e+01 1.3961327e+01 1.3940763e+01 1.3958321e+01 1.3901536e+01 1.3948806e+01 1.3949806e+01 1.3977301e+01
2.0182456e+01 2.0086611e+01 2.0001136e+01 1.9949640e+01 1.9997457e+01 1.9832154e+01 1.9584695e+01 1.9391776e+01 1.9292056e+01 1.9223355e+01 1.9051389e+01 1.9000064e+01 1.8866713e+01 1.8777033e+01 1.8532083e+01 1.8135551e+01 1.7936651e+01 1.7584515e+01 1.7864652e+01 1.7883584e+01 1.7874562e+01 1.7720128e+01 1.7678909e+01 1.6977709e+01 1.6900302e+01 1.6689738e+01 1.6447872e+01 1.6078802e+01 1.6003847e+01 1.5437017e+01 1.5385283e+01 1.5028054e+01 1.4357766e+01 1.4472344e+01 1.4596536e+01 1.5363176e+01 1.5395419e+01 1.4937921e+01 1.4633065e+01 1.4446758e+01 1.4308444e+01 1.4200365e+01 1.4139667e+01 1.4070997e+01 1.4044761e+01 1.4043050e+01 1.4032205e+01 1.4087512e+01 1.4118856e+01 1.4093350e+01
2.0476975e+01 2.0525326e+01 2.0343784e+01 2.0075032e+01 1.9972441e+01 1.9877010e+01 1.9785098e+01 1.9589540e+01 1.9453942e+01 1.9428480e+01 1.9284246e+01 1.9189047e+01 1.9123110e+01 1.9205668e+01 1.8880370e+01 1.8908496e+01 1.8311934e+01 1.7601333e+01 1.8067113e+01 1.8253876e+01 1.8216643e+01 1.8013208e+01 1.7475570e+01 1.7233099e+01 1.7175975e+01 1.7150567e+01 1.6670556e+01 1.5864864e+01 1.6355454e+01 1.6431665e+01 1.5444042e+01 1.5323865e+01 1.5213037e+01 1.4719269e+01 1.5342081e+01 1.5377344e+01 1.4399994e+01 1.4906554e+01 1.4842046e+01 1.4633643e+01 1.4482117e+01 1.4373778e+01 1.4308399e+01 1.4248242e+01 1.4228364e+01 1.4248298e+01 1.4278712e+01 1.3926514e+01 1.4429382e+01 1.4381279e+01
2.0694487e+01 2.0496630e+01 2.0503214e+01 2.0277988e+01 2.0077264e+01 2.0032646e+01 2.0045893e+01 1.9864013e+01 1.9755426e+01 1.9711945e+01 1.9657981e+01 1.9588548e+01 1.9551950e+01 1.9536342e+01 1.9270414e+01 1.9165834e+01 1.8624090e+01 1.5581443e+01 1.7590363e+01 1.8074734e+01 1.7876646e+01 1.7835721e+01 1.7866291e+01 1.7763779e+01 1.7625420e+01 1.7691491e+01 1.6942006e+01 1.6527491e+01 1.5147560e+01 1.5915143e+01 1.6375409e+01 1.6064430e+01 1.5625409e+01 1.4378664e+01 1.4832459e+01 1.4574795e+01 1.4143959e+01 1.4984781e+01 1.4985089e+01 1.4796577e+01 1.4630398e+01 1.4519112e+01 1.4474408e+01 1.4463116e+01 1.4522080e+01 1.4609648e+01 1.4553083e+01 1.4203224e+01 1.4537812e+01 1.4729930e+01
2.0785266e+01 2.0687299e+01 2.0549285e+01 2.0451599e+01 2.0270965e+01 2.0217580e+01 2.0227335e+01 2.0240258e+01 2.0205447e+01 2.0144425e+01 2.0092249e+01 1.9999396e+01 1.9873659e+01 1.9673548e+01 1.9599591e+01 1.9205718e+01 1.8916226e+01 1.8483395e+01 1.8818912e+01 1.8439013e+01 1.8260090e+01 1.7727170e+01 1.7416639e+01 1.7896925e+01 1.7987918e+01 1.8071799e+01 1.7441579e+01 1.6977983e+01 1.6663072e+01 1.6656273e+01 1.6475558e+01 1.6077657e+01 1.5819670e+01 1.5810694e+01 1.5686982e+01 1.5645532e+01 1.5475730e+01 1.5368514e+01 1.5146234e+01 1.4965505e+01 1.4817430e+01 1.4709310e+01 1.4669754e+01 1.4696567e+01 1.4601205e+01 1.4600960e+01 1.4684733e+01 1.2653190e+01 1.2169685e+01 1.3580298e+01
