presentation/data/depth_0018.asc
ncols     164
nrows     146
xllcorner -1.242151388888889e+02
yllcorner  4.172986111111111e+01
cellsize  2.777777777820000e-04
nodata_value       -9999
[rows 44 to 65 of 146, columns 50 to 99 of 164]
0.0000000e+00 0.0000000e+00 0.0000000e+00 0.0000000e+00 0.0000000e+00 0.0000000e+00 0.0000000e+00 0.0000000e+00 0.0000000e+00 0.0000000e+00 0.0000000e+00 0.0000000e+00 0.0000000e+00 0.0000000e+00 0.0000000e+00 0.0000000e+00 5.8850499e-01 1.2050569e+00 1.2444288e+00 1.2227863e+00 1.2031891e+00 1.1752230e+00 1.1513331e+00 1.1269204e+00 1.1103913e+00 1.0911894e+00 1.0868633e+00 1.0761810e+00 1.0737361e+00 1.0738324e+00 1.0765722e+00 1.0697467e+00 9.8404823e-01 8.9722532e-01 8.9631957e-01 8.8694381e-01 9.1720652e-01 9.3181186e-01 1.0064002e+00 1.2326488e+00 1.3830997e+00 1.4005691e+00 1.4016610e+00 1.3983946e+00 1.3997825e+00 1.3932594e+00 1.3763828e+00 1.1948227e+00 1.0838570e+00 1.0744501e+00
0.0000000e+00 0.0000000e+00 0.0000000e+00 0.0000000e+00 0.0000000e+00 0.0000000e+00 0.0000000e+00 0.0000000e+00 0.0000000e+00 0.0000000e+00 0.0000000e+00 0.0000000e+00 0.0000000e+00 0.0000000e+00 0.0000000e+00 0.0000000e+00 0.0000000e+00 4.5249319e-01 1.1704300e+00 1.2056923e+00 1.1876603e+00 1.1578467e+00 1.1294106e+00 1.1006898e+00 1.0752051e+00 1.0561599e+00 1.0462176e+00 1.0390545e+00 1.0359876e+00 1.0390722e+00 1.0324281e+00 9.4750583e-01 8.1750246e-01 7.6019201e-01 7.4946503e-01 7.5054599e-01 7.5677753e-01 7.7152105e-01 8.9348602e-01 1.3311174e+00 1.3804019e+00 1.3807722e+00 1.3835638e+00 1.3854273e+00 1.3770923e+00 1.2984725e+00 1.1746091e+00 1.0804127e+00 1.0720856e+00 1.0640858e+00
0.0000000e+00 0.0000000e+00 0.0000000e+00 0.0000000e+00 0.0000000e+00 0.0000000e+00 0.0000000e+00 0.0000000e+00 0.0000000e+00 0.0000000e+00 0.0000000e+00 0.0000000e+00 0.0000000e+00 0.0000000e+00 0.0000000e+00 0.0000000e+00 0.0000000e+00 0.0000000e+00 0.0000000e+00 5.6175823e-01 1.0414767e+00 1.1260521e+00 1.1039934e+00 1.0793089e+00 1.0469352e+00 1.0278174e+00 1.0043437e+00 1.0033417e+00 9.9229221e-01 9.7545753e-01 9.1509320e-01 7.7535009e-01 6.9853527e-01 6.8334909e-01 6.8285372e-01 6.9280694e-01 7.3728183e-01 8.8527889e-01 1.1605881e+00 1.3392696e+00 1.3688194e+00 1.3744260e+00 1.3786163e+00 1.3788773e+00 1.3681267e+00 1.2714951e+00 1.0829069e+00 1.0692879e+00 1.0626352e+00 1.0602377e+00
0.0000000e+00 0.0000000e+00 0.0000000e+00 0.0000000e+00 0.0000000e+00 0.0000000e+00 0.0000000e+00 0.0000000e+00 0.0000000e+00 0.0000000e+00 0.0000000e+00 0.0000000e+00 0.0000000e+00 0.0000000e+00 0.0000000e+00 0.0000000e+00 0.0000000e+00 0.0000000e+00 0.0000000e+00 0.0000000e+00 0.0000000e+00 4.3727736e-01 9.9334119e-01 1.0459008e+00 1.0131968e+00 9.9768651e-01 9.6198284e-01 9.1763601e-01 8.5901395e-01 7.9234703e-01 7.1678678e-01 6.8710754e-01 6.9014198e-01 7.1208314e-01 7.5334454e-01 8.0663113e-01 8.7518519e-01 1.0702054e+00 1.1803964e+00 1.3126116e+00 1.3217976e+00 1.2643638e+00 1.2337066e+00 1.1615471e+00 1.1479894e+00 1.0878296e+00 1.0697516e+00 1.0626659e+00 1.0556772e+00 1.0812666e+00
0.0000000e+00 0.0000000e+00 0.0000000e+00 0.0000000e+00 0.0000000e+00 0.0000000e+00 0.0000000e+00 0.0000000e+00 0.0000000e+00 0.0000000e+00 0.0000000e+00 0.0000000e+00 0.0000000e+00 0.0000000e+00 0.0000000e+00 0.0000000e+00 0.0000000e+00 0.0000000e+00 0.0000000e+00 0.0000000e+00 0.0000000e+00 0.0000000e+00 0.0000000e+00 5.5734135e-01 7.4936846e-01 7.3133026e-01 6.4885399e-01 5.5517766e-01 5.5604072e-01 6.1039304e-01 7.0211277e-01 7.9972827e-01 8.0322677e-01 7.9200747e-01 8.5990725e-01 9.3117538e-01 9.7326115e-01 9.9493957e-01 1.0018874e+00 1.0501494e+00 1.0761013e+00 1.0533286e+00 1.0518980e+00 1.0531378e+00 1.0542753e+00 1.0619150e+00 1.0709248e+00 1.2239027e+00 1.2371323e+00 1.2486247e+00
0.0000000e+00 0.0000000e+00 0.0000000e+00 0.0000000e+00 0.0000000e+00 0.0000000e+00 0.0000000e+00 0.0000000e+00 0.0000000e+00 0.0000000e+00 0.0000000e+00 0.0000000e+00 0.0000000e+00 0.0000000e+00 0.0000000e+00 0.0000000e+00 0.0000000e+00 0.0000000e+00 0.0000000e+00 0.0000000e+00 0.0000000e+00 0.0000000e+00 0.0000000e+00 1.0913916e-03 1.1253224e-02 8.6949027e-02 1.9068553e-01 3.5114516e-01 5.5304659e-01 7.6211717e-01 9.3042598e-01 9.8044299e-01 9.8801052e-01 9.7450517e-01 9.9210931e-01 1.0090668e+00 1.0304774e+00 1.0335822e+00 1.0364345e+00 1.0394205e+00 1.0460738e+00 1.0496791e+00 1.0535075e+00 1.0591819e+00 1.0576802e+00 1.0853995e+00 1.4443691e+00 2.0177856e+00 2.0758737e+00 2.0233289e+00
0.0000000e+00 0.0000000e+00 0.0000000e+00 0.0000000e+00 0.0000000e+00 0.0000000e+00 0.0000000e+00 0.0000000e+00 0.0000000e+00 0.0000000e+00 0.0000000e+00 0.0000000e+00 0.0000000e+00 0.0000000e+00 0.0000000e+00 0.0000000e+00 0.0000000e+00 0.0000000e+00 0.0000000e+00 0.0000000e+00 0.0000000e+00 0.0000000e+00 0.0000000e+00 8.8798644e-03 1.2453279e-02 4.7063762e-02 2.6490270e-01 5.4785743e-01 8.2644721e-01 9.6787371e-01 9.9745889e-01 1.0162478e+00 1.0212018e+00 1.0291647e+00 1.0342337e+00 1.0307389e+00 1.0346074e+00 1.0369262e+00 1.0416213e+00 1.0462653e+00 1.0570618e+00 1.0610659e+00 1.0745412e+00 1.1409949e+00 1.3727499e+00 1.7408740e+00 2.1032893e+00 2.1589875e+00 2.0774694e+00 1.7496203e+00
0.0000000e+00 0.0000000e+00 0.0000000e+00 0.0000000e+00 0.0000000e+00 0.0000000e+00 0.0000000e+00 0.0000000e+00 0.0000000e+00 0.0000000e+00 0.0000000e+00 0.0000000e+00 0.0000000e+00 0.0000000e+00 0.0000000e+00 0.0000000e+00 0.0000000e+00 0.0000000e+00 0.0000000e+00 0.0000000e+00 0.0000000e+00 0.0000000e+00 0.0000000e+00 8.5059674e-03 1.3854421e-02 1.5292518e-01 5.0016295e-01 8.2713468e-01 9.6489127e-01 9.8887301e-01 9.9795972e-01 1.0090711e+00 1.0129178e+00 1.0187686e+00 1.0249943e+00 1.0255512e+00 1.0273493e+00 1.0301429e+00 1.0337167e+00 1.0405711e+00 1.3250777e+00 1.6922728e+00 1.7723917e+00 1.9971906e+00 2.0880941e+00 2.0254271e+00 1.8173321e+00 1.5796661e+00 1.2451407e+00 1.0763347e+00
0.0000000e+00 0.0000000e+00 0.0000000e+00 0.0000000e+00 0.0000000e+00 0.0000000e+00 0.0000000e+00 0.0000000e+00 0.0000000e+00 0.0000000e+00 0.0000000e+00 0.0000000e+00 0.0000000e+00 0.0000000e+00 0.0000000e+00 0.0000000e+00 0.0000000e+00 0.0000000e+00 0.0000000e+00 0.0000000e+00 0.0000000e+00 0.0000000e+00 1.0467518e-02 6.0455903e-02 4.2420620e-01 6.3272316e-01 8.0794609e-01 9.4879174e-01 9.7081143e-01 9.7986764e-01 9.8760524e-01 9.9313006e-01 9.9935950e-01 1.0042246e+00 1.0117886e+00 1.0169862e+00 1.0162986e+00 1.0184442e+00 1.0204777e+00 1.0237829e+00 1.3232772e+00 1.8452175e+00 1.8626436e+00 1.6214714e+00 1.3526051e+00 1.1576478e+00 1.0697466e+00 1.0350693e+00 1.0232570e+00 1.0172611e+00
0.0000000e+00 0.0000000e+00 0.0000000e+00 0.0000000e+00 0.0000000e+00 0.0000000e+00 0.0000000e+00 0.0000000e+00 0.0000000e+00 0.0000000e+00 0.0000000e+00 0.0000000e+00 0.0000000e+00 0.0000000e+00 0.0000000e+00 0.0000000e+00 0.0000000e+00 0.0000000e+00 0.0000000e+00 0.0000000e+00 0.0000000e+00 0.0000000e+00 5.7809487e-03 5.7857423e-01 9.1477702e-01 9.3089440e-01 9.4230334e-01 9.4108612e-01 9.4852732e-01 9.5696514e-01 9.6504966e-01 9.7578921e-01 9.9548317e-01 1.0036978e+00 1.0007453e+00 9.9933244e-01 1.0028443e+00 1.0051747e+00 1.0049975e+00 9.8934121e-01 9.6476112e-01 1.0391078e+00 1.0639935e+00 1.0295874e+00 1.0205836e+00 1.0184641e+00 1.0151737e+00 1.0127796e+00 1.0107996e+00 1.0127854e+00
0.0000000e+00 0.0000000e+00 0.0000000e+00 0.0000000e+00 0.0000000e+00 0.0000000e+00 0.0000000e+00 0.0000000e+00 0.0000000e+00 0.0000000e+00 0.0000000e+00 0.0000000e+00 0.0000000e+00 0.0000000e+00 0.0000000e+00 0.0000000e+00 0.0000000e+00 0.0000000e+00 0.0000000e+00 0.0000000e+00 0.0000000e+00 6.2629510e-03 9.4718980e-02 7.1461315e-01 9.0323335e-01 9.0697087e-01 9.1633174e-01 9.1599818e-01 9.2087322e-01 9.3554884e-01 9.8214817e-01 1.0646609e+00 1.1531948e+00 1.1999662e+00 1.1127063e+00 1.0620308e+00 1.0580733e+00 9.9800945e-01 8.8387570e-01 8.6181832e-01 8.9911505e-01 9.4835473e-01 1.0003946e+00 1.0042053e+00 1.0057585e+00 1.0102593e+00 1.0105320e+00 1.0102311e+00 1.0081294e+00 1.0073485e+00
0.0000000e+00 0.0000000e+00 0.0000000e+00 0.0000000e+00 0.0000000e+00 0.0000000e+00 0.0000000e+00 0.0000000e+00 0.0000000e+00 0.0000000e+00 0.0000000e+00 0.0000000e+00 0.0000000e+00 0.0000000e+00 0.0000000e+00 0.0000000e+00 0.0000000e+00 0.0000000e+00 0.0000000e+00 0.0000000e+00 0.0000000e+00 6.5261565e-03 1.8140267e-01 6.5545257e-01 8.6906229e-01 8.7906926e-01 8.7626012e-01 8.9667924e-01 9.5720758e-01 1.0575665e+00 1.1736117e+00 1.2891512e+00 1.3668126e+00 1.4317605e+00 1.3001641e+00 1.1639369e+00 1.0930414e+00 9.8237741e-01 8.7008818e-01 1.0085001e+00 1.1300334e+00 1.1720444e+00 1.0982995e+00 1.0340535e+00 1.0055797e+00 9.9956485e-01 1.0009020e+00 1.0000537e+00 9.9846230e-01 1.0035687e+00
0.0000000e+00 0.0000000e+00 0.0000000e+00 0.0000000e+00 0.0000000e+00 0.0000000e+00 0.0000000e+00 0.0000000e+00 0.0000000e+00 0.0000000e+00 0.0000000e+00 0.0000000e+00 0.0000000e+00 0.0000000e+00 0.0000000e+00 0.0000000e+00 0.0000000e+00 0.0000000e+00 0.0000000e+00 0.0000000e+00 1.4794313e-02 2.2788202e-02 1.7156387e-01 5.1796614e-01 7.2098068e-01 8.4692391e-01 9.5144627e-01 1.0740581e+00 1.2632714e+00 1.3516671e+00 1.3961235e+00 1.5002756e+00 1.5772878e+00 1.6153372e+00 1.4913661e+00 1.4528513e+00 1.3165192e+00 1.1812429e+00 1.3892519e+00 1.7965008e+00 2.0653427e+00 2.0277881e+00 1.8618533e+00 1.5775930e+00 1.2774026e+00 1.0792371e+00 1.0239539e+00 1.0046009e+00 9.9874668e-01 9.9702721e-01
0.0000000e+00 0.0000000e+00 0.0000000e+00 0.0000000e+00 0.0000000e+00 0.0000000e+00 0.0000000e+00 0.0000000e+00 0.0000000e+00 0.0000000e+00 0.0000000e+00 0.0000000e+00 0.0000000e+00 0.0000000e+00 0.0000000e+00 0.0000000e+00 0.0000000e+00 0.0000000e+00 0.0000000e+00 0.0000000e+00 1.7486539e-02 1.8833076e-02 6.0543599e-02 3.3892624e-01 6.3270445e-01 8.9854153e-01 1.1173238e+00 1.3185406e+00 1.5851500e+00 1.7408024e+00 1.7996559e+00 1.7145027e+00 1.7333767e+00 1.7997227e+00 1.7636716e+00 1.7534603e+00 1.6427224e+00 1.7130967e+00 2.0924323e+00 2.2349735e+00 2.0489549e+00 2.0696745e+00 2.2187126e+00 2.2786387e+00 2.0841937e+00 1.8225431e+00 1.6134872e+00 1.4437332e+00 1.3517653e+00 1.3205873e+00
0.0000000e+00 0.0000000e+00 0.0000000e+00 0.0000000e+00 0.0000000e+00 0.0000000e+00 0.0000000e+00 0.0000000e+00 0.0000000e+00 0.0000000e+00 0.0000000e+00 0.0000000e+00 0.0000000e+00 0.0000000e+00 0.0000000e+00 0.0000000e+00 0.0000000e+00 0.0000000e+00 0.0000000e+00 7.9618656e-03 1.7891411e-02 2.9537334e-02 6.0066447e-02 3.6348645e-01 7.1244373e-01 1.0229169e+00 1.2903246e+00 1.6009691e+00 1.9641464e+00 2.1066785e+00 2.1803086e+00 2.2795196e+00 2.1810140e+00 2.1547590e+00 2.1497680e+00 2.0357581e+00 1.9506894e+00 2.1546622e+00 2.1701112e+00 1.7198093e+00 1.2712225e+00 1.2081424e+00 1.4162919e+00 1.7834056e+00 2.0880278e+00 2.2190746e+00 2.2615754e+00 2.2326275e+00 2.2032874e+00 2.1748948e+00
0.0000000e+00 0.0000000e+00 0.0000000e+00 0.0000000e+00 0.0000000e+00 0.0000000e+00 0.0000000e+00 0.0000000e+00 0.0000000e+00 0.0000000e+00 0.0000000e+00 0.0000000e+00 0.0000000e+00 0.0000000e+00 0.0000000e+00 0.0000000e+00 0.0000000e+00 0.0000000e+00 0.0000000e+00 1.2353917e-02 2.1981755e-02 2.9682372e-02 4.7900776e-02 3.1837026e-01 6.8646345e-01 1.0065344e+00 1.3284605e+00 1.7178069e+00 2.0940456e+00 2.2944856e+00 2.5052546e+00 2.6536228e+00 2.7519750e+00 2.6270028e+00 2.4680290e+00 2.4905829e+00 2.1630369e+00 2.2237839e+00 1.7725057e+00 1.2196993e+00 1.0337126e+00 1.0154826e+00 1.0027989e+00 1.0838630e+00 1.2070873e+00 1.3889057e+00 1.5887155e+00 1.7405270e+00 1.8232445e+00 1.8590909e+00
0.0000000e+00 0.0000000e+00 0.0000000e+00 0.0000000e+00 0.0000000e+00 0.0000000e+00 0.0000000e+00 0.0000000e+00 0.0000000e+00 0.0000000e+00 0.0000000e+00 0.0000000e+00 0.0000000e+00 0.0000000e+00 0.0000000e+00 0.0000000e+00 0.0000000e+00 0.0000000e+00 8.8395387e-03 1.7233591e-02 2.0617960e-02 2.5879584e-02 3.5947918e-02 4.1110069e-01 8.0903578e-01 1.1854059e+00 1.5645919e+00 2.0507201e+00 2.5414247e+00 2.7015029e+00 2.7606054e+00 2.7807725e+00 2.7946733e+00 2.8065136e+00 2.8070137e+00 2.5173240e+00 2.2071955e+00 2.2133782e+00 1.7548537e+00 1.1709348e+00 1.0748296e+00 1.0622626e+00 1.0313744e+00 1.0195943e+00 1.0104733e+00 1.0144078e+00 1.0515169e+00 1.0693383e+00 1.1578428e+00 1.2131444e+00
0.0000000e+00 0.0000000e+00 0.0000000e+00 0.0000000e+00 0.0000000e+00 0.0000000e+00 0.0000000e+00 0.0000000e+00 0.0000000e+00 0.0000000e+00 0.0000000e+00 0.0000000e+00 0.0000000e+00 0.0000000e+00 0.0000000e+00 0.0000000e+00 0.0000000e+00 8.3091730e-03 1.4311386e-02 2.1067498e-02 2.5961195e-02 1.5297245e-02 1.5008869e-01 6.5456435e-01 1.0663017e+00 1.4985655e+00 2.0052989e+00 2.5147204e+00 2.7220189e+00 2.7399727e+00 2.7500188e+00 2.7624249e+00 2.7733336e+00 2.7838174e+00 2.7539810e+00 2.4194367e+00 2.2878057e+00 2.1380144e+00 1.6817456e+00 1.1841300e+00 1.0660210e+00 1.0650978e+00 1.0187577e+00 1.0001485e+00 9.7841723e-01 9.9477952e-01 1.0155129e+00 1.0577103e+00 1.0696677e+00 1.0867835e+00
0.0000000e+00 0.0000000e+00 0.0000000e+00 0.0000000e+00 0.0000000e+00 0.0000000e+00 0.0000000e+00 0.0000000e+00 0.0000000e+00 0.0000000e+00 0.0000000e+00 0.0000000e+00 0.0000000e+00 0.0000000e+00 0.0000000e+00 0.0000000e+00 9.1004593e-03 9.1314150e-03 9.6106624e-03 2.1210715e-02 4.3221112e-02 2.4230920e-02 3.8702301e-01 8.3068133e-01 1.3518975e+00 1.9747423e+00 2.4927836e+00 2.7078183e+00 2.7198756e+00 2.7248761e+00 2.7312663e+00 2.7413006e+00 2.7504271e+00 2.7582876e+00 2.7518364e+00 2.6354038e+00 2.4630046e+00 2.0751557e+00 1.5352430e+00 1.1780042e+00 1.0352750e+00 9.7676800e-01 9.3478203e-01 8.9628543e-01 8.8772754e-01 9.0836379e-01 9.0592122e-01 9.2614292e-01 9.4686014e-01 9.8226666e-01
0.0000000e+00 0.0000000e+00 0.0000000e+00 0.0000000e+00 0.0000000e+00 0.0000000e+00 0.0000000e+00 0.0000000e+00 0.0000000e+00 0.0000000e+00 0.0000000e+00 0.0000000e+00 0.0000000e+00 0.0000000e+00 0.0000000e+00 9.7056241e-03 9.4283467e-03 4.2768788e-02 8.8474457e-02 1.2270384e-01 1.5318168e-01 1.4504138e-01 6.2970376e-01 1.0971021e+00 1.5120997e+00 2.2327614e+00 2.7031626e+00 2.7081757e+00 2.7086657e+00 2.7115765e+00 2.7130451e+00 2.7258177e+00 2.7258657e+00 2.7168150e+00 2.7464971e+00 2.7090930e+00 2.3573114e+00 1.8170862e+00 1.4073855e+00 1.0925596e+00 9.3971447e-01 8.6945165e-01 8.3095209e-01 8.3582755e-01 8.4786360e-01 8.5442980e-01 8.6264575e-01 8.7213457e-01 8.8314151e-01 8.9868657e-01
0.0000000e+00 0.0000000e+00 0.0000000e+00 0.0000000e+00 0.0000000e+00 0.0000000e+00 0.0000000e+00 0.0000000e+00 0.0000000e+00 0.0000000e+00 0.0000000e+00 0.0000000e+00 0.0000000e+00 0.0000000e+00 0.0000000e+00 1.0726128e-02 3.5617009e-02 2.1677433e-01 1.9027610e-01 1.5877286e-01 1.4403476e-01 1.4084699e-01 8.0575627e-01 1.3350470e+00 1.7470488e+00 2.1441800e+00 2.4489972e+00 2.6410237e+00 2.6914754e+00 2.6651943e+00 2.6667244e+00 2.5132620e+00 2.3061916e+00 3.4115500e+00 2.8458731e+00 2.5352826e+00 2.0936625e+00 1.6659905e+00 1.3001362e+00 9.5938018e-01 8.1664353e-01 7.7279851e-01 7.7873691e-01 7.8878939e-01 8.0194976e-01 8.0846800e-01 8.1955091e-01 8.3261900e-01 8.4766270e-01 8.6223430e-01
0.0000000e+00 0.0000000e+00 0.0000000e+00 0.0000000e+00 0.0000000e+00 0.0000000e+00 0.0000000e+00 0.0000000e+00 0.0000000e+00 0.0000000e+00 0.0000000e+00 0.0000000e+00 0.0000000e+00 0.0000000e+00 0.0000000e+00 1.2191969e-02 5.9020114e-02 2.1844441e-01 1.9364952e-01 1.7006304e-01 1.2526692e-01 1.6820870e-01 9.3119929e-01 1.4580668e+00 1.7273857e+00 1.7943926e+00 1.7672426e+00 2.0426295e+00 2.0950314e+00 1.8331001e+00 1.7871480e+00 2.0671677e+00 4.1964904e+00 4.5562400e+00 2.0920457e+00 2.2002834e+00 1.8937872e+00 1.5457377e+00 1.1709809e+00 8.3644979e-01 6.8604029e-01 6.7865115e-01 6.9495717e-01 7.0954874e-01 7.2770299e-01 7.3964083e-01 7.5564962e-01 7.7561607e-01 7.9705573e-01 8.1620955e-01
