presentation/data/depth_0016.asc
ncols     164
nrows     146
xllcorner -1.242151388888889e+02
yllcorner  4.172986111111111e+01
cellsize  2.777777777820000e-04
nodata_value       -9999
[rows 88 to 109 of 146, columns 50 to 99 of 164]
6.3811554e-04 4.1631222e-02 2.6012134e-01 7.6496629e-01 1.7128565e+00 1.9298981e+00 4.9330070e+00 6.5602329e+00 6.6479081e+00 6.5824339e+00 6.7246726e+00 6.9921561e+00 7.3388362e+00 7.6580384e+00 7.9276576e+00 8.0816011e+00 8.4169909e+00 8.8833875e+00 9.1018208e+00 9.3337618e+00 9.2984949e+00 9.4764506e+00 9.5069566e+00 9.3900306e+00 9.5063953e+00 9.3669938e+00 9.4547231e+00 8.9491966e+00 7.7353535e+00 8.7693800e+00 9.0917867e+00 8.6243226e+00 8.7300982e+00 8.9486813e+00 9.0324262e+00 8.8974634e+00 8.9828170e+00 9.0430331e+00 9.0312574e+00 8.9659674e+00 9.0461388e+00 9.0534098e+00 9.0031776e+00 9.0016955e+00 9.0740130e+00 9.1165852e+00 9.3408615e+00 8.4536957e+00 8.4527705e+00 9.0312176e+00
2.6044717e+00 3.2459638e+00 2.7682204e+00 5.2678556e-01 1.1367331e+00 1.5217747e+00 1.8839652e+00 4.2614938e+00 6.4695388e+00 6.8052546e+00 6.8556303e+00 7.0334408e+00 7.3512807e+00 7.9241119e+00 8.1474698e+00 8.3684776e+00 8.7475855e+00 8.9586596e+00 8.9540731e+00 9.3225894e+00 9.6860390e+00 9.7880540e+00 9.6056197e+00 9.4509047e+00 9.4319103e+00 8.8907324e+00 8.4068237e+00 8.1797285e+00 7.8664480e+00 8.3873810e+00 8.8413632e+00 8.9790241e+00 9.0448046e+00 9.1121493e+00 9.1768737e+00 9.1680101e+00 9.1443300e+00 9.2266331e+00 9.2437203e+00 9.2485278e+00 9.2577440e+00 9.2629682e+00 9.3061028e+00 9.2399361e+00 9.2105809e+00 9.2214830e+00 9.3539203e+00 8.9185523e+00 8.5889798e+00 8.5416442e+00
5.3315858e+00 4.9972696e+00 4.1337922e+00 2.3607736e+00 6.9653693e-01 1.4994701e+00 1.8098800e+00 1.6630927e+00 3.9738220e+00 6.6131258e+00 6.9634873e+00 7.0273383e+00 7.2602760e+00 7.6713405e+00 7.9002398e+00 8.2059197e+00 8.4495891e+00 8.6247827e+00 8.7162235e+00 8.9255175e+00 9.1405039e+00 9.2027760e+00 8.9768467e+00 8.8105017e+00 8.6798961e+00 8.1006283e+00 7.5415669e+00 8.1312148e+00 8.5585111e+00 8.8401376e+00 9.1073055e+00 9.2385837e+00 9.3101315e+00 9.3056074e+00 9.3313817e+00 9.3741627e+00 9.3956189e+00 9.3936767e+00 9.4586110e+00 9.4744313e+00 9.4783517e+00 9.4314490e+00 9.5179821e+00 9.5342196e+00 9.4621787e+00 9.4599242e+00 9.3837384e+00 9.3100819e+00 8.7481389e+00 8.7390480e+00
5.1714978e+00 5.1729904e+00 4.9280858e+00 4.5247501e+00 8.7589717e-01 9.6845201e-01 2.5647368e+00 2.7494783e+00 1.9883399e+00 3.8293326e+00 6.7384418e+00 7.0846755e+00 7.0810548e+00 7.2518071e+00 7.2103038e+00 7.1126717e+00 7.7937512e+00 8.0527082e+00 8.1673386e+00 8.2823755e+00 8.3303273e+00 8.2585109e+00 8.0580824e+00 7.8647690e+00 7.9577362e+00 8.0017572e+00 8.0887608e+00 8.6041708e+00 8.9964396e+00 9.2065662e+00 9.3125450e+00 9.3973769e+00 9.4398687e+00 9.4818920e+00 9.4897367e+00 9.5225021e+00 9.5805499e+00 9.6145957e+00 9.6023784e+00 9.6635313e+00 9.6421690e+00 9.6346420e+00 9.7371098e+00 9.7402048e+00 9.6913908e+00 9.6781671e+00 9.6013340e+00 9.4799004e+00 9.3377668e+00 9.2405692e+00
5.2156841e+00 5.3785328e+00 4.4384023e+00 5.2670482e+00 3.6581819e+00 9.5640283e-01 2.5516808e+00 3.2934581e+00 3.2406908e+00 2.1082493e+00 3.6096167e+00 6.6313656e+00 7.0186806e+00 7.0935908e+00 5.4192238e+00 3.6711535e+00 7.0014654e+00 7.5199235e+00 7.5924499e+00 7.6393021e+00 7.5551508e+00 7.3970196e+00 7.2849195e+00 7.1726649e+00 7.6845996e+00 8.2823700e+00 8.6490583e+00 8.9760634e+00 9.2684491e+00 9.4223593e+00 9.4933696e+00 9.5184983e+00 9.5494690e+00 9.5827744e+00 9.6173892e+00 9.6467799e+00 9.7028715e+00 9.7621061e+00 9.7909204e+00 9.7689275e+00 9.7794522e+00 9.8090661e+00 9.8896679e+00 9.8592944e+00 9.8607566e+00 9.7835240e+00 9.6352074e+00 9.4623458e+00 9.2503260e+00 9.1245063e+00
4.9304343e+00 5.0656081e+00 5.1878808e+00 5.4081284e+00 5.1903973e+00 1.8581764e+00 1.2921589e+00 3.3274110e+00 3.8603551e+00 4.6544252e+00 2.6663585e+00 2.6440794e+00 6.2083554e+00 6.8151673e+00 6.0457170e+00 5.9331027e+00 7.0252243e+00 7.0998989e+00 7.1456496e+00 7.1341040e+00 6.9929756e+00 6.9055749e+00 7.2727884e+00 7.6153163e+00 8.2528877e+00 8.7812881e+00 9.1468520e+00 9.3388730e+00 9.4566031e+00 9.5367872e+00 9.6047084e+00 9.6617002e+00 9.6673462e+00 9.6953238e+00 9.7411869e+00 9.7468737e+00 9.7974696e+00 9.8545875e+00 9.8545745e+00 9.8799728e+00 9.9357881e+00 9.9855784e+00 1.0010233e+01 9.9945913e+00 9.9469880e+00 9.8280252e+00 9.5524187e+00 9.1254638e+00 8.8052295e+00 8.6203410e+00
5.0381546e+00 5.2000092e+00 5.4763729e+00 5.4529246e+00 5.3951942e+00 4.1033017e+00 1.0708683e+00 2.4553105e+00 5.7694293e+00 6.4484924e+00 5.9548683e+00 2.8661075e+00 1.4202328e+00 2.6448231e+00 5.3371545e+00 7.1478776e+00 6.9062125e+00 6.9137028e+00 6.9375037e+00 6.9044601e+00 6.8749335e+00 7.3412212e+00 7.9479456e+00 8.4844728e+00 8.8643365e+00 9.1507734e+00 9.3857959e+00 9.5599533e+00 9.6384041e+00 9.6419576e+00 9.6818299e+00 9.7381184e+00 9.7934705e+00 9.8025185e+00 9.8517327e+00 9.8774332e+00 9.9100499e+00 9.9145631e+00 9.9353017e+00 1.0012583e+01 1.0073458e+01 1.0111363e+01 1.0148774e+01 1.0133861e+01 1.0102029e+01 9.9270246e+00 9.1241502e+00 8.3455297e+00 8.1390999e+00 7.9103590e+00
5.2723163e+00 5.3642843e+00 5.4346523e+00 5.4499999e+00 5.5049950e+00 5.3187068e+00 2.5950406e+00 1.5031862e+00 5.1869194e+00 6.6667714e+00 5.3978852e+00 5.4511392e+00 1.7704331e+00 4.9284510e-01 3.8346333e+00 7.0126798e+00 6.8969380e+00 6.9156646e+00 6.9238993e+00 7.1501333e+00 7.4702244e+00 8.0811845e+00 8.6135535e+00 8.9445318e+00 9.2383210e+00 9.4040647e+00 9.5452279e+00 9.6521724e+00 9.7463004e+00 9.7825905e+00 9.7847752e+00 9.8175190e+00 9.8708840e+00 9.9182849e+00 9.9505434e+00 9.9647460e+00 9.9575194e+00 9.9726843e+00 1.0009992e+01 1.0091484e+01 1.0170617e+01 1.0223424e+01 1.0295264e+01 1.0356744e+01 1.0446790e+01 1.0346608e+01 8.4300238e+00 6.9537264e+00 6.7654262e+00 7.0782405e+00
5.3601080e+00 5.4247623e+00 5.4385699e+00 5.4426720e+00 5.4203479e+00 5.3750486e+00 4.9319641e+00 1.8840627e+00 1.4418225e+00 5.8515759e+00 6.1945731e+00 6.3053596e+00 5.5967740e+00 5.2774368e+00 6.4228635e+00 6.9822499e+00 7.0843565e+00 7.1508785e+00 7.1971947e+00 7.7344881e+00 8.4041516e+00 8.8168733e+00 9.0340728e+00 9.2191668e+00 9.3941778e+00 9.5514744e+00 9.6333823e+00 9.7208476e+00 9.7836945e+00 9.8425443e+00 9.8684122e+00 9.8910649e+00 9.9352628e+00 9.9571622e+00 9.9651728e+00 9.9698115e+00 9.9889052e+00 9.9963480e+00 1.0047167e+01 1.0127284e+01 1.0193042e+01 1.0271486e+01 1.0359160e+01 1.0472733e+01 1.0605420e+01 9.9218820e+00 3.7358055e+00 2.9884992e+00 3.4293579e+00 4.5201299e+00
5.5225329e+00 5.5544647e+00 5.5684167e+00 5.5712927e+00 5.5412984e+00 5.4691108e+00 5.4462997e+00 4.6470060e+00 1.2482240e+00 2.0667633e+00 6.1515447e+00 6.5663936e+00 6.8409962e+00 7.0666151e+00 7.0627176e+00 7.2028065e+00 7.5142314e+00 7.7385246e+00 7.9223642e+00 8.3902528e+00 8.8126146e+00 9.1134904e+00 9.3242191e+00 9.3860080e+00 9.4967104e+00 9.5977748e+00 9.6923862e+00 9.7551627e+00 9.8007776e+00 9.8589682e+00 9.8897504e+00 9.9187357e+00 9.9457534e+00 9.9138181e+00 9.9771106e+00 9.9970061e+00 1.0051123e+01 1.0055725e+01 1.0100699e+01 1.0139425e+01 1.0198085e+01 1.0272097e+01 1.0320925e+01 1.0349344e+01 1.0296116e+01 9.9132468e+00 7.8752675e+00 6.4553602e+00 4.8472118e+00 3.5720733e+00
5.7803706e+00 5.7762420e+00 5.7629559e+00 5.7286040e+00 5.6408107e+00 5.5291518e+00 5.4446330e+00 5.4697469e+00 2.8128024e+00 1.3472576e+00 5.2973556e+00 6.9311238e+00 6.7016956e+00 6.8501424e+00 7.1029671e+00 7.3898823e+00 7.7562456e+00 7.9545614e+00 8.1535391e+00 8.6066052e+00 8.9445668e+00 9.2630872e+00 9.4664407e+00 9.5153849e+00 9.5407229e+00 9.6151989e+00 9.6781151e+00 9.7621752e+00 9.8018837e+00 9.8634208e+00 9.9054658e+00 9.9132984e+00 9.8786221e+00 9.9535954e+00 1.0014360e+01 1.0025265e+01 1.0094594e+01 1.0095594e+01 1.0128537e+01 1.0157786e+01 1.0205647e+01 1.0241085e+01 1.0237971e+01 1.0167735e+01 1.0032676e+01 9.7680690e+00 9.3878362e+00 9.0487405e+00 8.8187454e+00 8.5079383e+00
5.9892726e+00 5.9364144e+00 5.9022654e+00 5.8268186e+00 5.7072306e+00 5.5917281e+00 5.4192435e+00 5.3448402e+00 4.8185049e+00 1.6326436e+00 1.8679060e+00 6.2335770e+00 6.7766528e+00 6.9931189e+00 7.1801946e+00 7.4512491e+00 7.6776181e+00 7.8379621e+00 8.3331425e+00 8.6818889e+00 8.9971188e+00 9.2638148e+00 9.4303649e+00 9.4675641e+00 9.5278510e+00 9.5942422e+00 9.6604750e+00 9.7314576e+00 9.8085975e+00 9.8477544e+00 9.8887466e+00 9.9192797e+00 9.9078492e+00 9.9609849e+00 1.0036843e+01 1.0060483e+01 1.0118051e+01 1.0119543e+01 1.0144508e+01 1.0176780e+01 1.0201312e+01 1.0209139e+01 1.0162222e+01 1.0065967e+01 9.9552716e+00 9.7557972e+00 9.5587945e+00 9.5341819e+00 9.3728146e+00 9.2096567e+00
6.2827912e+00 6.1811767e+00 6.1171438e+00 5.9881935e+00 5.8238988e+00 5.7070405e+00 5.5676422e+00 5.4456393e+00 5.3222856e+00 3.5343122e+00 1.1148441e+00 1.8708267e+00 6.3941499e+00 7.0378064e+00 7.2229443e+00 7.5221946e+00 7.8261581e+00 8.0389588e+00 8.4722987e+00 8.7440489e+00 8.9747246e+00 9.1568793e+00 9.2689324e+00 9.3791185e+00 9.4888291e+00 9.5645754e+00 9.6411071e+00 9.7125033e+00 9.7875216e+00 9.8640397e+00 9.9038844e+00 9.8948936e+00 9.9284841e+00 9.9706675e+00 1.0040610e+01 1.0083143e+01 1.0141867e+01 1.0144182e+01 1.0162431e+01 1.0184009e+01 1.0214842e+01 1.0183557e+01 1.0123774e+01 1.0030922e+01 9.9802320e+00 9.9466359e+00 9.8008214e+00 9.6276778e+00 9.4427755e+00 9.3782711e+00
6.6482808e+00 6.5050799e+00 6.3734890e+00 6.1880585e+00 5.9775089e+00 5.8179411e+00 5.6443136e+00 5.4870282e+00 5.4144636e+00 5.3504604e+00 2.6084052e+00 1.1258929e+00 5.2364405e+00 7.1796036e+00 7.1827149e+00 7.5677456e+00 7.9794340e+00 8.2653515e+00 8.4502602e+00 8.7511508e+00 8.9399806e+00 9.0537450e+00 9.1833647e+00 9.2929719e+00 9.4085862e+00 9.5113995e+00 9.5879201e+00 9.6793531e+00 9.7676097e+00 9.8517372e+00 9.8902488e+00 9.8773867e+00 9.9378626e+00 9.9828567e+00 1.0061037e+01 1.0102688e+01 1.0141889e+01 1.0128495e+01 1.0151588e+01 1.0196022e+01 1.0189041e+01 1.0168019e+01 1.0123765e+01 1.0041877e+01 1.0050859e+01 1.0043793e+01 9.9442896e+00 9.7541091e+00 9.6607252e+00 9.5425385e+00
7.1027936e+00 6.8771063e+00 6.6637572e+00 6.4100259e+00 6.1340826e+00 5.8880521e+00 5.6851940e+00 5.5100247e+00 5.3226241e+00 5.2964895e+00 4.7029097e+00 1.3093115e+00 1.4059268e+00 6.8223355e+00 7.1390533e+00 7.4573488e+00 7.8810997e+00 8.2487565e+00 8.4831779e+00 8.6361794e+00 8.8203098e+00 8.9690363e+00 9.0845777e+00 9.2177786e+00 9.3230765e+00 9.4260301e+00 9.5414714e+00 9.6463189e+00 9.7358147e+00 9.8002782e+00 9.8370967e+00 9.8951120e+00 9.9653870e+00 1.0001063e+01 1.0058667e+01 1.0098479e+01 1.0147722e+01 1.0126785e+01 1.0137058e+01 1.0182023e+01 1.0189576e+01 1.0173359e+01 1.0143359e+01 1.0046120e+01 1.0014134e+01 1.0016397e+01 9.9755940e+00 9.9399590e+00 9.8372234e+00 9.6684930e+00
7.5389264e+00 7.2448756e+00 6.9748338e+00 6.6438255e+00 6.3032433e+00 5.9996389e+00 5.7659247e+00 5.6094823e+00 5.4779623e+00 5.4257421e+00 5.2547027e+00 2.3924536e+00 8.2321578e-01 4.3762171e+00 7.1700190e+00 7.2705494e+00 7.6580976e+00 8.0247423e+00 8.3085426e+00 8.5689392e+00 8.6570483e+00 8.8192415e+00 8.9740878e+00 9.0965443e+00 9.2298976e+00 9.3378179e+00 9.4688527e+00 9.5974901e+00 9.6832983e+00 9.6965879e+00 9.8046423e+00 9.9356426e+00 9.9679159e+00 9.9650950e+00 1.0045038e+01 1.0069056e+01 1.0111655e+01 1.0133141e+01 1.0114647e+01 1.0128133e+01 1.0158859e+01 1.0153126e+01 1.0150336e+01 1.0086433e+01 1.0072123e+01 1.0076658e+01 1.0029331e+01 9.9676010e+00 9.8581688e+00 9.6520722e+00
7.9424818e+00 7.5379367e+00 7.1816452e+00 6.7508945e+00 6.3240101e+00 5.9676258e+00 5.7024664e+00 5.5089124e+00 5.3458375e+00 5.2111908e+00 5.0820393e+00 4.8584144e+00 1.8753822e+00 9.9611925e-01 6.0263387e+00 7.1292562e+00 7.3767158e+00 7.7527272e+00 8.0167493e+00 8.3395161e+00 8.5491279e+00 8.6152674e+00 8.8193346e+00 8.9479708e+00 9.0773105e+00 9.2399964e+00 9.3606195e+00 9.5074334e+00 9.6195969e+00 9.6389314e+00 9.8083287e+00 9.9241178e+00 9.9601369e+00 9.9555793e+00 1.0007903e+01 1.0063372e+01 1.0089293e+01 1.0146860e+01 1.0114185e+01 1.0110590e+01 1.0133940e+01 1.0148139e+01 1.0140561e+01 1.0105050e+01 1.0099087e+01 1.0087161e+01 1.0019380e+01 9.9325407e+00 9.8225461e+00 9.6722221e+00
8.4312420e+00 7.9356981e+00 7.4778817e+00 6.9149644e+00 6.3708103e+00 5.9468424e+00 5.6796157e+00 5.5778634e+00 5.5113603e+00 5.3709753e+00 5.2537774e+00 5.2057002e+00 4.1906841e+00 4.7601496e-01 2.2059729e+00 6.7438832e+00 7.0940490e+00 7.3842656e+00 7.6835940e+00 8.0288386e+00 8.3142012e+00 8.4921466e+00 8.5921527e+00 8.7973882e+00 8.9378663e+00 9.0897031e+00 9.2644690e+00 9.4148291e+00 9.5532393e+00 9.6200793e+00 9.7940373e+00 9.9132485e+00 9.9783136e+00 9.9553503e+00 1.0006595e+01 1.0052188e+01 1.0085182e+01 1.0124116e+01 1.0072587e+01 1.0108938e+01 1.0131156e+01 1.0139520e+01 1.0126035e+01 1.0105207e+01 1.0086137e+01 1.0062259e+01 9.9910987e+00 9.9238753e+00 9.8335977e+00 9.7042016e+00
8.9002195e+00 8.3313907e+00 7.7388705e+00 7.0273717e+00 6.3298206e+00 5.7622541e+00 5.4716412e+00 5.2953410e+00 4.9593798e+00 5.3424581e+00 5.3818661e+00 5.2935442e+00 5.1490360e+00 2.0487455e+00 9.1762019e-01 3.4879628e+00 6.9326335e+00 7.0560057e+00 7.3742104e+00 7.7797910e+00 8.1359789e+00 8.4308342e+00 8.4555743e+00 8.5489571e+00 8.7345384e+00 8.9207814e+00 9.1486454e+00 9.3015143e+00 9.4705325e+00 9.5876112e+00 9.7169306e+00 9.8626422e+00 9.9804285e+00 9.9843058e+00 1.0012048e+01 1.0065451e+01 1.0074015e+01 1.0116612e+01 1.0074717e+01 1.0097473e+01 1.0106065e+01 1.0123692e+01 1.0114732e+01 1.0081457e+01 1.0039165e+01 1.0004244e+01 9.9713038e+00 9.8933062e+00 9.8105028e+00 9.7063548e+00
9.4271647e+00 8.8117810e+00 8.1000159e+00 7.1595046e+00 6.2362771e+00 5.3383826e+00 4.4276282e+00 4.3066752e+00 2.7929079e+00 5.0184118e+00 5.6131237e+00 5.4799457e+00 5.2953479e+00 4.5697482e+00 1.0851126e+00 1.0282747e+00 6.1406394e+00 6.8035127e+00 7.0577678e+00 7.4695225e+00 7.8794195e+00 8.2448173e+00 8.4184052e+00 8.4270202e+00 8.5259294e+00 8.7223377e+00 8.9573856e+00 9.1882539e+00 9.3803480e+00 9.5651006e+00 9.7458026e+00 9.8037705e+00 9.9126262e+00 9.9532875e+00 1.0018412e+01 1.0059805e+01 1.0071366e+01 1.0121689e+01 1.0086071e+01 1.0118364e+01 1.0137584e+01 1.0122682e+01 1.0118453e+01 1.0066072e+01 9.9930752e+00 9.9447439e+00 9.9253717e+00 9.8570358e+00 9.7439416e+00 9.6528990e+00
1.0086932e+01 9.3688128e+00 8.5141589e+00 7.3441830e+00 6.1604826e+00 5.0371708e+00 4.2542322e+00 4.7412959e+00 4.5533105e+00 5.1762890e+00 5.9085583e+00 5.8412204e+00 5.5899333e+00 4.9824676e+00 3.3696935e+00 7.2523707e-01 2.4449335e+00 6.7670756e+00 6.8193402e+00 7.1471743e+00 7.5871815e+00 7.9666486e+00 8.2556476e+00 8.3975662e+00 8.3444969e+00 8.4187007e+00 8.6564784e+00 8.9495475e+00 9.2143935e+00 9.5264508e+00 9.8319949e+00 9.8749283e+00 9.8766052e+00 9.9303185e+00 9.9946508e+00 1.0046106e+01 1.0074067e+01 1.0122813e+01 1.0089197e+01 1.0093529e+01 1.0110329e+01 1.0117293e+01 1.0121350e+01 1.0023639e+01 9.9416727e+00 9.8670730e+00 9.8302710e+00 9.7807613e+00 9.7140950e+00 9.6101274e+00
1.0673629e+01 9.9126761e+00 8.9756779e+00 7.6100656e+00 6.2594883e+00 5.2686635e+00 5.0364745e+00 4.9242570e+00 3.4304318e+00 5.6185250e+00 6.4546650e+00 6.4245577e+00 6.2365587e+00 5.7685564e+00 5.2317039e+00 2.4063716e+00 1.2766816e+00 5.0404322e+00 6.8488061e+00 6.9825399e+00 7.3662043e+00 7.7342517e+00 8.0321346e+00 8.2454402e+00 8.2870735e+00 8.1617606e+00 8.2577816e+00 8.5774476e+00 8.9335827e+00 9.2780126e+00 9.4200523e+00 9.6894195e+00 9.8082526e+00 9.8258121e+00 9.9284214e+00 9.9981743e+00 1.0052981e+01 1.0108608e+01 1.0099828e+01 1.0105414e+01 1.0106843e+01 1.0112038e+01 1.0102369e+01 9.9573252e+00 9.8444886e+00 9.7477110e+00 9.7021559e+00 9.6652458e+00 9.6280474e+00 9.5841121e+00
