presentation/data/depth_0027.asc
ncols     164
nrows     146
xllcorner -1.242151388888889e+02
yllcorner  4.172986111111111e+01
cellsize  2.777777777820000e-04
nodata_value       -9999
[rows 110 to 131 of 146, columns 100 to 149 of 164]
8.7266431e+00 8.6958523e+00 8.7036080e+00 8.6754604e+00 8.5855024e+00 8.6164169e+00 5.5766862e+00 2.7706480e+00 1.8338781e+00 1.2604286e+00 9.3181954e-04 8.9241775e-04 7.2153410e-04 1.9387029e+00 3.1991660e+00 3.8802212e+00 4.2021373e+00 3.9635678e+00 3.9802752e+00 5.6324783e+00 6.5415845e+00 6.7404993e+00 6.9408242e+00 6.8727241e+00 6.3452220e+00 6.5366761e+00 6.5721659e+00 6.7620914e+00 6.8337198e+00 7.0870096e+00 6.9587266e+00 6.3401148e+00 6.6458091e+00 7.2818436e+00 7.8387606e+00 8.0328242e+00 8.0577789e+00 7.8100842e+00 7.7787220e+00 7.8986247e+00 8.0602337e+00 8.1243956e+00 8.2011564e+00 8.3985920e+00 8.4879736e+00 8.5641921e+00 8.6169212e+00 8.5074790e+00 8.4200164e+00 8.2596111e+00
8.8443374e+00 8.8794910e+00 8.8432768e+00 8.7921493e+00 8.6838374e+00 8.7440822e+00 8.5990095e+00 6.5965956e+00 5.0758934e+00 4.8620409e+00 2.8142473e+00 3.4531803e+00 3.9764709e+00 4.2670010e+00 4.1054523e+00 4.1357701e+00 4.7153434e+00 4.7421617e+00 4.4892190e+00 5.8225231e+00 6.6545640e+00 6.7984605e+00 7.0438243e+00 7.0881825e+00 6.5301313e+00 6.3287405e+00 6.2647880e+00 6.7735766e+00 6.9906047e+00 7.2684806e+00 7.3615874e+00 7.2114087e+00 7.1891762e+00 7.4558605e+00 8.1619276e+00 8.4825672e+00 8.4107385e+00 8.2127921e+00 8.0272547e+00 8.0850527e+00 8.2889195e+00 8.3469926e+00 8.2962769e+00 8.3840406e+00 8.4913695e+00 8.5937523e+00 8.7640951e+00 8.7211888e+00 8.5644061e+00 8.4647521e+00
8.9676781e+00 9.0370547e+00 9.0671884e+00 9.0139034e+00 8.9654647e+00 8.8503323e+00 8.9161023e+00 9.2340043e+00 8.9158667e+00 7.8002307e+00 6.7111079e+00 6.6714564e+00 6.9423240e+00 6.4293607e+00 5.1742502e+00 4.7685244e+00 5.3493196e+00 5.5155042e+00 5.7010345e+00 6.5583937e+00 6.9367334e+00 6.7439697e+00 6.8806788e+00 6.9772293e+00 6.8024357e+00 6.7736244e+00 6.2553304e+00 6.9415831e+00 7.3274419e+00 7.6856144e+00 8.0530616e+00 8.2164135e+00 7.8999024e+00 7.6319161e+00 8.1650321e+00 8.6336999e+00 8.6713156e+00 8.4662984e+00 8.2023135e+00 8.1766023e+00 8.4330294e+00 8.4135296e+00 8.3905705e+00 8.3995234e+00 8.4595232e+00 8.5329752e+00 8.7101688e+00 8.7776491e+00 8.7179980e+00 8.6998662e+00
9.1579572e+00 9.2273017e+00 9.2672806e+00 9.2723398e+00 9.2543134e+00 9.1991598e+00 9.1182460e+00 9.0812768e+00 8.8633519e+00 8.3175239e+00 8.6864697e+00 8.5006153e+00 8.2893069e+00 7.6713328e+00 6.6043009e+00 6.2668004e+00 6.4540601e+00 6.7650109e+00 7.2144840e+00 7.6484770e+00 7.6051203e+00 7.2178872e+00 7.0157547e+00 7.1076484e+00 7.2588581e+00 7.6573802e+00 7.2478474e+00 7.5350390e+00 7.7996456e+00 8.0942164e+00 8.5315819e+00 9.0692125e+00 8.5151014e+00 8.1993624e+00 8.5570880e+00 8.9468363e+00 9.0319057e+00 8.7706925e+00 8.5016198e+00 8.4161974e+00 8.5001949e+00 8.4730504e+00 8.4513014e+00 8.4438826e+00 8.5141870e+00 8.6259680e+00 8.7825583e+00 8.8626543e+00 8.8624530e+00 8.8747302e+00
9.3658603e+00 9.4552229e+00 9.4957794e+00 9.5464192e+00 9.5625574e+00 9.5201147e+00 9.4555015e+00 9.3632091e+00 9.2294741e+00 9.1578750e+00 9.6419968e+00 9.2865910e+00 9.2299457e+00 8.9963239e+00 8.4607160e+00 8.0709309e+00 8.1003643e+00 8.1347413e+00 8.4794987e+00 8.6717367e+00 8.5254647e+00 7.9533515e+00 7.4759452e+00 7.5518235e+00 7.8913223e+00 8.1539997e+00 8.1351787e+00 8.2520774e+00 8.4054545e+00 8.4340913e+00 8.4529779e+00 8.8503619e+00 8.7245812e+00 8.6906204e+00 9.0234831e+00 9.4578455e+00 9.6767338e+00 9.2204191e+00 8.7364583e+00 8.6559831e+00 8.6304667e+00 8.5456082e+00 8.5660232e+00 8.5565020e+00 8.6294191e+00 8.7833024e+00 8.9156461e+00 9.0160553e+00 8.9965156e+00 8.9392641e+00
9.6229655e+00 9.7020340e+00 9.7472927e+00 9.7819480e+00 9.8151597e+00 9.7895926e+00 9.7705697e+00 9.6865644e+00 9.5756402e+00 9.5595445e+00 9.5193742e+00 9.7597744e+00 1.0398934e+01 1.0278069e+01 9.9907425e+00 9.7206091e+00 9.3299129e+00 9.2899486e+00 9.7174780e+00 9.8200578e+00 9.5610996e+00 8.9108625e+00 8.3828364e+00 8.3125058e+00 8.5629999e+00 8.7791169e+00 8.8440051e+00 8.9732707e+00 9.0599987e+00 8.8589985e+00 8.7064887e+00 8.8334286e+00 8.8796196e+00 9.0101438e+00 9.3376562e+00 9.8547683e+00 1.0190322e+01 9.6588508e+00 9.0754472e+00 8.9986503e+00 8.9322166e+00 8.7912090e+00 8.7717827e+00 8.7392415e+00 8.8224866e+00 8.9978172e+00 9.1001757e+00 9.2006643e+00 9.1461974e+00 9.0367387e+00
9.8644893e+00 9.8578140e+00 9.9424518e+00 1.0076955e+01 1.0119516e+01 1.0177244e+01 1.0053366e+01 9.9994763e+00 9.8610660e+00 9.9520839e+00 1.0033644e+01 1.0620126e+01 1.1395095e+01 1.1122002e+01 1.0827588e+01 1.0288742e+01 9.5255656e+00 9.6188824e+00 1.0597134e+01 1.0578867e+01 1.0087033e+01 9.5363629e+00 9.1134165e+00 9.0311162e+00 9.1872585e+00 9.3117586e+00 9.6214686e+00 9.3332018e+00 9.2950123e+00 9.0653963e+00 8.8928796e+00 8.8637654e+00 8.9248284e+00 9.1196345e+00 9.3668239e+00 9.8205579e+00 1.0062122e+01 9.7408891e+00 9.2964647e+00 9.2517493e+00 9.3002926e+00 9.1875917e+00 8.9691433e+00 8.8740293e+00 9.0503774e+00 9.3172252e+00 9.2417549e+00 9.2576692e+00 9.2085065e+00 9.1368502e+00
9.9042330e+00 1.0079310e+01 1.0153072e+01 1.0264850e+01 1.0380777e+01 1.0379065e+01 1.0334471e+01 1.0179421e+01 1.0020841e+01 1.0267622e+01 1.0645804e+01 1.0839610e+01 1.0606433e+01 1.0569542e+01 1.0476374e+01 1.0171561e+01 9.2935915e+00 8.4299285e+00 1.0254251e+01 1.0566471e+01 1.0314654e+01 1.0044273e+01 9.9122203e+00 9.9319825e+00 1.0073857e+01 1.0192469e+01 1.0223627e+01 9.8082897e+00 9.6614473e+00 9.3868846e+00 9.0846357e+00 8.8960334e+00 8.8644693e+00 9.0848417e+00 9.3698599e+00 9.5989908e+00 9.7151659e+00 9.5601994e+00 9.3228751e+00 9.1560596e+00 9.3417044e+00 9.3888645e+00 9.3721469e+00 9.1951865e+00 9.2937464e+00 9.4809325e+00 9.3755619e+00 9.3034607e+00 9.2675219e+00 9.2428620e+00
1.0215781e+01 1.0389335e+01 1.0504823e+01 1.0494617e+01 1.0519423e+01 1.0650546e+01 1.0588809e+01 1.0312788e+01 1.0565657e+01 1.1186961e+01 1.1404143e+01 1.1489831e+01 1.0924508e+01 1.0700698e+01 9.9756893e+00 1.0613970e+01 1.0682866e+01 9.6503902e+00 9.8572739e+00 1.0024577e+01 1.0119029e+01 1.0227656e+01 1.0388615e+01 1.0621963e+01 1.0639339e+01 1.0660106e+01 1.0549532e+01 1.0324533e+01 1.0068784e+01 9.6644681e+00 9.2727974e+00 8.9979192e+00 8.8821871e+00 9.1231213e+00 9.3551006e+00 9.4580699e+00 9.5162230e+00 9.4634133e+00 9.3886282e+00 9.2854131e+00 9.4048560e+00 9.5488376e+00 9.7115343e+00 9.5623388e+00 9.5194407e+00 9.5410234e+00 9.4358683e+00 9.3244921e+00 9.3148159e+00 9.3438486e+00
1.0566906e+01 1.0241045e+01 1.0672421e+01 1.1213509e+01 1.1449403e+01 1.1075687e+01 1.0880587e+01 1.0297032e+01 1.0284971e+01 1.1660599e+01 1.1522805e+01 1.1467150e+01 1.1736296e+01 1.2044041e+01 1.1463977e+01 1.1641007e+01 1.1375711e+01 1.0449531e+01 9.1536867e+00 9.1974353e+00 9.7969563e+00 1.0223662e+01 1.0611601e+01 1.0986879e+01 1.0934342e+01 1.0877449e+01 1.0808797e+01 1.0677007e+01 1.0482326e+01 1.0002298e+01 9.5107939e+00 9.2943019e+00 9.2453603e+00 9.4276358e+00 9.6005743e+00 9.5405029e+00 9.4988604e+00 9.4717560e+00 9.4332568e+00 9.3685490e+00 9.4297727e+00 9.5054760e+00 9.6802805e+00 9.6977485e+00 9.6468815e+00 9.5870738e+00 9.4764183e+00 9.3532134e+00 9.3633098e+00 9.4456327e+00
1.0726852e+01 1.0797554e+01 1.0976526e+01 1.1914299e+01 1.2979453e+01 1.2677194e+01 1.2708783e+01 1.1275623e+01 1.0147865e+01 1.1256628e+01 1.0978197e+01 1.1252323e+01 1.1872740e+01 1.2137289e+01 1.2178636e+01 1.1991913e+01 1.1457481e+01 1.0179414e+01 8.3405702e+00 8.9544126e+00 9.9556915e+00 1.0374220e+01 1.0792592e+01 1.1129268e+01 1.1112931e+01 1.1019411e+01 1.0959923e+01 1.0930914e+01 1.0909088e+01 1.0423046e+01 9.9143544e+00 9.7232255e+00 9.6933779e+00 9.8342203e+00 1.0022681e+01 9.8842040e+00 9.7144946e+00 9.6289090e+00 9.5754033e+00 9.5318871e+00 9.5149319e+00 9.6473747e+00 9.7573522e+00 9.7924591e+00 9.7562259e+00 9.6974874e+00 9.6328605e+00 9.5457641e+00 9.5555071e+00 9.6023674e+00
1.1548615e+01 1.1314794e+01 1.1520383e+01 1.2155522e+01 1.2560034e+01 1.3387327e+01 1.4370203e+01 1.3760463e+01 1.2952506e+01 1.2464621e+01 1.1801445e+01 1.1882613e+01 1.2017153e+01 1.1971323e+01 1.2104905e+01 1.2079981e+01 1.1867316e+01 1.1402403e+01 1.1010954e+01 1.0551911e+01 1.0435682e+01 1.0743942e+01 1.1088993e+01 1.1305070e+01 1.1276573e+01 1.1111459e+01 1.0998425e+01 1.0981920e+01 1.0919525e+01 1.0586350e+01 1.0271550e+01 1.0102648e+01 1.0104360e+01 1.0127537e+01 1.0156991e+01 1.0077767e+01 9.9767845e+00 9.9012865e+00 9.7914560e+00 9.7480438e+00 9.7148284e+00 9.8239696e+00 9.9151310e+00 9.9544835e+00 9.9026146e+00 9.8551006e+00 9.8051561e+00 9.7637835e+00 9.7774012e+00 9.7885526e+00
1.2258471e+01 1.2209495e+01 1.2257713e+01 1.2438819e+01 1.2366375e+01 1.2608438e+01 1.2838256e+01 1.3242274e+01 1.2920721e+01 1.2487653e+01 1.2171621e+01 1.2197831e+01 1.2039134e+01 1.1936307e+01 1.1954744e+01 1.2048517e+01 1.2168919e+01 1.2105768e+01 1.1927263e+01 1.1417683e+01 1.1094210e+01 1.1232934e+01 1.1457168e+01 1.1578343e+01 1.1499092e+01 1.1418228e+01 1.1157118e+01 1.0985920e+01 1.0872586e+01 1.0664686e+01 1.0487935e+01 1.0383469e+01 1.0400008e+01 1.0330650e+01 1.0284767e+01 1.0268646e+01 1.0242674e+01 1.0116152e+01 9.9886704e+00 9.9187482e+00 9.9305261e+00 9.9989191e+00 1.0092194e+01 1.0168106e+01 1.0099207e+01 1.0054994e+01 1.0003765e+01 9.9782332e+00 9.9809681e+00 9.9957981e+00
1.2729444e+01 1.2903437e+01 1.2718213e+01 1.2618633e+01 1.1802359e+01 1.1559182e+01 1.2622193e+01 1.2517768e+01 1.2396311e+01 1.2165625e+01 1.2020361e+01 1.2375399e+01 1.2048722e+01 1.1861005e+01 1.1759334e+01 1.1675436e+01 1.2214273e+01 1.2235715e+01 1.2009810e+01 1.1702026e+01 1.1532037e+01 1.1619210e+01 1.1832104e+01 1.1930903e+01 1.1709561e+01 1.1606013e+01 1.1321192e+01 1.1039719e+01 1.0892850e+01 1.0749061e+01 1.0647077e+01 1.0583266e+01 1.0539271e+01 1.0428851e+01 1.0373427e+01 1.0401200e+01 1.0428403e+01 1.0252528e+01 1.0131348e+01 1.0085796e+01 1.0104762e+01 1.0150863e+01 1.0230317e+01 1.0285548e+01 1.0227037e+01 1.0183612e+01 1.0151785e+01 1.0149894e+01 1.0137800e+01 1.0136156e+01
1.2694622e+01 1.2937778e+01 1.2824925e+01 1.2624036e+01 1.2124622e+01 1.1821295e+01 1.2222713e+01 1.2307706e+01 1.2066871e+01 1.1974129e+01 1.2070612e+01 1.2253135e+01 1.1844441e+01 1.1568563e+01 1.1443740e+01 1.1448069e+01 1.1983415e+01 1.2114718e+01 1.2006354e+01 1.1805949e+01 1.1719082e+01 1.1895668e+01 1.2157244e+01 1.2105495e+01 1.1809068e+01 1.1587936e+01 1.1360418e+01 1.1241236e+01 1.1065328e+01 1.0889769e+01 1.0818774e+01 1.0789818e+01 1.0806534e+01 1.0631757e+01 1.0425489e+01 1.0425961e+01 1.0433910e+01 1.0359460e+01 1.0287470e+01 1.0320414e+01 1.0335633e+01 1.0284787e+01 1.0327752e+01 1.0360668e+01 1.0349009e+01 1.0332997e+01 1.0311632e+01 1.0313108e+01 1.0323247e+01 1.0299484e+01
1.2487711e+01 1.2659605e+01 1.2696880e+01 1.2800821e+01 1.2918872e+01 1.3189960e+01 1.2747660e+01 1.2333980e+01 1.2237214e+01 1.2203264e+01 1.2187798e+01 1.1921560e+01 1.1489249e+01 1.1169597e+01 1.1251550e+01 1.1446115e+01 1.1771492e+01 1.1951208e+01 1.1942470e+01 1.1825827e+01 1.1753251e+01 1.2006267e+01 1.2212733e+01 1.2088466e+01 1.1869581e+01 1.1693476e+01 1.1536769e+01 1.1389750e+01 1.1259033e+01 1.1191583e+01 1.1130621e+01 1.1029098e+01 1.1017221e+01 1.0813439e+01 1.0592146e+01 1.0532693e+01 1.0484887e+01 1.0433011e+01 1.0449307e+01 1.0497313e+01 1.0498009e+01 1.0487004e+01 1.0513800e+01 1.0534133e+01 1.0537612e+01 1.0528586e+01 1.0502852e+01 1.0503939e+01 1.0586969e+01 1.0581343e+01
1.2538692e+01 1.2428169e+01 1.2460140e+01 1.2817035e+01 1.3242850e+01 1.3541793e+01 1.3276183e+01 1.2847890e+01 1.2769377e+01 1.2878828e+01 1.2368059e+01 1.1949692e+01 1.1627513e+01 1.1459503e+01 1.1490645e+01 1.1623790e+01 1.1866485e+01 1.2011639e+01 1.2028575e+01 1.1981135e+01 1.1974529e+01 1.2127252e+01 1.2242027e+01 1.2142929e+01 1.1991467e+01 1.1722741e+01 1.1672592e+01 1.1588311e+01 1.1495411e+01 1.1452699e+01 1.1363606e+01 1.1122804e+01 1.1045740e+01 1.0916349e+01 1.0770254e+01 1.0679766e+01 1.0596267e+01 1.0516668e+01 1.0568161e+01 1.0621537e+01 1.0639214e+01 1.0629482e+01 1.0650490e+01 1.0663669e+01 1.0690808e+01 1.0706939e+01 1.0642585e+01 1.0600753e+01 1.0679556e+01 1.0717068e+01
1.2511962e+01 1.2458736e+01 1.2388840e+01 1.2840510e+01 1.3183271e+01 1.3535955e+01 1.3635737e+01 1.3269677e+01 1.2978696e+01 1.2690749e+01 1.2066609e+01 1.2053415e+01 1.1998451e+01 1.1924081e+01 1.1921269e+01 1.2010369e+01 1.2103282e+01 1.2186836e+01 1.2218264e+01 1.2203138e+01 1.2240972e+01 1.2367098e+01 1.2408440e+01 1.2311767e+01 1.2125289e+01 1.1983390e+01 1.1962719e+01 1.1906030e+01 1.1749405e+01 1.1653552e+01 1.1502930e+01 1.1276900e+01 1.1138602e+01 1.1027626e+01 1.0933780e+01 1.0858825e+01 1.0812348e+01 1.0740436e+01 1.0757885e+01 1.0800905e+01 1.0802297e+01 1.0790762e+01 1.0771923e+01 1.0763596e+01 1.0812389e+01 1.0861711e+01 1.0776375e+01 1.0719315e+01 1.0756607e+01 1.0817387e+01
1.2600232e+01 1.2498445e+01 1.2471646e+01 1.2812511e+01 1.2988332e+01 1.3381672e+01 1.3565018e+01 1.3383921e+01 1.3016199e+01 1.2628461e+01 1.2321995e+01 1.2398230e+01 1.2500571e+01 1.2449080e+01 1.2395382e+01 1.2415809e+01 1.2427553e+01 1.2438223e+01 1.2434490e+01 1.2424340e+01 1.2499603e+01 1.2649491e+01 1.2650080e+01 1.2534962e+01 1.2374559e+01 1.2255133e+01 1.2275357e+01 1.2274870e+01 1.2047676e+01 1.1853197e+01 1.1663847e+01 1.1451403e+01 1.1281321e+01 1.1184378e+01 1.1138297e+01 1.1095759e+01 1.1032316e+01 1.1003142e+01 1.0998427e+01 1.0989409e+01 1.0975593e+01 1.0975971e+01 1.0914275e+01 1.0862835e+01 1.0881220e+01 1.0906794e+01 1.0868099e+01 1.0829784e+01 1.0834047e+01 1.0931898e+01
1.2787568e+01 1.2870616e+01 1.3159094e+01 1.3408037e+01 1.3135379e+01 1.3347326e+01 1.3719125e+01 1.3438250e+01 1.3156399e+01 1.2906271e+01 1.2757856e+01 1.2804794e+01 1.3003956e+01 1.2991378e+01 1.2965329e+01 1.2926016e+01 1.2822491e+01 1.2734576e+01 1.2705787e+01 1.2720177e+01 1.2725522e+01 1.2876598e+01 1.2895112e+01 1.2818556e+01 1.2600331e+01 1.2367535e+01 1.2363876e+01 1.2359627e+01 1.2206378e+01 1.2017191e+01 1.1849114e+01 1.1659759e+01 1.1479210e+01 1.1435804e+01 1.1411783e+01 1.1378950e+01 1.1330050e+01 1.1272544e+01 1.1241505e+01 1.1234006e+01 1.1175880e+01 1.1150254e+01 1.1103188e+01 1.1019080e+01 1.0986139e+01 1.0996632e+01 1.1021876e+01 1.0970186e+01 1.0911666e+01 1.1048708e+01
1.3077894e+01 1.3068468e+01 1.2748254e+01 1.3692267e+01 1.3577420e+01 1.3236831e+01 1.3643601e+01 1.3617172e+01 1.3389147e+01 1.3325548e+01 1.3352192e+01 1.3163240e+01 1.3216867e+01 1.3322794e+01 1.3481368e+01 1.3560611e+01 1.3290204e+01 1.3009461e+01 1.2934245e+01 1.3000600e+01 1.3092377e+01 1.3219227e+01 1.3137084e+01 1.3021039e+01 1.2823535e+01 1.2376655e+01 1.2368310e+01 1.2396277e+01 1.2299870e+01 1.2187525e+01 1.2084149e+01 1.2006772e+01 1.1817881e+01 1.1754762e+01 1.1739618e+01 1.1710461e+01 1.1633988e+01 1.1560289e+01 1.1483388e+01 1.1455253e+01 1.1351836e+01 1.1278232e+01 1.1268144e+01 1.1215207e+01 1.1099907e+01 1.1120061e+01 1.1187352e+01 1.1204601e+01 1.1162285e+01 1.1167335e+01
1.3308582e+01 1.3517394e+01 1.3404790e+01 1.3100964e+01 1.3532370e+01 1.3690820e+01 1.3964654e+01 1.3640844e+01 1.3416738e+01 1.3266842e+01 1.3176482e+01 1.3125685e+01 1.3268249e+01 1.3436562e+01 1.3740293e+01 1.3997937e+01 1.3610223e+01 1.3128792e+01 1.3013075e+01 1.3105160e+01 1.3379679e+01 1.3575921e+01 1.3279476e+01 1.3021430e+01 1.2805700e+01 1.2488329e+01 1.2446498e+01 1.2507665e+01 1.2422719e+01 1.2350730e+01 1.2269993e+01 1.2196990e+01 1.2108493e+01 1.2055187e+01 1.2023510e+01 1.2096041e+01 1.1899002e+01 1.1758038e+01 1.1674387e+01 1.1579132e+01 1.1463367e+01 1.1381779e+01 1.1433996e+01 1.1463251e+01 1.1219048e+01 1.1254814e+01 1.1372022e+01 1.1427635e+01 1.1371698e+01 1.1202995e+01
