presentation/data/depth_0025.asc
ncols     164
nrows     146
xllcorner -1.242151388888889e+02
yllcorner  4.172986111111111e+01
cellsize  2.777777777820000e-04
nodata_value       -9999
[rows 88 to 109 of 146, columns 0 to 49 of 164]
1.2825832e+01 1.2844120e+01 1.2723350e+01 1.2297546e+01 1.2170696e+01 1.2359881e+01 1.1927914e+01 1.1813468e+01 1.1625122e+01 1.1412388e+01 1.1177893e+01 1.0946442e+01 1.0726982e+01 1.0494338e+01 1.0232781e+01 9.9605545e+00 9.6585234e+00 9.2478098e+00 8.6513269e+00 8.0310952e+00 7.2300070e+00 6.4180874e+00 5.7668192e+00 5.2521902e+00 4.7417241e+00 4.3134713e+00 4.0017208e+00 1.9496124e+00 7.4186342e-01 4.1732541e+00 4.3664828e+00 4.6182161e+00 4.3573713e+00 3.8563626e+00 4.0699173e+00 4.0583279e+00 4.0940991e+00 4.1180917e+00 4.1037041e+00 4.0793951e+00 4.1075407e+00 3.4579351e+00 3.2330232e+00 2.4246363e+00 4.5882729e+00 4.4060647e+00 3.7965534e+00 1.5073169e+00 8.7956341e-04 9.9637993e-04
1.3237228e+01 1.2718417e+01 1.2508720e+01 1.2252172e+01 1.2237869e+01 1.2385211e+01 1.2201781e+01 1.2062995e+01 1.1854374e+01 1.1627593e+01 1.1366596e+01 1.1132572e+01 1.0888058e+01 1.0622767e+01 1.0323056e+01 9.9770573e+00 9.6017050e+00 9.0943924e+00 8.4034420e+00 7.7866928e+00 7.0632512e+00 6.3592408e+00 5.7769508e+00 5.3145908e+00 4.8509406e+00 4.5120333e+00 4.2274141e+00 4.0060700e+00 2.6371098e+00 4.5394506e+00 4.5274760e+00 4.5693234e+00 4.5526232e+00 4.2857381e+00 4.1630309e+00 4.1424387e+00 4.1389415e+00 4.1184939e+00 4.1017635e+00 4.0890924e+00 4.1612171e+00 4.3730795e+00 4.3145755e+00 4.2602038e+00 4.2430292e+00 4.4336141e+00 4.3547306e+00 3.0538867e+00 8.1817014e-01 4.6745225e-01
1.3475404e+01 1.2892026e+01 1.2439218e+01 1.2197169e+01 1.2508575e+01 1.2528111e+01 1.2454902e+01 1.2325224e+01 1.2080867e+01 1.1816968e+01 1.1555469e+01 1.1316151e+01 1.1056895e+01 1.0782031e+01 1.0434295e+01 1.0032480e+01 9.5649549e+00 8.9806466e+00 8.1984639e+00 7.5622084e+00 6.8492271e+00 6.2076192e+00 5.7072181e+00 5.3090155e+00 4.9169831e+00 4.6494342e+00 4.5777272e+00 4.6500025e+00 4.6417801e+00 4.6410397e+00 4.6771950e+00 4.6873061e+00 4.5824327e+00 4.4133253e+00 4.3247964e+00 4.2589996e+00 4.2045544e+00 4.1636403e+00 4.1402673e+00 4.1407780e+00 4.2195603e+00 4.3549765e+00 4.3206362e+00 4.1341376e+00 4.1911896e+00 4.2469225e+00 4.3384857e+00 4.0898250e+00 2.5339781e+00 2.8405033e+00
1.3355954e+01 1.2980864e+01 1.2686164e+01 1.2601936e+01 1.2678443e+01 1.2822924e+01 1.2825776e+01 1.2678649e+01 1.2351547e+01 1.1994282e+01 1.1746515e+01 1.1505037e+01 1.1275981e+01 1.0982498e+01 1.0602621e+01 1.0129635e+01 9.5755684e+00 8.9037001e+00 8.0422807e+00 7.3430051e+00 6.6232719e+00 5.9995934e+00 5.5083645e+00 5.2062691e+00 4.9095662e+00 4.7239288e+00 4.6564296e+00 4.6940423e+00 4.7520698e+00 4.7890791e+00 4.8141958e+00 4.8098705e+00 4.7454178e+00 4.6035764e+00 4.4670852e+00 4.3459015e+00 4.2531138e+00 4.1840712e+00 4.1708561e+00 4.1588873e+00 4.2496258e+00 4.4204616e+00 4.8051088e+00 4.9884891e+00 4.3308109e+00 3.8033075e+00 2.8010278e+00 2.8533635e+00 4.0683990e+00 4.0621853e+00
1.3527513e+01 1.3472187e+01 1.3359700e+01 1.3251847e+01 1.3169658e+01 1.3206118e+01 1.2944182e+01 1.2825137e+01 1.2554937e+01 1.2410935e+01 1.2019457e+01 1.1899797e+01 1.1618087e+01 1.1272664e+01 1.0835920e+01 1.0282894e+01 9.6477341e+00 8.8661144e+00 7.9157975e+00 7.1059362e+00 6.3524309e+00 5.7122424e+00 5.2467783e+00 5.0216908e+00 4.8424183e+00 4.7563239e+00 4.7176459e+00 4.7039220e+00 4.7908759e+00 4.8902940e+00 4.9608977e+00 4.9895503e+00 4.9362789e+00 4.7857001e+00 4.6324384e+00 4.4412148e+00 4.2997109e+00 4.2069500e+00 4.1653551e+00 4.1375472e+00 4.2037871e+00 4.2413644e+00 3.3335051e+00 4.6550219e-01 5.3995420e-01 9.0708775e-04 8.7134453e-04 1.6578309e+00 3.0920699e+00 3.8641295e+00
1.4495961e+01 1.4398331e+01 1.4254463e+01 1.4079683e+01 1.3924071e+01 1.3771598e+01 1.3773780e+01 1.3592045e+01 1.2930027e+01 1.2616898e+01 1.2850803e+01 1.2515560e+01 1.2311906e+01 1.1683279e+01 1.1130567e+01 1.0471913e+01 9.7760774e+00 8.8901431e+00 7.8039874e+00 6.8737753e+00 6.0178160e+00 5.3586128e+00 4.9617929e+00 4.8096068e+00 4.6367002e+00 4.4713312e+00 4.4645925e+00 4.6852892e+00 4.8110056e+00 4.9664083e+00 5.1121726e+00 5.1865208e+00 5.1414459e+00 4.9795376e+00 4.7695689e+00 4.5056951e+00 4.3013385e+00 4.2043602e+00 4.2074251e+00 4.1289861e+00 4.1617862e+00 2.4423538e+00 0.0000000e+00 0.0000000e+00 0.0000000e+00 0.0000000e+00 0.0000000e+00 1.9436961e+00 3.9848747e+00 3.8143662e+00
1.5620267e+01 1.5409159e+01 1.5181566e+01 1.4962719e+01 1.4753567e+01 1.4573961e+01 1.4612938e+01 1.4370743e+01 1.4024965e+01 1.3824585e+01 1.3693541e+01 1.3564589e+01 1.2892064e+01 1.2142733e+01 1.1394881e+01 1.0664286e+01 9.9134332e+00 8.9368875e+00 7.7411186e+00 6.6910420e+00 5.7257868e+00 4.9921245e+00 4.7141271e+00 4.7125300e+00 4.2779462e+00 3.5938427e+00 3.7418158e+00 4.6030587e+00 4.8232199e+00 5.0502904e+00 5.2728707e+00 5.4060393e+00 5.3712663e+00 5.1792500e+00 4.8924068e+00 4.5638224e+00 4.2745186e+00 4.2249273e+00 4.2468525e+00 3.9986591e+00 4.2302364e+00 2.8836999e+00 7.2686686e-04 0.0000000e+00 0.0000000e+00 0.0000000e+00 8.5017294e-04 2.3516029e+00 4.0459469e+00 3.8710685e+00
1.6467407e+01 1.6225438e+01 1.5982604e+01 1.5772652e+01 1.5597173e+01 1.5457160e+01 1.5326430e+01 1.5205886e+01 1.4983230e+01 1.4505829e+01 1.3107044e+01 1.3465049e+01 1.3036306e+01 1.2404095e+01 1.1669092e+01 1.0921445e+01 1.0192041e+01 9.2318467e+00 7.8649490e+00 6.6142464e+00 5.4107401e+00 3.9529303e+00 3.8488185e+00 3.5606760e+00 3.8762750e+00 3.8625398e+00 3.9709420e+00 4.1378596e+00 4.8575211e+00 5.3980448e+00 5.7571865e+00 5.9537433e+00 5.9512836e+00 5.6957575e+00 5.3191286e+00 4.7676380e+00 4.2041257e+00 4.0899510e+00 3.1738535e+00 2.9178723e+00 4.1765274e+00 3.4214189e+00 7.9485918e-04 9.5977383e-04 7.4756249e-04 1.2324973e+00 2.3039697e+00 3.8473807e+00 3.9376347e+00 3.9671515e+00
1.7201894e+01 1.7016076e+01 1.6851891e+01 1.6753250e+01 1.6584163e+01 1.6389521e+01 1.6280066e+01 1.5760726e+01 1.4483573e+01 1.3621524e+01 1.2915210e+01 1.2930681e+01 1.2710504e+01 1.2265272e+01 1.1772503e+01 1.1171100e+01 1.0537978e+01 9.6616282e+00 8.2521387e+00 6.8223692e+00 5.2589463e+00 4.3719714e+00 3.1625240e+00 2.0552419e+00 3.8491689e+00 4.1876913e+00 4.2804293e+00 4.3276184e+00 5.2920008e+00 5.9724804e+00 6.3966471e+00 6.6243550e+00 6.6230961e+00 6.3369269e+00 5.8906525e+00 5.2429798e+00 4.4594305e+00 4.0234977e+00 4.1759181e+00 4.2826098e+00 4.3085761e+00 4.0739160e+00 3.8072944e+00 3.9159616e+00 3.4453984e+00 3.0370323e+00 3.3594446e+00 3.2810276e+00 4.1989292e+00 4.1750705e+00
1.7827891e+01 1.8064645e+01 1.7812868e+01 1.7363090e+01 1.6993860e+01 1.7099801e+01 1.6588656e+01 1.6457656e+01 1.4412950e+01 1.2885422e+01 1.2871611e+01 1.2726679e+01 1.2418401e+01 1.2196020e+01 1.1888645e+01 1.1440390e+01 1.0989887e+01 1.0352837e+01 9.0304110e+00 7.5715563e+00 5.5334116e+00 4.3096088e+00 3.9936041e+00 3.6588526e+00 3.5055642e+00 4.7719892e+00 5.4036597e+00 5.8238243e+00 6.3670541e+00 6.8941213e+00 7.2724776e+00 7.4821566e+00 7.4652197e+00 7.1848237e+00 6.7680470e+00 6.1767500e+00 5.4968904e+00 5.0157944e+00 5.0538441e+00 5.0472302e+00 4.8509938e+00 4.6171267e+00 4.5054658e+00 4.3230443e+00 4.0099961e+00 3.1277790e+00 3.4652298e+00 4.0974259e+00 4.3559855e+00 4.3720167e+00
1.9015479e+01 1.9126564e+01 1.8231460e+01 1.8123123e+01 1.7145116e+01 1.7455689e+01 1.6897729e+01 1.4560815e+01 1.3022849e+01 1.3260934e+01 1.2940360e+01 1.2599669e+01 1.2408555e+01 1.2313519e+01 1.2088819e+01 1.1726020e+01 1.1518185e+01 1.1423726e+01 1.0497449e+01 9.4972609e+00 8.0349571e+00 5.7272645e+00 4.5039649e+00 4.3467835e+00 4.5897892e+00 6.0102602e+00 6.9778987e+00 7.4063181e+00 7.7690807e+00 8.1209422e+00 8.3939227e+00 8.5294286e+00 8.4961427e+00 8.2531021e+00 7.9116191e+00 7.4409600e+00 6.8913776e+00 6.4889694e+00 6.2341307e+00 5.9913169e+00 5.7259928e+00 5.3593343e+00 4.9396792e+00 4.5396340e+00 4.0685312e+00 3.9570258e+00 4.2302020e+00 4.4705876e+00 4.5848619e+00 4.6291253e+00
1.9341138e+01 1.9862370e+01 1.9400387e+01 1.8736522e+01 1.8580516e+01 1.7201046e+01 1.5637080e+01 1.0954681e+01 1.1390929e+01 1.1535350e+01 1.2657175e+01 1.3169585e+01 1.2511301e+01 1.2539117e+01 1.2472067e+01 1.2104900e+01 1.1686017e+01 1.2291964e+01 1.2521566e+01 1.1906889e+01 1.1487810e+01 9.4658979e+00 8.0466118e+00 8.3064586e+00 8.8731900e+00 9.5982570e+00 9.4141431e+00 9.1958402e+00 9.2372320e+00 9.4311225e+00 9.6098880e+00 9.6749688e+00 9.6277943e+00 9.4405700e+00 9.1577972e+00 8.7853574e+00 8.2951103e+00 8.1202013e+00 7.8873393e+00 7.2368105e+00 6.6630130e+00 6.2078590e+00 5.7348776e+00 5.2602065e+00 4.7855866e+00 4.5330078e+00 4.6311917e+00 4.8084860e+00 4.9279439e+00 4.9336732e+00
1.9486704e+01 1.8070481e+01 1.9777165e+01 1.9247162e+01 1.9001486e+01 1.8116180e+01 1.4329012e+01 1.2290383e+01 9.6054763e+00 8.6064405e+00 1.1350206e+01 1.3480032e+01 1.2431848e+01 1.2660938e+01 1.2999632e+01 1.2928603e+01 1.2020904e+01 1.2861656e+01 1.3959107e+01 1.4088387e+01 1.3229077e+01 1.2766132e+01 1.1935573e+01 1.2134133e+01 1.2565267e+01 1.2961216e+01 1.1481833e+01 1.0475510e+01 1.0319780e+01 1.0461309e+01 1.0591129e+01 1.0599713e+01 1.0534543e+01 1.0406562e+01 1.0204756e+01 9.8651158e+00 9.5738781e+00 8.5330169e+00 8.9328946e+00 8.3010545e+00 7.5172968e+00 6.9537647e+00 6.4328883e+00 5.9623067e+00 5.5202830e+00 5.2380926e+00 5.1894752e+00 5.2623644e+00 5.2884509e+00 5.2495526e+00
2.0755505e+01 1.9775823e+01 2.0132851e+01 1.9253372e+01 1.9093904e+01 1.8203249e+01 1.6343138e+01 1.5355231e+01 1.2941591e+01 1.4122580e+01 1.4702712e+01 1.4817970e+01 1.4064196e+01 1.4000108e+01 1.3816949e+01 1.3859710e+01 1.4427739e+01 1.4570965e+01 1.4636836e+01 1.3598565e+01 1.3682841e+01 1.4020851e+01 1.4007954e+01 1.3730087e+01 1.3891518e+01 1.3382518e+01 1.1612089e+01 1.1134736e+01 1.1517057e+01 1.1696765e+01 1.1746657e+01 1.1617910e+01 1.1530113e+01 1.1504689e+01 1.1354059e+01 1.1131478e+01 1.1179182e+01 7.4454668e+00 3.4365073e+00 8.2547634e+00 8.8008365e+00 7.9898185e+00 7.3220345e+00 6.7927049e+00 6.3722679e+00 6.0975040e+00 6.0553434e+00 5.8684563e+00 5.7315772e+00 5.6397963e+00
2.0790236e+01 2.0200369e+01 1.9288110e+01 1.9650565e+01 1.9401277e+01 1.8686570e+01 1.9080377e+01 1.7192138e+01 1.6801100e+01 1.6617918e+01 1.4955958e+01 1.1545982e+01 1.5721903e+01 1.5372912e+01 1.4828296e+01 1.5188345e+01 1.5357661e+01 1.5274064e+01 1.5150096e+01 1.4783703e+01 1.4539127e+01 1.3874426e+01 1.3932035e+01 1.3280587e+01 1.4295313e+01 1.4261853e+01 1.2676666e+01 1.2212315e+01 1.2691354e+01 1.2869694e+01 1.3071565e+01 1.2796808e+01 1.2626911e+01 1.2951163e+01 1.3018421e+01 1.2671025e+01 1.2909791e+01 1.1043321e+01 1.0017468e+01 9.9280013e+00 4.8542213e+00 4.3675095e+00 8.0973027e+00 8.0186165e+00 7.6193498e+00 6.4228792e+00 3.4800498e+00 5.7366297e+00 6.5018827e+00 6.2223097e+00
2.0667867e+01 2.0206728e+01 1.9350362e+01 2.0364658e+01 1.9975037e+01 1.9343896e+01 1.8227085e+01 1.7268874e+01 1.7747530e+01 1.4937196e+01 1.5718190e+01 1.2443558e+01 1.5383636e+01 1.6464543e+01 1.6092060e+01 1.5909284e+01 1.5760580e+01 1.5753129e+01 1.5315807e+01 1.5013061e+01 1.4848235e+01 1.4479077e+01 1.4325702e+01 1.2931207e+01 1.3963515e+01 1.4191316e+01 1.4314163e+01 1.3567831e+01 1.4082865e+01 1.3515595e+01 1.3360205e+01 1.3246288e+01 1.3069386e+01 1.3285871e+01 1.3709352e+01 1.3083566e+01 1.3191428e+01 1.3479382e+01 1.2652405e+01 1.1409226e+01 8.6133738e+00 8.1220570e+00 9.2815579e+00 8.8252814e+00 8.4990558e+00 7.1692161e+00 3.6644335e+00 6.1955976e+00 7.1452316e+00 6.7410878e+00
2.1390735e+01 2.0518273e+01 2.0756322e+01 2.0775320e+01 1.7619435e+01 1.9953750e+01 1.8667918e+01 1.8067182e+01 1.8054999e+01 1.6278586e+01 1.6988002e+01 1.6177123e+01 1.6290580e+01 1.7332837e+01 1.6644677e+01 1.6384399e+01 1.6330376e+01 1.6364328e+01 1.6070229e+01 1.5436871e+01 1.5168596e+01 1.4881484e+01 1.4600701e+01 1.4101493e+01 1.4601839e+01 1.4475279e+01 1.4339604e+01 1.4133506e+01 1.4257340e+01 1.3777115e+01 1.3570463e+01 1.3224912e+01 1.2793148e+01 1.3206866e+01 1.2371871e+01 1.3200607e+01 1.3235166e+01 1.3218119e+01 1.2636453e+01 1.1928840e+01 1.1425947e+01 1.0782946e+01 1.0027457e+01 9.4716556e+00 9.0783235e+00 8.6245895e+00 7.9744042e+00 7.9934027e+00 7.6689341e+00 7.2910623e+00
2.1671395e+01 2.1407402e+01 2.1070738e+01 2.0411792e+01 1.9279413e+01 1.9962427e+01 1.9256730e+01 1.8702941e+01 1.8518449e+01 1.8163470e+01 1.8223689e+01 1.8188865e+01 1.7904323e+01 1.7742216e+01 1.7264876e+01 1.7080904e+01 1.6581746e+01 1.5559394e+01 1.5686382e+01 1.6290489e+01 1.5662749e+01 1.5303010e+01 1.5262807e+01 1.4988404e+01 1.4909807e+01 1.4106496e+01 1.3707887e+01 1.4269981e+01 1.4540601e+01 1.3914814e+01 1.3629409e+01 1.3611942e+01 1.2503370e+01 1.2145967e+01 1.3278455e+01 1.3536562e+01 1.3492735e+01 1.3173089e+01 1.2749034e+01 1.2239666e+01 1.1644412e+01 1.1042428e+01 1.0528440e+01 1.0099477e+01 9.7021405e+00 9.3957432e+00 9.1434565e+00 8.7347503e+00 8.2516323e+00 7.8633804e+00
2.1395940e+01 2.1249544e+01 2.0495303e+01 2.0482639e+01 2.0473425e+01 1.9826968e+01 2.0304939e+01 1.9782137e+01 1.9463688e+01 1.9399851e+01 1.9020768e+01 1.8605608e+01 1.8233832e+01 1.8224907e+01 1.7777304e+01 1.7200707e+01 1.6182570e+01 1.5098185e+01 1.6059421e+01 1.6836165e+01 1.6280702e+01 1.6008763e+01 1.5884382e+01 1.5414026e+01 1.5195234e+01 1.4428471e+01 1.4560233e+01 1.4667351e+01 1.4066338e+01 1.4322046e+01 1.3232210e+01 1.2271962e+01 1.2020313e+01 1.1544951e+01 1.2158505e+01 1.2948906e+01 1.2798415e+01 1.2640723e+01 1.2803817e+01 1.2730157e+01 1.1992254e+01 1.1465862e+01 1.0998426e+01 1.0600400e+01 1.0260777e+01 9.9844579e+00 9.7018531e+00 9.3751933e+00 8.9058670e+00 8.4312781e+00
2.0819510e+01 2.0770861e+01 2.1099340e+01 2.0713429e+01 2.0584368e+01 2.0552754e+01 2.0411282e+01 2.0280021e+01 2.0112693e+01 1.9832436e+01 1.9423882e+01 1.8818664e+01 1.8680191e+01 1.8081087e+01 1.7772015e+01 1.8253743e+01 1.7429108e+01 1.6981064e+01 1.7433944e+01 1.7314101e+01 1.6906974e+01 1.6552947e+01 1.6238176e+01 1.5972086e+01 1.5607194e+01 1.5353505e+01 1.4266847e+01 1.5128818e+01 1.5457772e+01 1.3983394e+01 1.4060238e+01 1.3548063e+01 1.2923276e+01 1.2824367e+01 1.2529785e+01 1.2682760e+01 1.2017397e+01 1.1033333e+01 1.3008876e+01 1.3016005e+01 1.2424796e+01 1.1957554e+01 1.1383077e+01 1.0993167e+01 1.0757674e+01 1.0548576e+01 1.0342248e+01 1.0060377e+01 9.6148640e+00 9.1159436e+00
2.1912627e+01 2.1784433e+01 2.1448153e+01 2.1014333e+01 2.0810827e+01 2.0276291e+01 2.0325178e+01 2.0384764e+01 2.0301766e+01 2.0063584e+01 1.9693366e+01 1.9317739e+01 1.9073016e+01 1.8694568e+01 1.8483232e+01 1.8512372e+01 1.8407237e+01 1.8197411e+01 1.8435042e+01 1.7944733e+01 1.7436365e+01 1.7116393e+01 1.6951342e+01 1.6609320e+01 1.6404258e+01 1.6241029e+01 1.5787241e+01 1.5261615e+01 1.4802437e+01 1.2121999e+01 1.2759015e+01 1.3084476e+01 1.3205286e+01 1.3557392e+01 1.3113952e+01 1.2586834e+01 1.2447840e+01 1.2345046e+01 1.1847264e+01 1.2360216e+01 1.1395340e+01 1.0971270e+01 1.1345354e+01 1.1387191e+01 1.1205461e+01 1.1094546e+01 1.0974709e+01 1.0756767e+01 1.0337443e+01 9.8617269e+00
2.1223944e+01 2.1877727e+01 2.1725745e+01 2.1385146e+01 2.1182716e+01 2.1106993e+01 2.0934383e+01 2.0737880e+01 2.0343635e+01 2.0113537e+01 1.9913294e+01 1.9794157e+01 1.9882025e+01 1.9357882e+01 1.8361380e+01 1.8940437e+01 1.8803592e+01 1.8091240e+01 1.8468340e+01 1.8521137e+01 1.8097885e+01 1.8043486e+01 1.7425009e+01 1.7205256e+01 1.6758696e+01 1.6511127e+01 1.6625672e+01 1.6499996e+01 1.6108513e+01 1.3924457e+01 1.4949277e+01 1.4840673e+01 1.4277046e+01 1.3867650e+01 1.3540562e+01 1.3072047e+01 1.2748430e+01 1.2084045e+01 1.1806457e+01 1.0432281e+01 4.2408594e+00 4.5952604e+00 1.0652628e+01 1.1762283e+01 1.1518791e+01 1.1544229e+01 1.1495554e+01 1.1331143e+01 1.0959791e+01 1.0496666e+01
