presentation/data/depth_0039.asc
ncols     164
nrows     146
xllcorner -1.242151388888889e+02
yllcorner  4.172986111111111e+01
cellsize  2.777777777820000e-04
nodata_value       -9999
[rows 88 to 109 of 146, columns 100 to 149 of 164]
2.7319975e+00 1.7403893e+00 7.3281490e-01 1.1636840e+00 8.8635226e-01 1.3956342e-01 4.4285172e-02 2.2180327e-01 5.7958417e-01 2.1140240e+00 2.5655338e+00 1.2182778e+00 8.9408230e-04 1.1737401e-02 2.1822849e-02 1.1404914e-02 2.1541692e-01 3.0785194e-01 7.9818733e-02 1.0550737e-01 1.0380158e-01 2.7106464e-03 9.0982004e-04 9.9679932e-04 3.1728584e-02 2.2074527e-01 1.7069538e-01 5.0872347e-02 1.0173535e-02 3.8367385e-02 6.7535025e-02 7.3167353e-03 4.9328591e-03 5.3542900e-02 1.4809113e-01 1.7509447e-01 2.9977116e-01 4.2005149e-03 8.5027895e-04 9.9394978e-04 9.7692717e-04 2.0349397e-01 3.2739158e-01 1.5329334e-01 2.7208326e-01 9.8829642e-04 9.4682453e-04 5.7009482e-01 4.5916432e-01 5.1797571e-01
2.8157699e+00 2.5201321e+00 1.3963085e+00 1.1094547e+00 9.5788362e-01 7.3467472e-01 6.1323754e-01 1.3413420e+00 1.2992213e+00 1.6173534e+00 1.1277753e+00 1.2197121e+00 1.4268561e+00 1.6761870e+00 5.9427667e-01 2.1025125e-01 3.4010217e-01 8.2479135e-01 7.4311622e-01 2.2466624e-02 3.4987283e-02 9.9527106e-04 9.5446579e-04 1.0909820e-03 9.7483173e-04 9.6996061e-04 2.4472281e-02 2.2819105e-02 5.6655528e-02 5.3828202e-02 1.8599127e-02 1.7223025e-02 6.5871470e-02 2.1588465e-01 3.4174299e-01 2.8724633e-01 1.3767151e-01 5.0855684e-03 9.9989481e-04 7.0204539e-04 9.9245358e-04 9.6987967e-04 9.9537857e-04 9.8185651e-04 1.6907340e-01 2.2677471e-01 2.4046139e-01 2.6011676e-01 1.8919220e-01 2.4041776e-01
2.2101551e+00 2.2324485e+00 1.9981241e+00 1.8496619e+00 1.8228729e+00 2.2482129e+00 2.6213287e+00 2.1325023e+00 3.9134668e-01 4.3430679e-01 4.3540347e-01 2.4646179e-01 2.4703519e+00 2.9346777e+00 2.4824232e+00 2.2996342e+00 1.7405574e+00 1.4887924e+00 1.4235950e+00 1.1952893e+00 9.1894699e-01 6.9537422e-01 9.6715525e-04 1.0014626e-03 9.9649966e-04 9.7856682e-04 1.2829758e-01 9.8384490e-02 5.7030971e-02 4.7743153e-02 4.1825397e-01 8.4874215e-01 8.1928340e-01 5.3043515e-01 4.8904938e-01 3.9553199e-01 2.1341949e-01 4.5296057e-04 1.3918609e-03 2.3358391e-03 2.5990800e-03 1.6821127e-03 1.0642645e-02 3.2042113e-03 9.3830512e-04 9.6865450e-04 9.7662027e-04 9.8590561e-04 9.8388378e-04 9.5973353e-04
2.5765692e+00 2.7558800e+00 2.6294816e+00 2.5950512e+00 2.8564977e+00 2.5066544e+00 2.5753493e+00 3.0241590e+00 1.0028960e+00 2.0886282e-01 3.9250643e-01 2.1451195e-03 4.8736302e-04 1.7440112e+00 2.9216444e+00 2.5921224e+00 2.1452481e+00 2.0870945e+00 1.8622829e+00 1.5024964e+00 1.5758806e+00 1.3306441e+00 6.3380966e-01 3.9755032e-01 1.5540804e-02 2.9967303e-02 6.7465242e-02 1.0097907e-01 1.1003440e-01 6.1406003e-01 1.4173985e+00 1.5220986e+00 1.4101298e+00 1.2101531e+00 5.8021241e-01 3.7085043e-01 2.9361936e-01 2.2440835e-01 8.1270341e-02 1.0044236e-03 5.3478842e-03 8.7233556e-03 1.0169410e-02 5.5195784e-03 2.8467495e-03 2.2072455e-03 1.3707146e-03 7.6724838e-04 9.7405437e-04 9.8617226e-04
2.5388130e+00 2.6692584e+00 2.7637389e+00 3.0698150e+00 2.8718962e+00 2.4744733e+00 2.2915154e+00 2.3691086e+00 2.5096110e+00 1.5208668e+00 8.1674257e-01 1.4795934e+00 6.6514052e-01 2.1761648e+00 2.8643794e+00 2.6829812e+00 2.3730399e+00 2.3778156e+00 1.6007118e+00 1.4217555e+00 1.5465120e+00 9.3116373e-01 7.8752546e-01 1.0065025e+00 7.5800802e-02 2.1002735e-01 4.2301996e-01 4.7669398e-01 1.0724377e+00 1.7620852e+00 1.7051709e+00 1.5866856e+00 1.5368998e+00 1.5726667e+00 1.4376978e+00 6.8882808e-01 2.8666955e-01 1.5513844e-01 1.0433256e-01 3.5257633e-02 1.7582694e-02 1.1292153e-02 1.2288897e-02 7.2450218e-03 4.1706478e-03 5.2136512e-03 7.8638330e-03 9.0748145e-03 7.9670110e-03 7.2459465e-03
1.9520483e+00 2.1419461e+00 2.3901854e+00 2.7753525e+00 2.9596361e+00 2.3523003e+00 1.9211111e+00 2.2945670e+00 2.8179212e+00 3.3810356e+00 2.6558511e+00 2.9743763e+00 3.6660198e+00 3.6617636e+00 3.4356349e+00 2.9709998e+00 2.3229042e+00 1.8714675e+00 1.6925727e+00 1.4945826e+00 1.3665095e+00 8.9676256e-03 5.8501333e-04 8.5993599e-02 1.8442658e-01 4.7414388e-01 8.8750071e-01 1.4119228e+00 1.9339477e+00 1.8267519e+00 1.7520209e+00 1.6315728e+00 1.5686095e+00 1.4916066e+00 1.3961665e+00 1.1731140e+00 4.9304458e-01 2.0439310e-01 1.5840350e-01 9.5439708e-02 3.1571001e-02 8.6300928e-03 1.4881558e-02 9.3742922e-03 8.3773618e-03 1.0493951e-02 1.1666522e-02 9.0312961e-03 1.4214382e-02 1.0896739e-02
1.4003044e+00 1.7943344e+00 2.1048020e+00 2.4675612e+00 2.8538292e+00 3.1365239e+00 3.0862247e-04 7.0270387e-04 1.8344909e+00 3.9290089e+00 3.8945441e+00 3.6780827e+00 3.7774811e+00 3.9298765e+00 3.7274614e+00 3.4346204e+00 2.7200951e+00 2.1639415e+00 2.0098010e+00 1.8185881e+00 1.2783154e+00 5.0445189e-01 1.2286845e-01 2.1249872e-01 4.2689798e-01 7.5974033e-01 1.5023485e+00 4.3789089e+00 4.5081850e+00 3.7897282e+00 3.6298892e+00 3.2025296e+00 2.9355109e+00 2.8833234e+00 2.6240704e+00 2.3790758e+00 1.6242622e+00 8.3500847e-01 6.3797632e-01 5.0608245e-01 2.9504467e-01 2.4617995e-01 2.1433690e-01 1.7703726e-01 1.7848273e-01 1.0536850e-01 2.8521502e-02 8.3662955e-03 1.5879832e-02 2.7422564e-02
1.2031524e+00 1.4463743e+00 1.9483852e+00 2.3424804e+00 2.7943355e+00 3.3689818e+00 3.2542158e+00 2.3097311e+00 1.7365483e+00 3.2512692e+00 4.2601505e+00 4.4324375e+00 4.2770679e+00 4.0583113e+00 3.8731936e+00 3.6671487e+00 3.4391886e+00 3.1021794e+00 2.6088462e+00 2.0264334e+00 1.7543431e+00 1.1820040e-01 1.6631052e-01 3.5447400e-01 6.5389125e-01 1.3580377e+00 4.2404686e+00 6.5346156e+00 6.2956121e+00 5.9450515e+00 5.9067757e+00 5.8017196e+00 5.6879263e+00 5.7138953e+00 5.6061678e+00 5.4134417e+00 4.9146256e+00 4.2178314e+00 3.7197952e+00 3.2485861e+00 2.3854487e+00 1.9335949e+00 1.8379049e+00 1.8577495e+00 1.5837045e+00 1.5059330e+00 1.5460412e+00 1.6004900e+00 1.3167375e+00 8.6040190e-01
1.4180743e-03 1.1294286e-01 1.3246983e+00 2.3799686e+00 2.6846080e+00 3.2197863e+00 3.4892648e+00 3.2857163e+00 2.4138899e+00 1.8755659e+00 3.3965918e+00 4.2520858e+00 4.6113583e+00 4.2734887e+00 4.0974171e+00 4.0050347e+00 3.7106754e+00 3.3884756e+00 3.0831782e+00 2.2088629e+00 2.2606607e-01 1.5848438e-01 4.1608613e-01 6.5001323e-01 1.6315442e+00 5.0090862e+00 6.3292515e+00 6.5035498e+00 6.4539670e+00 6.3703397e+00 6.4714721e+00 6.4663182e+00 6.3008106e+00 6.2295752e+00 6.3023114e+00 6.2343448e+00 6.1131710e+00 5.5551843e+00 4.9626068e+00 4.6845472e+00 4.4317415e+00 4.2439959e+00 4.2387938e+00 4.1976183e+00 4.1080493e+00 4.0421214e+00 3.9987667e+00 3.9240482e+00 3.7775322e+00 3.5222927e+00
5.3188174e-01 5.4278097e-01 6.3300396e-02 8.9519330e-01 2.5182373e+00 3.2337387e+00 3.6067424e+00 3.6747857e+00 3.5049257e+00 2.4900932e+00 2.6875079e+00 3.7030145e+00 4.1659892e+00 4.1915737e+00 4.1411249e+00 4.0620802e+00 3.5560846e+00 2.8848259e+00 2.5537791e+00 6.7908999e-01 1.0960548e-01 4.0501276e-01 5.5653390e-01 1.3230673e+00 4.9333337e+00 6.8080247e+00 6.8619403e+00 6.9039604e+00 6.8099005e+00 6.7142860e+00 6.7148201e+00 6.6872172e+00 6.5189263e+00 6.4382065e+00 6.4776074e+00 6.4837090e+00 6.4136803e+00 6.0320237e+00 5.4865144e+00 5.1670282e+00 5.0400472e+00 4.9097349e+00 4.8059553e+00 4.6955919e+00 4.6216583e+00 4.5657343e+00 4.5161187e+00 4.4461243e+00 4.3675242e+00 4.2300200e+00
5.7278732e+00 4.4331075e+00 1.5183507e+00 3.2553496e-01 2.8795423e-01 3.0092481e+00 3.9192730e+00 3.9595142e+00 3.9293861e+00 3.4642548e+00 2.7166331e+00 2.9363606e+00 4.1811425e+00 4.3184083e+00 4.0658136e+00 3.8797900e+00 3.4214509e+00 2.7155594e+00 8.2130867e-01 1.4741740e-01 2.5594476e-01 3.5517528e-01 1.1541945e+00 4.6237639e+00 6.4626326e+00 6.7222499e+00 7.0987930e+00 7.2782707e+00 7.1757671e+00 7.1567003e+00 7.1085600e+00 6.9098568e+00 6.7072619e+00 6.6722713e+00 6.8000591e+00 6.8220830e+00 6.7150608e+00 6.4484760e+00 6.1222532e+00 5.6282150e+00 5.3417063e+00 5.0996836e+00 4.9067395e+00 4.7242010e+00 4.6292265e+00 4.6090005e+00 4.6126378e+00 4.5731556e+00 4.5170581e+00 4.4190817e+00
6.4129713e+00 6.6034122e+00 5.9672734e+00 1.8280624e+00 1.6422525e-01 9.9026371e-01 3.9134955e+00 4.0189224e+00 3.7125496e+00 3.2331516e+00 2.8277318e+00 3.3278337e+00 5.2677915e+00 4.8048989e+00 4.0343617e+00 3.7385400e+00 3.2504774e+00 9.3501545e-01 1.5200182e-01 3.2778359e-01 6.7076843e-01 1.2164882e+00 4.5275579e+00 6.7431419e+00 6.6597444e+00 6.6515100e+00 7.0380445e+00 7.1751954e+00 7.3694426e+00 7.5668297e+00 7.5230953e+00 7.2852937e+00 7.0018765e+00 6.9434796e+00 7.1372824e+00 7.2181321e+00 7.1690032e+00 6.8520864e+00 6.5006112e+00 6.0099760e+00 5.6295783e+00 5.3822132e+00 5.1050363e+00 4.8420015e+00 4.7030577e+00 4.7019049e+00 4.7565894e+00 4.7901004e+00 4.7649488e+00 4.6897459e+00
6.7972849e+00 6.7697648e+00 6.4825165e+00 5.3785877e+00 1.2309800e+00 3.6664931e-01 1.4671592e+00 3.7665105e+00 3.4081825e+00 3.2777224e+00 3.0666981e+00 4.1245170e+00 5.1791178e+00 4.8085750e+00 4.1038937e+00 3.7962445e+00 2.0749559e+00 8.2855729e-02 5.5605339e-01 8.6229687e-01 1.3627237e+00 4.3992494e+00 6.6968768e+00 7.0388451e+00 6.9856028e+00 7.0036900e+00 7.1325097e+00 7.3236012e+00 7.8632764e+00 7.8859271e+00 7.7454127e+00 7.5439505e+00 7.3282255e+00 7.2316482e+00 7.2963815e+00 7.4146564e+00 7.4656568e+00 7.0372506e+00 6.5440789e+00 6.1958609e+00 5.9244361e+00 5.7036649e+00 5.3459181e+00 5.1074446e+00 4.8745459e+00 4.8099683e+00 4.9364437e+00 5.0030088e+00 4.9908592e+00 4.9128111e+00
7.0282260e+00 7.1397455e+00 7.0352604e+00 6.7855938e+00 5.5553588e+00 5.3079422e-01 3.5231914e-01 4.7520398e-01 3.7290078e+00 3.1940066e+00 2.8369577e+00 3.3878253e+00 4.6156358e+00 4.3986048e+00 3.3461194e+00 1.7878506e+00 2.3875346e-01 4.2346438e-01 8.4751535e-01 1.4077502e+00 3.7911370e+00 6.5882903e+00 7.1383913e+00 7.1107362e+00 7.0608385e+00 7.1302349e+00 7.5076162e+00 7.8686714e+00 7.9764499e+00 8.0674425e+00 8.0629996e+00 7.7627209e+00 7.7431983e+00 7.5935827e+00 7.5011566e+00 7.4695887e+00 7.3815336e+00 7.0676893e+00 6.7013610e+00 6.6744415e+00 6.4019246e+00 6.1227937e+00 5.8101968e+00 5.4607763e+00 5.2141970e+00 5.2026238e+00 5.2897770e+00 5.2997022e+00 5.3253441e+00 5.2301041e+00
6.8878397e+00 7.1857788e+00 7.2918227e+00 7.1122298e+00 6.7292051e+00 3.8289765e+00 7.2565451e-03 6.7136155e-02 9.3320795e-02 1.5647028e+00 2.6392568e+00 2.6412971e+00 2.7883794e+00 3.1133566e+00 1.0814756e+00 6.4371364e-01 8.1522235e-01 1.2309290e+00 1.2303067e+00 3.5616893e+00 6.0899997e+00 6.6214283e+00 6.9759799e+00 7.3051225e+00 7.3936281e+00 7.5807391e+00 8.0029314e+00 8.2156816e+00 8.1124225e+00 8.4024846e+00 8.3985032e+00 8.0299703e+00 7.8459200e+00 7.8745370e+00 7.9404823e+00 7.9142750e+00 7.5833693e+00 7.1265240e+00 7.0649192e+00 7.5298754e+00 7.0649634e+00 6.7027717e+00 6.1782892e+00 5.9255329e+00 5.8512320e+00 5.8831852e+00 5.8496487e+00 5.7521493e+00 5.6772486e+00 5.5850193e+00
6.8966551e+00 7.1768796e+00 7.4163732e+00 7.4075527e+00 7.1511657e+00 6.6902666e+00 4.2011153e+00 9.7453541e-04 8.6569693e-04 9.7397458e-04 9.6966275e-04 1.8406417e-01 2.2045282e+00 7.6209921e-01 1.0227005e+00 8.7620235e-01 8.7751585e-01 1.2093726e+00 3.3369157e+00 5.8574612e+00 6.2691103e+00 6.5331558e+00 7.0423021e+00 7.4109550e+00 7.7172575e+00 7.8881762e+00 8.2242788e+00 8.3506020e+00 8.5878809e+00 8.9550156e+00 9.1144555e+00 8.6703639e+00 8.1666944e+00 8.5076130e+00 8.5811313e+00 8.5212115e+00 8.0823236e+00 7.6806918e+00 7.5709268e+00 7.5723542e+00 7.3725744e+00 7.1211162e+00 6.8016435e+00 6.6102825e+00 6.5738529e+00 6.5651952e+00 6.3788289e+00 6.1701603e+00 6.0205890e+00 5.8943651e+00
6.8142948e+00 6.9241727e+00 7.1870414e+00 7.4302767e+00 7.4958502e+00 7.3371427e+00 6.4316819e+00 2.7534782e+00 9.7746261e-04 9.9671429e-04 9.9658285e-04 5.3969713e-02 5.6578731e-01 2.1912645e-01 6.8994532e-01 5.6048487e-01 1.0658844e+00 2.6948339e+00 5.6244325e+00 6.3610488e+00 6.6272953e+00 7.0529967e+00 7.5378836e+00 7.8132936e+00 7.8927617e+00 8.0618295e+00 8.2974552e+00 8.4161276e+00 8.6982547e+00 9.3637337e+00 9.2924805e+00 8.9994347e+00 8.8401986e+00 8.9592392e+00 8.8366679e+00 8.4639538e+00 8.1600598e+00 8.0655254e+00 8.0980611e+00 7.9050787e+00 7.7127360e+00 7.5731772e+00 7.4296591e+00 7.2266636e+00 7.1019142e+00 6.9639911e+00 6.7355265e+00 6.5203252e+00 6.2898003e+00 6.1195873e+00
6.9522774e+00 6.7917060e+00 6.8311060e+00 6.9924125e+00 7.1331564e+00 6.9419237e+00 6.0401852e+00 3.2573339e+00 1.0069679e+00 9.9397752e-04 9.9963385e-04 1.5205763e-01 2.6581823e-01 3.9200082e-01 4.7159843e-01 1.0429189e+00 2.7875973e+00 5.2930933e+00 5.8879124e+00 6.4438256e+00 7.1172989e+00 7.5649046e+00 7.8902635e+00 7.9282417e+00 7.9594095e+00 8.3452172e+00 8.6423318e+00 8.6169596e+00 8.5453183e+00 9.2031889e+00 9.3565000e+00 9.3102469e+00 9.3971525e+00 9.1716261e+00 8.4272980e+00 7.6631533e+00 7.7187778e+00 7.9340555e+00 8.1441435e+00 8.0763857e+00 7.9979120e+00 7.9316679e+00 7.9309254e+00 7.7576654e+00 7.5644520e+00 7.3625401e+00 7.1524593e+00 6.8920779e+00 6.7167112e+00 6.4530380e+00
7.1759237e+00 6.9979604e+00 6.6638455e+00 6.4902960e+00 6.3741697e+00 6.5570047e+00 5.5381136e+00 3.5359606e+00 2.1992842e+00 9.9971137e-04 9.9407757e-04 8.8181278e-02 2.1508691e-01 1.9372349e-01 4.6693650e-01 2.6176161e+00 5.2983804e+00 5.7132398e+00 5.7563441e+00 6.2216392e+00 7.0064040e+00 7.7252064e+00 8.1345510e+00 8.2697915e+00 8.2995076e+00 8.6062901e+00 9.1817339e+00 9.0972024e+00 9.1735962e+00 9.5915627e+00 9.7361335e+00 9.7532196e+00 9.6748912e+00 9.2249969e+00 8.0271138e+00 6.7722186e+00 7.0722105e+00 7.6174114e+00 8.0746362e+00 8.2570053e+00 8.2442097e+00 8.1031784e+00 8.1822147e+00 8.1240638e+00 7.9808498e+00 7.8030264e+00 7.6273220e+00 7.4204356e+00 7.1764810e+00 6.8906033e+00
7.4388889e+00 7.3412093e+00 7.0906299e+00 6.4909799e+00 5.9079212e+00 4.9370286e+00 1.7965036e+00 1.1490286e+00 9.7989359e-04 9.6567624e-04 9.9903839e-04 3.0887157e-02 8.6174668e-02 1.1447748e-01 1.1908312e+00 4.2436129e+00 5.3959898e+00 5.1889352e+00 4.3389704e+00 2.6678461e+00 2.9334832e+00 6.8580226e+00 8.2318087e+00 8.6467782e+00 8.7571116e+00 8.6463484e+00 9.0172254e+00 9.2439268e+00 9.6206204e+00 9.9763776e+00 9.8829656e+00 9.6971851e+00 9.6360579e+00 9.3759560e+00 8.3382691e+00 7.2420406e+00 7.2078841e+00 7.6007410e+00 8.1204934e+00 8.4131583e+00 8.6323416e+00 8.4672141e+00 8.4981720e+00 8.4743923e+00 8.3598817e+00 8.2493884e+00 8.2126659e+00 7.8719618e+00 7.5500454e+00 7.3376780e+00
7.6886184e+00 7.6667752e+00 7.6127112e+00 7.3703314e+00 6.9213562e+00 4.9458259e+00 2.3983765e-01 0.0000000e+00 8.5107101e-04 9.7229550e-04 9.9944967e-04 0.0000000e+00 0.0000000e+00 3.6627225e-02 8.3753611e-01 2.1366858e+00 2.7174094e+00 1.8660915e+00 1.7313134e+00 2.6353976e+00 4.2020124e+00 7.1693806e+00 8.4224474e+00 9.0286531e+00 9.0070610e+00 8.9137663e+00 8.9914768e+00 9.1554854e+00 9.6668849e+00 9.8785354e+00 9.5289004e+00 8.7728422e+00 8.9922810e+00 9.0491913e+00 8.4624597e+00 7.8253305e+00 7.6637499e+00 7.8069986e+00 8.1539294e+00 8.4460949e+00 8.6765451e+00 8.7082926e+00 8.7392506e+00 8.7830030e+00 8.6971647e+00 8.5912272e+00 8.4954844e+00 8.1925115e+00 7.9423983e+00 7.7484624e+00
7.9920520e+00 7.9613004e+00 7.9910801e+00 7.9134998e+00 7.6536484e+00 6.3727270e+00 1.1167041e+00 9.7592410e-04 9.2057941e-04 2.8842405e-02 9.9921001e-04 0.0000000e+00 0.0000000e+00 8.3161246e-01 2.4030524e+00 4.6585468e+00 5.7555540e+00 5.3788081e+00 5.2052407e+00 6.5474029e+00 7.8166510e+00 8.3763863e+00 8.8000898e+00 9.0763407e+00 9.0086243e+00 9.1132320e+00 9.0951815e+00 9.1440966e+00 9.4596145e+00 9.6467256e+00 9.1161861e+00 7.7053658e+00 8.1827338e+00 8.7232125e+00 8.5858564e+00 8.2633665e+00 8.0699618e+00 8.0128942e+00 8.2360616e+00 8.4899608e+00 8.6678653e+00 8.7777244e+00 8.8684617e+00 8.9875823e+00 8.9142933e+00 8.7800717e+00 8.6453817e+00 8.4206117e+00 8.2168846e+00 8.1126439e+00
