presentation/data/depth_0009.asc
ncols     164
nrows     146
xllcorner -1.242151388888889e+02
yllcorner  4.172986111111111e+01
cellsize  2.777777777820000e-04
nodata_value       -9999
[rows 66 to 87 of 146, columns 0 to 49 of 164]
2.5322009e+00 2.2309334e+00 1.5524013e+00 8.0581639e-01 0.0000000e+00 0.0000000e+00 0.0000000e+00 0.0000000e+00 0.0000000e+00 0.0000000e+00 0.0000000e+00 0.0000000e+00 0.0000000e+00 0.0000000e+00 0.0000000e+00 0.0000000e+00 0.0000000e+00 0.0000000e+00 0.0000000e+00 0.0000000e+00 0.0000000e+00 0.0000000e+00 0.0000000e+00 0.0000000e+00 0.0000000e+00 0.0000000e+00 0.0000000e+00 0.0000000e+00 0.0000000e+00 0.0000000e+00 0.0000000e+00 0.0000000e+00 0.0000000e+00 0.0000000e+00 0.0000000e+00 0.0000000e+00 0.0000000e+00 0.0000000e+00 0.0000000e+00 0.0000000e+00 0.0000000e+00 0.0000000e+00 0.0000000e+00 0.0000000e+00 0.0000000e+00 0.0000000e+00 0.0000000e+00 0.0000000e+00 0.0000000e+00 0.0000000e+00
2.4451802e+00 2.4454798e+00 2.8533598e+00 2.4696881e+00 1.8313374e+00 0.0000000e+00 0.0000000e+00 0.0000000e+00 0.0000000e+00 0.0000000e+00 0.0000000e+00 0.0000000e+00 0.0000000e+00 0.0000000e+00 0.0000000e+00 0.0000000e+00 0.0000000e+00 0.0000000e+00 0.0000000e+00 0.0000000e+00 0.0000000e+00 0.0000000e+00 0.0000000e+00 0.0000000e+00 0.0000000e+00 0.0000000e+00 0.0000000e+00 0.0000000e+00 0.0000000e+00 0.0000000e+00 0.0000000e+00 0.0000000e+00 0.0000000e+00 0.0000000e+00 0.0000000e+00 0.0000000e+00 0.0000000e+00 0.0000000e+00 0.0000000e+00 0.0000000e+00 0.0000000e+00 0.0000000e+00 0.0000000e+00 0.0000000e+00 0.0000000e+00 0.0000000e+00 0.0000000e+00 0.0000000e+00 0.0000000e+00 0.0000000e+00
2.3418662e+00 2.6215875e+00 3.6400210e+00 4.1165741e+00 4.3526375e+00 4.0087628e+00 3.2335847e+00 1.3912895e+00 0.0000000e+00 0.0000000e+00 0.0000000e+00 0.0000000e+00 0.0000000e+00 0.0000000e+00 0.0000000e+00 0.0000000e+00 0.0000000e+00 0.0000000e+00 0.0000000e+00 0.0000000e+00 0.0000000e+00 0.0000000e+00 0.0000000e+00 0.0000000e+00 0.0000000e+00 0.0000000e+00 0.0000000e+00 0.0000000e+00 0.0000000e+00 0.0000000e+00 0.0000000e+00 0.0000000e+00 0.0000000e+00 0.0000000e+00 0.0000000e+00 0.0000000e+00 0.0000000e+00 0.0000000e+00 0.0000000e+00 0.0000000e+00 0.0000000e+00 0.0000000e+00 0.0000000e+00 0.0000000e+00 0.0000000e+00 0.0000000e+00 0.0000000e+00 0.0000000e+00 0.0000000e+00 0.0000000e+00
1.9971061e+00 3.8086260e+00 5.6332017e+00 5.8412540e+00 5.9286827e+00 6.0403206e+00 5.5745558e+00 4.6660056e+00 3.8306473e+00 3.4790330e+00 1.0588341e+00 0.0000000e+00 0.0000000e+00 0.0000000e+00 0.0000000e+00 0.0000000e+00 0.0000000e+00 0.0000000e+00 0.0000000e+00 0.0000000e+00 0.0000000e+00 0.0000000e+00 0.0000000e+00 0.0000000e+00 0.0000000e+00 0.0000000e+00 0.0000000e+00 0.0000000e+00 0.0000000e+00 0.0000000e+00 0.0000000e+00 0.0000000e+00 0.0000000e+00 0.0000000e+00 0.0000000e+00 0.0000000e+00 0.0000000e+00 0.0000000e+00 0.0000000e+00 0.0000000e+00 0.0000000e+00 0.0000000e+00 0.0000000e+00 0.0000000e+00 0.0000000e+00 0.0000000e+00 0.0000000e+00 0.0000000e+00 0.0000000e+00 0.0000000e+00
2.8465201e+00 5.6758826e+00 5.8386925e+00 6.0189037e+00 6.1522140e+00 6.1438995e+00 5.7645644e+00 5.3955062e+00 6.1348463e+00 5.5307545e+00 3.7960154e+00 8.1514302e-01 0.0000000e+00 0.0000000e+00 0.0000000e+00 0.0000000e+00 0.0000000e+00 0.0000000e+00 0.0000000e+00 0.0000000e+00 0.0000000e+00 0.0000000e+00 0.0000000e+00 0.0000000e+00 0.0000000e+00 0.0000000e+00 0.0000000e+00 0.0000000e+00 0.0000000e+00 0.0000000e+00 0.0000000e+00 0.0000000e+00 0.0000000e+00 0.0000000e+00 0.0000000e+00 0.0000000e+00 0.0000000e+00 0.0000000e+00 0.0000000e+00 0.0000000e+00 0.0000000e+00 0.0000000e+00 0.0000000e+00 0.0000000e+00 0.0000000e+00 0.0000000e+00 0.0000000e+00 0.0000000e+00 0.0000000e+00 0.0000000e+00
5.5557952e+00 3.6128850e+00 4.8800011e+00 5.9667526e+00 6.2293001e+00 4.9069147e+00 5.3770869e+00 5.5437500e+00 6.3684292e+00 5.6917661e+00 3.3122388e+00 0.0000000e+00 0.0000000e+00 0.0000000e+00 0.0000000e+00 0.0000000e+00 0.0000000e+00 0.0000000e+00 0.0000000e+00 0.0000000e+00 0.0000000e+00 0.0000000e+00 0.0000000e+00 0.0000000e+00 0.0000000e+00 0.0000000e+00 0.0000000e+00 0.0000000e+00 0.0000000e+00 0.0000000e+00 0.0000000e+00 0.0000000e+00 0.0000000e+00 0.0000000e+00 0.0000000e+00 0.0000000e+00 0.0000000e+00 0.0000000e+00 0.0000000e+00 0.0000000e+00 0.0000000e+00 0.0000000e+00 0.0000000e+00 0.0000000e+00 0.0000000e+00 0.0000000e+00 0.0000000e+00 0.0000000e+00 0.0000000e+00 0.0000000e+00
5.6811259e+00 4.3128053e+00 5.1969197e+00 5.0481656e+00 6.1887302e+00 6.3410543e+00 6.2859600e+00 6.3023610e+00 6.3334284e+00 5.4064053e+00 2.5797210e+00 0.0000000e+00 0.0000000e+00 0.0000000e+00 0.0000000e+00 0.0000000e+00 0.0000000e+00 0.0000000e+00 0.0000000e+00 0.0000000e+00 0.0000000e+00 0.0000000e+00 0.0000000e+00 0.0000000e+00 0.0000000e+00 0.0000000e+00 0.0000000e+00 0.0000000e+00 0.0000000e+00 0.0000000e+00 0.0000000e+00 0.0000000e+00 0.0000000e+00 0.0000000e+00 0.0000000e+00 0.0000000e+00 0.0000000e+00 0.0000000e+00 0.0000000e+00 0.0000000e+00 0.0000000e+00 0.0000000e+00 0.0000000e+00 0.0000000e+00 0.0000000e+00 0.0000000e+00 0.0000000e+00 0.0000000e+00 0.0000000e+00 0.0000000e+00
5.9138831e+00 5.6636214e+00 5.8682787e+00 5.8263057e+00 6.1739439e+00 6.2828523e+00 6.3273718e+00 6.3764676e+00 6.1480951e+00 4.5389243e+00 3.6205027e+00 2.9071642e+00 2.7573636e+00 3.1493240e+00 3.4226281e+00 3.4522306e+00 3.0221492e+00 2.5996798e+00 1.3174313e+00 0.0000000e+00 0.0000000e+00 0.0000000e+00 0.0000000e+00 0.0000000e+00 0.0000000e+00 0.0000000e+00 0.0000000e+00 0.0000000e+00 0.0000000e+00 0.0000000e+00 0.0000000e+00 0.0000000e+00 0.0000000e+00 0.0000000e+00 0.0000000e+00 0.0000000e+00 0.0000000e+00 0.0000000e+00 0.0000000e+00 0.0000000e+00 0.0000000e+00 0.0000000e+00 0.0000000e+00 0.0000000e+00 0.0000000e+00 0.0000000e+00 0.0000000e+00 0.0000000e+00 0.0000000e+00 0.0000000e+00
6.7691036e+00 5.9771201e+00 5.8484610e+00 5.9479900e+00 6.1586322e+00 6.3803258e+00 6.4829773e+00 6.5238103e+00 6.3954281e+00 6.0260478e+00 5.7311073e+00 5.5349421e+00 5.4346519e+00 5.5253081e+00 5.7255849e+00 5.5622667e+00 5.6230631e+00 5.6158237e+00 5.2983289e+00 4.8975064e+00 4.5304189e+00 3.3772616e+00 2.5456353e+00 1.2244096e+00 1.4011541e-01 0.0000000e+00 0.0000000e+00 0.0000000e+00 0.0000000e+00 0.0000000e+00 0.0000000e+00 0.0000000e+00 0.0000000e+00 0.0000000e+00 0.0000000e+00 0.0000000e+00 0.0000000e+00 0.0000000e+00 0.0000000e+00 0.0000000e+00 0.0000000e+00 0.0000000e+00 0.0000000e+00 0.0000000e+00 0.0000000e+00 0.0000000e+00 0.0000000e+00 0.0000000e+00 0.0000000e+00 0.0000000e+00
7.8239616e+00 6.4810604e+00 5.6769861e+00 5.8922722e+00 6.2583257e+00 6.6298805e+00 6.8419706e+00 6.8912719e+00 6.8223624e+00 6.6457809e+00 6.4535297e+00 6.3088379e+00 6.1852457e+00 6.1358516e+00 5.7258894e+00 4.7820073e+00 5.6898403e+00 5.9030067e+00 5.8059022e+00 5.6499030e+00 5.6945947e+00 5.2853011e+00 5.1595744e+00 4.4052738e+00 5.0461223e+00 2.9402951e+00 4.7579015e-01 0.0000000e+00 0.0000000e+00 0.0000000e+00 0.0000000e+00 0.0000000e+00 0.0000000e+00 0.0000000e+00 0.0000000e+00 0.0000000e+00 0.0000000e+00 0.0000000e+00 0.0000000e+00 0.0000000e+00 0.0000000e+00 0.0000000e+00 0.0000000e+00 0.0000000e+00 0.0000000e+00 0.0000000e+00 0.0000000e+00 0.0000000e+00 0.0000000e+00 0.0000000e+00
9.0248770e+00 7.0204710e+00 5.6117768e+00 5.0758847e+00 5.8505679e+00 7.2201146e+00 7.4300075e+00 7.4697029e+00 7.3615261e+00 7.1096305e+00 6.8185002e+00 6.5120064e+00 6.2487864e+00 6.0717784e+00 5.2265571e+00 4.5960815e+00 5.1566567e+00 5.7115970e+00 5.2061004e+00 5.2573089e+00 5.3328346e+00 4.8629849e+00 5.3952013e+00 5.2835037e+00 5.3934107e+00 5.3393509e+00 4.0217179e+00 1.1949981e+00 0.0000000e+00 0.0000000e+00 0.0000000e+00 0.0000000e+00 0.0000000e+00 0.0000000e+00 0.0000000e+00 0.0000000e+00 0.0000000e+00 0.0000000e+00 0.0000000e+00 0.0000000e+00 0.0000000e+00 0.0000000e+00 0.0000000e+00 0.0000000e+00 0.0000000e+00 0.0000000e+00 0.0000000e+00 0.0000000e+00 0.0000000e+00 0.0000000e+00
1.1213290e+01 8.5541304e+00 6.1306825e+00 5.3855758e+00 7.0113368e+00 8.1161203e+00 8.2386185e+00 8.2262394e+00 8.0493069e+00 7.7028903e+00 7.3105418e+00 6.8397773e+00 6.4142734e+00 6.1257490e+00 5.6958098e+00 5.0920182e+00 5.7404122e+00 5.8933451e+00 5.6158053e+00 5.4028916e+00 5.6444487e+00 5.3368235e+00 5.3667410e+00 5.2649930e+00 5.3238211e+00 5.5104455e+00 4.2324692e+00 4.6979844e+00 3.0493948e+00 2.3846981e-01 0.0000000e+00 0.0000000e+00 0.0000000e+00 0.0000000e+00 0.0000000e+00 0.0000000e+00 0.0000000e+00 0.0000000e+00 0.0000000e+00 0.0000000e+00 0.0000000e+00 0.0000000e+00 0.0000000e+00 0.0000000e+00 0.0000000e+00 0.0000000e+00 0.0000000e+00 0.0000000e+00 0.0000000e+00 0.0000000e+00
1.3051423e+01 1.1173817e+01 1.0245224e+01 8.6095898e+00 9.2708231e+00 9.1528103e+00 9.1078004e+00 8.9784228e+00 8.6833107e+00 8.2540878e+00 7.7234945e+00 7.1030990e+00 6.5193529e+00 6.1455667e+00 5.7441949e+00 4.9002732e+00 5.7436148e+00 5.8157555e+00 6.1573040e+00 5.9434426e+00 5.3535500e+00 5.3947259e+00 4.7143205e+00 5.1270248e+00 4.7507036e+00 4.2699412e+00 4.8858802e+00 5.1162568e+00 5.2599613e+00 3.7982096e+00 1.5592676e+00 0.0000000e+00 0.0000000e+00 0.0000000e+00 0.0000000e+00 0.0000000e+00 0.0000000e+00 0.0000000e+00 0.0000000e+00 0.0000000e+00 0.0000000e+00 0.0000000e+00 0.0000000e+00 0.0000000e+00 0.0000000e+00 0.0000000e+00 0.0000000e+00 0.0000000e+00 0.0000000e+00 0.0000000e+00
1.3567745e+01 1.2869477e+01 1.2787780e+01 1.1219773e+01 1.1504449e+01 1.0592064e+01 1.0231307e+01 9.9517191e+00 9.5719062e+00 9.0195031e+00 8.2607581e+00 7.4028244e+00 6.6234691e+00 5.9422587e+00 5.4530838e+00 5.3001945e+00 5.4486238e+00 5.5676012e+00 6.1404863e+00 5.5310971e+00 4.7310821e+00 5.4230396e+00 5.4144516e+00 5.3877227e+00 4.9844295e+00 5.1240172e+00 4.9651488e+00 4.8810606e+00 4.9300103e+00 5.4412825e+00 4.3718052e+00 2.5404325e+00 1.1118888e-01 0.0000000e+00 0.0000000e+00 0.0000000e+00 0.0000000e+00 0.0000000e+00 0.0000000e+00 0.0000000e+00 0.0000000e+00 0.0000000e+00 0.0000000e+00 0.0000000e+00 0.0000000e+00 0.0000000e+00 0.0000000e+00 0.0000000e+00 0.0000000e+00 0.0000000e+00
1.4242639e+01 1.3984784e+01 1.3669606e+01 1.3079611e+01 1.2595254e+01 1.1939839e+01 1.1535549e+01 1.1137654e+01 1.0865378e+01 1.0284126e+01 9.0747205e+00 7.7445912e+00 6.8408354e+00 6.0950813e+00 5.4777530e+00 5.3625785e+00 5.3236953e+00 5.4385217e+00 3.1279856e+00 3.9712989e+00 5.5217994e+00 5.3282911e+00 5.4910959e+00 5.2584416e+00 3.9994050e+00 4.8450440e+00 5.0925075e+00 4.8131619e+00 4.8706493e+00 3.7888427e+00 5.1456610e+00 5.1252279e+00 4.3385844e+00 2.3133816e+00 1.1961479e+00 6.4050824e-03 0.0000000e+00 0.0000000e+00 0.0000000e+00 0.0000000e+00 0.0000000e+00 0.0000000e+00 0.0000000e+00 0.0000000e+00 0.0000000e+00 0.0000000e+00 0.0000000e+00 0.0000000e+00 0.0000000e+00 0.0000000e+00
1.4191365e+01 1.4075464e+01 1.3863258e+01 1.3429441e+01 1.2966927e+01 1.2414786e+01 1.1994603e+01 1.1849985e+01 1.1757477e+01 1.1262510e+01 9.8270375e+00 7.9651643e+00 7.1848843e+00 6.5869999e+00 5.5611218e+00 4.4832306e+00 5.4012290e+00 5.3483183e+00 5.4626084e+00 5.4639993e+00 5.6854647e+00 5.5180237e+00 5.7422758e+00 5.3517199e+00 5.8982605e-01 3.5978204e+00 5.0544861e+00 4.8113240e+00 4.8405609e+00 4.9389549e+00 5.0655941e+00 5.1897638e+00 5.2170034e+00 4.9221144e+00 4.8462213e+00 4.2648089e+00 3.3623539e+00 1.8187001e+00 4.8697841e-02 0.0000000e+00 0.0000000e+00 0.0000000e+00 0.0000000e+00 0.0000000e+00 0.0000000e+00 0.0000000e+00 0.0000000e+00 0.0000000e+00 0.0000000e+00 0.0000000e+00
1.3999222e+01 1.3833699e+01 1.3697735e+01 1.3415842e+01 1.3086447e+01 1.2700481e+01 1.2394408e+01 1.2203222e+01 1.2012052e+01 1.1510872e+01 1.0303079e+01 8.2339917e+00 8.0937470e+00 7.8581658e+00 6.1505302e+00 5.6132750e+00 6.1064784e+00 6.2440132e+00 6.4016541e+00 6.1791613e+00 5.8865569e+00 5.6178158e+00 5.4680104e+00 5.3159626e+00 2.6470778e+00 4.4639380e+00 4.2961961e+00 5.1361568e+00 5.1180011e+00 4.8678546e+00 4.3457455e+00 5.0968299e+00 5.1538688e+00 5.2061491e+00 5.2763055e+00 5.3210214e+00 4.9496838e+00 4.5364531e+00 4.6028464e+00 2.6438956e+00 3.6566777e-01 0.0000000e+00 0.0000000e+00 0.0000000e+00 0.0000000e+00 0.0000000e+00 0.0000000e+00 0.0000000e+00 0.0000000e+00 0.0000000e+00
1.3880652e+01 1.3536689e+01 1.3472000e+01 1.3383443e+01 1.3149597e+01 1.2876869e+01 1.2592470e+01 1.2398005e+01 1.2134678e+01 1.1631706e+01 1.0672712e+01 9.6828029e+00 1.0094677e+01 1.0672329e+01 9.0940431e+00 8.0413032e+00 7.9285483e+00 7.7760958e+00 7.4057004e+00 7.0047680e+00 6.4671395e+00 5.8256673e+00 5.2323026e+00 4.7869814e+00 4.6350487e+00 4.9595133e+00 4.1182093e+00 5.1194285e+00 5.0230928e+00 4.0743880e+00 4.7503865e+00 5.1157074e+00 5.0598512e+00 4.9856344e+00 4.9116594e+00 4.8248645e+00 4.7226167e+00 4.9587857e+00 5.1329564e+00 4.3472096e+00 4.2469803e+00 2.1148973e+00 0.0000000e+00 0.0000000e+00 0.0000000e+00 0.0000000e+00 0.0000000e+00 0.0000000e+00 0.0000000e+00 0.0000000e+00
1.3848359e+01 1.3320462e+01 1.3471339e+01 1.3410017e+01 1.3165922e+01 1.2961921e+01 1.2737765e+01 1.2534533e+01 1.2261051e+01 1.1849702e+01 1.1325706e+01 1.0922268e+01 1.1127156e+01 1.1193241e+01 1.0262938e+01 9.8333719e+00 9.7590633e+00 9.3119602e+00 8.7154391e+00 7.9159742e+00 7.0918555e+00 6.2647713e+00 5.4835019e+00 4.9372100e+00 4.6769168e+00 5.0363713e+00 4.1717551e+00 4.3413259e+00 4.5819084e+00 4.5145329e+00 4.8833527e+00 4.9270557e+00 4.9015632e+00 4.8167779e+00 4.7454828e+00 4.6495117e+00 4.6353529e+00 4.8042335e+00 5.0756564e+00 4.8203772e+00 4.2350383e+00 3.8921315e+00 2.3266117e+00 0.0000000e+00 0.0000000e+00 0.0000000e+00 0.0000000e+00 0.0000000e+00 0.0000000e+00 0.0000000e+00
1.3873688e+01 1.3423911e+01 1.3268123e+01 1.3245641e+01 1.3299836e+01 1.3026620e+01 1.2877664e+01 1.2658107e+01 1.2395360e+01 1.2075250e+01 1.1753950e+01 1.1518273e+01 1.1476156e+01 1.1307960e+01 1.0780966e+01 1.0551409e+01 1.0541973e+01 1.0188332e+01 9.7393799e+00 8.8910252e+00 7.8832315e+00 6.7398115e+00 5.9493285e+00 5.3077076e+00 3.9264029e+00 4.5472504e+00 4.5016507e+00 4.1441721e+00 3.5502274e+00 4.3500019e+00 4.6910369e+00 4.8046608e+00 4.8393640e+00 4.7104536e+00 4.6371840e+00 4.6003292e+00 4.6285209e+00 4.7576616e+00 4.9829925e+00 4.9517086e+00 4.5017354e+00 4.9227440e+00 4.1125929e+00 3.3618247e-02 0.0000000e+00 0.0000000e+00 0.0000000e+00 0.0000000e+00 0.0000000e+00 0.0000000e+00
1.4248152e+01 1.2655689e+01 1.3184475e+01 1.2839566e+01 1.3449045e+01 1.3054244e+01 1.2945293e+01 1.2750016e+01 1.2508564e+01 1.2228435e+01 1.1981778e+01 1.1774079e+01 1.1636303e+01 1.1459001e+01 1.1155824e+01 1.0929861e+01 1.0778611e+01 1.0476095e+01 1.0007744e+01 9.6139954e+00 8.6423433e+00 7.0775074e+00 6.2220909e+00 5.5349013e+00 4.6457923e+00 4.0647890e+00 4.1959292e+00 4.7126463e+00 4.3186505e+00 4.4194032e+00 4.6095241e+00 4.7535081e+00 4.8845793e+00 4.6472948e+00 4.5579192e+00 4.5342867e+00 4.5697541e+00 4.6707562e+00 4.7818167e+00 4.8736462e+00 4.7703537e+00 4.9744379e+00 3.9223027e+00 9.1539296e-01 0.0000000e+00 0.0000000e+00 0.0000000e+00 0.0000000e+00 0.0000000e+00 0.0000000e+00
1.4976856e+01 1.4270664e+01 1.3769867e+01 1.3293816e+01 1.3254805e+01 1.3257665e+01 1.3071802e+01 1.2956605e+01 1.2760599e+01 1.2501966e+01 1.2269584e+01 1.2044237e+01 1.1837282e+01 1.1591384e+01 1.1310090e+01 1.1052392e+01 1.0815825e+01 1.0492142e+01 9.9890255e+00 9.2926857e+00 8.2513501e+00 7.2499317e+00 6.4112936e+00 5.8150837e+00 5.1069093e+00 4.1537396e+00 4.5242466e+00 4.5149215e+00 4.7342998e+00 4.5492531e+00 4.6657888e+00 5.0386791e+00 3.3895445e+00 3.3015105e+00 4.4490514e+00 4.4132948e+00 4.4510197e+00 4.5222301e+00 4.5824589e+00 4.6467512e+00 4.6850525e+00 3.7669867e+00 9.0141703e-02 1.4688140e+00 2.9581358e+00 2.0991519e+00 8.5026129e-01 0.0000000e+00 0.0000000e+00 0.0000000e+00
