presentation/data/depth_0038.asc
ncols     164
nrows     146
xllcorner -1.242151388888889e+02
yllcorner  4.172986111111111e+01
cellsize  2.777777777820000e-04
nodata_value       -9999
[rows 110 to 131 of 146, columns 100 to 149 of 164]
3.9212058e+00 3.8865930e+00 3.8938130e+00 3.8580616e+00 3.7556597e+00 3.7370253e+00 6.8858000e-01 8.3236993e-04 9.9699203e-04 9.8991520e-04 9.8141325e-04 8.2336237e-04 9.2006414e-04 9.9770100e-04 9.9879699e-04 9.9769899e-04 5.5414268e-03 9.9822013e-04 4.9066651e-03 1.3922282e+00 2.3627862e+00 2.6858309e+00 2.9229600e+00 2.8959026e+00 2.4370954e+00 2.6212867e+00 2.6667663e+00 2.8528245e+00 2.9514626e+00 3.2103515e+00 3.0942395e+00 2.5250631e+00 2.8920833e+00 3.5973231e+00 4.3409876e+00 4.7224423e+00 4.9380004e+00 4.8888461e+00 5.0455530e+00 5.3061408e+00 5.5559643e+00 5.6656035e+00 5.7699975e+00 5.9898632e+00 6.1086655e+00 6.2266832e+00 6.3346957e+00 6.2888342e+00 6.2645942e+00 6.1549480e+00
3.9897252e+00 4.0056516e+00 3.9394214e+00 3.8427227e+00 3.6163982e+00 3.4597455e+00 2.6135211e+00 9.6553891e-01 2.8630147e-02 8.2909395e-03 8.9827062e-04 9.4973244e-04 9.7529448e-04 1.0064049e-03 2.5461770e-03 6.5700669e-03 2.5352114e-03 9.5485599e-03 5.7411162e-02 1.4282223e+00 2.3297408e+00 2.6470202e+00 2.9800741e+00 3.0531653e+00 2.5812608e+00 2.4124378e+00 2.3784826e+00 2.8746597e+00 3.1164491e+00 3.4147828e+00 3.5166475e+00 3.4082605e+00 3.4702685e+00 3.9026531e+00 4.8248599e+00 5.3047441e+00 5.3627049e+00 5.3216892e+00 5.3220545e+00 5.5403902e+00 5.8439505e+00 5.9437187e+00 5.9091475e+00 6.0061510e+00 6.1362484e+00 6.2784859e+00 6.5028382e+00 6.5190135e+00 6.4172465e+00 6.3641299e+00
4.0813879e+00 4.1264158e+00 4.1202841e+00 4.0096212e+00 3.8757163e+00 3.7067066e+00 3.7753805e+00 3.9865185e+00 3.8090546e+00 2.7145301e+00 1.7537992e+00 1.5719195e+00 1.8228190e+00 1.4081468e+00 2.7048781e-01 1.7004803e-03 3.8368928e-01 6.8721431e-01 1.0015460e+00 1.9179404e+00 2.3984729e+00 2.3480503e+00 2.7500899e+00 2.9416834e+00 2.8306291e+00 2.8319193e+00 2.3891325e+00 3.0677751e+00 3.4629859e+00 3.8324353e+00 4.2043140e+00 4.3921216e+00 4.1654888e+00 4.1652423e+00 4.9597647e+00 5.5767861e+00 5.7136232e+00 5.6268139e+00 5.5295258e+00 5.6751773e+00 6.0464536e+00 6.0721260e+00 6.0533260e+00 6.0604870e+00 6.1317263e+00 6.2415733e+00 6.4736194e+00 6.6000264e+00 6.5931604e+00 6.6161608e+00
4.2622553e+00 4.2995437e+00 4.2974886e+00 4.2563488e+00 4.2039413e+00 4.1053696e+00 4.0183912e+00 3.9699045e+00 3.7836784e+00 3.1870382e+00 3.5733500e+00 3.4361200e+00 3.2576869e+00 2.6685891e+00 1.6712067e+00 1.2880638e+00 1.4711608e+00 1.8298651e+00 2.3407631e+00 2.8193092e+00 2.8002113e+00 2.4616405e+00 2.6360260e+00 3.0334400e+00 3.2717406e+00 3.6848220e+00 3.3301935e+00 3.6426710e+00 3.9302938e+00 4.2453759e+00 4.6988234e+00 5.2590522e+00 4.8575320e+00 4.8596641e+00 5.5017548e+00 6.0341414e+00 6.1860860e+00 6.0015620e+00 5.8611758e+00 5.9337213e+00 6.1410118e+00 6.1717632e+00 6.1564208e+00 6.1440302e+00 6.2193315e+00 6.3626954e+00 6.5718943e+00 6.7100451e+00 6.7622835e+00 6.8120365e+00
4.5219909e+00 4.5792686e+00 4.5831056e+00 4.6012869e+00 4.5891303e+00 4.5087104e+00 4.4140247e+00 4.2994846e+00 4.1339472e+00 4.0638293e+00 4.6250246e+00 4.2464770e+00 4.2232698e+00 4.0142905e+00 3.4852779e+00 3.1063518e+00 3.1211803e+00 3.1678194e+00 3.5723657e+00 3.8014126e+00 3.6651975e+00 3.0585275e+00 2.7287189e+00 3.3100874e+00 3.8767035e+00 4.1850840e+00 4.2006441e+00 4.3474984e+00 4.5306498e+00 4.5809462e+00 4.6154124e+00 5.0334628e+00 5.1278611e+00 5.4820329e+00 6.1036320e+00 6.6629049e+00 6.9267076e+00 6.5140951e+00 6.1181600e+00 6.1660085e+00 6.2633023e+00 6.2608460e+00 6.3142804e+00 6.3056865e+00 6.3798221e+00 6.5588591e+00 6.7399011e+00 6.8969331e+00 6.9278853e+00 6.9039158e+00
4.8382924e+00 4.8878097e+00 4.8995525e+00 4.9064110e+00 4.9160546e+00 4.8597644e+00 4.8136423e+00 4.7011872e+00 4.5602014e+00 4.5285791e+00 4.4827888e+00 4.7363977e+00 5.4476755e+00 5.3322314e+00 5.0377813e+00 4.7602110e+00 4.3178432e+00 4.2813291e+00 4.8177371e+00 4.9498764e+00 4.6895211e+00 3.9886611e+00 3.4608741e+00 3.8066796e+00 4.4714580e+00 4.8144445e+00 4.9131182e+00 5.0711723e+00 5.1860266e+00 5.0000449e+00 4.8573120e+00 5.0124756e+00 5.3493447e+00 5.9428672e+00 6.5640308e+00 7.1838267e+00 7.5466195e+00 7.0404787e+00 6.5082393e+00 6.5171662e+00 6.5531994e+00 6.5025946e+00 6.5379868e+00 6.5299114e+00 6.6232414e+00 6.8235681e+00 6.9735855e+00 7.1280843e+00 7.1218089e+00 7.0405319e+00
5.1573940e+00 5.1154964e+00 5.1703388e+00 5.2869674e+00 5.3068015e+00 5.3457645e+00 5.1846330e+00 5.0964378e+00 4.9176336e+00 5.0064198e+00 5.0922862e+00 5.7341116e+00 6.5573778e+00 6.2503293e+00 5.9374524e+00 5.3612854e+00 4.4861682e+00 4.5259543e+00 5.7382747e+00 5.7241478e+00 5.2132514e+00 4.6165259e+00 4.1679767e+00 4.3354704e+00 4.9356705e+00 5.3259281e+00 5.7088285e+00 5.4470449e+00 5.4313768e+00 5.2138979e+00 5.0452706e+00 5.0548686e+00 5.4996853e+00 6.2431212e+00 6.7558376e+00 7.2698755e+00 7.5242238e+00 7.2161825e+00 6.7944399e+00 6.7903031e+00 6.9077652e+00 6.8836174e+00 6.7395491e+00 6.6920083e+00 6.8978002e+00 7.1956564e+00 7.1723023e+00 7.2431947e+00 7.2381141e+00 7.1875997e+00
5.2658885e+00 5.4132241e+00 5.4549857e+00 5.5493862e+00 5.6491462e+00 5.6259050e+00 5.5528538e+00 5.3526066e+00 5.1380707e+00 5.4107215e+00 5.8375949e+00 6.0576301e+00 5.8088252e+00 5.7551496e+00 5.6692397e+00 5.3572960e+00 4.3872816e+00 3.0842350e+00 5.3805938e+00 5.7000489e+00 5.4393435e+00 5.1392761e+00 5.0084206e+00 5.1491536e+00 5.6585246e+00 6.1378059e+00 6.3141087e+00 5.9408565e+00 5.8112713e+00 5.5407724e+00 5.2375913e+00 5.1104175e+00 5.6150032e+00 6.4574226e+00 6.9293405e+00 7.1843545e+00 7.2988606e+00 7.1399557e+00 6.9027386e+00 6.7435863e+00 6.9567195e+00 7.0665492e+00 7.1238475e+00 7.0168016e+00 7.1607269e+00 7.3946831e+00 7.3570610e+00 7.3489273e+00 7.3563986e+00 7.3435359e+00
5.6495573e+00 5.7948946e+00 5.8764589e+00 5.8486246e+00 5.8596565e+00 5.9748687e+00 5.8798952e+00 5.5409349e+00 5.7552610e+00 6.4317934e+00 6.6635075e+00 6.7553761e+00 6.1616357e+00 5.9288866e+00 5.1279102e+00 5.8004790e+00 5.8550407e+00 4.6344969e+00 4.8872672e+00 5.1230473e+00 5.2378423e+00 5.3665907e+00 5.5393609e+00 5.8110540e+00 6.0599376e+00 6.4771204e+00 6.6161282e+00 6.4805159e+00 6.2382674e+00 5.8260472e+00 5.4286197e+00 5.2865655e+00 5.9393179e+00 6.7590898e+00 7.0858771e+00 7.1988757e+00 7.2313969e+00 7.1533231e+00 7.0601204e+00 6.9461249e+00 7.0610446e+00 7.2150400e+00 7.4169128e+00 7.3304848e+00 7.3536556e+00 7.4440188e+00 7.4310824e+00 7.4152594e+00 7.4580889e+00 7.4890579e+00
6.0514165e+00 5.6782664e+00 6.0765384e+00 6.6041198e+00 6.8410470e+00 6.4506401e+00 6.2421609e+00 5.6065717e+00 5.5418089e+00 6.9688592e+00 6.8039012e+00 6.7214759e+00 6.9945003e+00 7.3082854e+00 6.6977870e+00 6.8965934e+00 6.6017910e+00 5.5915427e+00 4.0690886e+00 4.2426460e+00 4.9448508e+00 5.3921889e+00 5.7950253e+00 6.1964883e+00 6.2190737e+00 6.5178065e+00 6.8167014e+00 6.8478333e+00 6.6733518e+00 6.1773275e+00 5.6945464e+00 5.8480133e+00 6.7417151e+00 7.2920699e+00 7.5092699e+00 7.4285232e+00 7.3362745e+00 7.2707601e+00 7.2018799e+00 7.1067522e+00 7.1321725e+00 7.1867388e+00 7.3554678e+00 7.3911844e+00 7.3954556e+00 7.4257109e+00 7.4433852e+00 7.4577424e+00 7.5521544e+00 7.6322675e+00
6.2332008e+00 6.2840169e+00 6.4458827e+00 7.3583453e+00 8.4007545e+00 8.0633361e+00 8.0836984e+00 6.6097104e+00 5.4489920e+00 6.5849109e+00 6.2675629e+00 6.5341119e+00 7.1704982e+00 7.4333684e+00 7.4580420e+00 7.3108133e+00 6.7852596e+00 5.4289014e+00 3.2014000e+00 3.9670173e+00 5.0995559e+00 5.5608580e+00 5.9999661e+00 6.3559870e+00 6.3402380e+00 6.4480755e+00 6.8069500e+00 7.0560843e+00 7.0874157e+00 6.6004796e+00 6.1978450e+00 6.8287005e+00 7.5892832e+00 7.8819881e+00 8.0752226e+00 7.8785061e+00 7.6504875e+00 7.5200042e+00 7.4270992e+00 7.3422908e+00 7.2792338e+00 7.3618822e+00 7.4309901e+00 7.4468999e+00 7.4099275e+00 7.4074041e+00 7.4943506e+00 7.6081074e+00 7.7571767e+00 7.8185568e+00
7.0694957e+00 6.8280804e+00 7.0187814e+00 7.6425344e+00 8.0047412e+00 8.7997308e+00 9.7819470e+00 9.1384826e+00 8.3117024e+00 7.8254981e+00 7.1243197e+00 7.2055305e+00 7.3386910e+00 7.2734988e+00 7.3930309e+00 7.3621269e+00 7.1345509e+00 6.6196644e+00 6.1606409e+00 5.7216814e+00 5.6145682e+00 5.9630571e+00 6.3350518e+00 6.5657786e+00 6.5243956e+00 6.3980622e+00 6.5973294e+00 6.9694219e+00 7.0490457e+00 6.8044760e+00 7.0159848e+00 7.8604405e+00 8.2719957e+00 8.3529162e+00 8.3310759e+00 8.1714670e+00 8.0033489e+00 7.8731609e+00 7.7160161e+00 7.6217858e+00 7.5349345e+00 7.5833850e+00 7.6165922e+00 7.6131164e+00 7.5337415e+00 7.4709403e+00 7.5044398e+00 7.6964728e+00 7.9342824e+00 8.0144158e+00
7.8014048e+00 7.7449208e+00 7.7793603e+00 7.9461132e+00 7.8578757e+00 8.0764035e+00 8.2926232e+00 8.6840324e+00 8.3336460e+00 7.8784469e+00 7.5399249e+00 7.5627656e+00 7.3856380e+00 7.2605745e+00 7.2609666e+00 7.3415316e+00 7.4593742e+00 7.3854707e+00 7.1809798e+00 6.6468538e+00 6.3246401e+00 6.4937339e+00 6.7407689e+00 6.8707420e+00 6.7742629e+00 6.6844119e+00 6.5105665e+00 6.6731065e+00 6.8809078e+00 7.1900394e+00 8.0257968e+00 8.6171409e+00 8.7672478e+00 8.6885436e+00 8.5509782e+00 8.4401572e+00 8.3351613e+00 8.1478695e+00 7.9653476e+00 7.8402802e+00 7.7939820e+00 7.7991666e+00 7.8280106e+00 7.8458489e+00 7.7333467e+00 7.6555121e+00 7.5937265e+00 7.7313638e+00 8.0274804e+00 8.1991703e+00
8.3187943e+00 8.4765816e+00 8.2722502e+00 8.1544033e+00 7.3113001e+00 7.0432022e+00 8.1036159e+00 7.9697594e+00 7.8231992e+00 7.5702123e+00 7.4034473e+00 7.7530872e+00 7.4018687e+00 7.1909937e+00 7.0733660e+00 6.9795412e+00 7.5378979e+00 7.5556345e+00 7.3121605e+00 6.9860405e+00 6.8067484e+00 6.9158695e+00 7.1572876e+00 7.2657222e+00 7.0263426e+00 6.9070055e+00 6.6196702e+00 6.4343766e+00 6.7198858e+00 7.9222017e+00 8.9204084e+00 9.1068044e+00 9.0613700e+00 8.8657717e+00 8.7078190e+00 8.6341855e+00 8.5726200e+00 8.3293374e+00 8.1455659e+00 8.0391903e+00 7.9989681e+00 7.9833961e+00 7.9984077e+00 7.9896572e+00 7.8739817e+00 7.7834034e+00 7.7210521e+00 7.7571966e+00 8.0166204e+00 8.2813495e+00
8.3203184e+00 8.5512674e+00 8.4156841e+00 8.1967639e+00 7.6662465e+00 7.3465423e+00 7.7329929e+00 7.7964505e+00 7.5226904e+00 7.4038605e+00 7.4788994e+00 7.6471390e+00 7.2092075e+00 6.9099163e+00 6.7696034e+00 6.7725600e+00 7.3397909e+00 7.4747993e+00 7.3541738e+00 7.1357182e+00 7.0433184e+00 7.2491706e+00 7.5487057e+00 7.5055320e+00 7.1975306e+00 6.9601516e+00 6.7114096e+00 6.5893609e+00 6.9058831e+00 8.8585405e+00 9.5086813e+00 9.5008023e+00 9.3865366e+00 9.0947488e+00 8.7934442e+00 8.6952968e+00 8.6143449e+00 8.4662289e+00 8.3265743e+00 8.2925099e+00 8.2467445e+00 8.1384737e+00 8.1209546e+00 8.0918301e+00 8.0185821e+00 7.9440458e+00 7.8848746e+00 7.8694364e+00 8.0422025e+00 8.3239497e+00
8.1153462e+00 8.2721647e+00 8.2875824e+00 8.3809442e+00 8.4879192e+00 8.7524776e+00 8.2855917e+00 7.8420341e+00 7.7204310e+00 7.6668629e+00 7.6377230e+00 7.3498055e+00 6.8815182e+00 6.5340670e+00 6.6097063e+00 6.8162600e+00 7.1689800e+00 7.3570504e+00 7.3438598e+00 7.2162035e+00 7.1405209e+00 7.4290110e+00 7.6703571e+00 7.5591611e+00 7.3406884e+00 7.1574241e+00 6.9770206e+00 6.8210474e+00 7.8241960e+00 9.7832417e+00 1.0002811e+01 9.7864861e+00 9.5920721e+00 9.2704595e+00 8.9613419e+00 8.8115835e+00 8.6781502e+00 8.5515797e+00 8.4970698e+00 8.4775585e+00 8.4189419e+00 8.3510459e+00 8.3202627e+00 8.2829312e+00 8.2273101e+00 8.1596042e+00 8.0884581e+00 8.0621823e+00 8.1980773e+00 8.4615104e+00
8.1847490e+00 8.0467284e+00 8.0527399e+00 8.4060854e+00 8.8274085e+00 9.1223040e+00 8.8354544e+00 8.3740910e+00 8.2796687e+00 8.3849975e+00 7.8441138e+00 7.4027651e+00 7.0556180e+00 6.8730697e+00 6.9041544e+00 7.0439914e+00 7.3087100e+00 7.4641542e+00 7.4830987e+00 7.4368497e+00 7.4426589e+00 7.6291039e+00 7.7821112e+00 7.7057434e+00 7.5604854e+00 7.2663245e+00 7.1917362e+00 7.3947439e+00 9.2299143e+00 1.0253944e+01 1.0212289e+01 9.8326912e+00 9.5873436e+00 9.3498435e+00 9.1217261e+00 8.9497469e+00 8.7879542e+00 8.6372544e+00 8.6171198e+00 8.6040834e+00 8.5611496e+00 8.4960162e+00 8.4636677e+00 8.4235795e+00 8.3951691e+00 8.3553511e+00 8.2434944e+00 8.1737128e+00 8.2509110e+00 8.4745724e+00
8.1706601e+00 8.0950936e+00 7.9986210e+00 8.4556572e+00 8.7922173e+00 9.1453456e+00 9.2368546e+00 8.8462101e+00 8.5300886e+00 8.2250197e+00 7.5522344e+00 7.5445796e+00 7.4842856e+00 7.4010879e+00 7.3977227e+00 7.4914769e+00 7.6012751e+00 7.6968057e+00 7.7420584e+00 7.7421250e+00 7.8066143e+00 7.9751516e+00 8.0526916e+00 7.9745870e+00 7.7793774e+00 7.6118390e+00 7.7118942e+00 8.8334663e+00 1.0246989e+01 1.0432012e+01 1.0263619e+01 9.9172877e+00 9.6365347e+00 9.4280361e+00 9.2584300e+00 9.1099722e+00 8.9911507e+00 8.8518453e+00 8.8009714e+00 8.7789553e+00 8.7214615e+00 8.6555852e+00 8.5861270e+00 8.5293998e+00 8.5268610e+00 8.5231332e+00 8.3926584e+00 8.3064892e+00 8.3269245e+00 8.4881434e+00
8.2785159e+00 8.1549647e+00 8.1054858e+00 8.4529568e+00 8.6197154e+00 9.0186334e+00 9.2006519e+00 9.0003689e+00 8.6046560e+00 8.1907003e+00 7.8603615e+00 7.9383552e+00 8.0492175e+00 7.9960991e+00 7.9455493e+00 7.9682448e+00 8.0003360e+00 8.0290247e+00 8.0528932e+00 8.0729322e+00 8.1860790e+00 8.3808787e+00 8.4049360e+00 8.2907989e+00 8.1213023e+00 8.0832479e+00 8.8706582e+00 1.0308888e+01 1.0657326e+01 1.0505918e+01 1.0289630e+01 9.9940584e+00 9.7277346e+00 9.5494971e+00 9.4321158e+00 9.3205574e+00 9.1917099e+00 9.0995195e+00 9.0321397e+00 8.9632174e+00 8.8931536e+00 8.8397096e+00 8.7300671e+00 8.6331517e+00 8.6050820e+00 8.5822259e+00 8.5014868e+00 8.4341321e+00 8.4251453e+00 8.5620550e+00
8.4820322e+00 8.5520261e+00 8.8410403e+00 9.1036424e+00 8.8034058e+00 9.0189700e+00 9.4068550e+00 9.0999512e+00 8.7900635e+00 8.5156018e+00 8.3475267e+00 8.3939516e+00 8.6176590e+00 8.6192485e+00 8.6111131e+00 8.5784123e+00 8.5017755e+00 8.4371904e+00 8.4470035e+00 8.5034201e+00 8.5447203e+00 8.7287750e+00 8.7570820e+00 8.6924306e+00 8.5661727e+00 8.8485172e+00 1.0002269e+01 1.0710121e+01 1.0694860e+01 1.0517235e+01 1.0338273e+01 1.0106542e+01 9.8626605e+00 9.7530290e+00 9.6662470e+00 9.5734300e+00 9.4675573e+00 9.3545307e+00 9.2678947e+00 9.2055394e+00 9.0958305e+00 9.0191533e+00 8.9251250e+00 8.7991665e+00 8.7243273e+00 8.6913071e+00 8.6768000e+00 8.5972866e+00 8.5276749e+00 8.6735571e+00
8.8291644e+00 8.8013525e+00 8.4505362e+00 9.4414173e+00 9.3153966e+00 8.9553467e+00 9.3772925e+00 9.3287864e+00 9.0737058e+00 8.9928277e+00 9.0166401e+00 8.8258521e+00 8.9050886e+00 9.0450634e+00 9.2408581e+00 9.3401915e+00 9.1061773e+00 8.8468874e+00 8.8117672e+00 8.9206720e+00 9.0489742e+00 9.2042909e+00 9.1386525e+00 9.1374526e+00 9.3551003e+00 9.7340994e+00 1.0444044e+01 1.0695722e+01 1.0642090e+01 1.0550469e+01 1.0458022e+01 1.0374237e+01 1.0141237e+01 1.0026952e+01 9.9580930e+00 9.8771583e+00 9.7514800e+00 9.6290330e+00 9.5037405e+00 9.4261965e+00 9.2760789e+00 9.1556895e+00 9.1003148e+00 9.0088548e+00 8.8582550e+00 8.8407382e+00 8.8732611e+00 8.8619838e+00 8.8022994e+00 8.8066817e+00
9.0888384e+00 9.3184601e+00 9.2040237e+00 8.8904477e+00 9.3248756e+00 9.4900022e+00 9.7747956e+00 9.4124105e+00 9.1697482e+00 8.9998674e+00 8.9049225e+00 8.8753521e+00 9.0723543e+00 9.2815276e+00 9.6323733e+00 9.9231295e+00 9.5800372e+00 9.1118809e+00 9.0255671e+00 9.1560300e+00 9.4813718e+00 9.7429520e+00 9.5527786e+00 9.6407464e+00 1.0035412e+01 1.0310550e+01 1.0547733e+01 1.0681063e+01 1.0638336e+01 1.0608317e+01 1.0552612e+01 1.0488419e+01 1.0373090e+01 1.0285910e+01 1.0212702e+01 1.0239539e+01 1.0000761e+01 9.8174095e+00 9.6902229e+00 9.5513234e+00 9.3947942e+00 9.2725014e+00 9.2836099e+00 9.2761533e+00 9.0036197e+00 9.0085480e+00 9.0952161e+00 9.1224321e+00 9.0451993e+00 8.8714511e+00
