presentation/data/depth_0052.asc
ncols     164
nrows     146
xllcorner -1.242151388888889e+02
yllcorner  4.172986111111111e+01
cellsize  2.777777777820000e-04
nodata_value       -9999
[rows 66 to 87 of 146, columns 50 to 99 of 164]
0.0000000e+00 0.0000000e+00 0.0000000e+00 0.0000000e+00 0.0000000e+00 0.0000000e+00 0.0000000e+00 0.0000000e+00 0.0000000e+00 0.0000000e+00 0.0000000e+00 0.0000000e+00 0.0000000e+00 0.0000000e+00 9.9948125e-04 9.9940451e-04 9.9863140e-04 9.9845350e-04 9.9502501e-04 9.9361731e-04 1.0535498e-02 1.7163839e-03 3.4963506e-01 8.5093458e-01 1.0217984e+00 1.0486268e+00 1.0466823e+00 1.0397918e+00 1.0858767e+00 1.6734882e+00 2.6814157e+00 3.7531702e+00 2.6329529e+00 1.2864484e+00 1.0424575e+00 1.1088654e+00 1.0511128e+00 8.7514634e-01 6.2007727e-01 3.6699708e-01 2.7930423e-01 2.2279057e-01 1.9142424e-01 1.9726406e-01 2.0117500e-01 2.2696008e-01 2.5614413e-01 2.8741146e-01 3.0777577e-01 3.2639840e-01
0.0000000e+00 0.0000000e+00 0.0000000e+00 0.0000000e+00 0.0000000e+00 9.9484659e-04 9.9891148e-04 9.9638514e-04 9.9628300e-04 9.9787176e-04 9.8869479e-04 9.7309226e-04 9.8423272e-04 9.5117314e-04 9.9952402e-04 9.9841366e-04 9.9810365e-04 9.9820409e-04 9.9683041e-04 1.6597472e-03 4.4570965e-03 7.8510652e-02 5.9904471e-01 9.0559739e-01 1.0438431e+00 1.0636215e+00 1.0645199e+00 1.1686033e+00 3.3887856e+00 4.2680078e+00 3.5901059e+00 1.7497929e+00 1.0468429e+00 1.0497313e+00 1.0613253e+00 1.0085883e+00 9.4722352e-01 9.0363223e-01 8.1893609e-01 7.3832584e-01 7.0117172e-01 6.1846190e-01 5.3670701e-01 4.7294122e-01 4.0295445e-01 3.4655185e-01 2.6736717e-01 1.9492793e-01 1.5496060e-01 1.2766829e-01
0.0000000e+00 0.0000000e+00 0.0000000e+00 0.0000000e+00 0.0000000e+00 9.9923071e-04 9.9725030e-04 9.8828118e-04 9.9571805e-04 9.5227580e-04 9.1130734e-04 4.9338646e-03 5.8837991e-02 2.2748977e-02 9.7920654e-04 9.9832068e-04 9.9822355e-04 9.9616623e-04 9.9854204e-04 1.5619817e-03 9.6376535e-04 5.3751889e-01 7.9478924e-01 9.6905255e-01 1.0645418e+00 1.0717092e+00 1.0648828e+00 2.0975714e+00 4.4170063e+00 3.1023497e+00 1.5658319e+00 1.0584805e+00 1.0583402e+00 1.0632757e+00 1.0746076e+00 1.0495130e+00 9.5462501e-01 9.3139139e-01 9.3431700e-01 9.7843530e-01 9.8370464e-01 9.4417228e-01 9.1227461e-01 8.7286573e-01 8.1387792e-01 7.1550309e-01 6.4309507e-01 5.8072771e-01 4.7701051e-01 4.1162881e-01
0.0000000e+00 0.0000000e+00 0.0000000e+00 0.0000000e+00 0.0000000e+00 9.9642118e-04 9.8376194e-04 1.4882124e-01 9.5471159e-04 9.2381733e-04 3.6789137e-01 6.2561424e-01 5.6716820e-01 3.6572586e-01 2.5903004e-01 5.5358783e-02 9.9589395e-04 9.9935782e-04 9.6205521e-04 9.8618957e-04 3.4491546e-01 7.6323654e-01 8.7348264e-01 1.0077060e+00 1.0705327e+00 1.0673439e+00 1.0497880e+00 2.9746597e+00 4.6248129e+00 2.7229151e+00 1.4379595e+00 1.0538113e+00 1.0516574e+00 1.0578502e+00 1.0630319e+00 1.0221913e+00 9.9485869e-01 9.7500760e-01 9.8788120e-01 1.0128751e+00 1.0571244e+00 1.0500452e+00 1.0406834e+00 1.0374281e+00 1.0031461e+00 9.3387865e-01 9.2024845e-01 9.1166314e-01 8.6008436e-01 8.3327039e-01
0.0000000e+00 0.0000000e+00 0.0000000e+00 0.0000000e+00 0.0000000e+00 9.6576913e-04 9.7869871e-04 2.8757242e-01 3.4305598e-01 5.7464669e-01 4.8402023e-01 5.2037228e-01 6.9770197e-01 5.1732884e-01 5.7620738e-01 6.7025334e-01 3.1781878e-01 9.7584774e-04 9.8964115e-04 8.0261206e-02 3.6710060e-01 6.2465618e-01 7.6195306e-01 9.0272140e-01 1.0259025e+00 1.0544990e+00 1.0376404e+00 2.1407329e+00 4.9752338e+00 4.4033266e+00 2.9166163e+00 1.0781177e+00 1.0413008e+00 1.0422003e+00 1.0180667e+00 9.8451332e-01 1.0100212e+00 1.0455476e+00 1.0492803e+00 1.0565890e+00 1.0579599e+00 1.0724714e+00 1.0681973e+00 1.0509632e+00 1.0315074e+00 1.0108910e+00 1.0286702e+00 1.0379690e+00 1.0227252e+00 9.7487817e-01
0.0000000e+00 0.0000000e+00 0.0000000e+00 9.8977218e-04 9.5334459e-04 9.6997207e-04 9.4283292e-04 3.9771802e-01 5.0876943e-01 7.6606248e-01 4.7332058e-01 7.1548926e-04 3.5365463e-01 5.9476336e-01 6.7769595e-01 8.1367300e-01 6.1642080e-01 8.0826132e-02 1.0564421e-01 3.6542602e-01 2.2211016e-01 1.9691785e-01 4.9833370e-01 6.0450651e-01 6.8919374e-01 7.4246586e-01 8.3846140e-01 1.0688019e+00 3.6022476e+00 5.0711325e+00 3.7461150e+00 1.0839451e+00 1.0215998e+00 1.1161240e+00 1.0795934e+00 9.8971506e-01 1.0010120e+00 1.0292980e+00 1.0359164e+00 1.0412866e+00 1.0440687e+00 1.0493446e+00 1.0513035e+00 1.0459140e+00 1.0420613e+00 1.0255036e+00 1.0313294e+00 1.0414960e+00 1.0308088e+00 1.0265109e+00
9.9882359e-04 0.0000000e+00 9.7457103e-04 9.4479654e-04 1.8581474e-02 1.2290168e-01 6.5080531e-03 8.0001720e-04 8.9084998e-04 4.3969660e-01 6.5963838e-01 6.4276293e-01 7.2165159e-01 5.8662378e-01 6.6845413e-01 3.7743395e-01 4.3681946e-01 3.2614308e-01 2.7766263e-01 2.5111673e-01 3.8775161e-01 2.5753490e-01 3.4473449e-01 3.9669011e-01 3.1914600e-01 3.0698201e-01 1.2531025e-01 1.0471104e+00 1.9787592e+00 4.1364467e+00 2.9045743e+00 8.4792116e-01 1.1240166e+00 1.2148244e+00 1.2710091e+00 9.9983738e-01 9.5857787e-01 9.6455152e-01 9.7461646e-01 9.8363340e-01 9.8445687e-01 9.8766777e-01 9.8882605e-01 9.8688019e-01 9.8125269e-01 9.7966714e-01 9.8113652e-01 9.8191585e-01 9.8348991e-01 9.8852064e-01
9.9712624e-04 9.8390457e-04 9.7177320e-04 1.5143980e-01 9.9569189e-04 1.1239947e-01 9.8044442e-04 8.6468801e-04 6.7770495e-04 8.8740585e-04 7.6296936e-01 8.0242700e-01 7.8100889e-01 5.7569984e-01 3.8483138e-01 3.6818422e-01 2.9414606e-01 2.2166462e-01 1.7391486e-01 7.8230768e-02 3.0317964e-01 3.5455784e-01 2.6262100e-01 2.5818191e-01 3.7652668e-01 3.8207332e-01 8.8201994e-04 6.4295267e-01 2.1010255e+00 3.7297558e+00 2.1072953e+00 7.0393441e-01 6.8678735e-01 6.4782885e-01 1.1462205e+00 1.2161764e+00 1.2702886e+00 1.6940873e+00 1.7436197e+00 1.4229554e+00 1.4195108e+00 1.4160298e+00 1.4209162e+00 1.4133170e+00 1.4257803e+00 1.1764524e+00 9.5667845e-01 9.3424092e-01 9.0580547e-01 9.0692650e-01
9.9887253e-04 9.9760218e-04 8.4704384e-04 8.9862670e-04 9.7461896e-02 1.6379073e-01 1.0649734e-01 2.0086811e-01 1.1230056e-01 4.1735840e-01 5.7234105e-01 5.0059812e-01 4.6391112e-01 4.3980279e-01 3.3849106e-01 1.5005304e-01 9.3823915e-04 9.4373653e-04 5.2643757e-02 1.1371247e-01 2.1892910e-01 2.0807342e-01 1.1566925e-01 7.2918653e-02 1.5087984e-01 9.8816953e-04 4.8804758e-04 3.2488187e-01 2.8748072e+00 4.4716612e+00 3.7581351e+00 2.5367503e+00 3.2924435e+00 3.4956204e+00 2.8989132e+00 2.8736263e+00 2.8782994e+00 3.8378729e+00 4.5522050e+00 4.5773866e+00 4.5840026e+00 4.5762080e+00 4.5715780e+00 4.5054532e+00 4.4488642e+00 3.8391764e+00 3.4509360e+00 2.7687914e+00 2.2122846e+00 1.8058463e+00
9.9832073e-04 9.7541125e-04 2.4314725e-01 3.5006054e-01 4.0495390e-01 4.4928837e-01 5.7581102e-01 7.6069632e-01 7.1384288e-01 5.0794794e-01 4.2072805e-01 4.3564081e-01 4.6798743e-01 3.5859872e-01 3.1825648e-01 3.2142806e-01 1.7813656e-01 1.6707098e-03 6.4813326e-02 2.4814098e-01 4.7980387e-01 2.4831339e-01 6.4006072e-02 1.8707158e-02 8.5372806e-04 8.8018831e-04 6.1224836e-01 3.3922446e+00 4.5833918e+00 4.7536505e+00 4.8322953e+00 4.5638518e+00 4.7615808e+00 4.6587168e+00 4.5685165e+00 4.6112448e+00 4.6364094e+00 4.7695506e+00 4.9610924e+00 5.0652287e+00 5.0535969e+00 4.9763284e+00 4.7607876e+00 4.6201973e+00 4.7898336e+00 4.8925723e+00 4.9116227e+00 4.8740983e+00 4.6381937e+00 4.3891173e+00
9.4162366e-04 8.2382207e-04 3.1048442e-01 8.0293298e-01 8.7649933e-01 9.6325875e-01 8.6419833e-01 6.4639624e-01 5.3309497e-01 3.4716997e-01 2.5115893e-01 3.1882288e-01 2.3039303e-01 3.2562048e-01 3.2883760e-01 3.5741414e-01 3.9611096e-01 2.2490900e-01 2.9678024e-01 3.4993893e-01 4.9422872e-01 1.1313892e-01 8.4885783e-04 2.8620205e-04 9.8580950e-04 2.9190201e+00 3.9705348e+00 4.5418014e+00 4.7326013e+00 4.7519053e+00 4.9200728e+00 4.9657356e+00 4.8286564e+00 4.6832282e+00 4.6898233e+00 4.7709050e+00 4.8696096e+00 4.8596471e+00 4.9583949e+00 5.0533162e+00 5.0520158e+00 4.9160235e+00 4.5451223e+00 4.1850302e+00 4.6966321e+00 4.9649403e+00 5.0856315e+00 5.1225044e+00 5.1028543e+00 5.0702285e+00
1.1496548e-01 6.3322281e-02 5.8491345e-01 7.1025316e-01 6.9440606e-01 9.6369586e-01 6.3058878e-01 4.8091130e-01 3.4967000e-01 3.4373424e-01 2.9487890e-01 2.8586555e-01 2.9843701e-01 3.4549645e-01 4.6014039e-01 4.6264508e-01 5.6484298e-01 5.0539285e-01 4.9896293e-01 2.0363132e-01 9.7489850e-04 9.0998810e-04 2.0939164e-02 1.9580790e+00 3.8834153e+00 4.6219997e+00 4.2147611e+00 4.2760245e+00 4.6458629e+00 4.9117690e+00 5.0866462e+00 5.1866334e+00 5.1844305e+00 5.1288121e+00 5.1365700e+00 5.1778434e+00 5.1677574e+00 5.0117725e+00 5.1195743e+00 5.2855253e+00 5.2982639e+00 5.2211653e+00 5.0906246e+00 5.0067457e+00 5.0336860e+00 5.2198272e+00 5.3606793e+00 5.3538882e+00 5.2845603e+00 5.2348150e+00
4.7600601e-01 5.4104034e-01 5.5088962e-01 5.9298555e-01 8.8290920e-01 9.0422176e-01 5.6736054e-01 3.7803251e-01 2.3856269e-01 2.9173061e-01 2.3385030e-01 2.8819238e-01 2.9931946e-01 4.3311489e-01 5.2499968e-01 5.5047494e-01 5.0652407e-01 2.3108328e-01 8.5177627e-04 8.5562556e-04 9.8148558e-04 2.3208589e+00 3.6185873e+00 4.4594754e+00 4.8004543e+00 4.5743579e+00 4.2097226e+00 4.5229803e+00 5.0164685e+00 5.1137612e+00 5.3539864e+00 5.4319061e+00 5.4267022e+00 5.4691700e+00 5.5201507e+00 5.4971386e+00 5.3507322e+00 5.3302289e+00 5.4742831e+00 5.5447566e+00 5.5813854e+00 5.5889520e+00 5.5671284e+00 5.6062347e+00 5.6241898e+00 5.5151415e+00 5.6761096e+00 5.7410931e+00 5.5914544e+00 5.4583481e+00
6.1753865e-01 1.4718788e-01 1.1809078e-01 2.3515437e-01 4.0186799e-01 4.5161522e-01 2.9236956e-01 2.2812771e-01 1.2593289e-01 5.8263117e-02 1.6135904e-01 2.1946073e-01 3.2939507e-01 4.3100606e-01 4.2597745e-01 2.0899778e-01 8.7772414e-04 5.0566025e-04 8.5085610e-04 1.9524057e+00 3.8003350e+00 5.1363706e+00 4.8566660e+00 4.7393124e+00 5.0958981e+00 4.9569290e+00 4.9027864e+00 5.2414344e+00 5.8006645e+00 5.7943923e+00 5.9474103e+00 5.7691043e+00 5.6597273e+00 5.6237054e+00 5.7484804e+00 5.9781827e+00 5.8228202e+00 5.6153145e+00 5.7321917e+00 5.9109545e+00 6.0982577e+00 6.0735899e+00 6.0931600e+00 5.9972440e+00 6.0290466e+00 6.0372454e+00 5.9456490e+00 6.0344399e+00 6.2316912e+00 6.0876058e+00
2.8042470e-01 2.3766100e-02 9.9240986e-04 9.9409620e-04 9.8014020e-04 2.4550618e-01 5.2308662e-01 4.8777627e-02 4.9885282e-02 9.9553381e-04 6.5187200e-02 8.9361148e-02 1.7887355e-01 1.0297706e-01 9.8667730e-04 9.1587526e-04 8.5569285e-04 2.3285833e+00 4.3171943e+00 4.9924701e+00 5.4701079e+00 5.4667545e+00 5.5236454e+00 5.7675319e+00 5.8730973e+00 5.9879892e+00 6.0886531e+00 6.4454815e+00 6.5200998e+00 6.2992500e+00 6.2956845e+00 6.2072740e+00 6.0606451e+00 5.9176895e+00 6.0686437e+00 6.2865267e+00 6.3957283e+00 6.4031993e+00 6.3383467e+00 6.3864729e+00 6.4040997e+00 6.4417714e+00 6.6300376e+00 6.7361767e+00 6.7140416e+00 6.6235116e+00 6.6777138e+00 6.5628970e+00 6.5779291e+00 6.5182335e+00
9.8433828e-04 2.7645961e-03 2.6289032e-03 1.4657989e-03 9.8240436e-04 4.7911719e-01 7.0521538e-01 5.9126001e-01 8.4012819e-04 1.9375323e-01 3.3269467e-01 9.8107185e-04 9.7952151e-04 6.5710669e-04 7.9933376e-04 1.5255394e+00 3.9788937e+00 5.0745506e+00 5.2717831e+00 5.4395242e+00 5.7011267e+00 5.8477384e+00 6.0969760e+00 6.3114382e+00 6.3211717e+00 6.4191370e+00 6.6799806e+00 7.0669011e+00 7.0690052e+00 6.7385154e+00 6.6174245e+00 6.6864718e+00 6.5643854e+00 6.2827713e+00 6.3727899e+00 6.5065877e+00 6.6186033e+00 6.8262124e+00 6.9112695e+00 6.8392873e+00 6.7875729e+00 6.7200111e+00 6.7474680e+00 7.1262209e+00 7.2991228e+00 7.0896055e+00 7.0360564e+00 6.9998639e+00 7.0318178e+00 7.0362725e+00
3.2451072e-03 1.8361933e-03 1.7371268e-03 1.0007227e-03 9.9535580e-04 8.8296444e-04 9.3527880e-01 1.0530945e+00 6.0366665e-01 9.6818025e-04 9.7108843e-04 9.0299694e-04 8.1892872e-04 1.0525007e+00 3.5975791e+00 4.8044895e+00 5.1069007e+00 5.3577767e+00 5.5143658e+00 5.7685296e+00 6.0347949e+00 6.1791047e+00 6.3526753e+00 6.3787152e+00 6.5969031e+00 6.9073219e+00 6.9797912e+00 6.8426995e+00 7.0503648e+00 6.8277421e+00 6.8137027e+00 6.8595568e+00 6.9594244e+00 6.9992637e+00 6.9446071e+00 6.7438260e+00 6.6325008e+00 6.7548411e+00 6.9653482e+00 7.1375651e+00 7.2092280e+00 7.0924010e+00 6.9821085e+00 7.0847219e+00 7.3494909e+00 7.4143986e+00 7.3710988e+00 7.3572557e+00 7.3885322e+00 7.3539042e+00
9.3338871e-04 9.9998978e-04 9.9929536e-04 9.9527427e-04 5.6787965e-04 9.7824524e-04 9.4689558e-04 1.6152245e-01 9.9423690e-04 9.9486047e-04 9.6042894e-04 8.4550859e-04 3.0823634e+00 4.4583969e+00 4.8359666e+00 5.1617801e+00 5.4644977e+00 5.8078494e+00 5.8574733e+00 6.0257301e+00 6.3171809e+00 6.3813584e+00 6.4304407e+00 6.5079415e+00 6.6959435e+00 7.2328938e+00 7.2717156e+00 7.0005404e+00 7.2218005e+00 6.8046647e+00 6.7948094e+00 6.8943042e+00 7.0766549e+00 7.3152541e+00 7.3747145e+00 7.0295147e+00 6.8403093e+00 6.8458811e+00 6.8846485e+00 7.2765824e+00 7.5461707e+00 7.4555976e+00 7.3348803e+00 7.3102840e+00 7.4657581e+00 7.6405034e+00 7.6537329e+00 7.6879138e+00 7.6821879e+00 7.5291438e+00
9.8830027e-04 9.9750739e-04 2.7751878e-03 9.9317022e-04 0.0000000e+00 6.6544776e-04 9.4773823e-04 9.9699514e-04 9.9865515e-04 9.4622889e-04 1.0229416e-01 1.1251586e+00 3.1492150e+00 5.0528650e+00 5.3713071e+00 5.4924010e+00 5.8600003e+00 6.0408963e+00 6.0503860e+00 6.0996410e+00 6.3089557e+00 6.3845479e+00 6.5268722e+00 6.6736458e+00 6.8146363e+00 7.0468904e+00 6.7895891e+00 6.6442180e+00 7.5455199e+00 7.3260944e+00 7.1234698e+00 7.2609499e+00 6.9416839e+00 7.2887500e+00 7.3784352e+00 7.2756184e+00 7.4388071e+00 7.7764857e+00 7.2243409e+00 7.3602241e+00 7.4704463e+00 7.5701879e+00 7.6339995e+00 7.6545198e+00 7.6707888e+00 7.6715916e+00 7.6733590e+00 7.8023175e+00 7.9449735e+00 7.8060109e+00
0.0000000e+00 9.8414445e-04 4.8828455e-03 9.2842702e-03 8.7566960e-04 9.4370051e-04 4.7166428e-01 9.2596853e-04 2.8186977e-01 3.1391594e-01 1.3976844e+00 2.9926128e+00 4.4786960e+00 4.7496169e+00 5.5400339e+00 5.8608216e+00 6.1552513e+00 6.1154519e+00 6.2042925e+00 6.3036027e+00 6.3492036e+00 6.4244329e+00 6.6957461e+00 6.8782341e+00 6.9642019e+00 6.9768356e+00 6.6835483e+00 6.3583702e+00 6.5601399e+00 7.3855854e+00 7.3912864e+00 7.3194608e+00 7.1230003e+00 7.2250912e+00 7.3560694e+00 7.4970378e+00 7.7572560e+00 8.0501014e+00 7.9478651e+00 7.8482503e+00 7.7600462e+00 7.7260612e+00 7.7468892e+00 7.9294997e+00 7.9854579e+00 7.9071272e+00 7.7477432e+00 7.8250970e+00 7.9786942e+00 7.9706928e+00
0.0000000e+00 0.0000000e+00 9.9923744e-04 5.0246265e-03 7.2133321e-02 1.7639627e+00 3.0333791e+00 2.7017087e+00 2.4271015e+00 3.2913302e+00 4.1639834e+00 4.8349889e+00 5.1343094e+00 4.9877771e+00 5.3260442e+00 5.8731159e+00 6.2638808e+00 6.3809818e+00 6.3624123e+00 6.4074002e+00 6.4877417e+00 6.7037737e+00 7.0006344e+00 7.1219938e+00 7.2035530e+00 7.0696609e+00 6.9219362e+00 6.6146010e+00 6.6772770e+00 7.3274582e+00 7.5256590e+00 7.6429657e+00 7.6125412e+00 7.3672388e+00 7.4347151e+00 7.6284725e+00 7.8126365e+00 7.9751410e+00 8.0725382e+00 7.9825989e+00 8.0607943e+00 8.1284634e+00 7.8059524e+00 7.8904973e+00 8.2082737e+00 8.0016242e+00 7.9115420e+00 7.7761301e+00 7.9029891e+00 7.9711033e+00
8.5498958e-04 9.1721595e-04 9.2332278e-04 9.4214684e-04 4.3286294e-03 1.7035701e+00 4.6048637e+00 4.6676402e+00 4.5169383e+00 4.4863598e+00 4.6893794e+00 4.9525651e+00 5.2426138e+00 5.3158256e+00 5.5744823e+00 5.9411208e+00 6.1310500e+00 6.6641258e+00 6.6781606e+00 6.7314381e+00 6.8895429e+00 7.0904425e+00 7.2995430e+00 7.1109989e+00 7.2784104e+00 7.3446735e+00 7.4068605e+00 7.2288245e+00 7.1014547e+00 7.5982763e+00 7.5933095e+00 7.4169577e+00 7.4656952e+00 7.4819191e+00 7.6981780e+00 7.5351422e+00 7.6008391e+00 7.7235406e+00 7.7574984e+00 7.3719269e+00 7.5251241e+00 7.5623399e+00 7.2556574e+00 7.4191729e+00 7.8773370e+00 7.2771527e+00 6.9121821e+00 6.6685791e+00 7.2718199e+00 7.8489807e+00
