presentation/data/depth_0024.asc
ncols     164
nrows     146
xllcorner -1.242151388888889e+02
yllcorner  4.172986111111111e+01
cellsize  2.777777777820000e-04
nodata_value       -9999
[rows 66 to 87 of 146, columns 100 to 149 of 164]
7.6217502e-01 7.5405036e-01 7.1411979e-01 6.6500177e-01 5.7422714e-01 4.7874753e-01 4.6058020e-01 4.7643817e-01 4.8662469e-01 4.5521927e-01 3.9460612e-01 3.2841227e-01 2.4255156e-01 1.3804314e-01 3.5635058e-02 1.5675918e-02 2.2785332e-02 1.9641773e-02 1.8615304e-02 1.9332560e-02 1.7031696e-02 1.8043466e-02 2.4374953e-02 2.5596436e-02 1.8070895e-02 1.4232432e-02 1.4098229e-02 1.1827927e-02 9.6440884e-03 7.7793157e-03 7.0566605e-03 6.6587617e-03 6.3031495e-03 6.2895640e-03 5.9431811e-03 5.7581132e-03 5.5998504e-03 4.8184392e-03 3.9721667e-03 3.6450841e-03 3.5085562e-03 3.5059695e-03 3.3062620e-03 3.1987997e-03 2.7553555e-03 2.0699280e-03 1.2984197e-03 9.9843761e-04 9.9957594e-04 9.9986276e-04
6.7269890e-01 6.7194811e-01 6.2961497e-01 6.3150499e-01 6.6185279e-01 6.0705390e-01 4.5670395e-01 3.9046327e-01 3.8903193e-01 3.5998408e-01 2.6442780e-01 1.3154721e-01 9.0331158e-02 1.5185361e-02 2.4944274e-02 1.9605741e-02 1.4911410e-02 9.6074844e-03 7.5342188e-03 1.1569292e-02 1.1556723e-02 8.4336904e-03 7.4902704e-03 4.0582891e-03 8.5831952e-03 9.9340483e-03 7.0855773e-03 5.7804795e-03 4.9528226e-03 6.7372158e-03 8.4396522e-03 8.5453942e-03 8.0630684e-03 5.4727406e-03 2.4196114e-03 1.1772889e-02 2.5432151e-03 8.1448934e-03 3.2250450e-03 4.4213186e-03 4.4408624e-03 4.6340440e-03 4.2088020e-03 4.0583823e-03 3.5870003e-03 2.8784926e-03 2.2942141e-03 1.8118196e-03 1.5719152e-03 1.1017112e-03
1.0940855e+00 9.9687221e-01 9.0399403e-01 8.6451147e-01 7.7647218e-01 6.6719097e-01 5.3292284e-01 3.3879750e-01 2.0901936e-01 1.7182608e-01 8.5426340e-02 7.6310491e-02 8.5478031e-03 1.8961517e-02 2.8108375e-02 3.8906439e-02 4.3339924e-02 4.1565581e-02 2.9571874e-02 1.6184691e-02 1.5716610e-02 3.0891226e-02 2.1854278e-02 1.5905184e-02 7.6514092e-03 1.7909933e-02 2.5560401e-02 2.3140189e-02 3.6069077e-02 1.0514532e-02 3.3137065e-03 9.8876645e-04 9.9073258e-04 9.8584722e-04 9.8409552e-04 2.9755714e-03 9.9877710e-04 2.6788538e-03 1.1505206e-03 4.3545877e-03 6.3137897e-03 6.3496090e-03 5.4185089e-03 4.6017089e-03 3.9670277e-03 3.5169325e-03 3.1110160e-03 2.7821525e-03 2.5262240e-03 2.2566651e-03
1.5186422e+00 1.4595547e+00 1.3585390e+00 1.2597352e+00 1.1669223e+00 9.9486495e-01 8.7905374e-01 7.0001233e-01 3.6917807e-01 8.2275458e-02 3.6492582e-02 3.0694683e-02 2.6987838e-02 3.9917453e-02 5.6928092e-02 7.5469083e-02 9.4033729e-02 1.0446899e-01 1.2592477e-01 1.6694860e-01 1.7490037e-01 2.1839588e-01 2.3702689e-01 2.4587843e-01 2.8456008e-01 2.7243518e-01 3.0122185e-01 3.2369191e-01 3.4619882e-01 3.2246741e-01 3.4670455e-01 3.2352354e-01 2.8052586e-01 2.3283979e-01 1.8760592e-01 1.7251618e-01 1.6364119e-01 1.3277982e-01 1.1125210e-01 1.4600691e-02 1.3052284e-03 1.5805357e-03 3.1367200e-03 5.4812438e-03 4.9905955e-03 4.5639854e-03 3.9624906e-03 3.8316259e-03 3.7673803e-03 3.4825018e-03
1.6744881e+00 1.6196480e+00 1.5245473e+00 1.4062396e+00 1.2891618e+00 1.1743520e+00 1.1366052e+00 1.0624410e+00 7.8047810e-01 6.2319610e-01 4.3441184e-01 2.1634305e-01 3.0564984e-02 3.3638378e-02 5.8285515e-02 8.8542270e-02 1.2667794e-01 1.8281398e-01 2.5946818e-01 3.6001510e-01 4.1834442e-01 4.8388910e-01 5.4320986e-01 5.8722527e-01 5.9586807e-01 6.0085867e-01 6.3631045e-01 6.7700620e-01 7.0296660e-01 7.1725314e-01 6.9085707e-01 6.8366617e-01 6.5451115e-01 5.7568999e-01 5.2182347e-01 5.1819713e-01 4.9127900e-01 5.0680505e-01 4.4689170e-01 3.0686667e-01 2.3755852e-01 1.6254752e-01 6.6319107e-02 1.0086307e-03 1.9373111e-03 3.7358858e-03 5.4740975e-03 5.2283846e-03 5.0093287e-03 4.5696936e-03
1.7021459e+00 1.6235603e+00 1.4879300e+00 1.3302549e+00 1.1993142e+00 1.1293192e+00 1.0317417e+00 9.2138117e-01 9.1389959e-01 1.0773881e+00 1.1327722e+00 9.1530692e-01 6.5984924e-01 6.1731515e-01 2.0657007e-01 9.8312173e-02 1.9626236e-01 2.7874058e-01 3.8160823e-01 5.2405937e-01 6.5006535e-01 7.2485647e-01 8.0942015e-01 8.3639835e-01 8.2981813e-01 8.7153106e-01 9.1867246e-01 9.5623712e-01 9.7887949e-01 9.8072391e-01 9.6076372e-01 9.6578248e-01 9.2819184e-01 8.6048510e-01 8.5728307e-01 8.8487681e-01 8.5252655e-01 8.3479032e-01 7.3873782e-01 6.4340500e-01 5.6712739e-01 4.6186298e-01 3.6689583e-01 2.2457196e-01 1.3040150e-01 3.7827939e-02 1.3830874e-03 4.9026203e-03 6.4611355e-03 5.4528078e-03
1.6395642e+00 1.6185123e+00 1.4839951e+00 1.2372787e+00 1.0714683e+00 1.0937722e+00 1.0333853e+00 7.8035152e-01 7.4609882e-01 1.1714806e+00 1.3156073e+00 1.3054086e+00 1.3409305e+00 1.1187913e+00 9.5889384e-01 4.9074732e-01 2.5067391e-01 3.6921312e-01 4.7484245e-01 5.7444908e-01 6.2145887e-01 7.2560862e-01 8.4555625e-01 9.2376608e-01 9.6698355e-01 1.0071604e+00 1.0587369e+00 1.0886393e+00 1.1245883e+00 1.1502170e+00 1.1865647e+00 1.1419783e+00 1.0443349e+00 1.1306328e+00 1.1937828e+00 1.2210404e+00 1.1939147e+00 1.1068050e+00 1.0093402e+00 9.2447226e-01 8.1545587e-01 7.2914217e-01 6.2289834e-01 5.1245295e-01 4.1296496e-01 3.0808246e-01 1.5397255e-01 2.5380601e-02 3.9308034e-03 6.5040495e-03
1.4946018e+00 1.5030396e+00 1.4982314e+00 1.2511170e+00 9.8143755e-01 8.2389485e-01 7.3479081e-01 6.9145730e-01 8.5693643e-01 1.2333508e+00 1.6365447e+00 3.7589651e+00 5.6188300e+00 3.1258369e+00 1.2478712e+00 1.1374918e+00 8.5752359e-01 6.4757187e-01 4.8228832e-01 4.1584450e-01 3.9422431e-01 3.7017383e-01 5.3362262e-01 7.0315757e-01 8.3270571e-01 7.9634131e-01 7.6721517e-01 8.0806646e-01 9.2079966e-01 1.0179752e+00 1.0952353e+00 1.1802244e+00 1.2796585e+00 1.3798569e+00 1.4187527e+00 1.4263200e+00 1.4127496e+00 1.3329011e+00 1.2430254e+00 1.1640082e+00 1.0637208e+00 9.6798184e-01 8.7771112e-01 7.6727982e-01 6.7232950e-01 5.2320177e-01 3.6831527e-01 1.9049474e-01 5.1546945e-02 4.2026655e-03
2.3338549e+00 1.6383199e+00 1.5203398e+00 1.3778762e+00 8.9568417e-01 4.3042737e-01 1.7851379e-01 5.4905356e-01 1.0688474e+00 1.8816649e+00 5.0002059e+00 7.1336336e+00 7.5246306e+00 6.1808515e+00 3.6977498e+00 1.5674410e+00 1.2698235e+00 1.2251619e+00 6.5256891e-01 1.2070883e-01 8.2240428e-02 7.6291186e-02 1.5979006e-01 2.7548847e-01 3.2954880e-01 3.0750081e-01 2.8016709e-01 3.3218134e-01 4.4946606e-01 5.7172477e-01 7.7281398e-01 1.0921123e+00 1.4379848e+00 1.5371108e+00 1.5780602e+00 1.5838381e+00 1.5383090e+00 1.5076189e+00 1.4302205e+00 1.3594955e+00 1.2746903e+00 1.2068556e+00 1.1308346e+00 1.0387615e+00 8.7888311e-01 6.3760518e-01 4.5354490e-01 2.2229355e-01 4.6398698e-02 4.6922629e-03
4.9325294e+00 3.9128631e+00 2.1508406e+00 1.5537824e+00 1.0715877e+00 1.5954816e-01 6.8150556e-02 5.0389555e-01 2.2304726e+00 5.7902971e+00 7.3356004e+00 7.6659986e+00 7.7224631e+00 7.8076107e+00 7.7140512e+00 5.1845024e+00 2.3231894e+00 1.2676486e+00 8.4853117e-01 3.6004655e-02 5.6331207e-02 2.7796968e-02 5.1843400e-02 9.6786832e-02 1.0069621e-01 1.0410403e-01 4.3199741e-02 5.9136949e-02 1.3476902e-01 2.6710844e-01 5.6921512e-01 1.0114617e+00 1.5071029e+00 1.7386887e+00 1.7455417e+00 1.7187452e+00 1.7138642e+00 1.6344167e+00 1.5814431e+00 1.5107616e+00 1.4386680e+00 1.3701877e+00 1.2931525e+00 1.1758079e+00 9.3673409e-01 6.5781432e-01 4.2893365e-01 2.0119815e-01 3.8238427e-02 2.8668738e-02
5.6096452e+00 5.5395238e+00 4.6126243e+00 2.7186167e+00 1.9214311e+00 1.1878880e-01 7.5046660e-03 2.1604218e+00 6.7460860e+00 7.5418034e+00 7.7214286e+00 7.9218038e+00 8.0556320e+00 8.1578395e+00 8.2099390e+00 7.0220782e+00 5.7825744e+00 3.0952452e+00 5.0713907e-01 9.5082015e-02 1.9064367e-01 3.5097173e-01 2.5505096e-01 2.9309243e-01 4.6298623e-01 4.5377353e-01 2.6733905e-01 1.7071504e-01 1.2344733e-01 1.7074663e-01 4.1165020e-01 8.6881377e-01 1.4721729e+00 1.8919653e+00 2.0230916e+00 1.9804823e+00 1.8867060e+00 1.7987347e+00 1.7159158e+00 1.6329205e+00 1.5488110e+00 1.4494803e+00 1.3337229e+00 1.1744622e+00 9.3630598e-01 6.8509779e-01 4.5261606e-01 2.7313309e-01 1.5747597e-01 1.3402048e-01
5.8901534e+00 5.5606168e+00 5.2753338e+00 4.6257659e+00 2.6527051e+00 7.7888601e-01 1.5142364e+00 6.1609470e+00 7.3093452e+00 7.4906967e+00 7.6974901e+00 7.8784029e+00 8.0633114e+00 8.2996290e+00 8.4896907e+00 8.2460645e+00 8.4013647e+00 6.4527968e+00 2.4024940e+00 1.6866255e-01 2.4112217e-01 3.6552198e-01 4.1075795e-01 5.9808646e-01 8.5459340e-01 8.8953960e-01 6.1795522e-01 6.2629006e-01 3.3952975e-01 2.2868683e-01 3.2906472e-01 6.4355261e-01 1.2699507e+00 1.9074480e+00 2.2274799e+00 2.2675985e+00 2.1201701e+00 1.9660229e+00 1.8651429e+00 1.7590502e+00 1.6137062e+00 1.4686381e+00 1.3413113e+00 1.1807100e+00 9.3829620e-01 7.1547935e-01 5.3936761e-01 4.4639694e-01 3.9200481e-01 4.8453763e-01
6.3617657e+00 6.1421140e+00 5.4450144e+00 4.5115050e+00 1.4122849e+00 2.3082840e+00 6.4365516e+00 6.9122837e+00 6.9643364e+00 6.9870361e+00 7.2688330e+00 7.5042566e+00 8.0039644e+00 8.2748149e+00 8.4665980e+00 8.5147749e+00 8.2180407e+00 5.8931526e+00 1.6080695e+00 2.4298420e-01 1.2924034e-01 1.5900572e-01 4.9629279e-01 5.8398151e-01 6.3655339e-01 5.7165217e-01 9.3681462e-01 7.7672513e-01 6.8634206e-01 5.9483002e-01 4.3721230e-01 5.0922039e-01 1.0949552e+00 1.8568980e+00 2.2882241e+00 2.4391168e+00 2.3363689e+00 2.1521148e+00 1.9972377e+00 1.9000666e+00 1.7293255e+00 1.5477914e+00 1.3597304e+00 1.1866338e+00 9.3345700e-01 7.8943811e-01 7.1234481e-01 6.7905524e-01 7.5784176e-01 8.4679616e-01
6.6592551e+00 6.4547906e+00 4.0566324e+00 1.4520839e+00 3.8637413e+00 6.9621842e+00 6.9988488e+00 6.8009337e+00 6.7525529e+00 6.6767730e+00 6.6695808e+00 7.1876576e+00 7.9471903e+00 8.1506753e+00 8.4555827e+00 7.8489740e+00 4.2306670e+00 7.4998732e-01 9.6484971e-02 3.3008753e-02 1.3054387e-01 4.5362638e-01 5.7689354e-01 6.1580724e-01 6.9159796e-01 6.0324346e-01 3.8041386e-01 3.0646496e-01 1.0558417e+00 9.4269920e-01 8.5439081e-01 7.2140915e-01 1.1210974e+00 1.7783148e+00 2.1999841e+00 2.3901239e+00 2.4407053e+00 2.3444240e+00 2.2204027e+00 2.0974792e+00 1.9131688e+00 1.6810197e+00 1.4558638e+00 1.2182565e+00 1.0431590e+00 9.0594397e-01 9.1029164e-01 9.5926245e-01 1.0121529e+00 1.0679244e+00
7.1934652e+00 5.6698608e+00 1.7841350e+00 1.6740760e+00 6.3075013e+00 7.1767552e+00 6.7606551e+00 6.6245271e+00 6.6293203e+00 6.7602039e+00 7.3827676e+00 7.4162853e+00 7.3402485e+00 7.6546524e+00 6.3972826e+00 3.3678918e+00 2.7283039e-02 7.7322390e-02 1.8712765e-01 3.0503987e-01 7.6178888e-01 6.0159253e-01 8.4097044e-01 7.2050850e-01 7.0350938e-01 6.2349268e-01 2.4337336e-01 4.5961104e-01 3.3211400e-01 1.0665610e+00 1.1209996e+00 1.1074799e+00 1.2620699e+00 1.6569136e+00 1.9982041e+00 2.2154258e+00 2.3282895e+00 2.3592426e+00 2.3476921e+00 2.2758287e+00 2.1207599e+00 1.8613948e+00 1.5662625e+00 1.3471314e+00 1.1783380e+00 1.0996488e+00 1.1159022e+00 1.1359078e+00 1.1815640e+00 1.2140995e+00
7.6019939e+00 7.2023426e+00 6.3448207e+00 2.8464972e+00 2.2089152e+00 4.9107745e+00 6.5165226e+00 6.4209066e+00 6.9941049e+00 7.4057715e+00 7.4762614e+00 7.3583689e+00 6.9051433e+00 5.4378795e+00 1.4928674e+00 5.1977527e-01 1.2043251e-02 8.4940958e-03 9.9859526e-01 1.3667719e+00 1.0052536e+00 4.3930133e-01 8.1304858e-01 7.7359691e-01 5.8483633e-01 3.9837356e-01 4.8755367e-01 3.3957171e-01 5.4326023e-01 9.0144879e-01 1.1547310e+00 1.1204238e+00 1.1687198e+00 1.4221070e+00 1.8287603e+00 2.0412678e+00 2.0677088e+00 2.0283145e+00 1.9789032e+00 2.0088825e+00 2.0212147e+00 1.9101370e+00 1.7093802e+00 1.4370531e+00 1.2602407e+00 1.2111817e+00 1.2223877e+00 1.2357420e+00 1.2536801e+00 1.2637510e+00
7.7308665e+00 7.6352097e+00 7.4686072e+00 7.4751349e+00 5.7167501e+00 2.0380279e+00 3.5650027e+00 6.7640315e+00 7.2496405e+00 7.1874603e+00 7.5082407e+00 7.2517790e+00 4.3265337e+00 3.2295371e-01 5.1759603e-03 4.5133377e-03 3.9276375e-02 5.8695545e-01 1.2598157e+00 1.4869670e+00 1.5051563e+00 9.9424032e-01 6.6902448e-01 5.4558970e-01 2.3731337e-01 3.2798074e-01 3.0574986e-01 3.5006895e-01 3.5232129e-01 7.8045474e-01 4.8398699e-01 8.9598772e-01 1.1063539e+00 1.1829862e+00 1.6861897e+00 1.8639887e+00 1.6708213e+00 1.3679898e+00 1.2162942e+00 1.2811160e+00 1.4144316e+00 1.5288026e+00 1.6202666e+00 1.5850671e+00 1.3680836e+00 1.1905317e+00 1.2134155e+00 1.2374288e+00 1.2566422e+00 1.2644256e+00
7.6986392e+00 7.7636955e+00 7.8694672e+00 7.5675018e+00 6.9735169e+00 7.1488115e+00 2.8305121e+00 2.5572494e+00 6.6100266e+00 7.4292435e+00 7.8926647e+00 6.5490168e+00 1.6013078e+00 2.1264404e-02 3.1749694e-02 8.8419908e-02 7.5045795e-01 1.1572384e+00 1.2212167e+00 1.2434915e+00 7.0300470e-01 7.3364441e-01 5.2530046e-01 2.1702148e-01 5.7845616e-02 2.9390967e-02 2.6080553e-01 8.3069831e-02 9.0807130e-04 1.1764996e-01 3.3471823e-01 5.0854544e-01 7.8575274e-01 1.0019560e+00 1.3390520e+00 1.5061140e+00 1.1313854e+00 7.2916427e-01 5.4556242e-01 5.2772880e-01 6.4910212e-01 8.3650285e-01 1.1262256e+00 1.3534643e+00 1.2815895e+00 9.4732024e-01 9.4543908e-01 1.1412276e+00 1.2278936e+00 1.2794221e+00
7.8195434e+00 7.8734033e+00 8.1473690e+00 7.9252412e+00 7.2016409e+00 7.2496658e+00 6.6263891e+00 3.0330072e+00 2.1087716e+00 5.4064423e+00 6.7004131e+00 8.0177734e+00 5.3474709e+00 2.1438897e+00 8.7411171e-02 5.0348799e-01 1.2442270e+00 1.2163491e+00 1.3217667e+00 1.6796673e+00 8.5219949e-04 0.0000000e+00 9.9811067e-04 1.3439890e-01 2.1369480e-02 9.7199173e-03 4.3959074e-02 9.4374695e-03 9.6355964e-04 8.9405939e-02 2.4497475e-01 1.9381951e-02 9.6589122e-04 4.0950168e-01 7.4700620e-01 1.0350855e+00 8.5712675e-01 5.7209375e-01 3.3557055e-01 1.6968973e-01 1.6893338e-01 3.5567243e-01 5.7072408e-01 7.9439393e-01 8.7407880e-01 6.7442136e-01 5.2897532e-01 6.3277870e-01 8.5497509e-01 1.1335332e+00
7.9709583e+00 7.9419183e+00 8.1424309e+00 8.2288233e+00 7.9974254e+00 7.7386130e+00 7.7405251e+00 7.2468942e+00 4.9706001e+00 1.8410022e+00 5.9117160e+00 7.4473519e+00 6.5775814e+00 3.7605169e+00 4.7180456e-01 7.1287303e-01 9.8000751e-01 9.8192974e-01 1.2199911e+00 1.1453620e+00 9.5262060e-04 0.0000000e+00 3.8603410e-01 3.6640988e-01 7.6738174e-02 8.1688147e-03 2.4738678e-02 2.5542097e-02 3.0512183e-03 1.5642061e-01 1.1995669e-01 9.7119577e-02 4.5029260e-02 1.1215615e-03 1.7852190e-01 7.8167445e-01 7.2778153e-01 7.1902264e-01 5.1543097e-01 1.2577814e-01 1.0653660e-01 2.5174704e-01 3.1938988e-01 3.2421645e-01 3.9506867e-01 4.4014860e-01 3.8098316e-01 3.6597064e-01 5.3241283e-01 7.7097910e-01
7.9810292e+00 7.8017357e+00 7.9556447e+00 8.1672439e+00 7.9010173e+00 7.8325498e+00 7.4791104e+00 5.4586046e+00 4.5085298e+00 4.6979364e+00 8.0098377e+00 8.6131430e+00 5.2311380e+00 8.8705509e-01 2.5055748e-01 3.7461441e-01 6.9107218e-01 6.3310554e-01 5.0602210e-01 6.3069573e-01 6.9698230e-01 1.7785095e-01 5.0004871e-02 1.1855635e-01 1.9170803e-01 8.0386797e-02 1.4581954e-02 9.0061592e-04 9.6754999e-04 1.7407877e-01 2.0075942e-01 1.7244830e-01 1.5242830e-01 6.8937991e-02 4.4445035e-01 7.1161061e-01 9.2397435e-01 5.6472650e-01 4.6700155e-01 2.6883759e-01 4.6025022e-01 3.9943091e-01 2.8961537e-01 1.2564811e-01 5.7105793e-02 1.2152905e-01 3.7511207e-01 5.5981464e-01 7.0181552e-01 7.9978829e-01
7.8578480e+00 7.2567006e+00 6.7825777e+00 7.3256938e+00 6.8858294e+00 5.7021412e+00 4.6363072e+00 3.7004285e+00 4.2152357e+00 5.4525503e+00 7.7529718e+00 6.9041363e+00 1.1906281e+00 1.8249860e-01 1.5392449e-01 1.3821712e-01 4.3337377e-01 3.5110599e-01 1.5172493e-01 3.1421948e-01 5.1382263e-01 7.4241141e-02 1.8731729e-01 1.2861518e-01 1.8572616e-01 2.3950860e-01 1.8233823e-01 2.2278046e-03 8.0603626e-03 4.4435577e-02 1.3736579e-01 6.5195478e-02 9.5855626e-04 1.3666434e-01 2.9347787e-01 7.4241873e-02 6.7418991e-01 7.9388773e-02 2.4081223e-01 2.8570012e-01 4.6405696e-01 6.3757131e-01 2.7067886e-01 1.3494847e-01 4.0326287e-02 9.1132598e-04 3.3518920e-03 9.6747125e-01 9.5339583e-01 1.0543806e+00
