presentation/data/depth_0045.asc
ncols     164
nrows     146
xllcorner -1.242151388888889e+02
yllcorner  4.172986111111111e+01
cellsize  2.777777777820000e-04
nodata_value       -9999
[rows 110 to 131 of 146, columns 50 to 99 of 164]
1.2473195e+01 1.1874765e+01 1.0671372e+01 8.8221582e+00 7.0816373e+00 6.2142709e+00 5.7561683e+00 5.8515308e+00 5.3832061e+00 6.6784191e+00 8.0509968e+00 8.5037822e+00 8.6624982e+00 7.1423439e+00 6.6146142e+00 6.3566921e+00 3.2869469e+00 1.9757151e-01 4.8377215e+00 5.7580621e+00 5.9984219e+00 6.4391415e+00 6.8106391e+00 7.1236166e+00 7.3426101e+00 7.4144528e+00 7.3384902e+00 7.4554037e+00 7.8672208e+00 8.1905772e+00 8.4961808e+00 8.5584013e+00 8.8098052e+00 8.8207532e+00 8.8675397e+00 8.9551035e+00 9.0854855e+00 9.1978139e+00 9.3042272e+00 9.4176342e+00 9.5524736e+00 9.6447403e+00 9.7000794e+00 9.6808496e+00 9.6895731e+00 9.6989849e+00 9.7823282e+00 9.8744598e+00 9.9515348e+00 1.0034712e+01
1.3980323e+01 1.3976654e+01 1.2717007e+01 9.8613578e+00 6.5093102e+00 5.1247028e+00 5.9525551e+00 5.8357477e+00 6.8451938e+00 7.9930260e+00 9.0353325e+00 9.9738754e+00 1.0658986e+01 6.6104059e+00 7.0725353e+00 8.0247019e+00 5.7445841e+00 6.9960875e-01 1.3971525e+00 5.1337188e+00 5.6851999e+00 6.1057474e+00 6.4613068e+00 6.7609001e+00 7.0092925e+00 7.1618512e+00 7.2068062e+00 7.1264294e+00 7.3174747e+00 7.8000900e+00 8.1475527e+00 8.4088384e+00 8.5587828e+00 8.7883969e+00 8.8267613e+00 8.9295679e+00 9.0319618e+00 9.1729101e+00 9.2822740e+00 9.3966034e+00 9.4762862e+00 9.5206809e+00 9.5266137e+00 9.5297611e+00 9.5695910e+00 9.6496933e+00 9.7820153e+00 9.9161679e+00 1.0033690e+01 1.0125794e+01
1.5078962e+01 1.5303809e+01 1.4449468e+01 1.1195569e+01 1.9054722e+00 0.0000000e+00 4.4353411e-04 5.7661947e+00 7.2858053e+00 8.8288337e+00 1.0205372e+01 1.1229059e+01 1.2104324e+01 1.2272814e+01 1.2493909e+01 1.2162615e+01 1.0721719e+01 4.7162174e+00 5.6352233e-04 2.8453138e+00 5.4388653e+00 5.8400475e+00 6.1388916e+00 6.4391858e+00 6.6935603e+00 6.8875661e+00 7.0057453e+00 7.0216551e+00 7.0291189e+00 7.4033288e+00 7.8233889e+00 8.1273058e+00 8.3610430e+00 8.5466730e+00 8.6509719e+00 8.7156787e+00 8.6686339e+00 8.8237053e+00 8.9346562e+00 9.0438655e+00 9.1578135e+00 9.2207452e+00 9.2941885e+00 9.3583398e+00 9.4495988e+00 9.5980679e+00 9.8187743e+00 9.9903090e+00 1.0141043e+01 1.0274283e+01
1.6089593e+01 1.5172585e+01 1.5210581e+01 1.2386789e+01 3.3410072e+00 0.0000000e+00 0.0000000e+00 3.7825197e-04 9.5013496e+00 1.0435154e+01 1.1717916e+01 1.2152594e+01 1.2746577e+01 1.3140134e+01 1.3572729e+01 1.3098641e+01 1.2804014e+01 1.1263998e+01 3.5874158e+00 6.5796058e-01 4.9316712e+00 5.7500737e+00 5.8839737e+00 6.1779283e+00 6.4197686e+00 6.6426974e+00 6.8108615e+00 6.9517505e+00 7.1337011e+00 7.2540809e+00 7.6483369e+00 7.9601655e+00 8.1912315e+00 8.3127402e+00 8.2393039e+00 8.0333034e+00 7.9484061e+00 8.1004155e+00 8.3667577e+00 8.5660414e+00 8.7389785e+00 8.9013968e+00 9.0959871e+00 9.2949423e+00 9.4407766e+00 9.6343542e+00 9.8422715e+00 1.0084886e+01 1.0290969e+01 1.0444909e+01
1.6595536e+01 1.6975981e+01 1.6617244e+01 1.4800757e+01 1.1355051e+01 8.3431208e+00 4.8138430e+00 6.3953014e+00 1.2770509e+01 1.2085634e+01 1.3137390e+01 1.1838091e+01 1.2911706e+01 1.3375724e+01 1.3820932e+01 1.3721571e+01 1.3087792e+01 1.2642680e+01 9.8332382e+00 1.7655002e+00 1.9638105e+00 5.6667457e+00 5.6756963e+00 5.8934834e+00 6.1563813e+00 6.4094663e+00 6.6095924e+00 6.8321447e+00 7.1612529e+00 7.4873675e+00 7.5752778e+00 7.7765256e+00 7.8997954e+00 7.7926951e+00 7.4757175e+00 7.3105306e+00 7.4010806e+00 7.8898691e+00 8.2388749e+00 8.3607015e+00 8.5618310e+00 8.7374590e+00 9.0174496e+00 9.3028146e+00 9.5302215e+00 9.7335771e+00 1.0000560e+01 1.0278871e+01 1.0546162e+01 1.0679289e+01
1.6723077e+01 1.7219790e+01 1.6957527e+01 1.3725111e+01 1.4804083e+01 1.4528061e+01 1.3487925e+01 1.4240496e+01 1.4570844e+01 1.4375421e+01 1.3871444e+01 1.3527208e+01 1.4883320e+01 1.4828146e+01 1.4187270e+01 1.4173341e+01 1.4197482e+01 1.3318986e+01 1.0961951e+01 6.5682613e+00 6.9035648e-01 3.6490775e+00 5.5583820e+00 5.6559731e+00 5.9156309e+00 6.1680230e+00 6.4045486e+00 6.6617842e+00 7.0268580e+00 7.3914202e+00 7.6425955e+00 7.5610364e+00 7.4603950e+00 7.1229180e+00 6.9308257e+00 6.9529701e+00 7.1620141e+00 7.7138619e+00 8.2218341e+00 8.3066675e+00 8.5406146e+00 8.8212667e+00 9.1236187e+00 9.4011018e+00 9.6431998e+00 9.8887066e+00 1.0190595e+01 1.0522035e+01 1.0857459e+01 1.0969259e+01
1.7071008e+01 1.7223412e+01 1.7313220e+01 1.7829390e+01 1.7139356e+01 1.6852776e+01 1.6738033e+01 1.6499271e+01 1.5937010e+01 1.5275557e+01 1.5168896e+01 1.5242365e+01 1.5249634e+01 1.5103025e+01 1.4684254e+01 1.4936445e+01 1.4760619e+01 1.4019762e+01 1.2945953e+01 9.9450444e+00 4.2218703e+00 3.3869844e-01 4.4977524e+00 5.6011618e+00 5.7357693e+00 5.9917025e+00 6.2436142e+00 6.4916447e+00 6.8178551e+00 7.1223656e+00 7.4122500e+00 7.3477722e+00 6.9977166e+00 6.7892700e+00 6.7139807e+00 6.8919007e+00 7.1170315e+00 7.4257941e+00 7.7993828e+00 8.2174574e+00 8.5929356e+00 8.9499341e+00 9.2818548e+00 9.5361627e+00 9.7653025e+00 1.0026012e+01 1.0381563e+01 1.1102723e+01 1.1143437e+01 1.1058137e+01
1.8294278e+01 1.8158411e+01 1.7831858e+01 1.7214859e+01 1.7643552e+01 1.7449472e+01 1.7045215e+01 1.6969351e+01 1.6131963e+01 1.5935233e+01 1.5782316e+01 1.5968093e+01 1.5984777e+01 1.5688447e+01 1.4828982e+01 1.4864303e+01 1.4534429e+01 1.3877318e+01 1.4034879e+01 1.3402570e+01 9.7960139e+00 6.7037456e-01 1.1556835e+00 5.1813567e+00 5.6832280e+00 5.8022625e+00 5.9456943e+00 6.1163645e+00 6.3139969e+00 6.4979168e+00 6.6937310e+00 6.7833700e+00 6.7208143e+00 6.6193224e+00 6.5916133e+00 6.7223267e+00 7.0198270e+00 7.4100184e+00 7.8105351e+00 8.3489321e+00 8.7622074e+00 9.0670434e+00 9.4254458e+00 9.7043963e+00 9.9306230e+00 1.0158334e+01 1.0150313e+01 1.0491648e+01 1.1190435e+01 1.1207684e+01
1.8584503e+01 1.9041300e+01 1.8786656e+01 1.8436179e+01 1.8053879e+01 1.7387705e+01 1.7200945e+01 1.7014397e+01 1.6920649e+01 1.6515865e+01 1.5984308e+01 1.6249017e+01 1.6161409e+01 1.6108087e+01 1.5326019e+01 1.4379299e+01 1.5126678e+01 1.4104684e+01 1.3468130e+01 1.3933262e+01 1.1961206e+01 2.7196338e+00 5.9341250e-04 2.9805426e+00 5.2239988e+00 5.6882571e+00 5.8473555e+00 5.8306862e+00 5.8834602e+00 5.9221165e+00 5.9346146e+00 6.0797154e+00 6.2709119e+00 6.4322053e+00 6.3800599e+00 6.5416743e+00 6.9072747e+00 7.3935420e+00 7.9485719e+00 8.4822259e+00 9.0400074e+00 9.3418186e+00 9.6719846e+00 9.9221091e+00 1.0191864e+01 1.0442540e+01 1.0626222e+01 1.0814365e+01 1.1213389e+01 1.1449480e+01
1.8662125e+01 1.8299735e+01 1.8754304e+01 1.8451063e+01 1.7947219e+01 1.7105784e+01 1.7406207e+01 1.7320587e+01 1.7533471e+01 1.7137418e+01 1.6150427e+01 1.6020195e+01 1.5620163e+01 1.6534678e+01 1.6488132e+01 1.5552911e+01 1.5516887e+01 1.4377191e+01 1.4817027e+01 1.4283430e+01 1.3858483e+01 7.1327493e+00 0.0000000e+00 9.6447322e-04 2.2592150e+00 5.0439358e+00 5.1384831e+00 5.4752774e+00 5.3199537e+00 5.5585755e+00 5.5583507e+00 5.4964347e+00 5.7533699e+00 5.9964945e+00 6.2909905e+00 6.4068050e+00 6.7773196e+00 7.5159075e+00 8.2522770e+00 8.8876561e+00 9.3858615e+00 9.7012782e+00 1.0026711e+01 1.0290360e+01 1.0564625e+01 1.0823852e+01 1.1126999e+01 1.1402358e+01 1.1571610e+01 1.1737125e+01
1.8846480e+01 1.8949177e+01 1.8786130e+01 1.8232815e+01 1.7961572e+01 1.7836726e+01 1.7894832e+01 1.7521498e+01 1.6570943e+01 1.7499404e+01 1.6641514e+01 1.6236116e+01 1.6221014e+01 1.6312261e+01 1.6812501e+01 1.6766730e+01 1.6276803e+01 1.5825881e+01 1.5133508e+01 1.3772055e+01 1.4407451e+01 1.2261891e+01 3.3335434e+00 8.4468448e-04 9.6270595e-04 4.3804766e-02 6.8615118e-02 5.7848974e-01 1.4736887e+00 2.2560062e+00 4.7727956e+00 4.1801394e+00 5.5780528e+00 5.5758768e+00 5.7372739e+00 6.6231122e+00 6.9570422e+00 7.5791850e+00 8.7798632e+00 9.6219545e+00 9.9899552e+00 1.0231429e+01 1.0533877e+01 1.0814314e+01 1.1086097e+01 1.1314652e+01 1.1577718e+01 1.1811954e+01 1.1994555e+01 1.2122425e+01
1.9164667e+01 1.8971377e+01 1.9086374e+01 1.8646779e+01 1.8114281e+01 1.7994841e+01 1.7776852e+01 1.7721059e+01 1.7476284e+01 1.8031368e+01 1.7121520e+01 1.6646243e+01 1.6396002e+01 1.6519599e+01 1.7006409e+01 1.6533154e+01 1.6828794e+01 1.6098871e+01 1.5308464e+01 1.4939781e+01 1.4722387e+01 1.5199797e+01 1.1819070e+01 5.0440609e+00 2.5077539e+00 5.7415027e-01 5.1614115e-01 6.2636333e-01 3.4112308e-01 5.3282055e-01 8.5539584e-01 5.2553754e-01 8.6883633e-01 1.2461265e+00 1.9646793e+00 3.3720202e+00 4.3689569e+00 5.8882791e+00 1.0289094e+01 1.0637423e+01 1.0790322e+01 1.0990111e+01 1.1252943e+01 1.1478440e+01 1.1704651e+01 1.1888030e+01 1.2082869e+01 1.2210925e+01 1.2356969e+01 1.2530807e+01
1.9583107e+01 1.9481623e+01 1.9343942e+01 1.8879925e+01 1.8406691e+01 1.8211043e+01 1.8114390e+01 1.8089929e+01 1.8113004e+01 1.7891724e+01 1.7420115e+01 1.7149619e+01 1.7053966e+01 1.7067666e+01 1.7413058e+01 1.7284329e+01 1.6000342e+01 1.6163381e+01 1.5905969e+01 1.5429197e+01 1.4560924e+01 1.5443632e+01 1.5098950e+01 1.2702238e+01 1.1226942e+01 6.6124695e+00 5.5167311e+00 7.0877006e+00 1.1654552e+01 1.1624747e+01 1.1973138e+01 1.1516447e+01 1.0219394e+01 8.9106764e+00 6.9549569e+00 5.0887370e+00 3.0522579e+00 3.9776023e+00 1.2013257e+01 1.2174040e+01 1.1903361e+01 1.1956847e+01 1.2099111e+01 1.2240316e+01 1.2358985e+01 1.2487051e+01 1.2566471e+01 1.2623882e+01 1.2603840e+01 1.2807859e+01
1.9340342e+01 1.9468344e+01 1.9452383e+01 1.9112156e+01 1.8901041e+01 1.7390419e+01 1.8219555e+01 1.8629538e+01 1.8285803e+01 1.8038001e+01 1.7799717e+01 1.7730594e+01 1.7584086e+01 1.7665330e+01 1.7582191e+01 1.7351158e+01 1.7461286e+01 1.6054883e+01 1.6386465e+01 1.6066592e+01 1.5769965e+01 1.5569570e+01 1.5422988e+01 1.5342084e+01 1.4123161e+01 9.1373014e+00 7.7155319e+00 9.3535982e+00 1.1923787e+01 1.4662407e+01 1.4512221e+01 1.4155466e+01 1.4359556e+01 1.3937099e+01 1.3621797e+01 1.4199261e+01 1.3829817e+01 1.3182453e+01 1.3620953e+01 1.3110336e+01 1.2887790e+01 1.2838757e+01 1.2863658e+01 1.2884563e+01 1.2909572e+01 1.2976496e+01 1.3035418e+01 1.3034518e+01 1.2870712e+01 1.2831181e+01
1.9985476e+01 1.9910442e+01 1.9714955e+01 1.9502485e+01 1.9182240e+01 1.5545311e+01 1.8205493e+01 1.9134376e+01 1.8757690e+01 1.8544722e+01 1.8376582e+01 1.8297008e+01 1.8056215e+01 1.8022196e+01 1.7943978e+01 1.7629883e+01 1.7467085e+01 1.6301440e+01 1.6426024e+01 1.6868619e+01 1.6822589e+01 1.6219812e+01 1.5508146e+01 1.5405682e+01 1.5114554e+01 1.2455688e+01 9.4500634e+00 9.6235696e+00 1.1899961e+01 1.4638261e+01 1.3875996e+01 1.4461909e+01 1.4199312e+01 1.4551700e+01 1.4782971e+01 1.4663802e+01 1.3629050e+01 1.4008603e+01 1.3757671e+01 1.3576206e+01 1.3463465e+01 1.3397519e+01 1.3343341e+01 1.3331290e+01 1.3321281e+01 1.3333604e+01 1.3388445e+01 1.2691682e+01 1.3100961e+01 1.3187645e+01
2.0244597e+01 2.0147658e+01 2.0084395e+01 1.9840481e+01 1.9849349e+01 1.9792683e+01 1.9759988e+01 1.9670575e+01 1.9568565e+01 1.9345645e+01 1.9053668e+01 1.8975977e+01 1.8642379e+01 1.8670716e+01 1.8420264e+01 1.8044512e+01 1.6280519e+01 1.7356567e+01 1.7309442e+01 1.6813163e+01 1.6729443e+01 1.7070535e+01 1.6338027e+01 1.5878980e+01 1.5529460e+01 1.4983149e+01 1.2210375e+01 1.1905057e+01 1.4937480e+01 1.4623154e+01 1.3954566e+01 1.4498296e+01 1.3752070e+01 1.3958988e+01 1.4759956e+01 1.4736971e+01 1.4948094e+01 1.4376792e+01 1.4049434e+01 1.3930027e+01 1.3809869e+01 1.3725439e+01 1.3680078e+01 1.3638299e+01 1.3632855e+01 1.3583480e+01 1.3519974e+01 1.2288441e+01 1.2637131e+01 1.3398987e+01
2.0526448e+01 2.0426053e+01 2.0375888e+01 2.0335037e+01 2.0224009e+01 2.0076424e+01 2.0032770e+01 1.9724403e+01 1.9955055e+01 1.9714652e+01 1.9716574e+01 1.9236682e+01 1.9105326e+01 1.8935858e+01 1.8786477e+01 1.8306809e+01 1.7635610e+01 1.7985332e+01 1.7922812e+01 1.7806500e+01 1.7291954e+01 1.7748846e+01 1.7207786e+01 1.6522699e+01 1.6187944e+01 1.5367303e+01 1.5543151e+01 1.5913397e+01 1.5522410e+01 1.4961539e+01 1.4692638e+01 1.4618761e+01 1.4420026e+01 1.4655865e+01 1.4853819e+01 1.5149869e+01 1.5052912e+01 1.4781930e+01 1.4278553e+01 1.4111163e+01 1.4004235e+01 1.3914018e+01 1.3853116e+01 1.3787367e+01 1.3761573e+01 1.3720189e+01 1.3644706e+01 1.3677180e+01 1.3725300e+01 1.3691122e+01
2.0850643e+01 2.0747519e+01 2.0671563e+01 2.0686130e+01 2.0555324e+01 2.0395764e+01 2.0211384e+01 2.0086629e+01 2.0044757e+01 1.9888532e+01 1.9724731e+01 1.9666494e+01 1.9425586e+01 1.9163240e+01 1.9088763e+01 1.8958589e+01 1.8557343e+01 1.8253548e+01 1.8292312e+01 1.8180456e+01 1.8163719e+01 1.8179248e+01 1.7955174e+01 1.7094390e+01 1.6650188e+01 1.5839076e+01 1.6566311e+01 1.6166165e+01 1.5727389e+01 1.5197758e+01 1.4990723e+01 1.4469054e+01 1.3823902e+01 1.4531256e+01 1.3349139e+01 1.4850585e+01 1.5194766e+01 1.4893576e+01 1.4493317e+01 1.4255975e+01 1.4119290e+01 1.4007869e+01 1.3931416e+01 1.3850407e+01 1.3807972e+01 1.3801845e+01 1.3719716e+01 1.3737974e+01 1.3708886e+01 1.3702469e+01
2.1144136e+01 2.1036561e+01 2.0939643e+01 2.0877705e+01 2.0915324e+01 2.0739923e+01 2.0481038e+01 2.0277055e+01 2.0164355e+01 2.0080292e+01 1.9889622e+01 1.9815121e+01 1.9656634e+01 1.9540210e+01 1.9268169e+01 1.8845188e+01 1.8620200e+01 1.8244283e+01 1.8499293e+01 1.8492877e+01 1.8456454e+01 1.8272915e+01 1.8197641e+01 1.7459778e+01 1.7340734e+01 1.7083350e+01 1.6793947e+01 1.6376077e+01 1.6255156e+01 1.5642903e+01 1.5551287e+01 1.5156222e+01 1.4452521e+01 1.4534112e+01 1.4624940e+01 1.5382209e+01 1.5394857e+01 1.4921672e+01 1.4602482e+01 1.4399614e+01 1.4244241e+01 1.4117461e+01 1.4037248e+01 1.3947687e+01 1.3899352e+01 1.3874323e+01 1.3838595e+01 1.3867520e+01 1.3870178e+01 1.3812202e+01
2.1431848e+01 2.1467585e+01 2.1274289e+01 2.0994284e+01 2.0880927e+01 2.0774199e+01 2.0669435e+01 2.0460828e+01 2.0310541e+01 2.0266868e+01 2.0100730e+01 1.9980760e+01 1.9887990e+01 1.9943032e+01 1.9590765e+01 1.9592871e+01 1.8971183e+01 1.8236698e+01 1.8677438e+01 1.8838787e+01 1.8774701e+01 1.8543014e+01 1.7973682e+01 1.7695090e+01 1.7598548e+01 1.7529734e+01 1.7005932e+01 1.6154311e+01 1.6600926e+01 1.6634400e+01 1.5607792e+01 1.5448932e+01 1.5303137e+01 1.4774318e+01 1.5364466e+01 1.5392880e+01 1.4394670e+01 1.4884531e+01 1.4804287e+01 1.4577669e+01 1.4408122e+01 1.4280495e+01 1.4194523e+01 1.4112434e+01 1.4069639e+01 1.4065923e+01 1.4071371e+01 1.3694074e+01 1.4169321e+01 1.4089159e+01
2.1641795e+01 2.1431411e+01 2.1425978e+01 2.1188819e+01 2.0976534e+01 2.0919190e+01 2.0918061e+01 2.0721848e+01 2.0595758e+01 2.0531574e+01 2.0454120e+01 2.0358581e+01 2.0294614e+01 2.0251934e+01 1.9959956e+01 1.9830538e+01 1.9264628e+01 1.6196735e+01 1.8177709e+01 1.8636479e+01 1.8411693e+01 1.8342932e+01 1.8343238e+01 1.8206953e+01 1.8031870e+01 1.8058235e+01 1.7268299e+01 1.6811107e+01 1.5388856e+01 1.6112543e+01 1.6532984e+01 1.6185321e+01 1.5712228e+01 1.4434218e+01 1.4853871e+01 1.4589503e+01 1.4132919e+01 1.4955598e+01 1.4936877e+01 1.4728552e+01 1.4543986e+01 1.4412194e+01 1.4346751e+01 1.4313758e+01 1.4350028e+01 1.4413985e+01 1.4332401e+01 1.3959278e+01 1.4270574e+01 1.4433205e+01
2.1726137e+01 2.1615077e+01 2.1464324e+01 2.1353920e+01 2.1160795e+01 2.1093643e+01 2.1087055e+01 2.1083329e+01 2.1029143e+01 2.0945589e+01 2.0868335e+01 2.0748303e+01 2.0594721e+01 2.0367306e+01 2.0267114e+01 1.9848320e+01 1.9534742e+01 1.9076166e+01 1.9387213e+01 1.8983107e+01 1.8778304e+01 1.8217880e+01 1.7876830e+01 1.8323772e+01 1.8379279e+01 1.8425308e+01 1.7755827e+01 1.7251432e+01 1.6895093e+01 1.6848409e+01 1.6629504e+01 1.6195021e+01 1.5905947e+01 1.5859933e+01 1.5705699e+01 1.5658401e+01 1.5458692e+01 1.5332451e+01 1.5086651e+01 1.4882515e+01 1.4715866e+01 1.4589116e+01 1.4530365e+01 1.4535211e+01 1.4418784e+01 1.4397802e+01 1.4459311e+01 1.2405342e+01 1.1892398e+01 1.3268564e+01
