presentation/data/depth_0032.asc
ncols     164
nrows     146
xllcorner -1.242151388888889e+02
yllcorner  4.172986111111111e+01
cellsize  2.777777777820000e-04
nodata_value       -9999
[rows 44 to 65 of 146, columns 100 to 149 of 164]
7.9300327e-01 7.7407479e-01 7.7708508e-01 1.2935830e+00 1.6183632e+00 1.2702838e+00 1.0613907e+00 1.0056112e+00 6.5639558e-01 4.9556565e-01 4.6070620e-01 4.4908102e-01 4.4200262e-01 4.3743323e-01 4.3455818e-01 4.9346195e-01 9.1711279e-01 1.5477124e+00 1.3516847e+00 7.0171096e-01 4.1071346e-01 3.7737168e-01 2.9184851e-01 1.5387333e-01 1.2235025e-02 9.9751656e-04 9.9819794e-04 9.9533078e-04 9.9876607e-04 9.9624982e-04 9.8633309e-04 9.9997394e-04 9.5575894e-04 0.0000000e+00 0.0000000e+00 0.0000000e+00 0.0000000e+00 0.0000000e+00 0.0000000e+00 0.0000000e+00 0.0000000e+00 0.0000000e+00 0.0000000e+00 0.0000000e+00 0.0000000e+00 0.0000000e+00 0.0000000e+00 0.0000000e+00 0.0000000e+00 0.0000000e+00
8.0586183e-01 7.9632071e-01 1.2404070e+00 1.7473846e+00 1.1417145e+00 8.8448069e-01 9.0675417e-01 7.9151739e-01 7.0152863e-01 6.4732696e-01 5.9980456e-01 5.7667026e-01 5.6765411e-01 5.6176544e-01 5.6476881e-01 8.0824719e-01 1.4374031e+00 1.6244728e+00 9.2481810e-01 4.5869238e-01 3.8349892e-01 3.5296301e-01 2.1395907e-01 7.3723525e-02 9.9135644e-04 9.9903934e-04 9.9792939e-04 9.9673939e-04 9.9874694e-04 0.0000000e+00 0.0000000e+00 0.0000000e+00 0.0000000e+00 0.0000000e+00 0.0000000e+00 0.0000000e+00 0.0000000e+00 0.0000000e+00 0.0000000e+00 0.0000000e+00 0.0000000e+00 0.0000000e+00 0.0000000e+00 0.0000000e+00 0.0000000e+00 0.0000000e+00 0.0000000e+00 0.0000000e+00 0.0000000e+00 0.0000000e+00
8.3041576e-01 1.1015402e+00 1.7639069e+00 1.6425068e+00 9.4387967e-01 8.5991082e-01 7.9514921e-01 7.3685321e-01 7.2915559e-01 6.9639246e-01 6.5761616e-01 6.3162134e-01 6.2849641e-01 6.3755217e-01 7.8426826e-01 1.2394603e+00 1.7966027e+00 1.3028610e+00 6.6616069e-01 4.1070950e-01 3.8144829e-01 3.2860987e-01 1.9399746e-01 3.6152514e-02 9.8174600e-04 9.9513305e-04 9.9732138e-04 9.9605186e-04 9.9938701e-04 0.0000000e+00 0.0000000e+00 0.0000000e+00 0.0000000e+00 0.0000000e+00 0.0000000e+00 0.0000000e+00 0.0000000e+00 0.0000000e+00 0.0000000e+00 0.0000000e+00 0.0000000e+00 0.0000000e+00 0.0000000e+00 0.0000000e+00 0.0000000e+00 0.0000000e+00 0.0000000e+00 0.0000000e+00 0.0000000e+00 0.0000000e+00
1.3038374e+00 1.8461938e+00 1.8919840e+00 1.3179995e+00 9.3871103e-01 8.5438589e-01 7.6770267e-01 7.4942261e-01 7.4091558e-01 7.1555296e-01 6.8274332e-01 6.5456736e-01 7.0564388e-01 1.0102291e+00 1.4430615e+00 1.7862836e+00 1.5422925e+00 9.2947821e-01 5.8101259e-01 4.4725344e-01 3.8261459e-01 3.7013081e-01 2.8366237e-01 1.1145933e-01 9.9246386e-04 9.9874418e-04 9.9734616e-04 9.9729294e-04 9.9817111e-04 0.0000000e+00 0.0000000e+00 0.0000000e+00 0.0000000e+00 0.0000000e+00 0.0000000e+00 0.0000000e+00 0.0000000e+00 0.0000000e+00 0.0000000e+00 0.0000000e+00 0.0000000e+00 0.0000000e+00 0.0000000e+00 0.0000000e+00 0.0000000e+00 0.0000000e+00 0.0000000e+00 0.0000000e+00 0.0000000e+00 0.0000000e+00
1.8121086e+00 1.9408703e+00 1.4880733e+00 1.0713727e+00 9.8110334e-01 8.2240231e-01 7.7481534e-01 7.5654924e-01 7.4177167e-01 7.2501238e-01 6.9163731e-01 7.5230647e-01 1.0559434e+00 1.6123427e+00 1.8226872e+00 1.3242355e+00 9.4144878e-01 6.7843911e-01 5.7999992e-01 5.0278825e-01 3.9377175e-01 3.5978323e-01 3.1307044e-01 1.9911462e-01 9.7636742e-04 9.9880888e-04 9.9394833e-04 9.9676767e-04 9.9856510e-04 0.0000000e+00 0.0000000e+00 0.0000000e+00 0.0000000e+00 0.0000000e+00 0.0000000e+00 0.0000000e+00 0.0000000e+00 0.0000000e+00 0.0000000e+00 0.0000000e+00 0.0000000e+00 0.0000000e+00 0.0000000e+00 0.0000000e+00 0.0000000e+00 0.0000000e+00 0.0000000e+00 0.0000000e+00 0.0000000e+00 0.0000000e+00
1.7515632e+00 1.3774221e+00 1.0544106e+00 1.0693505e+00 1.0074708e+00 8.3968100e-01 7.8857549e-01 7.6210226e-01 7.4970199e-01 7.2962321e-01 7.6565092e-01 1.0612071e+00 1.6524702e+00 1.8488295e+00 1.2760201e+00 8.0359159e-01 6.3916731e-01 6.1706648e-01 5.9480569e-01 5.5683881e-01 4.4450586e-01 2.8580656e-01 1.5034768e-01 6.6553742e-02 1.0000417e-03 9.9639136e-04 9.9738926e-04 9.9636164e-04 0.0000000e+00 0.0000000e+00 0.0000000e+00 0.0000000e+00 0.0000000e+00 0.0000000e+00 0.0000000e+00 0.0000000e+00 0.0000000e+00 0.0000000e+00 0.0000000e+00 0.0000000e+00 0.0000000e+00 0.0000000e+00 0.0000000e+00 0.0000000e+00 0.0000000e+00 0.0000000e+00 0.0000000e+00 0.0000000e+00 0.0000000e+00 0.0000000e+00
1.0244451e+00 8.8040630e-01 9.5632505e-01 1.0622905e+00 1.0706579e+00 9.4000675e-01 8.0679848e-01 7.7310987e-01 7.6268152e-01 7.7684101e-01 1.0427071e+00 1.6149564e+00 1.8985567e+00 1.3280943e+00 8.2820832e-01 6.6026181e-01 6.3883399e-01 6.2452225e-01 6.0191415e-01 5.7619412e-01 5.0708803e-01 3.3334112e-01 1.4401328e-01 9.9648658e-04 1.9136372e-03 1.1537001e-03 1.0003572e-03 9.9659151e-04 3.7982526e-05 0.0000000e+00 0.0000000e+00 0.0000000e+00 0.0000000e+00 0.0000000e+00 0.0000000e+00 0.0000000e+00 0.0000000e+00 0.0000000e+00 0.0000000e+00 0.0000000e+00 0.0000000e+00 0.0000000e+00 0.0000000e+00 0.0000000e+00 0.0000000e+00 0.0000000e+00 0.0000000e+00 0.0000000e+00 0.0000000e+00 0.0000000e+00
9.0018878e-01 9.0510391e-01 9.1975098e-01 9.6139265e-01 9.8437066e-01 9.6392430e-01 8.3334369e-01 7.8915738e-01 7.9083017e-01 1.0020571e+00 1.5347986e+00 1.9773819e+00 1.4223516e+00 9.0770219e-01 6.9960620e-01 6.7032566e-01 6.5222560e-01 6.3406853e-01 6.0983447e-01 5.8631362e-01 5.2336794e-01 3.1183073e-01 1.0536773e-01 1.2115171e-03 3.9692595e-03 2.6209193e-03 1.6638556e-03 1.0000510e-03 9.9944946e-04 2.1156874e-04 0.0000000e+00 0.0000000e+00 0.0000000e+00 0.0000000e+00 0.0000000e+00 0.0000000e+00 0.0000000e+00 0.0000000e+00 0.0000000e+00 0.0000000e+00 0.0000000e+00 0.0000000e+00 0.0000000e+00 0.0000000e+00 0.0000000e+00 0.0000000e+00 0.0000000e+00 0.0000000e+00 0.0000000e+00 0.0000000e+00
9.1673800e-01 9.2209927e-01 9.1520314e-01 9.0899885e-01 8.8785605e-01 8.6416046e-01 8.2663259e-01 8.1281342e-01 9.5400398e-01 1.4713849e+00 2.0015569e+00 1.5678675e+00 9.8059052e-01 7.2809693e-01 6.9335330e-01 6.7645599e-01 6.5842563e-01 6.3194159e-01 5.8336081e-01 5.1477634e-01 3.9390196e-01 1.5643253e-01 1.7999698e-03 5.6187289e-03 4.9447263e-03 3.8664741e-03 2.9821723e-03 2.0077565e-03 1.2385032e-03 1.0002941e-03 4.2057355e-04 0.0000000e+00 0.0000000e+00 0.0000000e+00 0.0000000e+00 0.0000000e+00 0.0000000e+00 0.0000000e+00 0.0000000e+00 0.0000000e+00 0.0000000e+00 0.0000000e+00 0.0000000e+00 0.0000000e+00 0.0000000e+00 0.0000000e+00 0.0000000e+00 0.0000000e+00 0.0000000e+00 0.0000000e+00
9.3498273e-01 9.3098683e-01 9.2184461e-01 9.0814436e-01 8.8275447e-01 8.5867593e-01 8.5947232e-01 1.0064468e+00 1.4138437e+00 2.0000921e+00 1.7208358e+00 1.0844830e+00 7.7511902e-01 6.9150818e-01 6.4765435e-01 6.0292974e-01 5.4590954e-01 4.9325467e-01 4.0682823e-01 3.0455400e-01 1.4028415e-01 3.5536253e-03 6.1433929e-03 5.8760221e-03 4.9907542e-03 4.0274511e-03 3.3731128e-03 2.7941729e-03 2.0977335e-03 1.3425195e-03 9.9953404e-04 2.0593577e-05 3.6915611e-04 0.0000000e+00 0.0000000e+00 0.0000000e+00 0.0000000e+00 0.0000000e+00 0.0000000e+00 0.0000000e+00 0.0000000e+00 0.0000000e+00 0.0000000e+00 0.0000000e+00 0.0000000e+00 0.0000000e+00 0.0000000e+00 0.0000000e+00 0.0000000e+00 0.0000000e+00
9.4383290e-01 9.3543074e-01 9.2379714e-01 9.0787313e-01 8.9239050e-01 8.9228665e-01 1.0846437e+00 1.5900617e+00 2.0188041e+00 1.8560162e+00 1.2277050e+00 8.4529668e-01 6.8399392e-01 5.8093727e-01 4.8981743e-01 4.0705249e-01 3.2524599e-01 2.4008972e-01 1.7006177e-01 2.7644457e-02 3.5286696e-03 6.2912269e-03 6.0313030e-03 5.6359292e-03 4.8705991e-03 3.9769951e-03 3.2745034e-03 2.8207964e-03 2.3734562e-03 1.6561148e-03 9.9754023e-04 9.9927392e-04 9.9720736e-04 6.3052046e-04 2.5297531e-04 0.0000000e+00 0.0000000e+00 0.0000000e+00 0.0000000e+00 0.0000000e+00 0.0000000e+00 0.0000000e+00 0.0000000e+00 0.0000000e+00 0.0000000e+00 0.0000000e+00 0.0000000e+00 0.0000000e+00 0.0000000e+00 0.0000000e+00
9.5056275e-01 9.4136215e-01 9.2982384e-01 9.1689618e-01 9.3246758e-01 1.1573859e+00 1.6852248e+00 2.1698352e+00 2.0587932e+00 1.4594515e+00 9.4549114e-01 7.4328142e-01 6.2838574e-01 5.2877737e-01 4.2057050e-01 3.4626709e-01 2.6349880e-01 1.9419068e-01 9.1144217e-02 4.4042043e-03 5.4313955e-03 5.1954873e-03 5.2849440e-03 5.3369169e-03 4.8980926e-03 4.1806800e-03 3.3759302e-03 2.7294998e-03 2.1324545e-03 1.3809869e-03 9.9910407e-04 9.9734034e-04 9.9896841e-04 9.9772629e-04 9.9769818e-04 0.0000000e+00 0.0000000e+00 0.0000000e+00 0.0000000e+00 0.0000000e+00 0.0000000e+00 0.0000000e+00 0.0000000e+00 0.0000000e+00 0.0000000e+00 0.0000000e+00 0.0000000e+00 0.0000000e+00 0.0000000e+00 0.0000000e+00
9.6196540e-01 9.5148132e-01 9.4249865e-01 9.7043378e-01 1.2215303e+00 1.7367217e+00 2.1870020e+00 2.0769645e+00 1.5171713e+00 1.0507793e+00 8.4534902e-01 7.7096865e-01 6.9110245e-01 6.0967462e-01 5.1970071e-01 4.1520667e-01 3.1304629e-01 2.2153978e-01 1.2665545e-01 2.6162509e-02 4.2551403e-03 5.3880067e-03 4.6497439e-03 5.2222603e-03 4.9794767e-03 4.3298339e-03 3.7426028e-03 3.0289362e-03 2.1860425e-03 1.3182592e-03 9.9942065e-04 9.9848142e-04 9.9865896e-04 9.9924376e-04 9.9893915e-04 0.0000000e+00 0.0000000e+00 0.0000000e+00 0.0000000e+00 0.0000000e+00 0.0000000e+00 0.0000000e+00 0.0000000e+00 0.0000000e+00 0.0000000e+00 0.0000000e+00 0.0000000e+00 0.0000000e+00 0.0000000e+00 0.0000000e+00
1.3034310e+00 1.2897264e+00 1.3196210e+00 1.5080630e+00 1.9110511e+00 2.2323101e+00 2.0581255e+00 1.5825588e+00 1.1884220e+00 9.8689277e-01 9.0465177e-01 8.4963029e-01 7.9809577e-01 6.8878792e-01 5.9045994e-01 4.8827534e-01 3.8884775e-01 2.8894554e-01 1.8399696e-01 5.9329866e-02 1.9269505e-03 5.2275399e-03 5.9319160e-03 4.7387055e-03 4.6778646e-03 4.4044597e-03 4.1519516e-03 3.6009086e-03 2.6819193e-03 1.6177566e-03 1.0001406e-03 9.9929957e-04 9.9895086e-04 9.9874017e-04 9.9881575e-04 0.0000000e+00 0.0000000e+00 0.0000000e+00 0.0000000e+00 0.0000000e+00 0.0000000e+00 0.0000000e+00 0.0000000e+00 0.0000000e+00 0.0000000e+00 0.0000000e+00 0.0000000e+00 0.0000000e+00 0.0000000e+00 0.0000000e+00
2.1945134e+00 2.1944816e+00 2.1990322e+00 2.2547314e+00 2.2722679e+00 1.9959740e+00 1.5681523e+00 1.2870292e+00 1.1556574e+00 1.0324205e+00 9.4236564e-01 8.6478792e-01 8.3184775e-01 7.3481483e-01 6.3527918e-01 5.3215572e-01 4.2407665e-01 3.2296428e-01 2.4373497e-01 1.4946191e-01 1.8125538e-02 1.3721894e-03 3.0208293e-03 3.8308152e-03 3.8120484e-03 3.8559561e-03 3.8624644e-03 3.6194963e-03 3.1429396e-03 2.2301719e-03 1.2843502e-03 9.9930407e-04 9.9874644e-04 9.9798748e-04 9.9832948e-04 9.9954235e-04 0.0000000e+00 0.0000000e+00 0.0000000e+00 0.0000000e+00 0.0000000e+00 0.0000000e+00 0.0000000e+00 0.0000000e+00 0.0000000e+00 0.0000000e+00 0.0000000e+00 0.0000000e+00 0.0000000e+00 0.0000000e+00
1.9385437e+00 1.9633110e+00 1.9569533e+00 1.9144489e+00 1.7624576e+00 1.5141432e+00 1.2936357e+00 1.2157134e+00 1.0996368e+00 1.0096794e+00 9.4079529e-01 8.6719314e-01 8.4364925e-01 7.5920440e-01 6.6266992e-01 5.6264334e-01 4.6471473e-01 3.7239938e-01 2.7361396e-01 1.6509086e-01 3.6154568e-02 3.4048652e-03 3.9494159e-03 3.1843222e-03 2.7026476e-03 2.5978776e-03 2.3515623e-03 2.4288222e-03 2.6116939e-03 2.6021370e-03 2.0158378e-03 9.9892858e-04 9.9869560e-04 9.9885540e-04 9.9921032e-04 9.9945887e-04 9.9960406e-04 9.9923996e-04 0.0000000e+00 0.0000000e+00 0.0000000e+00 0.0000000e+00 0.0000000e+00 0.0000000e+00 0.0000000e+00 0.0000000e+00 0.0000000e+00 0.0000000e+00 0.0000000e+00 0.0000000e+00
1.3023998e+00 1.3641720e+00 1.3980765e+00 1.3948153e+00 1.3595584e+00 1.2997435e+00 1.2096618e+00 1.1561252e+00 1.0535402e+00 1.0123193e+00 9.3556989e-01 8.8843403e-01 8.5114892e-01 8.0089364e-01 7.0108173e-01 5.9608611e-01 4.9740345e-01 3.8675230e-01 2.7374998e-01 1.6748944e-01 4.6828964e-02 4.1401000e-03 5.5813981e-03 4.0333922e-03 3.3231260e-03 2.1871838e-03 1.2065291e-03 1.1360005e-03 1.1734058e-03 1.5071909e-03 2.1978293e-03 2.6263136e-03 1.1387233e-03 9.9989956e-04 9.9961584e-04 9.9862913e-04 9.9996865e-04 9.9986279e-04 9.9992806e-04 2.2313424e-04 0.0000000e+00 0.0000000e+00 0.0000000e+00 0.0000000e+00 0.0000000e+00 0.0000000e+00 0.0000000e+00 0.0000000e+00 0.0000000e+00 0.0000000e+00
1.1826589e+00 1.2191323e+00 1.2014142e+00 1.2151094e+00 1.2021382e+00 1.1801923e+00 1.1419246e+00 1.0618692e+00 1.0102439e+00 9.9202415e-01 9.2424877e-01 8.9346909e-01 8.4689786e-01 7.9762783e-01 6.9663660e-01 5.9925370e-01 4.7975421e-01 3.7749259e-01 2.7366583e-01 1.6718610e-01 3.3927767e-02 9.8945795e-04 1.7127172e-03 1.4462268e-03 1.1322802e-03 1.8321909e-03 2.6511870e-03 2.7288937e-03 2.8413230e-03 2.8594439e-03 2.5116655e-03 1.5202143e-03 2.0886275e-03 1.1979841e-03 9.9941156e-04 9.9952388e-04 9.9992678e-04 9.9948228e-04 9.9875047e-04 9.9903756e-04 9.9874011e-04 0.0000000e+00 0.0000000e+00 0.0000000e+00 0.0000000e+00 0.0000000e+00 0.0000000e+00 0.0000000e+00 0.0000000e+00 0.0000000e+00
1.0452932e+00 1.0305250e+00 1.0329982e+00 1.0468264e+00 1.0251434e+00 1.0088260e+00 9.8566396e-01 9.7042665e-01 9.7333138e-01 9.4143391e-01 9.0096278e-01 8.4599829e-01 8.2900750e-01 7.7752519e-01 6.7543071e-01 5.5589518e-01 4.5281949e-01 3.6145683e-01 2.5437661e-01 1.3601709e-01 8.3709978e-03 9.9962985e-04 1.7706267e-03 2.6871411e-03 3.3133517e-03 3.5808055e-03 3.6365371e-03 3.6925803e-03 3.5843244e-03 3.3627673e-03 3.1230986e-03 3.0632933e-03 2.9431371e-03 2.1647985e-03 1.2168973e-03 9.9918770e-04 9.9996939e-04 9.9957635e-04 9.9987114e-04 9.9893518e-04 9.9964180e-04 9.9882149e-04 0.0000000e+00 0.0000000e+00 0.0000000e+00 0.0000000e+00 0.0000000e+00 0.0000000e+00 0.0000000e+00 0.0000000e+00
9.5011186e-01 9.0586802e-01 8.4488354e-01 7.9587507e-01 7.9208568e-01 8.1063579e-01 8.3401981e-01 8.7579066e-01 8.9037973e-01 8.7990995e-01 8.7488775e-01 8.1892740e-01 8.1062367e-01 7.3289896e-01 6.2657712e-01 5.2791033e-01 4.2234842e-01 3.2496999e-01 2.3618823e-01 1.3438231e-01 4.9799707e-03 4.0615120e-03 1.3423204e-03 3.3042556e-03 4.4507091e-03 4.4584884e-03 4.5585073e-03 4.5710886e-03 4.3571120e-03 4.1702300e-03 4.0086695e-03 3.8021446e-03 3.3441215e-03 2.7317186e-03 1.9654909e-03 1.0972384e-03 9.9881797e-04 9.9895823e-04 9.9933228e-04 9.9927531e-04 9.9930095e-04 9.9939033e-04 9.9908701e-04 9.9979627e-04 0.0000000e+00 0.0000000e+00 0.0000000e+00 0.0000000e+00 0.0000000e+00 0.0000000e+00
8.1018840e-01 7.3505777e-01 7.0564484e-01 7.0249688e-01 7.0537702e-01 7.1265289e-01 7.2560250e-01 7.5556510e-01 7.7885570e-01 7.9326277e-01 7.9336544e-01 7.9324114e-01 7.9654772e-01 7.1900535e-01 6.1098725e-01 5.1807805e-01 4.2743585e-01 3.4175684e-01 2.5188980e-01 1.5937840e-01 7.5823094e-02 5.8068830e-02 3.4698598e-02 1.2866571e-02 9.9655448e-04 2.6912633e-03 5.5316849e-03 5.7517899e-03 5.3871608e-03 4.8857463e-03 4.2884585e-03 3.6499402e-03 3.1074081e-03 2.7159773e-03 2.4458173e-03 2.0503021e-03 1.2070508e-03 9.9981862e-04 9.9941824e-04 9.9878351e-04 9.9966341e-04 9.9869913e-04 9.9874252e-04 9.9886671e-04 9.9934818e-04 9.9930312e-04 9.9984279e-04 0.0000000e+00 0.0000000e+00 0.0000000e+00
6.8946285e-01 6.9153128e-01 6.9756347e-01 7.0477912e-01 7.1014202e-01 7.1812218e-01 7.2768576e-01 7.3649350e-01 7.4822360e-01 7.5713719e-01 7.5852588e-01 7.4264990e-01 6.8693205e-01 5.9564067e-01 4.9349183e-01 3.9310460e-01 3.1533129e-01 2.3786075e-01 1.7441461e-01 1.2010616e-01 1.0744420e-01 9.2902609e-02 7.1593759e-02 5.9002275e-02 3.4419303e-02 2.0133603e-02 1.1325993e-02 8.3652273e-03 6.5172004e-03 4.6327365e-03 3.2707083e-03 2.4774059e-03 2.1238768e-03 2.1148366e-03 2.2727725e-03 2.3887868e-03 2.1640401e-03 1.5412230e-03 9.9922004e-04 9.9989966e-04 9.9964072e-04 9.9902962e-04 9.9848992e-04 9.9860767e-04 9.9881250e-04 9.9872891e-04 9.9957152e-04 9.9959450e-04 0.0000000e+00 0.0000000e+00
