presentation/data/depth_0024.asc
ncols     164
nrows     146
xllcorner -1.242151388888889e+02
yllcorner  4.172986111111111e+01
cellsize  2.777777777820000e-04
nodata_value       -9999
[rows 66 to 87 of 146, columns 0 to 49 of 164]
1.8427661e+00 1.4997202e+00 5.8891866e-01 1.0803670e-01 8.8825077e-04 0.0000000e+00 0.0000000e+00 0.0000000e+00 0.0000000e+00 0.0000000e+00 0.0000000e+00 0.0000000e+00 0.0000000e+00 0.0000000e+00 0.0000000e+00 0.0000000e+00 0.0000000e+00 0.0000000e+00 0.0000000e+00 0.0000000e+00 0.0000000e+00 0.0000000e+00 0.0000000e+00 0.0000000e+00 0.0000000e+00 0.0000000e+00 0.0000000e+00 0.0000000e+00 0.0000000e+00 0.0000000e+00 0.0000000e+00 0.0000000e+00 0.0000000e+00 0.0000000e+00 0.0000000e+00 0.0000000e+00 0.0000000e+00 0.0000000e+00 0.0000000e+00 0.0000000e+00 0.0000000e+00 0.0000000e+00 0.0000000e+00 0.0000000e+00 0.0000000e+00 0.0000000e+00 0.0000000e+00 0.0000000e+00 0.0000000e+00 0.0000000e+00
1.2656674e+00 1.2362822e+00 1.8191616e+00 1.9168879e+00 1.4911678e+00 9.4937430e-04 7.8601789e-04 0.0000000e+00 0.0000000e+00 0.0000000e+00 0.0000000e+00 0.0000000e+00 0.0000000e+00 0.0000000e+00 0.0000000e+00 0.0000000e+00 0.0000000e+00 0.0000000e+00 0.0000000e+00 0.0000000e+00 0.0000000e+00 0.0000000e+00 0.0000000e+00 0.0000000e+00 0.0000000e+00 0.0000000e+00 0.0000000e+00 0.0000000e+00 0.0000000e+00 0.0000000e+00 0.0000000e+00 0.0000000e+00 0.0000000e+00 0.0000000e+00 0.0000000e+00 0.0000000e+00 0.0000000e+00 0.0000000e+00 0.0000000e+00 0.0000000e+00 0.0000000e+00 0.0000000e+00 0.0000000e+00 0.0000000e+00 0.0000000e+00 0.0000000e+00 0.0000000e+00 0.0000000e+00 0.0000000e+00 0.0000000e+00
1.1866020e+00 1.6683769e+00 3.1051445e+00 3.8083755e+00 4.0386942e+00 3.7038526e+00 2.8498600e+00 9.1292081e-01 8.4144253e-04 0.0000000e+00 0.0000000e+00 0.0000000e+00 0.0000000e+00 0.0000000e+00 0.0000000e+00 0.0000000e+00 0.0000000e+00 0.0000000e+00 0.0000000e+00 0.0000000e+00 0.0000000e+00 0.0000000e+00 0.0000000e+00 0.0000000e+00 0.0000000e+00 0.0000000e+00 0.0000000e+00 0.0000000e+00 0.0000000e+00 0.0000000e+00 0.0000000e+00 0.0000000e+00 0.0000000e+00 0.0000000e+00 0.0000000e+00 0.0000000e+00 0.0000000e+00 0.0000000e+00 0.0000000e+00 0.0000000e+00 0.0000000e+00 0.0000000e+00 0.0000000e+00 0.0000000e+00 0.0000000e+00 0.0000000e+00 0.0000000e+00 0.0000000e+00 0.0000000e+00 0.0000000e+00
1.2078343e+00 3.3490285e+00 5.3868056e+00 5.6317873e+00 5.6556504e+00 5.6847278e+00 5.1368898e+00 4.1397092e+00 3.2439764e+00 2.8805118e+00 3.9909855e-01 7.5009878e-04 0.0000000e+00 0.0000000e+00 0.0000000e+00 0.0000000e+00 0.0000000e+00 0.0000000e+00 0.0000000e+00 0.0000000e+00 0.0000000e+00 0.0000000e+00 0.0000000e+00 0.0000000e+00 0.0000000e+00 0.0000000e+00 0.0000000e+00 0.0000000e+00 0.0000000e+00 0.0000000e+00 0.0000000e+00 0.0000000e+00 0.0000000e+00 0.0000000e+00 0.0000000e+00 0.0000000e+00 0.0000000e+00 0.0000000e+00 0.0000000e+00 0.0000000e+00 0.0000000e+00 0.0000000e+00 0.0000000e+00 0.0000000e+00 0.0000000e+00 0.0000000e+00 0.0000000e+00 0.0000000e+00 0.0000000e+00 0.0000000e+00
2.7914824e+00 5.5576932e+00 5.7399380e+00 5.8570515e+00 5.8913003e+00 5.7943282e+00 5.3271876e+00 4.8974350e+00 5.5648086e+00 4.9826575e+00 3.1661201e+00 1.7818488e-01 0.0000000e+00 0.0000000e+00 0.0000000e+00 0.0000000e+00 0.0000000e+00 0.0000000e+00 0.0000000e+00 0.0000000e+00 0.0000000e+00 0.0000000e+00 0.0000000e+00 0.0000000e+00 0.0000000e+00 0.0000000e+00 0.0000000e+00 0.0000000e+00 0.0000000e+00 0.0000000e+00 0.0000000e+00 0.0000000e+00 0.0000000e+00 0.0000000e+00 0.0000000e+00 0.0000000e+00 0.0000000e+00 0.0000000e+00 0.0000000e+00 0.0000000e+00 0.0000000e+00 0.0000000e+00 0.0000000e+00 0.0000000e+00 0.0000000e+00 0.0000000e+00 0.0000000e+00 0.0000000e+00 0.0000000e+00 0.0000000e+00
5.4181911e+00 3.6645439e+00 4.7409893e+00 5.7155296e+00 5.8839535e+00 4.5394075e+00 4.9295914e+00 5.0330741e+00 5.8104354e+00 5.1215982e+00 2.7464482e+00 5.8395253e-04 0.0000000e+00 0.0000000e+00 0.0000000e+00 0.0000000e+00 0.0000000e+00 0.0000000e+00 0.0000000e+00 0.0000000e+00 0.0000000e+00 0.0000000e+00 0.0000000e+00 0.0000000e+00 0.0000000e+00 0.0000000e+00 0.0000000e+00 0.0000000e+00 0.0000000e+00 0.0000000e+00 0.0000000e+00 0.0000000e+00 0.0000000e+00 0.0000000e+00 0.0000000e+00 0.0000000e+00 0.0000000e+00 0.0000000e+00 0.0000000e+00 0.0000000e+00 0.0000000e+00 0.0000000e+00 0.0000000e+00 0.0000000e+00 0.0000000e+00 0.0000000e+00 0.0000000e+00 0.0000000e+00 0.0000000e+00 0.0000000e+00
5.4781840e+00 4.2606073e+00 5.0388269e+00 4.8462007e+00 5.8824419e+00 5.9770190e+00 5.8724144e+00 5.8389697e+00 5.8244843e+00 4.8751312e+00 2.0657099e+00 8.7839071e-04 0.0000000e+00 0.0000000e+00 0.0000000e+00 0.0000000e+00 0.0000000e+00 0.0000000e+00 0.0000000e+00 0.0000000e+00 0.0000000e+00 0.0000000e+00 0.0000000e+00 0.0000000e+00 0.0000000e+00 0.0000000e+00 0.0000000e+00 0.0000000e+00 0.0000000e+00 0.0000000e+00 0.0000000e+00 0.0000000e+00 0.0000000e+00 0.0000000e+00 0.0000000e+00 0.0000000e+00 0.0000000e+00 0.0000000e+00 0.0000000e+00 0.0000000e+00 0.0000000e+00 0.0000000e+00 0.0000000e+00 0.0000000e+00 0.0000000e+00 9.9969551e-04 0.0000000e+00 0.0000000e+00 9.9632269e-04 9.9975429e-04
5.7126233e+00 5.5177896e+00 5.6810390e+00 5.5955497e+00 5.8872951e+00 5.9457045e+00 5.9543267e+00 5.9645613e+00 5.7130066e+00 4.1395940e+00 3.2792547e+00 2.7161158e+00 2.5652874e+00 2.9335342e+00 3.2113612e+00 3.2122140e+00 2.7614670e+00 2.3251270e+00 1.1107772e+00 9.2949442e-04 9.5040976e-04 9.8524701e-04 0.0000000e+00 0.0000000e+00 0.0000000e+00 0.0000000e+00 0.0000000e+00 0.0000000e+00 0.0000000e+00 0.0000000e+00 0.0000000e+00 0.0000000e+00 0.0000000e+00 0.0000000e+00 0.0000000e+00 0.0000000e+00 0.0000000e+00 0.0000000e+00 0.0000000e+00 0.0000000e+00 0.0000000e+00 0.0000000e+00 0.0000000e+00 0.0000000e+00 9.9979242e-04 9.9688757e-04 9.9848744e-04 9.8613259e-04 9.9756050e-04 9.9947222e-04
6.4926005e+00 5.7918330e+00 5.6631362e+00 5.7158332e+00 5.8669569e+00 6.0509927e+00 6.1436864e+00 6.1722285e+00 6.0426328e+00 5.7062480e+00 5.4127019e+00 5.2498369e+00 5.1838711e+00 5.2866256e+00 5.5070512e+00 5.3846755e+00 5.4182266e+00 5.4173040e+00 5.1464627e+00 4.7420199e+00 4.3518849e+00 3.1902606e+00 2.2970211e+00 1.0173377e+00 6.1019719e-03 9.2445289e-04 0.0000000e+00 0.0000000e+00 0.0000000e+00 0.0000000e+00 0.0000000e+00 0.0000000e+00 0.0000000e+00 0.0000000e+00 0.0000000e+00 0.0000000e+00 0.0000000e+00 0.0000000e+00 0.0000000e+00 0.0000000e+00 0.0000000e+00 0.0000000e+00 0.0000000e+00 9.9482613e-04 9.9870596e-04 9.9754497e-04 1.3798507e-02 4.4257239e-03 9.9319418e-04 9.9898683e-04
7.4825638e+00 6.2384515e+00 5.4949192e+00 5.6665855e+00 5.9627616e+00 6.3024625e+00 6.5091630e+00 6.5542190e+00 6.4908555e+00 6.3481225e+00 6.1520505e+00 6.0292445e+00 5.9363322e+00 5.8922567e+00 5.5326836e+00 4.6887178e+00 5.5278023e+00 5.7520323e+00 5.7012486e+00 5.5562869e+00 5.5792049e+00 5.1669296e+00 4.9998437e+00 4.2492954e+00 4.8551152e+00 2.7530643e+00 3.7216787e-01 0.0000000e+00 0.0000000e+00 0.0000000e+00 0.0000000e+00 0.0000000e+00 0.0000000e+00 0.0000000e+00 0.0000000e+00 0.0000000e+00 0.0000000e+00 0.0000000e+00 0.0000000e+00 0.0000000e+00 0.0000000e+00 0.0000000e+00 3.7113552e-06 9.9419864e-04 9.9747937e-04 9.8366817e-04 7.1629200e-04 5.5613043e-03 9.8924549e-04 9.6259031e-04
8.6207310e+00 6.7136772e+00 5.3999840e+00 4.9000174e+00 5.5762277e+00 6.8968799e+00 7.1060820e+00 7.1435992e+00 7.0415774e+00 6.8187966e+00 6.5220585e+00 6.2340057e+00 5.9981395e+00 5.8277227e+00 5.0551998e+00 4.5150568e+00 5.0150897e+00 5.5559732e+00 5.1081202e+00 5.1757995e+00 5.2570365e+00 4.8227773e+00 5.3039909e+00 5.1883169e+00 5.2364742e+00 5.1611474e+00 3.8266798e+00 1.0889382e+00 9.6551301e-04 0.0000000e+00 0.0000000e+00 0.0000000e+00 0.0000000e+00 0.0000000e+00 0.0000000e+00 0.0000000e+00 0.0000000e+00 0.0000000e+00 0.0000000e+00 0.0000000e+00 0.0000000e+00 0.0000000e+00 9.7540778e-04 9.9240860e-04 9.7476642e-04 8.4804774e-04 9.9825681e-04 9.8891343e-04 4.1818696e-02 9.2474664e-04
1.0754054e+01 8.1691507e+00 5.8807448e+00 5.2183688e+00 6.7455750e+00 7.8121944e+00 7.9275975e+00 7.9125224e+00 7.7396823e+00 7.4216731e+00 7.0271064e+00 6.5823032e+00 6.1867779e+00 5.9200344e+00 5.5402001e+00 5.0180099e+00 5.6025082e+00 5.7612004e+00 5.5260282e+00 5.3501711e+00 5.5858198e+00 5.2839576e+00 5.3064222e+00 5.1903694e+00 5.2290244e+00 5.3998103e+00 4.1558278e+00 4.5435871e+00 2.8843555e+00 2.1536338e-01 9.3928395e-04 0.0000000e+00 0.0000000e+00 0.0000000e+00 0.0000000e+00 0.0000000e+00 0.0000000e+00 0.0000000e+00 0.0000000e+00 9.9876021e-04 9.9952697e-04 0.0000000e+00 9.8455479e-04 9.9118382e-04 3.1399878e-01 2.9683763e-01 2.5614883e-01 1.8371228e-01 3.6740533e-01 3.0605043e-01
1.2593187e+01 1.0766165e+01 9.8799086e+00 8.3195234e+00 8.9501770e+00 8.8377994e+00 8.7907843e+00 8.6572147e+00 8.3654513e+00 7.9679153e+00 7.4394487e+00 6.8515676e+00 6.3020430e+00 5.9498386e+00 5.5942707e+00 4.8588944e+00 5.6328602e+00 5.7130622e+00 6.0774731e+00 5.8692282e+00 5.3073608e+00 5.3385125e+00 4.6937812e+00 5.0825993e+00 4.7436064e+00 4.3281807e+00 4.8957153e+00 5.0620057e+00 5.1994738e+00 3.7589117e+00 1.5403200e+00 7.4693057e-04 0.0000000e+00 0.0000000e+00 0.0000000e+00 0.0000000e+00 9.9959158e-04 9.9884596e-04 9.9882070e-04 9.9586693e-04 9.9996703e-04 9.8721785e-04 9.8211491e-04 9.7926930e-04 4.4017136e-01 5.6597981e-01 4.3051628e-01 3.3692956e-01 5.0529674e-01 4.9487147e-01
1.3117753e+01 1.2448455e+01 1.2389007e+01 1.0866737e+01 1.1144541e+01 1.0253165e+01 9.8958412e+00 9.6136798e+00 9.2384359e+00 8.7192617e+00 7.9671847e+00 7.1455028e+00 6.4025056e+00 5.7660202e+00 5.3362801e+00 5.2354176e+00 5.3712720e+00 5.5195091e+00 6.0849755e+00 5.4766531e+00 4.7148916e+00 5.4107763e+00 5.4131079e+00 5.4127610e+00 5.1118764e+00 5.2074137e+00 5.0406428e+00 4.9047820e+00 4.9251307e+00 5.3754493e+00 4.3721257e+00 2.5297118e+00 3.3523035e-01 9.2787012e-04 8.8507855e-04 9.9044681e-04 9.7103878e-04 9.9921124e-04 9.9876747e-04 9.9614498e-04 9.9674711e-04 9.9931896e-04 1.7374875e-03 1.1592025e-01 2.3984323e-01 2.9324465e-01 5.5842188e-01 4.3377650e-01 7.1583301e-01 9.6692088e-01
1.3781728e+01 1.3546571e+01 1.3252295e+01 1.2683708e+01 1.2210664e+01 1.1568372e+01 1.1170304e+01 1.0772282e+01 1.0499120e+01 9.9476603e+00 8.7562704e+00 7.4784761e+00 6.6027724e+00 5.9071899e+00 5.3670827e+00 5.2561419e+00 5.1717411e+00 5.3066259e+00 3.2718163e+00 4.0581179e+00 5.5064623e+00 5.3552315e+00 5.5472254e+00 5.3728555e+00 4.3271964e+00 4.9858010e+00 5.2367110e+00 4.9261949e+00 4.9483448e+00 3.9363782e+00 5.3003553e+00 5.2898562e+00 4.5304007e+00 2.4377367e+00 1.2347204e+00 2.6183208e-02 9.8538066e-04 9.9672145e-04 9.9997096e-04 9.9997938e-04 9.9362832e-04 5.8119494e-02 4.4331884e-03 9.4961459e-04 9.7536787e-04 8.9395297e-04 9.3527970e-04 1.9346638e-01 5.5593124e-01 4.5133671e-01
1.3729214e+01 1.3630194e+01 1.3432915e+01 1.3018897e+01 1.2569938e+01 1.2032108e+01 1.1621342e+01 1.1474778e+01 1.1375669e+01 1.0904016e+01 9.4766089e+00 7.6658846e+00 6.9018308e+00 6.3395999e+00 5.4101388e+00 4.4647002e+00 5.3046882e+00 5.2995543e+00 5.4493527e+00 5.4945237e+00 5.7091862e+00 5.5189023e+00 5.6986033e+00 5.2653145e+00 9.2807802e-01 4.0611842e+00 5.2692431e+00 5.0008864e+00 5.0076425e+00 5.1351350e+00 5.2563735e+00 5.4146107e+00 5.4319664e+00 5.0886388e+00 4.9252399e+00 4.2647486e+00 3.3280403e+00 1.7773952e+00 1.2406635e-01 9.9613715e-04 9.9557507e-04 9.6707741e-04 2.6442128e-03 9.9218786e-04 9.8989610e-04 9.8123988e-04 9.4210249e-04 8.7964982e-04 5.0241705e-02 1.5488722e-01
1.3539949e+01 1.3390067e+01 1.3264749e+01 1.2997729e+01 1.2681111e+01 1.2306543e+01 1.2008722e+01 1.1818315e+01 1.1624987e+01 1.1145784e+01 9.9393990e+00 7.9296573e+00 7.7909602e+00 7.5783184e+00 5.9972469e+00 5.5432690e+00 6.0333350e+00 6.2031266e+00 6.4012860e+00 6.2296630e+00 5.9709908e+00 5.7218768e+00 5.5729462e+00 5.4626619e+00 3.2513194e+00 4.8202757e+00 4.5804601e+00 5.2899210e+00 5.2742216e+00 5.0804196e+00 4.5627554e+00 5.2846583e+00 5.3529223e+00 5.3810525e+00 5.3985277e+00 5.4028288e+00 4.9971650e+00 4.5556087e+00 4.6264892e+00 2.6801811e+00 5.9179253e-01 9.9675367e-04 9.9611546e-04 9.9750772e-04 9.9814541e-04 9.9857304e-04 9.9817081e-04 9.6829180e-04 9.8314220e-04 9.9772732e-04
1.3422454e+01 1.3096356e+01 1.3039497e+01 1.2962094e+01 1.2738554e+01 1.2476999e+01 1.2201442e+01 1.2010760e+01 1.1751550e+01 1.1282268e+01 1.0333807e+01 9.3896605e+00 9.8032068e+00 1.0385391e+01 8.8775559e+00 7.9034542e+00 7.8213109e+00 7.7078834e+00 7.3892355e+00 7.0360285e+00 6.5478814e+00 5.9637125e+00 5.4368377e+00 5.0711644e+00 5.0426812e+00 5.3007832e+00 4.5831333e+00 5.3592559e+00 5.2561713e+00 4.4359265e+00 4.9842670e+00 5.3119168e+00 5.2603621e+00 5.1779546e+00 5.0764844e+00 4.9685870e+00 4.8383153e+00 5.0410420e+00 5.1878307e+00 4.3998764e+00 4.3387196e+00 2.1613121e+00 8.2251506e-04 9.9836578e-04 9.9774880e-04 9.9925733e-04 9.9879861e-04 9.9866229e-04 9.9866510e-04 9.9620669e-04
1.3396028e+01 1.2891772e+01 1.3047022e+01 1.2996685e+01 1.2762625e+01 1.2569563e+01 1.2353961e+01 1.2157286e+01 1.1891027e+01 1.1514102e+01 1.0988936e+01 1.0616209e+01 1.0835590e+01 1.0919950e+01 1.0043669e+01 9.6634494e+00 9.6148520e+00 9.2076536e+00 8.6588561e+00 7.9180287e+00 7.1598041e+00 6.4114580e+00 5.7222337e+00 5.2856146e+00 5.1233717e+00 5.3770724e+00 4.6638336e+00 4.7636056e+00 4.9526564e+00 4.8373587e+00 5.1221867e+00 5.1506129e+00 5.1279055e+00 5.0440869e+00 4.9495091e+00 4.8319609e+00 4.7872206e+00 4.9313394e+00 5.1819914e+00 4.9222259e+00 4.3924693e+00 3.9606529e+00 2.4665821e+00 8.6134183e-04 0.0000000e+00 0.0000000e+00 9.9749328e-04 9.9946624e-04 9.9946535e-04 9.9999585e-04
1.3432110e+01 1.3005092e+01 1.2859394e+01 1.2847097e+01 1.2904977e+01 1.2643090e+01 1.2501706e+01 1.2288517e+01 1.2034637e+01 1.1749308e+01 1.1425411e+01 1.1211910e+01 1.1187878e+01 1.1042272e+01 1.0555918e+01 1.0368024e+01 1.0386504e+01 1.0065501e+01 9.6504853e+00 8.8483665e+00 7.9078602e+00 6.8531937e+00 6.1331596e+00 5.5705765e+00 4.4994386e+00 5.0018877e+00 4.9344203e+00 4.5937279e+00 4.1181993e+00 4.7390685e+00 4.9720472e+00 5.0494550e+00 5.0765054e+00 4.9531717e+00 4.8635197e+00 4.8238223e+00 4.8325785e+00 4.9457625e+00 5.1497604e+00 5.1082135e+00 4.7020833e+00 5.0609184e+00 4.3130897e+00 3.2166955e-01 0.0000000e+00 0.0000000e+00 8.6781785e-04 9.7570967e-04 0.0000000e+00 0.0000000e+00
1.3805477e+01 1.2257773e+01 1.2787330e+01 1.2457975e+01 1.3062642e+01 1.2677931e+01 1.2577085e+01 1.2388197e+01 1.2156721e+01 1.1911830e+01 1.1660156e+01 1.1472187e+01 1.1355212e+01 1.1200293e+01 1.0928772e+01 1.0738151e+01 1.0615131e+01 1.0344489e+01 9.9115021e+00 9.5453149e+00 8.6226805e+00 7.1527881e+00 6.3757657e+00 5.7680607e+00 5.0555966e+00 4.6212981e+00 4.7263674e+00 5.2103486e+00 4.8325636e+00 4.8542560e+00 4.9423660e+00 5.0429730e+00 5.1491583e+00 4.9091854e+00 4.8094246e+00 4.7952209e+00 4.8232001e+00 4.9177510e+00 5.0192091e+00 5.1140847e+00 5.0807040e+00 5.2471267e+00 4.1823732e+00 1.4022359e+00 7.1563909e-04 9.7233982e-04 9.9973685e-04 9.9992676e-04 9.9061204e-04 0.0000000e+00
1.4526047e+01 1.3846451e+01 1.3365276e+01 1.2908297e+01 1.2875246e+01 1.2882314e+01 1.2706178e+01 1.2595486e+01 1.2409982e+01 1.2186651e+01 1.1947264e+01 1.1739942e+01 1.1553989e+01 1.1330518e+01 1.1079654e+01 1.0850465e+01 1.0642484e+01 1.0346949e+01 9.8747902e+00 9.2126220e+00 8.2257868e+00 7.2929820e+00 6.5330938e+00 6.0016891e+00 5.4191117e+00 4.6843148e+00 5.1381148e+00 5.2369345e+00 5.2758142e+00 4.9428188e+00 4.9751725e+00 5.3556926e+00 3.7894622e+00 3.6856374e+00 4.7623608e+00 4.7334276e+00 4.7726103e+00 4.8346626e+00 4.8695815e+00 4.9082109e+00 4.9727325e+00 4.0428790e+00 4.3081578e-01 2.6138499e+00 3.9618858e+00 3.1121163e+00 1.8778675e+00 4.3760891e-01 9.8702558e-04 9.9837621e-04
