keck/dem30maawgs84.txt
ncols         396
nrows         170
xllcorner     -120.92893714081
yllcorner     47.463253655701
cellsize      0.000339785875
NODATA_value  -9999
[rows 111 to 147 of 170, columns 84 to 167 of 396]
6609 6566 6646 6618 6589 6584 6534 6534 6534 6580 6648 6646 6596 6596 6597 6563 6594 6616 6529 6529 6417 6318 6235 6140 6084 6084 6034 6000 5943 5869 5822 5822 5788 5752 5698 5666 5666 5632 5593 5563 5545 5523 5523 5506 5486 5463 5443 5424 5424 5406 5396 5396 5393 5393 5393 5396 5403 5428 5456 5476 5476 5506 5533 5568 5628 5628 5697 5755 5780 5775 5726 5726 5651 5577 5469 5372 5282 5282 5209 5160 5112 5072 5036 5036
6699 6695 6695 6662 6652 6630 6571 6571 6592 6667 6703 6690 6665 6665 6663 6656 6599 6481 6402 6402 6323 6269 6200 6089 6015 6015 5975 5928 5878 5838 5813 5813 5790 5761 5724 5686 5686 5655 5619 5580 5552 5530 5530 5506 5487 5461 5438 5427 5427 5415 5402 5396 5397 5403 5403 5410 5433 5462 5498 5531 5531 5574 5605 5652 5714 5714 5785 5853 5880 5876 5825 5825 5746 5620 5530 5438 5349 5349 5278 5218 5159 5113 5094 5094
6758 6732 6732 6720 6695 6661 6632 6632 6669 6744 6748 6718 6742 6742 6722 6658 6546 6431 6325 6325 6234 6173 6106 6037 5997 5997 5964 5928 5896 5869 5842 5842 5823 5791 5757 5718 5718 5675 5636 5593 5561 5543 5543 5519 5488 5473 5461 5448 5448 5447 5436 5421 5426 5440 5440 5447 5474 5514 5557 5602 5602 5650 5693 5741 5796 5796 5864 5921 5957 5953 5919 5919 5811 5712 5592 5499 5401 5401 5332 5266 5208 5178 5170 5170
6816 6797 6797 6782 6726 6694 6716 6716 6769 6791 6788 6797 6720 6720 6621 6553 6456 6355 6279 6279 6192 6138 6098 6065 6024 6024 5984 5963 5945 5918 5893 5893 5863 5826 5787 5747 5747 5703 5659 5622 5590 5556 5556 5522 5512 5500 5484 5480 5480 5480 5471 5458 5463 5483 5483 5490 5527 5577 5617 5672 5672 5737 5774 5816 5887 5887 5949 6013 6066 6073 6035 6035 5935 5791 5641 5548 5434 5434 5366 5320 5283 5266 5243 5243
6862 6839 6839 6808 6776 6765 6818 6818 6837 6832 6842 6784 6652 6652 6547 6481 6411 6320 6267 6267 6217 6158 6125 6092 6053 6053 6043 6032 6014 5984 5960 5960 5944 5902 5813 5773 5773 5732 5683 5645 5623 5594 5594 5594 5589 5565 5574 5585 5585 5581 5565 5549 5578 5596 5596 5624 5672 5734 5775 5805 5805 5869 5925 5998 6074 6074 6153 6258 6321 6321 6226 6226 6077 5904 5755 5692 5615 5615 5540 5472 5409 5368 5327 5327
6947 6947 6943 6901 6895 6924 6908 6908 6861 6822 6788 6722 6654 6654 6574 6501 6432 6374 6314 6314 6274 6226 6200 6167 6101 6101 6056 6038 6005 5983 5983 5954 5915 5892 5870 5817 5817 5755 5706 5674 5661 5635 5635 5644 5636 5610 5622 5663 5663 5672 5661 5631 5659 5693 5693 5711 5766 5821 5874 5874 5924 5971 6027 6062 6155 6155 6269 6359 6382 6324 6196 6196 6066 5973 5919 5823 5721 5721 5628 5541 5470 5402 5345 5345
6998 6998 6985 6959 6954 6937 6881 6881 6839 6801 6751 6682 6620 6620 6554 6501 6453 6408 6373 6373 6317 6284 6231 6131 6097 6097 6085 6078 6052 6007 6007 5966 5931 5921 5906 5837 5837 5762 5728 5718 5689 5684 5684 5687 5684 5662 5684 5745 5745 5765 5758 5709 5741 5779 5779 5806 5857 5929 5999 5999 6049 6101 6142 6156 6233 6233 6361 6433 6389 6264 6193 6193 6182 6182 6078 5924 5791 5791 5692 5605 5525 5436 5361 5361
7067 7067 7052 7033 7008 6960 6897 6897 6843 6781 6717 6661 6598 6598 6549 6500 6468 6471 6425 6425 6381 6290 6196 6140 6140 6140 6133 6117 6070 6017 6017 5977 5958 5967 5911 5831 5831 5781 5770 5757 5720 5735 5735 5742 5741 5719 5758 5823 5823 5858 5857 5814 5824 5850 5850 5892 5928 5994 6077 6077 6156 6219 6268 6271 6337 6337 6438 6447 6348 6344 6401 6401 6419 6346 6184 5976 5824 5824 5728 5668 5569 5471 5379 5379
7173 7173 7134 7093 7051 6987 6914 6914 6854 6793 6718 6669 6609 6609 6558 6516 6501 6501 6467 6467 6368 6300 6217 6189 6185 6185 6173 6139 6089 6039 6039 6022 6007 5946 5872 5832 5832 5826 5828 5797 5777 5792 5792 5798 5805 5780 5821 5884 5884 5929 5939 5898 5907 5937 5937 5968 6035 6101 6155 6241 6291 6371 6457 6491 6510 6510 6511 6527 6559 6611 6670 6670 6551 6374 6211 6038 5924 5924 5797 5711 5609 5492 5389 5389
7248 7248 7194 7130 7071 7025 6949 6949 6886 6840 6791 6752 6692 6692 6648 6588 6584 6531 6486 6486 6450 6393 6329 6280 6252 6252 6240 6274 6306 6230 6230 6103 5975 5944 5919 5926 5926 5940 5916 5884 5902 5923 5923 5921 5916 5903 5951 6018 6018 6078 6095 6041 6043 6073 6073 6095 6163 6253 6320 6320 6381 6453 6530 6557 6569 6569 6570 6582 6617 6661 6678 6678 6523 6355 6248 6084 5946 5946 5828 5732 5624 5495 5392 5392
7342 7342 7288 7229 7152 7114 7077 7077 7016 6933 6899 6871 6903 6903 6876 6796 6663 6550 6516 6516 6479 6446 6391 6330 6330 6312 6366 6414 6480 6396 6396 6192 6056 6021 5974 5988 5988 5996 5948 5947 5964 5994 5994 6000 5989 5981 6027 6071 6071 6127 6153 6115 6097 6124 6124 6159 6205 6282 6364 6364 6475 6542 6580 6617 6619 6619 6624 6631 6681 6727 6667 6667 6521 6404 6253 6071 5950 5950 5836 5728 5599 5485 5395 5395
7413 7413 7384 7343 7309 7302 7297 7297 7233 7137 7108 7089 7148 7148 7094 6925 6733 6606 6558 6558 6519 6492 6448 6403 6403 6436 6547 6648 6667 6549 6549 6370 6196 6093 6048 6071 6071 6051 6012 6030 6065 6081 6081 6069 6044 6053 6099 6136 6136 6180 6212 6178 6159 6159 6175 6229 6272 6325 6423 6423 6565 6625 6634 6668 6659 6659 6671 6691 6755 6783 6667 6667 6535 6347 6190 6039 5935 5935 5850 5742 5604 5501 5501 5412
7497 7497 7498 7482 7486 7511 7517 7517 7475 7439 7422 7376 7350 7350 7193 6948 6757 6660 6595 6595 6577 6546 6507 6516 6516 6640 6779 6868 6883 6773 6773 6607 6353 6264 6191 6161 6161 6088 6085 6137 6164 6157 6157 6121 6102 6112 6176 6221 6221 6240 6277 6243 6240 6240 6241 6291 6344 6409 6516 6516 6637 6688 6691 6722 6717 6717 6741 6768 6834 6783 6632 6632 6469 6289 6165 6022 5942 5942 5843 5736 5618 5525 5525 5428
7589 7589 7605 7621 7656 7688 7689 7689 7674 7654 7635 7560 7416 7416 7246 7046 6848 6708 6681 6681 6635 6599 6606 6714 6714 6864 7011 7056 7004 6880 6880 6750 6597 6488 6353 6257 6257 6232 6230 6256 6287 6230 6230 6216 6217 6220 6289 6346 6346 6391 6422 6457 6440 6440 6446 6444 6514 6614 6727 6727 6804 6808 6801 6787 6742 6742 6707 6693 6699 6671 6554 6554 6439 6324 6191 6081 5962 5962 5882 5800 5722 5622 5622 5511
7763 7763 7831 7911 7949 8056 8067 8067 8057 7997 7782 7538 7368 7368 7204 7032 6883 6864 6842 6842 6799 6822 6959 7113 7113 7161 7177 7055 6933 6798 6798 6689 6566 6442 6353 6325 6325 6307 6292 6313 6300 6278 6278 6250 6264 6274 6336 6392 6392 6464 6508 6536 6511 6511 6521 6541 6631 6727 6840 6840 6825 6777 6740 6707 6666 6666 6632 6623 6636 6637 6574 6574 6477 6339 6257 6116 5987 5987 5932 5818 5737 5653 5653 5555
7858 7858 7962 8109 8187 8210 8171 8171 8133 8049 7753 7500 7336 7336 7180 7046 6986 6931 6913 6913 6902 7017 7129 7244 7244 7291 7173 7056 6926 6804 6804 6682 6582 6467 6389 6373 6373 6370 6361 6349 6347 6325 6325 6295 6325 6340 6374 6458 6458 6555 6600 6615 6590 6590 6611 6656 6763 6845 6830 6830 6760 6705 6655 6614 6587 6587 6560 6548 6554 6548 6521 6521 6471 6398 6315 6178 6092 6092 5984 5831 5746 5677 5677 5587
8092 8092 8129 8249 8345 8258 8144 8144 8045 8021 7740 7433 7268 7268 7159 7102 7071 7008 7008 6993 7032 7190 7313 7320 7320 7245 7127 7041 6954 6840 6840 6713 6614 6533 6460 6433 6433 6426 6420 6412 6400 6372 6372 6370 6372 6408 6444 6444 6510 6625 6672 6691 6659 6659 6710 6793 6858 6814 6762 6762 6684 6624 6581 6549 6513 6513 6495 6488 6487 6472 6443 6443 6413 6378 6320 6243 6170 6170 6003 5856 5753 5688 5688 5601
8258 8258 8313 8379 8369 8206 8058 8058 7964 7881 7629 7376 7258 7258 7172 7132 7108 7077 7077 7073 7157 7341 7451 7317 7317 7180 7092 7029 6935 6825 6825 6721 6645 6580 6532 6516 6516 6484 6476 6469 6450 6430 6430 6445 6460 6500 6562 6562 6595 6688 6757 6793 6767 6767 6798 6862 6843 6760 6699 6699 6617 6574 6495 6452 6414 6414 6391 6383 6385 6380 6368 6368 6346 6318 6272 6212 6212 6111 6072 6002 5923 5818 5818 5717
8408 8408 8467 8529 8382 8176 8000 8000 7797 7661 7575 7447 7373 7373 7345 7306 7274 7234 7234 7274 7421 7534 7384 7233 7233 7124 7048 6968 6903 6828 6828 6746 6710 6673 6662 6656 6656 6634 6595 6585 6600 6625 6625 6668 6740 6786 6820 6820 6884 6957 6956 6985 6968 6968 6895 6813 6754 6699 6653 6653 6587 6543 6495 6430 6383 6383 6360 6328 6333 6339 6330 6330 6317 6292 6258 6216 6216 6164 6106 6007 5920 5821 5821 5736
8715 8715 8628 8444 8242 8028 7884 7884 7710 7621 7535 7466 7427 7427 7387 7365 7352 7315 7315 7401 7535 7533 7379 7213 7213 7127 7050 6965 6896 6835 6835 6784 6749 6723 6727 6714 6714 6687 6669 6664 6684 6724 6724 6807 6925 7020 7069 7069 7042 7043 7019 7007 6951 6951 6856 6767 6720 6665 6627 6627 6574 6533 6506 6468 6407 6407 6345 6307 6293 6306 6286 6286 6274 6262 6243 6206 6206 6151 6087 5995 5932 5852 5852 5759
8708 8708 8500 8319 8146 7957 7808 7808 7673 7608 7554 7500 7470 7470 7435 7407 7405 7419 7419 7530 7592 7502 7363 7203 7203 7121 7049 6975 6907 6874 6874 6856 6820 6808 6786 6773 6773 6749 6730 6748 6757 6855 6855 7013 7119 7212 7245 7245 7154 7095 7063 6986 6913 6913 6821 6770 6722 6667 6615 6615 6581 6565 6534 6486 6424 6424 6362 6312 6267 6268 6257 6257 6240 6233 6224 6192 6192 6170 6089 5980 5924 5853 5853 5761
8717 8717 8526 8330 8152 7982 7819 7819 7680 7615 7575 7555 7519 7519 7485 7471 7480 7585 7585 7668 7621 7482 7352 7215 7215 7141 7069 6997 6964 6931 6931 6913 6893 6896 6872 6847 6847 6816 6799 6841 6886 7013 7013 7183 7363 7402 7302 7302 7223 7143 7036 6963 6904 6904 6855 6821 6803 6723 6662 6662 6628 6587 6552 6509 6464 6464 6380 6305 6259 6239 6236 6236 6233 6233 6236 6229 6229 6188 6037 5960 5901 5828 5828 5749
8742 8742 8544 8368 8185 8000 7837 7837 7692 7635 7610 7594 7594 7591 7575 7566 7620 7730 7730 7783 7644 7491 7337 7255 7255 7174 7112 7058 7041 7025 7025 6993 6975 6981 6966 6934 6997 6980 7049 7110 7213 7213 7397 7524 7402 7278 7161 7161 7058 6955 6908 6874 6864 6864 6854 6840 6799 6757 6724 6724 6697 6674 6611 6561 6507 6507 6446 6370 6295 6237 6244 6244 6250 6260 6265 6226 6226 6171 6027 5935 5863 5791 5791 5713
8799 8799 8668 8511 8413 8295 8101 8101 7857 7717 7693 7682 7682 7693 7702 7737 7898 7987 7987 7878 7726 7578 7432 7330 7330 7269 7222 7207 7210 7184 7184 7166 7152 7123 7090 7068 7068 7125 7235 7297 7407 7407 7439 7417 7294 7170 7064 7064 6973 6933 6898 6870 6867 6867 6875 6827 6772 6738 6713 6713 6680 6637 6599 6558 6524 6524 6477 6410 6333 6272 6272 6293 6280 6293 6279 6231 6231 6137 6014 5920 5850 5773 5773 5693
8936 8936 8780 8675 8632 8514 8368 8368 8048 7837 7759 7711 7711 7710 7723 7775 7990 8039 8039 7908 7787 7645 7511 7391 7391 7321 7300 7285 7286 7257 7257 7243 7212 7176 7149 7185 7185 7361 7490 7525 7470 7470 7349 7237 7158 7074 7015 7015 6949 6900 6872 6849 6852 6852 6818 6788 6729 6698 6666 6666 6632 6585 6554 6509 6496 6496 6473 6411 6329 6305 6305 6332 6324 6320 6307 6255 6255 6156 6024 5924 5828 5754 5754 5679
9032 9032 8996 8903 8823 8733 8557 8557 8341 8040 7856 7775 7775 7758 7818 7907 8007 8039 8039 7942 7854 7742 7597 7464 7464 7377 7360 7341 7341 7316 7316 7290 7270 7244 7246 7377 7377 7599 7687 7615 7446 7446 7284 7155 7108 7044 6981 6981 6931 6881 6823 6780 6777 6777 6734 6723 6654 6631 6606 6606 6560 6522 6502 6460 6449 6449 6422 6391 6343 6345 6345 6358 6336 6327 6299 6250 6250 6167 6034 5911 5802 5732 5732 5672
9143 9143 9115 9076 8987 8847 8724 8724 8523 8180 7988 7892 7892 7940 8078 8202 8196 8109 8109 8031 7932 7831 7739 7605 7605 7421 7387 7377 7373 7360 7360 7335 7315 7303 7478 7621 7621 7729 7676 7542 7374 7374 7190 7141 7096 7046 6983 6983 6925 6870 6815 6761 6707 6707 6669 6655 6606 6558 6531 6531 6502 6450 6444 6413 6393 6322 6300 6293 6286 6283 6283 6245 6207 6188 6132 6091 6091 6028 5935 5820 5754 5697 5697 5691
9131 9131 9155 9170 9092 8971 8971 8803 8575 8288 8102 8210 8210 8401 8530 8627 8567 8469 8469 8326 8160 7989 7802 7616 7616 7520 7458 7434 7423 7419 7419 7432 7478 7607 7852 8006 8006 7867 7675 7525 7344 7344 7220 7157 7107 7051 6983 6983 6917 6848 6791 6745 6693 6693 6641 6598 6543 6473 6408 6408 6357 6327 6281 6261 6251 6251 6244 6226 6217 6195 6195 6158 6117 6095 6046 6003 6003 5940 5858 5778 5719 5693 5693 5702
8950 8950 9033 9135 9106 9037 9037 8903 8743 8568 8360 8365 8365 8503 8633 8670 8571 8435 8435 8319 8141 8014 7804 7663 7663 7559 7511 7473 7469 7465 7465 7533 7602 7834 8040 8040 8014 7896 7751 7548 7370 7370 7254 7189 7120 7063 6998 6998 6923 6857 6791 6741 6678 6678 6599 6548 6493 6432 6374 6374 6318 6274 6229 6198 6198 6172 6172 6157 6147 6123 6123 6076 6039 5998 5954 5915 5915 5863 5793 5746 5707 5702 5702 5714
8878 8878 8998 9051 9007 8952 8952 8870 8740 8587 8441 8517 8517 8628 8598 8558 8461 8353 8353 8226 8116 8009 7853 7706 7706 7625 7579 7537 7539 7557 7557 7602 7751 8020 8170 8170 7996 7831 7706 7562 7384 7384 7290 7214 7185 7111 7008 7008 6914 6839 6785 6734 6673 6673 6613 6560 6503 6435 6377 6377 6331 6275 6224 6165 6165 6136 6118 6105 6087 6056 6056 6016 5971 5921 5853 5829 5829 5791 5755 5722 5706 5711 5711 5727
8881 8881 8944 8993 8938 8868 8868 8823 8742 8573 8537 8636 8636 8656 8568 8479 8383 8284 8284 8208 8098 8015 7859 7818 7818 7779 7714 7658 7631 7663 7663 7702 7833 8098 8105 8105 7932 7805 7655 7573 7472 7472 7343 7273 7222 7132 7056 7056 6961 6880 6813 6749 6681 6681 6598 6538 6486 6436 6384 6384 6336 6284 6236 6194 6194 6142 6103 6061 6021 5996 5996 5955 5921 5860 5800 5778 5778 5756 5736 5716 5711 5718 5718 5737
8826 8826 8905 8925 8882 8790 8790 8755 8730 8699 8644 8623 8623 8585 8544 8461 8362 8263 8263 8156 8059 8003 7993 7999 7999 8011 7915 7764 7740 7765 7765 7816 7892 8164 8117 8117 8051 7889 7782 7715 7696 7696 7603 7475 7333 7191 7148 7148 7035 6921 6850 6768 6692 6692 6618 6568 6543 6500 6445 6445 6396 6339 6292 6244 6244 6198 6145 6095 6047 5992 5992 5920 5868 5826 5791 5772 5772 5755 5745 5739 5742 5748 5748 5758
8649 8747 8799 8749 8722 8690 8690 8615 8591 8583 8556 8497 8497 8434 8384 8360 8357 8328 8328 8292 8241 8258 8266 8251 8251 8132 8036 8027 8090 8178 8178 8241 8287 8396 8439 8439 8288 8141 8031 7923 7837 7837 7737 7648 7538 7463 7251 7251 7089 7082 6945 6802 6707 6707 6661 6628 6591 6539 6486 6486 6431 6373 6316 6260 6260 6210 6158 6108 6066 6008 6008 5939 5869 5826 5792 5778 5778 5768 5756 5761 5759 5768 5768 5803
8589 8710 8722 8670 8609 8594 8594 8547 8520 8521 8494 8423 8423 8352 8313 8281 8272 8240 8240 8207 8160 8110 8150 8191 8191 8193 8178 8197 8254 8254 8350 8436 8478 8560 8507 8507 8373 8296 8143 8047 7918 7918 7782 7678 7571 7458 7309 7309 7202 7236 7108 6940 6791 6791 6736 6684 6632 6572 6516 6516 6457 6389 6332 6274 6274 6224 6177 6121 6069 6007 6007 5943 5876 5836 5802 5790 5790 5788 5788 5794 5795 5801 5801 5882
8562 8672 8635 8583 8525 8501 8501 8475 8464 8479 8420 8356 8356 8275 8222 8202 8185 8148 8148 8106 8068 7992 8042 8097 8097 8107 8117 8139 8212 8212 8363 8421 8427 8517 8511 8511 8497 8351 8211 8047 7910 7910 7788 7656 7553 7452 7349 7349 7242 7167 7054 6968 6867 6867 6778 6733 6662 6588 6588 6526 6466 6404 6345 6290 6290 6233 6187 6137 6096 6041 6041 5971 5903 5859 5829 5813 5813 5805 5823 5837 5841 5875 5875 5951
8488 8616 8559 8482 8447 8420 8420 8405 8390 8424 8391 8271 8271 8205 8136 8103 8082 8051 8051 8002 7949 7914 7942 7992 7992 8004 8030 8073 8148 8148 8261 8270 8322 8467 8402 8402 8459 8434 8302 8139 8006 8006 7836 7714 7554 7408 7304 7304 7207 7106 7021 6952 6884 6884 6813 6755 6668 6596 6596 6536 6477 6411 6346 6300 6300 6253 6214 6181 6133 6100 6100 6026 5953 5905 5877 5858 5858 5866 5892 5916 5941 6000 6000 6054
8474 8521 8427 8370 8350 8346 8346 8334 8323 8336 8323 8255 8255 8166 8091 7978 7905 7865 7865 7812 7790 7775 7766 7795 7795 7847 7881 7923 8006 8006 8083 8073 8181 8199 8184 8184 8215 8288 8302 8239 8103 8103 7994 7821 7644 7498 7403 7403 7334 7321 7299 7247 7145 7145 7027 6878 6744 6654 6654 6549 6496 6457 6424 6400 6400 6354 6300 6245 6192 6142 6142 6067 5980 5931 5905 5887 5887 5899 5934 5973 6017 6037 6037 6089
