keck/dem30maawgs84.txt
ncols         396
nrows         170
xllcorner     -120.92893714081
yllcorner     47.463253655701
cellsize      0.000339785875
NODATA_value  -9999
[rows 37 to 73 of 170, columns 0 to 83 of 396]
-9999 -9999 -9999 -9999 6858 6936 6958 6958 6900 6818 6746 6696 6647 6647 6651 6636 6629 6613 6596 6596 6548 6506 6470 6416 6375 6375 6342 6309 6254 6194 6194 6137 6043 5946 5866 5798 5798 5748 5704 5650 5597 5549 5549 5498 5450 5399 5376 5352 5352 5336 5335 5329 5325 5331 5331 5334 5341 5351 5364 5364 5377 5395 5413 5435 5457 5457 5483 5559 5618 5657 5682 5682 5718 5744 5765 5820 5890 5890 5947 6011 6081 6150 6214 6214
-9999 -9999 -9999 -9999 6848 6932 6985 6985 6916 6842 6776 6727 6713 6713 6702 6685 6680 6659 6637 6637 6594 6565 6520 6484 6437 6437 6388 6339 6296 6247 6247 6172 6049 5963 5895 5843 5843 5791 5720 5666 5624 5565 5565 5505 5455 5396 5378 5356 5356 5361 5352 5345 5344 5344 5344 5347 5354 5358 5373 5373 5389 5412 5445 5465 5497 5497 5525 5570 5632 5680 5717 5717 5747 5787 5819 5864 5945 5945 6015 6061 6100 6159 6159 6232
-9999 -9999 -9999 -9999 6841 6939 6988 6988 6924 6869 6816 6799 6811 6811 6772 6748 6737 6716 6686 6686 6654 6615 6573 6542 6494 6494 6420 6372 6323 6254 6254 6180 6096 6006 5936 5876 5876 5815 5754 5699 5637 5572 5572 5500 5440 5405 5383 5381 5381 5378 5368 5362 5357 5358 5358 5360 5367 5374 5383 5383 5399 5432 5496 5530 5561 5561 5591 5634 5672 5701 5751 5751 5800 5860 5913 5974 6025 6025 6076 6139 6186 6230 6230 6291
-9999 -9999 -9999 -9999 6799 6891 6967 6967 6958 6904 6857 6874 6951 6951 6941 6980 6971 6888 6887 6887 6805 6714 6699 6680 6653 6653 6578 6476 6382 6306 6306 6227 6131 6055 6004 5952 5952 5884 5827 5743 5667 5600 5600 5542 5493 5472 5448 5441 5441 5421 5404 5394 5401 5401 5398 5394 5401 5404 5404 5404 5435 5479 5519 5559 5603 5603 5634 5658 5700 5728 5762 5762 5825 5886 5954 6021 6068 6068 6113 6165 6227 6290 6290 6351
-9999 -9999 -9999 -9999 6736 6807 6893 6893 6986 7021 7021 7045 7019 7019 7021 7078 7067 7030 6993 6993 6844 6794 6814 6897 6897 6816 6686 6579 6467 6337 6337 6261 6183 6119 6046 5976 5976 5909 5830 5731 5656 5604 5604 5565 5533 5511 5487 5481 5481 5455 5429 5430 5434 5434 5428 5424 5443 5454 5459 5459 5472 5495 5539 5588 5644 5644 5679 5687 5729 5775 5802 5802 5837 5917 5984 6050 6094 6094 6145 6208 6268 6333 6333 6420
-9999 -9999 -9999 -9999 6730 6820 6887 6887 6942 7027 7091 7125 7106 7106 7141 7165 7225 7173 7075 7075 6947 6967 7040 7025 7025 6901 6824 6723 6556 6435 6435 6382 6268 6149 6086 5996 5996 5911 5817 5750 5684 5653 5653 5598 5583 5554 5531 5524 5524 5502 5472 5474 5470 5470 5471 5466 5495 5516 5523 5523 5518 5541 5583 5625 5683 5683 5721 5749 5764 5813 5855 5855 5886 5934 6001 6067 6123 6123 6171 6236 6321 6390 6390 6476
-9999 -9999 -9999 -9999 6736 6777 6816 6816 6896 6971 7012 7082 7176 7176 7226 7275 7283 7254 7161 7161 7095 7209 7154 7065 7065 6995 6890 6790 6656 6532 6532 6420 6292 6241 6157 6089 6089 5952 5911 5808 5751 5697 5697 5653 5634 5594 5585 5577 5577 5543 5533 5528 5511 5511 5512 5512 5544 5574 5596 5596 5575 5593 5627 5675 5718 5718 5765 5807 5827 5846 5893 5893 5947 5978 6020 6098 6160 6160 6209 6279 6367 6455 6455 6567
-9999 -9999 -9999 -9999 6681 6695 6780 6780 6844 6893 6942 7013 7127 7127 7216 7280 7292 7262 7202 7202 7222 7223 7159 7091 7091 7019 6956 6850 6777 6639 6639 6518 6468 6348 6273 6187 6187 6076 6121 5987 5903 5816 5816 5812 5807 5782 5771 5777 5777 5759 5697 5643 5607 5607 5608 5615 5657 5771 5749 5749 5691 5694 5720 5753 5818 5818 5858 5902 5940 5977 5995 5995 6041 6094 6141 6178 6178 6230 6313 6396 6511 6629 6629 6749
-9999 -9999 -9999 -9999 6544 6599 6659 6659 6744 6809 6875 6953 7027 7027 7107 7147 7170 7198 7193 7193 7171 7142 7078 6997 6997 6906 6836 6797 6772 6790 6790 6666 6565 6500 6560 6504 6504 6408 6266 6146 6008 5893 5893 5928 5982 5941 5925 5925 5903 5831 5772 5716 5684 5684 5653 5672 5738 5834 5808 5808 5749 5743 5780 5814 5877 5877 5931 5965 5998 6023 6065 6065 6091 6133 6196 6247 6247 6310 6373 6442 6537 6631 6631 6725
-9999 -9999 -9999 -9999 6501 6586 6663 6663 6720 6791 6858 6926 7001 7001 7054 7079 7108 7137 7144 7144 7121 7096 7038 6934 6934 6858 6768 6714 6673 6679 6679 6661 6568 6515 6479 6398 6398 6325 6244 6147 6001 6021 6021 6062 6047 6027 6002 6002 5917 5857 5806 5754 5707 5707 5680 5707 5783 5855 5853 5853 5826 5821 5848 5883 5936 5936 5993 6040 6060 6090 6114 6114 6164 6186 6253 6301 6301 6349 6426 6508 6594 6680 6680 6752
-9999 -9999 -9999 -9999 6497 6568 6632 6632 6691 6762 6828 6883 6936 6936 6983 7004 7037 7069 7069 7096 7080 7046 7010 6906 6906 6783 6679 6625 6581 6556 6556 6518 6469 6415 6374 6318 6318 6273 6233 6178 6130 6097 6097 6060 6040 6017 5998 5998 5914 5848 5786 5744 5709 5709 5712 5736 5799 5873 5899 5899 5902 5905 5906 5944 5994 5994 6074 6139 6121 6152 6173 6173 6222 6263 6282 6346 6346 6392 6465 6544 6636 6729 6729 6798
-9999 -9999 -9999 -9999 6450 6526 6596 6596 6663 6726 6766 6819 6873 6873 6914 6941 6970 6996 6996 7035 7027 6970 6977 6894 6894 6718 6577 6536 6484 6435 6435 6404 6379 6351 6291 6246 6246 6229 6200 6165 6124 6078 6078 6034 5994 5985 5964 5964 5906 5818 5772 5743 5732 5732 5738 5758 5809 5875 5923 5923 5960 5988 5984 6017 6061 6155 6281 6326 6325 6308 6339 6339 6324 6384 6429 6449 6449 6484 6545 6617 6732 6818 6818 6781
-9999 -9999 -9999 -9999 6421 6501 6573 6573 6628 6671 6713 6778 6816 6816 6850 6812 6845 6880 6880 6942 6935 6847 6764 6670 6670 6544 6480 6374 6329 6273 6273 6229 6184 6171 6150 6122 6122 6092 6062 6055 6042 6008 6008 5963 5910 5875 5865 5865 5847 5801 5798 5791 5785 5785 5793 5842 5883 5927 5963 5963 6014 6086 6134 6169 6261 6261 6411 6445 6432 6372 6423 6423 6405 6461 6494 6523 6523 6536 6588 6664 6763 6835 6835 6776
-9999 -9999 -9999 -9999 6335 6402 6441 6441 6502 6577 6622 6664 6702 6702 6719 6752 6811 6866 6866 6933 6897 6793 6710 6604 6604 6496 6389 6337 6272 6206 6206 6165 6123 6086 6071 6065 6065 6052 6036 6011 5987 5961 5961 5923 5881 5866 5848 5848 5832 5840 5839 5832 5819 5819 5832 5882 5919 5969 6018 6018 6062 6115 6183 6240 6364 6364 6548 6550 6511 6489 6489 6504 6479 6523 6565 6582 6582 6615 6652 6705 6786 6848 6848 6774
-9999 -9999 -9999 -9999 6287 6335 6383 6383 6459 6517 6551 6604 6639 6639 6678 6737 6792 6852 6852 6917 6867 6770 6691 6615 6615 6521 6398 6295 6212 6163 6163 6122 6081 6056 6036 6030 6030 6023 6004 5984 5952 5952 5918 5900 5887 5891 5895 5895 5885 5885 5887 5882 5872 5872 5874 5931 5958 6002 6077 6077 6125 6160 6237 6320 6427 6427 6643 6690 6641 6578 6578 6609 6573 6584 6638 6648 6648 6676 6702 6772 6843 6858 6858 6777
-9999 -9999 -9999 -9999 6231 6283 6355 6355 6409 6451 6500 6537 6588 6588 6655 6698 6768 6836 6836 6875 6857 6761 6685 6609 6609 6518 6412 6296 6228 6182 6182 6111 6064 6037 6027 6023 6023 6018 6004 5987 5963 5963 5938 5923 5922 5939 5956 5956 5945 5940 5937 5921 5910 5910 5952 6009 6035 6066 6130 6130 6177 6221 6279 6381 6503 6503 6640 6759 6727 6672 6672 6708 6724 6683 6709 6714 6714 6737 6768 6834 6831 6826 6826 6752
-9999 -9999 -9999 -9999 6182 6258 6311 6311 6359 6410 6441 6499 6499 6559 6602 6655 6741 6788 6788 6846 6891 6799 6707 6622 6622 6540 6445 6346 6260 6198 6198 6137 6073 6052 6045 6035 6035 6032 6024 6013 5996 6049 6040 6053 6069 6081 6088 6088 6087 6061 6048 6027 6042 6042 6117 6133 6174 6200 6234 6234 6298 6353 6422 6486 6565 6565 6659 6759 6847 6877 6877 6948 6904 6917 6951 6965 6965 6899 6828 6772 6714 6631 6631 6548
-9999 -9999 -9999 -9999 6114 6167 6222 6222 6265 6317 6372 6416 6416 6472 6559 6631 6679 6750 6750 6816 6875 6923 6804 6706 6706 6609 6533 6494 6417 6323 6323 6233 6162 6140 6137 6126 6126 6115 6113 6115 6162 6162 6203 6178 6190 6159 6152 6152 6143 6122 6099 6115 6123 6123 6165 6201 6239 6275 6292 6292 6349 6414 6478 6526 6618 6618 6715 6808 6893 6992 6992 6992 6976 6966 6976 6926 6926 6842 6749 6696 6641 6526 6526 6479
-9999 -9999 -9999 -9999 6084 6127 6176 6176 6228 6274 6327 6397 6397 6462 6533 6594 6672 6747 6747 6807 6856 6921 6906 6762 6762 6669 6602 6531 6443 6359 6359 6257 6220 6184 6186 6169 6169 6167 6179 6184 6230 6230 6273 6276 6272 6240 6234 6234 6200 6188 6184 6231 6199 6199 6220 6263 6295 6328 6356 6356 6405 6472 6527 6596 6596 6693 6763 6866 6921 6984 6984 6948 6883 6854 6828 6839 6839 6758 6668 6603 6561 6459 6459 6383
-9999 -9999 -9999 -9999 6040 6089 6141 6141 6201 6256 6336 6406 6406 6465 6531 6597 6671 6733 6733 6784 6853 6921 6964 6871 6871 6736 6630 6573 6514 6400 6400 6349 6290 6241 6250 6232 6232 6226 6254 6259 6282 6282 6332 6361 6389 6354 6287 6287 6272 6272 6278 6308 6260 6260 6286 6322 6348 6386 6433 6433 6467 6529 6596 6685 6685 6756 6844 6868 6809 6854 6854 6846 6779 6745 6698 6604 6604 6578 6556 6511 6456 6396 6396 6327
-9999 -9999 -9999 -9999 5994 6064 6140 6140 6199 6259 6329 6389 6389 6451 6526 6599 6653 6707 6707 6780 6859 6930 6991 6885 6885 6733 6661 6621 6558 6486 6486 6394 6363 6306 6308 6308 6304 6298 6325 6336 6352 6352 6417 6482 6480 6372 6339 6339 6347 6352 6388 6368 6314 6314 6348 6391 6421 6463 6502 6502 6551 6594 6683 6758 6758 6826 6794 6763 6658 6648 6648 6638 6607 6608 6537 6497 6497 6450 6427 6397 6366 6313 6313 6245
-9999 -9999 -9999 -9999 6020 6082 6082 6138 6194 6247 6307 6364 6364 6424 6490 6559 6638 6722 6722 6808 6885 6967 6982 6881 6881 6757 6714 6692 6635 6582 6582 6541 6494 6450 6453 6453 6481 6476 6513 6544 6605 6605 6713 6623 6525 6497 6541 6541 6615 6639 6570 6466 6483 6483 6533 6572 6608 6649 6736 6736 6788 6805 6777 6720 6720 6657 6611 6601 6583 6581 6581 6548 6533 6530 6488 6443 6443 6412 6383 6374 6369 6322 6322 6246
-9999 -9999 -9999 -9999 6021 6078 6078 6140 6200 6275 6334 6397 6397 6450 6519 6582 6660 6754 6754 6822 6896 6986 6973 6881 6881 6775 6761 6726 6678 6637 6637 6582 6561 6525 6532 6532 6562 6563 6612 6728 6823 6823 6726 6614 6586 6623 6732 6732 6750 6685 6616 6543 6591 6591 6628 6692 6772 6817 6821 6821 6788 6742 6684 6632 6632 6572 6540 6527 6514 6514 6514 6496 6468 6464 6437 6411 6411 6381 6359 6348 6369 6323 6323 6248
-9999 -9999 -9999 5966 6017 6063 6063 6120 6183 6266 6334 6404 6404 6471 6566 6651 6716 6799 6799 6864 6935 7016 6970 6877 6877 6818 6813 6773 6713 6660 6660 6631 6604 6596 6617 6617 6645 6684 6733 6870 6847 6847 6760 6704 6717 6815 6877 6877 6794 6723 6657 6637 6687 6687 6735 6823 6879 6839 6782 6782 6726 6684 6617 6562 6562 6522 6489 6475 6466 6452 6452 6436 6427 6414 6406 6394 6394 6356 6318 6305 6360 6322 6322 6260
-9999 -9999 -9999 6014 6075 6108 6108 6146 6204 6275 6341 6402 6402 6481 6587 6669 6743 6830 6830 6899 6971 7034 6965 6878 6878 6845 6827 6772 6718 6691 6691 6681 6656 6663 6687 6687 6735 6773 6817 6923 6889 6889 6839 6816 6830 6939 6897 6897 6810 6750 6719 6723 6775 6775 6859 6932 6873 6800 6800 6730 6678 6629 6579 6521 6521 6477 6450 6426 6426 6413 6413 6410 6403 6394 6369 6356 6356 6316 6284 6275 6323 6320 6320 6268
-9999 -9999 -9999 6048 6116 6144 6144 6178 6239 6306 6379 6450 6450 6525 6611 6698 6778 6862 6862 6935 6996 7038 6962 6885 6885 6852 6835 6793 6746 6746 6717 6705 6704 6728 6782 6782 6829 6886 6933 6959 6965 6965 6928 6933 7064 7064 6992 6992 6921 6882 6891 6936 6984 6984 6967 6903 6825 6773 6773 6720 6670 6630 6582 6523 6523 6470 6433 6418 6408 6408 6408 6402 6388 6379 6365 6327 6327 6272 6266 6266 6266 6263 6263 6253
-9999 -9999 -9999 6081 6138 6173 6173 6193 6262 6333 6415 6498 6498 6576 6661 6736 6814 6891 6891 6967 7040 7031 6965 6932 6932 6912 6898 6880 6870 6870 6839 6850 6866 6898 6985 6985 7043 7081 7108 7132 7139 7139 7139 7151 7164 7126 7055 7055 6993 6979 7000 7035 7028 7028 6960 6893 6829 6786 6786 6759 6703 6663 6597 6536 6536 6486 6440 6421 6428 6429 6429 6416 6405 6401 6375 6329 6329 6295 6275 6282 6278 6279 6279 6255
-9999 -9999 -9999 6068 6130 6173 6173 6207 6269 6337 6419 6505 6505 6588 6665 6739 6815 6896 6896 6971 7047 7040 6984 6961 6961 6948 6938 6947 6955 6955 6930 6950 6944 7000 7072 7072 7140 7181 7224 7256 7273 7273 7271 7293 7299 7219 7124 7124 7082 7089 7102 7099 7053 7053 6974 6917 6874 6841 6841 6788 6733 6689 6634 6576 6576 6527 6483 6468 6468 6451 6451 6431 6421 6411 6393 6351 6351 6326 6311 6319 6313 6292 6292 6262
-9999 -9999 -9999 6038 6107 6168 6168 6214 6276 6341 6418 6505 6505 6581 6664 6740 6812 6894 6894 6976 7061 7091 7049 7000 7000 6986 6999 7042 7046 7046 7033 7081 7068 7127 7198 7198 7275 7344 7401 7421 7425 7425 7427 7440 7445 7350 7200 7200 7195 7205 7193 7151 7092 7092 7020 6962 6919 6877 6877 6817 6753 6725 6691 6638 6638 6575 6516 6523 6506 6466 6466 6435 6428 6415 6401 6377 6377 6349 6340 6336 6329 6311 6311 6273
-9999 -9999 -9999 6043 6105 6168 6168 6223 6285 6347 6422 6501 6501 6572 6654 6733 6806 6893 6893 6976 7064 7122 7124 7094 7094 7087 7118 7159 7161 7161 7194 7209 7240 7272 7362 7362 7438 7471 7481 7476 7457 7457 7435 7432 7421 7389 7333 7333 7326 7328 7298 7203 7137 7137 7085 7002 6959 6911 6911 6840 6797 6774 6732 6674 6674 6609 6575 6561 6528 6489 6489 6469 6432 6411 6412 6431 6431 6423 6393 6367 6344 6344 6309 6282
-9999 -9999 -9999 6063 6122 6178 6178 6232 6291 6351 6428 6501 6501 6563 6654 6728 6805 6891 6891 6975 7065 7136 7200 7227 7227 7263 7334 7391 7397 7397 7354 7353 7337 7332 7336 7336 7341 7349 7343 7317 7299 7299 7276 7267 7257 7275 7311 7311 7359 7427 7440 7347 7347 7242 7173 7121 7045 6983 6983 6939 6884 6828 6770 6719 6719 6682 6652 6611 6567 6525 6525 6472 6420 6392 6398 6440 6440 6437 6399 6387 6377 6377 6341 6295
-9999 -9999 -9999 6077 6132 6182 6182 6254 6315 6387 6455 6522 6522 6596 6668 6743 6815 6914 6914 6990 7069 7134 7212 7212 7269 7349 7395 7368 7313 7313 7282 7267 7267 7270 7267 7267 7265 7268 7270 7258 7236 7236 7212 7196 7191 7207 7238 7238 7299 7335 7332 7315 7315 7286 7229 7169 7110 7026 7026 6968 6917 6865 6806 6750 6750 6701 6663 6621 6577 6532 6532 6483 6433 6393 6387 6406 6406 6412 6398 6395 6385 6385 6341 6304
-9999 -9999 -9999 6070 6134 6187 6187 6267 6337 6407 6478 6544 6544 6617 6685 6757 6830 6924 6924 7003 7076 7138 7213 7213 7279 7358 7341 7306 7265 7265 7216 7191 7194 7195 7197 7197 7201 7204 7212 7193 7164 7164 7147 7133 7130 7144 7186 7186 7238 7248 7227 7220 7220 7206 7160 7163 7157 7081 7081 7004 6962 6905 6836 6776 6776 6716 6676 6640 6595 6545 6545 6493 6459 6418 6389 6374 6374 6367 6363 6359 6354 6354 6326 6299
-9999 -9999 -9999 6056 6129 6193 6193 6276 6347 6416 6489 6558 6558 6634 6702 6774 6846 6931 6931 7007 7079 7148 7223 7223 7291 7346 7312 7268 7213 7213 7154 7115 7106 7113 7118 7118 7125 7141 7149 7138 7112 7112 7088 7084 7084 7093 7114 7114 7151 7164 7152 7130 7130 7114 7056 7075 7069 6997 6997 7019 6974 6947 6896 6826 6826 6766 6707 6664 6611 6567 6567 6518 6479 6439 6398 6347 6347 6314 6304 6286 6289 6289 6278 6264
-9999 -9999 -9999 6039 6119 6198 6198 6277 6344 6418 6488 6562 6562 6642 6715 6784 6857 6931 6931 7006 7079 7149 7234 7234 7290 7326 7293 7237 7172 7172 7105 7063 7046 7042 7037 7037 7033 7048 7065 7070 7055 7055 7041 7028 7025 7039 7049 6966 6972 6975 6969 6942 6942 6909 6856 6855 6836 6787 6787 6819 6787 6779 6806 6760 6760 6697 6663 6588 6546 6499 6499 6440 6387 6341 6265 6265 6207 6177 6158 6148 6128 6128 6129 6085
-9999 -9999 -9999 6015 6093 6185 6185 6259 6318 6394 6498 6577 6577 6651 6715 6783 6851 6930 6930 7010 7070 7133 7217 7217 7312 7367 7301 7234 7161 7161 7062 6996 6949 6924 6913 6913 6904 6906 6913 6917 6907 6907 6899 6894 6891 6885 6885 6885 6892 6894 6864 6813 6813 6795 6777 6765 6741 6682 6682 6699 6665 6649 6637 6638 6638 6588 6557 6507 6473 6422 6422 6355 6309 6249 6191 6191 6149 6128 6092 6083 6046 6046 6050 6017
-9999 -9999 -9999 5996 6099 6194 6194 6259 6321 6395 6495 6577 6577 6651 6716 6787 6862 6862 6937 7014 7085 7162 7261 7261 7347 7380 7299 7247 7162 7162 7041 6974 6915 6874 6859 6859 6852 6854 6861 6865 6852 6852 6836 6819 6806 6799 6799 6799 6814 6809 6772 6746 6746 6731 6711 6685 6643 6587 6587 6584 6557 6548 6542 6536 6536 6518 6486 6445 6392 6358 6358 6294 6226 6174 6145 6145 6109 6078 6048 6000 5973 5973 5974 5963
