keck/dem30maawgs84.txt
ncols         396
nrows         170
xllcorner     -120.92893714081
yllcorner     47.463253655701
cellsize      0.000339785875
NODATA_value  -9999
[rows 74 to 110 of 170, columns 0 to 83 of 396]
-9999 -9999 -9999 6002 6088 6172 6172 6252 6315 6384 6485 6573 6573 6649 6723 6799 6865 6865 6921 7001 7072 7152 7254 7254 7353 7366 7329 7259 7166 7166 7053 6970 6903 6858 6830 6830 6820 6813 6812 6815 6806 6806 6791 6764 6750 6747 6747 6749 6759 6747 6720 6692 6692 6672 6649 6608 6564 6516 6516 6507 6491 6481 6477 6478 6478 6464 6443 6399 6341 6289 6289 6240 6185 6140 6105 6105 6067 6032 6003 5959 5925 5925 5920 5917
-9999 -9999 -9999 6023 6101 6172 6172 6258 6343 6428 6501 6574 6574 6649 6720 6790 6848 6848 6917 7002 7081 7162 7265 7265 7329 7388 7372 7269 7176 7176 7063 6973 6909 6863 6819 6819 6791 6765 6760 6760 6753 6753 6734 6714 6701 6698 6698 6706 6713 6698 6678 6650 6650 6610 6570 6540 6509 6470 6470 6432 6443 6435 6428 6422 6422 6406 6390 6365 6312 6238 6238 6182 6155 6127 6070 6070 6054 6037 5982 5924 5887 5887 5869 5853
-9999 -9999 -9999 6026 6098 6173 6173 6276 6363 6438 6507 6569 6569 6648 6708 6766 6833 6833 6916 6998 7069 7150 7241 7215 7302 7383 7409 7278 7181 7181 7075 6996 6929 6877 6826 6826 6790 6760 6734 6704 6670 6670 6637 6623 6604 6592 6592 6616 6622 6606 6611 6587 6587 6541 6486 6435 6391 6348 6348 6321 6307 6313 6316 6320 6320 6315 6308 6302 6283 6238 6238 6166 6125 6107 6084 6084 6058 6031 5980 5921 5883 5883 5846 5800
-9999 -9999 -9999 6034 6128 6220 6220 6284 6336 6396 6471 6531 6531 6600 6664 6739 6808 6808 6884 6952 7034 7094 7159 7159 7258 7356 7374 7277 7187 7187 7082 7012 6942 6889 6834 6834 6804 6773 6726 6684 6654 6654 6610 6578 6570 6566 6566 6576 6586 6596 6606 6590 6590 6554 6500 6420 6341 6290 6290 6263 6263 6267 6277 6294 6294 6295 6282 6280 6276 6276 6248 6181 6165 6129 6094 6094 6059 6013 5968 5919 5872 5872 5836 5791
-9999 -9999 -9999 6039 6116 6181 6181 6248 6313 6382 6442 6499 6499 6569 6648 6714 6778 6778 6857 6930 6998 7068 7134 7134 7226 7336 7348 7275 7187 7187 7091 7024 6960 6902 6851 6851 6816 6787 6727 6669 6669 6621 6575 6538 6534 6536 6536 6553 6581 6603 6604 6604 6604 6561 6495 6405 6320 6264 6264 6263 6263 6263 6263 6285 6285 6286 6265 6263 6263 6263 6253 6233 6198 6155 6111 6111 6082 6039 5997 5936 5876 5876 5855 5820
-9999 -9999 -9999 5999 6080 6157 6157 6235 6297 6353 6415 6415 6477 6561 6632 6688 6760 6760 6841 6910 6960 7054 7125 7125 7200 7293 7318 7270 7191 7191 7094 7027 6966 6909 6860 6860 6816 6783 6718 6650 6650 6574 6522 6487 6487 6500 6500 6524 6547 6558 6561 6547 6547 6507 6442 6366 6285 6263 6263 6263 6263 6263 6263 6274 6274 6282 6276 6263 6264 6264 6285 6290 6246 6178 6138 6138 6099 6056 6003 5942 5905 5905 5868 5830
-9999 -9999 -9999 6015 6091 6159 6159 6234 6279 6341 6388 6388 6463 6527 6597 6668 6741 6741 6824 6891 6944 7033 7123 7123 7218 7293 7297 7255 7186 7186 7088 7026 6977 6910 6851 6851 6789 6746 6688 6617 6617 6535 6460 6442 6447 6457 6457 6454 6460 6470 6411 6417 6417 6389 6340 6295 6263 6263 6263 6263 6263 6263 6266 6267 6267 6263 6269 6285 6308 6308 6327 6326 6295 6226 6167 6167 6122 6072 6036 5987 5938 5938 5895 5851
-9999 -9999 -9999 5992 6057 6110 6110 6174 6243 6301 6342 6342 6409 6480 6562 6645 6714 6714 6797 6878 6938 7018 7087 7087 7171 7253 7284 7234 7167 7167 7088 7052 7023 6966 6875 6875 6776 6678 6582 6515 6515 6449 6393 6365 6353 6357 6357 6354 6350 6353 6362 6367 6367 6355 6314 6277 6264 6272 6272 6264 6273 6276 6276 6279 6279 6280 6287 6301 6322 6322 6325 6325 6298 6237 6171 6171 6124 6071 6028 5973 5930 5930 5881 5835
-9999 -9999 -9999 5952 6025 6086 6086 6156 6212 6277 6324 6324 6385 6451 6533 6621 6698 6698 6788 6867 6920 6991 7060 7060 7126 7214 7283 7251 7176 7176 7101 7062 7032 6971 6877 6877 6792 6707 6591 6508 6508 6434 6377 6348 6326 6321 6321 6324 6324 6324 6333 6340 6340 6333 6304 6277 6279 6282 6282 6279 6286 6283 6282 6289 6289 6292 6301 6314 6324 6324 6314 6314 6297 6239 6170 6170 6111 6057 6003 5954 5900 5900 5855 5815
-9999 -9999 -9999 5924 5987 6050 6050 6122 6183 6250 6296 6296 6344 6416 6508 6602 6684 6684 6754 6826 6884 6942 6996 6996 7098 7184 7275 7275 7197 7197 7130 7062 7028 6992 6916 6916 6855 6768 6621 6519 6519 6437 6381 6341 6313 6309 6309 6309 6309 6309 6311 6321 6321 6325 6311 6291 6296 6300 6300 6300 6299 6296 6296 6296 6296 6298 6302 6314 6309 6309 6277 6290 6313 6226 6161 6161 6105 6058 6006 5952 5895 5895 5842 5786
-9999 -9999 -9999 5909 5954 5954 6021 6084 6155 6216 6271 6271 6323 6394 6466 6557 6653 6653 6711 6767 6831 6895 7015 7015 7148 7227 7286 7315 7236 7236 7154 7067 7010 6989 6989 6942 6884 6823 6644 6525 6525 6438 6383 6347 6320 6310 6310 6305 6305 6305 6305 6309 6309 6312 6310 6309 6319 6323 6323 6320 6312 6309 6309 6309 6305 6300 6299 6294 6282 6282 6275 6287 6312 6217 6154 6154 6108 6050 6000 5942 5876 5876 5816 5748
-9999 -9999 -9999 5905 5951 5951 6012 6065 6117 6176 6238 6238 6294 6346 6427 6517 6602 6602 6651 6708 6802 6903 7008 7008 7108 7191 7223 7328 7338 7338 7229 7127 6995 6923 6923 6883 6844 6781 6654 6547 6547 6464 6414 6380 6354 6328 6328 6310 6305 6305 6305 6305 6305 6322 6348 6368 6372 6363 6363 6355 6339 6322 6318 6318 6309 6296 6287 6277 6272 6272 6273 6292 6278 6211 6151 6151 6096 6042 5987 5931 5863 5863 5787 5718
-9999 -9999 -9999 5885 5934 5934 5989 6028 6060 6116 6188 6188 6251 6301 6350 6412 6493 6493 6584 6651 6718 6809 6879 6879 6943 7082 7231 7300 7343 7343 7271 7170 7037 6935 6935 6867 6794 6731 6647 6563 6563 6500 6450 6414 6381 6347 6347 6320 6312 6306 6305 6311 6311 6349 6380 6397 6395 6393 6393 6373 6328 6298 6298 6298 6294 6289 6286 6280 6272 6272 6287 6325 6266 6190 6137 6137 6082 6027 5967 5901 5835 5835 5751 5674
-9999 -9999 -9999 5868 5915 5915 5966 6014 6047 6088 6162 6162 6232 6279 6325 6391 6463 6463 6543 6608 6672 6735 6839 6839 6946 7065 7221 7212 7285 7285 7325 7221 7094 6960 6960 6868 6778 6716 6655 6586 6586 6532 6490 6447 6408 6374 6374 6341 6320 6310 6306 6305 6305 6343 6378 6403 6409 6397 6397 6345 6287 6246 6273 6273 6274 6278 6278 6275 6256 6256 6278 6304 6240 6165 6105 6105 6063 6025 5959 5871 5784 5784 5698 5618
-9999 -9999 -9999 5862 5913 5913 5964 6014 6054 6097 6169 6169 6232 6276 6315 6357 6418 6418 6477 6530 6604 6695 6806 6806 6893 6990 7066 7061 7243 7243 7367 7287 7142 6995 6995 6877 6778 6723 6679 6630 6630 6566 6516 6473 6433 6393 6393 6356 6330 6316 6310 6305 6305 6311 6350 6378 6375 6375 6339 6290 6235 6205 6214 6214 6217 6236 6241 6231 6222 6222 6243 6244 6209 6144 6072 6072 6033 6003 5947 5870 5768 5768 5648 5570
-9999 -9999 -9999 5866 5913 5913 5967 6021 6073 6117 6164 6164 6229 6261 6298 6338 6382 6382 6445 6513 6586 6668 6737 6737 6830 6921 6935 6970 6970 7226 7388 7368 7187 7046 7046 6916 6795 6749 6706 6667 6667 6600 6542 6493 6453 6410 6410 6371 6348 6330 6319 6310 6310 6303 6292 6285 6266 6266 6227 6182 6148 6113 6093 6093 6093 6119 6126 6117 6122 6122 6125 6120 6103 6060 6006 6006 5947 5875 5820 5768 5684 5684 5594 5522
-9999 -9999 -9999 5890 5941 5941 5988 6031 6095 6156 6188 6188 6217 6240 6257 6276 6308 6308 6347 6422 6498 6574 6628 6628 6695 6781 6862 6955 6955 7169 7390 7450 7321 7172 7172 7056 6945 6836 6792 6748 6748 6682 6611 6554 6502 6463 6463 6439 6394 6361 6343 6323 6323 6310 6290 6274 6254 6254 6229 6178 6125 6092 6064 6064 6057 6074 6077 6068 6060 6060 6060 6048 6031 6007 5975 5975 5921 5843 5765 5716 5649 5649 5561 5491
-9999 -9999 -9999 5899 5948 5948 5992 6049 6114 6166 6186 6186 6205 6225 6238 6254 6279 6279 6328 6392 6453 6517 6597 6597 6693 6798 6875 6975 6975 7200 7412 7479 7370 7209 7209 7100 7002 6916 6866 6804 6804 6734 6669 6596 6546 6502 6502 6468 6423 6380 6360 6337 6337 6317 6300 6290 6276 6276 6231 6177 6130 6096 6068 6068 6029 6032 6035 6007 5997 5997 5988 5972 5955 5949 5935 5935 5886 5820 5723 5670 5601 5601 5527 5461
-9999 -9999 -9999 5908 5965 5965 6008 6063 6140 6170 6183 6183 6193 6205 6211 6231 6261 6261 6308 6398 6469 6516 6581 6581 6705 6823 6893 6982 6982 7227 7411 7466 7370 7235 7235 7132 7050 6994 6929 6858 6858 6786 6714 6641 6578 6529 6529 6490 6463 6422 6380 6353 6353 6330 6304 6279 6234 6234 6184 6132 6095 6075 6054 6054 6028 5973 5971 5957 5937 5937 5923 5901 5880 5889 5884 5884 5837 5773 5688 5607 5546 5546 5490 5424
-9999 -9999 -9999 5914 5994 5994 6043 6080 6156 6181 6187 6187 6190 6190 6194 6217 6244 6244 6294 6390 6467 6531 6623 6623 6730 6826 6910 7002 7002 7239 7392 7471 7369 7269 7269 7203 7180 7075 6959 6888 6888 6816 6743 6687 6613 6561 6561 6544 6526 6478 6441 6385 6385 6344 6289 6228 6172 6172 6125 6093 6066 6040 6018 6018 6003 5967 5915 5915 5882 5882 5858 5829 5817 5828 5829 5829 5779 5707 5648 5574 5554 5501 5427 5385
-9999 -9999 -9999 5915 6011 6011 6086 6143 6198 6204 6197 6197 6194 6201 6198 6209 6234 6234 6278 6386 6460 6521 6521 6621 6732 6834 6923 7066 7066 7277 7351 7370 7442 7527 7527 7498 7337 7174 7037 6946 6946 6884 6807 6746 6704 6676 6676 6669 6636 6591 6539 6539 6430 6341 6290 6218 6152 6152 6093 6036 6006 5972 5946 5946 5920 5906 5874 5834 5800 5800 5759 5744 5722 5714 5704 5704 5674 5629 5574 5533 5533 5488 5420 5430
-9999 -9999 -9999 5901 6009 6009 6099 6156 6210 6240 6238 6238 6234 6246 6254 6251 6247 6247 6265 6319 6424 6523 6523 6634 6789 6893 7008 7156 7156 7234 7250 7374 7481 7589 7589 7577 7404 7234 7075 6967 6967 6901 6826 6782 6746 6718 6718 6715 6679 6623 6563 6563 6468 6359 6300 6216 6151 6151 6097 6058 6036 5997 5950 5950 5920 5900 5877 5839 5789 5789 5756 5727 5706 5688 5674 5674 5640 5601 5549 5505 5505 5467 5439 5474
-9999 -9999 -9999 5892 5986 5986 6068 6133 6208 6254 6270 6270 6267 6264 6275 6283 6284 6284 6291 6334 6441 6559 6559 6660 6805 6896 6965 7003 7003 7129 7263 7403 7498 7602 7602 7559 7443 7285 7113 6980 6980 6907 6865 6835 6792 6764 6764 6754 6716 6660 6597 6597 6530 6446 6353 6242 6162 6162 6119 6085 6049 6003 5955 5955 5931 5914 5883 5856 5818 5818 5785 5748 5723 5699 5673 5673 5653 5627 5575 5502 5502 5465 5481 5512
-9999 -9999 -9999 5879 5971 5971 6061 6123 6196 6253 6281 6281 6290 6290 6295 6308 6325 6325 6354 6373 6448 6562 6562 6662 6781 6859 6890 6982 6982 7156 7282 7417 7512 7594 7594 7537 7445 7310 7144 7010 7010 6963 6916 6890 6843 6829 6829 6793 6753 6701 6642 6642 6572 6508 6413 6296 6201 6201 6144 6119 6066 6017 5981 5981 5960 5937 5908 5885 5865 5865 5839 5789 5765 5761 5747 5747 5719 5675 5634 5589 5589 5526 5513 5552
-9999 -9999 -9999 5869 5958 5958 6047 6123 6193 6243 6277 6277 6298 6313 6323 6338 6364 6364 6394 6427 6479 6558 6558 6654 6759 6835 6929 7031 7031 7184 7306 7413 7487 7561 7561 7547 7446 7322 7187 7111 7111 7023 6992 6948 6923 6920 6920 6863 6797 6731 6664 6664 6589 6532 6462 6351 6298 6298 6246 6180 6129 6090 6050 6050 6022 5993 5963 5956 5954 5954 5954 5982 5989 5959 5890 5890 5860 5829 5764 5713 5713 5654 5600 5627
-9999 -9999 -9999 5851 5931 5911 6011 6082 6141 6183 6229 6229 6273 6319 6359 6385 6418 6418 6457 6506 6564 6646 6646 6721 6800 6881 6985 7101 7101 7212 7295 7381 7462 7573 7573 7661 7536 7444 7358 7297 7297 7241 7182 7153 7130 7130 7067 7021 6947 6839 6733 6733 6653 6584 6505 6413 6367 6367 6289 6222 6182 6141 6099 6099 6070 6027 6013 6023 6032 6032 6050 6079 6085 6025 6025 5976 5949 5903 5857 5826 5826 5725 5640 5660
-9999 -9999 -9999 5809 5883 5883 5964 6028 6096 6148 6205 6205 6260 6302 6347 6382 6382 6420 6475 6524 6587 6659 6659 6734 6822 6910 7008 7099 7099 7167 7270 7393 7480 7568 7568 7635 7632 7600 7492 7547 7547 7449 7355 7279 7185 7185 7113 7080 7016 6906 6782 6782 6692 6607 6540 6483 6421 6421 6342 6279 6246 6215 6186 6186 6125 6099 6112 6119 6134 6134 6178 6200 6173 6121 6121 6081 6015 5977 5923 5867 5867 5765 5685 5697
-9999 -9999 -9999 5793 5854 5854 5913 5987 6044 6122 6179 6179 6246 6292 6335 6378 6378 6423 6478 6541 6615 6676 6676 6741 6822 6908 6967 7069 7069 7173 7270 7358 7418 7502 7502 7605 7639 7624 7624 7647 7647 7566 7465 7359 7230 7230 7161 7117 7049 6945 6806 6806 6721 6647 6576 6536 6472 6472 6377 6343 6317 6304 6255 6255 6190 6198 6218 6226 6232 6232 6257 6268 6257 6221 6221 6160 6091 6045 5980 5882 5882 5768 5750 5743
-9999 -9999 -9999 5777 5826 5826 5881 5946 6016 6087 6154 6154 6222 6276 6325 6368 6368 6413 6471 6543 6612 6664 6664 6726 6812 6862 6942 7049 7049 7171 7241 7289 7385 7491 7491 7561 7591 7606 7618 7636 7636 7603 7503 7418 7334 7334 7247 7162 7069 6962 6853 6853 6766 6696 6642 6583 6508 6508 6445 6426 6411 6392 6337 6337 6278 6278 6289 6296 6311 6311 6325 6315 6302 6267 6267 6193 6133 6087 6014 5894 5894 5875 5852 5944
-9999 -9999 -9999 5763 5799 5799 5858 5923 5984 6068 6136 6136 6205 6262 6311 6351 6351 6393 6441 6522 6582 6629 6629 6691 6745 6832 6930 7017 7017 7099 7173 7275 7323 7416 7416 7456 7465 7533 7601 7626 7626 7633 7580 7537 7477 7477 7393 7307 7254 7168 6994 6994 6908 6812 6714 6651 6607 6607 6598 6572 6549 6497 6456 6456 6446 6442 6454 6462 6462 6462 6458 6410 6339 6287 6287 6241 6179 6100 6035 6066 6066 6082 6070 6038
-9999 -9999 -9999 5736 5777 5777 5832 5885 5937 6001 6060 6060 6119 6185 6239 6282 6282 6334 6374 6420 6483 6539 6539 6607 6678 6766 6869 6955 6955 7067 7144 7198 7301 7379 7379 7389 7463 7537 7594 7629 7629 7665 7673 7617 7545 7545 7472 7374 7304 7247 7088 7088 6948 6855 6767 6702 6657 6657 6655 6636 6608 6555 6516 6516 6508 6501 6512 6527 6525 6525 6500 6439 6372 6312 6312 6269 6225 6120 6108 6147 6147 6153 6152 6116
-9999 -9999 -9999 5736 5777 5777 5823 5869 5917 5969 5969 6019 6076 6132 6195 6251 6251 6296 6324 6356 6416 6486 6486 6569 6640 6706 6818 6985 6985 7033 7033 7127 7234 7305 7305 7398 7469 7515 7557 7557 7631 7684 7740 7708 7628 7628 7547 7440 7356 7283 7150 7150 6980 6906 6828 6756 6712 6712 6702 6682 6663 6614 6574 6574 6567 6554 6558 6583 6583 6581 6542 6478 6401 6331 6331 6289 6229 6191 6198 6226 6226 6226 6232 6199
-9999 -9999 -9999 5731 5767 5767 5812 5853 5895 5934 5934 5979 6031 6090 6155 6213 6213 6249 6279 6320 6367 6426 6426 6489 6569 6641 6764 6886 6886 6914 7006 7135 7245 7324 7324 7393 7417 7459 7542 7542 7642 7697 7756 7790 7734 7734 7680 7567 7453 7355 7217 7217 7094 6981 6900 6819 6762 6762 6745 6728 6712 6682 6647 6647 6638 6612 6618 6645 6645 6633 6581 6502 6435 6376 6376 6309 6249 6278 6280 6289 6289 6290 6281 6258
-9999 -9999 -9999 5725 5759 5759 5800 5836 5872 5909 5909 5945 6005 6055 6113 6156 6156 6199 6236 6275 6323 6366 6366 6424 6499 6603 6691 6751 6751 6875 7004 7114 7229 7301 7301 7320 7372 7452 7535 7535 7621 7698 7765 7830 7837 7837 7794 7646 7544 7463 7322 7322 7155 7066 6946 6887 6839 6839 6822 6890 6855 6836 6807 6807 6788 6772 6763 6728 6728 6668 6607 6540 6472 6403 6403 6395 6431 6447 6454 6404 6404 6429 6423 6383
-9999 -9999 -9999 5718 5752 5752 5790 5821 5843 5873 5873 5909 5942 5977 6013 6057 6057 6099 6143 6194 6245 6282 6282 6348 6447 6514 6592 6705 6705 6827 6955 7033 7109 7169 7169 7289 7402 7463 7528 7528 7609 7701 7768 7830 7862 7862 7834 7703 7610 7531 7474 7474 7396 7304 7249 7189 7130 7130 7074 7014 6963 6965 6955 6955 6896 6843 6797 6765 6765 6720 6665 6591 6501 6482 6482 6495 6502 6511 6512 6486 6486 6504 6484 6436
-9999 -9999 -9999 5696 5732 5732 5764 5795 5823 5856 5856 5893 5923 5949 5980 6019 6019 6061 6101 6143 6211 6253 6253 6323 6414 6505 6588 6697 6697 6806 6883 6949 6985 7119 7119 7269 7368 7446 7537 7537 7638 7703 7761 7806 7826 7826 7814 7754 7692 7645 7609 7609 7482 7421 7351 7302 7252 7252 7183 7136 7091 7053 7040 7040 7000 6910 6837 6808 6808 6753 6700 6631 6585 6582 6582 6581 6570 6585 6590 6597 6597 6560 6526 6480
-9999 -9999 -9999 5679 5679 5712 5748 5775 5804 5840 5840 5875 5905 5929 5955 5991 5991 6026 6065 6108 6162 6224 6224 6278 6395 6492 6575 6669 6669 6771 6832 6889 6965 6965 7076 7193 7349 7451 7517 7517 7581 7626 7693 7741 7787 7787 7803 7791 7752 7707 7639 7639 7570 7491 7444 7400 7323 7323 7275 7237 7174 7127 7127 7087 7021 6935 6869 6837 6837 6788 6738 6683 6656 6657 6657 6637 6642 6664 6685 6699 6699 6646 6587 6545
