keck/dem30maawgs84.txt
ncols         396
nrows         170
xllcorner     -120.92893714081
yllcorner     47.463253655701
cellsize      0.000339785875
NODATA_value  -9999
[rows 37 to 73 of 170, columns 168 to 251 of 396]
7393 7393 7310 7306 7301 7291 7261 7261 7208 7179 7153 7124 7088 7088 7052 7005 6940 6904 6890 6890 6869 6870 6877 6885 6885 6875 6814 6742 6721 6671 6671 6609 6522 6496 6474 6445 6445 6443 6423 6360 6337 6347 6347 6290 6340 6346 6244 6193 6193 6158 6153 6084 6031 6031 6071 6102 6069 6044 6032 6032 6019 6004 5967 5922 5894 5894 5881 5847 5777 5717 5647 5647 5591 5545 5506 5463 5414 5414 5349 5286 5228 5157 5157 5121
7262 7262 7225 7226 7231 7228 7201 7201 7147 7100 7070 7052 7024 7024 6984 6938 6864 6822 6804 6804 6783 6795 6810 6814 6814 6811 6768 6667 6645 6614 6614 6553 6472 6402 6400 6372 6372 6333 6311 6263 6256 6273 6273 6204 6238 6279 6189 6107 6107 6084 6083 6016 5977 5977 6012 6042 6018 5985 5965 5965 5943 5917 5894 5859 5821 5821 5810 5792 5740 5681 5601 5601 5542 5501 5466 5420 5361 5361 5300 5250 5188 5133 5133 5086
7193 7193 7155 7149 7149 7149 7141 7141 7106 7052 7003 6980 6947 6947 6908 6857 6781 6734 6714 6714 6698 6717 6725 6717 6717 6725 6700 6606 6558 6528 6528 6478 6428 6348 6299 6296 6296 6255 6205 6176 6190 6218 6218 6130 6151 6194 6132 6039 6039 6006 6005 5952 5892 5892 5942 5980 5968 5902 5886 5886 5867 5847 5819 5789 5751 5751 5736 5723 5702 5641 5566 5566 5510 5466 5420 5365 5365 5310 5263 5209 5149 5104 5104 5061
7123 7123 7086 7073 7079 7083 7086 7086 7063 7016 6950 6901 6865 6865 6829 6785 6727 6665 6644 6644 6628 6645 6653 6638 6638 6647 6631 6572 6485 6444 6444 6413 6355 6293 6225 6186 6186 6206 6125 6087 6130 6148 6148 6056 6066 6110 6064 5974 5974 5926 5919 5861 5811 5811 5850 5898 5905 5840 5811 5811 5789 5768 5746 5723 5688 5688 5663 5650 5634 5592 5532 5532 5479 5434 5370 5313 5313 5270 5224 5166 5116 5069 5069 5027
7045 7045 7022 6997 7003 7010 7020 7020 7015 6973 6914 6846 6784 6784 6751 6719 6670 6604 6566 6566 6553 6563 6568 6544 6544 6557 6539 6521 6461 6360 6360 6325 6286 6155 6091 6036 6036 5995 5952 5915 5949 5932 5932 5894 5884 5913 5907 5907 5848 5767 5743 5696 5668 5668 5710 5737 5732 5701 5650 5650 5621 5610 5598 5585 5559 5559 5513 5509 5499 5486 5441 5441 5375 5339 5314 5279 5279 5217 5147 5086 5049 4996 4996 4935
6887 6887 6884 6869 6850 6869 6880 6880 6891 6889 6849 6778 6711 6711 6641 6593 6552 6509 6470 6470 6421 6400 6406 6395 6395 6376 6368 6339 6349 6293 6293 6217 6144 6090 6031 5981 5981 5929 5872 5846 5873 5837 5837 5796 5798 5822 5832 5832 5789 5691 5653 5607 5609 5609 5634 5648 5644 5619 5587 5587 5534 5521 5509 5493 5467 5467 5434 5438 5430 5416 5383 5383 5316 5273 5248 5230 5230 5196 5137 5072 5006 4951 4951 4886
6805 6805 6808 6802 6781 6802 6820 6820 6836 6841 6817 6752 6683 6683 6617 6545 6491 6453 6453 6405 6358 6329 6323 6312 6312 6287 6287 6265 6275 6235 6235 6182 6127 6064 5988 5923 5923 5873 5815 5766 5786 5775 5775 5717 5726 5728 5728 5728 5698 5616 5562 5537 5547 5547 5564 5567 5561 5536 5507 5507 5447 5426 5417 5407 5392 5392 5353 5354 5348 5332 5304 5304 5237 5199 5179 5171 5171 5160 5100 5050 4961 4898 4898 4837
6734 6734 6728 6724 6709 6729 6747 6747 6769 6791 6790 6727 6658 6658 6590 6528 6451 6383 6383 6341 6305 6254 6243 6231 6231 6209 6213 6189 6194 6180 6180 6132 6064 5994 5987 5914 5914 5803 5752 5695 5709 5708 5708 5641 5645 5646 5611 5611 5589 5544 5480 5447 5469 5469 5491 5482 5442 5432 5414 5414 5369 5338 5337 5328 5308 5308 5277 5273 5263 5249 5216 5216 5164 5138 5113 5124 5124 5110 5072 4962 4880 4839 4839 4788
6678 6678 6640 6647 6631 6656 6672 6672 6705 6732 6743 6703 6621 6621 6556 6499 6433 6361 6361 6295 6236 6195 6144 6135 6135 6125 6121 6107 6110 6100 6100 6087 5991 5929 5876 5842 5842 5774 5679 5623 5617 5634 5634 5576 5562 5559 5519 5519 5498 5463 5404 5365 5396 5396 5403 5398 5369 5332 5300 5300 5255 5239 5239 5233 5152 5152 5133 5133 5130 5122 5089 5089 5041 4972 4946 4922 4922 4875 4822 4767 4739 4717 4717 4679
6622 6622 6574 6568 6557 6582 6544 6544 6576 6619 6637 6638 6613 6613 6530 6441 6364 6310 6310 6258 6194 6134 6075 6003 6003 5973 5968 5953 5961 5928 5928 5943 5903 5816 5752 5699 5699 5645 5591 5518 5458 5466 5466 5429 5387 5378 5352 5352 5322 5303 5262 5212 5232 5232 5230 5217 5192 5149 5123 5123 5093 5094 5098 5096 5087 5087 5077 5086 5080 5067 5067 5036 4990 4899 4850 4828 4828 4796 4741 4704 4687 4662 4662 4621
6503 6503 6470 6428 6427 6455 6484 6484 6515 6540 6556 6561 6554 6554 6521 6445 6351 6256 6256 6207 6162 6108 6047 5971 5971 5913 5895 5877 5875 5842 5842 5838 5820 5759 5692 5637 5637 5588 5539 5480 5403 5403 5374 5351 5301 5305 5280 5280 5238 5221 5177 5143 5160 5160 5151 5129 5106 5069 5047 5047 5028 5035 5043 5037 5033 5033 5018 5016 5016 5010 5010 4979 4922 4851 4787 4748 4748 4723 4682 4638 4627 4602 4602 4567
6434 6434 6404 6365 6352 6391 6426 6426 6468 6467 6464 6465 6469 6469 6453 6432 6357 6244 6244 6142 6113 6083 6017 5938 5938 5881 5817 5797 5786 5773 5773 5756 5750 5680 5624 5578 5578 5532 5483 5431 5370 5370 5301 5272 5223 5217 5192 5192 5163 5132 5091 5065 5075 5075 5066 5038 5020 4999 4984 4984 4976 4983 4988 4981 4972 4972 4949 4941 4934 4919 4919 4897 4851 4790 4731 4672 4672 4653 4624 4583 4556 4542 4542 4527
6371 6371 6349 6316 6285 6321 6370 6370 6428 6403 6364 6357 6357 6354 6354 6356 6329 6240 6240 6115 6033 6041 5981 5911 5911 5851 5782 5739 5713 5695 5695 5673 5648 5606 5564 5517 5517 5463 5419 5380 5330 5330 5266 5203 5165 5145 5121 5121 5088 5050 5016 4994 5003 5003 4994 4966 4951 4939 4928 4928 4925 4934 4932 4922 4903 4903 4880 4869 4859 4840 4840 4805 4762 4711 4662 4607 4607 4572 4559 4543 4525 4514 4514 4511
6344 6344 6298 6270 6233 6266 6330 6330 6381 6377 6279 6255 6255 6246 6252 6269 6265 6162 6162 6083 5970 5970 5950 5885 5885 5819 5765 5714 5657 5634 5634 5596 5580 5544 5501 5456 5407 5358 5306 5253 5215 5215 5179 5139 5071 5030 4995 4995 4972 4934 4903 4887 4874 4874 4854 4829 4799 4792 4796 4796 4812 4823 4814 4794 4762 4762 4745 4729 4706 4674 4674 4644 4614 4582 4556 4530 4530 4517 4514 4511 4507 4504 4504 4501
6277 6277 6211 6153 6115 6153 6208 6208 6266 6308 6280 6167 6167 6062 6036 6082 6093 6069 6069 5974 5898 5844 5841 5794 5794 5752 5709 5666 5614 5559 5559 5492 5445 5416 5389 5350 5350 5301 5253 5192 5140 5140 5120 5095 5044 4975 4941 4941 4911 4891 4859 4845 4827 4827 4802 4780 4750 4733 4740 4740 4751 4758 4746 4726 4704 4704 4687 4671 4652 4625 4625 4594 4561 4547 4522 4514 4514 4511 4511 4507 4504 4504 4504 4504
6225 6225 6179 6115 6059 6096 6140 6140 6234 6249 6209 6194 6194 6078 5968 5956 5991 5971 5971 5909 5847 5773 5749 5721 5721 5691 5659 5613 5565 5522 5522 5468 5397 5337 5307 5268 5268 5228 5183 5132 5069 5069 5044 5024 4995 4934 4893 4893 4869 4838 4804 4789 4769 4769 4747 4726 4704 4693 4699 4699 4705 4709 4700 4681 4681 4659 4646 4634 4612 4593 4593 4568 4557 4545 4525 4515 4515 4511 4511 4507 4507 4507 4507 4507
6147 6147 6131 6068 5988 6024 6116 6116 6154 6168 6121 6123 6123 6060 5950 5873 5889 5877 5877 5819 5753 5709 5673 5639 5639 5618 5581 5541 5508 5472 5472 5430 5370 5289 5220 5185 5185 5153 5117 5076 5015 5015 4975 4955 4926 4879 4831 4831 4818 4786 4757 4739 4724 4724 4704 4684 4661 4656 4669 4669 4676 4677 4662 4642 4642 4628 4606 4596 4589 4580 4580 4571 4563 4551 4520 4514 4514 4511 4511 4511 4511 4511 4511 4511
6058 6058 6054 6005 5923 5986 6054 6054 6084 6067 6037 6046 6046 6000 5925 5838 5782 5784 5784 5743 5654 5624 5586 5555 5555 5526 5503 5471 5438 5409 5409 5376 5329 5263 5185 5185 5124 5091 5062 5032 4988 4988 4919 4879 4851 4816 4776 4776 4762 4746 4720 4700 4687 4687 4666 4651 4632 4634 4635 4635 4641 4644 4633 4609 4609 4596 4596 4593 4571 4557 4557 4547 4528 4520 4518 4517 4517 4520 4521 4525 4531 4532 4532 4536
5967 5967 5965 5931 5870 5915 5948 5948 5998 5880 5854 5832 5832 5805 5769 5737 5698 5640 5640 5602 5548 5480 5427 5402 5402 5357 5340 5305 5268 5245 5245 5219 5192 5154 5120 5120 5064 4990 4933 4888 4854 4854 4810 4769 4737 4723 4698 4698 4671 4661 4651 4635 4632 4632 4629 4625 4625 4625 4625 4625 4622 4613 4600 4598 4598 4595 4582 4560 4553 4547 4547 4535 4530 4535 4536 4538 4538 4541 4550 4561 4574 4578 4578 4582
5813 5813 5813 5792 5745 5757 5757 5808 5810 5785 5768 5748 5748 5714 5683 5654 5616 5580 5580 5529 5488 5430 5372 5327 5327 5289 5261 5238 5215 5188 5188 5146 5111 5081 5048 5048 5012 4959 4905 4847 4787 4787 4760 4737 4705 4678 4662 4662 4643 4635 4632 4629 4625 4625 4622 4622 4622 4624 4625 4625 4625 4617 4604 4594 4594 4574 4558 4551 4547 4540 4540 4538 4544 4553 4561 4567 4567 4571 4577 4596 4612 4623 4623 4624
5746 5746 5742 5724 5688 5701 5701 5739 5739 5717 5691 5663 5663 5632 5596 5569 5550 5520 5520 5477 5418 5370 5328 5283 5283 5227 5189 5166 5143 5108 5108 5074 5045 5015 4986 4986 4954 4902 4853 4801 4758 4758 4718 4701 4681 4649 4632 4632 4625 4622 4619 4619 4616 4616 4616 4619 4622 4625 4634 4634 4640 4630 4610 4594 4594 4577 4561 4554 4551 4553 4553 4553 4560 4574 4587 4600 4600 4605 4613 4635 4649 4656 4656 4656
5676 5676 5686 5671 5628 5620 5620 5651 5659 5640 5609 5580 5580 5556 5537 5517 5487 5455 5455 5425 5373 5316 5279 5233 5233 5184 5137 5111 5081 5049 5049 5005 4982 4953 4921 4921 4881 4839 4794 4758 4728 4728 4692 4665 4645 4629 4619 4619 4611 4608 4609 4609 4609 4609 4612 4616 4621 4634 4645 4645 4653 4637 4612 4591 4591 4576 4561 4563 4563 4570 4570 4571 4586 4606 4626 4643 4643 4650 4656 4668 4679 4685 4685 4686
5611 5611 5630 5619 5568 5554 5554 5570 5568 5556 5537 5520 5520 5500 5473 5445 5415 5392 5392 5363 5321 5279 5224 5181 5181 5142 5103 5059 5027 4990 4990 4945 4909 4881 4851 4851 4816 4777 4747 4672 4646 4646 4619 4599 4599 4596 4596 4596 4593 4593 4595 4598 4602 4602 4603 4606 4617 4640 4640 4665 4687 4672 4640 4594 4594 4564 4572 4592 4609 4629 4629 4645 4659 4678 4695 4707 4707 4718 4725 4726 4731 4735 4735 4737
5473 5473 5475 5458 5426 5421 5421 5438 5434 5415 5392 5375 5375 5359 5337 5317 5300 5281 5281 5251 5216 5177 5135 5108 5108 5067 5020 4978 4928 4928 4879 4839 4800 4754 4733 4733 4713 4681 4651 4625 4603 4603 4596 4593 4590 4589 4589 4589 4586 4586 4588 4589 4593 4593 4596 4596 4598 4610 4610 4622 4619 4614 4596 4576 4576 4563 4592 4616 4641 4662 4662 4678 4698 4717 4731 4741 4741 4751 4755 4758 4754 4750 4750 4757
5413 5413 5405 5382 5359 5360 5360 5357 5348 5336 5323 5309 5309 5294 5277 5267 5245 5222 5222 5189 5146 5110 5082 5055 5055 5019 4977 4932 4883 4883 4837 4784 4744 4717 4675 4675 4647 4622 4603 4596 4593 4593 4589 4589 4587 4586 4586 4586 4586 4586 4586 4586 4586 4586 4586 4586 4583 4583 4583 4585 4583 4576 4567 4569 4569 4589 4624 4652 4672 4694 4694 4717 4737 4757 4768 4780 4780 4790 4792 4792 4785 4782 4782 4797
5340 5349 5336 5313 5300 5294 5294 5281 5267 5269 5257 5240 5240 5220 5193 5189 5175 5143 5143 5104 5077 5058 5032 4996 4996 4967 4928 4889 4846 4846 4805 4764 4717 4677 4641 4641 4604 4596 4596 4594 4593 4593 4589 4586 4586 4589 4589 4589 4586 4586 4586 4586 4586 4586 4586 4584 4583 4583 4583 4583 4581 4577 4584 4599 4599 4625 4658 4685 4707 4731 4731 4754 4773 4794 4807 4817 4817 4827 4831 4828 4824 4826 4826 4836
5289 5294 5281 5254 5250 5245 5245 5231 5218 5204 5179 5148 5148 5120 5108 5102 5089 5066 5066 5038 5018 4992 4976 4954 4954 4921 4888 4850 4813 4813 4777 4738 4695 4656 4632 4632 4608 4603 4599 4596 4593 4593 4586 4586 4586 4586 4589 4589 4586 4586 4589 4589 4589 4589 4586 4589 4589 4592 4592 4593 4593 4593 4607 4645 4645 4675 4708 4734 4751 4771 4771 4830 4845 4862 4881 4899 4899 4909 4916 4916 4910 4906 4906 4900
5243 5241 5222 5211 5214 5206 5206 5190 5160 5133 5110 5084 5028 4999 4985 4973 4962 4953 4953 4940 4926 4908 4879 4858 4858 4839 4809 4780 4748 4748 4714 4679 4646 4632 4622 4622 4613 4604 4597 4593 4590 4590 4586 4586 4586 4586 4586 4586 4586 4586 4586 4586 4586 4586 4588 4589 4593 4597 4597 4612 4647 4685 4717 4753 4753 4777 4799 4822 4836 4852 4852 4866 4882 4901 4917 4934 4934 4947 4958 4962 4959 4959 4953 4944
5179 5170 5151 5140 5139 5127 5127 5104 5069 5036 5007 4986 4986 4964 4954 4934 4923 4914 4914 4901 4881 4867 4845 4822 4822 4802 4773 4744 4714 4714 4682 4653 4635 4625 4616 4616 4609 4606 4597 4594 4589 4589 4586 4586 4586 4586 4586 4586 4586 4586 4586 4586 4586 4586 4588 4593 4604 4629 4629 4665 4700 4730 4766 4795 4795 4819 4840 4858 4875 4891 4891 4908 4921 4934 4947 4967 4967 4993 5010 5015 5012 5012 5008 4999
5163 5150 5121 5109 5106 5088 5088 5066 5037 5000 4983 4967 4967 4954 4935 4915 4908 4896 4896 4876 4858 4836 4813 4787 4787 4761 4738 4712 4682 4682 4659 4636 4623 4612 4606 4606 4603 4596 4589 4589 4586 4586 4589 4586 4586 4586 4586 4586 4586 4586 4586 4586 4586 4586 4593 4608 4642 4675 4675 4711 4747 4781 4808 4829 4829 4854 4875 4895 4914 4931 4931 4944 4955 4968 4990 5014 5014 5036 5056 5061 5061 5061 5054 5042
5123 5104 5075 5074 5068 5058 5058 5039 5014 4988 4968 4954 4954 4944 4925 4915 4912 4900 4900 4879 4847 4820 4793 4793 4761 4735 4708 4682 4663 4663 4646 4630 4616 4606 4599 4599 4589 4586 4589 4588 4593 4593 4589 4586 4586 4586 4586 4586 4586 4586 4586 4589 4589 4593 4606 4644 4680 4713 4713 4749 4789 4816 4839 4864 4864 4888 4911 4933 4950 4968 4968 4993 5010 5027 5040 5063 5063 5082 5099 5109 5112 5112 5104 5088
5078 5068 5059 5049 5042 5035 5035 5016 4997 4981 4964 4950 4950 4938 4928 4922 4921 4915 4915 4880 4844 4807 4772 4772 4741 4718 4692 4669 4653 4653 4640 4623 4607 4600 4597 4597 4587 4592 4599 4599 4596 4596 4590 4586 4586 4586 4586 4586 4586 4586 4593 4609 4609 4642 4668 4700 4736 4774 4774 4818 4854 4885 4914 4940 4940 4968 5006 5040 5066 5089 5089 5105 5125 5142 5156 5166 5166 5176 5189 5215 5245 5245 5253 5217
5125 5116 5095 5059 5022 4994 4994 4981 4968 4957 4944 4928 4928 4920 4910 4897 4881 4865 4865 4836 4804 4768 4738 4738 4711 4685 4668 4652 4636 4636 4625 4616 4610 4606 4603 4603 4594 4586 4596 4593 4590 4590 4589 4586 4586 4586 4586 4586 4586 4592 4618 4655 4655 4688 4714 4735 4762 4805 4805 4848 4889 4921 4950 4989 4989 5032 5068 5099 5125 5149 5149 5175 5198 5219 5239 5255 5255 5278 5302 5327 5356 5356 5386 5352
5153 5158 5140 5103 5040 5000 5000 4978 4958 4940 4925 4912 4912 4898 4875 4862 4841 4832 4832 4810 4781 4749 4718 4718 4692 4672 4662 4648 4633 4633 4625 4619 4613 4607 4603 4603 4599 4587 4592 4593 4589 4589 4586 4586 4586 4586 4586 4586 4589 4615 4661 4700 4700 4734 4758 4780 4803 4844 4844 4886 4924 4960 5005 5049 5049 5091 5127 5162 5208 5244 5244 5271 5287 5310 5335 5356 5356 5379 5407 5443 5508 5508 5582 5415
5149 5156 5151 5117 5040 4991 4991 4975 4959 4950 4936 4926 4926 4906 4881 4847 4819 4793 4793 4776 4754 4731 4708 4708 4689 4672 4659 4640 4632 4632 4633 4626 4620 4610 4603 4603 4599 4588 4588 4589 4586 4586 4586 4586 4586 4586 4589 4589 4606 4657 4700 4746 4746 4783 4810 4830 4849 4884 4884 4923 4962 5012 5065 5111 5111 5158 5219 5273 5313 5336 5336 5355 5371 5388 5407 5407 5431 5460 5490 5559 5639 5639 5651 5448
5123 5126 5123 5092 5026 4995 4995 5005 4995 4985 4965 4949 4949 4930 4907 4878 4830 4776 4776 4755 4735 4718 4705 4705 4686 4672 4663 4647 4645 4645 4643 4633 4623 4610 4600 4600 4596 4594 4587 4586 4586 4586 4586 4589 4592 4597 4597 4617 4651 4693 4739 4788 4788 4829 4853 4873 4891 4923 4923 4963 5015 5074 5126 5190 5190 5261 5321 5368 5391 5405 5405 5417 5435 5457 5535 5535 5558 5610 5682 5766 5730 5730 5611 5507
5107 5085 5073 5047 5023 5046 5046 5051 5045 5023 4999 4976 4976 4953 4927 4924 4868 4868 4861 4859 4837 4803 4770 4770 4749 4726 4703 4679 4663 4663 4648 4639 4630 4614 4604 4604 4599 4596 4590 4587 4586 4586 4593 4621 4655 4687 4687 4717 4745 4773 4818 4868 4868 4911 4940 4964 4990 5019 5019 5080 5146 5218 5306 5379 5379 5433 5482 5506 5523 5540 5540 5556 5567 5590 5620 5620 5667 5735 5790 5807 5699 5699 5613 5577
