ahotovec/data/depth_0047.asc
ncols     164
nrows     146
xllcorner -1.242151388888889e+02
yllcorner  4.172986111111111e+01
cellsize  2.777777777820000e-04
nodata_value       -9999
[rows 88 to 109 of 146, columns 100 to 149 of 164]
9.0648218e+00 8.0670858e+00 7.0600721e+00 7.4769226e+00 7.1879233e+00 6.4640948e+00 6.2263901e+00 6.1220489e+00 6.3863472e+00 7.8166089e+00 8.1814475e+00 7.2129740e+00 5.7171256e+00 5.2287442e+00 2.4104675e+00 2.3988527e+00 5.5290424e+00 6.6182971e+00 4.3231651e+00 2.1077814e+00 9.3192721e-01 6.9527926e-01 2.4129432e-02 2.7046566e-01 3.7432491e-01 5.4616064e-01 4.7930757e-01 2.8501875e-01 3.7450483e-02 4.4692544e-02 7.9093694e-02 2.9575838e-02 1.1994345e-02 7.4944343e-02 1.9311617e-01 1.8332069e-01 3.9774119e-01 4.9228501e-03 9.8545705e-04 9.9983663e-04 3.9119020e-03 2.0170987e-01 3.1384577e-01 1.1789249e-01 2.2519147e-01 9.9003040e-04 9.7413053e-04 6.5591329e-01 5.4451777e-01 6.0255788e-01
9.1362741e+00 8.8341781e+00 7.7429997e+00 7.4364805e+00 7.2614684e+00 7.0297122e+00 6.9523717e+00 7.6638886e+00 7.4141304e+00 7.4574623e+00 6.9224681e+00 7.0392787e+00 7.4698768e+00 7.7071633e+00 6.8311155e+00 6.1599154e+00 6.2673814e+00 6.8105022e+00 7.0635469e+00 5.7068478e+00 4.0824492e+00 1.8349923e+00 6.2210021e-01 8.0463899e-01 2.6102752e-01 3.2178414e-01 3.8375288e-01 3.5345655e-01 3.2722742e-01 2.0442926e-01 7.4125946e-02 8.1918551e-03 5.2816341e-01 6.5107077e-01 6.0993189e-01 4.5095397e-01 1.8002625e-01 2.1697211e-03 9.9878793e-04 8.4285660e-04 9.4706995e-04 9.9816353e-04 9.9595766e-04 9.6834650e-04 1.5658628e-01 2.2696602e-01 2.5578331e-01 3.1795463e-01 2.6521134e-01 3.2681057e-01
8.5703798e+00 8.5590283e+00 8.2999722e+00 8.1201761e+00 8.0497453e+00 8.4057462e+00 8.7059778e+00 8.3915971e+00 6.4545383e+00 6.0102116e+00 5.7418784e+00 6.0245524e+00 8.3859090e+00 8.7876941e+00 8.3176095e+00 8.1112880e+00 7.5454673e+00 7.2477480e+00 7.1999084e+00 7.0276950e+00 6.9049933e+00 6.3654777e+00 4.2623242e+00 1.5177384e+00 4.7889910e-01 4.0911158e-01 5.4696285e-01 4.8307000e-01 3.5220445e-01 2.2633248e-01 4.7290418e-02 9.6778156e-01 1.0512141e+00 1.0740963e+00 1.0564847e+00 8.9320662e-01 6.4425130e-01 3.7422833e-01 8.9821771e-04 2.2239552e-03 2.8072515e-03 4.9328195e-03 2.3067899e-02 4.7613227e-03 8.0335956e-04 9.4570650e-04 9.7396314e-04 1.2763787e-03 1.9096758e-03 2.0605773e-02
8.9989768e+00 9.1205735e+00 8.9474377e+00 8.8544205e+00 9.0664031e+00 8.6962280e+00 8.7088987e+00 9.1241960e+00 7.1385730e+00 6.2912731e+00 6.7775165e+00 5.7805559e+00 5.4464260e+00 7.6140235e+00 8.7675201e+00 8.4185536e+00 7.9617520e+00 7.8621862e+00 7.5896379e+00 7.2176058e+00 7.2165874e+00 6.9529901e+00 6.2268901e+00 6.0424765e+00 4.4763129e+00 1.1117654e+00 5.2711721e-01 5.1623371e-01 2.6501097e-01 8.2070304e-02 9.7361705e-01 1.1451589e+00 1.1596506e+00 1.1866690e+00 1.0748508e+00 9.7940253e-01 8.8381542e-01 7.8815063e-01 7.4585244e-01 4.9991233e-01 3.3985461e-01 9.3031662e-02 5.1607241e-03 3.9172890e-03 9.9005560e-04 9.8897902e-04 9.9849279e-04 7.8565181e-04 9.7928002e-04 9.9986846e-04
9.0050543e+00 9.0653302e+00 9.0746576e+00 9.2991915e+00 9.0642788e+00 8.6340436e+00 8.4362014e+00 8.4876868e+00 8.5711596e+00 7.5790303e+00 6.7192781e+00 7.3615425e+00 6.5306135e+00 8.0231533e+00 8.6892987e+00 8.4985379e+00 8.1857394e+00 8.1581618e+00 7.3633177e+00 7.1784077e+00 7.2471326e+00 6.6133559e+00 6.4689989e+00 6.8427632e+00 5.4256670e+00 1.8954580e+00 6.3518504e-01 3.7761818e-01 1.4464285e-01 7.3913946e-01 1.0198110e+00 1.0566826e+00 1.0910382e+00 1.1668876e+00 1.2154577e+00 1.0559861e+00 9.1410909e-01 7.9424066e-01 7.4535370e-01 7.2555749e-01 6.7803008e-01 5.8790866e-01 5.2026200e-01 3.7827634e-01 2.9446672e-01 2.3634281e-01 7.4146905e-02 2.0714859e-03 2.3225861e-03 7.9628043e-03
8.5068544e+00 8.5791503e+00 8.6980134e+00 8.9711827e+00 9.1086608e+00 8.4711513e+00 8.0700278e+00 8.4222625e+00 8.8341757e+00 9.3318183e+00 8.5676261e+00 8.8577044e+00 9.5224569e+00 9.5035093e+00 9.2474723e+00 8.7705290e+00 8.1150321e+00 7.6413313e+00 7.4559301e+00 7.2491608e+00 7.1489940e+00 5.6653042e+00 3.2194754e+00 4.4572582e+00 2.0033059e+00 6.7358483e-01 4.5820408e-01 1.4197274e-01 7.6793669e-01 9.5640861e-01 9.8014164e-01 9.1178342e-01 8.7791668e-01 8.5143916e-01 8.4422274e-01 8.8868155e-01 9.5202314e-01 9.4288185e-01 9.8032321e-01 9.7111470e-01 9.0876545e-01 8.1552600e-01 7.5230624e-01 6.7095904e-01 5.5872369e-01 4.4454299e-01 4.0178439e-01 3.7392628e-01 3.3106440e-01 2.1274287e-01
7.9535356e+00 8.2073553e+00 8.4217589e+00 8.7260858e+00 9.1089292e+00 9.3542653e+00 3.5924633e+00 5.6921123e+00 7.7377767e+00 9.7845528e+00 9.7345410e+00 9.4960154e+00 9.5652831e+00 9.6923761e+00 9.4539093e+00 9.1491755e+00 8.4258657e+00 7.8586646e+00 7.6951945e+00 7.4932075e+00 6.9256574e+00 6.3284037e+00 4.9460722e+00 1.2349257e+00 4.8859432e-01 3.6118015e-01 1.9024349e-01 2.7999213e+00 3.0574660e+00 2.3975736e+00 2.3057619e+00 1.9553141e+00 1.7942539e+00 1.7964670e+00 1.6376082e+00 1.5512371e+00 1.3365947e+00 1.2791604e+00 1.2114137e+00 1.1665377e+00 1.0387249e+00 1.0078470e+00 9.9955042e-01 1.0268891e+00 1.0842169e+00 1.0056342e+00 8.5307259e-01 7.3439027e-01 6.0746479e-01 4.4432081e-01
7.6006712e+00 7.8866320e+00 8.1739338e+00 8.4924293e+00 8.8907657e+00 9.4106172e+00 9.2507002e+00 8.3222574e+00 7.6989170e+00 9.1357772e+00 1.0088092e+01 1.0218610e+01 1.0018672e+01 9.7731255e+00 9.5568174e+00 9.3516790e+00 9.1252400e+00 8.7736914e+00 8.2614124e+00 7.6205546e+00 7.3613474e+00 5.3963218e+00 2.3834421e+00 3.0115012e-01 2.0735814e-01 6.1905326e-02 2.6635375e+00 5.0026342e+00 4.7497595e+00 4.4049076e+00 4.4014613e+00 4.3264881e+00 4.2451127e+00 4.3024024e+00 4.2299319e+00 4.1411808e+00 3.9195293e+00 3.9402708e+00 3.9209759e+00 3.5446312e+00 2.7376733e+00 2.3241713e+00 2.2558507e+00 2.3223889e+00 2.1602145e+00 2.1332803e+00 2.1654791e+00 2.2583511e+00 2.0306229e+00 1.6319360e+00
5.6974245e+00 6.2359648e+00 7.4630479e+00 8.3395678e+00 8.6734901e+00 9.1639041e+00 9.3765224e+00 9.1805299e+00 8.3007194e+00 7.7308022e+00 9.1639763e+00 9.9509047e+00 1.0257760e+01 9.8962058e+00 9.7191248e+00 9.6475035e+00 9.3766198e+00 9.0385520e+00 8.7183248e+00 7.8109985e+00 5.9694888e+00 2.5812491e+00 5.8187904e-01 3.4448517e-01 1.7339615e-01 3.4743074e+00 4.7809028e+00 4.9687382e+00 4.9134394e+00 4.8360096e+00 4.9594755e+00 4.9698526e+00 4.8272233e+00 4.7776631e+00 4.8755333e+00 4.8537214e+00 4.8714030e+00 4.8449640e+00 4.8913157e+00 4.7700269e+00 4.5515462e+00 4.3728822e+00 4.3686630e+00 4.3571035e+00 4.3015311e+00 4.2814618e+00 4.2870734e+00 4.2721465e+00 4.1867830e+00 4.0149942e+00
3.1676132e+00 1.9246568e+00 2.8346173e+00 7.0343305e+00 8.3702801e+00 9.0583190e+00 9.3613868e+00 9.4421308e+00 9.2800104e+00 8.2490951e+00 8.3793959e+00 9.3110664e+00 9.7184406e+00 9.7237295e+00 9.7168963e+00 9.6766934e+00 9.2315215e+00 8.5720945e+00 8.2441100e+00 6.8760819e+00 3.2185319e+00 7.2940102e-01 4.4627294e-01 1.1252174e-01 3.4568359e+00 5.3433877e+00 5.3854719e+00 5.4472270e+00 5.3409854e+00 5.2315408e+00 5.2396447e+00 5.2088260e+00 5.0493405e+00 4.9896360e+00 5.0595196e+00 5.0957775e+00 5.1048481e+00 5.0934190e+00 5.1717823e+00 5.1225016e+00 5.0521368e+00 4.9538348e+00 4.8808779e+00 4.8059173e+00 4.7605440e+00 4.7367105e+00 4.7227876e+00 4.6942522e+00 4.6578922e+00 4.5706275e+00
8.4098711e+00 7.3849052e+00 3.4574373e+00 3.1468208e+00 6.2860694e+00 8.7547762e+00 9.5353768e+00 9.5788375e+00 9.5439736e+00 9.0806604e+00 8.2760284e+00 8.4166174e+00 9.5938053e+00 9.7329531e+00 9.5648635e+00 9.4247788e+00 9.0526204e+00 8.3893377e+00 7.2105204e+00 3.5630232e+00 9.8120560e-01 4.0298219e-01 9.4837026e-02 3.1454763e+00 5.0360457e+00 5.2864256e+00 5.6740056e+00 5.8775698e+00 5.7650467e+00 5.7372242e+00 5.6775828e+00 5.4662429e+00 5.2597722e+00 5.2359404e+00 5.3918134e+00 5.4504444e+00 5.4298086e+00 5.4725565e+00 5.6441386e+00 5.4827794e+00 5.3157017e+00 5.1460892e+00 5.0115777e+00 4.8736157e+00 4.8032642e+00 4.7994668e+00 4.8148137e+00 4.7913835e+00 4.7538481e+00 4.6784398e+00
9.3364629e+00 9.1719699e+00 8.2189751e+00 3.8058456e+00 3.2389089e+00 7.6579755e+00 9.4595680e+00 9.4833315e+00 9.1396301e+00 8.6533545e+00 8.2225218e+00 8.6485924e+00 1.0539568e+01 1.0111071e+01 9.4799078e+00 9.2500234e+00 8.8852619e+00 7.1693694e+00 3.9430341e+00 1.0282701e+00 5.5451786e-01 1.1961820e-01 2.9732292e+00 5.2440879e+00 5.1758789e+00 5.2072727e+00 5.6201570e+00 5.7804416e+00 5.9654534e+00 6.1686287e+00 6.1225261e+00 5.8765856e+00 5.5826594e+00 5.5259109e+00 5.7454451e+00 5.8645212e+00 5.9228603e+00 5.9091251e+00 5.9719658e+00 5.7914350e+00 5.5600659e+00 5.4016294e+00 5.2095686e+00 5.0114869e+00 4.8962999e+00 4.9034641e+00 4.9533482e+00 4.9806302e+00 4.9538578e+00 4.8830940e+00
9.7663115e+00 9.5149579e+00 9.0653816e+00 7.8775978e+00 3.2263508e+00 3.3759698e+00 8.5029154e+00 9.3110321e+00 8.7808958e+00 8.5365911e+00 8.3076031e+00 9.3030833e+00 1.0368945e+01 1.0066809e+01 9.5000607e+00 9.2221620e+00 8.1662090e+00 3.8792168e+00 8.3277665e-01 5.5800096e-01 1.5767785e-01 2.7025678e+00 5.0875660e+00 5.3910791e+00 5.3528785e+00 5.3905333e+00 5.5678473e+00 5.7954803e+00 6.3740418e+00 6.4397921e+00 6.3331075e+00 6.1523263e+00 5.9375898e+00 5.8482192e+00 5.9423895e+00 6.1037168e+00 6.2909324e+00 6.1685559e+00 6.0450543e+00 5.9469862e+00 5.7904349e+00 5.6495689e+00 5.3922692e+00 5.2433146e+00 5.0525981e+00 4.9989658e+00 5.1098419e+00 5.1609593e+00 5.1394369e+00 5.0576643e+00
9.9085563e+00 9.7395768e+00 9.4536808e+00 8.9910301e+00 7.6585964e+00 2.4953641e+00 3.3651145e+00 6.6360082e+00 9.0877109e+00 8.3746388e+00 7.9511721e+00 8.4560923e+00 9.6612737e+00 9.6695261e+00 8.9840564e+00 8.5843429e+00 4.4231636e+00 7.2626444e-01 4.9049927e-01 1.7093437e-01 2.1050208e+00 4.9447359e+00 5.4749739e+00 5.4308147e+00 5.3800173e+00 5.4321719e+00 5.8083433e+00 6.1891934e+00 6.3504146e+00 6.5028012e+00 6.5641384e+00 6.3302839e+00 6.3517692e+00 6.2445693e+00 6.1979955e+00 6.2356972e+00 6.3206811e+00 6.2920444e+00 6.2280265e+00 6.3660233e+00 6.1658091e+00 5.9491142e+00 5.7313498e+00 5.5117481e+00 5.3335402e+00 5.3283278e+00 5.4059973e+00 5.4048166e+00 5.4196423e+00 5.3251555e+00
9.9974531e+00 9.9033268e+00 9.7317579e+00 9.4015724e+00 8.7752437e+00 6.3548307e+00 1.6899876e+00 2.0458643e+00 5.5394695e+00 6.6502539e+00 7.6359912e+00 7.6797560e+00 7.7517122e+00 8.3797521e+00 7.4482728e+00 4.2376451e+00 2.7591172e+00 1.5286170e+00 3.4332031e-01 1.8518766e+00 4.5676141e+00 5.0836299e+00 5.4360401e+00 5.7335951e+00 5.8007158e+00 5.9566150e+00 6.3340316e+00 6.5194022e+00 6.4322740e+00 6.7638831e+00 6.8245202e+00 6.5425592e+00 6.4541699e+00 6.5606902e+00 6.6986466e+00 6.7846676e+00 6.6583368e+00 6.4620920e+00 6.5977040e+00 7.1413127e+00 6.7291676e+00 6.4244588e+00 6.0110255e+00 5.8914161e+00 5.8861494e+00 5.9317132e+00 5.9026955e+00 5.8041154e+00 5.7352999e+00 5.6529877e+00
1.0108325e+01 1.0008759e+01 9.8694603e+00 9.6466372e+00 9.2300860e+00 8.5753936e+00 6.0857332e+00 1.4162901e+00 1.0793826e+00 1.7383898e+00 2.6493110e+00 5.2676312e+00 7.3089944e+00 7.5070887e+00 4.9795735e+00 4.7080472e+00 3.4570342e+00 9.1749932e-01 1.4279307e+00 4.6290820e+00 4.9878030e+00 5.2118622e+00 5.7197205e+00 6.0633695e+00 6.3356173e+00 6.4413372e+00 6.6938602e+00 6.7435972e+00 6.9095164e+00 7.2439766e+00 7.4187907e+00 7.0199923e+00 6.6337829e+00 7.1068659e+00 7.3132914e+00 7.3979638e+00 7.1561205e+00 6.9721715e+00 7.0251508e+00 7.1189170e+00 6.9510514e+00 6.7360313e+00 6.4866458e+00 6.4040617e+00 6.4697251e+00 6.5208920e+00 6.3671820e+00 6.1776717e+00 6.0445193e+00 5.9368789e+00
1.0171154e+01 1.0105191e+01 9.9831705e+00 9.8218809e+00 9.6019311e+00 9.2216415e+00 8.3427356e+00 4.7805700e+00 3.3681514e-01 1.2584627e+00 1.3236581e+00 1.5275337e+00 6.2740387e+00 4.4096339e+00 2.2169702e+00 3.7912279e+00 1.0778144e+00 1.2330860e+00 4.5798758e+00 5.3262405e+00 5.5197804e+00 5.9033972e+00 6.3682412e+00 6.6117046e+00 6.6513665e+00 6.7631978e+00 6.9173101e+00 6.9299411e+00 7.0964149e+00 7.6743799e+00 7.5909984e+00 7.3022980e+00 7.2154442e+00 7.5028961e+00 7.5765619e+00 7.4165842e+00 7.3185554e+00 7.4015523e+00 7.5514987e+00 7.4195604e+00 7.2451820e+00 7.1274936e+00 7.0372296e+00 6.9325903e+00 6.9223903e+00 6.8802836e+00 6.7096871e+00 6.5254569e+00 6.3203023e+00 6.1758641e+00
1.0300658e+01 1.0157210e+01 1.0099022e+01 9.9501345e+00 9.7653608e+00 9.2958500e+00 8.4969218e+00 5.7917997e+00 3.5105331e+00 6.1086307e-01 7.8504575e-01 1.2761254e+00 2.7631536e+00 1.1494933e+00 6.8061188e-01 7.9603275e-01 1.4461897e+00 4.3951583e+00 5.0126281e+00 5.5454901e+00 6.1612990e+00 6.5452640e+00 6.8169528e+00 6.7986003e+00 6.7747552e+00 7.0983120e+00 7.3257471e+00 7.2107585e+00 7.0255869e+00 7.5849179e+00 7.6989041e+00 7.6330318e+00 7.7659770e+00 7.7210879e+00 7.2374484e+00 6.7517732e+00 7.0246137e+00 7.3700646e+00 7.6439121e+00 7.5989420e+00 7.5212884e+00 7.4654161e+00 7.5061585e+00 7.4199034e+00 7.3413782e+00 7.2477966e+00 7.1106255e+00 6.8957955e+00 6.7483075e+00 6.5175720e+00
1.0377172e+01 1.0336082e+01 1.0174787e+01 1.0082408e+01 9.9063407e+00 9.7282387e+00 8.8229563e+00 6.6414383e+00 5.0885415e+00 1.7094850e+00 4.2024238e-02 5.2648444e-01 5.5788454e-01 3.9649686e-01 2.5460786e-01 1.6200013e+00 4.6418625e+00 5.0462176e+00 5.0014339e+00 5.4268967e+00 6.1434835e+00 6.7831013e+00 7.1120872e+00 7.1746465e+00 7.1422765e+00 7.3778135e+00 7.8669124e+00 7.6867779e+00 7.6487673e+00 7.9992145e+00 8.0998727e+00 8.0968335e+00 8.0862166e+00 7.8472655e+00 6.9712205e+00 6.0722883e+00 6.5683369e+00 7.1805776e+00 7.6403553e+00 7.8074500e+00 7.7866282e+00 7.6517622e+00 7.7634308e+00 7.7776841e+00 7.7365984e+00 7.6638795e+00 7.5677711e+00 7.4107373e+00 7.2050038e+00 6.9546619e+00
1.0420144e+01 1.0425862e+01 1.0382334e+01 1.0146285e+01 1.0022275e+01 9.9704782e+00 7.7125100e+00 5.2529797e+00 2.3823897e+00 7.5454323e-04 4.3206304e-03 8.1701696e-02 1.0501938e-01 1.6076296e-01 4.5679686e-01 3.8678185e+00 4.9335600e+00 4.6829886e+00 3.7613510e+00 2.0340992e+00 2.1469181e+00 5.9523558e+00 7.2132353e+00 7.5594386e+00 7.6079835e+00 7.4344693e+00 7.7205329e+00 7.8397753e+00 8.1033909e+00 8.4157412e+00 8.2976921e+00 8.1065148e+00 8.1189021e+00 8.0748242e+00 7.3722261e+00 6.6254848e+00 6.7904586e+00 7.2275781e+00 7.7260199e+00 7.9939748e+00 8.1929520e+00 8.0344275e+00 8.0934539e+00 8.1305596e+00 8.1066607e+00 8.0939795e+00 8.1356795e+00 7.8570083e+00 7.5817571e+00 7.4036064e+00
1.0427051e+01 1.0452917e+01 1.0481739e+01 1.0425889e+01 1.0240187e+01 9.8025345e+00 1.8261426e+00 0.0000000e+00 8.5107101e-04 9.7229550e-04 9.9944967e-04 0.0000000e+00 0.0000000e+00 6.9863183e-03 3.4699462e-01 1.7922783e+00 2.2991565e+00 1.4114568e+00 1.1764061e+00 1.8886529e+00 3.3607163e+00 6.2738615e+00 7.4521027e+00 7.9855252e+00 7.8905589e+00 7.7262941e+00 7.7222155e+00 7.7797376e+00 8.2062458e+00 8.3888260e+00 8.0366527e+00 7.3327031e+00 7.6384849e+00 7.9045293e+00 7.6298869e+00 7.3131079e+00 7.2845521e+00 7.4613388e+00 7.8031587e+00 8.0754299e+00 8.2894673e+00 8.3141887e+00 8.3689290e+00 8.4619326e+00 8.4544832e+00 8.4389236e+00 8.4272626e+00 8.1898718e+00 7.9871581e+00 7.8309011e+00
1.0477376e+01 1.0449517e+01 1.0509428e+01 1.0523439e+01 1.0524721e+01 1.0224119e+01 4.7562353e+00 9.3635806e-04 9.6835592e-04 9.1076040e-04 9.9921001e-04 0.0000000e+00 0.0000000e+00 7.3542640e-01 2.0821165e+00 4.3187640e+00 5.3149658e+00 4.8281991e+00 4.5607731e+00 5.8021944e+00 7.0001936e+00 7.5009255e+00 7.8471781e+00 8.0495002e+00 7.9120289e+00 7.9261673e+00 7.8308875e+00 7.8098068e+00 8.0840177e+00 8.2550039e+00 7.7632749e+00 6.4898058e+00 7.0644591e+00 7.7738074e+00 7.9022941e+00 7.8372852e+00 7.7335778e+00 7.7088411e+00 7.9313594e+00 8.1714708e+00 8.3390524e+00 8.4421319e+00 8.5480598e+00 8.7070397e+00 8.7025801e+00 8.6524908e+00 8.5997341e+00 8.4371999e+00 8.2808743e+00 8.2132529e+00
