ahotovec/data/depth_0002.asc
ncols     164
nrows     146
xllcorner -1.242151388888889e+02
yllcorner  4.172986111111111e+01
cellsize  2.777777777820000e-04
nodata_value       -9999
[rows 88 to 109 of 146, columns 0 to 49 of 164]
1.1010780e+01 1.1034028e+01 1.0917937e+01 1.0497287e+01 1.0375558e+01 1.0569438e+01 1.0142682e+01 1.0032091e+01 9.8478830e+00 9.6337783e+00 9.4042245e+00 9.1739800e+00 8.9536337e+00 8.7192951e+00 8.4557804e+00 8.1809775e+00 7.8748690e+00 7.4592555e+00 6.8561114e+00 6.2280905e+00 5.4178617e+00 4.5944038e+00 3.9303429e+00 3.4027538e+00 2.8811457e+00 2.4417164e+00 2.1184754e+00 7.1027293e-02 0.0000000e+00 2.2840900e+00 2.4751450e+00 2.7216229e+00 2.4582086e+00 1.9573867e+00 2.1763748e+00 2.1668169e+00 2.2064765e+00 2.2332388e+00 2.2202818e+00 2.2001481e+00 2.2303807e+00 1.6158502e+00 1.5034321e+00 5.3416205e-01 2.6689092e+00 2.4672989e+00 1.8460518e+00 0.0000000e+00 0.0000000e+00 0.0000000e+00
1.1406860e+01 1.0892818e+01 1.0687297e+01 1.0435127e+01 1.0424986e+01 1.0576125e+01 1.0396481e+01 1.0262116e+01 1.0055787e+01 9.8280869e+00 9.5717130e+00 9.3383865e+00 9.0932848e+00 8.8268456e+00 8.5253403e+00 8.1768805e+00 7.7970938e+00 7.2847302e+00 6.5868358e+00 5.9627032e+00 5.2303992e+00 4.5155342e+00 3.9218518e+00 3.4470597e+00 2.9725949e+00 2.6210309e+00 2.3277149e+00 2.0896963e+00 7.0797580e-01 2.6215083e+00 2.6114299e+00 2.6552653e+00 2.6395042e+00 2.3781084e+00 2.2609783e+00 2.2432945e+00 2.2424981e+00 2.2241887e+00 2.2027703e+00 2.1844923e+00 2.2409061e+00 2.4418284e+00 2.3649048e+00 2.3082154e+00 2.2851463e+00 2.4813726e+00 2.4130789e+00 1.1572528e+00 0.0000000e+00 0.0000000e+00
1.1628732e+01 1.1049850e+01 1.0600967e+01 1.0362893e+01 1.0677733e+01 1.0700465e+01 1.0630580e+01 1.0504132e+01 1.0261425e+01 9.9962621e+00 9.7392051e+00 9.5005551e+00 9.2399010e+00 8.9633074e+00 8.6136639e+00 8.2091237e+00 7.7375513e+00 7.1479716e+00 6.3590039e+00 5.7155893e+00 4.9942342e+00 4.3427482e+00 3.8333101e+00 3.4244542e+00 3.0222630e+00 2.7404520e+00 2.6585242e+00 2.7216749e+00 2.7054101e+00 2.7096374e+00 2.7478327e+00 2.7636084e+00 2.6671674e+00 2.5051081e+00 2.4212925e+00 2.3594411e+00 2.3067966e+00 2.2617861e+00 2.2301782e+00 2.2170679e+00 2.2709200e+00 2.3902587e+00 2.3402728e+00 2.1663955e+00 2.2385355e+00 2.3243147e+00 2.4487275e+00 2.2908873e+00 9.1463191e-01 1.1940226e+00
1.1492133e+01 1.1121615e+01 1.0830819e+01 1.0750169e+01 1.0829701e+01 1.0977251e+01 1.0982277e+01 1.0837756e+01 1.0511742e+01 1.0152405e+01 9.9086199e+00 9.6675096e+00 9.4367620e+00 9.1413731e+00 8.7595452e+00 8.2836533e+00 7.7253234e+00 7.0492074e+00 6.1810904e+00 5.4748896e+00 4.7475861e+00 4.1154537e+00 3.6189183e+00 3.3089686e+00 3.0058481e+00 2.8065872e+00 2.7285076e+00 2.7583339e+00 2.8094630e+00 2.8491084e+00 2.8774670e+00 2.8820243e+00 2.8265273e+00 2.6930631e+00 2.5637020e+00 2.4505367e+00 2.3633730e+00 2.2914177e+00 2.2662520e+00 2.2350739e+00 2.2924426e+00 2.4303400e+00 2.7934256e+00 2.9784868e+00 2.3432688e+00 1.8790863e+00 9.5744011e-01 1.1785347e+00 2.3828865e+00 2.3689811e+00
1.1650977e+01 1.1598629e+01 1.1489118e+01 1.1384177e+01 1.1304286e+01 1.1342830e+01 1.1083022e+01 1.0965335e+01 1.0695899e+01 1.0548818e+01 1.0160722e+01 1.0041054e+01 9.7574746e+00 9.4101659e+00 8.9714720e+00 8.4158177e+00 7.7765437e+00 6.9910399e+00 6.0343564e+00 5.2182997e+00 4.4573652e+00 3.8098482e+00 3.3422653e+00 3.1099707e+00 2.9287292e+00 2.8307976e+00 2.7831731e+00 2.7624709e+00 2.8438001e+00 2.9443747e+00 3.0185249e+00 3.0562148e+00 3.0136298e+00 2.8742494e+00 2.7305108e+00 2.5466979e+00 2.4125501e+00 2.3115569e+00 2.2605899e+00 2.2188901e+00 2.2601698e+00 2.2562238e+00 1.3120956e+00 0.0000000e+00 0.0000000e+00 0.0000000e+00 0.0000000e+00 1.3762873e-01 1.5196815e+00 2.2480790e+00
1.2605353e+01 1.2510406e+01 1.2369001e+01 1.2196448e+01 1.2042629e+01 1.1891654e+01 1.1894843e+01 1.1713582e+01 1.1051968e+01 1.0735139e+01 1.0971597e+01 1.0636129e+01 1.0430746e+01 9.8008565e+00 9.2465687e+00 8.5856792e+00 7.8866811e+00 6.9971796e+00 5.9051565e+00 4.9687547e+00 4.1056007e+00 3.4388082e+00 3.0416721e+00 2.8832925e+00 2.7183004e+00 2.5410528e+00 2.5277023e+00 2.7424806e+00 2.8644566e+00 3.0197451e+00 3.1708272e+00 3.2536034e+00 3.2201973e+00 3.0701034e+00 2.8700299e+00 2.6142194e+00 2.4191962e+00 2.3268470e+00 2.3294435e+00 2.2483766e+00 2.3059170e+00 6.2787607e-01 0.0000000e+00 0.0000000e+00 0.0000000e+00 0.0000000e+00 0.0000000e+00 2.9684325e-01 2.3491177e+00 2.1885403e+00
1.3714737e+01 1.3506534e+01 1.3281294e+01 1.3064337e+01 1.2856645e+01 1.2678227e+01 1.2717746e+01 1.2475462e+01 1.2129589e+01 1.1924442e+01 1.1796898e+01 1.1667086e+01 1.0993274e+01 1.0243035e+01 9.4937211e+00 8.7612491e+00 8.0081836e+00 7.0293219e+00 5.8295998e+00 4.7744276e+00 3.8013148e+00 3.0629707e+00 2.7852792e+00 2.7714217e+00 2.3546438e+00 1.6689913e+00 1.8117070e+00 2.6674831e+00 2.8876927e+00 3.1135795e+00 3.3397817e+00 3.4788279e+00 3.4540683e+00 3.2720188e+00 2.9944721e+00 2.6734357e+00 2.3899851e+00 2.3489859e+00 2.3707938e+00 2.1405340e+00 2.3890390e+00 1.0931845e+00 0.0000000e+00 0.0000000e+00 0.0000000e+00 0.0000000e+00 0.0000000e+00 7.0347650e-01 2.4181122e+00 2.2566010e+00
1.4551085e+01 1.4312061e+01 1.4071550e+01 1.3863172e+01 1.3688761e+01 1.3549271e+01 1.3417944e+01 1.3296792e+01 1.3073419e+01 1.2591245e+01 1.1197178e+01 1.1553464e+01 1.1122950e+01 1.0489578e+01 9.7538577e+00 9.0052097e+00 8.2736909e+00 7.3137944e+00 5.9441565e+00 4.6911089e+00 3.4798780e+00 2.0289715e+00 1.9248512e+00 1.6374739e+00 1.9814286e+00 1.9658606e+00 2.0651217e+00 2.2210629e+00 2.9358482e+00 3.4732297e+00 3.8343611e+00 4.0354398e+00 4.0409905e+00 3.7958405e+00 3.4302403e+00 2.8882359e+00 2.3380858e+00 2.2445565e+00 1.3757328e+00 1.1733348e+00 2.3866520e+00 1.6634356e+00 0.0000000e+00 0.0000000e+00 0.0000000e+00 0.0000000e+00 6.4575756e-01 2.1943565e+00 2.3015587e+00 2.3527512e+00
1.5274913e+01 1.5091569e+01 1.4929674e+01 1.4832594e+01 1.4664421e+01 1.4470426e+01 1.4359603e+01 1.3840234e+01 1.2562454e+01 1.1695341e+01 1.0993401e+01 1.1007684e+01 1.0786273e+01 1.0339998e+01 9.8456887e+00 9.2426169e+00 8.6074238e+00 7.7322480e+00 6.3264635e+00 4.8973787e+00 3.3382679e+00 2.4504991e+00 1.2497203e+00 1.7498823e-01 1.9501677e+00 2.3074326e+00 2.3897100e+00 2.4310032e+00 3.3852464e+00 4.0622000e+00 4.4873876e+00 4.7188610e+00 4.7253797e+00 4.4490464e+00 4.0165642e+00 3.3817392e+00 2.6139890e+00 2.1942754e+00 2.3715552e+00 2.5066071e+00 2.5350776e+00 2.3228921e+00 2.1101964e+00 2.1891025e+00 1.7194287e+00 1.3230458e+00 1.6595242e+00 1.6018820e+00 2.5428736e+00 2.5505414e+00
1.5890543e+01 1.6129167e+01 1.5879720e+01 1.5431624e+01 1.5063617e+01 1.5170235e+01 1.4658077e+01 1.4527197e+01 1.2481881e+01 1.0949272e+01 1.0939645e+01 1.0793503e+01 1.0484503e+01 1.0261589e+01 9.9539824e+00 9.5061255e+00 9.0561802e+00 8.4200042e+00 7.0992717e+00 5.6463498e+00 3.6204669e+00 2.4053660e+00 2.0984483e+00 1.7681342e+00 1.6071396e+00 2.8811402e+00 3.5017728e+00 3.9144738e+00 4.4563364e+00 4.9839540e+00 5.3646506e+00 5.5786289e+00 5.5689184e+00 5.2991396e+00 4.8965611e+00 4.3200194e+00 3.6584445e+00 3.1900824e+00 3.2397070e+00 3.2586677e+00 3.0694886e+00 2.8462947e+00 2.7858007e+00 2.5896729e+00 2.2882163e+00 1.4310334e+00 1.7909265e+00 2.4389014e+00 2.7130981e+00 2.7489464e+00
1.7067833e+01 1.7180172e+01 1.6287204e+01 1.6180655e+01 1.5204260e+01 1.5515979e+01 1.4958240e+01 1.2622685e+01 1.1084234e+01 1.1316376e+01 1.1000100e+01 1.0657991e+01 1.0466457e+01 1.0370969e+01 1.0146160e+01 9.7839126e+00 9.5764802e+00 9.4845187e+00 8.5606860e+00 7.5607843e+00 6.1038035e+00 3.8046387e+00 2.5981880e+00 2.4519520e+00 2.6927736e+00 4.1014124e+00 5.0667198e+00 5.4975337e+00 5.8627110e+00 6.2157200e+00 6.4908959e+00 6.6302628e+00 6.6029226e+00 6.3685325e+00 6.0386875e+00 5.5816623e+00 5.0532610e+00 4.6520387e+00 4.4092055e+00 4.1908044e+00 3.9311505e+00 3.5774803e+00 3.1989236e+00 2.8037347e+00 2.3519776e+00 2.2639743e+00 2.5533220e+00 2.8056705e+00 2.9341181e+00 2.9966709e+00
1.7383526e+01 1.7905950e+01 1.7445691e+01 1.6784166e+01 1.6629559e+01 1.5252357e+01 1.3689247e+01 9.0107069e+00 9.4449438e+00 9.5855443e+00 1.0711421e+01 1.1221188e+01 1.0564076e+01 1.0591916e+01 1.0524987e+01 1.0159042e+01 9.7417708e+00 1.0349463e+01 1.0581225e+01 9.9701478e+00 9.5535741e+00 7.5377209e+00 6.1243536e+00 6.3824454e+00 6.9437933e+00 7.6646425e+00 7.4855656e+00 7.2763514e+00 7.3254658e+00 7.5210927e+00 7.7040912e+00 7.7742402e+00 7.7334687e+00 7.5539522e+00 7.2803974e+00 6.9198691e+00 6.4456274e+00 6.2745154e+00 6.0421234e+00 5.4254215e+00 4.8587759e+00 4.4246381e+00 3.9860238e+00 3.5211985e+00 3.0655217e+00 2.8322885e+00 2.9440663e+00 3.1349255e+00 3.2679460e+00 3.2887287e+00
1.7519957e+01 1.6105497e+01 1.7812955e+01 1.7284955e+01 1.7040029e+01 1.6156506e+01 1.2372027e+01 1.0335245e+01 7.6524070e+00 6.6513422e+00 9.3974187e+00 1.1526153e+01 1.0480844e+01 1.0709847e+01 1.1048511e+01 1.0978575e+01 1.0072934e+01 1.0914823e+01 1.2013316e+01 1.2144446e+01 1.1291464e+01 1.0834259e+01 1.0005714e+01 1.0203926e+01 1.0634411e+01 1.1028799e+01 9.5578543e+00 8.5623979e+00 8.4124325e+00 8.5564296e+00 8.6898934e+00 8.7031418e+00 8.6443223e+00 8.5235038e+00 8.3303399e+00 8.0016269e+00 7.7255830e+00 6.6925208e+00 7.0892121e+00 6.4847832e+00 5.6985606e+00 5.1650587e+00 4.6756379e+00 4.2132671e+00 3.7881448e+00 3.5195339e+00 3.4837680e+00 3.5711773e+00 3.6085449e+00 3.5839260e+00
1.8777880e+01 1.7799728e+01 1.8157861e+01 1.7280275e+01 1.7121875e+01 1.6233522e+01 1.4375757e+01 1.3388772e+01 1.0979101e+01 1.2155194e+01 1.2740764e+01 1.2856063e+01 1.2105454e+01 1.2041999e+01 1.1859797e+01 1.1904614e+01 1.2473719e+01 1.2617984e+01 1.2686997e+01 1.1653553e+01 1.1743570e+01 1.2085581e+01 1.2075528e+01 1.1799790e+01 1.1964795e+01 1.1459760e+01 9.7012516e+00 9.2332074e+00 9.6187997e+00 9.7993722e+00 9.8528089e+00 9.7280748e+00 9.6459247e+00 9.6260185e+00 9.4816953e+00 9.2665524e+00 9.3223992e+00 5.5986224e+00 1.6637857e+00 6.4522876e+00 6.9974181e+00 6.2070445e+00 5.5653820e+00 5.0368277e+00 4.6282453e+00 4.3614091e+00 4.3316393e+00 4.1569729e+00 4.0259374e+00 3.9465733e+00
1.8800812e+01 1.8212456e+01 1.7301970e+01 1.7665725e+01 1.7418019e+01 1.6705711e+01 1.7101722e+01 1.5214942e+01 1.4826433e+01 1.4643656e+01 1.2984873e+01 9.5781841e+00 1.3754833e+01 1.3407253e+01 1.2864579e+01 1.3227092e+01 1.3399015e+01 1.3317947e+01 1.3197915e+01 1.2835526e+01 1.2596008e+01 1.1938050e+01 1.2001147e+01 1.1355644e+01 1.2374938e+01 1.2345853e+01 1.0769646e+01 1.0309828e+01 1.0791443e+01 1.0970251e+01 1.1175122e+01 1.0902969e+01 1.0737840e+01 1.1068254e+01 1.1144618e+01 1.0806316e+01 1.1055142e+01 9.1985140e+00 8.1783618e+00 8.0750931e+00 3.0512775e+00 2.6109747e+00 6.3289396e+00 6.2552011e+00 5.8632322e+00 4.6730337e+00 1.7571506e+00 4.0132428e+00 4.7817217e+00 4.5126628e+00
1.8669116e+01 1.8210614e+01 1.7356504e+01 1.8372451e+01 1.7985087e+01 1.7356377e+01 1.6242490e+01 1.5287023e+01 1.5768578e+01 1.2961327e+01 1.3743002e+01 1.0474442e+01 1.3416050e+01 1.4499368e+01 1.4129359e+01 1.3949822e+01 1.3804451e+01 1.3800102e+01 1.3367326e+01 1.3069472e+01 1.2909657e+01 1.2547102e+01 1.2399215e+01 1.1013294e+01 1.2051356e+01 1.2284243e+01 1.2413641e+01 1.1670689e+01 1.2187665e+01 1.1621407e+01 1.1471058e+01 1.1361548e+01 1.1191118e+01 1.1413486e+01 1.1842106e+01 1.1223145e+01 1.1336628e+01 1.1630354e+01 1.0812690e+01 9.5735430e+00 6.7986716e+00 6.3134362e+00 7.4739211e+00 7.0348370e+00 6.7170098e+00 5.3977329e+00 1.9270401e+00 4.4388987e+00 5.3989731e+00 5.0084736e+00
1.9380711e+01 1.8512109e+01 1.8753006e+01 1.8774593e+01 1.5622070e+01 1.7957979e+01 1.6675097e+01 1.6077440e+01 1.6068888e+01 1.4296223e+01 1.5006895e+01 1.4200735e+01 1.4317236e+01 1.5363109e+01 1.4678991e+01 1.4423348e+01 1.4373972e+01 1.4412623e+01 1.4124264e+01 1.3497074e+01 1.3235104e+01 1.2955215e+01 1.2681069e+01 1.2188905e+01 1.2693870e+01 1.2572048e+01 1.2441746e+01 1.2240646e+01 1.2367880e+01 1.1888936e+01 1.1689621e+01 1.1348001e+01 1.0919819e+01 1.1338420e+01 1.0511669e+01 1.1345973e+01 1.1384850e+01 1.1373205e+01 1.0799891e+01 1.0097239e+01 9.6010453e+00 8.9655299e+00 8.2227966e+00 7.6776314e+00 7.2909769e+00 6.8444302e+00 6.2003869e+00 6.2131751e+00 5.9008390e+00 5.5359672e+00
1.9650013e+01 1.9390878e+01 1.9058118e+01 1.8402703e+01 1.7273260e+01 1.7958511e+01 1.7255884e+01 1.6705270e+01 1.6524637e+01 1.6172989e+01 1.6235595e+01 1.6206022e+01 1.5925679e+01 1.5768067e+01 1.5295265e+01 1.5116070e+01 1.4621669e+01 1.3604550e+01 1.3737587e+01 1.4347455e+01 1.3725559e+01 1.3372320e+01 1.3339166e+01 1.3073010e+01 1.3001116e+01 1.2204625e+01 1.1812082e+01 1.2379294e+01 1.2654893e+01 1.2032825e+01 1.1750834e+01 1.1735283e+01 1.0631941e+01 1.0280657e+01 1.1417043e+01 1.1678708e+01 1.1638012e+01 1.1323630e+01 1.0906428e+01 1.0401873e+01 9.8128820e+00 9.2215709e+00 8.7202812e+00 8.3000987e+00 7.9073645e+00 7.6053147e+00 7.3578362e+00 6.9496570e+00 6.4753140e+00 6.0970706e+00
1.9363123e+01 1.9222737e+01 1.8473602e+01 1.8465341e+01 1.8459637e+01 1.7816376e+01 1.8297459e+01 1.7777806e+01 1.7463598e+01 1.7403473e+01 1.7027812e+01 1.6618131e+01 1.6250776e+01 1.6246225e+01 1.5803811e+01 1.5233135e+01 1.4220419e+01 1.3142147e+01 1.4109664e+01 1.4892803e+01 1.4344118e+01 1.4079525e+01 1.3962243e+01 1.3499964e+01 1.3287591e+01 1.2527844e+01 1.2665407e+01 1.2778220e+01 1.2182407e+01 1.2438683e+01 1.1354641e+01 1.0398990e+01 1.0152117e+01 9.6821150e+00 1.0300016e+01 1.1093713e+01 1.0946332e+01 1.0793326e+01 1.0960750e+01 1.0891619e+01 1.0156573e+01 9.6379232e+00 9.1853415e+00 8.7961720e+00 8.4621496e+00 8.1905093e+00 7.9128646e+00 7.5874086e+00 7.1241391e+00 6.6570515e+00
1.8775728e+01 1.8734040e+01 1.9068465e+01 1.8688110e+01 1.8563591e+01 1.8535835e+01 1.8397941e+01 1.8270196e+01 1.8106884e+01 1.7830868e+01 1.7425999e+01 1.6826663e+01 1.6692957e+01 1.6098849e+01 1.5795586e+01 1.6282949e+01 1.5464198e+01 1.5022143e+01 1.5481017e+01 1.5367863e+01 1.4967623e+01 1.4620644e+01 1.4313115e+01 1.4054833e+01 1.3697121e+01 1.3450235e+01 1.2370477e+01 1.3236741e+01 1.3570262e+01 1.2099363e+01 1.2181012e+01 1.1672708e+01 1.1052789e+01 1.0958470e+01 1.0668077e+01 1.0824328e+01 1.0162547e+01 9.1848459e+00 1.1162144e+01 1.1174929e+01 1.0583929e+01 1.0124808e+01 9.5700675e+00 9.1862386e+00 8.9561404e+00 8.7525478e+00 8.5510817e+00 8.2715732e+00 7.8305270e+00 7.3367836e+00
1.9858345e+01 1.9737583e+01 1.9408226e+01 1.8980959e+01 1.8783136e+01 1.8253440e+01 1.8306575e+01 1.8370146e+01 1.8291291e+01 1.8057650e+01 1.7691348e+01 1.7321748e+01 1.7081880e+01 1.6708620e+01 1.6503424e+01 1.6538257e+01 1.6439064e+01 1.6235290e+01 1.6478822e+01 1.5995039e+01 1.5493265e+01 1.5180026e+01 1.5022128e+01 1.4687382e+01 1.4489015e+01 1.4332146e+01 1.3884586e+01 1.3364702e+01 1.2911070e+01 1.0237232e+01 1.0878855e+01 1.1208694e+01 1.1334905e+01 1.1690789e+01 1.1251481e+01 1.0727826e+01 1.0591671e+01 1.0492003e+01 9.9982868e+00 1.0517988e+01 9.5540594e+00 9.1465299e+00 9.5385223e+00 9.5830682e+00 9.4065170e+00 9.3001534e+00 9.1830166e+00 8.9662555e+00 8.5510535e+00 8.0781764e+00
1.9160259e+01 1.9821781e+01 1.9677373e+01 1.9343961e+01 1.9148130e+01 1.9077993e+01 1.8910440e+01 1.8718518e+01 1.8328825e+01 1.8103512e+01 1.7907551e+01 1.7794527e+01 1.7887387e+01 1.7368555e+01 1.6378280e+01 1.6962813e+01 1.6831915e+01 1.6125778e+01 1.6508795e+01 1.6567976e+01 1.6151095e+01 1.6103099e+01 1.5491160e+01 1.5277811e+01 1.4838185e+01 1.4596381e+01 1.4717028e+01 1.4596874e+01 1.4210968e+01 1.2033222e+01 1.3062877e+01 1.2958969e+01 1.2400765e+01 1.1996388e+01 1.1674062e+01 1.1209534e+01 1.0889519e+01 1.0229992e+01 9.9559170e+00 8.5875157e+00 2.4277233e+00 2.8098823e+00 8.8611837e+00 9.9707220e+00 9.7318578e+00 9.7597789e+00 9.7122407e+00 9.5469268e+00 9.1791804e+00 8.7158167e+00
