ahotovec/data/depth_0010.asc
ncols     164
nrows     146
xllcorner -1.242151388888889e+02
yllcorner  4.172986111111111e+01
cellsize  2.777777777820000e-04
nodata_value       -9999
[rows 88 to 109 of 146, columns 100 to 149 of 164]
4.0111005e+00 2.9987312e+00 1.9754609e+00 2.3776496e+00 2.0815764e+00 1.3503341e+00 1.0954578e+00 9.6788945e-01 1.2060049e+00 2.6668972e+00 3.0686914e+00 2.0921355e+00 6.0104633e-01 1.0405898e-01 0.0000000e+00 0.0000000e+00 4.8099963e-01 1.5902653e+00 9.0841810e-04 0.0000000e+00 0.0000000e+00 0.0000000e+00 0.0000000e+00 0.0000000e+00 0.0000000e+00 0.0000000e+00 0.0000000e+00 0.0000000e+00 0.0000000e+00 0.0000000e+00 0.0000000e+00 0.0000000e+00 0.0000000e+00 0.0000000e+00 0.0000000e+00 0.0000000e+00 0.0000000e+00 0.0000000e+00 0.0000000e+00 0.0000000e+00 0.0000000e+00 0.0000000e+00 0.0000000e+00 0.0000000e+00 0.0000000e+00 0.0000000e+00 0.0000000e+00 0.0000000e+00 0.0000000e+00 0.0000000e+00
4.1065848e+00 3.7859827e+00 2.6806354e+00 2.3552082e+00 2.1706395e+00 1.9253926e+00 1.8291377e+00 2.5396169e+00 2.2565045e+00 2.3150786e+00 1.7967971e+00 1.9382309e+00 2.3527328e+00 2.5990036e+00 1.7391185e+00 1.0880507e+00 1.2055308e+00 1.7634157e+00 2.0338132e+00 6.8413635e-01 9.6964593e-04 0.0000000e+00 0.0000000e+00 0.0000000e+00 0.0000000e+00 0.0000000e+00 0.0000000e+00 0.0000000e+00 0.0000000e+00 0.0000000e+00 0.0000000e+00 0.0000000e+00 0.0000000e+00 0.0000000e+00 0.0000000e+00 0.0000000e+00 0.0000000e+00 0.0000000e+00 0.0000000e+00 0.0000000e+00 0.0000000e+00 0.0000000e+00 0.0000000e+00 0.0000000e+00 0.0000000e+00 0.0000000e+00 0.0000000e+00 0.0000000e+00 0.0000000e+00 0.0000000e+00
3.5573491e+00 3.5160215e+00 3.2424341e+00 3.0476947e+00 2.9587818e+00 3.2983039e+00 3.5798440e+00 3.2620097e+00 1.3111064e+00 8.4216011e-01 5.6619021e-01 9.2170603e-01 3.2719764e+00 3.6819298e+00 3.2258375e+00 3.0360132e+00 2.4713519e+00 2.1899044e+00 2.1584031e+00 1.9975861e+00 1.8837211e+00 1.3590057e+00 9.4566573e-04 0.0000000e+00 0.0000000e+00 0.0000000e+00 0.0000000e+00 0.0000000e+00 0.0000000e+00 0.0000000e+00 0.0000000e+00 0.0000000e+00 0.0000000e+00 0.0000000e+00 0.0000000e+00 0.0000000e+00 0.0000000e+00 0.0000000e+00 0.0000000e+00 0.0000000e+00 0.0000000e+00 0.0000000e+00 0.0000000e+00 0.0000000e+00 0.0000000e+00 0.0000000e+00 0.0000000e+00 0.0000000e+00 0.0000000e+00 0.0000000e+00
4.0090990e+00 4.0894554e+00 3.9036896e+00 3.7900262e+00 3.9836087e+00 3.5950650e+00 3.5863110e+00 4.0134649e+00 2.0191581e+00 1.1821699e+00 1.6749404e+00 6.8338681e-01 3.4571119e-01 2.5232622e+00 3.6858026e+00 3.3489250e+00 2.8913580e+00 2.8036149e+00 2.5469014e+00 2.1872725e+00 2.1973626e+00 1.9460360e+00 1.2266624e+00 1.0492550e+00 8.5180141e-04 0.0000000e+00 0.0000000e+00 0.0000000e+00 0.0000000e+00 0.0000000e+00 0.0000000e+00 0.0000000e+00 0.0000000e+00 0.0000000e+00 0.0000000e+00 0.0000000e+00 0.0000000e+00 0.0000000e+00 0.0000000e+00 0.0000000e+00 0.0000000e+00 0.0000000e+00 0.0000000e+00 0.0000000e+00 0.0000000e+00 0.0000000e+00 0.0000000e+00 0.0000000e+00 0.0000000e+00 0.0000000e+00
4.0374847e+00 4.0471629e+00 4.0453346e+00 4.2511750e+00 4.0003298e+00 3.5569264e+00 3.3320825e+00 3.3984357e+00 3.4815764e+00 2.4894715e+00 1.6375700e+00 2.2830115e+00 1.4505780e+00 2.9431782e+00 3.6175288e+00 3.4335379e+00 3.1152572e+00 3.1011980e+00 2.3121538e+00 2.1390087e+00 2.2168926e+00 1.5946833e+00 1.4582393e+00 1.8363782e+00 4.3504156e-01 0.0000000e+00 0.0000000e+00 0.0000000e+00 0.0000000e+00 0.0000000e+00 0.0000000e+00 0.0000000e+00 0.0000000e+00 0.0000000e+00 0.0000000e+00 0.0000000e+00 0.0000000e+00 0.0000000e+00 0.0000000e+00 0.0000000e+00 0.0000000e+00 0.0000000e+00 0.0000000e+00 0.0000000e+00 0.0000000e+00 0.0000000e+00 0.0000000e+00 0.0000000e+00 0.0000000e+00 0.0000000e+00
3.5581190e+00 3.5638749e+00 3.6716599e+00 3.9273539e+00 4.0486431e+00 3.4071662e+00 2.9757086e+00 3.3443235e+00 3.7547753e+00 4.2495036e+00 3.4891474e+00 3.7799127e+00 4.4497404e+00 4.4302724e+00 4.1751030e+00 3.7033310e+00 3.0415015e+00 2.5783432e+00 2.3982389e+00 2.1978882e+00 2.1038201e+00 6.3351590e-01 6.6615313e-04 9.7695089e-04 0.0000000e+00 0.0000000e+00 0.0000000e+00 0.0000000e+00 0.0000000e+00 0.0000000e+00 0.0000000e+00 0.0000000e+00 0.0000000e+00 0.0000000e+00 0.0000000e+00 0.0000000e+00 0.0000000e+00 0.0000000e+00 0.0000000e+00 0.0000000e+00 0.0000000e+00 0.0000000e+00 0.0000000e+00 0.0000000e+00 0.0000000e+00 0.0000000e+00 0.0000000e+00 0.0000000e+00 0.0000000e+00 0.0000000e+00
3.0186525e+00 3.2015694e+00 3.3956397e+00 3.6805619e+00 4.0379180e+00 4.2787496e+00 1.9174280e-04 6.0786659e-01 2.6710322e+00 4.7191577e+00 4.6768787e+00 4.4383036e+00 4.5102671e+00 4.6329131e+00 4.3943679e+00 4.0934983e+00 3.3636425e+00 2.7997953e+00 2.6376535e+00 2.4407516e+00 1.8788482e+00 1.2928558e+00 9.1321071e-04 0.0000000e+00 0.0000000e+00 0.0000000e+00 0.0000000e+00 3.5906013e-03 3.9558985e-02 9.5507022e-04 9.9124021e-04 9.9063867e-04 9.6000550e-04 9.9983834e-04 0.0000000e+00 0.0000000e+00 0.0000000e+00 0.0000000e+00 0.0000000e+00 0.0000000e+00 0.0000000e+00 0.0000000e+00 0.0000000e+00 0.0000000e+00 0.0000000e+00 0.0000000e+00 0.0000000e+00 0.0000000e+00 0.0000000e+00 0.0000000e+00
2.6654444e+00 2.9091417e+00 3.1727326e+00 3.4767289e+00 3.8326742e+00 4.3382218e+00 4.1662096e+00 3.2188900e+00 2.6066758e+00 4.0530606e+00 5.0136475e+00 5.1450675e+00 4.9494555e+00 4.7010840e+00 4.4838770e+00 4.2785893e+00 4.0466267e+00 3.6973248e+00 3.1862661e+00 2.5488015e+00 2.2934663e+00 3.4162725e-01 0.0000000e+00 0.0000000e+00 0.0000000e+00 0.0000000e+00 7.7034409e-04 2.1191973e+00 1.8634382e+00 1.5345838e+00 1.5351793e+00 1.4625706e+00 1.3842878e+00 1.4486803e+00 1.3839119e+00 1.3023871e+00 1.0870687e+00 1.1132959e+00 1.1081579e+00 7.3954957e-01 8.8648790e-04 9.3799573e-04 9.8160931e-04 9.8868337e-04 9.6500172e-04 9.9847150e-04 9.7677224e-04 9.9778208e-04 9.6988015e-04 9.7571415e-04
6.3571474e-01 1.2813841e+00 2.4786208e+00 3.3964432e+00 3.6364017e+00 4.0926843e+00 4.2971499e+00 4.0851185e+00 3.2202303e+00 2.6622782e+00 4.0988614e+00 4.8865110e+00 5.1973341e+00 4.8366828e+00 4.6566877e+00 4.5860036e+00 4.3037357e+00 3.9624168e+00 3.6403470e+00 2.7328196e+00 9.0064369e-01 0.0000000e+00 0.0000000e+00 0.0000000e+00 0.0000000e+00 6.3061318e-01 1.9393677e+00 2.1225030e+00 2.0651647e+00 2.0095424e+00 2.1390823e+00 2.1524211e+00 2.0121600e+00 1.9683147e+00 2.0738042e+00 2.0592193e+00 2.0832711e+00 2.0616254e+00 2.1153616e+00 1.9970362e+00 1.7787476e+00 1.5968423e+00 1.5952623e+00 1.5850018e+00 1.5305720e+00 1.5063511e+00 1.5056708e+00 1.4830057e+00 1.3884918e+00 1.2062329e+00
1.9981993e-02 0.0000000e+00 0.0000000e+00 1.8333951e+00 3.2932219e+00 4.0020338e+00 4.3051155e+00 4.3577532e+00 4.1956173e+00 3.1774111e+00 3.3132483e+00 4.2457949e+00 4.6578221e+00 4.6616013e+00 4.6515129e+00 4.6122656e+00 4.1560215e+00 3.4896533e+00 3.1581693e+00 1.7935010e+00 7.6381613e-04 0.0000000e+00 0.0000000e+00 0.0000000e+00 6.6956802e-01 2.5206045e+00 2.5894415e+00 2.6238572e+00 2.5250700e+00 2.4199117e+00 2.4310458e+00 2.4032506e+00 2.2476376e+00 2.1925272e+00 2.2685267e+00 2.3113496e+00 2.3265736e+00 2.3213591e+00 2.4087317e+00 2.3624558e+00 2.3099051e+00 2.2135157e+00 2.1433760e+00 2.0683364e+00 2.0224078e+00 1.9960453e+00 1.9794111e+00 1.9465503e+00 1.9029290e+00 1.8072575e+00
5.1046885e+00 4.0942617e+00 2.0387319e-01 1.4722252e-02 8.3038762e-01 3.7620985e+00 4.5125681e+00 4.5066531e+00 4.4557246e+00 4.0055053e+00 3.2130294e+00 3.3619324e+00 4.5381617e+00 4.6742505e+00 4.5023906e+00 4.3635859e+00 3.9828190e+00 3.3100732e+00 2.1312243e+00 8.6524377e-04 0.0000000e+00 0.0000000e+00 0.0000000e+00 4.0741693e-01 2.2290527e+00 2.4696096e+00 2.8857765e+00 3.0865666e+00 2.9819583e+00 2.9583183e+00 2.9014899e+00 2.6927330e+00 2.4910638e+00 2.4731382e+00 2.6350630e+00 2.6984211e+00 2.6811863e+00 2.7282612e+00 2.9063546e+00 2.7485866e+00 2.5884178e+00 2.4204593e+00 2.2857374e+00 2.1464520e+00 2.0744982e+00 2.0688253e+00 2.0838463e+00 2.0576745e+00 2.0170212e+00 1.9332833e+00
6.1406884e+00 6.0129736e+00 5.0815673e+00 7.5102961e-01 2.8780722e-02 2.3331463e+00 4.5186973e+00 4.4525683e+00 4.0635041e+00 3.5984471e+00 3.1767911e+00 3.6047575e+00 5.4942199e+00 5.0664573e+00 4.4303902e+00 4.2021241e+00 3.8169708e+00 2.1060947e+00 7.2449944e-04 0.0000000e+00 0.0000000e+00 0.0000000e+00 2.3222221e-01 2.4693078e+00 2.4084092e+00 2.4321433e+00 2.8675541e+00 3.0290101e+00 3.2240144e+00 3.4317821e+00 3.3905658e+00 3.1479016e+00 2.8579264e+00 2.8062523e+00 3.0314760e+00 3.1551414e+00 3.2163557e+00 3.2039172e+00 3.2703723e+00 3.0938410e+00 2.8641109e+00 2.7055555e+00 2.5109717e+00 2.3096296e+00 2.1910074e+00 2.1963435e+00 2.2467913e+00 2.2729748e+00 2.2451208e+00 2.1696875e+00
6.6084668e+00 6.3801110e+00 5.9585657e+00 4.7937416e+00 1.8160403e-01 1.2946717e-02 3.4003729e+00 4.2961674e+00 3.7115465e+00 3.4908124e+00 3.2718731e+00 4.2679658e+00 5.3289007e+00 5.0333914e+00 4.4608795e+00 4.1866199e+00 3.1348524e+00 7.0953990e-04 0.0000000e+00 0.0000000e+00 0.0000000e+00 5.3070574e-02 2.3080722e+00 2.6607610e+00 2.6062123e+00 2.6471908e+00 2.8374217e+00 3.0750824e+00 3.6688208e+00 3.7427621e+00 3.6430178e+00 3.4670280e+00 3.2576170e+00 3.1731393e+00 3.2710983e+00 3.4372346e+00 3.6284166e+00 3.5069362e+00 3.3846833e+00 3.2902388e+00 3.1327690e+00 2.9912297e+00 2.7301673e+00 2.5776452e+00 2.3818935e+00 2.3241468e+00 2.4344918e+00 2.4843588e+00 2.4619926e+00 2.3768068e+00
6.7818822e+00 6.6477711e+00 6.3988049e+00 5.9400030e+00 4.7165338e+00 0.0000000e+00 7.2324616e-04 1.5670065e+00 4.0153565e+00 3.3335150e+00 2.9194212e+00 3.4339098e+00 4.6488355e+00 4.6689485e+00 3.9886394e+00 3.5985211e+00 8.1787507e-04 0.0000000e+00 0.0000000e+00 0.0000000e+00 6.4853364e-04 2.2855401e+00 2.7882150e+00 2.7425697e+00 2.6854222e+00 2.7410152e+00 3.1293879e+00 3.5219854e+00 3.6874675e+00 3.8518737e+00 3.9216926e+00 3.6908020e+00 3.7211035e+00 3.6207471e+00 3.5738044e+00 3.6109506e+00 3.6982873e+00 3.6735767e+00 3.6121988e+00 3.7539293e+00 3.5511873e+00 3.3325261e+00 3.1119686e+00 2.8881830e+00 2.7047512e+00 2.6944118e+00 2.7693427e+00 2.7663082e+00 2.7808988e+00 2.6833885e+00
6.9232675e+00 6.8628209e+00 6.7182094e+00 6.4079456e+00 5.8249152e+00 3.4635399e+00 0.0000000e+00 0.0000000e+00 4.8452979e-01 1.6404119e+00 2.6432662e+00 2.6994025e+00 2.7845043e+00 3.4264507e+00 2.4820675e+00 5.8805209e-04 0.0000000e+00 0.0000000e+00 0.0000000e+00 9.8159576e-04 1.9506368e+00 2.4580791e+00 2.8037858e+00 3.1011914e+00 3.1642603e+00 3.3257258e+00 3.7112188e+00 3.9021728e+00 3.8153930e+00 4.1574055e+00 4.2224946e+00 3.9405676e+00 3.8547272e+00 3.9720156e+00 4.1116290e+00 4.1981983e+00 4.0724497e+00 3.8776941e+00 4.0167896e+00 4.5652164e+00 4.1524318e+00 3.8448920e+00 3.4260932e+00 3.3021845e+00 3.2930663e+00 3.3343126e+00 3.3019566e+00 3.2012347e+00 3.1309225e+00 3.0452105e+00
7.1351439e+00 7.0677234e+00 6.9597789e+00 6.7705408e+00 6.4145341e+00 5.8362977e+00 3.3385039e+00 0.0000000e+00 0.0000000e+00 0.0000000e+00 0.0000000e+00 2.7949866e-01 2.3290993e+00 2.5356963e+00 1.6215765e-02 7.1671535e-03 9.1996624e-04 0.0000000e+00 8.1204858e-04 1.9878630e+00 2.3851742e+00 2.6053009e+00 3.1304751e+00 3.4743480e+00 3.7562662e+00 3.8721170e+00 4.1326808e+00 4.1884883e+00 4.3659699e+00 4.7066845e+00 4.8865137e+00 4.4849125e+00 4.0932001e+00 4.5765294e+00 4.7868998e+00 4.8742434e+00 4.6354122e+00 4.4524517e+00 4.5028539e+00 4.5941208e+00 4.4261506e+00 4.2068703e+00 3.9523503e+00 3.8633727e+00 3.9248117e+00 3.9719934e+00 3.8143479e+00 3.6210838e+00 3.4842392e+00 3.3723694e+00
7.2591059e+00 7.2229783e+00 7.1349943e+00 7.0149295e+00 6.8445574e+00 6.5496022e+00 5.6662704e+00 2.1557125e+00 0.0000000e+00 0.0000000e+00 0.0000000e+00 0.0000000e+00 1.3106660e+00 8.6138699e-04 0.0000000e+00 9.9124479e-04 0.0000000e+00 0.0000000e+00 1.9436103e+00 2.6720828e+00 2.8833639e+00 3.3005444e+00 3.8159869e+00 4.0588922e+00 4.1114147e+00 4.2405552e+00 4.4026353e+00 4.4221635e+00 4.5995740e+00 5.1912143e+00 5.1094151e+00 4.8181707e+00 4.7308070e+00 5.0148523e+00 5.0900171e+00 4.9319589e+00 4.8450721e+00 4.9319966e+00 5.0796979e+00 4.9416001e+00 4.7636304e+00 4.6402801e+00 4.5444748e+00 4.4316474e+00 4.4148846e+00 4.3674460e+00 4.1926625e+00 4.0039868e+00 3.7937669e+00 3.6434671e+00
7.4621873e+00 7.3389003e+00 7.3068903e+00 7.1913004e+00 7.0428545e+00 6.6446459e+00 5.8151819e+00 3.1856822e+00 8.9329913e-01 0.0000000e+00 0.0000000e+00 0.0000000e+00 0.0000000e+00 0.0000000e+00 0.0000000e+00 0.0000000e+00 0.0000000e+00 1.6995681e+00 2.2963704e+00 2.8496377e+00 3.4192434e+00 3.8820080e+00 4.2193359e+00 4.2376716e+00 4.2501307e+00 4.6114066e+00 4.8596597e+00 4.7519794e+00 4.5673355e+00 5.1365780e+00 5.2582316e+00 5.1896113e+00 5.3250635e+00 5.2726899e+00 4.7803171e+00 4.2916327e+00 4.5854962e+00 4.9398314e+00 5.2135101e+00 5.1642147e+00 5.0811922e+00 5.0184200e+00 5.0536333e+00 4.9590792e+00 4.8721876e+00 4.7714895e+00 4.6288011e+00 4.4071932e+00 4.2532859e+00 4.0143688e+00
7.6061430e+00 7.5848555e+00 7.4435151e+00 7.3741035e+00 7.2145346e+00 7.0842133e+00 6.1068824e+00 4.0275278e+00 2.4748902e+00 0.0000000e+00 0.0000000e+00 0.0000000e+00 0.0000000e+00 0.0000000e+00 0.0000000e+00 0.0000000e+00 2.0018843e+00 2.2436835e+00 2.2205686e+00 2.6472965e+00 3.2481969e+00 4.0125393e+00 4.4420746e+00 4.6108596e+00 4.6446081e+00 4.9305326e+00 5.4661693e+00 5.3020643e+00 5.2705675e+00 5.6158323e+00 5.7166146e+00 5.7147424e+00 5.7085769e+00 5.4600242e+00 4.5635606e+00 3.6379057e+00 4.1507013e+00 4.7780460e+00 5.2444021e+00 5.4120256e+00 5.3867471e+00 5.2434437e+00 5.3490644e+00 5.3558305e+00 5.3059112e+00 5.2247197e+00 5.1206576e+00 4.9545384e+00 4.7393384e+00 4.4785026e+00
7.7203020e+00 7.7469031e+00 7.7229800e+00 7.4970500e+00 7.3746003e+00 7.3248495e+00 4.9779243e+00 2.5903973e+00 0.0000000e+00 0.0000000e+00 0.0000000e+00 0.0000000e+00 0.0000000e+00 0.0000000e+00 0.0000000e+00 6.4017256e-01 1.7626838e+00 1.6151922e+00 7.3543833e-01 4.1492315e-06 9.0508840e-04 2.9944862e+00 4.4834446e+00 5.0105971e+00 5.1368228e+00 5.0128800e+00 5.3473938e+00 5.5001977e+00 5.7766581e+00 6.0880231e+00 5.9657443e+00 5.7712951e+00 5.7998480e+00 5.7535638e+00 5.0408167e+00 4.2643329e+00 4.4143305e+00 4.8581291e+00 5.3648386e+00 5.6359364e+00 5.8343163e+00 5.6678873e+00 5.7188244e+00 5.7478407e+00 5.7138437e+00 5.6910816e+00 5.7230893e+00 5.4321728e+00 5.1438279e+00 4.9522863e+00
7.8058947e+00 7.8579910e+00 7.9114861e+00 7.8698372e+00 7.6742849e+00 7.1924276e+00 0.0000000e+00 0.0000000e+00 0.0000000e+00 0.0000000e+00 0.0000000e+00 0.0000000e+00 0.0000000e+00 0.0000000e+00 0.0000000e+00 6.3089490e-03 3.4774644e-01 0.0000000e+00 0.0000000e+00 9.7088214e-03 6.1541222e-01 2.9055746e+00 4.7659341e+00 5.5178074e+00 5.5292864e+00 5.4035691e+00 5.4112212e+00 5.4885353e+00 5.9364068e+00 6.1136010e+00 5.7428903e+00 5.0200971e+00 5.3548976e+00 5.6287572e+00 5.3529199e+00 5.0159801e+00 4.9648641e+00 5.1334340e+00 5.4773118e+00 5.7515930e+00 5.9655497e+00 5.9856797e+00 6.0319230e+00 6.1161706e+00 6.0976706e+00 6.0702966e+00 6.0464153e+00 5.7948823e+00 5.5768459e+00 5.4043498e+00
7.9386572e+00 7.9472383e+00 8.0494867e+00 8.0989084e+00 8.1187218e+00 7.7907526e+00 2.5348201e+00 0.0000000e+00 0.0000000e+00 0.0000000e+00 0.0000000e+00 0.0000000e+00 0.0000000e+00 0.0000000e+00 1.4702494e-01 2.3764878e+00 3.5011745e+00 2.9573530e+00 2.4612401e+00 3.6410911e+00 4.8469699e+00 5.1343990e+00 5.4928168e+00 5.7291019e+00 5.6291450e+00 5.6930256e+00 5.5976723e+00 5.5829755e+00 5.8645989e+00 6.0389615e+00 5.5310716e+00 4.2010769e+00 4.7967738e+00 5.5287874e+00 5.6661727e+00 5.5893359e+00 5.4659041e+00 5.4239367e+00 5.6415632e+00 5.8819863e+00 6.0473786e+00 6.1461825e+00 6.2453008e+00 6.3966542e+00 6.3808942e+00 6.3175443e+00 6.2501159e+00 6.0713775e+00 5.8971984e+00 5.8115064e+00
