ahotovec/data/depth_0050.asc
ncols     164
nrows     146
xllcorner -1.242151388888889e+02
yllcorner  4.172986111111111e+01
cellsize  2.777777777820000e-04
nodata_value       -9999
[rows 66 to 87 of 146, columns 100 to 149 of 164]
5.5950546e-01 5.8527718e-01 5.9985265e-01 6.2500166e-01 6.4897319e-01 6.6889550e-01 6.9499349e-01 7.2232275e-01 7.3816785e-01 7.1127851e-01 6.5666269e-01 5.9882388e-01 5.1800204e-01 4.1816189e-01 3.1852033e-01 2.2516607e-01 1.6260383e-01 1.2370150e-01 8.7165726e-02 7.2792384e-02 4.6920516e-02 1.7644384e-02 1.4255601e-02 1.0516992e-02 3.9835120e-03 3.6289857e-03 2.7914906e-03 1.9079248e-03 9.9901521e-04 9.9969345e-04 9.9885266e-04 9.9939926e-04 9.9999835e-04 9.8276370e-04 9.9973317e-04 9.9935765e-04 9.9769617e-04 9.9912507e-04 9.9928385e-04 9.9966300e-04 9.9919002e-04 9.9987941e-04 9.9886800e-04 9.9878776e-04 9.9855903e-04 9.9988141e-04 9.9979051e-04 9.9843761e-04 9.9957594e-04 9.9986276e-04
3.2389478e-01 3.5397275e-01 3.4649894e-01 3.7853265e-01 4.6200329e-01 5.3071540e-01 5.6586319e-01 6.0135951e-01 6.2033155e-01 5.9716921e-01 5.0660070e-01 3.7464762e-01 3.3962650e-01 2.5383722e-01 1.8290320e-01 1.1206897e-01 8.3554367e-02 5.5283516e-02 3.2456750e-02 2.2788540e-02 1.6458961e-02 1.7362438e-02 1.0599316e-02 3.2232557e-03 9.9806074e-04 1.5025374e-03 1.4796972e-03 1.3358857e-03 9.9835598e-04 9.9855341e-04 9.9814203e-04 9.8940774e-04 9.9527305e-04 9.9959793e-04 9.9889634e-04 1.2404147e-03 9.9779316e-04 9.8729749e-04 9.9658482e-04 9.9854162e-04 9.9948690e-04 9.9960371e-04 9.9973642e-04 9.9993098e-04 9.9966481e-04 9.9910325e-04 9.9926664e-04 9.9891201e-04 9.9890443e-04 9.9915003e-04
3.2865820e-01 2.9759142e-01 2.7759966e-01 3.2673171e-01 3.4794089e-01 3.4355978e-01 3.2843125e-01 3.4072870e-01 3.7417678e-01 3.6513424e-01 2.8891889e-01 2.7951325e-01 2.0172488e-01 1.4702199e-01 1.0221255e-01 8.5306188e-02 7.3504720e-02 6.4992162e-02 4.7423072e-02 3.4826426e-02 2.9012063e-02 3.2981836e-02 1.3485829e-02 9.9625123e-03 8.1946122e-03 7.9988545e-03 7.0105907e-03 5.6551224e-03 8.5963520e-03 4.3973797e-03 9.8249249e-04 9.8592486e-04 9.9307222e-04 1.6532895e-03 2.4700963e-03 2.4057212e-03 1.6495276e-03 3.6395211e-03 1.0578683e-03 1.3992091e-03 9.8359576e-04 9.8165596e-04 9.9377404e-04 9.9969774e-04 9.9997446e-04 9.9964749e-04 9.9787216e-04 9.9888940e-04 9.9892627e-04 9.9995495e-04
7.6279386e-01 6.9456568e-01 6.0498759e-01 5.3794984e-01 4.6880774e-01 3.5054515e-01 3.1333918e-01 2.5324151e-01 2.2379250e-01 2.0864347e-01 1.8409180e-01 1.5249540e-01 1.3914545e-01 1.1902522e-01 1.0724969e-01 1.0071166e-01 9.1775688e-02 7.1378682e-02 5.7205931e-02 6.1285206e-02 4.4695245e-02 6.8661639e-02 7.4386513e-02 6.6249863e-02 8.3909058e-02 6.4907698e-02 7.4361197e-02 8.1914986e-02 9.5839901e-02 7.9566968e-02 1.1474062e-01 8.9953425e-02 4.4793013e-02 1.1128345e-02 5.8935634e-03 7.1185873e-03 7.9340080e-03 7.9447173e-03 5.3537294e-03 9.9357409e-04 1.2879303e-03 1.6172076e-03 1.4012771e-03 9.9778954e-04 9.9910050e-04 9.9898002e-04 9.9909284e-04 9.9997974e-04 9.9945013e-04 9.9958013e-04
9.6531315e-01 9.1610483e-01 8.4490903e-01 7.6415746e-01 6.8513513e-01 6.0664516e-01 5.6814377e-01 4.8929873e-01 2.8314734e-01 1.6743535e-01 1.0634170e-01 1.2482509e-01 1.2118430e-01 1.1701152e-01 9.9677188e-02 9.1263081e-02 9.9162491e-02 1.2087180e-01 1.6772582e-01 2.4910871e-01 2.9722753e-01 3.5426459e-01 4.0236085e-01 4.3646343e-01 4.3721230e-01 4.3207078e-01 4.5567539e-01 4.8649707e-01 5.0583469e-01 5.1543546e-01 4.8458180e-01 4.7043672e-01 4.3751242e-01 3.5689531e-01 3.0029286e-01 2.9428074e-01 2.7306162e-01 2.9078376e-01 2.3727361e-01 1.1008552e-01 7.2312609e-02 3.1610956e-02 9.9735852e-04 1.0724311e-03 1.5556977e-03 1.5309469e-03 1.0124622e-03 9.9914887e-04 9.9972350e-04 9.9939759e-04
1.0156499e+00 9.5066668e-01 8.4556341e-01 7.3698639e-01 6.5972214e-01 6.2646052e-01 5.9041418e-01 5.7324996e-01 5.8889495e-01 5.6677209e-01 4.1100892e-01 1.6181782e-01 7.3732730e-02 8.4155124e-02 6.0699637e-02 1.1212306e-01 1.3572512e-01 1.9930141e-01 3.0434389e-01 4.2103896e-01 5.3623455e-01 6.0168352e-01 6.7206378e-01 6.9253512e-01 6.7948326e-01 7.1183145e-01 7.5067479e-01 7.8125711e-01 7.9751910e-01 7.9683748e-01 7.7279638e-01 7.7506340e-01 7.3883869e-01 6.7390078e-01 6.7555804e-01 7.0679139e-01 6.8178805e-01 6.6946967e-01 5.8068935e-01 4.9458118e-01 4.3014459e-01 3.3700366e-01 2.6049684e-01 1.2368504e-01 2.9082348e-02 9.9769188e-04 1.0542575e-03 1.7996828e-03 1.5829040e-03 1.4404366e-03
9.6676550e-01 9.7363045e-01 8.7741060e-01 7.2673535e-01 6.8175801e-01 7.5604757e-01 7.3426762e-01 5.8058763e-01 5.2081859e-01 6.3105047e-01 6.1482741e-01 6.6907459e-01 8.2401757e-01 6.5036443e-01 4.6822430e-01 2.1957877e-01 1.6881437e-01 3.1339170e-01 4.2313352e-01 4.6707996e-01 5.1989547e-01 6.1195365e-01 7.1579324e-01 7.8582863e-01 8.2355875e-01 8.5787827e-01 9.0371039e-01 9.2908062e-01 9.6032114e-01 9.8321518e-01 1.0171661e+00 9.7246645e-01 8.7626403e-01 9.6409546e-01 1.0308550e+00 1.0634724e+00 1.0432529e+00 9.6359206e-01 8.7520852e-01 8.0099312e-01 7.0337130e-01 6.2789250e-01 5.3688107e-01 4.4373046e-01 3.5328912e-01 2.5993774e-01 9.5122855e-02 9.9369440e-04 2.6281032e-03 2.3483669e-03
7.5152817e-01 8.5592760e-01 8.9606961e-01 7.4422671e-01 6.6048433e-01 7.0807924e-01 7.4836580e-01 6.7056219e-01 6.0438799e-01 6.4851410e-01 1.0645596e+00 3.2501423e+00 5.1322709e+00 2.6523475e+00 8.0722731e-01 6.5744368e-01 5.0728494e-01 3.8586222e-01 4.2376148e-01 3.3861282e-01 3.0011054e-01 2.6611930e-01 4.1092246e-01 5.7005724e-01 6.9560432e-01 6.5990334e-01 6.2966166e-01 6.6785041e-01 7.7520352e-01 8.7211410e-01 9.4969924e-01 1.0366496e+00 1.1330253e+00 1.2347030e+00 1.2768938e+00 1.2899306e+00 1.2832042e+00 1.2115323e+00 1.1304419e+00 1.0605911e+00 9.6997090e-01 8.8503122e-01 8.0782383e-01 7.1221610e-01 6.2765477e-01 4.9250699e-01 3.4700671e-01 1.5181225e-01 1.0265669e-03 3.6216575e-03
1.5893099e+00 8.5088246e-01 7.8940750e-01 6.8993955e-01 3.7097151e-01 2.1052557e-01 2.2528306e-01 3.1842456e-01 6.2774743e-01 1.4640057e+00 4.5679559e+00 6.6825476e+00 7.0772507e+00 5.7332954e+00 3.2340088e+00 1.0450549e+00 7.1732418e-01 6.5923585e-01 3.2659515e-01 8.2055594e-02 3.0370221e-02 1.9887010e-02 7.5379372e-02 1.7504791e-01 2.2153998e-01 1.9907968e-01 1.7176048e-01 2.2129137e-01 3.3010893e-01 4.4918642e-01 6.4370074e-01 9.6110591e-01 1.3071952e+00 1.4081361e+00 1.4543077e+00 1.4654007e+00 1.4265119e+00 1.4027270e+00 1.3331539e+00 1.2708908e+00 1.1952357e+00 1.1382721e+00 1.0733754e+00 9.9297222e-01 8.4341314e-01 6.1581020e-01 4.4026283e-01 2.0802583e-01 1.0162969e-03 3.8490247e-03
4.2769198e+00 3.2329884e+00 1.4385754e+00 7.6978635e-01 3.0841820e-01 9.3790984e-04 8.7032898e-04 2.5340763e-01 1.9231176e+00 5.4376719e+00 6.9563881e+00 7.2571387e+00 7.2978225e+00 7.3833835e+00 7.2721715e+00 4.7535987e+00 1.8241766e+00 7.4843886e-01 1.9223011e-01 2.4116838e-02 1.3599779e-02 5.0918008e-03 1.5111231e-02 3.3528166e-02 3.7664550e-02 4.1292033e-02 1.4348735e-02 1.9942595e-02 5.7790292e-02 1.7423703e-01 4.6042545e-01 8.9930665e-01 1.3955686e+00 1.6278360e+00 1.6382411e+00 1.6161699e+00 1.6167972e+00 1.5434933e+00 1.4974233e+00 1.4342232e+00 1.3702979e+00 1.3113536e+00 1.2430043e+00 1.1355651e+00 9.0765550e-01 6.4048970e-01 4.2393918e-01 2.0064956e-01 1.1994925e-02 9.9543142e-04
4.9935393e+00 4.8983570e+00 3.9608195e+00 2.0450347e+00 1.2087593e+00 7.6671122e-04 9.0097407e-04 2.0369713e+00 6.4634802e+00 7.2390871e+00 7.3827765e+00 7.5460424e+00 7.6430061e+00 7.7504259e+00 7.7730382e+00 6.5913087e+00 5.3267056e+00 2.6148074e+00 9.4888024e-02 4.4624724e-02 8.0359535e-02 1.9693958e-01 9.3580143e-02 1.2392343e-01 2.8646956e-01 2.8683083e-01 1.1418148e-01 4.3015346e-02 4.8066668e-02 9.0153086e-02 3.2079206e-01 7.7206355e-01 1.3743489e+00 1.7953770e+00 1.9298476e+00 1.8919220e+00 1.8019344e+00 1.7194173e+00 1.6428202e+00 1.5668901e+00 1.4901080e+00 1.3988191e+00 1.2914907e+00 1.1408306e+00 9.1297143e-01 6.7243597e-01 4.4835469e-01 2.6942071e-01 1.3771907e-01 9.8457935e-02
5.3026989e+00 4.9480433e+00 4.6650970e+00 4.0136849e+00 2.0208111e+00 1.9768260e-01 1.8555948e+00 6.1587754e+00 7.2143762e+00 7.3354541e+00 7.4783334e+00 7.5879563e+00 7.6996011e+00 7.9256857e+00 8.0695188e+00 7.8210392e+00 7.9656488e+00 5.9768003e+00 1.7497675e+00 4.1276568e-02 1.4786821e-01 2.4330431e-01 2.8344054e-01 4.7143427e-01 7.2399401e-01 7.5679815e-01 4.9477531e-01 5.0618050e-01 2.1823933e-01 1.4890231e-01 2.4390070e-01 5.5678180e-01 1.1831531e+00 1.8201031e+00 2.1426440e+00 2.1860354e+00 2.0446807e+00 1.8946486e+00 1.7995051e+00 1.6991160e+00 1.5603223e+00 1.4232032e+00 1.3040228e+00 1.1506400e+00 9.1691077e-01 6.9995806e-01 5.2172247e-01 4.2021739e-01 3.4971907e-01 4.2558139e-01
5.8176459e+00 5.5881482e+00 4.9294744e+00 4.0494543e+00 1.3037443e+00 3.0096478e+00 6.5824683e+00 7.0282083e+00 6.9666101e+00 6.9002171e+00 7.1064835e+00 7.2660351e+00 7.6869492e+00 7.9361843e+00 8.0909991e+00 8.1017625e+00 7.7988980e+00 5.3758370e+00 9.9347489e-01 1.9301139e-02 8.8470379e-02 6.0808259e-02 3.6136812e-01 4.5196776e-01 5.0915767e-01 4.5177063e-01 8.1750745e-01 6.6682503e-01 5.8639038e-01 4.9406967e-01 3.4589758e-01 4.2997060e-01 1.0158570e+00 1.7759847e+00 2.2094851e+00 2.3637014e+00 2.2649001e+00 2.0863715e+00 1.9357046e+00 1.8440557e+00 1.6784083e+00 1.5032459e+00 1.3219502e+00 1.1543074e+00 9.0826960e-01 7.6197653e-01 6.7679021e-01 6.3056475e-01 6.9599410e-01 7.7329088e-01
6.1376901e+00 5.9323007e+00 3.6282305e+00 1.4079168e+00 4.5234095e+00 6.8920738e+00 7.0125953e+00 6.9236529e+00 6.8531502e+00 6.7336835e+00 6.6449821e+00 7.0719500e+00 7.7190311e+00 7.8653393e+00 8.1465351e+00 7.4658693e+00 3.9019637e+00 3.6506314e-01 1.2021282e-02 1.6804411e-02 5.4884032e-02 3.2691808e-01 4.5985995e-01 4.9630527e-01 5.6699661e-01 4.8551513e-01 2.7924705e-01 2.0481908e-01 9.6224035e-01 8.5306776e-01 7.6566755e-01 6.3694746e-01 1.0435367e+00 1.7031765e+00 2.1262276e+00 2.3196442e+00 2.3741105e+00 2.2817750e+00 2.1613929e+00 2.0429051e+00 1.8628384e+00 1.6356994e+00 1.4156980e+00 1.1818679e+00 1.0082793e+00 8.6632768e-01 8.6048125e-01 8.9825937e-01 9.4356370e-01 9.9088749e-01
6.6655433e+00 5.1413701e+00 1.5918161e+00 2.3571385e+00 6.4725740e+00 7.1662909e+00 6.7929927e+00 6.7445598e+00 6.7096715e+00 6.7804770e+00 7.3287416e+00 7.2796999e+00 7.0957148e+00 7.3561890e+00 6.1041549e+00 3.0063040e+00 8.7361775e-04 1.1187489e-02 1.2353152e-01 2.4479473e-01 6.8549444e-01 5.1065050e-01 7.3538732e-01 6.1139013e-01 5.8697892e-01 5.0993705e-01 1.6652132e-01 3.7393717e-01 2.5939903e-01 9.7307516e-01 1.0292051e+00 1.0231518e+00 1.1823730e+00 1.5832057e+00 1.9300224e+00 2.1503325e+00 2.2661060e+00 2.2995425e+00 2.2897560e+00 2.2219766e+00 2.0707259e+00 1.8145094e+00 1.5228617e+00 1.3048613e+00 1.1341002e+00 1.0494197e+00 1.0563484e+00 1.0684290e+00 1.1078166e+00 1.1335231e+00
7.1927873e+00 6.8070239e+00 5.9666911e+00 3.0974874e+00 2.0829182e+00 5.6525424e+00 6.6342913e+00 6.5065281e+00 7.0089058e+00 7.3430967e+00 7.3520157e+00 7.1946894e+00 6.7009819e+00 5.3028891e+00 1.5782210e+00 8.8380363e-04 8.8091269e-03 8.0261664e-04 8.9486524e-01 1.2704133e+00 9.2054335e-01 3.5936537e-01 7.1973073e-01 6.7198190e-01 4.8339390e-01 2.9228126e-01 3.9937533e-01 2.6282144e-01 4.5640662e-01 8.0661498e-01 1.0633257e+00 1.0361071e+00 1.0921693e+00 1.3536496e+00 1.7670816e+00 1.9858115e+00 2.0136532e+00 1.9736177e+00 1.9238573e+00 1.9530859e+00 1.9680219e+00 1.8576973e+00 1.6587798e+00 1.3872700e+00 1.2091141e+00 1.1548374e+00 1.1590756e+00 1.1664094e+00 1.1791870e+00 1.1829115e+00
7.4515115e+00 7.3764921e+00 7.2510513e+00 7.3253983e+00 5.4108623e+00 1.8927317e+00 4.4425944e+00 6.7624119e+00 7.1799806e+00 7.0701437e+00 7.3183670e+00 7.0391948e+00 4.2158576e+00 2.6916347e-01 1.5950376e-03 4.2755485e-03 1.0884776e-03 6.8062317e-01 1.2242033e+00 1.4227451e+00 1.4231410e+00 9.1706892e-01 5.9339494e-01 4.5278247e-01 1.7417892e-01 2.5124392e-01 2.1850896e-01 2.6823258e-01 2.6832757e-01 6.8176341e-01 3.8964890e-01 8.1318808e-01 1.0327069e+00 1.1281796e+00 1.6403077e+00 1.8243204e+00 1.6276039e+00 1.3213627e+00 1.1650843e+00 1.2256914e+00 1.3605937e+00 1.4766108e+00 1.5686533e+00 1.5321541e+00 1.3130718e+00 1.1314799e+00 1.1489371e+00 1.1682075e+00 1.1822412e+00 1.1853149e+00
7.5513343e+00 7.6231487e+00 7.7253031e+00 7.4923326e+00 6.8530988e+00 6.9672373e+00 2.9408449e+00 2.9592220e+00 6.4933698e+00 7.1796305e+00 7.5888068e+00 6.2280444e+00 1.4135483e+00 1.1244439e-03 2.3041190e-02 2.4134545e-02 9.2090699e-01 1.1201133e+00 1.1686367e+00 1.1832780e+00 6.2500233e-01 6.5882145e-01 4.5848660e-01 1.4252035e-01 4.7300722e-02 8.9967388e-04 1.5781407e-01 1.8829867e-02 9.8667384e-04 6.0570921e-03 2.4069937e-01 4.3254782e-01 7.2617788e-01 9.8023176e-01 1.3480994e+00 1.5259772e+00 1.1406536e+00 7.1916490e-01 5.0023689e-01 4.6604355e-01 5.8927935e-01 7.8082785e-01 1.0730708e+00 1.2994899e+00 1.2257796e+00 8.8829898e-01 8.8172023e-01 1.0737402e+00 1.1578521e+00 1.2042740e+00
7.8272354e+00 7.8919150e+00 8.1347826e+00 7.9507463e+00 7.2562984e+00 7.2675142e+00 6.6330983e+00 3.3135323e+00 2.1525434e+00 5.2656482e+00 6.3603080e+00 7.6064516e+00 4.9008705e+00 1.6753256e+00 7.6328789e-02 4.5184661e-01 1.1232214e+00 1.1478192e+00 1.2640326e+00 1.6328880e+00 8.5219949e-04 0.0000000e+00 8.4996305e-04 9.9179081e-02 6.6302219e-03 9.8839360e-04 1.4402598e-02 2.9999364e-03 9.7436159e-04 3.6352225e-03 1.5144619e-01 1.0131758e-03 1.3707699e-03 4.2675759e-01 8.2231028e-01 1.1273460e+00 9.5002712e-01 6.5171268e-01 3.8115921e-01 1.2761723e-01 1.1978710e-01 3.0439889e-01 5.2286863e-01 7.4486044e-01 8.2188799e-01 6.1728325e-01 4.6618329e-01 5.6911972e-01 7.8817908e-01 1.0629410e+00
8.1506022e+00 8.1638860e+00 8.3604777e+00 8.4448405e+00 8.1898374e+00 7.9006591e+00 7.8934405e+00 7.3738534e+00 5.0889992e+00 1.8790678e+00 5.8124252e+00 7.1915458e+00 6.2850348e+00 3.4889975e+00 3.7326394e-01 6.4255922e-01 8.9563338e-01 9.3444332e-01 1.1799876e+00 1.1193551e+00 8.5771720e-04 0.0000000e+00 3.6754062e-01 3.7820675e-01 1.2742607e-01 3.1482670e-02 8.0454113e-03 6.0134086e-03 9.9354104e-04 9.7020120e-02 7.4704571e-02 1.0777201e-01 1.3660986e-01 6.9627570e-02 3.4597434e-01 9.4018667e-01 9.1436204e-01 8.5273847e-01 6.3131049e-01 1.9572857e-01 1.0057973e-01 2.1718494e-01 2.8381563e-01 2.8402631e-01 3.4827474e-01 3.9323942e-01 3.2800370e-01 3.1370268e-01 4.7533286e-01 7.0851859e-01
8.3289192e+00 8.2205932e+00 8.3734967e+00 8.5455816e+00 8.2501043e+00 8.0917119e+00 7.6944073e+00 5.9083554e+00 5.1592433e+00 5.0608120e+00 7.8760518e+00 8.4483579e+00 4.9745370e+00 5.6450763e-01 1.7325710e-01 3.1508710e-01 6.3062223e-01 6.5176782e-01 5.2059469e-01 6.5471154e-01 7.6068302e-01 2.5559152e-01 8.5925384e-02 2.6974650e-01 4.2626364e-01 3.3665458e-01 1.0309663e-02 9.7830126e-04 9.8862057e-04 2.1237635e-01 2.7858734e-01 2.7416090e-01 2.8861031e-01 3.2218513e-01 7.1769921e-01 9.0567498e-01 1.1843656e+00 7.3178069e-01 6.1316528e-01 3.8746485e-01 5.1101632e-01 4.0194583e-01 2.7352826e-01 9.3684060e-02 3.5627546e-02 9.6829461e-02 3.5422161e-01 5.2391030e-01 6.5994438e-01 7.5146023e-01
8.3129521e+00 7.7862787e+00 7.3593495e+00 7.8746845e+00 7.4337737e+00 6.2754593e+00 5.3663319e+00 4.7233814e+00 5.0344793e+00 5.7746379e+00 7.7966743e+00 6.9189180e+00 1.1025480e+00 3.5084126e-01 2.9178434e-01 2.4503187e-01 1.3833287e+00 1.2207656e+00 4.1543390e-01 4.6057721e-01 6.5093023e-01 1.5228350e-01 3.2071748e-01 3.6382455e-01 5.3240193e-01 6.5934935e-01 7.4547016e-01 1.5277696e-01 4.7412066e-02 1.8368227e-01 3.2868808e-01 2.4320372e-01 1.3470298e-01 6.6716099e-01 7.6572381e-01 3.9024218e-01 1.1485543e+00 2.8109629e-01 3.0570844e-01 3.4851869e-01 5.1602206e-01 7.0068608e-01 3.3773937e-01 1.8696642e-01 5.4908013e-02 9.9664400e-04 9.6083766e-04 9.3475048e-01 9.2152034e-01 1.0198921e+00
