ahotovec/data/depth_0043.asc
ncols     164
nrows     146
xllcorner -1.242151388888889e+02
yllcorner  4.172986111111111e+01
cellsize  2.777777777820000e-04
nodata_value       -9999
[rows 110 to 131 of 146, columns 100 to 149 of 164]
8.8331551e+00 8.8194237e+00 8.8407195e+00 8.8382123e+00 8.7740127e+00 8.8324276e+00 5.9654447e+00 3.2778017e+00 2.1235335e+00 1.7655141e+00 6.9206461e-04 9.8000143e-04 1.1951098e-01 2.7152950e+00 3.8746317e+00 4.3776550e+00 4.5912971e+00 4.3414853e+00 4.4106301e+00 5.8780829e+00 6.7274203e+00 6.9000082e+00 7.0534250e+00 6.9560604e+00 6.4350029e+00 6.5494339e+00 6.5156927e+00 6.6284877e+00 6.6571992e+00 6.8503340e+00 6.6759802e+00 6.0325659e+00 6.2729156e+00 6.8046252e+00 7.2888983e+00 7.4390457e+00 7.4328511e+00 7.1622121e+00 7.1114424e+00 7.2156152e+00 7.3632827e+00 7.4135605e+00 7.4767839e+00 7.6595715e+00 7.7363577e+00 7.8018157e+00 7.8486130e+00 7.7420247e+00 7.6635674e+00 7.5170578e+00
8.9756538e+00 9.0227584e+00 9.0039621e+00 8.9789916e+00 8.9022986e+00 9.0066972e+00 8.9537487e+00 7.0722099e+00 5.5254388e+00 5.3217321e+00 3.6501872e+00 4.0097274e+00 4.5457590e+00 4.8492566e+00 4.7401104e+00 4.7070121e+00 5.1102595e+00 5.1021454e+00 4.9408466e+00 6.0750480e+00 6.8169319e+00 6.9442450e+00 7.1236567e+00 7.1267757e+00 6.5699837e+00 6.3483083e+00 6.2477855e+00 6.6649231e+00 6.8366830e+00 7.0694453e+00 7.1219736e+00 6.9373435e+00 6.8716109e+00 7.0542495e+00 7.6816738e+00 7.9436078e+00 7.8305648e+00 7.5998262e+00 7.3876950e+00 7.4243049e+00 7.6104861e+00 7.6524085e+00 7.5860333e+00 7.6564781e+00 7.7482462e+00 7.8384465e+00 8.0025448e+00 7.9604100e+00 7.8109988e+00 7.7231080e+00
9.1227822e+00 9.2064266e+00 9.2518808e+00 9.2183351e+00 9.1932985e+00 9.1091410e+00 9.2424214e+00 9.6042740e+00 9.2831763e+00 8.1966610e+00 7.1994629e+00 7.0725982e+00 7.2764673e+00 6.7758043e+00 5.6489566e+00 5.2583918e+00 5.7175045e+00 5.8387331e+00 6.0141750e+00 6.7693961e+00 7.0985635e+00 6.8901313e+00 6.9736893e+00 7.0095543e+00 6.8017004e+00 6.7508399e+00 6.2483482e+00 6.8556356e+00 7.1846444e+00 7.4957487e+00 7.8125554e+00 7.9338332e+00 7.5760035e+00 7.2475540e+00 7.7171350e+00 8.1329657e+00 8.1301366e+00 7.8941874e+00 7.6045351e+00 7.5561376e+00 7.7924655e+00 7.7557951e+00 7.7098093e+00 7.6985277e+00 7.7385028e+00 7.7972137e+00 7.9662816e+00 8.0321152e+00 7.9759166e+00 7.9648926e+00
9.3344794e+00 9.4121122e+00 9.4629751e+00 9.4810364e+00 9.4788289e+00 9.4332458e+00 9.3774965e+00 9.3790949e+00 9.1873634e+00 8.6685831e+00 9.0143519e+00 8.7990727e+00 8.5409006e+00 7.9232130e+00 6.9465387e+00 6.6273139e+00 6.7777000e+00 7.0361881e+00 7.4209375e+00 7.7988068e+00 7.7130134e+00 7.3303338e+00 7.1083027e+00 7.1465117e+00 7.2501367e+00 7.6041103e+00 7.1919535e+00 7.4426223e+00 7.6592461e+00 7.9116952e+00 8.3031531e+00 8.7984077e+00 8.2092591e+00 7.8438541e+00 8.1474068e+00 8.4934052e+00 8.5414557e+00 8.2470368e+00 7.9489098e+00 7.8391305e+00 7.8987857e+00 7.8474940e+00 7.7985985e+00 7.7689539e+00 7.8171149e+00 7.9126045e+00 8.0588500e+00 8.1352944e+00 8.1351196e+00 8.1499357e+00
9.5705933e+00 9.6629854e+00 9.7088843e+00 9.7663430e+00 9.7935538e+00 9.7562224e+00 9.6997723e+00 9.6265541e+00 9.5123328e+00 9.4427498e+00 9.8942619e+00 9.5324436e+00 9.4466379e+00 9.2039396e+00 8.6984988e+00 8.3299798e+00 8.3452312e+00 8.3421386e+00 8.6156901e+00 8.7608068e+00 8.5905443e+00 8.0239326e+00 7.5464136e+00 7.5830701e+00 7.8735786e+00 8.0979841e+00 8.0537862e+00 8.1420813e+00 8.2554480e+00 8.2480378e+00 8.2260000e+00 8.5780819e+00 8.4148642e+00 8.3446846e+00 8.6318753e+00 9.0256747e+00 9.2128205e+00 8.7276230e+00 8.2184583e+00 8.1146816e+00 8.0642722e+00 7.9541746e+00 7.9479451e+00 7.9143832e+00 7.9637758e+00 8.0989567e+00 8.2180350e+00 8.3112959e+00 8.2878948e+00 8.2288173e+00
9.8579662e+00 9.9340435e+00 9.9788593e+00 1.0013481e+01 1.0050629e+01 1.0024945e+01 1.0004137e+01 9.9217975e+00 9.8163724e+00 9.7943844e+00 9.7464009e+00 9.9691773e+00 1.0573582e+01 1.0447665e+01 1.0170664e+01 9.9041687e+00 9.5244548e+00 9.4491482e+00 9.8090901e+00 9.8781922e+00 9.5998275e+00 8.9495807e+00 8.4194860e+00 8.3238710e+00 8.5365911e+00 8.7176298e+00 8.7556300e+00 8.8549645e+00 8.9034052e+00 8.6691978e+00 8.4783946e+00 8.5616313e+00 8.5715716e+00 8.6685995e+00 8.9581383e+00 9.4437109e+00 9.7526381e+00 9.1994698e+00 8.5937881e+00 8.4931551e+00 8.4010299e+00 8.2339243e+00 8.1874949e+00 8.1302248e+00 8.1880195e+00 8.3415253e+00 8.4276405e+00 8.5170071e+00 8.4553230e+00 8.3410341e+00
1.0133960e+01 1.0120077e+01 1.0199234e+01 1.0325596e+01 1.0363720e+01 1.0417177e+01 1.0289395e+01 1.0232129e+01 1.0092461e+01 1.0171754e+01 1.0239865e+01 1.0802189e+01 1.1541868e+01 1.1255610e+01 1.0960809e+01 1.0428715e+01 9.6963218e+00 9.7719508e+00 1.0654897e+01 1.0613361e+01 1.0108833e+01 9.5491917e+00 9.1186732e+00 9.0158381e+00 9.1440346e+00 9.2401069e+00 9.5184305e+00 9.2105356e+00 9.1400285e+00 8.8805158e+00 8.6738406e+00 8.6043447e+00 8.6267434e+00 8.7909476e+00 8.9998435e+00 9.4244167e+00 9.6412569e+00 9.3020550e+00 8.8397246e+00 8.7716748e+00 8.7939008e+00 8.6566252e+00 8.4140721e+00 8.2942833e+00 8.4416874e+00 8.6809244e+00 8.5898745e+00 8.5925492e+00 8.5326383e+00 8.4535745e+00
1.0199187e+01 1.0362101e+01 1.0422998e+01 1.0520942e+01 1.0627202e+01 1.0620860e+01 1.0570626e+01 1.0413720e+01 1.0249141e+01 1.0470385e+01 1.0821618e+01 1.0994649e+01 1.0744893e+01 1.0687151e+01 1.0583241e+01 1.0261645e+01 9.4196969e+00 8.6162766e+00 1.0330742e+01 1.0602985e+01 1.0330923e+01 1.0044733e+01 9.8968851e+00 9.8941632e+00 1.0011803e+01 1.0104780e+01 1.0110490e+01 9.6775788e+00 9.5038280e+00 9.2036297e+00 8.8741095e+00 8.6539566e+00 8.5877257e+00 8.7690001e+00 9.0193491e+00 9.2183181e+00 9.3098247e+00 9.1380772e+00 8.8846432e+00 8.6976498e+00 8.8543138e+00 8.8738235e+00 8.8317881e+00 8.6337010e+00 8.7046557e+00 8.8637299e+00 8.7412023e+00 8.6537918e+00 8.6043170e+00 8.5697189e+00
1.0520518e+01 1.0677127e+01 1.0774372e+01 1.0754134e+01 1.0769867e+01 1.0893729e+01 1.0829086e+01 1.0555520e+01 1.0789383e+01 1.1365291e+01 1.1559692e+01 1.1621204e+01 1.1039622e+01 1.0802091e+01 1.0094899e+01 1.0695176e+01 1.0759234e+01 9.7742294e+00 9.9593772e+00 1.0072965e+01 1.0133313e+01 1.0222479e+01 1.0361822e+01 1.0569919e+01 1.0568930e+01 1.0566839e+01 1.0432147e+01 1.0185515e+01 9.9061628e+00 9.4819337e+00 9.0694484e+00 8.7682583e+00 8.6186252e+00 8.8205049e+00 9.0177556e+00 9.0925676e+00 9.1264496e+00 9.0556065e+00 8.9638283e+00 8.8418461e+00 8.9327198e+00 9.0443036e+00 9.1752308e+00 9.0029784e+00 8.9345987e+00 8.9293011e+00 8.8088157e+00 8.6840739e+00 8.6597075e+00 8.6767395e+00
1.0861219e+01 1.0540684e+01 1.0938531e+01 1.1438074e+01 1.1646569e+01 1.1277402e+01 1.1088910e+01 1.0543377e+01 1.0532726e+01 1.1822368e+01 1.1678043e+01 1.1603911e+01 1.1842990e+01 1.2121411e+01 1.1543971e+01 1.1695205e+01 1.1424039e+01 1.0525393e+01 9.2682002e+00 9.2718833e+00 9.8207625e+00 1.0218451e+01 1.0578325e+01 1.0925569e+01 1.0858770e+01 1.0784214e+01 1.0692378e+01 1.0536886e+01 1.0318344e+01 9.8238324e+00 9.3186257e+00 9.0762557e+00 8.9942788e+00 9.1379903e+00 9.2753958e+00 9.1904451e+00 9.1255385e+00 9.0771787e+00 9.0190868e+00 8.9340375e+00 8.9671847e+00 9.0116817e+00 9.1528651e+00 9.1413892e+00 9.0666139e+00 8.9833437e+00 8.8569028e+00 8.7227638e+00 8.7190635e+00 8.7878828e+00
1.1004867e+01 1.1083342e+01 1.1259945e+01 1.2139822e+01 1.3143874e+01 1.2825682e+01 1.2820066e+01 1.1433769e+01 1.0362650e+01 1.1403361e+01 1.1134095e+01 1.1384853e+01 1.1967626e+01 1.2206519e+01 1.2225303e+01 1.2017571e+01 1.1468050e+01 1.0219495e+01 8.4765924e+00 9.0532230e+00 9.9947150e+00 1.0382259e+01 1.0769095e+01 1.1077634e+01 1.1043841e+01 1.0932328e+01 1.0850433e+01 1.0797667e+01 1.0748894e+01 1.0249587e+01 9.7283575e+00 9.5119771e+00 9.4540479e+00 9.5578498e+00 9.7087229e+00 9.5467966e+00 9.3564929e+00 9.2496894e+00 9.1749919e+00 9.1094133e+00 9.0674375e+00 9.1649152e+00 9.2403563e+00 9.2478598e+00 9.1895782e+00 9.1090483e+00 9.0272156e+00 8.9283061e+00 8.9251736e+00 8.9605607e+00
1.1780086e+01 1.1563115e+01 1.1764508e+01 1.2373269e+01 1.2759790e+01 1.3556236e+01 1.4502246e+01 1.3895692e+01 1.3098325e+01 1.2597957e+01 1.1942954e+01 1.2002434e+01 1.2116784e+01 1.2056029e+01 1.2167640e+01 1.2126920e+01 1.1905571e+01 1.1451568e+01 1.1079907e+01 1.0620381e+01 1.0490237e+01 1.0766084e+01 1.1077601e+01 1.1265628e+01 1.1218294e+01 1.1036882e+01 1.0903795e+01 1.0859521e+01 1.0768469e+01 1.0418673e+01 1.0087099e+01 9.8945436e+00 9.8674360e+00 9.8595444e+00 9.8579251e+00 9.7547544e+00 9.6315615e+00 9.5344136e+00 9.4047234e+00 9.3381132e+00 9.2804032e+00 9.3574752e+00 9.4135131e+00 9.4271519e+00 9.3573398e+00 9.2901787e+00 9.2246955e+00 9.1701578e+00 9.1708161e+00 9.1722181e+00
1.2471136e+01 1.2423911e+01 1.2467111e+01 1.2632750e+01 1.2552593e+01 1.2781393e+01 1.2995811e+01 1.3389513e+01 1.3071657e+01 1.2631909e+01 1.2310175e+01 1.2317811e+01 1.2150428e+01 1.2036541e+01 1.2039433e+01 1.2115995e+01 1.2214073e+01 1.2148127e+01 1.1978086e+01 1.1474696e+01 1.1148169e+01 1.1260750e+01 1.1453268e+01 1.1548665e+01 1.1451838e+01 1.1349580e+01 1.1071147e+01 1.0875745e+01 1.0734237e+01 1.0505016e+01 1.0308136e+01 1.0179224e+01 1.0166321e+01 1.0071689e+01 9.9994821e+00 9.9569828e+00 9.9061434e+00 9.7618792e+00 9.6163426e+00 9.5256306e+00 9.5127551e+00 9.5526940e+00 9.6159255e+00 9.6664465e+00 9.5820796e+00 9.5216366e+00 9.4566646e+00 9.4180572e+00 9.4081602e+00 9.4119466e+00
1.2925437e+01 1.3092381e+01 1.2903112e+01 1.2791932e+01 1.1976534e+01 1.1727381e+01 1.2754757e+01 1.2646147e+01 1.2527306e+01 1.2294139e+01 1.2147491e+01 1.2482018e+01 1.2155301e+01 1.1960631e+01 1.1847828e+01 1.1758957e+01 1.2263316e+01 1.2276727e+01 1.2055367e+01 1.1753760e+01 1.1581608e+01 1.1647664e+01 1.1831177e+01 1.1905624e+01 1.1671264e+01 1.1545789e+01 1.1241799e+01 1.0938715e+01 1.0763965e+01 1.0595355e+01 1.0469405e+01 1.0379892e+01 1.0310135e+01 1.0180664e+01 1.0103210e+01 1.0102534e+01 1.0101661e+01 9.9105815e+00 9.7726504e+00 9.7069010e+00 9.7049450e+00 9.7278176e+00 9.7817740e+00 9.8144221e+00 9.7426839e+00 9.6869501e+00 9.6427834e+00 9.6277526e+00 9.6051907e+00 9.5960265e+00
1.2891733e+01 1.3123073e+01 1.3002434e+01 1.2790563e+01 1.2289284e+01 1.1981141e+01 1.2360109e+01 1.2431006e+01 1.2190326e+01 1.2094640e+01 1.2185767e+01 1.2353340e+01 1.1950218e+01 1.1672946e+01 1.1538576e+01 1.1538810e+01 1.2040710e+01 1.2160966e+01 1.2053093e+01 1.1856765e+01 1.1767030e+01 1.1923333e+01 1.2159563e+01 1.2087458e+01 1.1780558e+01 1.1541683e+01 1.1292750e+01 1.1145813e+01 1.0943018e+01 1.0743195e+01 1.0647651e+01 1.0593101e+01 1.0581360e+01 1.0390194e+01 1.0169815e+01 1.0144756e+01 1.0127681e+01 1.0035250e+01 9.9456620e+00 9.9559719e+00 9.9519748e+00 9.8855848e+00 9.9083744e+00 9.9229580e+00 9.8991937e+00 9.8734133e+00 9.8433586e+00 9.8341106e+00 9.8326613e+00 9.8028113e+00
1.2683969e+01 1.2847474e+01 1.2877222e+01 1.2968540e+01 1.3071975e+01 1.3325515e+01 1.2876788e+01 1.2460812e+01 1.2359246e+01 1.2318562e+01 1.2297583e+01 1.2025995e+01 1.1597633e+01 1.1280646e+01 1.1352845e+01 1.1537563e+01 1.1836836e+01 1.2004078e+01 1.1992268e+01 1.1877504e+01 1.1802109e+01 1.2033582e+01 1.2216853e+01 1.2077823e+01 1.1848172e+01 1.1654215e+01 1.1473934e+01 1.1302175e+01 1.1146150e+01 1.1050598e+01 1.0964954e+01 1.0841306e+01 1.0802121e+01 1.0582240e+01 1.0347924e+01 1.0266617e+01 1.0197909e+01 1.0128318e+01 1.0123302e+01 1.0150471e+01 1.0135203e+01 1.0108721e+01 1.0119031e+01 1.0125150e+01 1.0118017e+01 1.0102320e+01 1.0072542e+01 1.0066659e+01 1.0136853e+01 1.0124742e+01
1.2725033e+01 1.2612088e+01 1.2639303e+01 1.2981805e+01 1.3390444e+01 1.3675216e+01 1.3404175e+01 1.2976569e+01 1.2892509e+01 1.2989420e+01 1.2480425e+01 1.2058048e+01 1.1735267e+01 1.1567221e+01 1.1590719e+01 1.1717016e+01 1.1937603e+01 1.2070422e+01 1.2081728e+01 1.2031803e+01 1.2019089e+01 1.2154132e+01 1.2249814e+01 1.2138265e+01 1.1975266e+01 1.1693334e+01 1.1617973e+01 1.1508061e+01 1.1389890e+01 1.1318172e+01 1.1203694e+01 1.0945765e+01 1.0845317e+01 1.0697420e+01 1.0535198e+01 1.0425445e+01 1.0323465e+01 1.0228286e+01 1.0258797e+01 1.0291926e+01 1.0293493e+01 1.0271107e+01 1.0278778e+01 1.0280158e+01 1.0296341e+01 1.0306017e+01 1.0242000e+01 1.0198416e+01 1.0268119e+01 1.0298846e+01
1.2688749e+01 1.2634063e+01 1.2562212e+01 1.2999656e+01 1.3329243e+01 1.3669487e+01 1.3759599e+01 1.3392657e+01 1.3099614e+01 1.2806561e+01 1.2186479e+01 1.2163899e+01 1.2103008e+01 1.2025335e+01 1.2015272e+01 1.2098451e+01 1.2175262e+01 1.2248816e+01 1.2273329e+01 1.2253325e+01 1.2283089e+01 1.2392818e+01 1.2419762e+01 1.2313155e+01 1.2117710e+01 1.1960082e+01 1.1913204e+01 1.1829270e+01 1.1648983e+01 1.1526084e+01 1.1351700e+01 1.1107750e+01 1.0949527e+01 1.0819249e+01 1.0707350e+01 1.0614512e+01 1.0549625e+01 1.0462607e+01 1.0461816e+01 1.0485599e+01 1.0471982e+01 1.0448390e+01 1.0420630e+01 1.0403770e+01 1.0442395e+01 1.0483420e+01 1.0399960e+01 1.0344864e+01 1.0378448e+01 1.0432466e+01
1.2762861e+01 1.2661684e+01 1.2634925e+01 1.2965826e+01 1.3134307e+01 1.3515151e+01 1.3687481e+01 1.3503939e+01 1.3135784e+01 1.2745845e+01 1.2438347e+01 1.2505017e+01 1.2596067e+01 1.2538320e+01 1.2478084e+01 1.2495064e+01 1.2494946e+01 1.2498786e+01 1.2489118e+01 1.2473929e+01 1.2540711e+01 1.2675630e+01 1.2665403e+01 1.2543847e+01 1.2374926e+01 1.2239857e+01 1.2232115e+01 1.2201295e+01 1.1949783e+01 1.1729621e+01 1.1517114e+01 1.1286519e+01 1.1098712e+01 1.0981847e+01 1.0917165e+01 1.0856399e+01 1.0777463e+01 1.0733175e+01 1.0711708e+01 1.0686941e+01 1.0659756e+01 1.0647513e+01 1.0579172e+01 1.0522926e+01 1.0534926e+01 1.0554018e+01 1.0516641e+01 1.0483027e+01 1.0490400e+01 1.0582907e+01
1.2942062e+01 1.3025563e+01 1.3308202e+01 1.3548896e+01 1.3276540e+01 1.3479575e+01 1.3837100e+01 1.3556118e+01 1.3273407e+01 1.3020295e+01 1.2869010e+01 1.2907092e+01 1.3090658e+01 1.3067893e+01 1.3033608e+01 1.2992968e+01 1.2882539e+01 1.2791351e+01 1.2757342e+01 1.2765842e+01 1.2765032e+01 1.2904487e+01 1.2913854e+01 1.2829920e+01 1.2602658e+01 1.2355816e+01 1.2323811e+01 1.2289101e+01 1.2109431e+01 1.1894870e+01 1.1702968e+01 1.1494050e+01 1.1298485e+01 1.1235578e+01 1.1192855e+01 1.1143128e+01 1.1080293e+01 1.1009761e+01 1.0964337e+01 1.0942419e+01 1.0873945e+01 1.0837582e+01 1.0783287e+01 1.0697632e+01 1.0663484e+01 1.0669158e+01 1.0693520e+01 1.0649334e+01 1.0600546e+01 1.0735643e+01
1.3217447e+01 1.3212749e+01 1.2896286e+01 1.3824391e+01 1.3705830e+01 1.3363946e+01 1.3760500e+01 1.3733657e+01 1.3503827e+01 1.3435772e+01 1.3454319e+01 1.3257807e+01 1.3296709e+01 1.3390981e+01 1.3539263e+01 1.3614708e+01 1.3341314e+01 1.3062228e+01 1.2983887e+01 1.3043923e+01 1.3128477e+01 1.3246367e+01 1.3158126e+01 1.3033310e+01 1.2822927e+01 1.2363274e+01 1.2326814e+01 1.2322310e+01 1.2199118e+01 1.2061757e+01 1.1935675e+01 1.1837882e+01 1.1634375e+01 1.1554293e+01 1.1521472e+01 1.1477224e+01 1.1389436e+01 1.1303350e+01 1.1214192e+01 1.1173580e+01 1.1062679e+01 1.0982114e+01 1.0964259e+01 1.0911132e+01 1.0802163e+01 1.0820008e+01 1.0887625e+01 1.0911752e+01 1.0879017e+01 1.0891706e+01
1.3441233e+01 1.3648143e+01 1.3534850e+01 1.3234102e+01 1.3658866e+01 1.3808148e+01 1.4075263e+01 1.3754693e+01 1.3528237e+01 1.3376233e+01 1.3276964e+01 1.3215058e+01 1.3341418e+01 1.3503337e+01 1.3795223e+01 1.4045770e+01 1.3654778e+01 1.3176464e+01 1.3060285e+01 1.3147966e+01 1.3413312e+01 1.3599918e+01 1.3299331e+01 1.3032500e+01 1.2801855e+01 1.2466547e+01 1.2397591e+01 1.2426127e+01 1.2315588e+01 1.2220489e+01 1.2117901e+01 1.2025935e+01 1.1921785e+01 1.1853215e+01 1.1806931e+01 1.1863484e+01 1.1657880e+01 1.1506812e+01 1.1411727e+01 1.1307510e+01 1.1188122e+01 1.1103458e+01 1.1146898e+01 1.1172937e+01 1.0942221e+01 1.0982135e+01 1.1103112e+01 1.1166008e+01 1.1119838e+01 1.0964319e+01
