ahotovec/data/depth_0003.asc
ncols     164
nrows     146
xllcorner -1.242151388888889e+02
yllcorner  4.172986111111111e+01
cellsize  2.777777777820000e-04
nodata_value       -9999
[rows 88 to 109 of 146, columns 0 to 49 of 164]
1.0813232e+01 1.0835402e+01 1.0718213e+01 1.0296545e+01 1.0173874e+01 1.0366933e+01 9.9393672e+00 9.8280270e+00 9.6431393e+00 9.4285806e+00 9.1981958e+00 8.9672588e+00 8.7460678e+00 8.5107048e+00 8.2460207e+00 7.9699639e+00 7.6625832e+00 7.2457327e+00 6.6413852e+00 6.0125066e+00 5.2016674e+00 4.3784588e+00 3.7157037e+00 3.1898221e+00 2.6692997e+00 2.2285921e+00 1.9172705e+00 9.0106217e-04 0.0000000e+00 2.0777266e+00 2.2666329e+00 2.5110905e+00 2.2452472e+00 1.7414253e+00 1.9551160e+00 1.9430904e+00 1.9803852e+00 2.0039316e+00 1.9881871e+00 1.9650179e+00 1.9922135e+00 1.3679056e+00 1.2631756e+00 2.4834224e-01 2.3962029e+00 2.1983615e+00 1.5761947e+00 0.0000000e+00 0.0000000e+00 0.0000000e+00
1.1212026e+01 1.0696620e+01 1.0489882e+01 1.0236607e+01 1.0225485e+01 1.0375730e+01 1.0195292e+01 1.0060173e+01 9.8532004e+00 9.6251885e+00 9.3680797e+00 9.1341625e+00 8.8883182e+00 8.6209136e+00 8.3182985e+00 7.9686386e+00 7.5876976e+00 7.0741443e+00 6.3749932e+00 5.7498583e+00 5.0165635e+00 4.3017838e+00 3.7095625e+00 3.2375558e+00 2.7667974e+00 2.4194227e+00 2.1297161e+00 1.8950791e+00 5.2999867e-01 2.4316003e+00 2.4183217e+00 2.4572993e+00 2.4395632e+00 2.1757789e+00 2.0533092e+00 2.0327788e+00 2.0292660e+00 2.0067198e+00 1.9813854e+00 1.9583585e+00 2.0086679e+00 2.2023398e+00 2.1246157e+00 2.0524197e+00 2.0218512e+00 2.2104423e+00 2.1336024e+00 8.7823531e-01 0.0000000e+00 0.0000000e+00
1.1436761e+01 1.0856471e+01 1.0406215e+01 1.0166869e+01 1.0480677e+01 1.0502451e+01 1.0431711e+01 1.0304491e+01 1.0061112e+01 9.7956781e+00 9.5378227e+00 9.2987284e+00 9.0375368e+00 8.7601878e+00 8.4095261e+00 8.0036913e+00 7.5307962e+00 6.9398725e+00 6.1495429e+00 5.5050768e+00 4.7825268e+00 4.1310449e+00 3.6232450e+00 3.2182773e+00 2.8218118e+00 2.5473045e+00 2.4716825e+00 2.5423299e+00 2.5319595e+00 2.5290228e+00 2.5668728e+00 2.5789245e+00 2.4799745e+00 2.3149787e+00 2.2271800e+00 2.1623790e+00 2.1077474e+00 2.0595622e+00 2.0242635e+00 2.0065084e+00 2.0543893e+00 2.1638884e+00 2.1076982e+00 1.9182682e+00 1.9823428e+00 2.0588805e+00 2.1730826e+00 2.0072160e+00 6.1388473e-01 8.8264650e-01
1.1303079e+01 1.0931072e+01 1.0638844e+01 1.0556799e+01 1.0635084e+01 1.0781571e+01 1.0785665e+01 1.0640417e+01 1.0313739e+01 9.9541262e+00 9.7095982e+00 9.4681187e+00 9.2369345e+00 8.9409144e+00 8.5582389e+00 8.0812936e+00 7.5217409e+00 6.8443081e+00 5.9747764e+00 5.2673328e+00 4.5385145e+00 3.9056878e+00 3.4102271e+00 3.1040464e+00 2.8068697e+00 2.6153836e+00 2.5461339e+00 2.5842134e+00 2.6398587e+00 2.6778032e+00 2.7065345e+00 2.7089075e+00 2.6513916e+00 2.5156525e+00 2.3838013e+00 2.2682656e+00 2.1800474e+00 2.1064646e+00 2.0778657e+00 2.0414392e+00 2.0912897e+00 2.2171770e+00 2.5677674e+00 2.7376189e+00 2.0932723e+00 1.6146100e+00 6.7318464e-01 8.8890334e-01 2.0842285e+00 2.0623040e+00
1.1466812e+01 1.1412809e+01 1.1301445e+01 1.1194719e+01 1.1113269e+01 1.1150527e+01 1.0889580e+01 1.0771072e+01 1.0500904e+01 1.0353444e+01 9.9646240e+00 9.8445794e+00 9.5606679e+00 9.2128916e+00 8.7735930e+00 8.2171074e+00 7.5767578e+00 6.7900052e+00 5.8317448e+00 5.0141697e+00 4.2517388e+00 3.6027196e+00 3.1355059e+00 2.9071482e+00 2.7318154e+00 2.6423993e+00 2.6047258e+00 2.5930099e+00 2.6794415e+00 2.7815893e+00 2.8564229e+00 2.8932371e+00 2.8492206e+00 2.7077267e+00 2.5616756e+00 2.3753695e+00 2.2392862e+00 2.1364228e+00 2.0829344e+00 2.0365851e+00 2.0740697e+00 2.0613026e+00 1.1048483e+00 0.0000000e+00 0.0000000e+00 0.0000000e+00 0.0000000e+00 8.1712469e-04 1.2229887e+00 1.9486856e+00
1.2424036e+01 1.2327384e+01 1.2184255e+01 1.2010008e+01 1.1854662e+01 1.1702372e+01 1.1704441e+01 1.1522339e+01 1.0859888e+01 1.0542598e+01 1.0778350e+01 1.0442553e+01 1.0236854e+01 9.6066088e+00 9.0518668e+00 8.3903705e+00 7.6905599e+00 6.7999717e+00 5.7066639e+00 4.7689169e+00 3.9040933e+00 3.2359390e+00 2.8379436e+00 2.6835415e+00 2.5240156e+00 2.3548634e+00 2.3521045e+00 2.5765631e+00 2.7045034e+00 2.8637290e+00 3.0156878e+00 3.0984961e+00 3.0641309e+00 2.9126346e+00 2.7112496e+00 2.4540603e+00 2.2581856e+00 2.1653170e+00 2.1670284e+00 2.0840278e+00 2.1411979e+00 4.6008312e-01 0.0000000e+00 0.0000000e+00 0.0000000e+00 0.0000000e+00 0.0000000e+00 2.5490236e-02 2.0647762e+00 1.9011332e+00
1.3536497e+01 1.3326735e+01 1.3099981e+01 1.2881480e+01 1.2672317e+01 1.2492557e+01 1.2530886e+01 1.2287543e+01 1.1940774e+01 1.1735058e+01 1.1606756e+01 1.1476575e+01 1.0802434e+01 1.0051952e+01 9.3023880e+00 8.5696107e+00 7.8160721e+00 6.8364924e+00 5.6357287e+00 4.5794427e+00 3.6045214e+00 2.8650775e+00 2.5849002e+00 2.5757634e+00 2.1617082e+00 1.4821499e+00 1.6397769e+00 2.5052893e+00 2.7315491e+00 2.9614646e+00 3.1887556e+00 3.3283859e+00 3.3034120e+00 3.1206931e+00 2.8426351e+00 2.5210589e+00 2.2372909e+00 2.1962326e+00 2.2172844e+00 1.9871191e+00 2.2353856e+00 9.3684716e-01 0.0000000e+00 0.0000000e+00 0.0000000e+00 0.0000000e+00 0.0000000e+00 4.3743760e-01 2.1487571e+00 1.9814723e+00
1.4376890e+01 1.4136211e+01 1.3894073e+01 1.3684179e+01 1.3508313e+01 1.3367413e+01 1.3234730e+01 1.3112334e+01 1.2887894e+01 1.2404927e+01 1.1009992e+01 1.1365900e+01 1.0935160e+01 1.0301730e+01 9.5660237e+00 8.8174146e+00 8.0858163e+00 7.1255833e+00 5.7551757e+00 4.5010444e+00 3.2881916e+00 1.8352151e+00 1.7281275e+00 1.4444308e+00 1.7961202e+00 1.7880626e+00 1.8942595e+00 2.0606857e+00 2.7809568e+00 3.3218592e+00 3.6841282e+00 3.8858068e+00 3.8916525e+00 3.6459270e+00 3.2802726e+00 2.7383949e+00 2.1889148e+00 2.0960578e+00 1.2265174e+00 1.0237561e+00 2.2371878e+00 1.5117891e+00 0.0000000e+00 0.0000000e+00 0.0000000e+00 0.0000000e+00 4.1489142e-01 1.9485247e+00 2.0498182e+00 2.0939957e+00
1.5104025e+01 1.4919113e+01 1.4755685e+01 1.4657126e+01 1.4487491e+01 1.4292104e+01 1.4179866e+01 1.3659118e+01 1.2380050e+01 1.1511949e+01 1.0809302e+01 1.0823182e+01 1.0601610e+01 1.0155387e+01 9.6612372e+00 9.0583682e+00 8.4232412e+00 7.5477641e+00 6.1408758e+00 4.7095283e+00 3.1460598e+00 2.2580089e+00 1.0305720e+00 1.3970399e-02 1.7890493e+00 2.1438239e+00 2.2289912e+00 2.2734602e+00 3.2314145e+00 3.9112276e+00 4.3370053e+00 4.5693460e+00 4.5758350e+00 4.2992516e+00 3.8664299e+00 3.2315339e+00 2.4638997e+00 2.0447055e+00 2.2213855e+00 2.3549480e+00 2.3828701e+00 2.1646748e+00 1.9452658e+00 2.0155103e+00 1.5358416e+00 1.1282145e+00 1.4431341e+00 1.3698176e+00 2.3005134e+00 2.2999028e+00
1.5723000e+01 1.5960134e+01 1.5709198e+01 1.5259607e+01 1.4890119e+01 1.4995326e+01 1.4481716e+01 1.4349347e+01 1.2302550e+01 1.0768686e+01 1.0758466e+01 1.0611908e+01 1.0302713e+01 1.0079916e+01 9.7727012e+00 9.3254322e+00 8.8761503e+00 8.2407153e+00 6.9204829e+00 5.4676936e+00 3.4413343e+00 2.2261613e+00 1.9171633e+00 1.5894502e+00 1.4336510e+00 2.7161872e+00 3.3410462e+00 3.7566984e+00 4.3009937e+00 4.8310153e+00 5.2125132e+00 5.4271656e+00 5.4172930e+00 5.1472947e+00 4.7442049e+00 4.1671481e+00 3.5049406e+00 3.0357364e+00 3.0844916e+00 3.1019399e+00 2.9129062e+00 2.6834359e+00 2.6167569e+00 2.4132411e+00 2.1023266e+00 1.2318340e+00 1.5761133e+00 2.2143749e+00 2.4809177e+00 2.5096195e+00
1.6903625e+01 1.7014469e+01 1.6120047e+01 1.6011998e+01 1.5034145e+01 1.5344480e+01 1.4785335e+01 1.2448037e+01 1.0908062e+01 1.1139139e+01 1.0822431e+01 1.0480091e+01 1.0288576e+01 1.0193344e+01 9.9690208e+00 9.6074544e+00 9.4007876e+00 9.3097106e+00 8.3865804e+00 7.3871495e+00 5.9304604e+00 3.6307296e+00 2.4226026e+00 2.2820779e+00 2.5266971e+00 3.9407001e+00 4.9089277e+00 5.3413949e+00 5.7083262e+00 6.0625592e+00 6.3382642e+00 6.4775970e+00 6.4499735e+00 6.2150628e+00 5.8844017e+00 5.4264791e+00 4.8969721e+00 4.4947262e+00 4.2509438e+00 4.0306678e+00 3.7719119e+00 3.4120348e+00 3.0281592e+00 2.6269942e+00 2.1668091e+00 2.0676195e+00 2.3466170e+00 2.5908277e+00 2.7126677e+00 2.7689266e+00
1.7222623e+01 1.7743582e+01 1.7281981e+01 1.6619029e+01 1.6463048e+01 1.5084437e+01 1.3519631e+01 8.8389574e+00 9.2716600e+00 9.4108751e+00 1.0536485e+01 1.1045960e+01 1.0388706e+01 1.0416618e+01 1.0350129e+01 9.9848869e+00 9.5684451e+00 1.0177419e+01 1.0410360e+01 9.8001830e+00 9.3842898e+00 7.3691070e+00 5.9558466e+00 6.2171335e+00 6.7795781e+00 7.5029353e+00 7.3252866e+00 7.1176477e+00 7.1685535e+00 7.3656888e+00 7.5496680e+00 7.6203939e+00 7.5794706e+00 7.3991976e+00 7.1246953e+00 6.7630759e+00 6.2875029e+00 6.1155891e+00 5.8822096e+00 5.2626270e+00 4.6967138e+00 4.2571431e+00 3.8141731e+00 3.3447729e+00 2.8832942e+00 2.6422136e+00 2.7475641e+00 2.9310293e+00 3.0583360e+00 3.0742182e+00
1.7362125e+01 1.5946132e+01 1.7652297e+01 1.7122995e+01 1.6876758e+01 1.5991968e+01 1.2205961e+01 1.0167670e+01 7.4827450e+00 6.4801198e+00 9.2264226e+00 1.1355241e+01 1.0309721e+01 1.0538596e+01 1.0877512e+01 1.0808155e+01 9.9032237e+00 1.0746183e+01 1.1845787e+01 1.1977763e+01 1.1125441e+01 1.0669228e+01 9.8407545e+00 1.0041210e+01 1.0472400e+01 1.0868130e+01 9.3978552e+00 8.4031664e+00 8.2542579e+00 8.3991058e+00 8.5328652e+00 8.5461367e+00 8.4871288e+00 8.3659121e+00 8.1722083e+00 7.8429168e+00 7.5656912e+00 6.5311674e+00 6.9277634e+00 6.3206350e+00 5.5354845e+00 4.9976984e+00 4.5045484e+00 4.0386120e+00 3.6092408e+00 3.3351165e+00 3.2951456e+00 3.3772544e+00 3.4108485e+00 3.3827482e+00
1.8622908e+01 1.7643382e+01 1.8000102e+01 1.7121213e+01 1.6961481e+01 1.6071866e+01 1.4212818e+01 1.3224431e+01 1.0813344e+01 1.1988378e+01 1.2573025e+01 1.2687648e+01 1.1937198e+01 1.1873839e+01 1.1691816e+01 1.1737017e+01 1.2306770e+01 1.2451685e+01 1.2521455e+01 1.1488619e+01 1.1579503e+01 1.1922473e+01 1.1912869e+01 1.1638539e+01 1.1804140e+01 1.1299875e+01 9.5417327e+00 9.0742860e+00 9.4605684e+00 9.6415819e+00 9.6952491e+00 9.5704150e+00 9.4879148e+00 9.4673724e+00 9.3220286e+00 9.1057145e+00 9.1603029e+00 5.4332758e+00 1.4938061e+00 6.2878186e+00 6.8340047e+00 6.0409467e+00 5.3969145e+00 4.8659812e+00 4.4543990e+00 4.1832242e+00 4.1522884e+00 3.9741946e+00 3.8413565e+00 3.7598236e+00
1.8648031e+01 1.8058392e+01 1.7146499e+01 1.7509068e+01 1.7260027e+01 1.6546519e+01 1.6941340e+01 1.5053289e+01 1.4663845e+01 1.4480125e+01 1.2820469e+01 9.4126231e+00 1.3589842e+01 1.3242278e+01 1.2699716e+01 1.3062569e+01 1.3234939e+01 1.3154346e+01 1.3034894e+01 1.2673155e+01 1.2434364e+01 1.1777094e+01 1.1840928e+01 1.1196310e+01 1.2216407e+01 1.2187990e+01 1.0611729e+01 1.0152157e+01 1.0634167e+01 1.0813215e+01 1.1018124e+01 1.0745732e+01 1.0580333e+01 1.0910473e+01 1.0986520e+01 1.0647778e+01 1.0896059e+01 9.0388450e+00 8.0161654e+00 7.9118843e+00 2.8846663e+00 2.4437314e+00 6.1630835e+00 6.0884575e+00 5.6948736e+00 4.5017419e+00 1.5850652e+00 3.8383831e+00 4.6053963e+00 4.3353844e+00
1.8519509e+01 1.8059713e+01 1.7204217e+01 1.8218956e+01 1.7830228e+01 1.7200312e+01 1.6085096e+01 1.5128377e+01 1.5609001e+01 1.2800627e+01 1.3581491e+01 1.0312888e+01 1.3254128e+01 1.4337396e+01 1.3967385e+01 1.3787934e+01 1.3642748e+01 1.3638675e+01 1.3206250e+01 1.2908876e+01 1.2749598e+01 1.2387707e+01 1.2240595e+01 1.0854995e+01 1.1893760e+01 1.2126961e+01 1.2256206e+01 1.1512971e+01 1.2029758e+01 1.1463133e+01 1.1312473e+01 1.1202649e+01 1.1031979e+01 1.1254190e+01 1.1682700e+01 1.1063419e+01 1.1176692e+01 1.1469968e+01 1.0651197e+01 9.4124458e+00 6.6376540e+00 6.1508537e+00 7.3106465e+00 6.8716264e+00 6.5539303e+00 5.2343083e+00 1.7643548e+00 4.2744814e+00 5.2336080e+00 4.8432023e+00
1.9233722e+01 1.8363837e+01 1.8603463e+01 1.8623762e+01 1.5469776e+01 1.7804614e+01 1.6520500e+01 1.5921690e+01 1.5912155e+01 1.4138610e+01 1.4848417e+01 1.4042180e+01 1.4158105e+01 1.5203813e+01 1.4519483e+01 1.4263700e+01 1.4214415e+01 1.4253230e+01 1.3965087e+01 1.3338255e+01 1.3076761e+01 1.2797455e+01 1.2523978e+01 1.2032179e+01 1.2537607e+01 1.2415750e+01 1.2285134e+01 1.2083551e+01 1.2210338e+01 1.1730846e+01 1.1531076e+01 1.1189021e+01 1.0760589e+01 1.1179074e+01 1.0352153e+01 1.1186376e+01 1.1225165e+01 1.1213206e+01 1.0639200e+01 9.9370608e+00 9.4409795e+00 8.8049702e+00 8.0631649e+00 7.5186243e+00 7.1327225e+00 6.6873539e+00 6.0446119e+00 6.0575609e+00 5.7454262e+00 5.3810607e+00
1.9505665e+01 1.9245296e+01 1.8911277e+01 1.8254548e+01 1.7123879e+01 1.7807842e+01 1.7104043e+01 1.6552298e+01 1.6370703e+01 1.6018319e+01 1.6080012e+01 1.6050249e+01 1.5769471e+01 1.5611526e+01 1.5138557e+01 1.4959282e+01 1.4464843e+01 1.3447592e+01 1.3580724e+01 1.4190861e+01 1.3569127e+01 1.3216181e+01 1.3183422e+01 1.2917496e+01 1.2845853e+01 1.2049183e+01 1.1656229e+01 1.2223027e+01 1.2498074e+01 1.1875308e+01 1.1592748e+01 1.1576771e+01 1.0473021e+01 1.0121717e+01 1.1258261e+01 1.1519960e+01 1.1479315e+01 1.1164759e+01 1.0747246e+01 1.0242845e+01 9.6542166e+00 9.0627477e+00 8.5627717e+00 8.1438242e+00 7.7527121e+00 7.4524448e+00 7.2061809e+00 6.7996081e+00 6.3266486e+00 5.9495970e+00
1.9221456e+01 1.9079897e+01 1.8329564e+01 1.8320053e+01 1.8313178e+01 1.7668577e+01 1.8148490e+01 1.7627681e+01 1.7312469e+01 1.7251506e+01 1.6874792e+01 1.6464827e+01 1.6097081e+01 1.6092142e+01 1.5649436e+01 1.5078540e+01 1.4065579e+01 1.2987077e+01 1.3954683e+01 1.4737910e+01 1.4189257e+01 1.3924789e+01 1.3807721e+01 1.3345561e+01 1.3133306e+01 1.2373411e+01 1.2510629e+01 1.2622939e+01 1.2026475e+01 1.2282069e+01 1.1197308e+01 1.0241068e+01 9.9938746e+00 9.5237926e+00 1.0141844e+01 1.0935817e+01 1.0788482e+01 1.0635409e+01 1.0802637e+01 1.0733764e+01 9.9990703e+00 9.4805748e+00 9.0296368e+00 8.6420611e+00 8.3100463e+00 8.0406234e+00 7.7645397e+00 7.4414622e+00 6.9801364e+00 6.5149104e+00
1.8636824e+01 1.8594025e+01 1.8927385e+01 1.8545837e+01 1.8420141e+01 1.8391126e+01 1.8251995e+01 1.8123067e+01 1.7958661e+01 1.7681711e+01 1.7275668e+01 1.6675993e+01 1.6541775e+01 1.5947113e+01 1.5643449e+01 1.6130576e+01 1.5311540e+01 1.4869256e+01 1.5328004e+01 1.5214692e+01 1.4814328e+01 1.4467269e+01 1.4159748e+01 1.3901490e+01 1.3543861e+01 1.3296857e+01 1.2216761e+01 1.3082706e+01 1.3415686e+01 1.1943968e+01 1.2024959e+01 1.1516116e+01 1.0895772e+01 1.0801291e+01 1.0510916e+01 1.0667250e+01 1.0005455e+01 9.0277031e+00 1.1005063e+01 1.1017989e+01 1.0427335e+01 9.9690768e+00 9.4157368e+00 9.0336725e+00 8.8057482e+00 8.6045202e+00 8.4050403e+00 8.1283748e+00 7.6898145e+00 7.1985297e+00
1.9722264e+01 1.9600473e+01 1.9270098e+01 1.8841722e+01 1.8642775e+01 1.8111856e+01 1.8163741e+01 1.8226075e+01 1.8146040e+01 1.7911370e+01 1.7543758e+01 1.7173780e+01 1.6933269e+01 1.6559348e+01 1.6353597e+01 1.6387953e+01 1.6288387e+01 1.6084306e+01 1.6327608e+01 1.5843598e+01 1.5341593e+01 1.5028118e+01 1.4870076e+01 1.4535246e+01 1.4336891e+01 1.4179935e+01 1.3732168e+01 1.3211902e+01 1.2757642e+01 1.0082887e+01 1.0723938e+01 1.1053384e+01 1.1179215e+01 1.1534803e+01 1.1095226e+01 1.0571363e+01 1.0435308e+01 1.0335819e+01 9.8422388e+00 1.0362126e+01 9.3980928e+00 8.9917473e+00 9.3851181e+00 9.4316135e+00 9.2573297e+00 9.1534615e+00 9.0386379e+00 8.8249796e+00 8.4122808e+00 7.9421447e+00
1.9026942e+01 1.9687475e+01 1.9542109e+01 1.9207687e+01 1.9010782e+01 1.8939500e+01 1.8770710e+01 1.8577514e+01 1.8186546e+01 1.7960058e+01 1.7762618e+01 1.7649125e+01 1.7741185e+01 1.7221532e+01 1.6230555e+01 1.6814579e+01 1.6683228e+01 1.5976722e+01 1.6359490e+01 1.6418424e+01 1.6001207e+01 1.5952892e+01 1.5340660e+01 1.5127091e+01 1.4687306e+01 1.4445375e+01 1.4565906e+01 1.4445581e+01 1.4059269e+01 1.1880894e+01 1.2909980e+01 1.2805526e+01 1.2246828e+01 1.1842067e+01 1.1519578e+01 1.1054959e+01 1.0734908e+01 1.0075339e+01 9.8013164e+00 8.4328520e+00 2.2693221e+00 2.6567838e+00 8.7097405e+00 9.8211487e+00 9.5842906e+00 9.6145509e+00 9.5697340e+00 9.4078333e+00 9.0429652e+00 8.5826433e+00
