ahotovec/data/depth_0059.asc
ncols     164
nrows     146
xllcorner -1.242151388888889e+02
yllcorner  4.172986111111111e+01
cellsize  2.777777777820000e-04
nodata_value       -9999
[rows 88 to 109 of 146, columns 100 to 149 of 164]
5.9358731e+00 4.9317118e+00 3.9161674e+00 4.3511090e+00 4.0531775e+00 3.3019724e+00 3.0300298e+00 2.8874212e+00 3.1669118e+00 4.6625669e+00 5.0280899e+00 4.0507322e+00 2.5870096e+00 1.6255886e+00 1.1938815e-03 7.3054184e-04 1.6734833e+00 2.8641272e+00 7.4262003e-01 4.2077735e-02 6.9311163e-02 9.9798865e-04 9.9947753e-04 9.7122480e-04 9.3316187e-03 2.0216610e-01 1.4716989e-01 3.3383212e-02 6.1154685e-03 2.3122092e-02 2.8226039e-02 9.9819937e-04 9.9142732e-04 3.6321331e-02 1.3162071e-01 1.5963411e-01 2.6302813e-01 1.3416002e-03 8.3899849e-04 9.9745683e-04 9.4789459e-04 1.5476153e-01 2.7770924e-01 1.0874757e-01 2.2242974e-01 9.9492742e-04 8.7038774e-04 5.3320548e-01 4.2331077e-01 4.7982196e-01
5.9247438e+00 5.6241608e+00 4.5368691e+00 4.2526344e+00 4.0806658e+00 3.8462205e+00 3.7778836e+00 4.5101357e+00 4.2710384e+00 4.3322630e+00 3.7985180e+00 3.9193592e+00 4.3757319e+00 4.7205908e+00 3.7891617e+00 3.1637497e+00 3.3165422e+00 3.7738420e+00 3.9893439e+00 2.6340481e+00 8.4807186e-01 9.7447435e-04 9.2526048e-04 9.9861091e-04 9.8247963e-04 9.6597529e-04 1.2978287e-02 8.8231205e-03 3.4947513e-02 2.3468336e-02 8.0446844e-03 4.8743950e-03 9.5627098e-02 2.1594817e-01 3.2211253e-01 2.5501983e-01 1.3714611e-01 9.7413024e-04 9.0112924e-04 8.4285660e-04 9.4706995e-04 9.7308436e-04 9.6667038e-04 9.5051488e-04 1.1791629e-01 1.7916067e-01 1.9532517e-01 2.1755455e-01 1.4982230e-01 2.0071659e-01
5.2666787e+00 5.2680870e+00 5.0447575e+00 4.8931257e+00 4.8493564e+00 5.2344853e+00 5.5629219e+00 5.2667382e+00 3.3223994e+00 2.8882660e+00 2.6328713e+00 2.9301562e+00 5.3021079e+00 5.7561717e+00 5.2706342e+00 5.0911049e+00 4.5655384e+00 4.2588872e+00 4.2029046e+00 4.1079161e+00 3.9986220e+00 3.4884552e+00 1.3884803e+00 8.3997047e-04 9.9190763e-04 9.8948816e-04 8.8871606e-02 5.7464260e-02 2.4210761e-02 1.4179471e-02 8.8986554e-03 1.7017223e-01 3.9781217e-01 4.6301803e-01 4.6210159e-01 3.7729441e-01 2.3036930e-01 1.2259615e-02 9.9821528e-04 9.7823433e-04 9.7927510e-04 9.7759543e-04 4.4377135e-03 9.9714945e-04 8.0335956e-04 9.4570650e-04 9.9057482e-04 9.8206478e-04 9.8607795e-04 9.5959663e-04
5.6221033e+00 5.7790361e+00 5.6680966e+00 5.6033663e+00 5.8545426e+00 5.5091952e+00 5.5462938e+00 5.9896839e+00 4.0147481e+00 3.1878605e+00 3.6940036e+00 2.7008306e+00 2.3722107e+00 4.5824409e+00 5.7381885e+00 5.4030219e+00 4.9805039e+00 4.8732271e+00 4.6066252e+00 4.2735833e+00 4.2990783e+00 4.0509805e+00 3.3456008e+00 3.1780654e+00 1.0183724e+00 9.9678569e-03 3.6779862e-02 6.0308906e-02 9.9898457e-04 9.8409762e-04 2.4049940e-01 4.1307615e-01 4.6258399e-01 5.2459244e-01 4.2628315e-01 3.4832263e-01 2.9172026e-01 2.2138441e-01 1.0114956e-01 3.1920097e-03 7.8591524e-03 4.9236202e-03 4.1562816e-03 1.6523874e-03 9.9362581e-04 9.6022863e-04 9.8997719e-04 7.8565181e-04 8.3439196e-04 9.9678143e-04
5.5827470e+00 5.6827477e+00 5.7705271e+00 6.0271320e+00 5.8352762e+00 5.4373131e+00 5.2704102e+00 5.3534044e+00 5.4618678e+00 4.4882078e+00 3.6422540e+00 4.3032137e+00 3.4752086e+00 5.0002175e+00 5.6770752e+00 5.4895967e+00 5.1920589e+00 5.1743452e+00 4.3810099e+00 4.2217149e+00 4.3133313e+00 3.6904849e+00 3.5607354e+00 3.9382912e+00 2.0246526e+00 3.0863492e-03 3.5787738e-02 9.9366455e-04 8.1065123e-04 1.3861744e-01 3.2909736e-01 3.6875188e-01 4.2993909e-01 5.3248120e-01 5.7559459e-01 4.2352786e-01 2.8106892e-01 1.6263750e-01 8.4543478e-02 2.4264200e-02 1.6120682e-02 5.8217031e-03 9.5346069e-03 1.0485239e-02 1.0918114e-02 7.9029779e-03 5.0710851e-03 4.6744194e-03 4.2981180e-03 3.2791132e-03
5.0911171e+00 5.2070013e+00 5.4124878e+00 5.7129934e+00 5.8920305e+00 5.2881124e+00 4.9183014e+00 5.2992630e+00 5.7357581e+00 6.2519736e+00 5.5042243e+00 5.8119892e+00 6.4910989e+00 6.4930385e+00 6.2451124e+00 5.7707446e+00 5.1249330e+00 4.6622105e+00 4.4788350e+00 4.2814655e+00 4.2027801e+00 2.7280464e+00 3.0594740e-01 1.5462880e+00 9.9354442e-04 1.0934698e-03 2.4835788e-03 1.0286571e-03 6.4656686e-02 1.7376802e-01 2.1160232e-01 1.6100558e-01 1.6106272e-01 1.6544312e-01 1.7382864e-01 1.8476273e-01 2.0793192e-01 1.6145491e-01 1.2628851e-01 6.7578448e-02 4.4466536e-02 1.4933158e-02 1.9812938e-02 1.7923382e-02 1.4555948e-02 1.2022388e-02 8.6427381e-03 5.3236444e-03 1.1203579e-02 5.3429471e-03
4.5748697e+00 4.8822999e+00 5.1591761e+00 5.5063429e+00 5.9203223e+00 6.1809789e+00 4.4151635e-01 2.6093806e+00 4.6639175e+00 6.7268130e+00 6.6906097e+00 6.4614044e+00 6.5403457e+00 6.6776061e+00 6.4513624e+00 6.1449133e+00 5.4266005e+00 4.8649913e+00 4.7040667e+00 4.5097874e+00 3.9649721e+00 3.3728356e+00 2.0080387e+00 9.0916167e-04 9.9733796e-04 9.9689314e-04 9.0478269e-04 8.9094397e-04 1.9185067e-02 5.4390375e-02 9.4625497e-02 1.0159337e-01 8.3661113e-02 1.0999670e-01 7.8313732e-02 1.2120389e-01 1.2367007e-01 1.5142179e-01 1.3014650e-01 1.0694683e-01 4.8611938e-02 3.0992980e-02 2.8632494e-02 2.2513737e-02 4.2586200e-02 1.2826423e-02 1.9637168e-02 2.1556020e-02 2.0837005e-02 1.6962284e-02
4.2398439e+00 4.5816170e+00 4.9161754e+00 5.3048809e+00 5.7210776e+00 6.2747940e+00 6.1257092e+00 5.2107871e+00 4.6083031e+00 6.0629795e+00 7.0351684e+00 7.1781158e+00 6.9927488e+00 6.7598790e+00 6.5463130e+00 6.3332931e+00 6.1094625e+00 5.7600927e+00 5.2497946e+00 4.6164022e+00 4.3724933e+00 2.4119702e+00 9.5275543e-04 9.0941493e-04 9.9682036e-04 9.7614533e-04 8.4909959e-04 1.6270016e+00 1.3534277e+00 9.1574696e-01 8.2688388e-01 6.2692987e-01 5.0393538e-01 5.7324100e-01 5.9218075e-01 5.1653448e-01 3.7056908e-01 3.8743707e-01 4.0199728e-01 1.8234856e-01 4.8637214e-03 5.1837912e-03 4.7390995e-03 7.7232759e-03 1.3164209e-02 1.0430551e-03 2.2888604e-03 2.4543146e-03 1.1840928e-03 1.4147538e-03
2.5052195e+00 3.0589810e+00 4.2653842e+00 5.1961985e+00 5.5185871e+00 6.0239904e+00 6.2491619e+00 6.0636102e+00 5.2015774e+00 4.6552591e+00 6.1084690e+00 6.9154123e+00 7.2360442e+00 6.8888212e+00 6.7116824e+00 6.6326451e+00 6.3563268e+00 6.0156619e+00 5.6975273e+00 4.7935665e+00 2.9817673e+00 9.4654814e-04 9.3735976e-04 9.9359141e-04 9.9746458e-04 1.4775983e-01 1.4699279e+00 1.6597036e+00 1.6168583e+00 1.5635576e+00 1.6977122e+00 1.7318291e+00 1.5960123e+00 1.5748735e+00 1.7085666e+00 1.7029081e+00 1.7385090e+00 1.7494212e+00 1.8056573e+00 1.6979449e+00 1.4968698e+00 1.2446044e+00 1.2159146e+00 1.2561223e+00 1.1975463e+00 1.2347678e+00 1.2386938e+00 1.2575458e+00 1.2809699e+00 1.1504146e+00
8.1067164e-03 8.5283650e-04 8.5653783e-04 3.9401682e+00 5.2516434e+00 5.9514615e+00 6.2697137e+00 6.3621002e+00 6.2087622e+00 5.1928522e+00 5.3412473e+00 6.2858965e+00 6.7058372e+00 6.7172318e+00 6.7072430e+00 6.6600210e+00 6.2105200e+00 5.5447901e+00 5.2140531e+00 3.8540602e+00 2.0094646e-01 9.1868583e-04 9.9916272e-04 9.6443229e-04 1.6000617e-01 2.0142099e+00 2.0928765e+00 2.1560321e+00 2.0719091e+00 1.9808156e+00 2.0064173e+00 1.9881350e+00 1.8374362e+00 1.7983394e+00 1.8986678e+00 1.9629666e+00 1.9947783e+00 2.0201001e+00 2.1295947e+00 2.1245000e+00 2.0966780e+00 2.0351698e+00 2.0006446e+00 1.9663109e+00 1.9656750e+00 1.9651058e+00 1.9896906e+00 1.9613795e+00 1.9100134e+00 1.8446403e+00
5.0878164e+00 4.0364268e+00 1.3810485e-01 6.6961690e-02 3.1816158e+00 5.6349896e+00 6.4252242e+00 6.4848028e+00 6.4618614e+00 6.0216435e+00 5.2415386e+00 5.4034902e+00 6.5886223e+00 6.7311850e+00 6.5611044e+00 6.4163393e+00 6.0430025e+00 5.3703727e+00 4.1917866e+00 5.5963094e-01 9.2658798e-04 9.9269213e-04 9.8325447e-04 9.3353914e-04 1.7189113e+00 1.9776209e+00 2.3925175e+00 2.6099175e+00 2.5142143e+00 2.5059824e+00 2.4625924e+00 2.2687274e+00 2.0780837e+00 2.0762078e+00 2.2570558e+00 2.3448212e+00 2.3487858e+00 2.4217637e+00 2.6243877e+00 2.4959714e+00 2.3607992e+00 2.2327834e+00 2.1340820e+00 2.0294538e+00 1.9992079e+00 2.0229180e+00 2.0711735e+00 2.0705089e+00 2.0363423e+00 1.9674217e+00
6.0337814e+00 5.8613244e+00 4.9072774e+00 5.5797592e-01 1.7458709e-01 4.5606589e+00 6.3604712e+00 6.4059971e+00 6.0779589e+00 5.6260010e+00 5.2162651e+00 5.6564712e+00 7.5493382e+00 7.1233987e+00 6.4904598e+00 6.2568720e+00 5.8795424e+00 4.1679886e+00 9.4250893e-01 9.4271583e-04 9.9266945e-04 9.6184760e-04 9.5547548e-04 1.9795526e+00 1.9005065e+00 1.9370679e+00 2.3717293e+00 2.5422279e+00 2.7404825e+00 2.9599184e+00 2.9279336e+00 2.7003452e+00 2.4251651e+00 2.3919522e+00 2.6342358e+00 2.7821685e+00 2.8660606e+00 2.8807429e+00 2.9759487e+00 2.8225611e+00 2.6222597e+00 2.4982697e+00 2.3369840e+00 2.1686085e+00 2.0881065e+00 2.1288681e+00 2.2133840e+00 2.2681356e+00 2.2557982e+00 2.1958336e+00
6.4687138e+00 6.2101842e+00 5.7546606e+00 4.5811925e+00 2.0587081e-03 3.2555824e-01 5.4215752e+00 6.2443795e+00 5.7333616e+00 5.5250820e+00 5.3166408e+00 6.3254363e+00 7.3877729e+00 7.0956961e+00 6.5265789e+00 6.2488798e+00 5.2036490e+00 9.3079174e-01 8.5997903e-04 9.9585364e-04 9.9979829e-04 8.2465732e-04 1.8092817e+00 2.1344913e+00 2.0846270e+00 2.1357165e+00 2.3326319e+00 2.5719335e+00 3.1657735e+00 3.2462325e+00 3.1547527e+00 2.9929296e+00 2.7989618e+00 2.7344084e+00 2.8528065e+00 3.0416739e+00 3.2539724e+00 3.1587191e+00 3.0673217e+00 2.9979819e+00 2.8705530e+00 2.7594455e+00 2.5295203e+00 2.4077155e+00 2.2469567e+00 2.2260573e+00 2.3685664e+00 2.4485912e+00 2.4489486e+00 2.3834319e+00
6.6162213e+00 6.4411551e+00 6.1491959e+00 5.6854266e+00 4.3535282e+00 9.7176198e-04 3.0920308e-01 3.5932364e+00 6.0531136e+00 5.3760637e+00 4.9672848e+00 5.4948355e+00 6.7113915e+00 6.7336875e+00 6.0554233e+00 5.6630061e+00 1.5267824e+00 9.0420715e-04 9.9575503e-04 9.9800806e-04 6.7634837e-04 1.6827791e+00 2.2221919e+00 2.1913831e+00 2.1394245e+00 2.2050363e+00 2.5984667e+00 2.9915232e+00 3.1658701e+00 3.3315737e+00 3.4074676e+00 3.1914230e+00 3.2333655e+00 3.1500835e+00 3.1269815e+00 3.1911799e+00 3.3023105e+00 3.3021051e+00 3.2699270e+00 3.4377695e+00 3.2634210e+00 3.0742938e+00 2.8827839e+00 2.6891413e+00 2.5386716e+00 2.5626494e+00 2.6693191e+00 2.6954216e+00 2.7358138e+00 2.6607589e+00
6.7174100e+00 6.6151723e+00 6.4365744e+00 6.0988779e+00 5.4791151e+00 3.0411518e+00 7.9311405e-04 9.2823181e-04 2.5349330e+00 3.6987428e+00 4.6993381e+00 4.7663534e+00 4.8460031e+00 5.4898735e+00 4.5467513e+00 1.4162885e+00 7.7735813e-03 9.9816113e-04 9.9629863e-04 9.1508529e-04 1.3292750e+00 1.8484091e+00 2.1999021e+00 2.5114495e+00 2.5859006e+00 2.7562901e+00 3.1521538e+00 3.3490625e+00 3.2760220e+00 3.6206794e+00 3.6946762e+00 3.4284582e+00 3.3582584e+00 3.4862182e+00 3.6480877e+00 3.7610577e+00 3.6615403e+00 3.4959241e+00 3.6631819e+00 4.2358447e+00 3.8502349e+00 3.5720405e+00 3.1835949e+00 3.0889986e+00 3.1091653e+00 3.1804282e+00 3.1775925e+00 3.1050195e+00 3.0626283e+00 3.0016516e+00
6.8297512e+00 6.7189616e+00 6.5719492e+00 6.3409856e+00 5.9354870e+00 5.2790798e+00 2.7768839e+00 6.6956531e-04 9.3670935e-04 9.5883166e-04 6.8309983e-04 2.3535765e+00 4.4074576e+00 4.6140859e+00 2.0874632e+00 1.8978808e+00 6.5463947e-01 8.5095444e-04 9.7945400e-04 1.3781159e+00 1.7539168e+00 1.9850220e+00 2.4916961e+00 2.8529014e+00 3.1372923e+00 3.2591398e+00 3.5294631e+00 3.5919331e+00 3.7726259e+00 4.1199307e+00 4.3076376e+00 3.9232727e+00 3.5550768e+00 4.0489125e+00 4.2782139e+00 4.3896207e+00 4.1740348e+00 4.0197391e+00 4.1035352e+00 4.2270598e+00 4.0866954e+00 3.8981872e+00 3.6738272e+00 3.6142954e+00 3.7025778e+00 3.7755319e+00 3.6441414e+00 3.4782742e+00 3.3698364e+00 3.2851155e+00
6.8917761e+00 6.8138968e+00 6.6821342e+00 6.5116615e+00 6.2997090e+00 5.9235828e+00 5.0405357e+00 1.5111036e+00 3.1055083e-04 9.9584197e-04 9.9730053e-04 8.4580184e-04 3.3867117e+00 1.5265782e+00 9.2066032e-04 1.0083267e+00 9.7203977e-04 8.3889433e-04 1.3632929e+00 2.0619254e+00 2.2917091e+00 2.7027813e+00 3.1649815e+00 3.4231345e+00 3.4767624e+00 3.6054499e+00 3.7760001e+00 3.8019767e+00 3.9827134e+00 4.5736221e+00 4.5037546e+00 4.2292879e+00 4.1592644e+00 4.4653575e+00 4.5596227e+00 4.4251206e+00 4.3551894e+00 4.4673704e+00 4.6468081e+00 4.5443894e+00 4.3978647e+00 4.3062948e+00 4.2399158e+00 4.1566809e+00 4.1666017e+00 4.1434093e+00 3.9923699e+00 3.8293704e+00 3.6486051e+00 3.5270822e+00
7.0266819e+00 6.8686939e+00 6.7997746e+00 6.6420341e+00 6.4646755e+00 6.0009019e+00 5.2059856e+00 2.5290326e+00 2.6063949e-01 8.8152675e-04 9.9779560e-04 9.9649064e-04 8.9005026e-04 9.9657975e-04 9.8094458e-04 9.0830206e-04 6.9892086e-04 1.1455511e+00 1.7327820e+00 2.2961517e+00 2.9335215e+00 3.3700313e+00 3.6452513e+00 3.6395294e+00 3.6306943e+00 3.9658153e+00 4.2075192e+00 4.1041942e+00 3.9323726e+00 4.5041643e+00 4.6313399e+00 4.5798865e+00 4.7280075e+00 4.7000479e+00 4.2357754e+00 3.7754823e+00 4.0765944e+00 4.4521755e+00 4.7548215e+00 4.7389101e+00 4.6892169e+00 4.6587028e+00 4.7225959e+00 4.6571041e+00 4.5971769e+00 4.5208129e+00 4.4009792e+00 4.2047185e+00 4.0791281e+00 3.8705644e+00
7.0982433e+00 7.0464655e+00 6.8777177e+00 6.7805090e+00 6.6098339e+00 6.4384193e+00 5.5524454e+00 3.3794464e+00 1.8395664e+00 8.7764561e-04 9.9751754e-04 9.9555424e-04 9.9858245e-04 9.9126625e-04 9.2117103e-04 9.1522728e-04 1.2468171e+00 1.6665753e+00 1.6797110e+00 2.1582562e+00 2.9018762e+00 3.6091497e+00 3.9537260e+00 4.0431263e+00 4.0257525e+00 4.2752011e+00 4.7770761e+00 4.6085815e+00 4.5829890e+00 4.9440925e+00 5.0562299e+00 5.0655454e+00 5.0689867e+00 4.8455776e+00 3.9885225e+00 3.1144765e+00 3.6376813e+00 4.2776476e+00 4.7657178e+00 4.9602002e+00 4.9666199e+00 4.8571947e+00 4.9919234e+00 5.0269121e+00 5.0039793e+00 4.9475914e+00 4.8670278e+00 4.7260329e+00 4.5386105e+00 4.3087137e+00
7.1398944e+00 7.1385493e+00 7.0908677e+00 6.8541693e+00 6.7362441e+00 6.6847787e+00 4.4437168e+00 1.9756969e+00 8.3416715e-04 9.7224724e-04 9.9859480e-04 9.9830070e-04 9.9871885e-04 9.9986722e-04 7.6041734e-04 3.2828431e-01 1.4324301e+00 1.2149246e+00 3.5195544e-01 8.9344761e-04 4.7053904e-04 2.8337467e+00 4.1150130e+00 4.4782945e+00 4.5347838e+00 4.3694348e+00 4.6602601e+00 4.7869990e+00 5.0595046e+00 5.3808605e+00 5.2737679e+00 5.0943225e+00 5.1214644e+00 5.0933391e+00 4.4099629e+00 3.6855649e+00 3.8754097e+00 4.3382904e+00 4.8629804e+00 5.1578008e+00 5.3828579e+00 5.2496748e+00 5.3321900e+00 5.3904460e+00 5.3849610e+00 5.3882642e+00 5.4442813e+00 5.1796364e+00 4.9193417e+00 4.7585373e+00
7.1469901e+00 7.1699138e+00 7.1953454e+00 7.1427108e+00 6.9627439e+00 6.5396719e+00 3.7305499e-04 0.0000000e+00 8.5107101e-04 9.7229550e-04 9.9944967e-04 0.0000000e+00 0.0000000e+00 9.9602917e-04 9.8718077e-04 8.9200916e-04 7.4939243e-04 4.9678428e-04 9.0350039e-04 4.2521265e-04 2.9962580e-01 3.2326066e+00 4.4162345e+00 4.9545967e+00 4.8594245e+00 4.6962917e+00 4.6924176e+00 4.7548198e+00 5.1875750e+00 5.3780305e+00 5.0359227e+00 4.3427973e+00 4.6631923e+00 4.9452527e+00 4.6884435e+00 4.3921161e+00 4.3850934e+00 4.5849140e+00 4.9508418e+00 5.2474891e+00 5.4871470e+00 5.5375786e+00 5.6162952e+00 5.7309758e+00 5.7423505e+00 5.7426892e+00 5.7446108e+00 5.5198137e+00 5.3296605e+00 5.1870441e+00
7.1977767e+00 7.1694892e+00 7.2342548e+00 7.2523518e+00 7.2625945e+00 6.9616507e+00 1.5498434e+00 9.3276836e-04 9.6835592e-04 9.1076040e-04 9.9921001e-04 0.0000000e+00 0.0000000e+00 9.5716971e-04 9.5699020e-04 1.4651312e+00 2.4163938e+00 1.9456128e+00 1.6326625e+00 2.8855169e+00 4.0717300e+00 4.5363367e+00 4.8818777e+00 5.0771440e+00 4.9316074e+00 4.9382960e+00 4.8376088e+00 4.8178757e+00 5.0950577e+00 5.2727251e+00 4.7905991e+00 3.5280258e+00 4.1153175e+00 4.8396983e+00 4.9847852e+00 4.9374014e+00 4.8522221e+00 4.8473398e+00 5.0909375e+00 5.3529772e+00 5.5437889e+00 5.6718819e+00 5.8020502e+00 5.9830152e+00 5.9975113e+00 5.9638533e+00 5.9246414e+00 5.7741126e+00 5.6291471e+00 5.5726675e+00
