ahotovec/data/depth_0043.asc
ncols     164
nrows     146
xllcorner -1.242151388888889e+02
yllcorner  4.172986111111111e+01
cellsize  2.777777777820000e-04
nodata_value       -9999
[rows 88 to 109 of 146, columns 0 to 49 of 164]
1.1947136e+01 1.1971280e+01 1.1857241e+01 1.1437361e+01 1.1315729e+01 1.1508988e+01 1.1079594e+01 1.0966614e+01 1.0782909e+01 1.0567336e+01 1.0350306e+01 1.0129122e+01 9.9166570e+00 9.6884283e+00 9.4274576e+00 9.1520078e+00 8.8455650e+00 8.4369474e+00 7.8356705e+00 7.2093700e+00 6.3972806e+00 5.5713408e+00 4.8989618e+00 4.3595131e+00 3.8220432e+00 3.3536112e+00 2.9880539e+00 9.1429032e-01 6.3508718e-03 2.7804810e+00 3.1334687e+00 3.3970520e+00 3.2080575e+00 2.6791419e+00 2.8249984e+00 2.7689032e+00 2.7352293e+00 2.6823782e+00 2.5966085e+00 2.5082716e+00 2.3974095e+00 1.7440445e+00 1.7956652e+00 9.8672796e-01 3.3621969e+00 3.2370428e+00 2.6262394e+00 1.7729991e-01 9.8687522e-04 1.5761906e-03
1.2356620e+01 1.1843653e+01 1.1636921e+01 1.1385947e+01 1.1375319e+01 1.1524334e+01 1.1342521e+01 1.1208103e+01 1.1003929e+01 1.0776811e+01 1.0529797e+01 1.0301202e+01 1.0061146e+01 9.7980356e+00 9.4964849e+00 9.1485099e+00 8.7693976e+00 8.2589420e+00 7.5639093e+00 6.9421207e+00 6.2092840e+00 5.4922189e+00 4.8955432e+00 4.4139468e+00 3.9317283e+00 3.5655560e+00 3.2416776e+00 3.0526198e+00 1.6720385e+00 3.4557161e+00 3.4425237e+00 3.5086799e+00 3.5418608e+00 3.2693324e+00 3.0720068e+00 2.9823551e+00 2.9100758e+00 2.8318018e+00 2.7591977e+00 2.6872664e+00 2.6466758e+00 2.9294494e+00 2.8600036e+00 2.8452158e+00 2.8957457e+00 3.1555193e+00 3.0082165e+00 9.8343646e-01 9.5764158e-02 6.5794898e-02
1.2590671e+01 1.2012549e+01 1.1560549e+01 1.1321985e+01 1.1634028e+01 1.1652961e+01 1.1580157e+01 1.1452158e+01 1.1209379e+01 1.0942850e+01 1.0692951e+01 1.0458254e+01 1.0204179e+01 9.9296139e+00 9.5831535e+00 9.1770378e+00 8.7063202e+00 8.1202062e+00 7.3349188e+00 6.6960595e+00 5.9796556e+00 5.3303123e+00 4.8229013e+00 4.4113407e+00 4.0155280e+00 3.7379690e+00 3.6584914e+00 3.7534097e+00 3.8179828e+00 3.7223360e+00 3.7344393e+00 3.7427162e+00 3.6370028e+00 3.4553789e+00 3.3239411e+00 3.2079323e+00 3.0966088e+00 2.9936524e+00 2.9182539e+00 2.8778270e+00 2.9309927e+00 3.1025215e+00 3.0196086e+00 2.7742607e+00 2.8030031e+00 2.8676812e+00 2.8341447e+00 2.5708806e+00 1.6315140e+00 2.3484558e+00
1.2464638e+01 1.2094564e+01 1.1799240e+01 1.1716754e+01 1.1792267e+01 1.1934572e+01 1.1934735e+01 1.1787108e+01 1.1459637e+01 1.1097571e+01 1.0858493e+01 1.0621710e+01 1.0395927e+01 1.0104424e+01 9.7259481e+00 9.2545983e+00 8.7010336e+00 8.0282922e+00 7.1639303e+00 6.4611556e+00 5.7466326e+00 5.1182501e+00 4.6290284e+00 4.3179598e+00 4.0263664e+00 3.8443536e+00 3.7826569e+00 3.8353918e+00 3.9337714e+00 3.9335277e+00 3.9376570e+00 3.9253747e+00 3.8573908e+00 3.7006827e+00 3.5292176e+00 3.3574334e+00 3.2049333e+00 3.0716118e+00 2.9933941e+00 2.9197031e+00 2.9356106e+00 3.0495301e+00 3.3494619e+00 3.4655066e+00 2.7716523e+00 2.3727676e+00 1.3270710e+00 1.7399820e+00 3.4666595e+00 3.5748993e+00
1.2629146e+01 1.2576280e+01 1.2463352e+01 1.2352443e+01 1.2268455e+01 1.2300875e+01 1.2035266e+01 1.1913641e+01 1.1642114e+01 1.1491893e+01 1.1109457e+01 1.0993540e+01 1.0717267e+01 1.0374902e+01 9.9420761e+00 9.3953958e+00 8.7636530e+00 7.9832108e+00 7.0324576e+00 6.2218566e+00 5.4776381e+00 4.8345840e+00 4.3755336e+00 4.1461975e+00 3.9884758e+00 3.9222714e+00 3.8991157e+00 3.8933957e+00 3.9824896e+00 4.0651377e+00 4.1208332e+00 4.1445171e+00 4.0877557e+00 3.9281318e+00 3.7507988e+00 3.5122236e+00 3.3170991e+00 3.1523549e+00 3.0572157e+00 2.9896778e+00 3.0101329e+00 2.9939822e+00 2.0010905e+00 9.3400587e-04 9.8659459e-04 9.0780963e-04 8.0343717e-04 1.3126159e+00 2.7612345e+00 3.5452118e+00
1.3596045e+01 1.3497614e+01 1.3352677e+01 1.3172576e+01 1.3011171e+01 1.2854626e+01 1.2853082e+01 1.2668769e+01 1.2005923e+01 1.1686018e+01 1.1931533e+01 1.1603188e+01 1.1406559e+01 1.0782296e+01 1.0232218e+01 9.5781379e+00 8.8891947e+00 8.0033249e+00 6.9177796e+00 5.9881110e+00 5.1415754e+00 4.4823370e+00 4.1008515e+00 3.9581602e+00 3.8402078e+00 3.6950602e+00 3.6989030e+00 3.9157197e+00 4.0244138e+00 4.1628281e+00 4.2961935e+00 4.3691033e+00 4.3216206e+00 4.1521042e+00 3.9214225e+00 3.6166108e+00 3.3665057e+00 3.2182271e+00 3.1866439e+00 3.0716446e+00 3.1003036e+00 1.3072147e+00 0.0000000e+00 0.0000000e+00 0.0000000e+00 0.0000000e+00 0.0000000e+00 1.6267546e+00 3.6928838e+00 3.5309014e+00
1.4715430e+01 1.4503643e+01 1.4272792e+01 1.4048083e+01 1.3833814e+01 1.3647995e+01 1.3684114e+01 1.3440141e+01 1.3095194e+01 1.2887680e+01 1.2770845e+01 1.2648941e+01 1.1985199e+01 1.1242160e+01 1.0498974e+01 9.7700421e+00 9.0279506e+00 8.0500187e+00 6.8542538e+00 5.8026370e+00 4.8416048e+00 4.1157592e+00 3.8737552e+00 3.8927657e+00 3.5116316e+00 2.8411390e+00 2.9948279e+00 3.8536769e+00 4.0620438e+00 4.2707322e+00 4.4821737e+00 4.6129622e+00 4.5720635e+00 4.3711209e+00 4.0647469e+00 3.7051894e+00 3.3795459e+00 3.3083334e+00 3.2978621e+00 3.0174111e+00 3.2242469e+00 1.8741846e+00 7.2686686e-04 0.0000000e+00 0.0000000e+00 0.0000000e+00 9.1601529e-04 2.1239572e+00 3.8201571e+00 3.6412397e+00
1.5561157e+01 1.5317189e+01 1.5070471e+01 1.4855822e+01 1.4675529e+01 1.4530732e+01 1.4397243e+01 1.4275939e+01 1.4054326e+01 1.3569810e+01 1.2187455e+01 1.2550436e+01 1.2125227e+01 1.1495774e+01 1.0762539e+01 1.0021129e+01 9.2951894e+00 8.3373105e+00 6.9701091e+00 5.7183091e+00 4.5119402e+00 3.0450463e+00 2.9971009e+00 2.7564397e+00 3.1407928e+00 3.1691379e+00 3.2938384e+00 3.4201770e+00 4.1429496e+00 4.6785099e+00 5.0286188e+00 5.2183086e+00 5.2051871e+00 4.9362853e+00 4.5381731e+00 3.9572277e+00 3.3698775e+00 3.2501186e+00 2.3213834e+00 2.0652025e+00 3.2494622e+00 2.4418198e+00 7.9485918e-04 9.5977383e-04 8.6075699e-04 9.6143142e-01 2.0903953e+00 3.6419372e+00 3.7357823e+00 3.7727186e+00
1.6293888e+01 1.6105254e+01 1.5938031e+01 1.5834915e+01 1.5662371e+01 1.5464038e+01 1.5352640e+01 1.4834187e+01 1.3559755e+01 1.2690477e+01 1.1999390e+01 1.2016791e+01 1.1796873e+01 1.1353553e+01 1.0862335e+01 1.0271335e+01 9.6397523e+00 8.7754242e+00 7.3752681e+00 5.9539922e+00 4.3840748e+00 3.5004515e+00 2.2694161e+00 1.3277572e+00 3.1564601e+00 3.5529869e+00 3.6515457e+00 3.6739769e+00 4.6441663e+00 5.3221740e+00 5.7360719e+00 5.9527678e+00 5.9390071e+00 5.6399544e+00 5.1819175e+00 4.5229487e+00 3.7409449e+00 3.3163979e+00 3.5151650e+00 3.6698647e+00 3.6612520e+00 3.4297122e+00 3.2931632e+00 3.3805599e+00 2.9219602e+00 2.6081514e+00 3.0121400e+00 3.0136641e+00 3.9678617e+00 3.9789300e+00
1.6915805e+01 1.7150605e+01 1.6897055e+01 1.6444107e+01 1.6072676e+01 1.6176171e+01 1.5664460e+01 1.5534323e+01 1.3493965e+01 1.1959860e+01 1.1960880e+01 1.1815856e+01 1.1507080e+01 1.1286335e+01 1.0986760e+01 1.0551643e+01 1.0111374e+01 9.4932231e+00 8.1817787e+00 6.7446286e+00 4.7206191e+00 3.5207902e+00 3.2676954e+00 3.0241371e+00 2.8396577e+00 4.1843471e+00 4.8375093e+00 5.2608746e+00 5.7960518e+00 6.3115918e+00 6.6774477e+00 6.8714011e+00 6.8379039e+00 6.5431066e+00 6.1127897e+00 5.5238160e+00 4.8598058e+00 4.3966503e+00 4.4631847e+00 4.5041891e+00 4.3078508e+00 4.1110356e+00 4.0771979e+00 3.8756879e+00 3.5811295e+00 2.7561173e+00 3.1524623e+00 3.8432269e+00 4.1328132e+00 4.1783350e+00
1.8099486e+01 1.8208315e+01 1.7313312e+01 1.7202790e+01 1.6224521e+01 1.6535481e+01 1.5978081e+01 1.3645706e+01 1.2112777e+01 1.2344684e+01 1.2040586e+01 1.1702519e+01 1.1513791e+01 1.1422795e+01 1.1209785e+01 1.0861658e+01 1.0671960e+01 1.0607550e+01 9.7061033e+00 8.7369515e+00 7.3089017e+00 5.0321310e+00 3.8571414e+00 3.7575901e+00 4.0269442e+00 5.4656238e+00 6.4565558e+00 6.8991610e+00 7.2538022e+00 7.5942840e+00 7.8531709e+00 7.9719894e+00 7.9225756e+00 7.6670976e+00 7.3179141e+00 6.8490591e+00 6.3197560e+00 5.9211295e+00 5.6803279e+00 5.4823059e+00 5.2055642e+00 4.8756967e+00 4.5093413e+00 4.1084812e+00 3.6600405e+00 3.5881611e+00 3.9002598e+00 4.1789139e+00 4.3271943e+00 4.4082541e+00
1.8422047e+01 1.8941479e+01 1.8480382e+01 1.7816307e+01 1.7661573e+01 1.6285191e+01 1.4723832e+01 1.0046733e+01 1.0488873e+01 1.0630916e+01 1.1771159e+01 1.2284731e+01 1.1631160e+01 1.1668514e+01 1.1617575e+01 1.1279296e+01 1.0892993e+01 1.1533879e+01 1.1805768e+01 1.1231990e+01 1.0859237e+01 8.8773168e+00 7.4956924e+00 7.7843891e+00 8.3699143e+00 9.0997432e+00 8.9256167e+00 8.7142654e+00 8.7546163e+00 8.9371339e+00 9.1042666e+00 9.1549972e+00 9.0929527e+00 8.8941368e+00 8.6023509e+00 8.2278037e+00 7.7520695e+00 7.5823552e+00 7.3513210e+00 6.7480273e+00 6.1775485e+00 5.7547692e+00 5.3229484e+00 4.8506192e+00 4.3895055e+00 4.1526091e+00 4.2681896e+00 4.4714195e+00 4.6203766e+00 4.6609739e+00
1.8568030e+01 1.7151374e+01 1.8859997e+01 1.8333235e+01 1.8088555e+01 1.7209325e+01 1.3430249e+01 1.1398928e+01 8.7214586e+00 7.7167904e+00 1.0482274e+01 1.2616870e+01 1.1577035e+01 1.1817342e+01 1.2173290e+01 1.2133992e+01 1.1262730e+01 1.2147695e+01 1.3287702e+01 1.3461203e+01 1.2644301e+01 1.2224677e+01 1.1423467e+01 1.1641023e+01 1.2086480e+01 1.2488811e+01 1.1014315e+01 1.0017963e+01 9.8615216e+00 9.9943219e+00 1.0114134e+01 1.0110417e+01 1.0032865e+01 9.8943247e+00 9.6850162e+00 9.3447965e+00 9.0652195e+00 8.0321373e+00 8.4281168e+00 7.8267295e+00 7.0387360e+00 6.5149914e+00 6.0283201e+00 5.5547076e+00 5.1180662e+00 4.8371023e+00 4.7911127e+00 4.8813184e+00 4.9261515e+00 4.9175086e+00
1.9834446e+01 1.8855652e+01 1.9215032e+01 1.8340267e+01 1.8184330e+01 1.7301629e+01 1.5449764e+01 1.4468638e+01 1.2068640e+01 1.3250307e+01 1.3855252e+01 1.3978137e+01 1.3238318e+01 1.3193756e+01 1.3033341e+01 1.3111564e+01 1.3718369e+01 1.3898991e+01 1.4005806e+01 1.3006784e+01 1.3122200e+01 1.3492824e+01 1.3502058e+01 1.3240661e+01 1.3418347e+01 1.2919290e+01 1.1161940e+01 1.0695857e+01 1.1078671e+01 1.1251569e+01 1.1294992e+01 1.1156230e+01 1.1057488e+01 1.1020133e+01 1.0857328e+01 1.0625800e+01 1.0669898e+01 6.9337203e+00 2.9638840e+00 7.8129329e+00 8.3579467e+00 7.5720179e+00 6.9326545e+00 6.3942647e+00 5.9747638e+00 5.6969891e+00 5.6447275e+00 5.4630570e+00 5.3297427e+00 5.2575941e+00
1.9861226e+01 1.9274028e+01 1.8365367e+01 1.8734534e+01 1.8490617e+01 1.7786081e+01 1.8191359e+01 1.6312783e+01 1.5935757e+01 1.5762672e+01 1.4115101e+01 1.0713896e+01 1.4913109e+01 1.4583645e+01 1.4064076e+01 1.4461230e+01 1.4667677e+01 1.4622655e+01 1.4536021e+01 1.4204977e+01 1.3992487e+01 1.3355246e+01 1.3435306e+01 1.2799409e+01 1.3831295e+01 1.3809418e+01 1.2237512e+01 1.1779838e+01 1.2260229e+01 1.2433367e+01 1.2630676e+01 1.2346789e+01 1.2166778e+01 1.2482546e+01 1.2544490e+01 1.2192348e+01 1.2430488e+01 1.0565123e+01 9.5541685e+00 9.4411764e+00 4.4045968e+00 3.9658514e+00 7.6982971e+00 7.6166038e+00 7.2165981e+00 6.0162793e+00 3.0696172e+00 5.3258414e+00 6.0886151e+00 5.8202616e+00
1.9748576e+01 1.9292927e+01 1.8442918e+01 1.9465474e+01 1.9084053e+01 1.8464354e+01 1.7358805e+01 1.6414079e+01 1.6905311e+01 1.4107465e+01 1.4896164e+01 1.1648707e+01 1.4610010e+01 1.5719650e+01 1.5373374e+01 1.5233024e+01 1.5121436e+01 1.5151807e+01 1.4748677e+01 1.4476480e+01 1.4336333e+01 1.3988392e+01 1.3854170e+01 1.2472662e+01 1.3518695e+01 1.3754563e+01 1.3889944e+01 1.3148619e+01 1.3665749e+01 1.3095939e+01 1.2940633e+01 1.2823387e+01 1.2642629e+01 1.2853000e+01 1.3269688e+01 1.2638562e+01 1.2740458e+01 1.3029184e+01 1.2218174e+01 1.0964157e+01 8.1853974e+00 7.7141009e+00 8.8694974e+00 8.4236046e+00 8.0940746e+00 6.7610397e+00 3.2724098e+00 5.7726696e+00 6.7235049e+00 6.3305571e+00
2.0474306e+01 1.9609572e+01 1.9855956e+01 1.9883967e+01 1.6738562e+01 1.9085353e+01 1.7812141e+01 1.7225184e+01 1.7227597e+01 1.5466241e+01 1.6184690e+01 1.5403268e+01 1.5540534e+01 1.6612932e+01 1.5953137e+01 1.5736928e+01 1.5721565e+01 1.5792810e+01 1.5532745e+01 1.4926736e+01 1.4679857e+01 1.4410972e+01 1.4144582e+01 1.3657456e+01 1.4165533e+01 1.4046309e+01 1.3921532e+01 1.3723223e+01 1.3850710e+01 1.3369562e+01 1.3166832e+01 1.2819141e+01 1.2382035e+01 1.2791111e+01 1.1951816e+01 1.2777897e+01 1.2807043e+01 1.2788819e+01 1.2217920e+01 1.1507341e+01 1.1015613e+01 1.0384568e+01 9.6349046e+00 9.0815318e+00 8.6811458e+00 8.2203604e+00 7.5725925e+00 7.5635665e+00 7.2360659e+00 6.8660290e+00
2.0759449e+01 2.0505636e+01 2.0179007e+01 1.9530916e+01 1.8410781e+01 1.9105464e+01 1.8413691e+01 1.7873707e+01 1.7704101e+01 1.7365914e+01 1.7437228e+01 1.7432687e+01 1.7175365e+01 1.7042293e+01 1.6598439e+01 1.6455205e+01 1.5993733e+01 1.5007308e+01 1.5167537e+01 1.5797167e+01 1.5187003e+01 1.4842563e+01 1.4814786e+01 1.4552667e+01 1.4481393e+01 1.3685606e+01 1.3295969e+01 1.3866187e+01 1.4141949e+01 1.3519136e+01 1.3235030e+01 1.3215552e+01 1.2105140e+01 1.1743844e+01 1.2872596e+01 1.3125271e+01 1.3076288e+01 1.2755916e+01 1.2338701e+01 1.1827183e+01 1.1238013e+01 1.0648358e+01 1.0143029e+01 9.7150494e+00 9.3086548e+00 8.9916497e+00 8.7349750e+00 8.3066632e+00 7.8167712e+00 7.4296440e+00
2.0489817e+01 2.0355544e+01 1.9613159e+01 1.9613020e+01 1.9617281e+01 1.8983500e+01 1.9475753e+01 1.8966899e+01 1.8663847e+01 1.8616562e+01 1.8250111e+01 1.7865428e+01 1.7522293e+01 1.7545335e+01 1.7134061e+01 1.6595507e+01 1.5614593e+01 1.4565445e+01 1.5557836e+01 1.6358224e+01 1.5821037e+01 1.5563928e+01 1.5450701e+01 1.4991236e+01 1.4778484e+01 1.4018478e+01 1.4157009e+01 1.4270858e+01 1.3674460e+01 1.3931086e+01 1.2845266e+01 1.1885319e+01 1.1633952e+01 1.1155880e+01 1.1766493e+01 1.2553394e+01 1.2399267e+01 1.2239942e+01 1.2407721e+01 1.2335407e+01 1.1597877e+01 1.1079031e+01 1.0622871e+01 1.0223549e+01 9.8739429e+00 9.5844652e+00 9.2926245e+00 8.9465447e+00 8.4701808e+00 7.9937022e+00
1.9920881e+01 1.9885956e+01 2.0228179e+01 1.9856331e+01 1.9741714e+01 1.9724212e+01 1.9596962e+01 1.9480461e+01 1.9328823e+01 1.9066285e+01 1.8670949e+01 1.8097271e+01 1.7987826e+01 1.7421415e+01 1.7150380e+01 1.7668950e+01 1.6880642e+01 1.6465676e+01 1.6945828e+01 1.6847779e+01 1.6458707e+01 1.6118519e+01 1.5814508e+01 1.5558383e+01 1.5199735e+01 1.4953039e+01 1.3871622e+01 1.4737919e+01 1.5071741e+01 1.3598635e+01 1.3680569e+01 1.3169063e+01 1.2544993e+01 1.2445251e+01 1.2147111e+01 1.2296172e+01 1.1629085e+01 1.0645901e+01 1.2623209e+01 1.2635182e+01 1.2040649e+01 1.1578014e+01 1.1018567e+01 1.0623790e+01 1.0376056e+01 1.0151907e+01 9.9317437e+00 9.6310725e+00 9.1757387e+00 8.6708447e+00
2.1023644e+01 2.0910077e+01 2.0588596e+01 2.0170499e+01 1.9982501e+01 1.9462958e+01 1.9526852e+01 1.9601610e+01 1.9534666e+01 1.9314729e+01 1.8958171e+01 1.8615490e+01 1.8399814e+01 1.8054292e+01 1.7880115e+01 1.7944558e+01 1.7874260e+01 1.7695648e+01 1.7958746e+01 1.7489092e+01 1.6997580e+01 1.6690684e+01 1.6535855e+01 1.6202590e+01 1.6003419e+01 1.5846023e+01 1.5397312e+01 1.4875301e+01 1.4421155e+01 1.1743400e+01 1.2384609e+01 1.2711432e+01 1.2834023e+01 1.3185535e+01 1.2740199e+01 1.2209498e+01 1.2069418e+01 1.1968156e+01 1.1471002e+01 1.1991781e+01 1.1021028e+01 1.0604193e+01 1.0993128e+01 1.1026801e+01 1.0831015e+01 1.0703670e+01 1.0567089e+01 1.0331070e+01 9.9007460e+00 9.4156723e+00
2.0344713e+01 2.1014345e+01 2.0878702e+01 2.0555061e+01 2.0369286e+01 2.0309631e+01 2.0152630e+01 1.9971709e+01 1.9593999e+01 1.9382378e+01 1.9196334e+01 1.9111231e+01 1.9227568e+01 1.8735438e+01 1.7774885e+01 1.8387535e+01 1.8283189e+01 1.7600415e+01 1.8002068e+01 1.8074940e+01 1.7667276e+01 1.7625150e+01 1.7016079e+01 1.6804656e+01 1.6364796e+01 1.6122448e+01 1.6242051e+01 1.6119206e+01 1.5731315e+01 1.3551021e+01 1.4578002e+01 1.4470178e+01 1.3908271e+01 1.3498613e+01 1.3170415e+01 1.2698944e+01 1.2373508e+01 1.1708592e+01 1.1428759e+01 1.0059454e+01 3.8803974e+00 4.2681746e+00 1.0326329e+01 1.1420698e+01 1.1162252e+01 1.1167006e+01 1.1097665e+01 1.0912750e+01 1.0529747e+01 1.0054382e+01
