ahotovec/data/depth_0034.asc
ncols     164
nrows     146
xllcorner -1.242151388888889e+02
yllcorner  4.172986111111111e+01
cellsize  2.777777777820000e-04
nodata_value       -9999
[rows 110 to 131 of 146, columns 0 to 49 of 164]
1.8321604e+01 1.8365572e+01 1.7680065e+01 1.7941515e+01 1.7645819e+01 1.7517855e+01 1.7390804e+01 1.6873981e+01 1.6600836e+01 1.6261244e+01 1.6099212e+01 1.6194262e+01 1.6040285e+01 1.4950660e+01 1.5857635e+01 1.6009293e+01 1.5314407e+01 1.4616247e+01 1.4773836e+01 1.4732760e+01 1.4621004e+01 1.3308976e+01 1.2695276e+01 1.3059320e+01 1.3109951e+01 1.2834034e+01 1.2742478e+01 1.2108390e+01 1.2341655e+01 1.1895821e+01 1.1370405e+01 1.0737850e+01 1.0601241e+01 1.0198867e+01 9.5340545e+00 9.0981174e+00 8.8101895e+00 7.9791172e+00 7.6080838e+00 6.6173086e+00 2.8998172e+00 2.9031123e+00 7.1570534e+00 7.4141306e+00 7.4587078e+00 7.7698611e+00 8.0686760e+00 7.7969427e+00 7.5885790e+00 7.1409555e+00
1.8292204e+01 1.8230564e+01 1.8119597e+01 1.8100919e+01 1.7811972e+01 1.7105716e+01 1.6898245e+01 1.7063616e+01 1.6888859e+01 1.6618710e+01 1.6479191e+01 1.6430090e+01 1.6245741e+01 1.5654845e+01 1.6606396e+01 1.6689660e+01 1.6041883e+01 1.6080970e+01 1.5686008e+01 1.5414221e+01 1.4863905e+01 1.3536040e+01 1.3874237e+01 1.4187102e+01 1.4006831e+01 1.3567110e+01 1.3287204e+01 1.2906149e+01 1.2647949e+01 1.2637801e+01 1.2550401e+01 1.1433499e+01 1.1255543e+01 1.0727858e+01 1.0256788e+01 9.5970120e+00 9.1254912e+00 8.8980831e+00 8.1264628e+00 8.2938600e+00 8.0791440e+00 7.3187961e+00 7.4475472e+00 7.5427431e+00 7.7471272e+00 8.5592331e+00 8.9534715e+00 8.5076297e+00 8.2026161e+00 7.6788529e+00
1.8344090e+01 1.8233666e+01 1.8208080e+01 1.8010385e+01 1.8004749e+01 1.7799960e+01 1.7585541e+01 1.7365632e+01 1.7195658e+01 1.6973905e+01 1.6851884e+01 1.6812927e+01 1.6862789e+01 1.6902192e+01 1.6857709e+01 1.6856679e+01 1.6515899e+01 1.6323071e+01 1.5682959e+01 1.5541392e+01 1.4740817e+01 1.5333942e+01 1.5438818e+01 1.5259550e+01 1.4797972e+01 1.4445358e+01 1.4208014e+01 1.3657296e+01 1.3128787e+01 1.2796987e+01 1.2664481e+01 1.2627199e+01 1.1972865e+01 1.0784539e+01 1.0412399e+01 1.0211749e+01 9.1718251e+00 8.3012958e+00 7.7460812e+00 8.3174897e+00 8.1022556e+00 7.4614914e+00 7.3704711e+00 7.7369947e+00 8.4315622e+00 9.4740678e+00 9.3756325e+00 8.0921755e+00 7.1925468e+00 7.3470283e+00
1.8488750e+01 1.8375922e+01 1.8307320e+01 1.8278048e+01 1.8097657e+01 1.7903961e+01 1.7752726e+01 1.7607986e+01 1.7480086e+01 1.7383258e+01 1.7278656e+01 1.7271422e+01 1.7236866e+01 1.7173188e+01 1.7051728e+01 1.7016685e+01 1.6791438e+01 1.6467162e+01 1.6349161e+01 1.6353080e+01 1.6432864e+01 1.6312854e+01 1.5998280e+01 1.5676113e+01 1.5452221e+01 1.5139287e+01 1.4022369e+01 1.2554232e+01 1.3855102e+01 1.3291213e+01 1.2867037e+01 1.2688125e+01 1.1826825e+01 1.1748726e+01 1.1557063e+01 1.0506601e+01 9.2854584e+00 7.9104692e+00 6.8845043e+00 6.9736542e+00 7.2120667e+00 6.5833272e+00 6.3866560e+00 7.6799422e+00 9.3389985e+00 9.8069148e+00 9.8915175e+00 9.6997190e+00 9.1480151e+00 9.8947758e+00
1.8587053e+01 1.8496509e+01 1.8415548e+01 1.8340545e+01 1.8223088e+01 1.8088212e+01 1.7988804e+01 1.7919288e+01 1.7886178e+01 1.7817581e+01 1.7653976e+01 1.7597943e+01 1.6146436e+01 1.4732006e+01 1.7588387e+01 1.7122089e+01 1.6898948e+01 1.6827521e+01 1.6758169e+01 1.6715716e+01 1.6805500e+01 1.6674809e+01 1.6406184e+01 1.6125114e+01 1.5905837e+01 1.5662891e+01 1.5238376e+01 1.4854683e+01 1.4823766e+01 1.3372589e+01 1.3463191e+01 1.2191513e+01 1.2340114e+01 1.1810218e+01 1.1850074e+01 8.4571067e+00 8.7758149e+00 7.5865014e+00 3.9462708e+00 7.6615453e+00 7.7684350e+00 7.4921013e+00 6.5145869e+00 8.7818855e+00 1.0126466e+01 1.0381146e+01 9.4965970e+00 1.0447902e+01 1.0510559e+01 1.0514116e+01
1.8716361e+01 1.8630686e+01 1.8558662e+01 1.8457753e+01 1.8388993e+01 1.8304742e+01 1.8220994e+01 1.8143787e+01 1.7640072e+01 1.2250126e+01 1.7811679e+01 1.7882274e+01 1.7905810e+01 1.7705620e+01 1.7733508e+01 1.7489693e+01 1.7289278e+01 1.7191373e+01 1.7167730e+01 1.7244005e+01 1.7342447e+01 1.7266040e+01 1.7049397e+01 1.6487015e+01 1.6469919e+01 1.5883338e+01 1.6155984e+01 1.6141792e+01 1.5985174e+01 1.4781511e+01 1.4284248e+01 1.1992395e+01 1.2720640e+01 1.3607988e+01 1.2057857e+01 7.3769852e+00 6.6771343e+00 8.1161387e+00 8.8912450e+00 7.9344678e+00 8.2243798e+00 8.7054009e+00 9.4301841e+00 1.0337883e+01 1.0260415e+01 1.1081060e+01 1.0587767e+01 1.0918527e+01 1.0927760e+01 1.1115884e+01
1.8839387e+01 1.8780729e+01 1.8716471e+01 1.8624878e+01 1.8551757e+01 1.8489820e+01 1.8432321e+01 1.8346142e+01 1.8165474e+01 1.5819663e+01 1.8068985e+01 1.8196492e+01 1.8048842e+01 1.7917655e+01 1.7764400e+01 1.7640647e+01 1.7543060e+01 1.7461462e+01 1.7398885e+01 1.7590827e+01 1.6667855e+01 1.7431342e+01 1.7228148e+01 1.6996599e+01 1.6547247e+01 1.6562652e+01 1.5738427e+01 1.6520840e+01 1.6437774e+01 1.6262889e+01 1.5098426e+01 1.4946613e+01 1.4723285e+01 1.4233537e+01 1.3423662e+01 9.4664780e+00 9.0696478e+00 8.1958331e+00 8.4465671e+00 9.0375034e+00 9.3023863e+00 9.5236802e+00 1.0131827e+01 1.0824049e+01 1.0811039e+01 1.1317787e+01 1.1517941e+01 1.1261745e+01 1.1494728e+01 1.1704783e+01
1.9002664e+01 1.8921055e+01 1.8860552e+01 1.8766799e+01 1.8693864e+01 1.8631654e+01 1.8586064e+01 1.8556447e+01 1.8540428e+01 1.8545713e+01 1.8418066e+01 1.8284872e+01 1.8169233e+01 1.8044696e+01 1.7906989e+01 1.7793096e+01 1.7729531e+01 1.7516086e+01 1.7497671e+01 1.7711714e+01 1.7514425e+01 1.7935096e+01 1.7602131e+01 1.7670301e+01 1.6978116e+01 1.6765948e+01 1.4132761e+01 1.5874389e+01 1.6639477e+01 1.6212907e+01 1.5464430e+01 1.4288306e+01 1.5142132e+01 1.4129326e+01 1.3785591e+01 1.3263851e+01 1.3392571e+01 1.1539478e+01 9.8693724e+00 1.0222926e+01 9.7482933e+00 9.8840596e+00 1.1051919e+01 1.1173200e+01 1.1365766e+01 1.2107194e+01 1.2152633e+01 1.2053003e+01 1.1982974e+01 1.2056143e+01
1.9239571e+01 1.9156990e+01 1.9058635e+01 1.8962062e+01 1.8840830e+01 1.8790794e+01 1.8698121e+01 1.8694839e+01 1.8638022e+01 1.8583465e+01 1.8491286e+01 1.8403552e+01 1.8282851e+01 1.8183775e+01 1.8079003e+01 1.7964016e+01 1.7887787e+01 1.7811601e+01 1.7756216e+01 1.7722145e+01 1.7763307e+01 1.7744160e+01 1.7632668e+01 1.7533408e+01 1.7361778e+01 1.7382810e+01 1.6385893e+01 1.6758381e+01 1.7238860e+01 1.6785978e+01 1.6261295e+01 1.5900679e+01 1.5855398e+01 1.4908790e+01 1.3512741e+01 1.3460640e+01 1.3079949e+01 1.2361145e+01 1.2370367e+01 1.1642290e+01 1.0742017e+01 1.1267216e+01 1.1906311e+01 1.2014440e+01 1.2181713e+01 1.2255442e+01 1.1612878e+01 1.2480211e+01 1.2383885e+01 1.2490359e+01
1.9391803e+01 1.9303598e+01 1.9227500e+01 1.9157576e+01 1.9097048e+01 1.8985317e+01 1.8898204e+01 1.8835254e+01 1.8754667e+01 1.8688301e+01 1.8583518e+01 1.8516664e+01 1.8447548e+01 1.8336549e+01 1.8231761e+01 1.8126671e+01 1.8032466e+01 1.7954004e+01 1.7888558e+01 1.7818715e+01 1.7775508e+01 1.7806995e+01 1.7930436e+01 1.7438783e+01 1.7428687e+01 1.7513947e+01 1.7640698e+01 1.7739945e+01 1.7468803e+01 1.7087728e+01 1.6750016e+01 1.6191517e+01 1.6162823e+01 1.6172907e+01 1.3901054e+01 1.4227281e+01 1.4236219e+01 1.3179934e+01 1.2922571e+01 1.2696114e+01 1.1679700e+01 1.1138513e+01 1.2831908e+01 1.2516045e+01 1.2571201e+01 1.3254638e+01 1.3419280e+01 1.2839871e+01 1.2720775e+01 1.2683525e+01
1.9555590e+01 1.9492404e+01 1.9418413e+01 1.9338660e+01 1.9243756e+01 1.9131685e+01 1.9066560e+01 1.9027846e+01 1.8970609e+01 1.8922209e+01 1.8783787e+01 1.8638864e+01 1.8558251e+01 1.8502065e+01 1.8405499e+01 1.8318680e+01 1.8225215e+01 1.8124184e+01 1.8017038e+01 1.7886319e+01 1.7916050e+01 1.7884359e+01 1.7900567e+01 1.7936020e+01 1.7745612e+01 1.7201964e+01 1.5499811e+01 1.4583589e+01 1.7511062e+01 1.6998321e+01 1.7225641e+01 1.7086515e+01 1.6854788e+01 1.5178990e+01 1.5808557e+01 1.4821801e+01 1.3620761e+01 1.3180380e+01 1.1333233e+01 1.0889221e+01 1.1993384e+01 1.2039777e+01 1.3590240e+01 1.2556224e+01 1.2176786e+01 1.3466623e+01 1.3508964e+01 1.3295432e+01 1.3088965e+01 1.2979955e+01
1.9759274e+01 1.9666402e+01 1.9596275e+01 1.9516978e+01 1.9448445e+01 1.9374682e+01 1.9271399e+01 1.9188317e+01 1.9125319e+01 1.9119762e+01 1.9058009e+01 1.8879868e+01 1.8752491e+01 1.8651271e+01 1.8586230e+01 1.8510477e+01 1.8431711e+01 1.8329979e+01 1.8191980e+01 1.8062658e+01 1.8094400e+01 1.8047115e+01 1.8014351e+01 1.7998288e+01 1.7931055e+01 1.7895822e+01 1.7953515e+01 1.7082766e+01 1.7289286e+01 1.7908829e+01 1.7493358e+01 1.7373034e+01 1.6940824e+01 1.6245368e+01 1.6613641e+01 1.4842824e+01 1.3418727e+01 1.3445448e+01 1.2965801e+01 1.1407612e+01 8.4839713e+00 7.8610083e+00 1.3258761e+01 1.4122497e+01 1.2943038e+01 1.4073896e+01 1.3717950e+01 1.3526565e+01 1.3405998e+01 1.3304530e+01
1.9950772e+01 1.9876758e+01 1.9810469e+01 1.9728081e+01 1.9625417e+01 1.9529736e+01 1.9432267e+01 1.9364352e+01 1.9318425e+01 1.9234767e+01 1.9125596e+01 1.9047855e+01 1.8964933e+01 1.8857607e+01 1.8754399e+01 1.8668232e+01 1.8586404e+01 1.8506924e+01 1.8421521e+01 1.8320360e+01 1.8254346e+01 1.8197710e+01 1.8165587e+01 1.8110976e+01 1.7988033e+01 1.8203365e+01 1.8325876e+01 1.7943565e+01 1.8491886e+01 1.7990945e+01 1.7722134e+01 1.7642652e+01 1.7211638e+01 1.6116688e+01 1.6340429e+01 1.4916776e+01 1.3624159e+01 1.3948339e+01 1.2134179e+01 1.0211795e+01 9.1191931e+00 7.0598165e+00 1.3198875e+01 1.5326147e+01 1.4065962e+01 1.4330983e+01 1.4017756e+01 1.3837260e+01 1.3746903e+01 1.3694772e+01
2.0100624e+01 2.0046164e+01 1.9987067e+01 1.9937815e+01 1.9853139e+01 1.9740545e+01 1.9641542e+01 1.9538877e+01 1.9471771e+01 1.9390377e+01 1.9305957e+01 1.9229472e+01 1.9136822e+01 1.9045336e+01 1.8960238e+01 1.8880819e+01 1.8809037e+01 1.8709962e+01 1.8624036e+01 1.8534629e+01 1.8446896e+01 1.8383100e+01 1.8338604e+01 1.8317357e+01 1.8337447e+01 1.8332235e+01 1.8099341e+01 1.7785199e+01 1.8189417e+01 1.8203951e+01 1.7856910e+01 1.7764769e+01 1.7450454e+01 1.7719621e+01 1.7074307e+01 1.6474055e+01 1.5281084e+01 1.3092501e+01 1.1763716e+01 9.0203463e+00 7.1275442e+00 9.8464949e+00 1.5020524e+01 1.5310878e+01 1.4793875e+01 1.4476256e+01 1.4299308e+01 1.4154362e+01 1.4050054e+01 1.3989822e+01
2.0328502e+01 2.0239872e+01 2.0173327e+01 2.0093230e+01 2.0029437e+01 1.9935070e+01 1.9855861e+01 1.9767261e+01 1.9677028e+01 1.9589258e+01 1.9494983e+01 1.9431523e+01 1.9331027e+01 1.9247888e+01 1.9147876e+01 1.9086684e+01 1.9010530e+01 1.8929966e+01 1.8846213e+01 1.8713646e+01 1.8618212e+01 1.8583356e+01 1.8544207e+01 1.8493277e+01 1.8464801e+01 1.8471426e+01 1.8576383e+01 1.8625335e+01 1.8670573e+01 1.8469058e+01 1.8093500e+01 1.7932871e+01 1.7721811e+01 1.7999530e+01 1.7990494e+01 1.6938628e+01 1.5772062e+01 1.5282685e+01 1.4422986e+01 1.1403456e+01 1.2296317e+01 1.3356976e+01 1.5772099e+01 1.5338953e+01 1.5000190e+01 1.4768794e+01 1.4635864e+01 1.4467002e+01 1.4332084e+01 1.4189117e+01
2.0573017e+01 2.0448065e+01 2.0391131e+01 2.0292161e+01 2.0217234e+01 2.0122485e+01 2.0029532e+01 1.9948799e+01 1.9861933e+01 1.9779875e+01 1.9694640e+01 1.9654265e+01 1.9561189e+01 1.9457503e+01 1.9341050e+01 1.9267424e+01 1.9191008e+01 1.9120979e+01 1.9011108e+01 1.8902136e+01 1.8835887e+01 1.8788569e+01 1.8740719e+01 1.8666326e+01 1.8617286e+01 1.8608072e+01 1.8624580e+01 1.8645652e+01 1.8675975e+01 1.8637784e+01 1.7828620e+01 1.8170316e+01 1.8130573e+01 1.8088420e+01 1.8005327e+01 1.7531617e+01 1.6604855e+01 1.5595223e+01 1.6154532e+01 1.6634521e+01 1.5165867e+01 1.5918865e+01 1.5976703e+01 1.5634812e+01 1.5344859e+01 1.5104657e+01 1.4921663e+01 1.4749343e+01 1.4605946e+01 1.4447065e+01
2.0795814e+01 2.0655493e+01 2.0591317e+01 2.0500031e+01 2.0449075e+01 2.0386338e+01 2.0254367e+01 2.0148005e+01 2.0035897e+01 1.9950400e+01 1.9859928e+01 1.9829436e+01 1.9770766e+01 1.9672104e+01 1.9562260e+01 1.9464111e+01 1.9374926e+01 1.9268028e+01 1.9173634e+01 1.9116488e+01 1.9052274e+01 1.8976904e+01 1.8905440e+01 1.8848827e+01 1.8789435e+01 1.8738709e+01 1.8691208e+01 1.8656721e+01 1.8643249e+01 1.8591170e+01 1.8460256e+01 1.8333019e+01 1.8230145e+01 1.8163595e+01 1.8097659e+01 1.7971849e+01 1.8103096e+01 1.7833080e+01 1.7686527e+01 1.7276676e+01 1.7096122e+01 1.6746195e+01 1.6336117e+01 1.5989086e+01 1.5711787e+01 1.5473221e+01 1.5256984e+01 1.5067602e+01 1.4910754e+01 1.4752785e+01
2.1009257e+01 2.0893029e+01 2.0760091e+01 2.0721368e+01 2.0633061e+01 2.0611471e+01 2.0529155e+01 2.0361303e+01 2.0255512e+01 2.0132778e+01 2.0034621e+01 1.9970852e+01 1.9923774e+01 1.9851870e+01 1.9769837e+01 1.9668408e+01 1.9578056e+01 1.9477457e+01 1.9403812e+01 1.9312827e+01 1.9234177e+01 1.9158178e+01 1.9071727e+01 1.9008414e+01 1.8942956e+01 1.8882689e+01 1.8805828e+01 1.8756249e+01 1.8689895e+01 1.8609202e+01 1.8496801e+01 1.8412667e+01 1.8351279e+01 1.8296279e+01 1.8228325e+01 1.8176433e+01 1.8169481e+01 1.8009637e+01 1.7842381e+01 1.7595577e+01 1.7253956e+01 1.6891609e+01 1.6597056e+01 1.6331039e+01 1.6074812e+01 1.5827608e+01 1.5591779e+01 1.5389996e+01 1.5209846e+01 1.5055842e+01
2.1194840e+01 2.1121430e+01 2.0968229e+01 2.0900227e+01 2.0830746e+01 2.0767765e+01 2.0753610e+01 2.0605518e+01 2.0450842e+01 2.0344780e+01 2.0217016e+01 2.0168134e+01 2.0095349e+01 2.0007932e+01 1.9927264e+01 1.9849573e+01 1.9746907e+01 1.9680941e+01 1.9611008e+01 1.9531486e+01 1.9436705e+01 1.9344678e+01 1.9246053e+01 1.9154196e+01 1.9081917e+01 1.9012632e+01 1.8947960e+01 1.8876441e+01 1.8786825e+01 1.8691865e+01 1.8587755e+01 1.8493183e+01 1.8431866e+01 1.8421803e+01 1.8278404e+01 1.8265246e+01 1.8110973e+01 1.8023119e+01 1.7807948e+01 1.7556456e+01 1.7492180e+01 1.7103178e+01 1.6802408e+01 1.6562668e+01 1.6334784e+01 1.6119323e+01 1.5906226e+01 1.5684674e+01 1.5506801e+01 1.5342413e+01
2.1359082e+01 2.1331013e+01 2.1196882e+01 2.1080014e+01 2.1048527e+01 2.0948703e+01 2.0913913e+01 2.0847126e+01 2.0684068e+01 2.0572340e+01 2.0476658e+01 2.0389310e+01 2.0273474e+01 2.0206688e+01 2.0113078e+01 1.9988880e+01 1.9914814e+01 1.9835578e+01 1.9759279e+01 1.9684284e+01 1.9611325e+01 1.9523407e+01 1.9439446e+01 1.9339913e+01 1.9244792e+01 1.9160426e+01 1.9088689e+01 1.9004733e+01 1.8909073e+01 1.8813958e+01 1.8725312e+01 1.8617232e+01 1.8535491e+01 1.8518963e+01 1.8506978e+01 1.7843268e+01 1.8293186e+01 1.8091848e+01 1.7869139e+01 1.7731118e+01 1.7533340e+01 1.7287306e+01 1.7004195e+01 1.6776576e+01 1.6547421e+01 1.6331324e+01 1.6122777e+01 1.5944219e+01 1.5787532e+01 1.5654078e+01
2.1530909e+01 2.1515450e+01 2.1450754e+01 2.1294400e+01 2.1210458e+01 2.1153055e+01 2.1074415e+01 2.1058771e+01 2.0940457e+01 2.0789114e+01 2.0695284e+01 2.0616173e+01 2.0516314e+01 2.0366893e+01 2.0252147e+01 2.0167681e+01 2.0069168e+01 1.9999925e+01 1.9901295e+01 1.9817368e+01 1.9746776e+01 1.9660206e+01 1.9593621e+01 1.9526757e+01 1.9428501e+01 1.9336499e+01 1.9247643e+01 1.9153030e+01 1.9053258e+01 1.8935096e+01 1.8848373e+01 1.8749860e+01 1.8667370e+01 1.8604141e+01 1.8590714e+01 1.8638653e+01 1.8608748e+01 1.8305268e+01 1.8039897e+01 1.7853101e+01 1.7681049e+01 1.7420901e+01 1.7181054e+01 1.6981670e+01 1.6772988e+01 1.6550038e+01 1.6333005e+01 1.6145597e+01 1.5971890e+01 1.5693660e+01
2.1720850e+01 2.1691104e+01 2.1657760e+01 2.1547469e+01 2.1404511e+01 2.1362607e+01 2.1255867e+01 2.1235720e+01 2.1182882e+01 2.1014141e+01 2.0893262e+01 2.0808692e+01 2.0756644e+01 2.0594235e+01 2.0452984e+01 2.0358296e+01 2.0261841e+01 2.0167459e+01 2.0066112e+01 1.9950394e+01 1.9896239e+01 1.9798958e+01 1.9720009e+01 1.9642093e+01 1.9574286e+01 1.9491739e+01 1.9419871e+01 1.9328556e+01 1.9226966e+01 1.9108080e+01 1.8991391e+01 1.8899879e+01 1.8807133e+01 1.8744393e+01 1.8701541e+01 1.8634462e+01 1.8669879e+01 1.8461206e+01 1.8302856e+01 1.7855153e+01 1.7830158e+01 1.7591894e+01 1.7369635e+01 1.7153031e+01 1.6942386e+01 1.6733041e+01 1.6512732e+01 1.6332616e+01 1.6142201e+01 1.5934094e+01
