ahotovec/data/depth_0003.asc
ncols     164
nrows     146
xllcorner -1.242151388888889e+02
yllcorner  4.172986111111111e+01
cellsize  2.777777777820000e-04
nodata_value       -9999
[rows 110 to 131 of 146, columns 0 to 49 of 164]
2.0127113e+01 2.0181173e+01 1.9507386e+01 1.9776572e+01 1.9491189e+01 1.9373311e+01 1.9256566e+01 1.8751871e+01 1.8490655e+01 1.8162946e+01 1.8030071e+01 1.8118687e+01 1.7976901e+01 1.6901543e+01 1.7818776e+01 1.7986076e+01 1.7305793e+01 1.6623140e+01 1.6797587e+01 1.6771846e+01 1.6675399e+01 1.5383735e+01 1.4790478e+01 1.5170651e+01 1.5238225e+01 1.4980224e+01 1.4904838e+01 1.4289320e+01 1.4536571e+01 1.4102767e+01 1.3607708e+01 1.2996044e+01 1.2874627e+01 1.2493503e+01 1.1851586e+01 1.1441667e+01 1.1176853e+01 1.0367438e+01 1.0003891e+01 9.0353020e+00 5.3849885e+00 5.4711649e+00 9.6433981e+00 9.8940516e+00 9.9407379e+00 1.0251829e+01 1.0560000e+01 1.0293919e+01 1.0084481e+01 9.6556018e+00
2.0096645e+01 2.0045947e+01 1.9944146e+01 1.9935765e+01 1.9657117e+01 1.8963607e+01 1.8767954e+01 1.8943382e+01 1.8780244e+01 1.8520915e+01 1.8409670e+01 1.8356009e+01 1.8184245e+01 1.7604817e+01 1.8567776e+01 1.8664424e+01 1.8030430e+01 1.8081471e+01 1.7704103e+01 1.7448452e+01 1.6915897e+01 1.5609657e+01 1.5967331e+01 1.6299208e+01 1.6136585e+01 1.5715218e+01 1.5454041e+01 1.5089755e+01 1.4850747e+01 1.4851940e+01 1.4786348e+01 1.3692376e+01 1.3532084e+01 1.3022991e+01 1.2567178e+01 1.1926228e+01 1.1472060e+01 1.1259006e+01 1.0502748e+01 1.0691876e+01 1.0501813e+01 9.7608433e+00 9.9248689e+00 1.0031536e+01 1.0234349e+01 1.1063730e+01 1.1464982e+01 1.1019844e+01 1.0709280e+01 1.0198555e+01
2.0149834e+01 2.0050053e+01 2.0033112e+01 1.9846657e+01 1.9850757e+01 1.9656322e+01 1.9453540e+01 1.9245440e+01 1.9087306e+01 1.8876380e+01 1.8781740e+01 1.8740015e+01 1.8801638e+01 1.8849995e+01 1.8820962e+01 1.8833310e+01 1.8505205e+01 1.8325492e+01 1.7702061e+01 1.7575839e+01 1.6796172e+01 1.7401956e+01 1.7525587e+01 1.7366426e+01 1.6923842e+01 1.6589845e+01 1.6372259e+01 1.5839619e+01 1.5331890e+01 1.5019152e+01 1.4907924e+01 1.4887373e+01 1.4253696e+01 1.3089406e+01 1.2731760e+01 1.2546194e+01 1.1525916e+01 1.0674653e+01 1.0129136e+01 1.0717283e+01 1.0544096e+01 9.9100671e+00 9.8403082e+00 1.0217144e+01 1.0925833e+01 1.1976500e+01 1.1885904e+01 1.0614351e+01 9.7254256e+00 9.8883910e+00
2.0297284e+01 2.0194751e+01 2.0135557e+01 2.0116596e+01 1.9947013e+01 1.9763818e+01 1.9624142e+01 1.9491302e+01 1.9375503e+01 1.9290323e+01 1.9211409e+01 1.9203357e+01 1.9181179e+01 1.9128394e+01 1.9020027e+01 1.8999303e+01 1.8786045e+01 1.8475049e+01 1.8370150e+01 1.8388400e+01 1.8482061e+01 1.8378033e+01 1.8082197e+01 1.7779906e+01 1.7574956e+01 1.7281698e+01 1.6187894e+01 1.4746598e+01 1.6063211e+01 1.5520129e+01 1.5117263e+01 1.4954959e+01 1.4113852e+01 1.4053085e+01 1.3881478e+01 1.2853037e+01 1.1640715e+01 1.0289106e+01 9.2823886e+00 9.3827353e+00 9.6732760e+00 9.0489318e+00 8.8713544e+00 1.0172808e+01 1.1843610e+01 1.2323569e+01 1.2415765e+01 1.2228156e+01 1.1684276e+01 1.2433258e+01
2.0400325e+01 2.0320039e+01 2.0249104e+01 2.0184776e+01 2.0078257e+01 1.9954385e+01 1.9866696e+01 1.9808654e+01 1.9786677e+01 1.9728401e+01 1.9590296e+01 1.9538825e+01 1.8105382e+01 1.6715182e+01 1.9571130e+01 1.9118817e+01 1.8905589e+01 1.8844745e+01 1.8786511e+01 1.8757043e+01 1.8859936e+01 1.8744331e+01 1.8493076e+01 1.8230189e+01 1.8028499e+01 1.7804253e+01 1.7399988e+01 1.7038242e+01 1.7031278e+01 1.5603885e+01 1.5713987e+01 1.4465837e+01 1.4630046e+01 1.4123170e+01 1.4180660e+01 1.0826370e+01 1.1147239e+01 9.9763043e+00 6.4374329e+00 1.0113553e+01 1.0264518e+01 9.9769405e+00 9.0249624e+00 1.1297485e+01 1.2652320e+01 1.2918542e+01 1.2052856e+01 1.3009129e+01 1.3079014e+01 1.3091086e+01
2.0535121e+01 2.0459880e+01 2.0398283e+01 2.0308445e+01 2.0250906e+01 2.0178343e+01 2.0107432e+01 2.0043051e+01 1.9553333e+01 1.4206728e+01 1.9764205e+01 1.9838474e+01 1.9872186e+01 1.9683800e+01 1.9725812e+01 1.9492342e+01 1.9302657e+01 1.9216175e+01 1.9203994e+01 1.9292885e+01 1.9404657e+01 1.9342156e+01 1.9141519e+01 1.8596563e+01 1.8595997e+01 1.8029061e+01 1.8317654e+01 1.8323848e+01 1.8192088e+01 1.7011489e+01 1.6537938e+01 1.4275291e+01 1.5019955e+01 1.5922492e+01 1.4397901e+01 9.7567627e+00 9.0943423e+00 1.0530947e+01 1.1317501e+01 1.0397258e+01 1.0725782e+01 1.1194090e+01 1.1928150e+01 1.2854871e+01 1.2795534e+01 1.3626369e+01 1.3149437e+01 1.3492906e+01 1.3511395e+01 1.3709696e+01
2.0663096e+01 2.0614930e+01 2.0561233e+01 2.0480614e+01 2.0418742e+01 2.0368546e+01 2.0323872e+01 2.0251565e+01 2.0085076e+01 1.7754218e+01 2.0029805e+01 2.0157360e+01 2.0019721e+01 1.9898737e+01 1.9763604e+01 1.9652382e+01 1.9566795e+01 1.9497606e+01 1.9447317e+01 1.9651262e+01 1.8745532e+01 1.9520818e+01 1.9332870e+01 1.9116532e+01 1.8684412e+01 1.8715865e+01 1.7911196e+01 1.8708407e+01 1.8650811e+01 1.8494480e+01 1.7355125e+01 1.7218698e+01 1.7015085e+01 1.6545199e+01 1.5754620e+01 1.1820112e+01 1.1464582e+01 1.0620554e+01 1.0877383e+01 1.1499349e+01 1.1806752e+01 1.2020474e+01 1.2640107e+01 1.3352986e+01 1.3357209e+01 1.3879079e+01 1.4091985e+01 1.3852583e+01 1.4095400e+01 1.4314840e+01
2.0830279e+01 2.0759746e+01 2.0710165e+01 2.0627501e+01 2.0565843e+01 2.0515223e+01 2.0481864e+01 2.0465464e+01 2.0463036e+01 2.0471879e+01 2.0380984e+01 2.0251116e+01 2.0147734e+01 2.0036276e+01 1.9915414e+01 1.9814693e+01 1.9763751e+01 1.9563583e+01 1.9558046e+01 1.9785014e+01 1.9601457e+01 2.0036126e+01 1.9718178e+01 1.9800625e+01 1.9125986e+01 1.8929803e+01 1.6325262e+01 1.8080515e+01 1.8867103e+01 1.8459146e+01 1.7732137e+01 1.6576110e+01 1.7446015e+01 1.6451889e+01 1.6122581e+01 1.5605121e+01 1.5760089e+01 1.3934810e+01 1.2296696e+01 1.2680814e+01 1.2253958e+01 1.2389170e+01 1.3570376e+01 1.3716471e+01 1.3926448e+01 1.4683603e+01 1.4743474e+01 1.4659539e+01 1.4605225e+01 1.4691456e+01
2.1068905e+01 2.0997887e+01 2.0911144e+01 2.0826216e+01 2.0717063e+01 2.0679100e+01 2.0599059e+01 2.0608618e+01 2.0565992e+01 2.0517630e+01 2.0459125e+01 2.0375699e+01 2.0269245e+01 2.0183986e+01 2.0094734e+01 1.9993307e+01 1.9930339e+01 1.9867190e+01 1.9825147e+01 1.9805254e+01 1.9858883e+01 1.9855820e+01 1.9758938e+01 1.9675229e+01 1.9519547e+01 1.9557394e+01 1.8578755e+01 1.8972313e+01 1.9472756e+01 1.9039187e+01 1.8535674e+01 1.8192079e+01 1.8167128e+01 1.7237151e+01 1.5861235e+01 1.5814902e+01 1.5459178e+01 1.4762831e+01 1.4793229e+01 1.4098280e+01 1.3247936e+01 1.3771446e+01 1.4427267e+01 1.4560400e+01 1.4745667e+01 1.4840419e+01 1.4222341e+01 1.5105585e+01 1.5027036e+01 1.5150548e+01
2.1222266e+01 2.1145920e+01 2.1081619e+01 2.1023580e+01 2.0975205e+01 2.0876232e+01 2.0802124e+01 2.0752741e+01 2.0687328e+01 2.0630996e+01 2.0555728e+01 2.0493117e+01 2.0438789e+01 2.0342279e+01 2.0252297e+01 2.0160946e+01 2.0080491e+01 2.0015479e+01 1.9963825e+01 1.9908785e+01 1.9879468e+01 1.9927319e+01 2.0065297e+01 1.9590730e+01 1.9596051e+01 1.9698091e+01 1.9836383e+01 1.9956946e+01 1.9706111e+01 1.9346608e+01 1.9030796e+01 1.8491976e+01 1.8484318e+01 1.8507323e+01 1.6256612e+01 1.6597455e+01 1.6624458e+01 1.5588860e+01 1.5353769e+01 1.5148328e+01 1.4178364e+01 1.3645951e+01 1.5354435e+01 1.5067466e+01 1.5143368e+01 1.5845440e+01 1.6030286e+01 1.5476052e+01 1.5376228e+01 1.5358856e+01
2.1386648e+01 2.1335383e+01 2.1273297e+01 2.1205627e+01 2.1123216e+01 2.1024114e+01 2.0972216e+01 2.0947142e+01 2.0904901e+01 2.0868946e+01 2.0758290e+01 2.0617790e+01 2.0552224e+01 2.0510528e+01 2.0428413e+01 2.0355412e+01 2.0275873e+01 2.0188702e+01 2.0095838e+01 1.9980494e+01 2.0025112e+01 2.0010517e+01 2.0043404e+01 2.0095518e+01 1.9922644e+01 1.9398393e+01 1.7716364e+01 1.6828421e+01 1.9764358e+01 1.9273047e+01 1.9517235e+01 1.9394248e+01 1.9181826e+01 1.7526548e+01 1.8167132e+01 1.7202444e+01 1.6024937e+01 1.5602965e+01 1.3792047e+01 1.3378568e+01 1.4514831e+01 1.4551488e+01 1.6112829e+01 1.5115015e+01 1.4765943e+01 1.6072618e+01 1.6136106e+01 1.5944157e+01 1.5758832e+01 1.5671058e+01
2.1590087e+01 2.1509336e+01 2.1451197e+01 2.1384073e+01 2.1328006e+01 2.1267049e+01 2.1177157e+01 2.1107892e+01 2.1059788e+01 2.1067850e+01 2.1032639e+01 2.0858736e+01 2.0746693e+01 2.0660284e+01 2.0609523e+01 2.0547670e+01 2.0482820e+01 2.0395052e+01 2.0271475e+01 2.0157355e+01 2.0204305e+01 2.0173782e+01 2.0158159e+01 2.0159468e+01 2.0110625e+01 2.0094047e+01 2.0167543e+01 1.9319524e+01 1.9548181e+01 2.0182196e+01 1.9786022e+01 1.9682650e+01 1.9271187e+01 1.8591814e+01 1.8975833e+01 1.7228800e+01 1.5830879e+01 1.5877296e+01 1.5418809e+01 1.3890440e+01 1.1034103e+01 1.0429384e+01 1.5804161e+01 1.6698160e+01 1.5548850e+01 1.6698539e+01 1.6361647e+01 1.6189846e+01 1.6090081e+01 1.6010040e+01
2.1780934e+01 2.1718886e+01 2.1664552e+01 2.1594306e+01 2.1504204e+01 2.1421393e+01 2.1337261e+01 2.1283071e+01 2.1251672e+01 2.1182422e+01 2.1099623e+01 2.1025647e+01 2.0957908e+01 2.0865479e+01 2.0776850e+01 2.0704909e+01 2.0637283e+01 2.0571998e+01 2.0501032e+01 2.0414910e+01 2.0364653e+01 2.0324624e+01 2.0309716e+01 2.0272860e+01 2.0168632e+01 2.0402043e+01 2.0541313e+01 2.0176962e+01 2.0747451e+01 2.0266515e+01 2.0016987e+01 1.9955693e+01 1.9544917e+01 1.8470646e+01 1.8714329e+01 1.7313772e+01 1.6047824e+01 1.6392604e+01 1.4605111e+01 1.2717144e+01 1.1659778e+01 9.6499872e+00 1.5785385e+01 1.7921308e+01 1.6680651e+01 1.6966571e+01 1.6671720e+01 1.6512021e+01 1.6443218e+01 1.6413429e+01
2.1929472e+01 2.1886816e+01 2.1839567e+01 2.1802245e+01 2.1729905e+01 2.1630124e+01 2.1544335e+01 2.1455389e+01 2.1402588e+01 2.1335669e+01 2.1277154e+01 2.1204504e+01 2.1126952e+01 2.1050316e+01 2.0979900e+01 2.0914975e+01 2.0857658e+01 2.0773168e+01 2.0702011e+01 2.0627809e+01 2.0556155e+01 2.0509195e+01 2.0482430e+01 2.0479550e+01 2.0518303e+01 2.0532715e+01 2.0319685e+01 2.0024564e+01 2.0450739e+01 2.0482940e+01 2.0154763e+01 2.0080226e+01 1.9785249e+01 2.0068957e+01 1.9447325e+01 1.8866685e+01 1.7697452e+01 1.5547898e+01 1.4247471e+01 1.1548498e+01 9.7308686e+00 1.2428684e+01 1.7626282e+01 1.7924500e+01 1.7415218e+01 1.7121539e+01 1.6963619e+01 1.6840385e+01 1.6758716e+01 1.6721533e+01
2.2154510e+01 2.2077805e+01 2.2023111e+01 2.1955081e+01 2.1903498e+01 2.1821775e+01 2.1755593e+01 2.1680453e+01 2.1604266e+01 2.1530795e+01 2.1461870e+01 2.1402470e+01 2.1316973e+01 2.1248653e+01 2.1163497e+01 2.1117012e+01 2.1055698e+01 2.0990033e+01 2.0921450e+01 2.0804585e+01 2.0725531e+01 2.0707659e+01 2.0686475e+01 2.0654438e+01 2.0645464e+01 2.0672668e+01 2.0797360e+01 2.0864602e+01 2.0931798e+01 2.0748820e+01 2.0391762e+01 2.0248672e+01 2.0055532e+01 2.0348636e+01 2.0358090e+01 1.9326249e+01 1.8181825e+01 1.7716498e+01 1.6882001e+01 1.3904685e+01 1.4845322e+01 1.5916185e+01 1.8368187e+01 1.7955632e+01 1.7629352e+01 1.7420595e+01 1.7308482e+01 1.7162304e+01 1.7051120e+01 1.6933181e+01
2.2394912e+01 2.2281973e+01 2.2236927e+01 2.2150159e+01 2.2087617e+01 2.2005574e+01 2.1925707e+01 2.1858301e+01 2.1785180e+01 2.1717134e+01 2.1656441e+01 2.1620394e+01 2.1542100e+01 2.1453260e+01 2.1351781e+01 2.1293179e+01 2.1231966e+01 2.1177242e+01 2.1083159e+01 2.0990393e+01 2.0940947e+01 2.0911158e+01 2.0881759e+01 2.0826854e+01 2.0798026e+01 2.0809857e+01 2.0847224e+01 2.0887986e+01 2.0939915e+01 2.0920407e+01 2.0132068e+01 2.0490389e+01 2.0467211e+01 2.0441879e+01 2.0376695e+01 1.9920690e+01 1.9014970e+01 1.8031154e+01 1.8611267e+01 1.9107518e+01 1.7691504e+01 1.8460501e+01 1.8561479e+01 1.8243799e+01 1.7975591e+01 1.7760190e+01 1.7601004e+01 1.7453010e+01 1.7334536e+01 1.7201911e+01
2.2612773e+01 2.2484362e+01 2.2432149e+01 2.2353066e+01 2.2314608e+01 2.2264618e+01 2.2145967e+01 2.2053098e+01 2.1954722e+01 2.1883098e+01 2.1816382e+01 2.1790595e+01 2.1746401e+01 2.1662461e+01 2.1567533e+01 2.1484638e+01 2.1410956e+01 2.1319904e+01 2.1241776e+01 2.1201269e+01 2.1154441e+01 2.1097326e+01 2.1045046e+01 2.1008475e+01 2.0969930e+01 2.0940764e+01 2.0914976e+01 2.0901375e+01 2.0909456e+01 2.0877090e+01 2.0764012e+01 2.0655931e+01 2.0569937e+01 2.0520458e+01 2.0472142e+01 2.0363843e+01 2.0511895e+01 2.0262467e+01 2.0141389e+01 1.9753406e+01 1.9617744e+01 1.9286900e+01 1.8914623e+01 1.8597002e+01 1.8345044e+01 1.8133319e+01 1.7942585e+01 1.7778646e+01 1.7647963e+01 1.7517484e+01
2.2820640e+01 2.2716040e+01 2.2595271e+01 2.2568584e+01 2.2493011e+01 2.2484268e+01 2.2415201e+01 2.2261206e+01 2.2169234e+01 2.2060529e+01 2.1985467e+01 2.1927075e+01 2.1894402e+01 2.1837079e+01 2.1769838e+01 2.1683707e+01 2.1609040e+01 2.1524566e+01 2.1467548e+01 2.1393915e+01 2.1333391e+01 2.1276361e+01 2.1209838e+01 2.1167245e+01 2.1123226e+01 2.1084950e+01 2.1030371e+01 2.1002490e+01 2.0957933e+01 2.0897834e+01 2.0804092e+01 2.0739393e+01 2.0695474e+01 2.0657704e+01 2.0607191e+01 2.0573158e+01 2.0584399e+01 2.0445594e+01 2.0304465e+01 2.0081937e+01 1.9784343e+01 1.9439294e+01 1.9176510e+01 1.8939404e+01 1.8710596e+01 1.8490556e+01 1.8281297e+01 1.8106238e+01 1.7953612e+01 1.7828395e+01
2.3000315e+01 2.2938272e+01 2.2797146e+01 2.2741353e+01 2.2684534e+01 2.2634754e+01 2.2633788e+01 2.2499544e+01 2.2359084e+01 2.2267181e+01 2.2162087e+01 2.2119315e+01 2.2061129e+01 2.1988481e+01 2.1922788e+01 2.1860373e+01 2.1773564e+01 2.1723847e+01 2.1670850e+01 2.1609044e+01 2.1532949e+01 2.1460529e+01 2.1382437e+01 2.1311954e+01 2.1261589e+01 2.1214632e+01 2.1172416e+01 2.1123126e+01 2.1055572e+01 2.0981901e+01 2.0897509e+01 2.0822759e+01 2.0779670e+01 2.0787079e+01 2.0661773e+01 2.0666680e+01 2.0532367e+01 2.0466567e+01 2.0277333e+01 2.0051910e+01 2.0030089e+01 1.9655423e+01 1.9383759e+01 1.9172277e+01 1.8972258e+01 1.8784334e+01 1.8598677e+01 1.8405091e+01 1.8256006e+01 1.8121713e+01
2.3158336e+01 2.3141533e+01 2.3019260e+01 2.2914809e+01 2.2895870e+01 2.2809382e+01 2.2788102e+01 2.2734994e+01 2.2586321e+01 2.2489047e+01 2.2415451e+01 2.2335272e+01 2.2234485e+01 2.2182776e+01 2.2104525e+01 2.1996027e+01 2.1937937e+01 2.1875227e+01 2.1816109e+01 2.1759039e+01 2.1704903e+01 2.1636827e+01 2.1573581e+01 2.1495656e+01 2.1422739e+01 2.1360884e+01 2.1311710e+01 2.1250205e+01 2.1176745e+01 2.1103298e+01 2.1035106e+01 2.0947174e+01 2.0884405e+01 2.0886074e+01 2.0891698e+01 2.0250006e+01 2.0718577e+01 2.0539804e+01 2.0342237e+01 2.0229885e+01 2.0074999e+01 1.9841278e+01 1.9586404e+01 1.9387038e+01 1.9186286e+01 1.8998552e+01 1.8818506e+01 1.8668893e+01 1.8542029e+01 1.8439209e+01
2.3323706e+01 2.3319690e+01 2.3266606e+01 2.3122762e+01 2.3051680e+01 2.3007461e+01 2.2942632e+01 2.2940696e+01 2.2836678e+01 2.2700114e+01 2.2628027e+01 2.2556933e+01 2.2472346e+01 2.2338708e+01 2.2239896e+01 2.2171384e+01 2.2089198e+01 2.2036634e+01 2.1955353e+01 2.1889438e+01 2.1837648e+01 2.1770862e+01 2.1724859e+01 2.1679316e+01 2.1603105e+01 2.1533524e+01 2.1467231e+01 2.1395131e+01 2.1317614e+01 2.1221417e+01 2.1155700e+01 2.1077587e+01 2.1014563e+01 2.0970348e+01 2.0975394e+01 2.1041429e+01 2.1032958e+01 2.0752021e+01 2.0511675e+01 2.0350961e+01 2.0221479e+01 1.9973889e+01 1.9762282e+01 1.9591471e+01 1.9411740e+01 1.9218152e+01 1.9030883e+01 1.8873702e+01 1.8730804e+01 1.8484557e+01
2.3507020e+01 2.3489065e+01 2.3467470e+01 2.3369566e+01 2.3239772e+01 2.3211091e+01 2.3118249e+01 2.3112038e+01 2.3073322e+01 2.2919432e+01 2.2820102e+01 2.2744223e+01 2.2707494e+01 2.2561070e+01 2.2436217e+01 2.2357917e+01 2.2278004e+01 2.2200561e+01 2.2116615e+01 2.2019015e+01 2.1983507e+01 2.1905797e+01 2.1847233e+01 2.1790384e+01 2.1744145e+01 2.1683639e+01 2.1633979e+01 2.1564966e+01 2.1485595e+01 2.1388808e+01 2.1293785e+01 2.1223202e+01 2.1150691e+01 2.1107686e+01 2.1084258e+01 2.1036399e+01 2.1093010e+01 2.0906428e+01 2.0772167e+01 2.0351594e+01 2.0368157e+01 2.0142557e+01 1.9948709e+01 1.9761114e+01 1.9580041e+01 1.9400862e+01 1.9211384e+01 1.9062511e+01 1.8903787e+01 1.8727826e+01
