ahotovec/data/depth_0015.asc
ncols     164
nrows     146
xllcorner -1.242151388888889e+02
yllcorner  4.172986111111111e+01
cellsize  2.777777777820000e-04
nodata_value       -9999
[rows 44 to 65 of 146, columns 50 to 99 of 164]
0.0000000e+00 0.0000000e+00 0.0000000e+00 0.0000000e+00 0.0000000e+00 0.0000000e+00 0.0000000e+00 0.0000000e+00 0.0000000e+00 0.0000000e+00 0.0000000e+00 0.0000000e+00 0.0000000e+00 0.0000000e+00 0.0000000e+00 0.0000000e+00 0.0000000e+00 0.0000000e+00 0.0000000e+00 0.0000000e+00 5.2270869e-03 1.4221801e-01 2.7039754e-01 3.4509758e-01 4.1003771e-01 4.6988289e-01 5.2832368e-01 5.7304787e-01 6.1386210e-01 6.4070544e-01 6.5636185e-01 6.5091944e-01 5.4206267e-01 4.3854139e-01 4.2129320e-01 3.9146345e-01 3.8045637e-01 3.5677203e-01 4.2729100e-01 7.0236120e-01 8.4908574e-01 8.7573028e-01 8.8892781e-01 8.6855119e-01 8.3909237e-01 7.9832810e-01 7.4808303e-01 5.3857854e-01 4.0928736e-01 3.8551231e-01
0.0000000e+00 0.0000000e+00 0.0000000e+00 0.0000000e+00 0.0000000e+00 0.0000000e+00 0.0000000e+00 0.0000000e+00 0.0000000e+00 0.0000000e+00 0.0000000e+00 0.0000000e+00 0.0000000e+00 0.0000000e+00 0.0000000e+00 0.0000000e+00 0.0000000e+00 0.0000000e+00 0.0000000e+00 1.6061595e-04 4.3454027e-02 2.1087561e-01 3.0767187e-01 3.7487871e-01 4.3763195e-01 5.0157814e-01 5.6508507e-01 6.2617005e-01 6.7904828e-01 7.1471479e-01 7.2299440e-01 6.3810532e-01 5.1760798e-01 4.8586670e-01 4.7917281e-01 4.7598197e-01 4.4419129e-01 4.0809377e-01 4.5001735e-01 8.9552733e-01 9.4811936e-01 9.4929061e-01 9.5752456e-01 9.4716055e-01 9.1829772e-01 8.0758595e-01 6.4435913e-01 5.2656717e-01 5.1399999e-01 4.9742234e-01
0.0000000e+00 0.0000000e+00 0.0000000e+00 0.0000000e+00 0.0000000e+00 0.0000000e+00 0.0000000e+00 0.0000000e+00 0.0000000e+00 0.0000000e+00 0.0000000e+00 0.0000000e+00 0.0000000e+00 0.0000000e+00 0.0000000e+00 0.0000000e+00 0.0000000e+00 0.0000000e+00 0.0000000e+00 0.0000000e+00 4.8931240e-02 2.4995317e-01 3.3655088e-01 3.8711982e-01 4.4383893e-01 5.1648792e-01 5.9455163e-01 6.7405343e-01 7.2696661e-01 7.4313336e-01 7.0903207e-01 6.0916745e-01 5.8804130e-01 5.9479367e-01 5.9717010e-01 5.8203907e-01 5.6948940e-01 6.4586629e-01 8.7439984e-01 1.0266196e+00 1.0407972e+00 1.0294154e+00 1.0298425e+00 1.0211377e+00 1.0008997e+00 8.8610908e-01 6.7465383e-01 6.3596477e-01 6.1362656e-01 5.9991738e-01
0.0000000e+00 0.0000000e+00 0.0000000e+00 0.0000000e+00 0.0000000e+00 0.0000000e+00 0.0000000e+00 0.0000000e+00 0.0000000e+00 0.0000000e+00 0.0000000e+00 0.0000000e+00 0.0000000e+00 0.0000000e+00 0.0000000e+00 0.0000000e+00 0.0000000e+00 0.0000000e+00 0.0000000e+00 0.0000000e+00 0.0000000e+00 0.0000000e+00 3.5260638e-01 4.0154965e-01 4.2184595e-01 4.9246938e-01 5.2917100e-01 5.4678226e-01 5.7949005e-01 6.1736488e-01 6.5014603e-01 6.9848856e-01 7.3225979e-01 7.5670651e-01 7.8052935e-01 8.0493283e-01 8.1272355e-01 9.3905172e-01 9.8618307e-01 1.1004407e+00 1.0875062e+00 1.0042552e+00 9.5621802e-01 8.6426351e-01 8.4282599e-01 7.6947394e-01 7.5666776e-01 7.2906675e-01 6.8962039e-01 6.9123075e-01
0.0000000e+00 0.0000000e+00 0.0000000e+00 0.0000000e+00 0.0000000e+00 0.0000000e+00 0.0000000e+00 0.0000000e+00 0.0000000e+00 0.0000000e+00 0.0000000e+00 0.0000000e+00 0.0000000e+00 0.0000000e+00 0.0000000e+00 0.0000000e+00 0.0000000e+00 0.0000000e+00 0.0000000e+00 0.0000000e+00 0.0000000e+00 0.0000000e+00 0.0000000e+00 3.2521492e-03 1.1539009e-01 2.6590812e-01 3.5838827e-01 4.5851053e-01 6.1691340e-01 7.4367963e-01 8.5262756e-01 9.5231809e-01 9.4868935e-01 9.1408144e-01 9.5559822e-01 1.0000314e+00 9.9939113e-01 9.5324064e-01 9.0005170e-01 9.0541722e-01 9.1143321e-01 8.6482720e-01 8.3910986e-01 8.1979883e-01 8.1210460e-01 8.2426267e-01 8.4729186e-01 9.8282465e-01 9.5911496e-01 8.9533720e-01
0.0000000e+00 0.0000000e+00 0.0000000e+00 0.0000000e+00 0.0000000e+00 0.0000000e+00 0.0000000e+00 0.0000000e+00 0.0000000e+00 0.0000000e+00 0.0000000e+00 0.0000000e+00 0.0000000e+00 0.0000000e+00 0.0000000e+00 0.0000000e+00 0.0000000e+00 0.0000000e+00 0.0000000e+00 0.0000000e+00 0.0000000e+00 0.0000000e+00 0.0000000e+00 0.0000000e+00 3.7617233e-02 2.5636655e-01 4.1236324e-01 6.0301651e-01 7.8675668e-01 9.9254180e-01 1.1611430e+00 1.2043119e+00 1.2003814e+00 1.1685627e+00 1.1495955e+00 1.1375511e+00 1.1170732e+00 1.0824035e+00 1.0416995e+00 1.0072413e+00 9.9189284e-01 9.7791503e-01 9.5484520e-01 9.3131914e-01 9.0004054e-01 8.7883405e-01 1.2713205e+00 1.8686850e+00 1.9311491e+00 1.8462733e+00
0.0000000e+00 0.0000000e+00 0.0000000e+00 0.0000000e+00 0.0000000e+00 0.0000000e+00 0.0000000e+00 0.0000000e+00 0.0000000e+00 0.0000000e+00 0.0000000e+00 0.0000000e+00 0.0000000e+00 0.0000000e+00 0.0000000e+00 0.0000000e+00 0.0000000e+00 0.0000000e+00 0.0000000e+00 0.0000000e+00 0.0000000e+00 0.0000000e+00 0.0000000e+00 0.0000000e+00 1.5867992e-01 3.6928779e-01 6.0518565e-01 8.8629752e-01 1.1599545e+00 1.2897149e+00 1.3029581e+00 1.3019668e+00 1.2880665e+00 1.2714960e+00 1.2446230e+00 1.2118234e+00 1.1771885e+00 1.1444087e+00 1.1159700e+00 1.0989224e+00 1.0977111e+00 1.0696192e+00 1.0274361e+00 1.0484603e+00 1.2539335e+00 1.6246091e+00 2.0166667e+00 2.0735409e+00 2.0019227e+00 1.6548400e+00
0.0000000e+00 0.0000000e+00 0.0000000e+00 0.0000000e+00 0.0000000e+00 0.0000000e+00 0.0000000e+00 0.0000000e+00 0.0000000e+00 0.0000000e+00 0.0000000e+00 0.0000000e+00 0.0000000e+00 0.0000000e+00 0.0000000e+00 0.0000000e+00 0.0000000e+00 0.0000000e+00 0.0000000e+00 0.0000000e+00 0.0000000e+00 0.0000000e+00 0.0000000e+00 1.2434372e-01 3.7512257e-01 6.4616400e-01 9.6757063e-01 1.2705344e+00 1.3842973e+00 1.3746335e+00 1.3572763e+00 1.3428112e+00 1.3222010e+00 1.3019199e+00 1.2768102e+00 1.2503160e+00 1.2137175e+00 1.1731740e+00 1.1275536e+00 1.0916145e+00 1.4117520e+00 1.7880014e+00 1.8213454e+00 2.0199681e+00 2.0964854e+00 2.0146215e+00 1.8298913e+00 1.5745449e+00 1.2061394e+00 1.0043337e+00
0.0000000e+00 0.0000000e+00 0.0000000e+00 0.0000000e+00 0.0000000e+00 0.0000000e+00 0.0000000e+00 0.0000000e+00 0.0000000e+00 0.0000000e+00 0.0000000e+00 0.0000000e+00 0.0000000e+00 0.0000000e+00 0.0000000e+00 0.0000000e+00 0.0000000e+00 0.0000000e+00 0.0000000e+00 0.0000000e+00 0.0000000e+00 0.0000000e+00 3.0811988e-02 7.2027378e-01 1.0615502e+00 1.2297431e+00 1.3595254e+00 1.4628927e+00 1.4505984e+00 1.4262985e+00 1.4048059e+00 1.3810690e+00 1.3598569e+00 1.3371663e+00 1.3128794e+00 1.2938453e+00 1.2590065e+00 1.2187933e+00 1.1611457e+00 1.0818627e+00 1.3711321e+00 1.9581719e+00 1.9792894e+00 1.7111197e+00 1.4114099e+00 1.1941726e+00 1.1016002e+00 1.0709721e+00 1.0876836e+00 1.0918693e+00
0.0000000e+00 0.0000000e+00 0.0000000e+00 0.0000000e+00 0.0000000e+00 0.0000000e+00 0.0000000e+00 0.0000000e+00 0.0000000e+00 0.0000000e+00 0.0000000e+00 0.0000000e+00 0.0000000e+00 0.0000000e+00 0.0000000e+00 0.0000000e+00 0.0000000e+00 0.0000000e+00 0.0000000e+00 0.0000000e+00 0.0000000e+00 0.0000000e+00 5.4608183e-01 1.2701514e+00 1.5542305e+00 1.5657710e+00 1.5483128e+00 1.5181054e+00 1.4876480e+00 1.4617832e+00 1.4386097e+00 1.4197160e+00 1.4113692e+00 1.3911395e+00 1.3537187e+00 1.3303819e+00 1.3061127e+00 1.2710571e+00 1.2259796e+00 1.1606974e+00 1.0324597e+00 1.0631277e+00 1.1076712e+00 1.0946658e+00 1.1128460e+00 1.1560308e+00 1.1647189e+00 1.1637022e+00 1.1650234e+00 1.1537426e+00
0.0000000e+00 0.0000000e+00 0.0000000e+00 0.0000000e+00 0.0000000e+00 0.0000000e+00 0.0000000e+00 0.0000000e+00 0.0000000e+00 0.0000000e+00 0.0000000e+00 0.0000000e+00 0.0000000e+00 0.0000000e+00 0.0000000e+00 0.0000000e+00 0.0000000e+00 0.0000000e+00 0.0000000e+00 0.0000000e+00 0.0000000e+00 1.4809155e-01 8.9645274e-01 1.4269840e+00 1.5894788e+00 1.5742434e+00 1.5569739e+00 1.5311239e+00 1.5098488e+00 1.5000623e+00 1.5248411e+00 1.5894067e+00 1.6586292e+00 1.6859929e+00 1.5592920e+00 1.4830945e+00 1.4517289e+00 1.3631159e+00 1.2154578e+00 1.1858684e+00 1.1750011e+00 1.1727360e+00 1.2015210e+00 1.2064934e+00 1.2217712e+00 1.2419365e+00 1.2432722e+00 1.2341393e+00 1.2212243e+00 1.2082353e+00
0.0000000e+00 0.0000000e+00 0.0000000e+00 0.0000000e+00 0.0000000e+00 0.0000000e+00 0.0000000e+00 0.0000000e+00 0.0000000e+00 0.0000000e+00 0.0000000e+00 0.0000000e+00 0.0000000e+00 0.0000000e+00 0.0000000e+00 0.0000000e+00 0.0000000e+00 0.0000000e+00 0.0000000e+00 0.0000000e+00 0.0000000e+00 4.0982112e-01 9.8034829e-01 1.3603791e+00 1.5741205e+00 1.5779959e+00 1.5632820e+00 1.5747662e+00 1.6199195e+00 1.7049459e+00 1.8062770e+00 1.9036278e+00 1.9616751e+00 2.0094132e+00 1.8467498e+00 1.6813766e+00 1.5777293e+00 1.4432015e+00 1.3067577e+00 1.4487173e+00 1.5710213e+00 1.6035227e+00 1.4936772e+00 1.3843254e+00 1.3210495e+00 1.2980526e+00 1.2905910e+00 1.2798498e+00 1.2659531e+00 1.2582890e+00
0.0000000e+00 0.0000000e+00 0.0000000e+00 0.0000000e+00 0.0000000e+00 0.0000000e+00 0.0000000e+00 0.0000000e+00 0.0000000e+00 0.0000000e+00 0.0000000e+00 0.0000000e+00 0.0000000e+00 0.0000000e+00 0.0000000e+00 0.0000000e+00 0.0000000e+00 0.0000000e+00 0.0000000e+00 0.0000000e+00 1.3835030e-03 4.8854399e-01 9.4220787e-01 1.2532807e+00 1.4689746e+00 1.6000983e+00 1.7051762e+00 1.8277857e+00 2.0090309e+00 2.0819748e+00 2.1057225e+00 2.1876054e+00 2.2458371e+00 2.2656123e+00 2.1154497e+00 2.0581282e+00 1.8867540e+00 1.7240116e+00 1.9312391e+00 2.3485921e+00 2.6383428e+00 2.6101058e+00 2.4331060e+00 2.1174523e+00 1.7705717e+00 1.5212153e+00 1.4253605e+00 1.3738937e+00 1.3428983e+00 1.3178919e+00
0.0000000e+00 0.0000000e+00 0.0000000e+00 0.0000000e+00 0.0000000e+00 0.0000000e+00 0.0000000e+00 0.0000000e+00 0.0000000e+00 0.0000000e+00 0.0000000e+00 0.0000000e+00 0.0000000e+00 0.0000000e+00 0.0000000e+00 0.0000000e+00 0.0000000e+00 0.0000000e+00 0.0000000e+00 0.0000000e+00 9.3550156e-02 4.7179641e-01 8.0023367e-01 1.1309173e+00 1.4379922e+00 1.7094380e+00 1.9316365e+00 2.1335085e+00 2.3932519e+00 2.5371221e+00 2.5795012e+00 2.4636803e+00 2.4587901e+00 2.5048016e+00 2.4437899e+00 2.4120754e+00 2.2701361e+00 2.3144827e+00 2.6801258e+00 2.8182996e+00 2.6569159e+00 2.6898002e+00 2.8405492e+00 2.8837578e+00 2.6613424e+00 2.3671971e+00 2.1235961e+00 1.9207853e+00 1.7986088e+00 1.7428558e+00
0.0000000e+00 0.0000000e+00 0.0000000e+00 0.0000000e+00 0.0000000e+00 0.0000000e+00 0.0000000e+00 0.0000000e+00 0.0000000e+00 0.0000000e+00 0.0000000e+00 0.0000000e+00 0.0000000e+00 0.0000000e+00 0.0000000e+00 0.0000000e+00 0.0000000e+00 0.0000000e+00 0.0000000e+00 0.0000000e+00 1.9593022e-01 5.0730837e-01 8.4691660e-01 1.2200897e+00 1.5676892e+00 1.8786523e+00 2.1467215e+00 2.4547496e+00 2.8132992e+00 2.9461588e+00 3.0055836e+00 3.0843163e+00 2.9589053e+00 2.9049007e+00 2.8767309e+00 2.7272188e+00 2.6045877e+00 2.7811192e+00 2.7638102e+00 2.3019057e+00 1.8532507e+00 1.7865797e+00 1.9794296e+00 2.3434121e+00 2.6334638e+00 2.7527650e+00 2.7824297e+00 2.7364940e+00 2.6882197e+00 2.6415036e+00
0.0000000e+00 0.0000000e+00 0.0000000e+00 0.0000000e+00 0.0000000e+00 0.0000000e+00 0.0000000e+00 0.0000000e+00 0.0000000e+00 0.0000000e+00 0.0000000e+00 0.0000000e+00 0.0000000e+00 0.0000000e+00 0.0000000e+00 0.0000000e+00 0.0000000e+00 0.0000000e+00 0.0000000e+00 1.2193473e-02 2.2523217e-01 5.3483080e-01 8.9204013e-01 1.2475977e+00 1.6022375e+00 1.9163719e+00 2.2301775e+00 2.6094058e+00 2.9751809e+00 3.1634952e+00 3.3627415e+00 3.4931481e+00 3.5752723e+00 3.4255352e+00 3.2321256e+00 3.2327816e+00 2.8654688e+00 2.8973001e+00 2.3920669e+00 1.8017441e+00 1.6163286e+00 1.5863223e+00 1.5415920e+00 1.6045205e+00 1.7086976e+00 1.8854182e+00 2.0833470e+00 2.2307671e+00 2.3053178e+00 2.3268463e+00
0.0000000e+00 0.0000000e+00 0.0000000e+00 0.0000000e+00 0.0000000e+00 0.0000000e+00 0.0000000e+00 0.0000000e+00 0.0000000e+00 0.0000000e+00 0.0000000e+00 0.0000000e+00 0.0000000e+00 0.0000000e+00 0.0000000e+00 0.0000000e+00 0.0000000e+00 0.0000000e+00 0.0000000e+00 3.5245877e-02 2.2210632e-01 5.6802314e-01 9.9379019e-01 1.3888161e+00 1.7668976e+00 2.1266869e+00 2.4876253e+00 2.9592690e+00 3.4405534e+00 3.5926654e+00 3.6375623e+00 3.6377204e+00 3.6352630e+00 3.6277493e+00 3.6017593e+00 3.2851823e+00 2.9435207e+00 2.9158362e+00 2.4226982e+00 1.8032850e+00 1.6953745e+00 1.6641306e+00 1.6050364e+00 1.5616702e+00 1.5169137e+00 1.4950716e+00 1.5174745e+00 1.5231207e+00 1.6015160e+00 1.6446411e+00
0.0000000e+00 0.0000000e+00 0.0000000e+00 0.0000000e+00 0.0000000e+00 0.0000000e+00 0.0000000e+00 0.0000000e+00 0.0000000e+00 0.0000000e+00 0.0000000e+00 0.0000000e+00 0.0000000e+00 0.0000000e+00 0.0000000e+00 0.0000000e+00 0.0000000e+00 0.0000000e+00 1.2742759e-02 2.0757759e-01 3.6122644e-01 7.1088068e-01 1.1501302e+00 1.6133791e+00 2.0124613e+00 2.4306375e+00 2.9235621e+00 3.4257236e+00 3.6282130e+00 3.6373107e+00 3.6343395e+00 3.6283633e+00 3.6237314e+00 3.6169452e+00 3.5609621e+00 3.2034831e+00 3.0469002e+00 2.8629924e+00 2.3821461e+00 1.8595314e+00 1.7176874e+00 1.6984965e+00 1.6271445e+00 1.5785143e+00 1.5207276e+00 1.5064669e+00 1.5044504e+00 1.5323511e+00 1.5268849e+00 1.5294928e+00
0.0000000e+00 0.0000000e+00 0.0000000e+00 0.0000000e+00 0.0000000e+00 0.0000000e+00 0.0000000e+00 0.0000000e+00 0.0000000e+00 0.0000000e+00 0.0000000e+00 0.0000000e+00 0.0000000e+00 0.0000000e+00 0.0000000e+00 0.0000000e+00 1.2650546e-03 7.3450681e-02 2.3581750e-01 3.8190393e-01 5.5857854e-01 9.2531541e-01 1.3340249e+00 1.7607353e+00 2.2738327e+00 2.8890915e+00 3.4015312e+00 3.6141556e+00 3.6261670e+00 3.6240438e+00 3.6229433e+00 3.6143164e+00 3.6121962e+00 3.6069571e+00 3.5731566e+00 3.4444687e+00 3.2475968e+00 2.8305297e+00 2.2672856e+00 1.8867388e+00 1.7162094e+00 1.6361364e+00 1.5718893e+00 1.5107800e+00 1.4727829e+00 1.4627661e+00 1.4331642e+00 1.4317024e+00 1.4334393e+00 1.4532366e+00
0.0000000e+00 0.0000000e+00 0.0000000e+00 0.0000000e+00 0.0000000e+00 0.0000000e+00 0.0000000e+00 0.0000000e+00 0.0000000e+00 0.0000000e+00 0.0000000e+00 0.0000000e+00 0.0000000e+00 0.0000000e+00 0.0000000e+00 0.0000000e+00 2.3939317e-01 3.6534733e-01 4.3966031e-01 5.0982049e-01 6.8795124e-01 1.0559324e+00 1.5349537e+00 1.9909998e+00 2.4085254e+00 3.1279509e+00 3.6044853e+00 3.6068093e+00 3.6134444e+00 3.6084888e+00 3.6123435e+00 3.6096468e+00 3.6049327e+00 3.5805498e+00 3.5773195e+00 3.5364889e+00 3.1645448e+00 2.5987442e+00 2.1709622e+00 1.8303071e+00 1.6540846e+00 1.5676843e+00 1.5144545e+00 1.5057457e+00 1.4968477e+00 1.4787895e+00 1.4655710e+00 1.4536123e+00 1.4455422e+00 1.4434251e+00
0.0000000e+00 0.0000000e+00 0.0000000e+00 0.0000000e+00 0.0000000e+00 0.0000000e+00 0.0000000e+00 0.0000000e+00 0.0000000e+00 0.0000000e+00 0.0000000e+00 0.0000000e+00 0.0000000e+00 0.0000000e+00 0.0000000e+00 2.8715626e-02 4.2873666e-01 5.3552901e-01 5.2116042e-01 5.1172337e-01 6.1952109e-01 1.0498052e+00 1.6812505e+00 2.2129687e+00 2.6246545e+00 3.0280565e+00 3.3372508e+00 3.5383045e+00 3.6010989e+00 3.5802016e+00 3.5841931e+00 3.4105575e+00 3.1798493e+00 4.2834546e+00 3.6959527e+00 3.3851809e+00 2.9254375e+00 2.4846256e+00 2.1034251e+00 1.7434568e+00 1.5864153e+00 1.5317985e+00 1.5298035e+00 1.5293685e+00 1.5276869e+00 1.5169340e+00 1.5100801e+00 1.5048272e+00 1.5028592e+00 1.5014186e+00
0.0000000e+00 0.0000000e+00 0.0000000e+00 0.0000000e+00 0.0000000e+00 0.0000000e+00 0.0000000e+00 0.0000000e+00 0.0000000e+00 0.0000000e+00 0.0000000e+00 0.0000000e+00 0.0000000e+00 0.0000000e+00 0.0000000e+00 1.4030175e-01 4.2122282e-01 5.1027811e-01 4.8794460e-01 4.7810634e-01 5.8301970e-01 1.0736275e+00 1.7827252e+00 2.3163809e+00 2.5935711e+00 2.6664801e+00 2.6506303e+00 2.9345089e+00 2.9994499e+00 2.7296583e+00 2.6456831e+00 2.9328572e+00 5.0806495e+00 5.4483686e+00 2.9692989e+00 3.0835867e+00 2.7691247e+00 2.4146495e+00 2.0348933e+00 1.6972734e+00 1.5468988e+00 1.5362588e+00 1.5445137e+00 1.5499765e+00 1.5537409e+00 1.5516940e+00 1.5514025e+00 1.5525367e+00 1.5550595e+00 1.5580041e+00
