ahotovec/data/depth_0040.asc
ncols     164
nrows     146
xllcorner -1.242151388888889e+02
yllcorner  4.172986111111111e+01
cellsize  2.777777777820000e-04
nodata_value       -9999
[rows 66 to 87 of 146, columns 100 to 149 of 164]
2.6313984e-01 2.8182779e-01 2.8757890e-01 3.0385477e-01 3.1630506e-01 3.2370364e-01 3.3727812e-01 3.5276651e-01 3.5856669e-01 3.2269074e-01 2.5830738e-01 1.9117287e-01 9.3921735e-02 1.7476475e-03 3.3325649e-03 4.1101166e-03 3.3292037e-03 2.6707969e-03 2.6220889e-03 2.5607311e-03 1.6719812e-03 9.9811558e-04 3.9012686e-03 7.2762455e-03 5.9457757e-03 4.5558901e-03 3.9207678e-03 3.3275368e-03 2.8192141e-03 2.5323740e-03 2.5553945e-03 2.5935940e-03 2.3930246e-03 1.8248713e-03 1.0337021e-03 9.9935765e-04 9.9769617e-04 9.9912507e-04 9.9928385e-04 9.9966300e-04 9.9919002e-04 9.9987941e-04 9.9886800e-04 9.9878776e-04 9.9855903e-04 9.9988141e-04 9.9979051e-04 9.9843761e-04 9.9957594e-04 9.9986276e-04
9.3964749e-02 1.0942758e-01 9.1146089e-02 1.1818128e-01 1.7879846e-01 2.2667183e-01 2.4414563e-01 2.6264670e-01 2.6779087e-01 2.3563811e-01 1.2940581e-01 4.6149970e-03 3.0309004e-03 8.4002860e-03 7.5365685e-03 3.6185206e-03 2.0963842e-03 1.5814961e-03 1.3318523e-03 9.9995442e-04 9.9894522e-04 9.9952894e-04 9.9850224e-04 9.9484678e-04 1.3872791e-03 3.0449343e-03 2.6695657e-03 2.2837350e-03 2.1742229e-03 2.2901049e-03 2.4626502e-03 2.5814829e-03 2.5202894e-03 1.8803957e-03 9.9974965e-04 2.1047386e-03 9.9607666e-04 1.2487106e-03 9.9775714e-04 9.9854162e-04 9.9948690e-04 9.9960371e-04 9.9973642e-04 9.9993098e-04 9.9966481e-04 9.9910325e-04 9.9926664e-04 9.9891201e-04 9.9890443e-04 9.9915003e-04
1.0318078e-01 9.9239468e-02 9.7122404e-02 1.3499136e-01 1.3947413e-01 1.2008156e-01 9.4619009e-02 8.0775093e-02 8.9404741e-02 6.0740599e-02 1.0012178e-03 2.6741281e-03 3.8920984e-03 5.2092611e-03 7.4508030e-03 1.0107612e-02 9.6451937e-03 6.7895859e-03 5.1841976e-03 4.6269223e-03 4.0252457e-03 2.1908608e-03 1.0017483e-03 9.9728489e-04 1.0006324e-03 9.9121901e-04 1.0019812e-03 9.9866173e-04 9.9182099e-04 9.9733937e-04 9.9528485e-04 9.8803406e-04 1.0008899e-03 1.0051069e-03 1.5077601e-03 1.7343701e-03 9.9795761e-04 1.7717891e-03 9.9816528e-04 9.9878111e-04 9.9914925e-04 9.9931395e-04 9.9975076e-04 9.9969774e-04 9.9997446e-04 9.9964749e-04 9.9787216e-04 9.9888940e-04 9.9892627e-04 9.9995495e-04
9.3340372e-02 9.2530432e-02 9.0786672e-02 1.1190708e-01 1.1954743e-01 9.1700183e-02 7.9584973e-02 6.3540793e-02 5.3575493e-02 2.6095396e-02 9.9784404e-04 2.7429191e-03 6.9896565e-03 1.0682948e-02 1.4678421e-02 1.7577867e-02 1.6864245e-02 1.5678594e-02 1.6657856e-02 2.9116917e-02 3.0636865e-02 6.4236436e-02 8.2105272e-02 8.3932061e-02 1.0991229e-01 9.0239548e-02 1.1167415e-01 1.2878441e-01 1.4327648e-01 1.1539274e-01 1.3684637e-01 1.1156670e-01 6.3991925e-02 1.4573463e-02 9.9910411e-04 9.6960300e-04 9.7086726e-04 9.9201022e-04 9.8025245e-04 9.9953215e-04 9.9817499e-04 9.9813487e-04 9.9994976e-04 9.9968129e-04 9.9968944e-04 9.9902650e-04 9.9983154e-04 9.9997974e-04 9.9945013e-04 9.9958013e-04
1.9889989e-01 1.9113891e-01 1.7347298e-01 1.5997438e-01 1.3726231e-01 9.8657511e-02 9.9947224e-02 6.7309062e-02 1.0020282e-02 9.1813763e-03 2.1843439e-03 4.3309795e-03 7.5035037e-03 1.1101529e-02 1.8861050e-02 3.4115290e-02 5.7120382e-02 9.7897861e-02 1.5735966e-01 2.4030610e-01 2.8852274e-01 3.4743691e-01 3.9717712e-01 4.3331164e-01 4.3429742e-01 4.3190260e-01 4.5926770e-01 4.9184775e-01 5.1244398e-01 5.2237468e-01 4.9240400e-01 4.7804495e-01 4.4250327e-01 3.5894572e-01 2.9599497e-01 2.8552351e-01 2.5751396e-01 2.6570475e-01 2.0066386e-01 5.4746464e-02 9.6058398e-04 9.9959638e-04 9.9749611e-04 9.9740988e-04 9.9869060e-04 9.9884849e-04 9.9863110e-04 9.9896757e-04 9.9909652e-04 9.9939759e-04
2.4124050e-01 1.9014866e-01 1.2841873e-01 1.0180544e-01 8.3212515e-02 6.5298269e-02 6.9340607e-02 6.7500165e-02 6.4056778e-02 5.1833712e-02 1.1360910e-03 3.8587048e-03 5.4112216e-03 1.3806091e-02 2.5176918e-02 5.1785902e-02 9.8007914e-02 1.7651277e-01 2.8948316e-01 4.0840010e-01 5.2384440e-01 5.9034960e-01 6.6393957e-01 6.8404960e-01 6.7043768e-01 7.0548613e-01 7.4514794e-01 7.7539744e-01 7.9245150e-01 7.8764188e-01 7.6026467e-01 7.5720553e-01 7.1375550e-01 6.4277582e-01 6.3764159e-01 6.6174417e-01 6.2903643e-01 6.0851131e-01 5.1054824e-01 4.1186366e-01 3.3050507e-01 2.1817272e-01 1.1668733e-01 9.9762329e-04 9.9944811e-04 9.9979929e-04 9.9735527e-04 9.9971199e-04 9.9951961e-04 9.9985155e-04
2.3223314e-01 2.2801563e-01 1.1728753e-01 4.4377014e-02 5.3009223e-02 1.4841590e-01 1.3860119e-01 3.8472708e-02 3.5122540e-02 5.7079445e-02 5.3996155e-02 2.1795769e-02 8.5124573e-03 1.8688241e-02 5.3125382e-02 1.0073112e-01 1.8474845e-01 2.9803464e-01 3.7916046e-01 4.6660790e-01 5.0756374e-01 5.9797984e-01 7.0375567e-01 7.7466751e-01 8.1229528e-01 8.4628331e-01 8.9108216e-01 9.1405052e-01 9.4149186e-01 9.5913551e-01 9.8739995e-01 9.3867131e-01 8.4474940e-01 9.3885230e-01 1.0096540e+00 1.0372041e+00 1.0007136e+00 8.9998839e-01 7.9438616e-01 7.0766986e-01 5.9605086e-01 5.0552869e-01 3.9434075e-01 2.7777960e-01 1.6523877e-01 4.9375794e-02 9.7978753e-04 1.1580212e-03 1.4502971e-03 1.0433487e-03
1.5326795e-01 1.7401101e-01 1.3674457e-01 5.9670214e-03 2.3980251e-02 7.3477597e-02 1.2100285e-01 1.1857067e-01 7.6013987e-02 4.8947002e-02 3.7154584e-02 4.8690252e-02 4.3987062e-01 5.7734613e-02 1.8684928e-01 2.8349619e-01 3.4726220e-01 3.7992280e-01 3.9680942e-01 3.3631233e-01 2.7108188e-01 2.4232236e-01 3.9554000e-01 5.5536572e-01 6.8040425e-01 6.4204422e-01 6.0864399e-01 6.4124737e-01 7.4501866e-01 8.3469255e-01 9.2928515e-01 1.0708990e+00 1.2365124e+00 1.3822566e+00 1.4504466e+00 1.4682991e+00 1.4519867e+00 1.3499408e+00 1.2186290e+00 1.0783261e+00 9.2045294e-01 7.8130814e-01 6.7357195e-01 5.5719003e-01 4.5460334e-01 2.9952425e-01 1.2614867e-01 9.9437199e-04 2.2202926e-03 1.9728694e-03
5.8210696e-01 5.9287758e-02 5.9503131e-02 4.9612726e-03 9.8016222e-04 9.4812885e-04 9.7206163e-04 9.9395877e-04 5.6795523e-02 3.0034091e-02 1.4701700e-01 1.9116573e+00 2.6826135e+00 8.0273091e-01 1.0585757e-01 2.9757659e-01 3.8886180e-01 4.6129975e-01 2.7824058e-01 7.5762328e-02 5.7871775e-03 8.5341996e-03 4.5026360e-02 1.4772803e-01 1.9471419e-01 1.7084506e-01 1.3956551e-01 1.7773044e-01 2.6964389e-01 4.0863648e-01 7.0879993e-01 1.1524439e+00 1.5686723e+00 1.7107824e+00 1.7792441e+00 1.8054965e+00 1.7811412e+00 1.7671582e+00 1.6939741e+00 1.6051868e+00 1.4787778e+00 1.3276511e+00 1.1331806e+00 9.2353674e-01 6.8922857e-01 4.3844714e-01 2.4876458e-01 1.0955183e-02 1.5697162e-03 2.3858861e-03
2.9660469e+00 2.0377478e+00 8.1578750e-02 3.7327371e-03 9.9970480e-04 9.9642169e-04 9.0907567e-04 9.1231645e-04 1.3998283e-03 7.9753329e-01 2.6215312e+00 2.9519711e+00 2.8919359e+00 2.9887346e+00 2.6153696e+00 2.4678901e-01 1.9274896e-01 2.6886874e-01 5.9700772e-02 1.8017514e-02 1.0957040e-02 9.9754041e-04 3.7558047e-03 2.0499032e-02 2.6372926e-02 2.2459011e-02 1.7647822e-03 1.1152947e-03 1.1205662e-02 1.9075615e-01 6.7550403e-01 1.2007997e+00 1.7282518e+00 1.9845666e+00 2.0106170e+00 2.0071114e+00 2.0296780e+00 1.9696180e+00 1.9358189e+00 1.8806408e+00 1.8177580e+00 1.7464426e+00 1.6431744e+00 1.4480928e+00 1.0444021e+00 5.5986420e-01 2.5381195e-01 2.7465555e-02 9.9435181e-04 1.0310697e-03
2.4788594e+00 2.5852283e+00 1.8934503e+00 2.9366374e-02 9.9899769e-04 9.8077400e-04 7.2829429e-04 8.5225350e-04 2.2788445e+00 3.0381025e+00 3.0996683e+00 3.2982703e+00 3.3270317e+00 3.4339634e+00 3.5514583e+00 2.3500109e+00 6.0157743e-01 6.1119497e-02 7.0905527e-03 3.9314328e-02 7.1844531e-02 1.9554483e-01 7.8174291e-02 1.0253250e-01 2.6267854e-01 2.7706990e-01 1.2372899e-01 1.3909079e-01 1.7294967e-01 3.6362138e-01 6.3048880e-01 1.1192105e+00 1.7301254e+00 2.1702952e+00 2.3206462e+00 2.2955708e+00 2.2209504e+00 2.1480015e+00 2.0806441e+00 2.0148767e+00 1.9485515e+00 1.8673963e+00 1.7699681e+00 1.6194442e+00 1.3693089e+00 1.0287390e+00 5.5558179e-01 1.8608407e-01 2.8991086e-02 2.6297944e-02
2.1939212e+00 1.8338301e+00 1.6474101e+00 1.3159211e+00 9.8372444e-04 5.3904524e-04 7.3501937e-04 2.0253090e+00 3.0537025e+00 3.1687926e+00 3.2459992e+00 3.3661000e+00 3.3982152e+00 3.6346665e+00 3.8222167e+00 3.5755604e+00 3.7381348e+00 1.0760189e+00 6.0510755e-02 9.3868113e-02 1.0270653e-01 2.2113679e-01 2.5872623e-01 4.4046856e-01 7.1916022e-01 8.4149082e-01 7.0072214e-01 8.0074872e-01 5.6197832e-01 5.4479814e-01 6.1996151e-01 9.1787668e-01 1.5513439e+00 2.2101257e+00 2.5449422e+00 2.5996422e+00 2.4635010e+00 2.3131074e+00 2.2219978e+00 2.1301286e+00 2.0044496e+00 1.8844369e+00 1.7851405e+00 1.6546959e+00 1.4439039e+00 1.2396798e+00 1.0438129e+00 8.2169310e-01 5.6525216e-01 4.9267614e-01
2.7512653e+00 2.2731681e+00 9.5657955e-01 3.3929014e-01 1.2023895e-04 9.6627638e-04 2.2965652e+00 2.8146060e+00 2.7892767e+00 2.7341290e+00 2.8968568e+00 3.0509805e+00 3.4025024e+00 3.6528772e+00 3.8142393e+00 3.7915513e+00 3.4772538e+00 6.0717494e-01 7.3576569e-03 3.7597710e-02 4.4747830e-02 3.8763956e-02 3.0245339e-01 4.0568551e-01 5.8067988e-01 6.3694307e-01 1.0984117e+00 9.3787045e-01 9.3149062e-01 9.1597001e-01 7.4546102e-01 8.0873819e-01 1.3960658e+00 2.1764895e+00 2.6196974e+00 2.7792827e+00 2.6786300e+00 2.4873638e+00 2.3398394e+00 2.2518419e+00 2.0979828e+00 1.9458940e+00 1.7943740e+00 1.6607174e+00 1.4541289e+00 1.3592450e+00 1.3130654e+00 1.2791907e+00 1.3288892e+00 1.3310481e+00
3.2059217e+00 2.9175392e+00 3.8443893e-01 6.9362776e-04 1.3210039e-02 2.2426478e+00 2.6100712e+00 2.6390516e+00 2.6402727e+00 2.5662692e+00 2.4747207e+00 2.8842482e+00 3.4595257e+00 3.5729075e+00 3.8916950e+00 3.1925669e+00 9.5792311e-04 1.4406985e-03 9.9762691e-04 9.9682577e-04 5.7180476e-03 2.2524757e-01 3.6416170e-01 4.9153975e-01 7.2600090e-01 6.8254201e-01 5.4078984e-01 5.5704340e-01 1.3017713e+00 1.1968296e+00 1.1370359e+00 1.0400564e+00 1.4306219e+00 2.0978339e+00 2.5236336e+00 2.7200869e+00 2.7705641e+00 2.6657264e+00 2.5413670e+00 2.4233807e+00 2.2575429e+00 2.0559847e+00 1.8700989e+00 1.6751872e+00 1.5584454e+00 1.4715148e+00 1.5197087e+00 1.5918430e+00 1.6343171e+00 1.6696920e+00
3.8107680e+00 1.8804473e+00 6.6734910e-04 1.4455710e-01 1.1237841e+00 2.9084856e+00 2.4563654e+00 2.4178000e+00 2.3572840e+00 2.5406394e+00 3.1257853e+00 3.0887116e+00 2.8615977e+00 3.0648519e+00 1.8120583e+00 9.6043623e-04 1.3806696e-03 9.9593324e-04 2.0203355e-02 1.5084051e-01 5.2437725e-01 3.8594989e-01 6.9932654e-01 7.0011037e-01 7.8179289e-01 6.1612087e-01 5.0742918e-01 6.9128493e-01 5.3139713e-01 1.3365045e+00 1.3991547e+00 1.4019426e+00 1.5482694e+00 1.9389830e+00 2.2928541e+00 2.5086776e+00 2.6278238e+00 2.6565832e+00 2.6491207e+00 2.5805821e+00 2.4453055e+00 2.2161558e+00 1.9608094e+00 1.7844187e+00 1.6662333e+00 1.6246466e+00 1.6714879e+00 1.7220211e+00 1.7834667e+00 1.8150569e+00
4.5548447e+00 4.1523167e+00 3.3477753e+00 4.6165028e-01 9.4307340e-04 1.4143731e+00 2.2860518e+00 2.2644306e+00 2.5945384e+00 3.1020613e+00 3.1831549e+00 3.0531969e+00 2.5286801e+00 1.0373099e+00 7.6509566e-04 9.9008136e-04 9.9956901e-04 8.6927486e-04 7.3183353e-01 1.1028516e+00 7.4480692e-01 2.4425170e-01 7.5983543e-01 7.6773609e-01 5.9348772e-01 5.9511287e-01 6.6390810e-01 5.4220897e-01 7.5118703e-01 1.1250097e+00 1.3823251e+00 1.3519904e+00 1.3934417e+00 1.6339551e+00 2.0660933e+00 2.3036715e+00 2.3329558e+00 2.2898346e+00 2.2564986e+00 2.2953461e+00 2.3253064e+00 2.2460579e+00 2.0827563e+00 1.8458047e+00 1.7154093e+00 1.6907294e+00 1.7342928e+00 1.7732680e+00 1.8134890e+00 1.8377699e+00
4.8000197e+00 4.7279800e+00 4.6388209e+00 4.6760111e+00 2.7473653e+00 3.2722347e-04 5.2575157e-02 1.3954512e+00 2.5696209e+00 2.8618235e+00 3.3331792e+00 3.0935104e+00 1.1363805e-01 8.8457380e-04 9.9412108e-04 9.9087207e-04 9.9509006e-04 5.3662651e-01 1.0769724e+00 1.2851191e+00 1.2920576e+00 8.3067380e-01 6.5891078e-01 4.9202117e-01 3.7255740e-01 5.4093048e-01 4.9490370e-01 4.8460364e-01 3.8590104e-01 7.8405005e-01 5.2232717e-01 1.0274370e+00 1.2707941e+00 1.3318516e+00 1.8541230e+00 1.9896305e+00 1.6897102e+00 1.3109538e+00 1.2069017e+00 1.3901613e+00 1.6161668e+00 1.8166676e+00 1.9550681e+00 1.9501562e+00 1.7765450e+00 1.6265919e+00 1.6928928e+00 1.7470415e+00 1.7889476e+00 1.8130156e+00
4.8718494e+00 4.9154810e+00 5.0273104e+00 4.7631388e+00 4.1075010e+00 4.2270132e+00 2.1107373e-01 1.1287400e-01 1.7765574e+00 3.3537019e+00 3.9360186e+00 2.6503452e+00 7.2663924e-04 9.7577763e-04 9.9794255e-04 9.4868211e-04 8.0678142e-01 9.9311104e-01 1.0542377e+00 1.0685071e+00 5.0646620e-01 5.5748727e-01 3.8196875e-01 5.3006669e-01 2.6684303e-01 2.6595333e-01 5.1655121e-01 2.7477164e-01 2.4095591e-01 4.4851194e-01 5.3763785e-01 4.6932110e-01 5.6193266e-01 9.0585666e-01 1.2246996e+00 1.3806182e+00 1.0342491e+00 7.1576553e-01 5.6521079e-01 4.9361841e-01 5.6865568e-01 7.5457212e-01 1.2353305e+00 1.6311484e+00 1.6252032e+00 1.3224847e+00 1.3707629e+00 1.6168144e+00 1.7422089e+00 1.8150170e+00
5.0503825e+00 5.0804934e+00 5.3038788e+00 5.0994674e+00 4.3959041e+00 4.3593847e+00 3.7519017e+00 4.1619249e-01 6.1560559e-04 1.6265666e+00 2.8911764e+00 4.1836281e+00 1.5720134e+00 1.0921274e-03 3.8550855e-02 4.2930173e-01 9.9630937e-01 1.0309561e+00 1.1671780e+00 1.5630974e+00 8.5219949e-04 0.0000000e+00 1.0934156e-01 8.8839654e-01 4.9535104e-01 2.7711185e-01 4.2270267e-01 4.2741332e-01 4.0716595e-01 6.7092635e-01 7.4139452e-01 4.7377452e-01 3.2582379e-01 5.0955693e-01 7.6242654e-01 1.2483615e+00 1.1776643e+00 9.7147460e-01 7.9118344e-01 6.1091025e-01 5.7590952e-01 6.3555002e-01 6.5731883e-01 7.9951738e-01 1.0315765e+00 9.4688558e-01 8.4121269e-01 9.5777628e-01 1.2428170e+00 1.5876161e+00
5.2551595e+00 5.2398513e+00 5.4013214e+00 5.4705744e+00 5.2186903e+00 4.9164842e+00 4.9570669e+00 4.4788103e+00 2.1586214e+00 8.4397494e-05 2.3803865e+00 3.7984375e+00 2.8163794e+00 1.2278053e-01 3.5088086e-01 5.3995868e-01 7.7073271e-01 8.2934622e-01 1.1280606e+00 1.1543129e+00 9.3253477e-04 0.0000000e+00 1.3630086e+00 1.2130410e+00 7.3877079e-01 4.9450284e-01 3.2215002e-01 4.9175338e-01 5.7942358e-01 8.2402445e-01 7.3306149e-01 7.2020933e-01 6.5344256e-01 5.4172921e-01 7.7560701e-01 1.2791256e+00 1.3378798e+00 1.3303543e+00 1.1570140e+00 7.6631560e-01 7.5891782e-01 8.4064630e-01 8.0394471e-01 6.3527057e-01 5.5079545e-01 6.6664450e-01 7.1474824e-01 7.4198402e-01 8.2145279e-01 1.0381950e+00
5.3175062e+00 5.1810492e+00 5.3076169e+00 5.4497761e+00 5.1383068e+00 4.9830811e+00 4.6298549e+00 2.8449736e+00 1.8353295e+00 1.5083472e+00 4.6275680e+00 5.2692309e+00 1.0512151e+00 3.0519929e-02 9.5849478e-02 1.9986841e-01 4.8675761e-01 5.5944926e-01 6.6585597e-01 9.7323289e-01 1.0638716e+00 6.7374330e-01 7.7457697e-01 7.6939841e-01 9.2423111e-01 7.7480231e-01 2.4426055e-01 1.6443706e-01 6.6146218e-01 8.8729497e-01 8.5226736e-01 7.8115735e-01 7.5596054e-01 7.2906498e-01 1.1547479e+00 1.2956159e+00 1.6638857e+00 1.2534302e+00 1.1962602e+00 9.9526367e-01 1.2157278e+00 1.1303875e+00 9.7634915e-01 7.4824397e-01 5.5315678e-01 4.1651927e-01 7.1476227e-01 9.9297035e-01 1.1668841e+00 1.2623457e+00
5.1714784e+00 4.6702269e+00 4.2250360e+00 4.7309942e+00 4.2456849e+00 3.0613506e+00 2.1114545e+00 1.4595975e+00 1.7035686e+00 2.4017996e+00 4.3855823e+00 3.4712051e+00 9.9985582e-04 1.7406954e-02 7.0360548e-02 4.4303747e-02 4.7482832e-01 3.8254048e-01 3.8656335e-01 6.4336957e-01 6.0887809e-01 5.6855187e-01 8.7927673e-01 8.5166491e-01 1.0309606e+00 1.1760020e+00 1.2098287e+00 7.1612870e-01 5.9516891e-01 6.7392985e-01 7.9048425e-01 6.7705026e-01 6.2602887e-01 1.1492446e+00 1.2069805e+00 8.6538701e-01 1.5908723e+00 8.0335709e-01 9.9019418e-01 1.0155327e+00 1.2434968e+00 1.4400432e+00 1.0456836e+00 9.0774028e-01 7.5256116e-01 3.7204572e-01 4.3435798e-01 1.5163347e+00 1.5867170e+00 1.7128207e+00
