ahotovec/data/depth_0002.asc
ncols     164
nrows     146
xllcorner -1.242151388888889e+02
yllcorner  4.172986111111111e+01
cellsize  2.777777777820000e-04
nodata_value       -9999
[rows 88 to 109 of 146, columns 50 to 99 of 164]
0.0000000e+00 0.0000000e+00 0.0000000e+00 0.0000000e+00 0.0000000e+00 0.0000000e+00 7.1081024e-01 2.3280282e+00 2.4277586e+00 2.3828331e+00 2.5423612e+00 2.8267117e+00 3.1865970e+00 3.5180779e+00 3.7963335e+00 3.9566599e+00 4.2984383e+00 4.7709055e+00 4.9994387e+00 5.2427349e+00 5.2208282e+00 5.4094746e+00 5.4528649e+00 5.3518187e+00 5.4808168e+00 5.3657033e+00 5.4803756e+00 5.0217270e+00 3.8879025e+00 4.9147328e+00 5.2573916e+00 4.8418739e+00 4.9792814e+00 5.2170284e+00 5.3187173e+00 5.2116583e+00 5.3084899e+00 5.3752830e+00 5.3682406e+00 5.3068264e+00 5.3846687e+00 5.3874704e+00 5.3362826e+00 5.3323367e+00 5.3978631e+00 5.4386567e+00 5.6687024e+00 4.8030402e+00 4.8103435e+00 5.3921333e+00
8.8057015e-04 5.5309285e-01 3.6316922e-01 0.0000000e+00 0.0000000e+00 0.0000000e+00 0.0000000e+00 6.4361454e-02 2.2601716e+00 2.6139621e+00 2.6863181e+00 2.8855568e+00 3.2192831e+00 3.8037186e+00 4.0374493e+00 4.2647938e+00 4.6521138e+00 4.8719487e+00 4.8805709e+00 5.2602139e+00 5.6340935e+00 5.7484804e+00 5.5824369e+00 5.4450037e+00 5.4406983e+00 4.9286643e+00 4.4870775e+00 4.2993680e+00 4.0232786e+00 4.5530023e+00 5.0269120e+00 5.1956489e+00 5.2920299e+00 5.3859005e+00 5.4681191e+00 5.4824093e+00 5.4739986e+00 5.5643371e+00 5.5884117e+00 5.5992816e+00 5.6108928e+00 5.6167305e+00 5.6616937e+00 5.5976101e+00 5.5685484e+00 5.5823428e+00 5.7195404e+00 5.3023827e+00 4.9872343e+00 4.9494987e+00
2.4922760e+00 2.1605704e+00 1.2715880e+00 9.1059240e-01 0.0000000e+00 0.0000000e+00 0.0000000e+00 0.0000000e+00 0.0000000e+00 2.4458345e+00 2.8167653e+00 2.9014000e+00 3.1518484e+00 3.5752743e+00 3.8173972e+00 4.1270125e+00 4.3814742e+00 4.5656403e+00 4.6702320e+00 4.8916609e+00 5.1187483e+00 5.1947274e+00 4.9870060e+00 4.8402982e+00 4.7291004e+00 4.1844814e+00 3.6707617e+00 4.2729375e+00 4.7200065e+00 5.0241208e+00 5.3180075e+00 5.4817075e+00 5.5812244e+00 5.6026692e+00 5.6409448e+00 5.7056949e+00 5.7389170e+00 5.7458422e+00 5.8171637e+00 5.8390653e+00 5.8476574e+00 5.8058775e+00 5.8974180e+00 5.9193359e+00 5.8531802e+00 5.8572180e+00 5.7872507e+00 5.7312878e+00 5.1838336e+00 5.1854971e+00
2.4779869e+00 2.4982383e+00 2.2815073e+00 2.0519441e+00 0.0000000e+00 0.0000000e+00 0.0000000e+00 0.0000000e+00 0.0000000e+00 0.0000000e+00 2.6185920e+00 2.9793762e+00 2.9928802e+00 3.1757332e+00 3.1509720e+00 3.0609765e+00 3.7494455e+00 4.0205691e+00 4.1505770e+00 4.2808153e+00 4.3442225e+00 4.2894897e+00 4.1097212e+00 3.9399173e+00 4.0523368e+00 4.1223494e+00 4.2383786e+00 4.7735240e+00 5.1908022e+00 5.4245386e+00 5.5650205e+00 5.6787626e+00 5.7456474e+00 5.8112269e+00 5.8310132e+00 5.8816340e+00 5.9492321e+00 5.9911097e+00 5.9860200e+00 6.0529571e+00 6.0372111e+00 6.0363726e+00 6.1463079e+00 6.1582823e+00 6.1183207e+00 6.1131416e+00 6.0418214e+00 5.9353194e+00 5.8042338e+00 5.7177020e+00
2.3619683e+00 2.5084891e+00 1.5931477e+00 2.4293161e+00 1.6286993e+00 0.0000000e+00 0.0000000e+00 0.0000000e+00 0.0000000e+00 0.0000000e+00 0.0000000e+00 2.5681049e+00 2.9660508e+00 3.0474848e+00 1.4131820e+00 0.0000000e+00 2.9883634e+00 3.5062411e+00 3.5958370e+00 3.6615616e+00 3.5984288e+00 3.4637324e+00 3.3771112e+00 3.2933551e+00 3.8201768e+00 4.4349409e+00 4.8268742e+00 5.1795623e+00 5.4981943e+00 5.6815049e+00 5.7860389e+00 5.8358790e+00 5.8901937e+00 5.9426401e+00 5.9859560e+00 6.0351061e+00 6.1015136e+00 6.1697378e+00 6.2067749e+00 6.1922191e+00 6.2096915e+00 6.2472237e+00 6.3369366e+00 6.3176904e+00 6.3299759e+00 6.2621794e+00 6.1191535e+00 5.9587741e+00 5.7575492e+00 5.6414976e+00
2.1777537e+00 2.3231019e+00 2.4729000e+00 2.7150563e+00 2.5779982e+00 1.8879280e-01 0.0000000e+00 0.0000000e+00 0.0000000e+00 8.2472176e-01 0.0000000e+00 0.0000000e+00 2.1821577e+00 2.7643894e+00 2.0388899e+00 1.9777983e+00 3.0614888e+00 3.1419133e+00 3.1988821e+00 3.2023070e+00 3.0823331e+00 3.0210595e+00 3.4080093e+00 3.7745411e+00 4.4287114e+00 4.9766318e+00 5.3666737e+00 5.5832876e+00 5.7309059e+00 5.8409497e+00 5.9372310e+00 6.0175155e+00 6.0443551e+00 6.0900583e+00 6.1434175e+00 6.1678326e+00 6.2281061e+00 6.2947238e+00 6.3041099e+00 6.3383275e+00 6.4031370e+00 6.4630247e+00 6.4987137e+00 6.4963143e+00 6.4604598e+00 6.3550716e+00 6.0853357e+00 5.6644114e+00 5.3529979e+00 5.1762600e+00
2.2004586e+00 2.3606546e+00 2.6646257e+00 2.6838355e+00 2.6652421e+00 1.8639027e+00 0.0000000e+00 0.0000000e+00 1.8546362e+00 2.5534379e+00 2.1348556e+00 0.0000000e+00 0.0000000e+00 0.0000000e+00 1.3802405e+00 3.1981449e+00 2.9690688e+00 2.9954493e+00 3.0381182e+00 3.0246910e+00 3.0196788e+00 3.5052321e+00 4.1299872e+00 4.6873011e+00 5.0898842e+00 5.3988141e+00 5.6556527e+00 5.8553269e+00 5.9619712e+00 5.9940121e+00 6.0580221e+00 6.1354977e+00 6.2090476e+00 6.2338748e+00 6.2890768e+00 6.3321599e+00 6.3745497e+00 6.3893898e+00 6.4202101e+00 6.5074230e+00 6.5788015e+00 6.6282754e+00 6.6785674e+00 6.6783580e+00 6.6587551e+00 6.5028280e+00 5.7023798e+00 4.9349058e+00 4.7299569e+00 4.5067442e+00
2.4041961e+00 2.5050910e+00 2.6074946e+00 2.6617907e+00 2.7149808e+00 2.5668491e+00 1.3257425e+00 0.0000000e+00 1.3448232e+00 2.8173500e+00 1.5440794e+00 1.6144629e+00 0.0000000e+00 0.0000000e+00 6.9331198e-04 3.1078837e+00 2.9963661e+00 3.0279474e+00 3.0569721e+00 3.3042321e+00 3.6528397e+00 4.2866389e+00 4.8403041e+00 5.1958291e+00 5.5091079e+00 5.6992331e+00 5.8649278e+00 5.9984829e+00 6.1186933e+00 6.1789893e+00 6.2038120e+00 6.2559105e+00 6.3259773e+00 6.3871696e+00 6.4253707e+00 6.4568719e+00 6.4598842e+00 6.4856822e+00 6.5338353e+00 6.6264663e+00 6.7174409e+00 6.7829484e+00 6.8681781e+00 6.9430235e+00 7.0467048e+00 6.9654788e+00 5.0486563e+00 3.5836918e+00 3.3943704e+00 3.7188333e+00
2.5927472e+00 2.6614436e+00 2.6977435e+00 2.7250472e+00 2.7284230e+00 2.7204078e+00 2.4290321e+00 6.0801676e-01 0.0000000e+00 1.9491093e+00 2.3102762e+00 2.4212098e+00 1.7489902e+00 1.6140373e+00 2.6434037e+00 3.1741459e+00 3.2601077e+00 3.3287772e+00 3.3918744e+00 3.9427811e+00 4.6314222e+00 5.0680942e+00 5.3106410e+00 5.5198157e+00 5.7165719e+00 5.8976396e+00 6.0058928e+00 6.1163101e+00 6.2024110e+00 6.2831186e+00 6.3287897e+00 6.3690995e+00 6.4288156e+00 6.4648486e+00 6.4792790e+00 6.5014056e+00 6.5310129e+00 6.5498942e+00 6.6125508e+00 6.7053156e+00 6.7844728e+00 6.8772436e+00 6.9801542e+00 7.1092695e+00 7.2536105e+00 6.5949621e+00 4.2261898e-01 0.0000000e+00 1.5564811e-01 1.2466943e+00
2.7817889e+00 2.8103711e+00 2.8249497e+00 2.8268542e+00 2.8027872e+00 2.7347086e+00 2.7116401e+00 2.3739219e+00 0.0000000e+00 0.0000000e+00 2.2799429e+00 2.6808075e+00 2.9756097e+00 3.2317379e+00 3.2362879e+00 3.3910429e+00 3.7076799e+00 3.9448343e+00 4.1509821e+00 4.6395820e+00 5.0846652e+00 5.4093891e+00 5.6450144e+00 5.7322360e+00 5.8670006e+00 5.9948761e+00 6.1115948e+00 6.1969204e+00 6.2643022e+00 6.3426329e+00 6.3915989e+00 6.4362393e+00 6.4778625e+00 6.4599729e+00 6.5294648e+00 6.5674262e+00 6.6326570e+00 6.6497469e+00 6.7080194e+00 6.7613211e+00 6.8351277e+00 6.9256026e+00 6.9926003e+00 7.0401828e+00 7.0054089e+00 6.6424242e+00 4.6455111e+00 3.2652107e+00 1.7375149e+00 5.6071879e-01
3.0215303e+00 3.0125261e+00 2.9962291e+00 2.9656977e+00 2.8962665e+00 2.8150665e+00 2.7493770e+00 2.8021141e+00 1.8193075e+00 0.0000000e+00 1.4458116e+00 3.0455076e+00 2.8376986e+00 3.0185028e+00 3.2787360e+00 3.5876366e+00 3.9708523e+00 4.1906052e+00 4.4180843e+00 4.8956451e+00 5.2594346e+00 5.6027820e+00 5.8315363e+00 5.9082617e+00 5.9613753e+00 6.0626847e+00 6.1477620e+00 6.2532605e+00 6.3123432e+00 6.3902041e+00 6.4475371e+00 6.4700712e+00 6.4494343e+00 6.5370356e+00 6.6042537e+00 6.6344512e+00 6.7164762e+00 6.7309491e+00 6.7791768e+00 6.8249315e+00 6.8898177e+00 6.9440061e+00 6.9617564e+00 6.9148961e+00 6.8021794e+00 6.5520127e+00 6.2080163e+00 5.8837076e+00 5.6586390e+00 5.3524527e+00
3.2616974e+00 3.2095579e+00 3.1792938e+00 3.1115258e+00 3.0064702e+00 2.9214985e+00 2.8058299e+00 2.7768794e+00 2.5373783e+00 5.1232854e-02 0.0000000e+00 2.3690925e+00 2.8996112e+00 3.1528983e+00 3.3596053e+00 3.6637536e+00 3.9182431e+00 4.1104948e+00 4.6344467e+00 5.0146123e+00 5.3590005e+00 5.6534936e+00 5.8471910e+00 5.9127806e+00 6.0001235e+00 6.0941001e+00 6.1813373e+00 6.2706310e+00 6.3629203e+00 6.4152100e+00 6.4683301e+00 6.5113554e+00 6.5127253e+00 6.5785859e+00 6.6621085e+00 6.7047270e+00 6.7775267e+00 6.7950799e+00 6.8372517e+00 6.8881576e+00 6.9324479e+00 6.9618100e+00 6.9377398e+00 6.8654193e+00 6.7813264e+00 6.5970023e+00 6.4336204e+00 6.4106557e+00 6.2558061e+00 6.0943440e+00
3.4875849e+00 3.3955790e+00 3.3455112e+00 3.2331270e+00 3.0890100e+00 2.9853960e+00 2.8614352e+00 2.7579202e+00 2.6522879e+00 1.7712578e+00 0.0000000e+00 0.0000000e+00 2.4703648e+00 3.1749321e+00 3.3947916e+00 3.7382480e+00 4.0830109e+00 4.3422436e+00 4.8125430e+00 5.1220663e+00 5.3879566e+00 5.6026516e+00 5.7451552e+00 5.8840766e+00 6.0194479e+00 6.1220099e+00 6.2169870e+00 6.3036416e+00 6.3901014e+00 6.4753458e+00 6.5237740e+00 6.5242003e+00 6.5685905e+00 6.6226907e+00 6.7004346e+00 6.7630908e+00 6.8353668e+00 6.8531075e+00 6.8905483e+00 6.9323927e+00 6.9837524e+00 6.9738389e+00 6.9371179e+00 6.8686695e+00 6.8460436e+00 6.8347214e+00 6.7208135e+00 6.5586622e+00 6.4030307e+00 6.3707610e+00
3.8435483e+00 3.7035003e+00 3.5809585e+00 3.4073008e+00 3.2196280e+00 3.0763136e+00 2.9358418e+00 2.8088382e+00 2.7482804e+00 2.7353254e+00 1.4907512e+00 0.0000000e+00 1.3273475e+00 3.3374641e+00 3.3788023e+00 3.8037176e+00 4.2604577e+00 4.5968524e+00 4.8306019e+00 5.1747261e+00 5.4054403e+00 5.5586289e+00 5.7236599e+00 5.8646927e+00 6.0058070e+00 6.1330197e+00 6.2250547e+00 6.3264386e+00 6.4210610e+00 6.5085308e+00 6.5511325e+00 6.5435208e+00 6.6117309e+00 6.6678231e+00 6.7545480e+00 6.8174346e+00 6.8728725e+00 6.8770783e+00 6.9194213e+00 6.9843018e+00 6.9977464e+00 6.9972305e+00 6.9726509e+00 6.9109601e+00 6.9370485e+00 6.9499758e+00 6.8775450e+00 6.7218202e+00 6.6785952e+00 6.6188873e+00
4.2998533e+00 4.0873698e+00 3.8928914e+00 3.6623894e+00 3.4194097e+00 3.1984394e+00 3.0292968e+00 2.8969948e+00 2.7744655e+00 2.7784143e+00 2.3825773e+00 0.0000000e+00 0.0000000e+00 3.0491731e+00 3.3516244e+00 3.7235288e+00 4.1902103e+00 4.6106634e+00 4.8994710e+00 5.1067980e+00 5.3401027e+00 5.5347031e+00 5.6922090e+00 5.8602151e+00 5.9909028e+00 6.1155561e+00 6.2409369e+00 6.3496492e+00 6.4410028e+00 6.5028011e+00 6.5380058e+00 6.5952856e+00 6.6689989e+00 6.7128684e+00 6.7831672e+00 6.8384436e+00 6.9046140e+00 6.9024635e+00 6.9340885e+00 7.0017873e+00 7.0324430e+00 7.0386705e+00 7.0292498e+00 6.9511964e+00 6.9371015e+00 6.9545980e+00 6.9311371e+00 6.9245339e+00 6.8822706e+00 6.8036297e+00
4.7140094e+00 4.4344660e+00 4.1765634e+00 3.8648130e+00 3.5486332e+00 3.2737070e+00 3.0661975e+00 2.9261215e+00 2.8157996e+00 2.7556232e+00 2.6139563e+00 1.1438216e+00 0.0000000e+00 6.1081523e-01 3.3925245e+00 3.5606213e+00 4.0172792e+00 4.4384373e+00 4.7779138e+00 5.0950783e+00 5.2393229e+00 5.4515510e+00 5.6524138e+00 5.8131298e+00 5.9735416e+00 6.0967247e+00 6.2319271e+00 6.3594258e+00 6.4419761e+00 6.4473043e+00 6.5475755e+00 6.6741819e+00 6.7085762e+00 6.7117507e+00 6.8000424e+00 6.8465605e+00 6.9079102e+00 6.9500471e+00 6.9554015e+00 6.9934126e+00 7.0488725e+00 7.0658366e+00 7.0842125e+00 7.0399343e+00 7.0424518e+00 7.0678971e+00 7.0450014e+00 7.0269525e+00 6.9834107e+00 6.8673192e+00
5.1396584e+00 4.7576483e+00 4.4331519e+00 4.0208581e+00 3.6225776e+00 3.3017671e+00 3.0762465e+00 2.9344552e+00 2.8444910e+00 2.7637254e+00 2.6999193e+00 2.6357403e+00 1.8582836e-01 0.0000000e+00 2.3670258e+00 3.4744376e+00 3.7859073e+00 4.2067761e+00 4.5322855e+00 4.9182720e+00 5.1863880e+00 5.3086440e+00 5.5593131e+00 5.7289162e+00 5.8864435e+00 6.0635994e+00 6.1868653e+00 6.3256388e+00 6.4232261e+00 6.4320923e+00 6.5889552e+00 6.6974508e+00 6.7331964e+00 6.7352353e+00 6.7954283e+00 6.8728943e+00 6.9181900e+00 6.9983198e+00 6.9914398e+00 7.0151264e+00 7.0667254e+00 7.1079419e+00 7.1262876e+00 7.1177678e+00 7.1389325e+00 7.1542335e+00 7.1145334e+00 7.0665454e+00 7.0185952e+00 6.9618269e+00
5.6193218e+00 5.1425100e+00 4.7067686e+00 4.1862678e+00 3.6741814e+00 3.2841717e+00 3.0501756e+00 2.9706853e+00 2.9488601e+00 2.8457421e+00 2.7686464e+00 2.8248216e+00 2.3702543e+00 0.0000000e+00 0.0000000e+00 3.1809899e+00 3.6120206e+00 3.9307507e+00 4.2716078e+00 4.6659931e+00 5.0026492e+00 5.2349704e+00 5.3850583e+00 5.6282403e+00 5.7954326e+00 5.9580943e+00 6.1283399e+00 6.2671376e+00 6.3910671e+00 6.4410715e+00 6.6004531e+00 6.7147702e+00 6.7796577e+00 6.7632872e+00 6.8192960e+00 6.8878040e+00 6.9417743e+00 7.0066154e+00 6.9846403e+00 7.0525073e+00 7.1066275e+00 7.1477885e+00 7.1641392e+00 7.1737212e+00 7.1850694e+00 7.1918760e+00 7.1538164e+00 7.1301368e+00 7.1007610e+00 7.0630040e+00
6.1419222e+00 5.5858244e+00 5.0250991e+00 4.3463211e+00 3.6710170e+00 3.1437929e+00 2.8933938e+00 2.7556103e+00 2.4606038e+00 2.8909026e+00 2.9640426e+00 2.9008590e+00 2.8144410e+00 1.0871045e+00 0.0000000e+00 5.1020622e-02 3.4341791e+00 3.6471818e+00 4.0088079e+00 4.4585876e+00 4.8621721e+00 5.2049349e+00 5.2789468e+00 5.4101051e+00 5.6180409e+00 5.8126876e+00 6.0354534e+00 6.1739459e+00 6.3262311e+00 6.4252134e+00 6.5423511e+00 6.6820657e+00 6.8000196e+00 6.8128738e+00 6.8491193e+00 6.9284952e+00 6.9594697e+00 7.0294938e+00 7.0200952e+00 7.0775342e+00 7.1241762e+00 7.1793152e+00 7.2082094e+00 7.2118435e+00 7.2079341e+00 7.2121783e+00 7.2197555e+00 7.1868379e+00 7.1603517e+00 7.1320608e+00
6.7286393e+00 6.1214190e+00 5.4275352e+00 4.5181358e+00 3.6220284e+00 2.7747447e+00 1.9218911e+00 1.8487953e+00 3.7434031e-01 2.6453909e+00 3.2907769e+00 3.2028955e+00 3.0792504e+00 2.4627639e+00 0.0000000e+00 0.0000000e+00 2.7415112e+00 3.4497696e+00 3.7475442e+00 4.1913330e+00 4.6389255e+00 5.0398765e+00 5.2476658e+00 5.2906232e+00 5.4140843e+00 5.6150272e+00 5.8445436e+00 6.0602162e+00 6.2365535e+00 6.4066283e+00 6.5776258e+00 6.6331112e+00 6.7461601e+00 6.7986713e+00 6.8745799e+00 6.9447719e+00 6.9817430e+00 7.0626774e+00 7.0613177e+00 7.1327547e+00 7.1933085e+00 7.2226039e+00 7.2625633e+00 7.2540643e+00 7.2274266e+00 7.2284496e+00 7.2582291e+00 7.2400160e+00 7.1799368e+00 7.1536440e+00
7.4320767e+00 6.7310660e+00 5.9145802e+00 4.7823152e+00 3.6122431e+00 2.5580244e+00 1.8199737e+00 2.3445881e+00 2.1978902e+00 2.9182504e+00 3.7039173e+00 3.6852001e+00 3.4933591e+00 2.9733058e+00 1.5518670e+00 0.0000000e+00 0.0000000e+00 3.5293547e+00 3.6035334e+00 3.9018889e+00 4.3572223e+00 4.7712194e+00 5.0909324e+00 5.2564482e+00 5.2200606e+00 5.3031378e+00 5.5287658e+00 5.8090759e+00 6.0608515e+00 6.3625040e+00 6.6629848e+00 6.7076185e+00 6.7185702e+00 6.7878668e+00 6.8657403e+00 6.9499684e+00 7.0064875e+00 7.0887358e+00 7.0932414e+00 7.1386364e+00 7.2007203e+00 7.2563988e+00 7.3110620e+00 7.2696003e+00 7.2344084e+00 7.2176006e+00 7.2404280e+00 7.2487565e+00 7.2364906e+00 7.1881101e+00
8.1067889e+00 7.3565782e+00 6.4472252e+00 5.1432577e+00 3.7676169e+00 2.8092870e+00 2.6302367e+00 2.5696187e+00 1.1273815e+00 3.3370784e+00 4.2076804e+00 4.2394092e+00 4.0843056e+00 3.6251590e+00 3.0669332e+00 1.7385965e+00 0.0000000e+00 1.5893960e+00 3.4512115e+00 3.6711576e+00 4.1010863e+00 4.5164073e+00 4.8492174e+00 5.0852029e+00 5.1438746e+00 5.0294704e+00 5.1146544e+00 5.4223746e+00 5.7671193e+00 6.1039535e+00 6.2452005e+00 6.5205525e+00 6.6524243e+00 6.6899911e+00 6.8093117e+00 6.9163476e+00 7.0031401e+00 7.0957131e+00 7.1278932e+00 7.1781596e+00 7.2279089e+00 7.2833319e+00 7.3294825e+00 7.2429021e+00 7.1930189e+00 7.1550211e+00 7.1750228e+00 7.2037889e+00 7.2279102e+00 7.2384321e+00
