ahotovec/data/depth_0006.asc
ncols     164
nrows     146
xllcorner -1.242151388888889e+02
yllcorner  4.172986111111111e+01
cellsize  2.777777777820000e-04
nodata_value       -9999
[rows 110 to 131 of 146, columns 100 to 149 of 164]
6.6109848e+00 6.5864574e+00 6.6016890e+00 6.5886757e+00 6.5147691e+00 6.5696247e+00 3.6551967e+00 9.7238063e-01 9.0648656e-04 9.8821461e-04 0.0000000e+00 0.0000000e+00 0.0000000e+00 5.5732128e-01 1.7087117e+00 2.2681200e+00 2.5165555e+00 2.2922367e+00 2.3928063e+00 3.8870187e+00 4.7423856e+00 4.9441927e+00 5.1042420e+00 5.0128043e+00 4.5039722e+00 4.6341482e+00 4.6201012e+00 4.7526236e+00 4.8061077e+00 5.0284243e+00 4.8904262e+00 4.2933324e+00 4.5937337e+00 5.1761024e+00 5.6992829e+00 5.8735444e+00 5.8863012e+00 5.6327466e+00 5.5957769e+00 5.7091245e+00 5.8631053e+00 5.9185105e+00 5.9865507e+00 6.1729206e+00 6.2513945e+00 6.3153783e+00 6.3559402e+00 6.2369205e+00 6.1405769e+00 5.9727235e+00
6.6951207e+00 6.7353636e+00 6.7074430e+00 6.6738430e+00 6.5922573e+00 6.6936058e+00 6.6032970e+00 4.7052170e+00 3.1541681e+00 2.9334962e+00 1.2736810e+00 1.6432546e+00 2.1900153e+00 2.5410373e+00 2.4916090e+00 2.5156567e+00 2.9631957e+00 2.9958481e+00 2.8773711e+00 4.0452391e+00 4.8074424e+00 4.9549156e+00 5.1461842e+00 5.1562116e+00 4.6116939e+00 4.4063246e+00 4.3217813e+00 4.7608951e+00 4.9561963e+00 5.2174357e+00 5.3038239e+00 5.1600357e+00 5.1484066e+00 5.3803577e+00 6.0441660e+00 6.3352107e+00 6.2430909e+00 6.0313034e+00 5.8358248e+00 5.8847185e+00 6.0799744e+00 6.1302329e+00 6.0715364e+00 6.1482735e+00 6.2419311e+00 6.3298206e+00 6.4854910e+00 6.4292182e+00 6.2615062e+00 6.1517887e+00
6.7867716e+00 6.8616339e+00 6.8982441e+00 6.8586347e+00 6.8289576e+00 6.7427089e+00 6.8532852e+00 7.2081838e+00 6.8779850e+00 5.7991606e+00 4.8043914e+00 4.6918608e+00 4.9145787e+00 4.4602600e+00 3.3746068e+00 3.0465190e+00 3.5409790e+00 3.6953672e+00 3.9057341e+00 4.6908085e+00 5.0428572e+00 4.8568956e+00 4.9543902e+00 5.0034351e+00 4.8088800e+00 4.7733906e+00 4.2876531e+00 4.9205819e+00 5.2748592e+00 5.6141262e+00 5.9626973e+00 6.1190147e+00 5.8072910e+00 5.5246234e+00 6.0312974e+00 6.4768052e+00 6.4988005e+00 6.2842680e+00 6.0138820e+00 5.9808573e+00 6.2289151e+00 6.2037251e+00 6.1672075e+00 6.1639755e+00 6.2063272e+00 6.2617896e+00 6.4205490e+00 6.4701484e+00 6.3954603e+00 6.3636552e+00
6.9466073e+00 7.0192534e+00 7.0635718e+00 7.0771394e+00 7.0722313e+00 7.0276141e+00 6.9657915e+00 6.9655161e+00 6.7781608e+00 6.2689165e+00 6.6251899e+00 6.4279828e+00 6.1903501e+00 5.6070499e+00 4.6570621e+00 4.3872672e+00 4.5679580e+00 4.8591783e+00 5.2742604e+00 5.6794929e+00 5.6162814e+00 5.2526281e+00 5.0463758e+00 5.0991435e+00 5.2192794e+00 5.5893614e+00 5.1943263e+00 5.4718604e+00 5.7154390e+00 5.9965740e+00 6.4190566e+00 6.9448037e+00 6.3948168e+00 6.0700610e+00 6.4101730e+00 6.7861067e+00 6.8604053e+00 6.5918603e+00 6.3163695e+00 6.2247683e+00 6.2999325e+00 6.2622483e+00 6.2245943e+00 6.2030160e+00 6.2532354e+00 6.3434350e+00 6.4794092e+00 6.5389036e+00 6.5206304e+00 6.5161240e+00
7.1314464e+00 7.2210670e+00 7.2636296e+00 7.3192213e+00 7.3455858e+00 7.3126921e+00 7.2590671e+00 7.1938636e+00 7.0914818e+00 7.0347582e+00 7.5030709e+00 7.1630813e+00 7.0994260e+00 6.8860041e+00 6.4042583e+00 6.0761018e+00 6.1121615e+00 6.1367897e+00 6.4350538e+00 6.6045533e+00 6.4543625e+00 5.9069899e+00 5.4471831e+00 5.5010853e+00 5.8080692e+00 6.0499435e+00 6.0219677e+00 6.1359351e+00 6.2762170e+00 6.2977792e+00 6.3076190e+00 6.6903829e+00 6.5602346e+00 6.5248814e+00 6.8457680e+00 7.2687765e+00 7.4822514e+00 7.0253304e+00 6.5424294e+00 6.4600889e+00 6.4284836e+00 6.3344439e+00 6.3398551e+00 6.3130692e+00 6.3634428e+00 6.4919998e+00 6.6008394e+00 6.6774799e+00 6.6373282e+00 6.5611171e+00
7.3735709e+00 7.4510814e+00 7.4963059e+00 7.5323159e+00 7.5715194e+00 7.5528288e+00 7.5396794e+00 7.4707881e+00 7.3812140e+00 7.3769969e+00 7.3500079e+00 7.5965099e+00 8.2231819e+00 8.1228279e+00 7.8684010e+00 7.6367117e+00 7.2725726e+00 7.2215211e+00 7.6018121e+00 7.6920278e+00 7.4315436e+00 6.8000254e+00 6.2870054e+00 6.2098915e+00 6.4391906e+00 6.6383413e+00 6.6932510e+00 6.8172907e+00 6.8902446e+00 6.6836940e+00 6.5239864e+00 6.6389365e+00 6.6788195e+00 6.8071323e+00 7.1282682e+00 7.6419991e+00 7.9774485e+00 7.4516540e+00 6.8741659e+00 6.7975853e+00 6.7259590e+00 6.5760646e+00 6.5413170e+00 6.4894088e+00 6.5471610e+00 6.6947460e+00 6.7716399e+00 6.8446688e+00 6.7669849e+00 6.6368927e+00
7.6058646e+00 7.5988894e+00 7.6821320e+00 7.8146117e+00 7.8586510e+00 7.9219502e+00 7.8050826e+00 7.7645771e+00 7.6442065e+00 7.7428167e+00 7.8335947e+00 8.4194632e+00 9.1810920e+00 8.9182834e+00 8.6461174e+00 8.1469339e+00 7.4287434e+00 7.5260437e+00 8.4245193e+00 8.4009428e+00 7.9125252e+00 7.3707885e+00 6.9565547e+00 6.8717830e+00 7.0178551e+00 7.1328022e+00 7.4285427e+00 7.1449870e+00 7.0977802e+00 6.8649729e+00 6.6878888e+00 6.6493936e+00 6.7004229e+00 6.8935123e+00 7.1328446e+00 7.5863577e+00 7.8295870e+00 7.5169941e+00 7.0819535e+00 7.0388374e+00 7.0802532e+00 6.9580913e+00 6.7276257e+00 6.6153170e+00 6.7626205e+00 6.9960573e+00 6.8964062e+00 6.8846070e+00 6.8089645e+00 6.7141314e+00
7.6329437e+00 7.8084792e+00 7.8774710e+00 7.9829726e+00 8.0963902e+00 8.1013771e+00 8.0644631e+00 7.9256615e+00 7.7829967e+00 8.0253556e+00 8.4006158e+00 8.5974727e+00 8.3721963e+00 8.3376704e+00 8.2558428e+00 7.9648060e+00 7.1373427e+00 6.3590029e+00 8.0884050e+00 8.3729442e+00 8.1142055e+00 7.8430561e+00 7.7094406e+00 7.7231846e+00 7.8577387e+00 7.9684350e+00 7.9937544e+00 7.5830235e+00 7.4331072e+00 7.1591552e+00 6.8582939e+00 6.6683989e+00 6.6309662e+00 6.8403035e+00 7.1194939e+00 7.3479881e+00 7.4669199e+00 7.3208702e+00 7.0935465e+00 6.9319516e+00 7.1063188e+00 7.1390003e+00 7.1057350e+00 6.9163460e+00 6.9890857e+00 7.1439569e+00 7.0117750e+00 6.9125640e+00 6.8479848e+00 6.7976958e+00
7.9217160e+00 8.0942736e+00 8.2033501e+00 8.1908131e+00 8.2185067e+00 8.3567589e+00 8.3044864e+00 8.0494474e+00 8.3049761e+00 8.9009339e+00 9.1192716e+00 9.2033501e+00 8.6460806e+00 8.4332533e+00 7.7495642e+00 8.3793629e+00 8.4530271e+00 7.4880255e+00 7.6988071e+00 7.8225029e+00 7.8937107e+00 7.9962391e+00 8.1483958e+00 8.3717253e+00 8.3877306e+00 8.4035227e+00 8.2893278e+00 8.0636008e+00 7.8084016e+00 7.4107798e+00 7.0262347e+00 6.7544214e+00 6.6342836e+00 6.8643345e+00 7.0898411e+00 7.1935266e+00 7.2547320e+00 7.2090260e+00 7.1415103e+00 7.0428442e+00 7.1521800e+00 7.2758887e+00 7.4131174e+00 7.2470027e+00 7.1824945e+00 7.1758159e+00 7.0462791e+00 6.9111706e+00 6.8726820e+00 6.8742486e+00
8.2325427e+00 7.9309051e+00 8.3451793e+00 8.8567750e+00 9.0779890e+00 8.7228593e+00 8.5474611e+00 8.0205686e+00 8.0323033e+00 9.3410280e+00 9.2189233e+00 9.1666061e+00 9.4266591e+00 9.7268489e+00 9.1696479e+00 9.3513477e+00 9.0889257e+00 8.2089384e+00 6.9781518e+00 6.9953138e+00 7.5557491e+00 7.9660361e+00 8.3381275e+00 8.6999175e+00 8.6499682e+00 8.5937328e+00 8.5226864e+00 8.3885680e+00 8.1937132e+00 7.7259746e+00 7.2490560e+00 7.0352249e+00 6.9815431e+00 7.1535594e+00 7.3183308e+00 7.2618200e+00 7.2239856e+00 7.2004220e+00 7.1655327e+00 7.1022224e+00 7.1534787e+00 7.2105141e+00 7.3595905e+00 7.3512739e+00 7.2795158e+00 7.1953304e+00 7.0615664e+00 6.9180511e+00 6.9014228e+00 6.9550244e+00
8.3602842e+00 8.4575703e+00 8.6504825e+00 9.5444035e+00 1.0561911e+01 1.0257772e+01 1.0262763e+01 8.8941230e+00 7.8461637e+00 8.9086354e+00 8.6601796e+00 8.9305530e+00 9.5331919e+00 9.7921045e+00 9.8271602e+00 9.6465937e+00 9.1066223e+00 7.8752408e+00 6.1574302e+00 6.7498034e+00 7.7024379e+00 8.1002077e+00 8.4988786e+00 8.8221581e+00 8.8049200e+00 8.7132058e+00 8.6532631e+00 8.6225695e+00 8.5974566e+00 8.1246304e+00 7.6318670e+00 7.4443596e+00 7.4143681e+00 7.5460773e+00 7.7226552e+00 7.5866613e+00 7.4225425e+00 7.3404432e+00 7.2883355e+00 7.2424277e+00 7.2178067e+00 7.3271058e+00 7.4112670e+00 7.4222822e+00 7.3656026e+00 7.2836305e+00 7.1949821e+00 7.0867614e+00 7.0716260e+00 7.0927219e+00
9.1203972e+00 8.9219163e+00 9.1406639e+00 9.7658219e+00 1.0167545e+01 1.0976502e+01 1.1932902e+01 1.1339402e+01 1.0558217e+01 1.0080407e+01 9.4446642e+00 9.5229130e+00 9.6564081e+00 9.6136019e+00 9.7404505e+00 9.7237826e+00 9.5105296e+00 9.0696046e+00 8.7113921e+00 8.2715573e+00 8.1566324e+00 8.4438937e+00 8.7694401e+00 8.9741464e+00 8.9457430e+00 8.7858341e+00 8.6768145e+00 8.6572256e+00 8.5921730e+00 8.2692863e+00 7.9659589e+00 7.8026357e+00 7.8029832e+00 7.8223013e+00 7.8454864e+00 7.7654108e+00 7.6659332e+00 7.5919736e+00 7.4835721e+00 7.4347951e+00 7.3926177e+00 7.4808588e+00 7.5446461e+00 7.5614034e+00 7.4923362e+00 7.4235195e+00 7.3512907e+00 7.2873263e+00 7.2763701e+00 7.2641739e+00
9.7975902e+00 9.7667222e+00 9.8263782e+00 1.0007138e+01 9.9409331e+00 1.0183987e+01 1.0412792e+01 1.0820066e+01 1.0516906e+01 1.0096333e+01 9.7917345e+00 9.8168132e+00 9.6674526e+00 9.5701016e+00 9.5872743e+00 9.6856409e+00 9.7888896e+00 9.7344300e+00 9.5754256e+00 9.0878341e+00 8.7764221e+00 8.9022041e+00 9.1107835e+00 9.2241555e+00 9.1469148e+00 9.0667687e+00 8.8143413e+00 8.6463633e+00 8.5332241e+00 8.3320605e+00 8.1637486e+00 8.0637857e+00 8.0777215e+00 8.0091555e+00 7.9608423e+00 7.9394306e+00 7.9093775e+00 7.7857439e+00 7.6588543e+00 7.5843091e+00 7.5846961e+00 7.6347334e+00 7.7040006e+00 7.7565287e+00 7.6724976e+00 7.6091229e+00 7.5378990e+00 7.4902254e+00 7.4692468e+00 7.4599217e+00
1.0235312e+01 1.0417754e+01 1.0243982e+01 1.0147061e+01 9.3466086e+00 9.1131140e+00 1.0154953e+01 1.0060715e+01 9.9561984e+00 9.7400751e+00 9.6091355e+00 9.9592966e+00 9.6493336e+00 9.4701272e+00 9.3711471e+00 9.3015937e+00 9.8106272e+00 9.8348964e+00 9.6244585e+00 9.3359274e+00 9.1774481e+00 9.2570406e+00 9.4568916e+00 9.5500546e+00 9.3355814e+00 9.2328775e+00 8.9554933e+00 8.6819642e+00 8.5378237e+00 8.3986074e+00 8.3016012e+00 8.2403997e+00 8.1970645e+00 8.0924566e+00 8.0372846e+00 8.0559806e+00 8.0735147e+00 7.9009156e+00 7.7793948e+00 7.7276806e+00 7.7369623e+00 7.7678211e+00 7.8259019e+00 7.8603020e+00 7.7875232e+00 7.7279215e+00 7.6775230e+00 7.6541730e+00 7.6214517e+00 7.6002007e+00
1.0185011e+01 1.0431677e+01 1.0325653e+01 1.0127655e+01 9.6394375e+00 9.3449152e+00 9.7408286e+00 9.8273261e+00 9.6007216e+00 9.5210474e+00 9.6270767e+00 9.8099724e+00 9.4209448e+00 9.1580143e+00 9.0369550e+00 9.0553797e+00 9.5642450e+00 9.6950046e+00 9.5973964e+00 9.4124154e+00 9.3352998e+00 9.5046767e+00 9.7569894e+00 9.7038087e+00 9.4166151e+00 9.2016259e+00 8.9798435e+00 8.8625271e+00 8.6909821e+00 8.5214483e+00 8.4549653e+00 8.4278529e+00 8.4408152e+00 8.2729664e+00 8.0743004e+00 8.0678652e+00 8.0678094e+00 7.9908125e+00 7.9154216e+00 7.9376188e+00 7.9426762e+00 7.8830171e+00 7.9095556e+00 7.9252289e+00 7.8992990e+00 7.8692583e+00 7.8332451e+00 7.8162254e+00 7.8053826e+00 7.7651482e+00
9.9631412e+00 1.0139467e+01 1.0182330e+01 1.0286156e+01 1.0402548e+01 1.0667871e+01 1.0233921e+01 9.8340263e+00 9.7461245e+00 9.7208911e+00 9.7153802e+00 9.4597450e+00 9.0457881e+00 8.7444295e+00 8.8298254e+00 9.0321231e+00 9.3394375e+00 9.5170623e+00 9.5149461e+00 9.4108358e+00 9.3476038e+00 9.5914246e+00 9.7911092e+00 9.6697468e+00 9.4590143e+00 9.2887088e+00 9.1350846e+00 8.9929937e+00 8.8677385e+00 8.8018803e+00 8.7447612e+00 8.6478120e+00 8.6320600e+00 8.4339347e+00 8.2201760e+00 8.1575139e+00 8.1054527e+00 8.0503796e+00 8.0578682e+00 8.0947281e+00 8.0873120e+00 8.0663070e+00 8.0798231e+00 8.0861334e+00 8.0766963e+00 8.0570269e+00 8.0219161e+00 8.0089536e+00 8.0700712e+00 8.0484079e+00
9.9911203e+00 9.8883631e+00 9.9268175e+00 1.0279935e+01 1.0701826e+01 1.0997495e+01 1.0739497e+01 1.0327223e+01 1.0257046e+01 1.0368304e+01 9.8752689e+00 9.4688313e+00 9.1605733e+00 9.0077050e+00 9.0458786e+00 9.1903829e+00 9.4195839e+00 9.5633859e+00 9.5846360e+00 9.5448866e+00 9.5432935e+00 9.6907255e+00 9.8024010e+00 9.7063383e+00 9.5612491e+00 9.3027208e+00 9.2535248e+00 9.1725098e+00 9.0844900e+00 9.0419399e+00 8.9552006e+00 8.7236685e+00 8.6467032e+00 8.5194020e+00 8.3765307e+00 8.2851918e+00 8.1999598e+00 8.1197356e+00 8.1615538e+00 8.2039055e+00 8.2125477e+00 8.1948461e+00 8.2048429e+00 8.2060782e+00 8.2197937e+00 8.2255685e+00 8.1569714e+00 8.1075121e+00 8.1693070e+00 8.1909694e+00
9.9486303e+00 9.9003526e+00 9.8365062e+00 1.0283170e+01 1.0624502e+01 1.0974489e+01 1.1075500e+01 1.0722327e+01 1.0442732e+01 1.0165870e+01 9.5621717e+00 9.5556003e+00 9.5090225e+00 9.4468864e+00 9.4521759e+00 9.5542066e+00 9.6398088e+00 9.7246934e+00 9.7589677e+00 9.7482423e+00 9.7877940e+00 9.9089641e+00 9.9502314e+00 9.8572052e+00 9.6788103e+00 9.5432292e+00 9.5220585e+00 9.4662411e+00 9.3160345e+00 9.2224724e+00 9.0757937e+00 8.8576290e+00 8.7233237e+00 8.6136837e+00 8.5208542e+00 8.4463876e+00 8.3983003e+00 8.3256522e+00 8.3366647e+00 8.3697270e+00 8.3627983e+00 8.3433969e+00 8.3175060e+00 8.3000203e+00 8.3360422e+00 8.3728097e+00 8.2848587e+00 8.2244719e+00 8.2513829e+00 8.2969508e+00
1.0019456e+01 9.9218750e+00 9.9002144e+00 1.0238909e+01 1.0416870e+01 1.0807137e+01 1.0989613e+01 1.0818941e+01 1.0463787e+01 1.0090363e+01 9.7984363e+00 9.8815621e+00 9.9874120e+00 9.9453926e+00 9.9003579e+00 9.9365510e+00 9.9446662e+00 9.9595765e+00 9.9588011e+00 9.9515970e+00 1.0026694e+01 1.0171080e+01 1.0173083e+01 1.0063582e+01 9.9107698e+00 9.7972296e+00 9.8145847e+00 9.8112789e+00 9.5899656e+00 9.4000539e+00 9.2157322e+00 9.0109941e+00 8.8473758e+00 8.7516931e+00 8.7066469e+00 8.6644720e+00 8.6024457e+00 8.5720178e+00 8.5627281e+00 8.5472166e+00 8.5265442e+00 8.5178973e+00 8.4509773e+00 8.3940789e+00 8.4035248e+00 8.4181236e+00 8.3755516e+00 8.3368737e+00 8.3382000e+00 8.4226689e+00
1.0197046e+01 1.0282102e+01 1.0569563e+01 1.0815081e+01 1.0550530e+01 1.0762538e+01 1.1129218e+01 1.0860499e+01 1.0590101e+01 1.0352664e+01 1.0216552e+01 1.0271571e+01 1.0469702e+01 1.0462395e+01 1.0442716e+01 1.0421152e+01 1.0318085e+01 1.0236841e+01 1.0210046e+01 1.0224902e+01 1.0231301e+01 1.0378570e+01 1.0398526e+01 1.0325391e+01 1.0114226e+01 9.8896248e+00 9.8831915e+00 9.8767169e+00 9.7273725e+00 9.5435254e+00 9.3799795e+00 9.1969693e+00 9.0255832e+00 8.9841074e+00 8.9614863e+00 8.9301745e+00 8.8839463e+00 8.8275843e+00 8.7942201e+00 8.7810714e+00 8.7190025e+00 8.6859629e+00 8.6319951e+00 8.5454109e+00 8.5087028e+00 8.5093891e+00 8.5279298e+00 8.4787360e+00 8.4246122e+00 8.5519283e+00
1.0472745e+01 1.0465580e+01 1.0152870e+01 1.1088467e+01 1.0976513e+01 1.0642683e+01 1.1048335e+01 1.1032312e+01 1.0812784e+01 1.0758843e+01 1.0791210e+01 1.0610911e+01 1.0664442e+01 1.0773955e+01 1.0935390e+01 1.1028860e+01 1.0760918e+01 1.0490428e+01 1.0417991e+01 1.0483068e+01 1.0573367e+01 1.0698252e+01 1.0620410e+01 1.0506254e+01 1.0312071e+01 9.8760282e+00 9.8668019e+00 9.8917592e+00 9.7995315e+00 9.6927230e+00 9.5944417e+00 9.5214246e+00 9.3412303e+00 9.2828067e+00 9.2698599e+00 9.2436858e+00 9.1726822e+00 9.1006678e+00 9.0234588e+00 8.9914563e+00 8.8865958e+00 8.8093318e+00 8.7910959e+00 8.7362808e+00 8.6249621e+00 8.6374571e+00 8.6989473e+00 8.7170159e+00 8.6781972e+00 8.6838577e+00
1.0697275e+01 1.0900796e+01 1.0790778e+01 1.0495975e+01 1.0928445e+01 1.1083628e+01 1.1359198e+01 1.1048918e+01 1.0830232e+01 1.0691977e+01 1.0606149e+01 1.0559000e+01 1.0698428e+01 1.0875018e+01 1.1179557e+01 1.1445836e+01 1.1056120e+01 1.0584964e+01 1.0474293e+01 1.0566722e+01 1.0837022e+01 1.1030311e+01 1.0740812e+01 1.0485970e+01 1.0272797e+01 9.9615378e+00 9.9216435e+00 9.9806731e+00 9.9017134e+00 9.8367096e+00 9.7608037e+00 9.6927067e+00 9.6102229e+00 9.5626764e+00 9.5358577e+00 9.6093083e+00 9.4202034e+00 9.2834029e+00 9.1996340e+00 9.1046744e+00 8.9911089e+00 8.9094291e+00 8.9519468e+00 8.9751344e+00 8.7423728e+00 8.7776348e+00 8.8927893e+00 8.9490123e+00 8.8957365e+00 8.7329231e+00
