ahotovec/data/depth_0059.asc
ncols     164
nrows     146
xllcorner -1.242151388888889e+02
yllcorner  4.172986111111111e+01
cellsize  2.777777777820000e-04
nodata_value       -9999
[rows 110 to 131 of 146, columns 50 to 99 of 164]
1.0030709e+01 9.4410999e+00 8.2458743e+00 6.4038585e+00 4.6848639e+00 3.8330009e+00 3.3714672e+00 3.4530616e+00 2.9935387e+00 4.2854304e+00 5.6618454e+00 6.1194496e+00 6.2764289e+00 4.7730680e+00 4.2462674e+00 4.0020792e+00 9.5027225e-01 6.5255240e-04 2.8134615e+00 3.5008414e+00 3.7600802e+00 4.1501899e+00 4.4835940e+00 4.7477113e+00 4.9208273e+00 4.9607576e+00 4.8700264e+00 4.9820527e+00 5.4141068e+00 5.7743001e+00 6.1348091e+00 6.2598985e+00 6.5759985e+00 6.6520807e+00 6.7691628e+00 6.8722254e+00 7.0050054e+00 7.0928617e+00 7.1516624e+00 7.1926159e+00 7.2503001e+00 7.2640541e+00 7.2446566e+00 7.1564296e+00 7.1009848e+00 7.0556821e+00 7.0920754e+00 7.1469959e+00 7.1943865e+00 7.2538176e+00
1.1530894e+01 1.1533198e+01 1.0279519e+01 7.4243077e+00 4.0966114e+00 2.7311070e+00 3.5529124e+00 3.4231388e+00 4.4358132e+00 5.5796128e+00 6.6199030e+00 7.5607094e+00 8.2422653e+00 4.2069714e+00 4.6608738e+00 5.6213811e+00 3.3591765e+00 4.0256093e-04 8.7972009e-04 2.8474346e+00 3.4198372e+00 3.7641361e+00 4.0981460e+00 4.3598242e+00 4.5665328e+00 4.6799443e+00 4.7077082e+00 4.6302664e+00 4.8417060e+00 5.3531445e+00 5.7469899e+00 6.0633988e+00 6.2712032e+00 6.5536666e+00 6.6547171e+00 6.7575693e+00 6.8577068e+00 6.9558892e+00 7.0133152e+00 7.0626671e+00 7.0734852e+00 7.0492852e+00 6.9891445e+00 6.9301835e+00 6.9124163e+00 6.9415088e+00 7.0307814e+00 7.1306194e+00 7.2211283e+00 7.2903701e+00
1.2618420e+01 1.2846676e+01 1.1996427e+01 8.7340775e+00 1.5953620e-04 0.0000000e+00 4.4353411e-04 3.3339013e+00 4.8479238e+00 6.3879802e+00 7.7660704e+00 8.7917633e+00 9.6638690e+00 9.8309993e+00 1.0044995e+01 9.7129822e+00 8.2654615e+00 2.2467724e+00 1.7805428e-04 5.3800078e-01 3.1664985e+00 3.4682443e+00 3.7534551e+00 4.0229641e+00 4.2397672e+00 4.3971154e+00 4.4943844e+00 4.5121128e+00 4.5388528e+00 4.9363341e+00 5.3948055e+00 5.7438747e+00 6.0228918e+00 6.2460319e+00 6.3941388e+00 6.4350849e+00 6.3733068e+00 6.4699420e+00 6.5278309e+00 6.5815032e+00 6.6384014e+00 6.6455936e+00 6.6645486e+00 6.6782154e+00 6.7235603e+00 6.8294373e+00 7.0120334e+00 7.1521156e+00 7.2763630e+00 7.3863148e+00
1.3624018e+01 1.2711865e+01 1.2754957e+01 9.9343584e+00 8.8468236e-01 0.0000000e+00 0.0000000e+00 6.9027058e-04 7.0230438e+00 7.9590518e+00 9.2466825e+00 9.6884802e+00 1.0284548e+01 1.0677332e+01 1.1104273e+01 1.0626264e+01 1.0322762e+01 8.7682286e+00 1.0930553e+00 8.6583341e-04 2.6289432e+00 3.2640585e+00 3.4291905e+00 3.7078101e+00 3.9321788e+00 4.1261221e+00 4.2784157e+00 4.4201356e+00 4.6143785e+00 4.7552977e+00 5.1757741e+00 5.5213646e+00 5.7830414e+00 5.9259106e+00 5.8815621e+00 5.6448342e+00 5.5215477e+00 5.6070333e+00 5.8154852e+00 5.9714917e+00 6.1010552e+00 6.2195707e+00 6.3717058e+00 6.5313226e+00 6.6428111e+00 6.8034340e+00 6.9808800e+00 7.1967657e+00 7.3802461e+00 7.5119949e+00
1.4110694e+01 1.4490869e+01 1.4130894e+01 1.2311923e+01 8.8498546e+00 5.8544512e+00 2.3245017e+00 3.9036192e+00 1.0278158e+01 9.5988795e+00 1.0655186e+01 9.3564798e+00 1.0429008e+01 1.0887880e+01 1.1326554e+01 1.1221261e+01 1.0577656e+01 1.0124677e+01 7.2893236e+00 5.7039440e-04 2.7751562e-02 3.2188462e+00 3.2241468e+00 3.4152715e+00 3.6548363e+00 3.8773041e+00 4.0593973e+00 4.2783393e+00 4.6136736e+00 4.9532202e+00 5.0614470e+00 5.2846004e+00 5.4254377e+00 5.3287444e+00 5.0300794e+00 4.8217599e+00 4.8458639e+00 5.2638501e+00 5.5603199e+00 5.6476400e+00 5.8152127e+00 5.9585384e+00 6.2093197e+00 6.4654560e+00 6.6651442e+00 6.8437667e+00 7.0886156e+00 7.3489852e+00 7.5985687e+00 7.7117901e+00
1.4232591e+01 1.4726634e+01 1.4459097e+01 1.1223828e+01 1.2289057e+01 1.2004360e+01 1.0961287e+01 1.1718093e+01 1.2051968e+01 1.1859429e+01 1.1356909e+01 1.1016119e+01 1.2371743e+01 1.2312572e+01 1.1664723e+01 1.1641111e+01 1.1652123e+01 1.0758481e+01 8.3762447e+00 4.0737922e+00 3.7057830e-04 1.8792976e+00 3.1672258e+00 3.1958557e+00 3.4157799e+00 3.6266170e+00 3.8368978e+00 4.0835123e+00 4.4488633e+00 4.8238950e+00 5.0863780e+00 5.0207931e+00 4.9310008e+00 4.5972540e+00 4.4061733e+00 4.3655963e+00 4.5022894e+00 4.9904033e+00 5.4432176e+00 5.4954964e+00 5.7021006e+00 5.9550699e+00 6.2319698e+00 6.4866659e+00 6.7096517e+00 6.9429926e+00 7.2359971e+00 7.5582151e+00 7.8819832e+00 7.9773729e+00
1.4572514e+01 1.4722206e+01 1.4808195e+01 1.5320260e+01 1.4619124e+01 1.4326035e+01 1.4208758e+01 1.3969905e+01 1.3405803e+01 1.2747274e+01 1.2641430e+01 1.2715476e+01 1.2720229e+01 1.2569800e+01 1.2144236e+01 1.2387537e+01 1.2201595e+01 1.1447912e+01 1.0361269e+01 7.3647181e+00 1.6692228e+00 5.1807990e-04 2.2496349e+00 3.1279278e+00 3.2305010e+00 3.4334877e+00 3.6529867e+00 3.8874229e+00 4.2103487e+00 4.5219585e+00 4.8178255e+00 4.7655138e+00 4.4206800e+00 4.1996630e+00 4.1107804e+00 4.2149636e+00 4.3693678e+00 4.6311139e+00 4.9540059e+00 5.3291593e+00 5.6758742e+00 6.0096794e+00 6.3199356e+00 6.5589760e+00 6.7786407e+00 7.0354474e+00 7.3928233e+00 8.1125442e+00 8.1448514e+00 8.0462680e+00
1.5789808e+01 1.5651321e+01 1.5320144e+01 1.4698544e+01 1.5118818e+01 1.4917667e+01 1.4510933e+01 1.4431776e+01 1.3592245e+01 1.3394965e+01 1.3239097e+01 1.3422112e+01 1.3434110e+01 1.3132402e+01 1.2265132e+01 1.2291342e+01 1.1949826e+01 1.1278144e+01 1.1420557e+01 1.0789188e+01 7.1761257e+00 4.0221172e-04 9.3570915e-04 2.6260556e+00 3.1115534e+00 3.1868200e+00 3.3157590e+00 3.4795003e+00 3.6735944e+00 3.8623916e+00 4.0582927e+00 4.1600509e+00 4.0882613e+00 3.9590749e+00 3.9184683e+00 3.9810661e+00 4.2106313e+00 4.5574297e+00 4.9212969e+00 5.4135815e+00 5.8029693e+00 6.0824252e+00 6.4211100e+00 6.6890031e+00 6.9109021e+00 7.1386940e+00 7.1326031e+00 7.4742598e+00 8.1674396e+00 8.1774042e+00
1.6077314e+01 1.6530912e+01 1.6272465e+01 1.5918016e+01 1.5526684e+01 1.4854162e+01 1.4663958e+01 1.4471012e+01 1.4373807e+01 1.3964790e+01 1.3428215e+01 1.3687799e+01 1.3594244e+01 1.3533374e+01 1.2742760e+01 1.1786686e+01 1.2522407e+01 1.1487183e+01 1.0840058e+01 1.1300226e+01 9.3198896e+00 6.3858382e-02 7.4882695e-04 4.3824773e-01 2.6719278e+00 3.1034532e+00 3.2403090e+00 3.1988628e+00 3.2326583e+00 3.2572420e+00 3.2491717e+00 3.4061866e+00 3.5755098e+00 3.6957865e+00 3.6493967e+00 3.7522824e+00 4.0503237e+00 4.5002919e+00 5.0196386e+00 5.5159552e+00 6.0477344e+00 6.3275706e+00 6.6435760e+00 6.8871286e+00 7.1555762e+00 7.4071572e+00 7.5917991e+00 7.7776090e+00 8.1685793e+00 8.3996713e+00
1.6151683e+01 1.5787081e+01 1.6238532e+01 1.5931989e+01 1.5419668e+01 1.4571889e+01 1.4866444e+01 1.4772404e+01 1.4980637e+01 1.4577450e+01 1.3583698e+01 1.3446157e+01 1.3038715e+01 1.3944266e+01 1.3889127e+01 1.2944566e+01 1.2897426e+01 1.1746105e+01 1.2172903e+01 1.1630871e+01 1.1199240e+01 4.4408941e+00 0.0000000e+00 8.9422842e-04 9.1763082e-04 2.4652942e+00 2.5157745e+00 2.7799911e+00 2.6296659e+00 2.8432820e+00 2.8111559e+00 2.7571703e+00 2.9988783e+00 3.2125090e+00 3.5262029e+00 3.5904155e+00 3.8812635e+00 4.5812460e+00 5.2961558e+00 5.9009028e+00 6.3779150e+00 6.6780499e+00 6.9946153e+00 7.2538644e+00 7.5251570e+00 7.7823585e+00 8.0837507e+00 8.3554450e+00 8.5156608e+00 8.6748605e+00
1.6333252e+01 1.6434027e+01 1.6268943e+01 1.5712810e+01 1.5433950e+01 1.5301932e+01 1.5353656e+01 1.4970518e+01 1.4013099e+01 1.4932288e+01 1.4065855e+01 1.3651352e+01 1.3627595e+01 1.3708869e+01 1.4199870e+01 1.4144250e+01 1.3643955e+01 1.3182179e+01 1.2479466e+01 1.1106540e+01 1.1727879e+01 9.5657330e+00 6.0509852e-01 8.4468448e-04 9.5671527e-04 4.3937465e-04 8.0606990e-04 9.4311338e-04 9.8730022e-04 7.6022689e-04 2.0673423e+00 1.4505330e+00 2.8406022e+00 2.8001485e+00 2.9535642e+00 3.7808830e+00 4.0573957e+00 4.6398493e+00 5.8340891e+00 6.6405260e+00 6.9872517e+00 7.2137699e+00 7.5039813e+00 7.7756396e+00 8.0413430e+00 8.2652475e+00 8.5234564e+00 8.7529117e+00 8.9278242e+00 9.0493396e+00
1.6648469e+01 1.6454176e+01 1.6566851e+01 1.6125738e+01 1.5586338e+01 1.5460080e+01 1.5235039e+01 1.5169426e+01 1.4915950e+01 1.5460237e+01 1.4540698e+01 1.4053953e+01 1.3792841e+01 1.3905454e+01 1.4381665e+01 1.3897574e+01 1.4183698e+01 1.3443733e+01 1.2641388e+01 1.2261030e+01 1.2033218e+01 1.2499434e+01 9.1023075e+00 2.2955795e+00 8.0765979e-04 7.4310988e-04 9.4559988e-04 1.8259618e-04 9.5528581e-04 8.3350153e-04 7.8319439e-04 8.2986482e-04 9.2298688e-04 9.4824834e-04 8.2420691e-04 4.1425812e-01 1.3560064e+00 2.8353855e+00 7.3258619e+00 7.6483311e+00 7.7868760e+00 7.9757665e+00 8.2287820e+00 8.4454889e+00 8.6623995e+00 8.8382770e+00 9.0255802e+00 9.1463347e+00 9.2843348e+00 9.4522262e+00
1.7063780e+01 1.6961504e+01 1.6821643e+01 1.6356642e+01 1.5877915e+01 1.5676459e+01 1.5572287e+01 1.5538225e+01 1.5552288e+01 1.5319669e+01 1.4836875e+01 1.4554541e+01 1.4446858e+01 1.4447977e+01 1.4781616e+01 1.4641183e+01 1.3345638e+01 1.3496123e+01 1.3226849e+01 1.2735157e+01 1.1849056e+01 1.2719298e+01 1.2365676e+01 9.9488769e+00 8.4749244e+00 3.8340033e+00 2.7048955e+00 4.3560134e+00 8.9611495e+00 8.9572668e+00 9.3349945e+00 8.8770109e+00 7.5899025e+00 6.3062205e+00 4.3230910e+00 2.4187176e+00 3.1715829e-01 6.5665231e-01 8.8523463e+00 9.1119824e+00 8.8654776e+00 8.9277471e+00 9.0740544e+00 9.2099305e+00 9.3184848e+00 9.4359677e+00 9.5057696e+00 9.5526574e+00 9.5259141e+00 9.7254641e+00
1.6818292e+01 1.6945650e+01 1.6927634e+01 1.6586475e+01 1.6370351e+01 1.4855179e+01 1.5676472e+01 1.6077829e+01 1.5725315e+01 1.5466386e+01 1.5216690e+01 1.5135326e+01 1.4977040e+01 1.5045565e+01 1.4950045e+01 1.4705966e+01 1.4803097e+01 1.3385240e+01 1.3702622e+01 1.3370015e+01 1.3056006e+01 1.2840036e+01 1.2685125e+01 1.2594204e+01 1.1368909e+01 6.3566048e+00 4.8995869e+00 6.5743515e+00 9.1867021e+00 1.1949137e+01 1.1801666e+01 1.1439471e+01 1.1638797e+01 1.1197256e+01 1.0868645e+01 1.1408463e+01 1.0998453e+01 1.0265090e+01 1.0682257e+01 1.0179709e+01 9.9407449e+00 9.8732882e+00 9.8796253e+00 9.8802139e+00 9.8860153e+00 9.9367120e+00 9.9817730e+00 9.9670245e+00 9.7951833e+00 9.7474722e+00
1.7461375e+01 1.7385748e+01 1.7188142e+01 1.6974749e+01 1.6649663e+01 1.3008480e+01 1.5660646e+01 1.6581720e+01 1.6196545e+01 1.5972956e+01 1.5793749e+01 1.5702143e+01 1.5449259e+01 1.5403423e+01 1.5312625e+01 1.4986342e+01 1.4810997e+01 1.3632437e+01 1.3743496e+01 1.4174618e+01 1.4114915e+01 1.3497804e+01 1.2777667e+01 1.2664131e+01 1.2369618e+01 9.7056233e+00 6.6805280e+00 6.8622826e+00 9.1726792e+00 1.1933036e+01 1.1175330e+01 1.1759191e+01 1.1489288e+01 1.1833774e+01 1.2062443e+01 1.1910116e+01 1.0825374e+01 1.1165523e+01 1.0857938e+01 1.0663199e+01 1.0532256e+01 1.0447802e+01 1.0373223e+01 1.0340625e+01 1.0310178e+01 1.0303648e+01 1.0341018e+01 9.6212220e+00 1.0029552e+01 1.0109260e+01
1.7718428e+01 1.7620714e+01 1.7555371e+01 1.7310164e+01 1.7314838e+01 1.7254075e+01 1.7214447e+01 1.7117204e+01 1.7006706e+01 1.6773711e+01 1.6470968e+01 1.6381571e+01 1.6036108e+01 1.6052838e+01 1.5790211e+01 1.5402371e+01 1.3626103e+01 1.4688984e+01 1.4629739e+01 1.4121547e+01 1.4025055e+01 1.4353759e+01 1.3614169e+01 1.3145358e+01 1.2791623e+01 1.2245201e+01 9.4649448e+00 9.1627129e+00 1.2220459e+01 1.1915373e+01 1.1249456e+01 1.1793818e+01 1.1037383e+01 1.1236205e+01 1.2039041e+01 1.1989403e+01 1.2175382e+01 1.1565963e+01 1.1199173e+01 1.1052527e+01 1.0907895e+01 1.0800035e+01 1.0731791e+01 1.0667813e+01 1.0642364e+01 1.0574776e+01 1.0494901e+01 9.2299876e+00 9.5641108e+00 1.0325999e+01
1.7998684e+01 1.7897531e+01 1.7845412e+01 1.7802621e+01 1.7687559e+01 1.7535679e+01 1.7485827e+01 1.7170083e+01 1.7392180e+01 1.7142435e+01 1.7133926e+01 1.6642925e+01 1.6500125e+01 1.6319387e+01 1.6158251e+01 1.5667123e+01 1.4984001e+01 1.5320930e+01 1.5246540e+01 1.5118256e+01 1.4592314e+01 1.5038340e+01 1.4490630e+01 1.3797651e+01 1.3459845e+01 1.2638486e+01 1.2815895e+01 1.3193348e+01 1.2809958e+01 1.2256629e+01 1.1990393e+01 1.1915682e+01 1.1711939e+01 1.1943997e+01 1.2141878e+01 1.2416761e+01 1.2297477e+01 1.1996201e+01 1.1460141e+01 1.1263662e+01 1.1129911e+01 1.1014327e+01 1.0928622e+01 1.0838457e+01 1.0790238e+01 1.0727836e+01 1.0631866e+01 1.0646472e+01 1.0679231e+01 1.0634104e+01
1.8322029e+01 1.8217812e+01 1.8139761e+01 1.8152254e+01 1.8017596e+01 1.7853824e+01 1.7663738e+01 1.7531714e+01 1.7481316e+01 1.7316003e+01 1.7142398e+01 1.7073573e+01 1.6821726e+01 1.6548415e+01 1.6462693e+01 1.6321270e+01 1.5908197e+01 1.5591448e+01 1.5618967e+01 1.5496050e+01 1.5469116e+01 1.5475556e+01 1.5245673e+01 1.4379228e+01 1.3932500e+01 1.3122668e+01 1.3852421e+01 1.3457639e+01 1.3025648e+01 1.2503395e+01 1.2299537e+01 1.1776966e+01 1.1124419e+01 1.1831732e+01 1.0640045e+01 1.2125108e+01 1.2455447e+01 1.2128151e+01 1.1700337e+01 1.1434429e+01 1.1270214e+01 1.1133438e+01 1.1031396e+01 1.0925111e+01 1.0858659e+01 1.0829976e+01 1.0725759e+01 1.0724918e+01 1.0679105e+01 1.0659764e+01
1.8614993e+01 1.8506306e+01 1.8407304e+01 1.8343172e+01 1.8377010e+01 1.8197379e+01 1.7933164e+01 1.7721926e+01 1.7600806e+01 1.7507639e+01 1.7307295e+01 1.7222612e+01 1.7053680e+01 1.6926792e+01 1.6644117e+01 1.6210057e+01 1.5973509e+01 1.5585506e+01 1.5829644e+01 1.5812832e+01 1.5766980e+01 1.5574804e+01 1.5494543e+01 1.4752046e+01 1.4632189e+01 1.4377652e+01 1.4090414e+01 1.3677653e+01 1.3563888e+01 1.2957942e+01 1.2869928e+01 1.2476717e+01 1.1765799e+01 1.1843010e+01 1.1937844e+01 1.2673724e+01 1.2672517e+01 1.2177420e+01 1.1831770e+01 1.1602656e+01 1.1420868e+01 1.1268499e+01 1.1162186e+01 1.1046616e+01 1.0972720e+01 1.0923520e+01 1.0865258e+01 1.0872968e+01 1.0861041e+01 1.0786957e+01
1.8902462e+01 1.8937130e+01 1.8741873e+01 1.8459621e+01 1.8342582e+01 1.8231750e+01 1.8121888e+01 1.7906181e+01 1.7747813e+01 1.7695380e+01 1.7519913e+01 1.7390172e+01 1.7287269e+01 1.7332023e+01 1.6969167e+01 1.6960294e+01 1.6326993e+01 1.5581362e+01 1.6011563e+01 1.6163053e+01 1.6090447e+01 1.5850820e+01 1.5276033e+01 1.4993917e+01 1.4897899e+01 1.4832874e+01 1.4312512e+01 1.3464915e+01 1.3920516e+01 1.3964262e+01 1.2938123e+01 1.2780536e+01 1.2632627e+01 1.2100255e+01 1.2697302e+01 1.2701443e+01 1.1681624e+01 1.2156849e+01 1.2053785e+01 1.1802379e+01 1.1607271e+01 1.1453733e+01 1.1342540e+01 1.1235515e+01 1.1167711e+01 1.1140153e+01 1.1122480e+01 1.0712973e+01 1.1177060e+01 1.1079996e+01
1.9112397e+01 1.8901094e+01 1.8893870e+01 1.8654483e+01 1.8438570e+01 1.8377152e+01 1.8371102e+01 1.8167952e+01 1.8034112e+01 1.7961492e+01 1.7875024e+01 1.7770054e+01 1.7696217e+01 1.7643391e+01 1.7340887e+01 1.7200691e+01 1.6623583e+01 1.3543904e+01 1.5513703e+01 1.5963968e+01 1.5731168e+01 1.5655367e+01 1.5651610e+01 1.5514136e+01 1.5340700e+01 1.5372141e+01 1.4587251e+01 1.4135878e+01 1.2716749e+01 1.3450534e+01 1.3880128e+01 1.3536358e+01 1.3062939e+01 1.1773652e+01 1.2197176e+01 1.1904906e+01 1.1429032e+01 1.2239670e+01 1.2204373e+01 1.1974533e+01 1.1765205e+01 1.1608882e+01 1.1518472e+01 1.1460080e+01 1.1471066e+01 1.1510889e+01 1.1401053e+01 1.0990917e+01 1.1290101e+01 1.1445022e+01
1.9196493e+01 1.9084705e+01 1.8932394e+01 1.8819844e+01 1.8623107e+01 1.8551705e+01 1.8540522e+01 1.8529888e+01 1.8468289e+01 1.8376581e+01 1.8290476e+01 1.8161120e+01 1.7997727e+01 1.7760304e+01 1.7649744e+01 1.7220344e+01 1.6896008e+01 1.6427499e+01 1.6728057e+01 1.6314826e+01 1.6101821e+01 1.5534509e+01 1.5189490e+01 1.5636766e+01 1.5695808e+01 1.5748397e+01 1.5085831e+01 1.4588602e+01 1.4239969e+01 1.4199278e+01 1.3986372e+01 1.3553612e+01 1.3259989e+01 1.3213748e+01 1.3058302e+01 1.2986136e+01 1.2774218e+01 1.2634816e+01 1.2374979e+01 1.2153774e+01 1.1963934e+01 1.1812409e+01 1.1729383e+01 1.1710255e+01 1.1568730e+01 1.1525135e+01 1.1565563e+01 9.4578261e+00 8.9034398e+00 1.0275753e+01
