ahotovec/data/depth_0026.asc
ncols     164
nrows     146
xllcorner -1.242151388888889e+02
yllcorner  4.172986111111111e+01
cellsize  2.777777777820000e-04
nodata_value       -9999
[rows 110 to 131 of 146, columns 100 to 149 of 164]
8.5692391e+00 8.5307476e+00 8.5274833e+00 8.4784815e+00 8.3701429e+00 8.3571943e+00 5.2208850e+00 2.4384521e+00 1.5403509e+00 9.2063760e-01 9.3181954e-04 8.9241775e-04 7.2153410e-04 1.5272527e+00 2.7219715e+00 3.3787842e+00 3.6835013e+00 3.4517132e+00 3.4025778e+00 5.0498858e+00 5.9223989e+00 6.0858861e+00 6.2399330e+00 6.1746072e+00 5.6427930e+00 5.8054458e+00 5.7943905e+00 5.9170028e+00 5.9396142e+00 6.1341377e+00 5.9688008e+00 5.3465598e+00 5.6315341e+00 6.2025393e+00 6.7175060e+00 6.8836445e+00 6.8864889e+00 6.6210508e+00 6.5718064e+00 6.6743330e+00 6.8174783e+00 6.8607460e+00 6.9175550e+00 7.0947492e+00 7.1649315e+00 7.2216643e+00 7.2553427e+00 7.1286316e+00 7.0242619e+00 6.8481891e+00
8.6438831e+00 8.6693902e+00 8.6266240e+00 8.5693575e+00 8.4528852e+00 8.4846280e+00 8.2819261e+00 6.2394758e+00 4.7194569e+00 4.4936356e+00 2.3922529e+00 3.0529725e+00 3.5710975e+00 3.8552776e+00 3.6882230e+00 3.6520650e+00 4.1929886e+00 4.1938413e+00 3.8917501e+00 5.1862502e+00 5.9956896e+00 6.0986707e+00 6.2852445e+00 6.3167487e+00 5.7301891e+00 5.5284375e+00 5.4496418e+00 5.9168050e+00 6.1107583e+00 6.3559639e+00 6.4179461e+00 6.2495119e+00 6.2142621e+00 6.4261824e+00 7.0762920e+00 7.3578809e+00 7.2536604e+00 7.0304190e+00 6.8220752e+00 6.8592838e+00 7.0435245e+00 7.0814208e+00 7.0105044e+00 7.0763777e+00 7.1613182e+00 7.2420057e+00 7.3915617e+00 7.3281264e+00 7.1518990e+00 7.0341949e+00
8.7281575e+00 8.7868541e+00 8.8086301e+00 8.7473296e+00 8.6916617e+00 8.5608863e+00 8.5920884e+00 8.8891611e+00 8.5519756e+00 7.4062407e+00 6.2553545e+00 6.2283857e+00 6.4749318e+00 5.9668649e+00 4.7195510e+00 4.2930892e+00 4.8018006e+00 4.9308653e+00 5.0547730e+00 5.8705562e+00 6.2261215e+00 5.9943182e+00 6.0747850e+00 6.1427595e+00 5.9364834e+00 5.9123098e+00 5.4104171e+00 6.0651705e+00 6.4141161e+00 6.7374906e+00 7.0666883e+00 7.2027236e+00 6.8712303e+00 6.5705419e+00 7.0651920e+00 7.4994407e+00 7.5116347e+00 7.2864469e+00 7.0037939e+00 6.9592817e+00 7.1975300e+00 7.1608452e+00 7.1129043e+00 7.0982637e+00 7.1310910e+00 7.1785249e+00 7.3301472e+00 7.3726422e+00 7.2894636e+00 7.2494477e+00
8.8833145e+00 8.9398101e+00 8.9678718e+00 8.9607972e+00 8.9292556e+00 8.8661143e+00 8.7487295e+00 8.6905624e+00 8.4451108e+00 7.8725155e+00 8.2080995e+00 8.0329639e+00 7.7978737e+00 7.1726193e+00 6.1137170e+00 5.7670815e+00 5.9093066e+00 6.1706027e+00 6.5609018e+00 6.9501677e+00 6.8360683e+00 6.4072994e+00 6.1482772e+00 6.1983119e+00 6.3237914e+00 6.7187356e+00 6.3225771e+00 6.6140080e+00 6.8512372e+00 7.1172367e+00 7.5218443e+00 8.0291395e+00 7.4601196e+00 7.1195261e+00 7.4463246e+00 7.8092552e+00 7.8749551e+00 7.5951602e+00 7.3082483e+00 7.2064378e+00 7.2720178e+00 7.2239646e+00 7.1756308e+00 7.1426944e+00 7.1834168e+00 7.2655636e+00 7.3931403e+00 7.4447107e+00 7.4173997e+00 7.4044277e+00
9.0614751e+00 9.1363986e+00 9.1619558e+00 9.1971093e+00 9.1949825e+00 9.1411352e+00 9.0509987e+00 8.9354391e+00 8.7857644e+00 8.7053690e+00 9.1755829e+00 8.8093562e+00 8.7342978e+00 8.4905241e+00 7.9460749e+00 7.5531178e+00 7.5483082e+00 7.5419077e+00 7.8221067e+00 7.9521481e+00 7.7481968e+00 7.1307122e+00 6.6111209e+00 6.6400180e+00 6.9360321e+00 7.1804783e+00 7.1561347e+00 7.2667036e+00 7.3976307e+00 7.4064417e+00 7.4013626e+00 7.7684119e+00 7.6203440e+00 7.5694978e+00 7.8743774e+00 8.2867272e+00 8.4927661e+00 8.0263122e+00 7.5331077e+00 7.4424050e+00 7.4026136e+00 7.2989780e+00 7.2950674e+00 7.2576246e+00 7.2990092e+00 7.4198384e+00 7.5194428e+00 7.5883926e+00 7.5387645e+00 7.4523882e+00
9.2985285e+00 9.3626704e+00 9.3913783e+00 9.4100030e+00 9.4222911e+00 9.3799593e+00 9.3399385e+00 9.2355065e+00 9.1089141e+00 9.0753548e+00 9.0296922e+00 9.2594729e+00 9.8848427e+00 9.7541950e+00 9.4605893e+00 9.1854825e+00 8.7740628e+00 8.6866498e+00 9.0427711e+00 9.0909519e+00 8.7786117e+00 8.0861223e+00 7.5131556e+00 7.3909112e+00 7.5923968e+00 7.7738063e+00 7.8154647e+00 7.9322562e+00 7.9967586e+00 7.7789008e+00 7.6041142e+00 7.7029329e+00 7.7224690e+00 7.8355129e+00 8.1462713e+00 8.6528923e+00 8.9842454e+00 8.4525306e+00 7.8663876e+00 7.7833722e+00 7.7054301e+00 7.5461079e+00 7.5024069e+00 7.4409128e+00 7.4913358e+00 7.6321498e+00 7.7001133e+00 7.7647286e+00 7.6770538e+00 7.5362840e+00
9.5278102e+00 9.5068000e+00 9.5740719e+00 9.6908691e+00 9.7115271e+00 9.7517123e+00 9.6102400e+00 9.5400156e+00 9.3860216e+00 9.4569935e+00 9.5270018e+00 1.0102283e+01 1.0855721e+01 1.0562996e+01 1.0253617e+01 9.7105645e+00 8.9405968e+00 9.0048687e+00 9.8930677e+00 9.8309633e+00 9.2979939e+00 8.7068457e+00 8.2443991e+00 8.1186946e+00 8.2279709e+00 8.3149277e+00 8.5828419e+00 8.2749144e+00 8.2049912e+00 7.9529887e+00 7.7552231e+00 7.6978662e+00 7.7326270e+00 7.9133924e+00 8.1435637e+00 8.5922531e+00 8.8340692e+00 8.5188620e+00 8.0772837e+00 8.0300852e+00 8.0698747e+00 7.9412457e+00 7.6997866e+00 7.5765380e+00 7.7173322e+00 7.9461034e+00 7.8358862e+00 7.8154516e+00 7.7302189e+00 7.6256436e+00
9.5537922e+00 9.7136659e+00 9.7647875e+00 9.8539522e+00 9.9485880e+00 9.9307013e+00 9.8725824e+00 9.7066135e+00 9.5345346e+00 9.7577099e+00 1.0118548e+01 1.0297607e+01 1.0046922e+01 9.9899043e+00 9.8813395e+00 9.5587168e+00 8.6839168e+00 7.8461463e+00 9.5693869e+00 9.8213714e+00 9.5257061e+00 9.2141626e+00 9.0414013e+00 9.0172556e+00 9.1139510e+00 9.1886331e+00 9.1753044e+00 8.7287942e+00 8.5477223e+00 8.2491805e+00 7.9242793e+00 7.7130557e+00 7.6565870e+00 7.8539304e+00 8.1268221e+00 8.3520315e+00 8.4714589e+00 8.3259600e+00 8.0949062e+00 7.9277439e+00 8.1040444e+00 8.1356589e+00 8.0959743e+00 7.8928022e+00 7.9593812e+00 8.1099743e+00 7.9684121e+00 7.8585897e+00 7.7847922e+00 7.7252890e+00
9.8462561e+00 1.0001449e+01 1.0095678e+01 1.0066944e+01 1.0074445e+01 1.0189322e+01 1.0113961e+01 9.8294329e+00 1.0062592e+01 1.0648415e+01 1.0850086e+01 1.0916157e+01 1.0333381e+01 1.0095926e+01 9.3738652e+00 9.9845469e+00 1.0031179e+01 9.0186732e+00 9.1972058e+00 9.2911863e+00 9.3321436e+00 9.4004238e+00 9.5185444e+00 9.7058912e+00 9.6841001e+00 9.6593136e+00 9.5025789e+00 9.2352171e+00 8.9408380e+00 8.5089229e+00 8.0942070e+00 7.7965303e+00 7.6568282e+00 7.8769249e+00 8.0988267e+00 8.1996166e+00 8.2620309e+00 8.2184176e+00 8.1496819e+00 8.0462130e+00 8.1562684e+00 8.2848036e+00 8.4240603e+00 8.2459055e+00 8.1731805e+00 8.1602906e+00 8.0214912e+00 7.8749649e+00 7.8283404e+00 7.8217544e+00
1.0176091e+01 9.8452122e+00 1.0243374e+01 1.0744371e+01 1.0949773e+01 1.0569399e+01 1.0369526e+01 9.8046554e+00 9.7890154e+00 1.1094971e+01 1.0948652e+01 1.0871562e+01 1.1114231e+01 1.1397199e+01 1.0813207e+01 1.0974179e+01 1.0687724e+01 9.7689936e+00 8.4920722e+00 8.4817718e+00 9.0203338e+00 9.4009631e+00 9.7425719e+00 1.0072067e+01 9.9825931e+00 9.8838881e+00 9.7686725e+00 9.5901093e+00 9.3535862e+00 8.8458186e+00 8.3316472e+00 8.0888669e+00 8.0167377e+00 8.1814467e+00 8.3447923e+00 8.2823078e+00 8.2426657e+00 8.2203739e+00 8.1843536e+00 8.1168741e+00 8.1672596e+00 8.2273679e+00 8.3811392e+00 8.3674359e+00 8.2882794e+00 8.1960342e+00 8.0524243e+00 7.8969186e+00 7.8731357e+00 7.9211959e+00
1.0313738e+01 1.0381439e+01 1.0548902e+01 1.1436323e+01 1.2446990e+01 1.2120456e+01 1.2113520e+01 1.0701877e+01 9.6124131e+00 1.0666550e+01 1.0389376e+01 1.0642200e+01 1.1232812e+01 1.1475631e+01 1.1494158e+01 1.1293337e+01 1.0732869e+01 9.4586150e+00 7.6732262e+00 8.2538546e+00 9.1905069e+00 9.5645054e+00 9.9370475e+00 1.0228919e+01 1.0171019e+01 1.0035099e+01 9.9298439e+00 9.8546899e+00 9.7898438e+00 9.2727104e+00 8.7377785e+00 8.5197793e+00 8.4715105e+00 8.5982326e+00 8.7777209e+00 8.6359036e+00 8.4648897e+00 8.3792793e+00 8.3238228e+00 8.2734876e+00 8.2443557e+00 8.3585103e+00 8.4450686e+00 8.4526446e+00 8.3886153e+00 8.2976580e+00 8.1994986e+00 8.0804296e+00 8.0590834e+00 8.0750831e+00
1.1084920e+01 1.0852652e+01 1.1045770e+01 1.1653547e+01 1.2034655e+01 1.2830546e+01 1.3785399e+01 1.3163014e+01 1.2356653e+01 1.1854980e+01 1.1189830e+01 1.1250055e+01 1.1366686e+01 1.1302964e+01 1.1413632e+01 1.1375139e+01 1.1142163e+01 1.0670856e+01 1.0284004e+01 9.8181122e+00 9.6742357e+00 9.9404280e+00 1.0241122e+01 1.0414228e+01 1.0346809e+01 1.0142921e+01 9.9881140e+00 9.9254453e+00 9.8196896e+00 9.4513577e+00 9.1075655e+00 8.9152738e+00 8.9003088e+00 8.9101952e+00 8.9309927e+00 8.8469150e+00 8.7421288e+00 8.6605430e+00 8.5416069e+00 8.4855912e+00 8.4369055e+00 8.5282191e+00 8.5942952e+00 8.6080102e+00 8.5277114e+00 8.4483648e+00 8.3657384e+00 8.2922364e+00 8.2752766e+00 8.2572651e+00
1.1769237e+01 1.1713624e+01 1.1752750e+01 1.1917327e+01 1.1827993e+01 1.2052986e+01 1.2267848e+01 1.2658246e+01 1.2328251e+01 1.1883229e+01 1.1554562e+01 1.1562235e+01 1.1388109e+01 1.1267355e+01 1.1264781e+01 1.1341204e+01 1.1434174e+01 1.1358537e+01 1.1170991e+01 1.0651856e+01 1.0310411e+01 1.0421073e+01 1.0606492e+01 1.0692143e+01 1.0577554e+01 1.0459260e+01 1.0163109e+01 9.9531967e+00 9.8010796e+00 9.5582744e+00 9.3534122e+00 9.2241472e+00 9.2237147e+00 9.1417848e+00 9.0823139e+00 9.0589748e+00 9.0215681e+00 8.8813639e+00 8.7407559e+00 8.6562783e+00 8.6505100e+00 8.6963578e+00 8.7644955e+00 8.8138995e+00 8.7174293e+00 8.6434172e+00 8.5609688e+00 8.5033760e+00 8.4746724e+00 8.4587106e+00
1.2230097e+01 1.2395486e+01 1.2200057e+01 1.2086277e+01 1.1252795e+01 1.0991746e+01 1.2039199e+01 1.1920517e+01 1.1789497e+01 1.1547355e+01 1.1391715e+01 1.1730206e+01 1.1391950e+01 1.1187651e+01 1.1065614e+01 1.0969007e+01 1.1476828e+01 1.1479829e+01 1.1239071e+01 1.0918383e+01 1.0731338e+01 1.0793719e+01 1.0977357e+01 1.1045740e+01 1.0795007e+01 1.0658610e+01 1.0341825e+01 1.0028165e+01 9.8480263e+00 9.6731056e+00 9.5457072e+00 9.4592123e+00 9.3949013e+00 9.2633866e+00 9.1882705e+00 9.2000780e+00 9.2129231e+00 9.0206705e+00 8.8826708e+00 8.8193288e+00 8.8192045e+00 8.8429918e+00 8.8988008e+00 8.9286951e+00 8.8432113e+00 8.7706221e+00 8.7076474e+00 8.6737275e+00 8.6311256e+00 8.6006515e+00
1.2194596e+01 1.2425195e+01 1.2298669e+01 1.2081301e+01 1.1567075e+01 1.1249618e+01 1.1637517e+01 1.1703986e+01 1.1451125e+01 1.1348410e+01 1.1433401e+01 1.1600622e+01 1.1180966e+01 1.0891496e+01 1.0745948e+01 1.0740134e+01 1.1248921e+01 1.1360261e+01 1.1235441e+01 1.1018434e+01 1.0913383e+01 1.1066556e+01 1.1306135e+01 1.1227820e+01 1.0905003e+01 1.0655082e+01 1.0397399e+01 1.0249676e+01 1.0045222e+01 9.8406862e+00 9.7443159e+00 9.6916338e+00 9.6863466e+00 9.4874118e+00 9.2562266e+00 9.2373522e+00 9.2269421e+00 9.1327699e+00 9.0406145e+00 9.0531157e+00 9.0475153e+00 8.9737910e+00 8.9930815e+00 9.0007611e+00 8.9629943e+00 8.9200723e+00 8.8704764e+00 8.8417808e+00 8.8211111e+00 8.7692970e+00
1.1972776e+01 1.2131245e+01 1.2153415e+01 1.2242897e+01 1.2348056e+01 1.2605803e+01 1.2152996e+01 1.1726052e+01 1.1614925e+01 1.1569661e+01 1.1543327e+01 1.1263568e+01 1.0817922e+01 1.0486597e+01 1.0554201e+01 1.0738388e+01 1.1041171e+01 1.1200929e+01 1.1173959e+01 1.1040403e+01 1.0950166e+01 1.1181102e+01 1.1366798e+01 1.1218428e+01 1.0975104e+01 1.0773423e+01 1.0589709e+01 1.0416721e+01 1.0259453e+01 1.0164659e+01 1.0079038e+01 9.9507892e+00 9.9143948e+00 9.6850763e+00 9.4361038e+00 9.3520620e+00 9.2808195e+00 9.2057006e+00 9.1993195e+00 9.2250029e+00 9.2043713e+00 9.1699396e+00 9.1737178e+00 9.1702756e+00 9.1494229e+00 9.1164988e+00 9.0656259e+00 9.0391112e+00 9.0921843e+00 9.0586561e+00
1.2015356e+01 1.1892273e+01 1.1909468e+01 1.2250669e+01 1.2661353e+01 1.2947367e+01 1.2670962e+01 1.2232056e+01 1.2143410e+01 1.2240497e+01 1.1717298e+01 1.1284478e+01 1.0947575e+01 1.0769873e+01 1.0789580e+01 1.0915042e+01 1.1136783e+01 1.1264641e+01 1.1263323e+01 1.1197944e+01 1.1173917e+01 1.1307362e+01 1.1403589e+01 1.1282670e+01 1.1108653e+01 1.0816194e+01 1.0740773e+01 1.0631595e+01 1.0512963e+01 1.0443370e+01 1.0327104e+01 1.0056772e+01 9.9528021e+00 9.7966143e+00 9.6233275e+00 9.5058938e+00 9.3958167e+00 9.2905163e+00 9.3173878e+00 9.3468687e+00 9.3414362e+00 9.3088747e+00 9.3069497e+00 9.2970214e+00 9.3007829e+00 9.2952472e+00 9.2093618e+00 9.1440932e+00 9.1968698e+00 9.2081376e+00
1.1981834e+01 1.1914304e+01 1.1830009e+01 1.2267787e+01 1.2596482e+01 1.2935881e+01 1.3023538e+01 1.2646263e+01 1.2344227e+01 1.2041721e+01 1.1400069e+01 1.1374304e+01 1.1307680e+01 1.1225402e+01 1.1214202e+01 1.1299605e+01 1.1374259e+01 1.1442167e+01 1.1456656e+01 1.1424879e+01 1.1446123e+01 1.1554146e+01 1.1578332e+01 1.1461155e+01 1.1252831e+01 1.1087237e+01 1.1042310e+01 1.0960855e+01 1.0778191e+01 1.0655861e+01 1.0477019e+01 1.0221270e+01 1.0054592e+01 9.9140179e+00 9.7903233e+00 9.6878998e+00 9.6142060e+00 9.5156239e+00 9.5083537e+00 9.5255018e+00 9.5026212e+00 9.4675630e+00 9.4262468e+00 9.3953449e+00 9.4224155e+00 9.4504173e+00 9.3458195e+00 9.2698031e+00 9.2863567e+00 9.3233093e+00
1.2067152e+01 1.1950062e+01 1.1908771e+01 1.2236767e+01 1.2398937e+01 1.2778808e+01 1.2949037e+01 1.2755495e+01 1.2374358e+01 1.1970559e+01 1.1647844e+01 1.1712783e+01 1.1803827e+01 1.1743599e+01 1.1682018e+01 1.1701056e+01 1.1696903e+01 1.1695115e+01 1.1676156e+01 1.1650783e+01 1.1710949e+01 1.1844184e+01 1.1828138e+01 1.1694127e+01 1.1512498e+01 1.1369179e+01 1.1365168e+01 1.1340572e+01 1.1087194e+01 1.0865445e+01 1.0648603e+01 1.0407742e+01 1.0208574e+01 1.0081638e+01 1.0006645e+01 9.9342574e+00 9.8407082e+00 9.7819832e+00 9.7497307e+00 9.7148165e+00 9.6747184e+00 9.6520235e+00 9.5678441e+00 9.4951415e+00 9.4937027e+00 9.4987937e+00 9.4424949e+00 9.3890267e+00 9.3779691e+00 9.4552543e+00
1.2257404e+01 1.2324591e+01 1.2597954e+01 1.2832646e+01 1.2545683e+01 1.2743174e+01 1.3100843e+01 1.2805513e+01 1.2507893e+01 1.2241806e+01 1.2078786e+01 1.2114682e+01 1.2302468e+01 1.2279633e+01 1.2246096e+01 1.2207967e+01 1.2090514e+01 1.1991806e+01 1.1949222e+01 1.1950044e+01 1.1942144e+01 1.2079235e+01 1.2081640e+01 1.1986038e+01 1.1745899e+01 1.1489096e+01 1.1460314e+01 1.1431888e+01 1.1252575e+01 1.1035865e+01 1.0839334e+01 1.0620316e+01 1.0410630e+01 1.0338118e+01 1.0285421e+01 1.0223012e+01 1.0144247e+01 1.0056786e+01 9.9972202e+00 9.9624682e+00 9.8770330e+00 9.8278874e+00 9.7579375e+00 9.6538020e+00 9.6023704e+00 9.5937837e+00 9.6033993e+00 9.5400220e+00 9.4709156e+00 9.5928490e+00
1.2556513e+01 1.2530247e+01 1.2192807e+01 1.3121614e+01 1.2990633e+01 1.2634241e+01 1.3027484e+01 1.2986234e+01 1.2741240e+01 1.2662533e+01 1.2674679e+01 1.2471553e+01 1.2512351e+01 1.2608602e+01 1.2759392e+01 1.2839766e+01 1.2556211e+01 1.2267436e+01 1.2180352e+01 1.2233978e+01 1.2313324e+01 1.2428098e+01 1.2330403e+01 1.2194173e+01 1.1973932e+01 1.1501844e+01 1.1468802e+01 1.1471725e+01 1.1349333e+01 1.1209285e+01 1.1078361e+01 1.0973169e+01 1.0754937e+01 1.0663036e+01 1.0619492e+01 1.0560599e+01 1.0453777e+01 1.0349603e+01 1.0243821e+01 1.0188564e+01 1.0056766e+01 9.9592343e+00 9.9264050e+00 9.8546428e+00 9.7226865e+00 9.7261968e+00 9.7806869e+00 9.7875024e+00 9.7350038e+00 9.7304929e+00
1.2795260e+01 1.2987333e+01 1.2858383e+01 1.2539299e+01 1.2953114e+01 1.3092822e+01 1.3352908e+01 1.3013375e+01 1.2772038e+01 1.2609626e+01 1.2502035e+01 1.2434536e+01 1.2564486e+01 1.2729337e+01 1.3025884e+01 1.3282233e+01 1.2876847e+01 1.2385273e+01 1.2258779e+01 1.2340611e+01 1.2603662e+01 1.2789138e+01 1.2476498e+01 1.2197310e+01 1.1958362e+01 1.1615158e+01 1.1548934e+01 1.1585885e+01 1.1474988e+01 1.1375529e+01 1.1267005e+01 1.1166121e+01 1.1049030e+01 1.0966949e+01 1.0906717e+01 1.0950607e+01 1.0721904e+01 1.0550151e+01 1.0438115e+01 1.0315950e+01 1.0172976e+01 1.0065941e+01 1.0097120e+01 1.0108138e+01 9.8484767e+00 9.8735689e+00 9.9826291e+00 1.0028958e+01 9.9617516e+00 9.7813612e+00
