ahotovec/data/depth_0026.asc
ncols     164
nrows     146
xllcorner -1.242151388888889e+02
yllcorner  4.172986111111111e+01
cellsize  2.777777777820000e-04
nodata_value       -9999
[rows 88 to 109 of 146, columns 50 to 99 of 164]
9.4574647e-04 8.8779145e-04 9.1442580e-04 9.9696269e-04 2.3032531e-01 1.8764132e-01 3.0537393e+00 4.6925235e+00 4.7755572e+00 4.7210779e+00 4.8594238e+00 5.1187744e+00 5.4524680e+00 5.7583757e+00 6.0116652e+00 6.1503425e+00 6.4642137e+00 6.9161863e+00 7.1249842e+00 7.3491356e+00 7.3085714e+00 7.4787549e+00 7.5049746e+00 7.3873482e+00 7.5011869e+00 7.3720730e+00 7.4745959e+00 7.0018467e+00 5.8550883e+00 6.8731374e+00 7.2066305e+00 6.7801593e+00 6.9096286e+00 7.1369019e+00 7.2337238e+00 7.1139998e+00 7.2020850e+00 7.2600201e+00 7.2442531e+00 7.1754236e+00 7.2486800e+00 7.2484151e+00 7.1939090e+00 7.1895874e+00 7.2558361e+00 7.2975587e+00 7.5307523e+00 6.6674674e+00 6.6779593e+00 7.2647550e+00
1.4391022e+00 2.1213498e+00 1.6001056e+00 7.0178301e-03 5.5303979e-02 1.0547542e-01 1.6191697e-01 2.4149084e+00 4.6112757e+00 4.9527726e+00 5.0062807e+00 5.1827614e+00 5.4870418e+00 6.0427306e+00 6.2496387e+00 6.4541098e+00 6.8079588e+00 7.0071182e+00 6.9956612e+00 7.3569884e+00 7.7131785e+00 7.8098715e+00 7.6270281e+00 7.4729050e+00 7.4539179e+00 6.9278484e+00 6.4727997e+00 6.2694643e+00 5.9786809e+00 6.5008688e+00 6.9656362e+00 7.1259207e+00 7.2151093e+00 7.2965055e+00 7.3711241e+00 7.3714316e+00 7.3524694e+00 7.4333038e+00 7.4489555e+00 7.4523814e+00 7.4602940e+00 7.4634248e+00 7.5054952e+00 7.4404590e+00 7.4136167e+00 7.4278603e+00 7.5688764e+00 7.1539532e+00 6.8433170e+00 6.8123344e+00
3.9470172e+00 3.6276018e+00 2.6973806e+00 2.2823080e+00 3.6413110e-04 9.9079648e-02 2.6377979e-01 1.4875709e-01 2.1748040e+00 4.7813487e+00 5.1332519e+00 5.1983549e+00 5.4185825e+00 5.8153851e+00 6.0285533e+00 6.3158147e+00 6.5303172e+00 6.6937678e+00 6.7799640e+00 6.9806675e+00 7.1903598e+00 7.2483292e+00 7.0238646e+00 6.8607878e+00 6.7331999e+00 6.1729927e+00 5.6437822e+00 6.2329486e+00 6.6694778e+00 6.9652216e+00 7.2491623e+00 7.4039084e+00 7.4938407e+00 7.5022381e+00 7.5308488e+00 7.5817060e+00 7.6040227e+00 7.6014316e+00 7.6641218e+00 7.6786743e+00 7.6836396e+00 7.6389055e+00 7.7289090e+00 7.7496403e+00 7.6852349e+00 7.6908349e+00 7.6254673e+00 7.5715789e+00 7.0273263e+00 7.0360257e+00
3.9749817e+00 4.0215003e+00 3.8142303e+00 3.6753703e+00 4.8605849e-01 8.8587575e-04 8.5997364e-01 1.0240210e+00 4.8779765e-01 2.0735640e+00 4.9133725e+00 5.2635168e+00 5.2491273e+00 5.4056572e+00 5.3476471e+00 5.2393317e+00 5.8825251e+00 6.1431652e+00 6.2523336e+00 6.3650445e+00 6.4079556e+00 6.3357420e+00 6.1379169e+00 5.9515950e+00 6.0473997e+00 6.1014956e+00 6.2029275e+00 6.7267158e+00 7.1330028e+00 7.3567418e+00 7.4864740e+00 7.5889051e+00 7.6434723e+00 7.6967263e+00 7.7057318e+00 7.7434945e+00 7.8003350e+00 7.8330807e+00 7.8195947e+00 7.8813194e+00 7.8637697e+00 7.8614382e+00 7.9699566e+00 7.9777954e+00 7.9391273e+00 7.9348102e+00 7.8638156e+00 7.7654905e+00 7.6437948e+00 7.5633349e+00
3.9273879e+00 4.0886604e+00 3.1664307e+00 4.0514808e+00 2.8776480e+00 3.0655605e-02 1.0432086e+00 1.6178998e+00 1.5572002e+00 6.7361297e-01 1.8709894e+00 4.8417824e+00 5.2164025e+00 5.2759747e+00 3.5958155e+00 1.7924483e+00 5.0899614e+00 5.5966731e+00 5.6709898e+00 5.7265402e+00 5.6493646e+00 5.4994428e+00 5.3956229e+00 5.2934682e+00 5.8042647e+00 6.4039422e+00 6.7831395e+00 7.1233921e+00 7.4297839e+00 7.6009774e+00 7.6936992e+00 7.7306984e+00 7.7723214e+00 7.8120546e+00 7.8450903e+00 7.8834859e+00 7.9411804e+00 8.0020116e+00 8.0328073e+00 8.0132994e+00 8.0284266e+00 8.0629422e+00 8.1503360e+00 8.1218305e+00 8.1412014e+00 8.0782466e+00 7.9403816e+00 7.7878700e+00 7.5868160e+00 7.4764419e+00
3.7324557e+00 3.8781713e+00 4.0297905e+00 4.2977825e+00 4.1599631e+00 1.4708997e+00 4.0384826e-03 1.5582312e+00 2.1163799e+00 2.9132019e+00 1.0742028e+00 1.0278295e+00 4.4238972e+00 4.9875725e+00 4.1711185e+00 4.0451875e+00 5.1772513e+00 5.2388466e+00 5.2782931e+00 5.2667691e+00 5.1301952e+00 5.0505186e+00 5.4200117e+00 5.7695579e+00 6.4088379e+00 6.9418563e+00 7.3176019e+00 7.5202762e+00 7.6538376e+00 7.7499540e+00 7.8326466e+00 7.8994591e+00 7.9135082e+00 7.9473471e+00 7.9904586e+00 8.0059305e+00 8.0587432e+00 8.1190773e+00 8.1236858e+00 8.1548643e+00 8.2194082e+00 8.2771044e+00 8.3073424e+00 8.2989557e+00 8.2566373e+00 8.1423357e+00 7.8755358e+00 7.4462476e+00 7.1444176e+00 6.9812462e+00
3.7947433e+00 3.9609563e+00 4.2724461e+00 4.3092439e+00 4.2735426e+00 3.4370466e+00 2.5612430e-01 9.5020092e-01 4.0718008e+00 4.7573542e+00 4.2929059e+00 1.2085360e+00 9.1394010e-02 6.6196485e-01 3.4513154e+00 5.2970433e+00 5.0759183e+00 5.0969047e+00 5.1237879e+00 5.0913935e+00 5.0680618e+00 5.5349132e+00 6.1416923e+00 6.6814032e+00 7.0670337e+00 7.3590019e+00 7.5993713e+00 7.7832131e+00 7.8741034e+00 7.8905253e+00 7.9397329e+00 8.0029631e+00 8.0632543e+00 8.0760096e+00 8.1208897e+00 8.1562479e+00 8.1919383e+00 8.2005281e+00 8.2252363e+00 8.3056213e+00 8.3786723e+00 8.4302105e+00 8.4832125e+00 8.4774154e+00 8.4425442e+00 8.2526912e+00 7.4124641e+00 6.6256848e+00 6.4489603e+00 6.2566032e+00
4.0261011e+00 4.1313480e+00 4.2430572e+00 4.3030838e+00 4.3462749e+00 4.2286250e+00 2.6223617e+00 1.8794519e-01 3.5834264e+00 5.0574214e+00 3.7686030e+00 3.8326070e+00 3.5150271e-01 9.8236170e-04 1.8977863e+00 5.1557587e+00 5.0627648e+00 5.1161780e+00 5.1357275e+00 5.3665716e+00 5.7002493e+00 6.3162221e+00 6.8511924e+00 7.1876524e+00 7.4825080e+00 7.6541859e+00 7.8017773e+00 7.9177961e+00 8.0209942e+00 8.0650617e+00 8.0747068e+00 8.1135278e+00 8.1717049e+00 8.2235079e+00 8.2532557e+00 8.2785570e+00 8.2775511e+00 8.3031546e+00 8.3534754e+00 8.4480552e+00 8.5350421e+00 8.5860853e+00 8.6489388e+00 8.6964588e+00 8.7867657e+00 8.6257223e+00 6.6342506e+00 5.0483276e+00 4.9477908e+00 5.4015515e+00
4.2124349e+00 4.2815364e+00 4.3214792e+00 4.3546178e+00 4.3775021e+00 4.3982287e+00 4.1415764e+00 1.7798819e+00 1.0426086e-01 4.1834634e+00 4.5432355e+00 4.6543532e+00 3.9511785e+00 3.8163518e+00 4.8250233e+00 5.3314286e+00 5.3980591e+00 5.4499876e+00 5.4864454e+00 6.0158140e+00 6.6837802e+00 7.0997613e+00 7.3218697e+00 7.5103869e+00 7.6867922e+00 7.8477748e+00 7.9360713e+00 8.0273134e+00 8.0947136e+00 8.1586512e+00 8.1892561e+00 8.2160182e+00 8.2638662e+00 8.2895801e+00 8.2935206e+00 8.3101729e+00 8.3317046e+00 8.3445907e+00 8.4023637e+00 8.4878723e+00 8.5554729e+00 8.6270236e+00 8.6993100e+00 8.7849698e+00 8.8724526e+00 7.9559151e+00 1.4983682e+00 1.3679308e+00 1.7600505e+00 3.0252334e+00
4.4290898e+00 4.4627946e+00 4.4844647e+00 4.4961263e+00 4.4801855e+00 4.4101192e+00 4.3776869e+00 3.9864197e+00 7.5766478e-01 7.2673402e-01 4.5085713e+00 4.9239865e+00 5.1963927e+00 5.4159894e+00 5.4243835e+00 5.5519781e+00 5.8525796e+00 6.0705988e+00 6.2498445e+00 6.7159581e+00 7.1385504e+00 7.4406241e+00 7.6549059e+00 7.7197871e+00 7.8324140e+00 7.9384165e+00 8.0338435e+00 8.0987611e+00 8.1470433e+00 8.2089230e+00 8.2433058e+00 8.2747232e+00 8.3046074e+00 8.2757027e+00 8.3334987e+00 8.3632382e+00 8.4192145e+00 8.4257754e+00 8.4730993e+00 8.5152324e+00 8.5787178e+00 8.6537809e+00 8.6953436e+00 8.6991768e+00 8.6122283e+00 8.2001219e+00 6.0809677e+00 4.6587163e+00 2.9754838e+00 1.7808790e+00
4.6784646e+00 4.6717134e+00 4.6630658e+00 4.6435075e+00 4.5877386e+00 4.5225019e+00 4.4729903e+00 4.5624788e+00 3.2383406e+00 3.3279621e-02 3.6920929e+00 5.3012333e+00 5.0699628e+00 5.2224238e+00 5.4781645e+00 5.7547537e+00 6.1194470e+00 6.3153605e+00 6.5170849e+00 6.9721877e+00 7.3142160e+00 7.6349217e+00 7.8409934e+00 7.8936368e+00 7.9224211e+00 7.9996569e+00 8.0621194e+00 8.1464547e+00 8.1868816e+00 8.2483510e+00 8.2910042e+00 8.3002700e+00 8.2673800e+00 8.3438231e+00 8.3980753e+00 8.4192659e+00 8.4897263e+00 8.4917679e+00 8.5265960e+00 8.5572716e+00 8.6043954e+00 8.6308473e+00 8.6079716e+00 8.5105085e+00 8.3390110e+00 8.0126697e+00 7.6288447e+00 7.3350132e+00 7.0939173e+00 6.8056886e+00
4.9423018e+00 4.8935165e+00 4.8697771e+00 4.8111820e+00 4.7145636e+00 4.6302608e+00 4.5029638e+00 4.4651187e+00 4.2015473e+00 1.2136970e+00 5.6235989e-01 4.5932238e+00 5.1169911e+00 5.3519131e+00 5.5472066e+00 5.8220523e+00 6.0573366e+00 6.2240877e+00 6.7275340e+00 7.0860516e+00 7.4095445e+00 7.6821339e+00 7.8524226e+00 7.8931426e+00 7.9555219e+00 8.0245780e+00 8.0879496e+00 8.1559615e+00 8.2294324e+00 8.2653443e+00 8.3037201e+00 8.3331224e+00 8.3214019e+00 8.3746895e+00 8.4434274e+00 8.4763162e+00 8.5362034e+00 8.5390893e+00 8.5650616e+00 8.5957886e+00 8.6135051e+00 8.6151949e+00 8.5573945e+00 8.4435469e+00 8.3148396e+00 8.0803054e+00 7.8879632e+00 7.8746942e+00 7.6957288e+00 7.5204461e+00
5.1848416e+00 5.0926181e+00 5.0440703e+00 4.9356521e+00 4.7975853e+00 4.7012370e+00 4.5852326e+00 4.4862698e+00 4.3836889e+00 3.4202468e+00 4.7303802e-01 4.5656726e-01 4.6721523e+00 5.3627055e+00 5.5683121e+00 5.8837500e+00 6.2114041e+00 6.4473195e+00 6.8975020e+00 7.1871775e+00 7.4322575e+00 7.6246669e+00 7.7430548e+00 7.8563761e+00 7.9659808e+00 8.0433312e+00 8.1148015e+00 8.1801924e+00 8.2478433e+00 8.3168465e+00 8.3504867e+00 8.3365728e+00 8.3665434e+00 8.4064693e+00 8.4672956e+00 8.5193855e+00 8.5773225e+00 8.5784193e+00 8.5963856e+00 8.6156535e+00 8.6394059e+00 8.6023485e+00 8.5325693e+00 8.4268934e+00 8.3674439e+00 8.3164076e+00 8.1557599e+00 8.0024303e+00 7.8278793e+00 7.7839085e+00
5.5552001e+00 5.4134054e+00 5.2888293e+00 5.1139359e+00 4.9267318e+00 4.7843339e+00 4.6490162e+00 4.5264620e+00 4.4732094e+00 4.4597911e+00 3.2447494e+00 3.8396655e-03 3.5366019e+00 5.5098679e+00 5.5305691e+00 5.9305746e+00 6.3679729e+00 6.6842993e+00 6.9002433e+00 7.2264305e+00 7.4375067e+00 7.5692098e+00 7.7108486e+00 7.8266536e+00 7.9421948e+00 8.0443403e+00 8.1123482e+00 8.1924320e+00 8.2685252e+00 8.3397311e+00 8.3669231e+00 8.3440025e+00 8.3966920e+00 8.4370743e+00 8.5048084e+00 8.5557069e+00 8.5951925e+00 8.5811997e+00 8.6025177e+00 8.6434721e+00 8.6297573e+00 8.6016522e+00 8.5467742e+00 8.4544227e+00 8.4495922e+00 8.4258640e+00 8.3181717e+00 8.1454859e+00 8.0758253e+00 7.9936157e+00
6.0080451e+00 5.7935116e+00 5.5972115e+00 5.3650993e+00 5.1228239e+00 4.9041382e+00 4.7400544e+00 4.6213995e+00 4.5193524e+00 4.5340749e+00 4.1598383e+00 1.1861932e+00 8.0689230e-03 5.2084600e+00 5.4762211e+00 5.8273238e+00 6.2764415e+00 6.6797375e+00 6.9525622e+00 7.1431799e+00 7.3576230e+00 7.5312859e+00 7.6656301e+00 7.8087125e+00 7.9131341e+00 8.0115296e+00 8.1123070e+00 8.1991442e+00 8.2715555e+00 8.3168032e+00 8.3358524e+00 8.3769080e+00 8.4339082e+00 8.4604714e+00 8.5130177e+00 8.5505493e+00 8.5989494e+00 8.5777227e+00 8.5882862e+00 8.6323004e+00 8.6362970e+00 8.6152580e+00 8.5772829e+00 8.4709480e+00 8.4294982e+00 8.4150389e+00 8.3578284e+00 8.3277463e+00 8.2580505e+00 8.1430897e+00
6.4276805e+00 6.1450423e+00 5.8838559e+00 5.5658547e+00 5.2493441e+00 4.9755870e+00 4.7741731e+00 4.6471856e+00 4.5530136e+00 4.4953081e+00 4.3564053e+00 2.8737708e+00 2.7031947e-04 2.7237791e+00 5.4798197e+00 5.6276519e+00 6.0678743e+00 6.4750971e+00 6.8021980e+00 7.1061659e+00 7.2340108e+00 7.4277429e+00 7.6070731e+00 7.7439642e+00 7.8793925e+00 7.9775792e+00 8.0893851e+00 8.1958025e+00 8.2595311e+00 8.2474785e+00 8.3306632e+00 8.4401371e+00 8.4566050e+00 8.4412831e+00 8.5073238e+00 8.5380387e+00 8.5805509e+00 8.6028785e+00 8.5869155e+00 8.6019047e+00 8.6317545e+00 8.6225096e+00 8.6137361e+00 8.5425045e+00 8.5196622e+00 8.5142099e+00 8.4549108e+00 8.4083668e+00 8.3337017e+00 8.1907322e+00
6.8617327e+00 6.4735759e+00 6.1428244e+00 5.7214476e+00 5.3198236e+00 4.9992902e+00 4.7775357e+00 4.6452637e+00 4.5726052e+00 4.4982690e+00 4.4403328e+00 4.3743186e+00 1.9241151e+00 9.1744604e-04 4.4615432e+00 5.5029354e+00 5.8016891e+00 6.2084353e+00 6.5237501e+00 6.8989079e+00 7.1536621e+00 7.2591889e+00 7.4912402e+00 7.6375865e+00 7.7711863e+00 7.9242552e+00 8.0242957e+00 8.1421939e+00 8.2208808e+00 8.2117572e+00 8.3511624e+00 8.4418308e+00 8.4587790e+00 8.4410568e+00 8.4780943e+00 8.5377976e+00 8.5629637e+00 8.6224643e+00 8.5946126e+00 8.5957563e+00 8.6235173e+00 8.6401630e+00 8.6330894e+00 8.5992234e+00 8.5964982e+00 8.5868633e+00 8.5156678e+00 8.4418401e+00 8.3614530e+00 8.2700236e+00
7.3493691e+00 6.8652323e+00 6.4219990e+00 5.8907182e+00 5.3739305e+00 4.9825163e+00 4.7506551e+00 4.6777004e+00 4.6687871e+00 4.5742594e+00 4.5025686e+00 4.5593640e+00 4.0951111e+00 8.8434273e-04 9.7399066e-01 5.1845851e+00 5.5963764e+00 5.8979625e+00 6.2308058e+00 6.6148737e+00 6.9404959e+00 7.1587487e+00 7.2920811e+00 7.5143346e+00 7.6586995e+00 7.7976378e+00 7.9446460e+00 8.0619474e+00 8.1662279e+00 8.1976680e+00 8.3400956e+00 8.4365285e+00 8.4820868e+00 8.4450339e+00 8.4774667e+00 8.5262273e+00 8.5588570e+00 8.6024527e+00 8.5590777e+00 8.6047126e+00 8.6362132e+00 8.6539323e+00 8.6463537e+00 8.6321161e+00 8.6206472e+00 8.6063686e+00 8.5413984e+00 8.4968061e+00 8.4447380e+00 8.3882758e+00
7.8821090e+00 7.3184193e+00 6.7497396e+00 6.0590483e+00 5.3786322e+00 4.8476757e+00 4.5971155e+00 4.4641053e+00 4.1789358e+00 4.6163610e+00 4.6921190e+00 4.6276424e+00 4.5395869e+00 2.8081054e+00 4.8437405e-04 2.0033481e+00 5.3626614e+00 5.5713041e+00 5.9332650e+00 6.3745756e+00 6.7694094e+00 7.1011467e+00 7.1598116e+00 7.2725353e+00 7.4596864e+00 7.6316386e+00 7.8312799e+00 7.9471541e+00 8.0787004e+00 8.1591645e+00 8.2590326e+00 8.3809567e+00 8.4796182e+00 8.4708711e+00 8.4831295e+00 8.5415913e+00 8.5501050e+00 8.5976368e+00 8.5663371e+00 8.6015033e+00 8.6259650e+00 8.6582164e+00 8.6644347e+00 8.6458214e+00 8.6207079e+00 8.6068730e+00 8.5928768e+00 8.5422749e+00 8.4978767e+00 8.4535189e+00
8.4828432e+00 7.8689320e+00 7.1675388e+00 6.2462641e+00 5.3454976e+00 4.4909411e+00 3.6336791e+00 3.5628911e+00 2.0985967e+00 4.3649522e+00 5.0130327e+00 4.9229863e+00 4.7948037e+00 4.1777285e+00 1.0983864e+00 9.9422995e-04 4.6924999e+00 5.3522046e+00 5.6416349e+00 6.0815607e+00 6.5198934e+00 6.9109590e+00 7.1048461e+00 7.1303295e+00 7.2349635e+00 7.4148546e+00 7.6219805e+00 7.8161538e+00 7.9717259e+00 8.1231518e+00 8.2758814e+00 8.3117151e+00 8.4044525e+00 8.4341083e+00 8.4861669e+00 8.5347119e+00 8.5482673e+00 8.6052559e+00 8.5808656e+00 8.6294087e+00 8.6676156e+00 8.6739705e+00 8.6919935e+00 8.6624711e+00 8.6161706e+00 8.6010405e+00 8.6132514e+00 8.5794874e+00 8.5040482e+00 8.4631768e+00
9.1993817e+00 8.4933732e+00 7.6702053e+00 6.5274479e+00 5.3544475e+00 4.2921496e+00 3.5485602e+00 4.0737399e+00 3.9298095e+00 4.6542572e+00 5.4375237e+00 5.4178306e+00 5.2223811e+00 4.7016578e+00 3.2472272e+00 1.7446490e-01 1.5230794e+00 5.4239330e+00 5.4843552e+00 5.7701271e+00 6.2188457e+00 6.6242854e+00 6.9329924e+00 7.0832261e+00 7.0271848e+00 7.0889086e+00 7.2923518e+00 7.5509175e+00 7.7810881e+00 8.0632466e+00 8.3448312e+00 8.3689385e+00 8.3582736e+00 8.4049672e+00 8.4578270e+00 8.5183874e+00 8.5507227e+00 8.6077563e+00 8.5873884e+00 8.6088365e+00 8.6476625e+00 8.6800809e+00 8.7134402e+00 8.6519897e+00 8.5988075e+00 8.5675338e+00 8.5760618e+00 8.5711961e+00 8.5463690e+00 8.4859863e+00
9.8835062e+00 9.1310084e+00 8.2170947e+00 6.9060379e+00 5.5356779e+00 4.5677204e+00 4.3813071e+00 4.3181857e+00 2.8749326e+00 5.0819590e+00 5.9521770e+00 5.9829677e+00 5.8263598e+00 5.3654451e+00 4.8099094e+00 3.3066380e+00 2.1859356e-02 3.4161097e+00 5.3156687e+00 5.5127110e+00 5.9427527e+00 6.3522474e+00 6.6756236e+00 6.8984484e+00 6.9400095e+00 6.8041356e+00 6.8670922e+00 7.1530402e+00 7.4756457e+00 7.7914718e+00 7.9121304e+00 8.1660920e+00 8.2750481e+00 8.2886292e+00 8.3818949e+00 8.4654126e+00 8.5251135e+00 8.5914988e+00 8.5966516e+00 8.6220733e+00 8.6475374e+00 8.6791856e+00 8.7041322e+00 8.5979106e+00 8.5310582e+00 8.4794382e+00 8.4870722e+00 8.5040797e+00 8.5163888e+00 8.5147964e+00
