ahotovec/data/depth_0053.asc
ncols     164
nrows     146
xllcorner -1.242151388888889e+02
yllcorner  4.172986111111111e+01
cellsize  2.777777777820000e-04
nodata_value       -9999
[rows 88 to 109 of 146, columns 100 to 149 of 164]
7.3340245e+00 6.3506430e+00 5.3637627e+00 5.8057030e+00 5.5337482e+00 4.8306278e+00 4.6059506e+00 4.5149212e+00 4.7909357e+00 6.2353197e+00 6.6088623e+00 5.6568458e+00 4.1885479e+00 3.7035464e+00 8.7210748e-01 8.5895982e-01 4.0563345e+00 5.1688061e+00 2.8213249e+00 5.8655921e-01 1.8255520e-02 2.0270508e-02 9.9947753e-04 9.7122480e-04 1.2139604e-01 3.0746043e-01 2.6258583e-01 1.3235566e-01 7.0244043e-03 3.3954734e-02 5.6305761e-02 5.4573392e-03 4.9555512e-03 4.4430719e-02 1.4617636e-01 1.7612374e-01 3.0222009e-01 3.0931283e-03 8.3899849e-04 9.9745683e-04 9.4789459e-04 1.8584578e-01 3.0506132e-01 1.2458499e-01 2.3204728e-01 9.6463830e-04 8.7038774e-04 6.1779541e-01 5.0928962e-01 5.6110501e-01
7.4048563e+00 7.1219741e+00 6.0519220e+00 5.7695365e+00 5.6125048e+00 5.4013756e+00 5.3399117e+00 6.0701577e+00 5.8358204e+00 5.8964079e+00 5.3728173e+00 5.5003039e+00 5.9598799e+00 6.2020704e+00 5.3522394e+00 4.7017702e+00 4.8260360e+00 5.3739338e+00 5.6583762e+00 4.2820197e+00 2.5776667e+00 4.0717455e-01 9.2526048e-04 1.9209471e-02 9.8247963e-04 4.0582094e-02 9.9219046e-02 9.6838571e-02 1.1878459e-01 7.7641181e-02 2.3307524e-02 1.3783425e-02 1.1608080e-01 2.8497854e-01 3.7841970e-01 3.0668055e-01 1.3595812e-01 1.8230678e-03 9.0112924e-04 8.4285660e-04 9.4706995e-04 9.7308436e-04 9.6667038e-04 9.7170597e-04 1.3092608e-01 2.1058158e-01 2.4075801e-01 2.8359134e-01 2.2191273e-01 2.7398127e-01
6.8302450e+00 6.8398043e+00 6.6134543e+00 6.4572638e+00 6.4031391e+00 6.7799783e+00 7.0954904e+00 6.8014013e+00 4.8857562e+00 4.4607699e+00 4.2106658e+00 4.5014234e+00 6.8894265e+00 7.2965244e+00 6.8487370e+00 6.6596816e+00 6.1014949e+00 5.8128078e+00 5.7853153e+00 5.6217531e+00 5.5263230e+00 4.9900043e+00 2.9012489e+00 1.4196912e-01 1.7366351e-03 5.2029553e-02 2.0893309e-01 1.6569850e-01 1.1278350e-01 7.0599877e-02 3.2753671e-02 2.5410590e-01 5.0287415e-01 5.5861133e-01 5.4830686e-01 4.4251138e-01 2.7243882e-01 2.0554346e-02 1.4610011e-03 9.7823433e-04 9.7927510e-04 9.7759543e-04 7.1520655e-03 1.5609975e-03 8.0335956e-04 9.4570650e-04 9.9057482e-04 9.8206478e-04 9.9661066e-04 9.5869633e-04
7.2493833e+00 7.3914438e+00 7.2571007e+00 7.1883478e+00 7.4203666e+00 7.0706750e+00 7.1008643e+00 7.5411708e+00 5.5802553e+00 4.7528354e+00 5.2545140e+00 4.2677343e+00 3.9608602e+00 6.1383684e+00 7.3063566e+00 6.9701430e+00 6.5174012e+00 6.4237962e+00 6.1657238e+00 5.8089388e+00 5.8271883e+00 5.5823650e+00 4.8610973e+00 4.6968072e+00 3.1018801e+00 1.3403781e-02 1.0741370e-01 1.4949049e-01 2.2730113e-02 2.7198692e-02 2.1141499e-01 5.2940689e-01 5.6909235e-01 6.1990262e-01 5.1989020e-01 4.2880861e-01 3.5703118e-01 2.8371008e-01 1.4610301e-01 2.3756868e-02 1.5346117e-02 1.0052368e-02 7.0258301e-03 4.7316935e-03 4.3723498e-03 9.6022863e-04 9.8997719e-04 7.8565181e-04 8.3439196e-04 9.9678143e-04
7.2436983e+00 7.3275827e+00 7.3848246e+00 7.6399830e+00 7.4298233e+00 7.0256873e+00 6.8472070e+00 6.9278869e+00 7.0331633e+00 6.0624656e+00 5.2193572e+00 5.8730119e+00 5.0599685e+00 6.5591601e+00 7.2373287e+00 7.0572277e+00 6.7417243e+00 6.7240639e+00 5.9325947e+00 5.7614811e+00 5.8379256e+00 5.2157753e+00 5.0804572e+00 5.4751817e+00 4.0693430e+00 5.0852866e-01 3.1699898e-02 2.7516366e-02 1.4419061e-02 1.1865223e-01 3.8337597e-01 4.5899536e-01 5.1830859e-01 6.1072497e-01 6.6211650e-01 5.0482003e-01 3.5532644e-01 2.3126565e-01 1.7748925e-01 8.3167946e-02 4.6082725e-02 1.3051646e-02 1.6900482e-02 1.3517247e-02 1.6015218e-02 1.8907525e-02 9.2698077e-03 9.4554128e-03 7.6557390e-03 6.5425571e-03
6.7335100e+00 6.8311076e+00 7.0063288e+00 7.3179728e+00 7.4803267e+00 6.8723406e+00 6.4856663e+00 6.8807402e+00 7.3141642e+00 7.8258597e+00 7.0766065e+00 7.3799340e+00 8.0583893e+00 8.0443442e+00 7.7940393e+00 7.3294786e+00 6.6727969e+00 6.2092698e+00 6.0291714e+00 5.8364146e+00 5.7431688e+00 4.2671383e+00 1.8284586e+00 3.0893940e+00 6.3328533e-01 1.0183120e-03 3.7780382e-03 4.9021107e-03 2.7957468e-02 1.8359496e-01 2.6589632e-01 2.5294626e-01 2.5156134e-01 2.5676025e-01 2.4899237e-01 2.7248004e-01 2.8942200e-01 2.4703348e-01 2.2223972e-01 1.6809062e-01 1.1885672e-01 6.4159005e-02 5.3934075e-02 4.2022524e-02 3.2999208e-02 2.5845761e-02 1.9734073e-02 1.4252262e-02 1.9023764e-02 9.8819861e-03
6.1735896e+00 6.4652933e+00 6.7333397e+00 7.0805331e+00 7.4839618e+00 7.7576874e+00 2.0407807e+00 4.1811966e+00 6.2454608e+00 8.3036906e+00 8.2675063e+00 8.0348169e+00 8.1124565e+00 8.2390905e+00 8.0048794e+00 7.7110979e+00 6.9830548e+00 6.4215954e+00 6.2604343e+00 6.0709035e+00 5.5073884e+00 4.9217696e+00 3.5526144e+00 8.1038125e-04 9.8581260e-04 4.8885154e-03 1.0285364e-03 2.4269667e-01 3.2643468e-01 5.3289409e-02 6.2557728e-02 6.3166414e-02 6.0856615e-02 7.1205956e-02 5.8081043e-02 9.0946108e-02 1.0460869e-01 1.3433962e-01 1.6041156e-01 1.6854973e-01 1.0373483e-01 7.6383930e-02 6.7041040e-02 5.1306601e-02 5.7970319e-02 2.6755560e-02 2.5249985e-02 2.7589139e-02 3.3071290e-02 3.2591080e-02
5.8154482e+00 6.1728306e+00 6.5117665e+00 6.8741914e+00 7.2919669e+00 7.8443073e+00 7.7076542e+00 6.7828611e+00 6.1882223e+00 7.6419963e+00 8.6116976e+00 8.7507598e+00 8.5608582e+00 8.3161840e+00 8.1026573e+00 7.9034412e+00 7.6695979e+00 7.3230991e+00 6.8121663e+00 6.1794618e+00 5.9262162e+00 3.9704582e+00 9.7898594e-01 9.0941493e-04 9.9682036e-04 1.0019270e-03 1.7423067e-01 2.5211386e+00 2.2717735e+00 1.9305219e+00 1.9145389e+00 1.7919473e+00 1.6726838e+00 1.7298382e+00 1.6287152e+00 1.5139104e+00 1.2305994e+00 1.2031527e+00 1.1226964e+00 7.9237104e-01 1.9882424e-01 7.9625224e-02 7.7242155e-02 1.4011281e-01 6.3567960e-02 6.7015033e-02 8.0920642e-02 1.3398176e-01 6.1298762e-03 2.2076530e-03
3.8796734e+00 4.5319308e+00 5.8070566e+00 6.7256508e+00 7.0764219e+00 7.5905024e+00 7.8337628e+00 7.6579619e+00 6.8082297e+00 6.2590543e+00 7.7026860e+00 8.4973948e+00 8.8125222e+00 8.4526447e+00 8.2767154e+00 8.2110484e+00 7.9279386e+00 7.5870562e+00 7.2635672e+00 6.3585212e+00 4.5202648e+00 1.1431842e+00 9.3735976e-04 9.9359141e-04 9.9746458e-04 9.8678153e-01 2.2695560e+00 2.4748999e+00 2.4462881e+00 2.4045365e+00 2.5571579e+00 2.6076035e+00 2.4982377e+00 2.4736039e+00 2.5841266e+00 2.5701794e+00 2.5931396e+00 2.5912719e+00 2.6816730e+00 2.5715243e+00 2.3155879e+00 2.1876756e+00 2.1967140e+00 2.2077847e+00 2.1661680e+00 2.1593645e+00 2.1678595e+00 2.1517406e+00 2.0460944e+00 1.8529613e+00
7.6174717e-01 3.4008754e-01 1.1736442e+00 5.5038879e+00 6.8265832e+00 7.5254909e+00 7.8463301e+00 7.9393324e+00 7.7929111e+00 6.7796238e+00 6.9213238e+00 7.8618024e+00 8.2774676e+00 8.2837023e+00 8.2777412e+00 8.2430158e+00 7.7847387e+00 7.1214984e+00 6.7889479e+00 5.4183756e+00 1.7712092e+00 9.6530173e-04 1.3887310e-03 9.9492993e-04 9.8372919e-01 2.8258018e+00 2.8968149e+00 2.9621153e+00 2.8766984e+00 2.7919495e+00 2.8277056e+00 2.8286287e+00 2.6992234e+00 2.6610655e+00 2.7477839e+00 2.7980729e+00 2.8162731e+00 2.8255922e+00 2.9168453e+00 2.8998292e+00 2.8326157e+00 2.7475227e+00 2.6928360e+00 2.6371949e+00 2.6095649e+00 2.6026380e+00 2.6028935e+00 2.5911957e+00 2.5623050e+00 2.4705684e+00
5.9098628e+00 4.5496148e+00 9.0205242e-01 1.2750234e+00 4.7339867e+00 7.2144202e+00 8.0098254e+00 8.0728591e+00 8.0550435e+00 7.6079552e+00 6.8248979e+00 6.9794029e+00 8.1614404e+00 8.3023920e+00 8.1343181e+00 8.0000739e+00 7.6170137e+00 6.9413250e+00 5.7628589e+00 2.1217492e+00 9.1061271e-04 9.9269213e-04 9.9251104e-04 6.9807668e-01 2.5075070e+00 2.7767727e+00 3.1915266e+00 3.4049279e+00 3.3127509e+00 3.3036282e+00 3.2706610e+00 3.0835164e+00 2.9041740e+00 2.9019879e+00 3.0756633e+00 3.1482208e+00 3.1384678e+00 3.1992094e+00 3.3907509e+00 3.2487627e+00 3.0907590e+00 2.9308231e+00 2.8107451e+00 2.6888292e+00 2.6343101e+00 2.6471908e+00 2.6811062e+00 2.6744131e+00 2.6529282e+00 2.5724924e+00
7.0067583e+00 6.8937941e+00 5.7637432e+00 1.0877735e+00 1.4671156e+00 6.1403909e+00 7.9638249e+00 8.0051615e+00 7.6720018e+00 7.2062755e+00 6.7930211e+00 7.2305233e+00 9.1216997e+00 8.7007128e+00 8.0650243e+00 7.8429395e+00 7.4524549e+00 5.7373341e+00 2.5162580e+00 9.2310198e-04 1.0536093e-03 1.0022086e-03 4.9095967e-01 2.7016648e+00 2.6541092e+00 2.7037761e+00 3.1487855e+00 3.3201982e+00 3.5237549e+00 3.7417129e+00 3.7175847e+00 3.4914489e+00 3.2196618e+00 3.1825003e+00 3.4201334e+00 3.5540130e+00 3.6257982e+00 3.6260268e+00 3.7076568e+00 3.5436213e+00 3.3251447e+00 3.1765038e+00 2.9968819e+00 2.8122257e+00 2.7125987e+00 2.7362379e+00 2.8056441e+00 2.8523989e+00 2.8450342e+00 2.7831182e+00
7.4421289e+00 7.2196912e+00 6.7694171e+00 5.3402194e+00 7.3054020e-01 1.7658837e+00 7.0252167e+00 7.8473329e+00 7.3301788e+00 7.1054967e+00 6.8945621e+00 7.8981684e+00 8.9620190e+00 8.6663060e+00 8.0967465e+00 7.8253661e+00 6.7722313e+00 2.4958856e+00 8.5997903e-04 9.9585364e-04 1.0012174e-03 2.5947853e-01 2.5097981e+00 2.8458214e+00 2.8176336e+00 2.8757348e+00 3.0851217e+00 3.3286050e+00 3.9270895e+00 4.0078047e+00 3.9203396e+00 3.7590969e+00 3.5647217e+00 3.4928479e+00 3.6050442e+00 3.7830489e+00 3.9844763e+00 3.8760796e+00 3.7700827e+00 3.6862386e+00 3.5438346e+00 3.4154827e+00 3.1699320e+00 3.0335798e+00 2.8559693e+00 2.8175991e+00 2.9476043e+00 3.0191187e+00 3.0188071e+00 2.9541499e+00
7.5851747e+00 7.4286965e+00 7.1132894e+00 6.6530652e+00 4.7537460e+00 5.1912882e-01 1.7654800e+00 5.1714461e+00 7.6673380e+00 6.9720639e+00 6.5571715e+00 7.0779310e+00 8.2988518e+00 8.3191350e+00 7.6413826e+00 7.2529792e+00 3.1208972e+00 9.0420715e-04 9.9575503e-04 9.9800806e-04 9.6191144e-04 2.3814600e+00 2.9198902e+00 2.8921855e+00 2.8561208e+00 2.9237643e+00 3.3243158e+00 3.7220728e+00 3.9002477e+00 4.0662781e+00 4.1443639e+00 3.9276869e+00 3.9711010e+00 3.8805068e+00 3.8500354e+00 3.9036441e+00 4.0043219e+00 3.9917733e+00 3.9444426e+00 4.0973775e+00 3.9105515e+00 3.7067687e+00 3.5013477e+00 3.2943630e+00 3.1284440e+00 3.1379156e+00 3.2342432e+00 3.2533846e+00 3.2909808e+00 3.2172813e+00
7.6658786e+00 7.5545392e+00 7.3281578e+00 6.9469896e+00 6.3197250e+00 3.3840470e+00 1.0424106e-01 5.8295186e-01 4.0661092e+00 5.2625960e+00 6.2899852e+00 6.3391737e+00 6.4342389e+00 7.0892504e+00 6.1485930e+00 3.0175594e+00 1.6286390e+00 5.2545163e-01 2.3493752e-02 1.0405631e-03 2.0600541e+00 2.5629021e+00 2.9094012e+00 3.2202292e+00 3.2946023e+00 3.4641230e+00 3.8628687e+00 4.0654429e+00 3.9909548e+00 4.3351750e+00 4.4092753e+00 4.1403134e+00 4.0717770e+00 4.1960841e+00 4.3526866e+00 4.4572891e+00 4.3461492e+00 4.1645941e+00 4.3163744e+00 4.8777319e+00 4.4771453e+00 4.1852634e+00 3.7828880e+00 3.6771492e+00 3.6857533e+00 3.7465470e+00 3.7354913e+00 3.6560436e+00 3.6100601e+00 3.5493449e+00
7.7394667e+00 7.5986980e+00 7.4023456e+00 7.1172019e+00 6.6716847e+00 6.0016762e+00 3.3901455e+00 7.6634629e-04 2.4413481e-03 3.5540015e-01 1.2595191e+00 3.9473359e+00 6.0183099e+00 6.2219006e+00 3.7042811e+00 3.5158431e+00 2.2773670e+00 6.7576977e-02 9.6541194e-03 1.9573838e+00 2.4616919e+00 2.6661649e+00 3.1800106e+00 3.5382105e+00 3.8236738e+00 3.9417434e+00 4.2125006e+00 4.2806130e+00 4.4627223e+00 4.8077917e+00 4.9943072e+00 4.6053027e+00 4.2308495e+00 4.7255686e+00 4.9535295e+00 5.0606168e+00 4.8356845e+00 4.6643537e+00 4.7307287e+00 4.8399606e+00 4.6854119e+00 4.4837195e+00 4.2461290e+00 4.1776858e+00 4.2584175e+00 4.3252182e+00 4.1881482e+00 4.0162556e+00 3.9033475e+00 3.8161202e+00
7.7944640e+00 7.7062260e+00 7.5648973e+00 7.3727224e+00 7.1416101e+00 6.7360597e+00 5.9598561e+00 2.4000845e+00 3.1055083e-04 1.0935931e-01 1.6238783e-01 2.4519649e-01 5.0108734e+00 3.1519509e+00 9.8395556e-01 2.6287372e+00 2.2414847e-01 5.6786557e-02 1.6679438e+00 2.7462557e+00 2.9940267e+00 3.3613049e+00 3.8439269e+00 4.0983532e+00 4.1496857e+00 4.2736262e+00 4.4411545e+00 4.4691156e+00 4.6497239e+00 5.2411610e+00 5.1675171e+00 4.8903732e+00 4.8126354e+00 5.1143575e+00 5.2127331e+00 5.0739704e+00 4.9962329e+00 5.0932194e+00 5.2566141e+00 5.1372726e+00 4.9747522e+00 4.8707254e+00 4.7928753e+00 4.7016719e+00 4.7066704e+00 4.6801542e+00 4.5256290e+00 4.3583516e+00 4.1702264e+00 4.0436249e+00
7.9068440e+00 7.7426181e+00 7.6709188e+00 7.4953484e+00 7.3182610e+00 6.8139520e+00 6.1176610e+00 3.3985037e+00 1.1494223e+00 8.8152675e-04 9.9190942e-04 7.8465122e-02 1.5106955e+00 8.6123027e-04 9.8094458e-04 1.1397817e-01 5.5252631e-02 1.4181460e+00 2.3772834e+00 2.9623540e+00 3.6286439e+00 4.0051569e+00 4.3006673e+00 4.2934250e+00 4.2789937e+00 4.6151303e+00 4.8521423e+00 4.7488539e+00 4.5716355e+00 5.1482672e+00 5.2733256e+00 5.2204529e+00 5.3626954e+00 5.3252739e+00 4.8580211e+00 4.3960485e+00 4.6926772e+00 5.0547631e+00 5.3439512e+00 5.3120992e+00 5.2461311e+00 5.2045319e+00 5.2591588e+00 5.1865451e+00 5.1230078e+00 5.0446908e+00 4.9220924e+00 4.7220298e+00 4.5890746e+00 4.3714518e+00
7.9660292e+00 7.9055008e+00 7.7322151e+00 7.6322142e+00 7.4640583e+00 7.2477872e+00 6.4720603e+00 4.2446030e+00 2.7295762e+00 9.7072189e-04 1.5620084e-03 2.9053426e-03 1.5708076e-03 2.3521591e-03 1.1721606e-03 2.0470841e-02 1.8237256e+00 2.4146175e+00 2.3379902e+00 2.7953582e+00 3.5884187e+00 4.2439733e+00 4.6236108e+00 4.7186431e+00 4.6984701e+00 4.9351070e+00 5.4258434e+00 5.2479903e+00 5.2112824e+00 5.5710894e+00 5.6781194e+00 5.6908986e+00 5.6845489e+00 5.4525206e+00 4.5834340e+00 3.6987293e+00 4.2190415e+00 4.8539660e+00 5.3314450e+00 5.5138665e+00 5.5058640e+00 5.3855845e+00 5.5128396e+00 5.5419294e+00 5.5161526e+00 5.4582314e+00 5.3750790e+00 5.2304279e+00 5.0359266e+00 4.7952403e+00
7.9888356e+00 7.9797598e+00 7.9302804e+00 7.6883406e+00 7.5629167e+00 7.4434897e+00 5.3289877e+00 2.6984474e+00 3.5205607e-02 9.7224724e-04 2.0937890e-03 3.4177179e-03 6.7155237e-03 6.6076492e-03 1.1262363e-03 1.1158903e+00 2.1491415e+00 1.9926641e+00 1.0944117e+00 7.8580796e-04 5.8063442e-04 3.3771131e+00 4.7105626e+00 5.1010276e+00 5.1739648e+00 5.0046080e+00 5.2937212e+00 5.4122380e+00 5.6759716e+00 5.9934713e+00 5.8826873e+00 5.7056541e+00 5.7231411e+00 5.6866612e+00 4.9913353e+00 4.2495398e+00 4.4301861e+00 4.8868320e+00 5.4047968e+00 5.6903100e+00 5.9060064e+00 5.7628411e+00 5.8390311e+00 5.8915401e+00 5.8829964e+00 5.8847799e+00 5.9384905e+00 5.6697381e+00 5.4033210e+00 5.2325494e+00
7.9713828e+00 7.9821388e+00 7.9963557e+00 7.9229728e+00 7.7123834e+00 7.1462526e+00 3.7305499e-04 0.0000000e+00 8.5107101e-04 9.7229550e-04 9.9944967e-04 0.0000000e+00 0.0000000e+00 7.0026027e-03 3.7097331e-03 6.2445128e-04 3.7525175e-02 9.5319810e-04 8.3018155e-04 8.6856381e-04 9.9946487e-01 3.8577943e+00 5.0446694e+00 5.5841426e+00 5.4915762e+00 5.3144773e+00 5.3037327e+00 5.3557800e+00 5.7847326e+00 5.9688403e+00 5.6174838e+00 4.9256740e+00 5.2405110e+00 5.5158047e+00 5.2489142e+00 4.9394182e+00 4.9218352e+00 5.1138435e+00 5.4734438e+00 5.7632714e+00 5.9960572e+00 6.0386261e+00 6.1114293e+00 6.2202618e+00 6.2276132e+00 6.2250557e+00 6.2244808e+00 5.9959394e+00 5.8006462e+00 5.6500346e+00
7.9869025e+00 7.9409205e+00 7.9832622e+00 7.9815794e+00 7.9620922e+00 7.6192635e+00 1.9065220e+00 9.3276836e-04 9.6835592e-04 9.1076040e-04 9.9921001e-04 0.0000000e+00 0.0000000e+00 8.9743570e-04 1.0124504e-03 2.0050532e+00 2.9530684e+00 2.4997436e+00 2.2455202e+00 3.4850803e+00 4.6341197e+00 5.1546132e+00 5.4861358e+00 5.6813096e+00 5.5387322e+00 5.5356369e+00 5.4268033e+00 5.3881964e+00 5.6597622e+00 5.8329272e+00 5.3424765e+00 4.0671434e+00 4.6549905e+00 5.3790745e+00 5.5175433e+00 5.4622787e+00 5.3697409e+00 5.3573866e+00 5.5961319e+00 5.8529674e+00 6.0391693e+00 6.1614383e+00 6.2862496e+00 6.4620442e+00 6.4718980e+00 6.4340567e+00 6.3913114e+00 6.2367350e+00 6.0869317e+00 6.0242591e+00
