ahotovec/data/depth_0020.asc
ncols     164
nrows     146
xllcorner -1.242151388888889e+02
yllcorner  4.172986111111111e+01
cellsize  2.777777777820000e-04
nodata_value       -9999
[rows 66 to 87 of 146, columns 0 to 49 of 164]
1.0833421e-02 8.3892396e-03 3.8382494e-03 2.1708887e-03 8.8825077e-04 0.0000000e+00 0.0000000e+00 0.0000000e+00 0.0000000e+00 0.0000000e+00 0.0000000e+00 0.0000000e+00 0.0000000e+00 0.0000000e+00 0.0000000e+00 0.0000000e+00 0.0000000e+00 0.0000000e+00 0.0000000e+00 0.0000000e+00 0.0000000e+00 0.0000000e+00 0.0000000e+00 0.0000000e+00 0.0000000e+00 0.0000000e+00 0.0000000e+00 0.0000000e+00 0.0000000e+00 0.0000000e+00 0.0000000e+00 0.0000000e+00 0.0000000e+00 0.0000000e+00 0.0000000e+00 0.0000000e+00 0.0000000e+00 0.0000000e+00 0.0000000e+00 0.0000000e+00 0.0000000e+00 0.0000000e+00 0.0000000e+00 0.0000000e+00 0.0000000e+00 0.0000000e+00 0.0000000e+00 0.0000000e+00 0.0000000e+00 0.0000000e+00
1.1795211e-02 9.7932114e-03 1.8482348e-02 1.8378631e-03 8.4071401e-04 9.4937430e-04 7.8601789e-04 0.0000000e+00 0.0000000e+00 0.0000000e+00 0.0000000e+00 0.0000000e+00 0.0000000e+00 0.0000000e+00 0.0000000e+00 0.0000000e+00 0.0000000e+00 0.0000000e+00 0.0000000e+00 0.0000000e+00 0.0000000e+00 0.0000000e+00 0.0000000e+00 0.0000000e+00 0.0000000e+00 0.0000000e+00 0.0000000e+00 0.0000000e+00 0.0000000e+00 0.0000000e+00 0.0000000e+00 0.0000000e+00 0.0000000e+00 0.0000000e+00 0.0000000e+00 0.0000000e+00 0.0000000e+00 0.0000000e+00 0.0000000e+00 0.0000000e+00 0.0000000e+00 0.0000000e+00 0.0000000e+00 0.0000000e+00 0.0000000e+00 0.0000000e+00 0.0000000e+00 0.0000000e+00 0.0000000e+00 0.0000000e+00
9.3064392e-03 1.3186376e-02 3.8494321e-03 3.8870350e-02 2.4821650e-01 2.7602094e-02 9.1307212e-04 7.7759403e-04 8.4144253e-04 0.0000000e+00 0.0000000e+00 0.0000000e+00 0.0000000e+00 0.0000000e+00 0.0000000e+00 0.0000000e+00 0.0000000e+00 0.0000000e+00 0.0000000e+00 0.0000000e+00 0.0000000e+00 0.0000000e+00 0.0000000e+00 0.0000000e+00 0.0000000e+00 0.0000000e+00 0.0000000e+00 0.0000000e+00 0.0000000e+00 0.0000000e+00 0.0000000e+00 0.0000000e+00 0.0000000e+00 0.0000000e+00 0.0000000e+00 0.0000000e+00 0.0000000e+00 0.0000000e+00 0.0000000e+00 0.0000000e+00 0.0000000e+00 0.0000000e+00 0.0000000e+00 0.0000000e+00 0.0000000e+00 0.0000000e+00 0.0000000e+00 0.0000000e+00 0.0000000e+00 0.0000000e+00
1.4274315e-02 1.0168451e-03 1.3839086e+00 1.7252895e+00 1.8075514e+00 1.8728031e+00 1.3722478e+00 4.1984137e-01 9.8659441e-04 1.9278045e-03 8.0046644e-04 7.5009878e-04 0.0000000e+00 0.0000000e+00 0.0000000e+00 0.0000000e+00 0.0000000e+00 0.0000000e+00 0.0000000e+00 0.0000000e+00 0.0000000e+00 0.0000000e+00 0.0000000e+00 0.0000000e+00 0.0000000e+00 0.0000000e+00 0.0000000e+00 0.0000000e+00 0.0000000e+00 0.0000000e+00 0.0000000e+00 0.0000000e+00 0.0000000e+00 0.0000000e+00 0.0000000e+00 0.0000000e+00 0.0000000e+00 0.0000000e+00 0.0000000e+00 0.0000000e+00 0.0000000e+00 0.0000000e+00 0.0000000e+00 0.0000000e+00 0.0000000e+00 0.0000000e+00 0.0000000e+00 0.0000000e+00 0.0000000e+00 0.0000000e+00
1.0621832e-03 1.8356031e+00 1.9930560e+00 2.0682532e+00 2.0982135e+00 2.0090965e+00 1.5412660e+00 1.1576294e+00 1.8652891e+00 1.1053963e+00 8.9741215e-04 9.1500098e-04 0.0000000e+00 0.0000000e+00 0.0000000e+00 0.0000000e+00 0.0000000e+00 0.0000000e+00 0.0000000e+00 0.0000000e+00 0.0000000e+00 0.0000000e+00 0.0000000e+00 0.0000000e+00 0.0000000e+00 0.0000000e+00 0.0000000e+00 0.0000000e+00 0.0000000e+00 0.0000000e+00 0.0000000e+00 0.0000000e+00 0.0000000e+00 0.0000000e+00 0.0000000e+00 0.0000000e+00 0.0000000e+00 0.0000000e+00 0.0000000e+00 0.0000000e+00 0.0000000e+00 0.0000000e+00 0.0000000e+00 0.0000000e+00 0.0000000e+00 0.0000000e+00 0.0000000e+00 0.0000000e+00 0.0000000e+00 0.0000000e+00
1.5063167e+00 8.1821487e-03 9.5594845e-01 1.9460035e+00 2.1039840e+00 7.4877266e-01 1.1778816e+00 1.3241857e+00 2.1489039e+00 1.5728059e+00 9.4285934e-04 5.8395253e-04 0.0000000e+00 0.0000000e+00 0.0000000e+00 0.0000000e+00 0.0000000e+00 0.0000000e+00 0.0000000e+00 0.0000000e+00 0.0000000e+00 0.0000000e+00 0.0000000e+00 0.0000000e+00 0.0000000e+00 0.0000000e+00 0.0000000e+00 0.0000000e+00 0.0000000e+00 0.0000000e+00 0.0000000e+00 0.0000000e+00 0.0000000e+00 0.0000000e+00 0.0000000e+00 0.0000000e+00 0.0000000e+00 0.0000000e+00 0.0000000e+00 0.0000000e+00 0.0000000e+00 0.0000000e+00 0.0000000e+00 0.0000000e+00 0.0000000e+00 0.0000000e+00 0.0000000e+00 0.0000000e+00 0.0000000e+00 0.0000000e+00
1.8530950e+00 5.2287066e-01 1.2881055e+00 1.0831639e+00 2.1516383e+00 2.2512555e+00 2.1825664e+00 2.1650881e+00 2.1873425e+00 1.3028521e+00 6.5928398e-04 8.7839071e-04 0.0000000e+00 0.0000000e+00 0.0000000e+00 0.0000000e+00 0.0000000e+00 0.0000000e+00 0.0000000e+00 0.0000000e+00 0.0000000e+00 0.0000000e+00 0.0000000e+00 0.0000000e+00 0.0000000e+00 0.0000000e+00 0.0000000e+00 0.0000000e+00 0.0000000e+00 0.0000000e+00 0.0000000e+00 0.0000000e+00 0.0000000e+00 0.0000000e+00 0.0000000e+00 0.0000000e+00 0.0000000e+00 0.0000000e+00 0.0000000e+00 0.0000000e+00 0.0000000e+00 0.0000000e+00 0.0000000e+00 0.0000000e+00 0.0000000e+00 9.9969551e-04 0.0000000e+00 0.0000000e+00 9.9632269e-04 9.9975429e-04
2.1133889e+00 1.8867226e+00 2.0115177e+00 1.9159785e+00 2.2090392e+00 2.2707966e+00 2.3109885e+00 2.3450426e+00 2.1373309e+00 5.5575511e-01 3.7799084e-03 9.8239915e-04 9.8255814e-04 9.9981786e-04 2.0139989e-03 1.4681316e-03 9.9774502e-04 8.5281839e-04 9.9609633e-04 9.2949442e-04 9.5040976e-04 9.8524701e-04 0.0000000e+00 0.0000000e+00 0.0000000e+00 0.0000000e+00 0.0000000e+00 0.0000000e+00 0.0000000e+00 0.0000000e+00 0.0000000e+00 0.0000000e+00 0.0000000e+00 0.0000000e+00 0.0000000e+00 0.0000000e+00 0.0000000e+00 0.0000000e+00 0.0000000e+00 0.0000000e+00 0.0000000e+00 0.0000000e+00 0.0000000e+00 0.0000000e+00 9.9979242e-04 9.9688757e-04 9.9848744e-04 9.8613259e-04 9.9756050e-04 9.9947222e-04
2.9561622e+00 2.2294410e+00 2.0789794e+00 2.1215730e+00 2.2645275e+00 2.4446194e+00 2.5623162e+00 2.6195905e+00 2.5367713e+00 2.2432781e+00 1.9476117e+00 1.8132471e+00 1.7278843e+00 1.7937532e+00 1.9453984e+00 1.8129343e+00 1.8542852e+00 1.8328352e+00 1.5520172e+00 1.2031595e+00 7.0275785e-01 1.2864034e-03 7.8507401e-04 9.6526249e-04 9.6851764e-04 9.2445289e-04 0.0000000e+00 0.0000000e+00 0.0000000e+00 0.0000000e+00 0.0000000e+00 0.0000000e+00 0.0000000e+00 0.0000000e+00 0.0000000e+00 0.0000000e+00 0.0000000e+00 0.0000000e+00 0.0000000e+00 0.0000000e+00 0.0000000e+00 0.0000000e+00 0.0000000e+00 9.9482613e-04 9.9870596e-04 9.9754497e-04 2.1974995e-02 1.1014444e-02 9.9319418e-04 9.9898683e-04
3.9972928e+00 2.7408275e+00 1.9761226e+00 2.1406555e+00 2.4217802e+00 2.7651132e+00 2.9867169e+00 3.0508509e+00 3.0108588e+00 2.8890592e+00 2.7213838e+00 2.6017803e+00 2.5036131e+00 2.4390976e+00 2.0624844e+00 1.1761465e+00 2.0205250e+00 2.2284685e+00 2.1677201e+00 2.0383862e+00 2.0736570e+00 1.6925725e+00 1.6211620e+00 9.4286056e-01 1.6300030e+00 9.7457917e-04 7.8457388e-04 0.0000000e+00 0.0000000e+00 0.0000000e+00 0.0000000e+00 0.0000000e+00 0.0000000e+00 0.0000000e+00 0.0000000e+00 0.0000000e+00 0.0000000e+00 0.0000000e+00 0.0000000e+00 0.0000000e+00 0.0000000e+00 0.0000000e+00 3.7113552e-06 9.9419864e-04 2.6677214e-03 9.8366817e-04 7.1629200e-04 1.9372913e-02 9.8924549e-04 9.6259031e-04
5.1822980e+00 3.2602114e+00 1.9139622e+00 1.4092830e+00 2.0701443e+00 3.4066659e+00 3.6255713e+00 3.6812573e+00 3.5949993e+00 3.3941286e+00 3.1105740e+00 2.8282580e+00 2.5913736e+00 2.4089492e+00 1.6133104e+00 1.0336916e+00 1.5279512e+00 2.0640750e+00 1.6175884e+00 1.6987524e+00 1.8026772e+00 1.4360445e+00 1.9719233e+00 1.9254627e+00 2.0478367e+00 2.0066318e+00 7.1636971e-01 8.7524982e-04 9.6551301e-04 0.0000000e+00 0.0000000e+00 0.0000000e+00 0.0000000e+00 0.0000000e+00 0.0000000e+00 0.0000000e+00 0.0000000e+00 0.0000000e+00 0.0000000e+00 0.0000000e+00 0.0000000e+00 0.0000000e+00 9.7540778e-04 9.9240860e-04 2.1242199e-03 8.4804774e-04 1.8494994e-01 2.2914471e-01 2.9971564e-01 1.7100808e-01
7.3475884e+00 4.7270159e+00 2.3763622e+00 1.7838489e+00 3.2716967e+00 4.3514527e+00 4.4747234e+00 4.4726062e+00 4.3118236e+00 4.0151182e+00 3.6268071e+00 3.1931022e+00 2.8019882e+00 2.5357386e+00 2.1456853e+00 1.6020224e+00 2.1753441e+00 2.3223460e+00 2.0922976e+00 1.9188804e+00 2.1752205e+00 1.9208152e+00 2.0014430e+00 1.9531660e+00 2.0637162e+00 2.2672055e+00 1.0626307e+00 1.4279671e+00 2.7876642e-03 7.1956533e-04 9.3928395e-04 0.0000000e+00 0.0000000e+00 0.0000000e+00 0.0000000e+00 0.0000000e+00 0.0000000e+00 0.0000000e+00 0.0000000e+00 9.9876021e-04 1.1254849e-03 0.0000000e+00 9.8455479e-04 9.9118382e-04 5.6046142e-01 5.4666742e-01 5.0619995e-01 4.3472672e-01 6.1748717e-01 5.5363256e-01
9.1954218e+00 7.3469192e+00 6.4878867e+00 4.9336681e+00 5.5792613e+00 5.4515464e+00 5.3839406e+00 5.2600261e+00 4.9739107e+00 4.5934099e+00 4.0632935e+00 3.4876054e+00 2.9435905e+00 2.6000359e+00 2.2463083e+00 1.5087010e+00 2.2742809e+00 2.3410268e+00 2.7161300e+00 2.4992495e+00 1.9514979e+00 2.0254219e+00 1.4301049e+00 1.8746799e+00 1.6037613e+00 1.2095749e+00 1.8037300e+00 1.9785259e+00 2.1150714e+00 7.2660098e-01 8.1048513e-04 7.4693057e-04 0.0000000e+00 0.0000000e+00 0.0000000e+00 0.0000000e+00 9.9959158e-04 9.9884596e-04 9.9882070e-04 9.9586693e-04 1.8430340e-03 9.8721785e-04 9.8211491e-04 3.3065877e-02 6.9287659e-01 8.1843699e-01 6.8359735e-01 5.8952728e-01 7.5728910e-01 7.4509058e-01
9.7460971e+00 9.0617573e+00 9.0292314e+00 7.5088508e+00 7.8097444e+00 6.9064330e+00 6.5444000e+00 6.2552304e+00 5.8756104e+00 5.3728236e+00 4.6188226e+00 3.8104573e+00 3.0767230e+00 2.4563649e+00 2.0408189e+00 1.9498969e+00 2.0705083e+00 2.2073550e+00 2.7855688e+00 2.1680387e+00 1.4173860e+00 2.1608732e+00 2.2077703e+00 2.2510058e+00 2.0096500e+00 2.1237683e+00 1.9817390e+00 1.8712359e+00 1.9336659e+00 2.3966490e+00 1.4018850e+00 8.3994415e-04 8.8696759e-04 9.2787012e-04 8.8507855e-04 9.9044681e-04 9.7103878e-04 9.9921124e-04 9.9876747e-04 9.9614498e-04 1.0028622e-03 9.8789224e-04 4.2821880e-02 4.2938938e-01 4.9322709e-01 5.4552448e-01 8.1123655e-01 6.8511001e-01 9.6682440e-01 1.2181973e+00
1.0436392e+01 1.0202383e+01 9.9187537e+00 9.3564435e+00 8.8930347e+00 8.2503045e+00 7.8545596e+00 7.4634252e+00 7.1954806e+00 6.6552279e+00 5.4594350e+00 4.1910713e+00 3.3230738e+00 2.6386652e+00 2.1142861e+00 2.0171883e+00 1.9120062e+00 2.0422776e+00 3.7256336e-02 7.7551354e-01 2.2770927e+00 2.1635633e+00 2.3976373e+00 2.2537302e+00 1.2474433e+00 1.9282231e+00 2.2027420e+00 1.9043226e+00 1.9437148e+00 9.3757018e-01 2.3551960e+00 2.3814637e+00 1.6429714e+00 8.5971790e-04 8.6808030e-04 9.8426466e-04 9.6792460e-04 1.0151228e-03 1.0355326e-03 1.9087396e-03 1.4698257e-03 8.1771136e-02 2.7511792e-02 9.4961459e-04 9.7536787e-04 8.9395297e-04 1.4803209e-01 4.4524193e-01 8.0756244e-01 7.0335302e-01
1.0406359e+01 1.0311942e+01 1.0121268e+01 9.7135094e+00 9.2696564e+00 8.7367777e+00 8.3339265e+00 8.1997292e+00 8.1089661e+00 7.6534638e+00 6.2258559e+00 4.4219876e+00 3.6623849e+00 3.1030795e+00 2.1766581e+00 1.2214760e+00 2.0620312e+00 2.0624062e+00 2.1924632e+00 2.2810373e+00 2.5308966e+00 2.3827922e+00 2.6000917e+00 2.2027855e+00 1.2598100e-04 1.0283428e+00 2.2528376e+00 1.9970456e+00 2.0220364e+00 2.1762567e+00 2.3265990e+00 2.4941082e+00 2.5520604e+00 2.2294520e+00 2.0864984e+00 1.4517897e+00 4.9222443e-01 9.8637847e-04 1.0131603e-03 2.7251948e-03 1.2705753e-03 9.6707741e-04 1.6346054e-02 9.9218786e-04 9.8989610e-04 9.8123988e-04 9.4210249e-04 8.7964982e-04 2.9754096e-01 4.1202670e-01
1.0249613e+01 1.0101735e+01 9.9782432e+00 9.7178250e+00 9.4091273e+00 9.0436557e+00 8.7537714e+00 8.5748519e+00 8.3910950e+00 7.9311640e+00 6.7261312e+00 4.7198381e+00 4.5955876e+00 4.3934059e+00 2.8070629e+00 2.3634842e+00 2.8585460e+00 3.0289692e+00 3.2248015e+00 3.0709069e+00 2.8329915e+00 2.6239632e+00 2.5202764e+00 2.4492381e+00 2.6857833e-01 1.8582173e+00 1.6207308e+00 2.3325314e+00 2.3318562e+00 2.1398697e+00 1.6242916e+00 2.3699953e+00 2.4655411e+00 2.5171356e+00 2.5738149e+00 2.5954662e+00 2.2198115e+00 1.8080718e+00 1.8937796e+00 9.3222634e-03 9.9502679e-04 1.7930027e-03 9.9611546e-04 9.9750772e-04 9.9814541e-04 9.9857304e-04 9.9817081e-04 9.6829180e-04 9.8314220e-04 9.5052844e-04
1.0165790e+01 9.8404528e+00 9.7845555e+00 9.7137755e+00 9.4982836e+00 9.2475258e+00 8.9821042e+00 8.8048556e+00 8.5518311e+00 8.1007595e+00 7.1557828e+00 6.2234844e+00 6.6588129e+00 7.2573610e+00 5.7551195e+00 4.7897696e+00 4.7126422e+00 4.5975537e+00 4.2729282e+00 3.9304313e+00 3.4551941e+00 2.9006547e+00 2.4082509e+00 2.0914077e+00 2.0821665e+00 2.3732421e+00 1.6590920e+00 2.4356914e+00 2.3512988e+00 1.5085397e+00 2.0747254e+00 2.4246351e+00 2.3861057e+00 2.3274356e+00 2.2502726e+00 2.1603635e+00 2.0551694e+00 2.2618774e+00 2.4265815e+00 1.6229576e+00 1.5809228e+00 9.9456303e-04 8.2251506e-04 9.9836578e-04 9.9774880e-04 9.9925733e-04 9.9879861e-04 9.9866229e-04 9.9866510e-04 9.9620669e-04
1.0171081e+01 9.6673211e+00 9.8240602e+00 9.7803280e+00 9.5533754e+00 9.3710116e+00 9.1656294e+00 8.9847832e+00 8.7263900e+00 8.3689410e+00 7.8507156e+00 7.4933596e+00 7.7292781e+00 7.8250364e+00 6.9543764e+00 6.5838127e+00 6.5435386e+00 6.1394244e+00 5.5906910e+00 4.8620484e+00 4.1128508e+00 3.3911304e+00 2.7283693e+00 2.3256776e+00 2.1893004e+00 2.4728576e+00 1.7720515e+00 1.8682291e+00 2.0691389e+00 1.9400073e+00 2.2389331e+00 2.2777401e+00 2.2650454e+00 2.2036311e+00 2.1202949e+00 2.0212684e+00 2.0003959e+00 2.1583756e+00 2.4295643e+00 2.1862083e+00 1.6577617e+00 1.2539067e+00 9.6924681e-04 8.6134183e-04 0.0000000e+00 0.0000000e+00 9.9749328e-04 9.9946624e-04 9.9946535e-04 9.9999585e-04
1.0239154e+01 9.8111032e+00 9.6661000e+00 9.6597743e+00 9.7266774e+00 9.4755535e+00 9.3441712e+00 9.1474806e+00 8.9018988e+00 8.6367432e+00 8.3215274e+00 8.1221178e+00 8.1121207e+00 7.9760992e+00 7.4970920e+00 7.3168874e+00 7.3460114e+00 7.0296042e+00 6.6192506e+00 5.8298433e+00 4.9031588e+00 3.8676347e+00 3.1704834e+00 2.6376952e+00 1.5791963e+00 2.1147086e+00 2.0604709e+00 1.7396165e+00 1.2562242e+00 1.8644212e+00 2.1043341e+00 2.1852454e+00 2.2324957e+00 2.1224062e+00 2.0265901e+00 2.0089197e+00 2.0404860e+00 2.1663614e+00 2.3873627e+00 2.3621768e+00 1.9588379e+00 2.3406133e+00 1.6073812e+00 7.4059973e-04 0.0000000e+00 0.0000000e+00 8.6781785e-04 9.7570967e-04 0.0000000e+00 0.0000000e+00
1.0643484e+01 9.0877268e+00 9.6221957e+00 9.2973751e+00 9.9139294e+00 9.5373677e+00 9.4483676e+00 9.2752566e+00 9.0532880e+00 8.8272524e+00 8.5850049e+00 8.4098903e+00 8.3050330e+00 8.1600080e+00 7.8963581e+00 7.7136140e+00 7.6018709e+00 7.3383476e+00 6.9138176e+00 6.5626209e+00 5.6543742e+00 4.2025771e+00 3.4436385e+00 2.8618664e+00 2.1576632e+00 1.7494224e+00 1.8644432e+00 2.3815126e+00 2.0128833e+00 2.0003630e+00 2.0731167e+00 2.1601637e+00 2.3041669e+00 2.0678077e+00 1.9449072e+00 1.9672601e+00 2.0251989e+00 2.1489066e+00 2.2762410e+00 2.3933423e+00 2.3656754e+00 2.5500559e+00 1.5161248e+00 9.8570719e-04 7.1563909e-04 9.7233982e-04 1.7040629e-03 9.9992676e-04 9.9061204e-04 0.0000000e+00
1.1395736e+01 1.0714774e+01 1.0234823e+01 9.7808774e+00 9.7563868e+00 9.7728107e+00 9.6084419e+00 9.5121505e+00 9.3382296e+00 9.1313656e+00 8.9014248e+00 8.7055638e+00 8.5304489e+00 8.3170352e+00 8.0719861e+00 7.8534861e+00 7.6558609e+00 7.3689395e+00 6.9070928e+00 6.2590943e+00 5.2863763e+00 4.3710326e+00 3.6254096e+00 3.1131033e+00 2.5367695e+00 1.8063406e+00 2.2815904e+00 2.4442375e+00 2.4533712e+00 2.0536763e+00 2.0841083e+00 2.4882893e+00 8.4915031e-01 7.3575148e-01 1.8512754e+00 1.8670499e+00 1.9483878e+00 2.0439564e+00 2.1024685e+00 2.1582075e+00 2.2250167e+00 1.2882106e+00 0.0000000e+00 8.7130763e-04 1.1788235e+00 3.0226375e-01 9.4863414e-04 9.4699679e-04 9.8702558e-04 9.9837621e-04
