ahotovec/data/depth_0047.asc
ncols     164
nrows     146
xllcorner -1.242151388888889e+02
yllcorner  4.172986111111111e+01
cellsize  2.777777777820000e-04
nodata_value       -9999
[rows 22 to 43 of 146, columns 100 to 149 of 164]
4.0265731e-01 3.8946546e-01 3.8015203e-01 2.7290193e-01 6.6332637e-02 9.8849723e-04 9.9542488e-04 9.9762105e-04 0.0000000e+00 0.0000000e+00 0.0000000e+00 0.0000000e+00 0.0000000e+00 0.0000000e+00 0.0000000e+00 0.0000000e+00 0.0000000e+00 0.0000000e+00 0.0000000e+00 0.0000000e+00 0.0000000e+00 0.0000000e+00 0.0000000e+00 0.0000000e+00 0.0000000e+00 0.0000000e+00 0.0000000e+00 9.8194077e-04 9.7487665e-04 2.0511831e-02 1.8333982e-01 2.9807386e-01 3.1929762e-01 3.0975876e-01 2.4612958e-01 2.2891824e-01 2.7980651e-01 3.4745598e-01 3.8041016e-01 5.0405490e-01 7.6420001e-01 4.5276086e-01 3.7926498e-01 3.7850453e-01 3.7699221e-01 3.7767298e-01 3.7718994e-01 3.7687575e-01 3.7636794e-01 2.8465542e-01
4.0694736e-01 3.8861171e-01 3.8928588e-01 3.8586409e-01 3.2927655e-01 1.3641111e-01 9.8365488e-04 9.8707272e-04 9.9793986e-04 9.9629978e-04 9.7907231e-04 9.6378060e-04 1.5905150e-01 9.6298506e-04 9.7167361e-04 0.0000000e+00 0.0000000e+00 0.0000000e+00 0.0000000e+00 0.0000000e+00 0.0000000e+00 0.0000000e+00 0.0000000e+00 0.0000000e+00 0.0000000e+00 9.7665934e-04 4.2758500e-02 2.5242424e-01 3.4418914e-01 3.5057595e-01 3.8157882e-01 3.8479752e-01 3.8479075e-01 3.8433296e-01 3.8405878e-01 3.8265624e-01 3.8354578e-01 3.8376689e-01 4.5858550e-01 7.3897874e-01 4.8460300e-01 3.8143143e-01 3.8064932e-01 3.8018951e-01 3.7807965e-01 3.7965635e-01 3.7930975e-01 3.7908502e-01 3.8174370e-01 3.5088236e-01
4.0743504e-01 3.8664239e-01 3.8656693e-01 3.8754812e-01 3.8614843e-01 3.2895313e-01 1.2333521e-01 9.8248633e-04 9.9350189e-04 9.4213603e-04 9.6866816e-04 8.5547099e-02 3.5935483e-01 3.7079995e-01 1.9685099e-01 9.8686570e-04 9.7619248e-04 0.0000000e+00 0.0000000e+00 0.0000000e+00 0.0000000e+00 0.0000000e+00 0.0000000e+00 9.8773704e-04 1.0066569e-01 2.9791529e-01 3.7078307e-01 3.8641810e-01 3.8660743e-01 3.8588443e-01 3.8747071e-01 3.8535713e-01 3.8506783e-01 3.8484792e-01 3.8469211e-01 3.8572309e-01 3.8461146e-01 4.5460978e-01 7.3399591e-01 5.3258294e-01 3.8349824e-01 3.8218533e-01 3.8203472e-01 3.8184155e-01 3.8375494e-01 3.8139741e-01 3.8122722e-01 3.8120731e-01 3.8197775e-01 3.8084097e-01
4.0618730e-01 3.8510734e-01 3.8496575e-01 3.8670052e-01 3.8441044e-01 3.8254985e-01 3.2439922e-01 1.1143192e-01 9.7154511e-04 9.9024145e-04 9.7213314e-04 9.9675663e-02 3.3640770e-01 3.8871783e-01 3.8825539e-01 3.8473228e-01 3.7818352e-01 1.3683366e-01 8.9391717e-04 0.0000000e+00 9.4113051e-04 9.6813420e-04 2.1552951e-01 3.4535984e-01 3.8450944e-01 3.8845380e-01 3.8686794e-01 3.8758836e-01 3.8694462e-01 3.8675677e-01 3.8640173e-01 3.8613380e-01 3.8603316e-01 3.8576909e-01 3.8566515e-01 3.8809140e-01 4.5003905e-01 7.6078923e-01 5.3776967e-01 3.8672853e-01 3.8432660e-01 3.8500048e-01 3.8428886e-01 3.8346960e-01 3.8457349e-01 3.8311627e-01 3.8303175e-01 3.8304893e-01 3.8136728e-01 3.8335170e-01
4.0542228e-01 3.8419963e-01 3.8399043e-01 3.8759031e-01 3.8317879e-01 3.8184387e-01 3.7918724e-01 3.4112882e-01 1.8594100e-01 4.1711909e-02 9.9904194e-04 5.8022219e-02 2.4762553e-01 3.6683167e-01 3.8686243e-01 3.8750138e-01 3.8750469e-01 3.8232173e-01 3.1677355e-01 2.7281946e-01 3.3406902e-01 3.7923900e-01 3.8645358e-01 3.8665568e-01 3.8701438e-01 3.8707454e-01 3.8384043e-01 3.8718205e-01 3.8695813e-01 3.8693689e-01 3.8786797e-01 3.8691348e-01 3.8688989e-01 3.8683178e-01 3.9653127e-01 5.2448206e-01 7.1116843e-01 4.9325208e-01 3.8904057e-01 4.1516106e-01 4.6164779e-01 4.6639872e-01 4.5673748e-01 4.1537564e-01 3.8925940e-01 3.8447333e-01 3.8453084e-01 3.8470702e-01 3.8763498e-01 3.8544159e-01
4.0642377e-01 3.8360967e-01 3.8332994e-01 3.8488129e-01 3.8215356e-01 3.8101985e-01 3.7976196e-01 3.7864003e-01 3.6439351e-01 3.1210591e-01 2.1282891e-01 1.1088970e-01 1.7647386e-01 3.0349349e-01 3.7949128e-01 3.8467564e-01 3.8464610e-01 3.8354717e-01 3.8479912e-01 3.8475542e-01 3.8496331e-01 3.8810443e-01 3.8583937e-01 3.8575249e-01 3.8613123e-01 3.8618446e-01 3.8633997e-01 3.8686716e-01 3.8694803e-01 3.8714053e-01 3.8791143e-01 3.8707845e-01 3.9178126e-01 4.8980678e-01 7.0143051e-01 7.3721631e-01 5.1192434e-01 4.6363349e-01 4.7537796e-01 4.6828868e-01 4.1360561e-01 3.9469756e-01 4.1266245e-01 4.6688494e-01 4.4202853e-01 3.8744264e-01 3.8530988e-01 3.8557875e-01 3.8711092e-01 3.8628508e-01
3.9555301e-01 3.8292363e-01 3.8268984e-01 3.8381299e-01 3.8156592e-01 3.8065159e-01 3.7972330e-01 3.7914626e-01 3.7852972e-01 3.7785770e-01 3.6707036e-01 3.3211294e-01 3.0118796e-01 3.1056915e-01 3.7263266e-01 3.8195705e-01 3.8207167e-01 3.7912177e-01 3.8259477e-01 3.8275598e-01 3.8306377e-01 3.8445987e-01 3.8391866e-01 3.8405027e-01 3.8445871e-01 3.8461939e-01 3.8343861e-01 3.8540303e-01 3.8578608e-01 3.8614969e-01 3.8934614e-01 4.3889910e-01 6.4968031e-01 8.3979187e-01 7.7018341e-01 5.4909718e-01 4.1424760e-01 4.0749850e-01 4.0720260e-01 3.9197363e-01 3.8607482e-01 3.8577040e-01 3.8576182e-01 3.9076094e-01 4.5600561e-01 4.6182314e-01 3.9269468e-01 3.8611466e-01 3.8829344e-01 3.8675419e-01
4.1374327e-01 3.8726490e-01 3.8161028e-01 3.7643724e-01 3.8001485e-01 3.7970111e-01 3.7893159e-01 3.7824355e-01 3.7761825e-01 3.7742203e-01 3.7736774e-01 3.7730894e-01 3.8089452e-01 3.7524225e-01 3.7887123e-01 3.7938621e-01 3.7955190e-01 3.8177120e-01 3.8013948e-01 3.8046932e-01 3.8089045e-01 3.7922316e-01 3.8162853e-01 3.8215412e-01 3.8266332e-01 3.8295825e-01 3.8547415e-01 3.8409077e-01 3.8491400e-01 4.1266636e-01 5.8550377e-01 8.0198198e-01 8.4634486e-01 5.8970482e-01 4.0526441e-01 3.8292800e-01 3.8750121e-01 3.8728590e-01 3.8700578e-01 3.8695645e-01 3.8645231e-01 3.8625254e-01 3.8616328e-01 3.8616894e-01 3.9392672e-01 4.5064204e-01 4.7379592e-01 3.9911826e-01 3.8677561e-01 3.8704647e-01
3.9175701e-01 4.0846331e-01 3.9659208e-01 3.8921393e-01 3.8059005e-01 3.7904177e-01 3.7778766e-01 3.7723018e-01 3.7682041e-01 3.7641123e-01 3.7638888e-01 3.7622399e-01 3.7583992e-01 3.7680555e-01 3.7714827e-01 3.7737700e-01 3.7759109e-01 3.8138082e-01 3.7814642e-01 3.7845468e-01 3.7874095e-01 3.7898724e-01 3.7945163e-01 3.7989630e-01 3.8056545e-01 3.8104570e-01 3.8222457e-01 3.8426136e-01 4.7133937e-01 7.7129822e-01 8.1731720e-01 6.9884769e-01 4.6579533e-01 3.8957670e-01 3.8742398e-01 3.8801713e-01 3.8812971e-01 3.8785207e-01 3.8758522e-01 3.8810168e-01 3.8689275e-01 3.8657693e-01 3.8644503e-01 3.8643963e-01 3.8980656e-01 3.8832981e-01 4.2972541e-01 4.8659447e-01 4.2399691e-01 3.8836002e-01
3.7859517e-01 3.8242505e-01 3.9570421e-01 4.1446517e-01 4.0930809e-01 4.0709337e-01 4.0154924e-01 3.9021052e-01 3.7731607e-01 3.7521635e-01 3.7526104e-01 3.7509298e-01 3.7521107e-01 3.7545850e-01 3.7560199e-01 3.7576377e-01 3.7582959e-01 3.7497695e-01 3.7609264e-01 3.7630955e-01 3.7668204e-01 3.7577401e-01 3.7681765e-01 3.7746323e-01 3.7833229e-01 3.7890338e-01 3.8800806e-01 5.5540349e-01 7.5590203e-01 5.2051746e-01 6.6253347e-01 5.2040372e-01 3.8617777e-01 3.8672303e-01 3.8772250e-01 3.9286296e-01 3.8838805e-01 3.8826501e-01 3.8795377e-01 3.8757855e-01 3.8712842e-01 3.8683228e-01 3.8665539e-01 3.8661042e-01 3.8685624e-01 3.8682397e-01 3.8717492e-01 4.0647695e-01 4.7782140e-01 4.5451543e-01
3.7665417e-01 3.7668921e-01 3.7658509e-01 3.7416453e-01 3.7640702e-01 3.7848286e-01 3.8346896e-01 4.0236197e-01 4.0756661e-01 3.8173586e-01 3.7427760e-01 3.7418334e-01 3.7332421e-01 3.7434944e-01 3.7449202e-01 3.7458913e-01 3.7461382e-01 3.7651439e-01 3.7471218e-01 3.7469378e-01 3.7465576e-01 3.7159052e-01 3.7743160e-01 3.7770894e-01 3.7942054e-01 4.7405158e-01 6.6444357e-01 6.8869423e-01 4.4546430e-01 4.0610130e-01 7.9104318e-01 4.5926078e-01 3.8558252e-01 3.8671288e-01 3.8772892e-01 3.8861531e-01 3.8865014e-01 3.8852812e-01 3.8825305e-01 3.8991329e-01 3.8754466e-01 3.8701820e-01 3.8680554e-01 3.8672207e-01 3.8774552e-01 3.8694419e-01 3.8722634e-01 3.8752690e-01 3.9636019e-01 4.3868971e-01
3.7487825e-01 3.7495622e-01 3.7496268e-01 3.7480821e-01 3.7480705e-01 3.7461461e-01 3.7433515e-01 3.7411223e-01 3.8655138e-01 4.0428861e-01 3.7365596e-01 3.7354167e-01 3.7372148e-01 3.7372511e-01 3.7383619e-01 3.7401281e-01 3.7391338e-01 3.7544462e-01 3.7407468e-01 3.7438267e-01 3.8783607e-01 5.1124101e-01 7.0527718e-01 6.9062507e-01 7.0222479e-01 8.5391691e-01 5.5307544e-01 3.8732651e-01 3.8059242e-01 5.1177966e-01 7.3500169e-01 3.9668308e-01 3.8527725e-01 3.8661552e-01 3.8769599e-01 3.8855279e-01 3.8883968e-01 3.8869184e-01 3.8840543e-01 3.8885541e-01 3.8752275e-01 3.8704529e-01 3.8678596e-01 3.8664037e-01 3.8781019e-01 3.8680791e-01 3.8708593e-01 3.8730997e-01 3.8857883e-01 3.8822690e-01
3.7338798e-01 3.7354993e-01 3.7373047e-01 3.7408453e-01 3.7393547e-01 3.7382210e-01 3.7364262e-01 3.7341649e-01 3.7615352e-01 4.0734095e-01 3.7468992e-01 3.7283024e-01 3.7071474e-01 3.7269921e-01 3.7285651e-01 3.7310283e-01 3.7298011e-01 3.7306906e-01 3.7300218e-01 3.8100993e-01 5.8856212e-01 1.1532607e+00 1.6052760e+00 1.5651456e+00 1.0130142e+00 5.5262173e-01 5.1526923e-01 4.8079443e-01 5.8714160e-01 7.1540725e-01 4.6249561e-01 3.8298383e-01 3.8477144e-01 3.8634380e-01 3.8753955e-01 3.8957159e-01 3.8892016e-01 3.8873884e-01 3.8843935e-01 3.8795012e-01 3.8743158e-01 3.8700417e-01 3.8672590e-01 3.8655891e-01 3.8690112e-01 3.8674995e-01 3.8708742e-01 3.8732246e-01 3.8871810e-01 3.8825289e-01
3.7233337e-01 3.7261922e-01 3.7294095e-01 3.7190181e-01 3.7316295e-01 3.7319473e-01 3.7308585e-01 3.7289124e-01 3.7752039e-01 4.1070137e-01 3.7903498e-01 3.7188338e-01 3.7655465e-01 3.7207527e-01 3.7146392e-01 3.7174206e-01 3.7157544e-01 3.7124015e-01 3.9591256e-01 5.5782338e-01 9.6895631e-01 1.6504881e+00 1.8419866e+00 1.7240625e+00 1.1005179e+00 6.8635918e-01 6.2481117e-01 7.0530941e-01 5.5767916e-01 4.1859534e-01 3.7939305e-01 3.8274929e-01 3.8477394e-01 3.8626388e-01 3.8748266e-01 3.8854198e-01 3.8893994e-01 3.8875137e-01 3.8841857e-01 3.8590569e-01 3.8722921e-01 3.8697270e-01 3.8669409e-01 3.8652004e-01 3.8981166e-01 3.8685107e-01 3.8722091e-01 3.8746118e-01 3.8992088e-01 3.8612636e-01
3.7149364e-01 3.7190704e-01 3.7228120e-01 3.7086229e-01 3.7253862e-01 3.7249367e-01 3.7226368e-01 3.7184704e-01 3.6867865e-01 4.0842162e-01 3.7706706e-01 3.7458897e-01 3.7200177e-01 3.7017217e-01 3.6924248e-01 3.6996686e-01 3.7464770e-01 3.8557757e-01 5.6366705e-01 1.0855374e+00 1.5677857e+00 1.6887192e+00 1.7533622e+00 1.3383234e+00 6.5322195e-01 3.7879654e-01 3.7577564e-01 3.7913161e-01 3.7933468e-01 3.8077225e-01 3.8110701e-01 3.8358842e-01 3.8518685e-01 3.8646342e-01 3.8759389e-01 3.8745658e-01 3.8893145e-01 3.8872231e-01 3.8833636e-01 3.8870869e-01 3.8733188e-01 3.8673444e-01 3.8636567e-01 3.8629235e-01 3.8218904e-01 3.8631678e-01 3.8640599e-01 3.8515394e-01 3.7866883e-01 2.7648898e-01
3.7062667e-01 3.7110770e-01 3.7150524e-01 3.7351814e-01 3.7198941e-01 3.7162899e-01 3.7136282e-01 3.7086133e-01 4.1286970e-01 8.0555379e-01 5.2772928e-01 6.4755087e-01 6.5147418e-01 5.2559921e-01 4.2725412e-01 4.5033382e-01 6.1021567e-01 8.2321653e-01 1.0995810e+00 1.5813460e+00 1.4338722e+00 1.5338973e+00 1.4867312e+00 7.6658664e-01 4.0492881e-01 3.7204702e-01 3.7548557e-01 3.7700016e-01 3.7893796e-01 3.8057295e-01 3.8383804e-01 3.8390926e-01 3.8525556e-01 3.8652999e-01 3.8766515e-01 3.8343781e-01 3.8896554e-01 3.8868681e-01 3.8825367e-01 3.8703378e-01 3.8707538e-01 3.8655171e-01 3.8624135e-01 3.8591716e-01 3.8741549e-01 3.7467993e-01 3.0215929e-01 1.9984489e-01 1.1823190e-01 9.9807648e-04
3.6966148e-01 3.7013040e-01 3.7053923e-01 3.6994790e-01 3.7118783e-01 3.7140993e-01 3.7157100e-01 3.7075433e-01 6.2952302e-01 1.1533911e+00 1.0346298e+00 1.4364017e+00 1.4691440e+00 1.2650969e+00 1.0544486e+00 1.0708465e+00 1.3911829e+00 1.5562049e+00 1.4817427e+00 1.2611197e+00 1.1391410e+00 1.5554083e+00 1.2219697e+00 5.6690169e-01 3.7060825e-01 3.7138493e-01 3.7344983e-01 3.7674580e-01 3.7897823e-01 3.8086572e-01 3.8295155e-01 3.8414566e-01 3.8555441e-01 3.8680181e-01 3.8791398e-01 3.8232801e-01 3.8916314e-01 3.8878537e-01 3.8823390e-01 3.9043565e-01 3.8706190e-01 3.8616888e-01 3.8563722e-01 3.8133266e-01 3.1781717e-01 1.2524730e-01 9.3735134e-04 0.0000000e+00 0.0000000e+00 0.0000000e+00
3.6794519e-01 3.6829868e-01 3.6843173e-01 3.6912536e-01 3.6839938e-01 3.6805708e-01 3.6952903e-01 4.1378864e-01 9.8312977e-01 1.3265348e+00 1.5426338e+00 1.2797679e+00 1.0636613e+00 1.3083919e+00 1.4337392e+00 1.4365413e+00 1.2399178e+00 9.0304973e-01 6.8543671e-01 7.5734215e-01 1.1867480e+00 1.5934344e+00 9.8382912e-01 4.6679923e-01 3.6606299e-01 3.5534801e-01 3.5720240e-01 3.7499723e-01 3.7932223e-01 3.8154815e-01 3.8644169e-01 3.8529041e-01 3.8637311e-01 3.8743710e-01 3.8831642e-01 3.8931294e-01 3.8918885e-01 3.8874707e-01 3.8802154e-01 3.9029214e-01 3.8700033e-01 3.8522815e-01 3.4503898e-01 1.7288775e-01 9.6406983e-04 0.0000000e+00 0.0000000e+00 0.0000000e+00 0.0000000e+00 0.0000000e+00
3.6594464e-01 3.6626724e-01 3.6636916e-01 3.6541845e-01 3.6584525e-01 3.6871247e-01 4.3276969e-01 7.4603611e-01 1.3229721e+00 1.5570219e+00 1.1570992e+00 6.5367285e-01 4.4268274e-01 5.3846778e-01 6.0723824e-01 6.2112559e-01 5.1424348e-01 4.2055641e-01 5.5555062e-01 1.0017400e+00 1.5684659e+00 1.2425340e+00 6.3860754e-01 3.6966966e-01 3.1020265e-01 2.4208494e-01 2.2322955e-01 3.1052546e-01 3.7334588e-01 3.8302554e-01 3.8709819e-01 3.8643854e-01 3.8743894e-01 3.8830569e-01 3.8897108e-01 3.8575549e-01 3.8948973e-01 3.8907818e-01 3.8766151e-01 3.7936931e-01 3.3027599e-01 2.2726250e-01 9.2804127e-04 0.0000000e+00 0.0000000e+00 0.0000000e+00 0.0000000e+00 0.0000000e+00 0.0000000e+00 0.0000000e+00
3.6330263e-01 3.6374066e-01 3.6386808e-01 3.6262279e-01 3.7136643e-01 4.8952424e-01 8.6106477e-01 1.1991202e+00 1.3817443e+00 1.0632694e+00 5.8658957e-01 3.8003197e-01 3.6421920e-01 3.6510243e-01 3.6641921e-01 3.6790759e-01 3.7165490e-01 5.1957577e-01 1.0148314e+00 1.5749155e+00 1.3051346e+00 7.1294933e-01 3.9842685e-01 2.6731693e-01 1.8316181e-01 1.0678825e-01 6.6833256e-02 1.3105433e-01 2.7423623e-01 3.7352109e-01 3.8627289e-01 3.8764068e-01 3.7972117e-01 3.4791346e-01 3.1932645e-01 3.2894232e-01 3.3571278e-01 3.2036149e-01 2.3949292e-01 8.5981754e-02 9.3245662e-04 0.0000000e+00 0.0000000e+00 0.0000000e+00 0.0000000e+00 0.0000000e+00 0.0000000e+00 0.0000000e+00 0.0000000e+00 0.0000000e+00
3.6111040e-01 3.6236183e-01 3.6244003e-01 3.8225710e-01 5.3044022e-01 8.4257974e-01 1.2106136e+00 1.4372453e+00 1.2841799e+00 8.3907520e-01 3.7094407e-01 3.6289133e-01 3.6141292e-01 3.6110902e-01 3.6090575e-01 3.6102793e-01 3.9676189e-01 7.5660823e-01 1.4781152e+00 1.3292442e+00 6.9649274e-01 4.0491698e-01 3.5173561e-01 2.5059290e-01 9.4487312e-02 9.8296520e-04 9.9324925e-04 9.7200001e-04 4.4116981e-02 2.5946230e-01 3.6285709e-01 3.8733101e-01 3.2483096e-01 1.1737218e-01 9.4298266e-04 9.8187118e-04 9.7556746e-04 9.9316348e-04 9.7462712e-04 0.0000000e+00 0.0000000e+00 0.0000000e+00 0.0000000e+00 0.0000000e+00 0.0000000e+00 0.0000000e+00 0.0000000e+00 0.0000000e+00 0.0000000e+00 0.0000000e+00
3.5904269e-01 3.6030773e-01 3.8092719e-01 4.9672797e-01 9.6751084e-01 1.3341844e+00 1.3296961e+00 1.2190839e+00 9.2840865e-01 4.2649931e-01 3.6003563e-01 3.6030066e-01 3.5837126e-01 3.5848837e-01 3.5814667e-01 3.5883103e-01 5.1992708e-01 1.0724180e+00 1.5879778e+00 9.9041715e-01 4.6220891e-01 3.5727534e-01 3.3720133e-01 2.1059829e-01 5.6424518e-02 9.7483813e-04 9.9923019e-04 9.9961942e-04 9.7434579e-04 9.7641529e-04 1.1201591e-01 2.6030010e-01 1.9252061e-01 9.8599272e-04 9.3626553e-04 0.0000000e+00 0.0000000e+00 0.0000000e+00 0.0000000e+00 0.0000000e+00 0.0000000e+00 0.0000000e+00 0.0000000e+00 0.0000000e+00 0.0000000e+00 0.0000000e+00 0.0000000e+00 0.0000000e+00 0.0000000e+00 0.0000000e+00
