ahotovec/data/depth_0006.asc
ncols     164
nrows     146
xllcorner -1.242151388888889e+02
yllcorner  4.172986111111111e+01
cellsize  2.777777777820000e-04
nodata_value       -9999
[rows 110 to 131 of 146, columns 50 to 99 of 164]
8.6955805e+00 8.1023115e+00 6.9010952e+00 5.0545773e+00 3.3116742e+00 2.4487694e+00 1.9830334e+00 2.0785513e+00 1.6135559e+00 2.9218659e+00 4.2977803e+00 4.7540629e+00 4.9134290e+00 3.4048473e+00 2.8827249e+00 2.6391658e+00 9.4285877e-04 0.0000000e+00 2.1267739e+00 2.8173075e+00 3.0690917e+00 3.4538105e+00 3.7832468e+00 4.0459435e+00 4.2166336e+00 4.2546540e+00 4.1617178e+00 4.2695858e+00 4.7007375e+00 5.0618814e+00 5.4252225e+00 5.5532816e+00 5.8721673e+00 5.9496026e+00 6.0678614e+00 6.1701493e+00 6.3031266e+00 6.3893308e+00 6.4477841e+00 6.4886300e+00 6.5471097e+00 6.5613483e+00 6.5450620e+00 6.4585264e+00 6.4059523e+00 6.3634890e+00 6.4028555e+00 6.4604043e+00 6.5111947e+00 6.5743727e+00
1.0205093e+01 1.0204574e+01 8.9464274e+00 6.0881886e+00 2.7328560e+00 1.3489575e+00 2.1766068e+00 2.0620474e+00 3.0702432e+00 4.2213637e+00 5.2629285e+00 6.2028590e+00 6.8873898e+00 2.8471304e+00 3.3091627e+00 4.2659665e+00 2.0142295e+00 0.0000000e+00 0.0000000e+00 2.1686019e+00 2.7334015e+00 3.0731304e+00 3.4040732e+00 3.6628327e+00 3.8664767e+00 3.9774979e+00 4.0032359e+00 3.9214383e+00 4.1303418e+00 4.6427647e+00 5.0394966e+00 5.3596615e+00 5.5707879e+00 5.8556778e+00 5.9583398e+00 6.0616392e+00 6.1622564e+00 6.2592886e+00 6.3166725e+00 6.3656589e+00 6.3768319e+00 6.3534089e+00 6.2956462e+00 6.2384156e+00 6.2231407e+00 6.2539381e+00 6.3450021e+00 6.4462304e+00 6.5399065e+00 6.6119025e+00
1.1298601e+01 1.1526145e+01 1.0673489e+01 7.4156021e+00 0.0000000e+00 0.0000000e+00 0.0000000e+00 1.9871425e+00 3.5001528e+00 5.0445519e+00 6.4214945e+00 7.4483659e+00 8.3227700e+00 8.4879155e+00 8.7072044e+00 8.3754384e+00 6.9275134e+00 9.1272198e-01 0.0000000e+00 7.8593687e-04 2.4918912e+00 2.7804030e+00 3.0646787e+00 3.3278621e+00 3.5439196e+00 3.6982441e+00 3.7925277e+00 3.8071717e+00 3.8295987e+00 4.2284263e+00 4.6900850e+00 5.0435233e+00 5.3267737e+00 5.5534960e+00 5.7039609e+00 5.7465248e+00 5.6851701e+00 5.7803960e+00 5.8384949e+00 5.8913412e+00 5.9477670e+00 5.9551190e+00 5.9760093e+00 5.9908168e+00 6.0378151e+00 6.1448984e+00 6.3291540e+00 6.4702700e+00 6.5959788e+00 6.7087301e+00
1.2308373e+01 1.1393126e+01 1.1431548e+01 8.6157500e+00 9.3426578e-04 0.0000000e+00 0.0000000e+00 0.0000000e+00 5.6867854e+00 6.6298007e+00 7.9150826e+00 8.3548464e+00 8.9510104e+00 9.3432361e+00 9.7734986e+00 9.2966832e+00 8.9969025e+00 7.4453900e+00 5.3116605e-04 0.0000000e+00 1.9553978e+00 2.5797492e+00 2.7442721e+00 3.0188934e+00 3.2389796e+00 3.4314697e+00 3.5803239e+00 3.7190450e+00 3.9093458e+00 4.0509544e+00 4.4752826e+00 4.8259997e+00 5.0927045e+00 5.2403667e+00 5.1982107e+00 4.9621412e+00 4.8367797e+00 4.9184545e+00 5.1298515e+00 5.2844098e+00 5.4132624e+00 5.5315529e+00 5.6849772e+00 5.8463387e+00 5.9592526e+00 6.1215227e+00 6.3008924e+00 6.5177022e+00 6.7016319e+00 6.8360499e+00
1.2807337e+01 1.3184418e+01 1.2820318e+01 1.1001214e+01 7.5360470e+00 4.5184837e+00 9.4521004e-01 2.5851804e+00 8.9617380e+00 8.2809433e+00 9.3337570e+00 8.0335685e+00 9.1030071e+00 9.5610371e+00 1.0002657e+01 9.8976037e+00 9.2572938e+00 8.8045955e+00 5.9741112e+00 0.0000000e+00 9.6305466e-04 2.5405152e+00 2.5354072e+00 2.7256102e+00 2.9639511e+00 3.1841204e+00 3.3639143e+00 3.5811709e+00 3.9131811e+00 4.2537599e+00 4.3644933e+00 4.5927966e+00 4.7388769e+00 4.6478421e+00 4.3504038e+00 4.1398280e+00 4.1629198e+00 4.5759172e+00 4.8765034e+00 4.9622190e+00 5.1290991e+00 5.2720394e+00 5.5224482e+00 5.7794610e+00 5.9803096e+00 6.1607649e+00 6.4090210e+00 6.6714058e+00 6.9227349e+00 7.0386052e+00
1.2934487e+01 1.3426143e+01 1.3155558e+01 9.9165020e+00 1.0987632e+01 1.0701342e+01 9.6509918e+00 1.0406130e+01 1.0737928e+01 1.0543301e+01 1.0037014e+01 9.6946182e+00 1.1049239e+01 1.0990073e+01 1.0343613e+01 1.0320778e+01 1.0335199e+01 9.4436777e+00 7.0588419e+00 2.7630402e+00 0.0000000e+00 1.1913230e+00 2.4792563e+00 2.5069742e+00 2.7247053e+00 2.9340654e+00 3.1434548e+00 3.3890354e+00 3.7529931e+00 4.1292541e+00 4.3939450e+00 4.3320247e+00 4.2456233e+00 3.9146958e+00 3.7206311e+00 3.6813182e+00 3.8155715e+00 4.2994147e+00 4.7582391e+00 4.8089979e+00 5.0137852e+00 5.2668148e+00 5.5443120e+00 5.7994305e+00 6.0233421e+00 6.2570894e+00 6.5530248e+00 6.8787023e+00 7.2057566e+00 7.3050896e+00
1.3280634e+01 1.3427573e+01 1.3510724e+01 1.4021737e+01 1.3322890e+01 1.3025188e+01 1.2904267e+01 1.2663084e+01 1.2099202e+01 1.1437230e+01 1.1329118e+01 1.1401995e+01 1.1406586e+01 1.1255092e+01 1.0830413e+01 1.1074404e+01 1.0891298e+01 1.0139554e+01 9.0528572e+00 6.0567225e+00 3.5814231e-01 0.0000000e+00 1.5500825e+00 2.4331950e+00 2.5351333e+00 2.7378910e+00 2.9594169e+00 3.1951600e+00 3.5185674e+00 3.8315784e+00 4.1278581e+00 4.0769802e+00 3.7307538e+00 3.5098660e+00 3.4180842e+00 3.5269784e+00 3.6771739e+00 3.9294820e+00 4.2530320e+00 4.6326417e+00 4.9790912e+00 5.3154996e+00 5.6266402e+00 5.8668490e+00 6.0879483e+00 6.3463791e+00 6.7059799e+00 7.4294218e+00 7.4651235e+00 7.3719954e+00
1.4500578e+01 1.4359926e+01 1.4026498e+01 1.3402816e+01 1.3824312e+01 1.3619651e+01 1.3210333e+01 1.3129328e+01 1.2289504e+01 1.2090421e+01 1.1934029e+01 1.2116530e+01 1.2128728e+01 1.1825533e+01 1.0958557e+01 1.0984048e+01 1.0644284e+01 9.9742765e+00 1.0116442e+01 9.4862529e+00 5.8749253e+00 0.0000000e+00 0.0000000e+00 1.9319773e+00 2.4102639e+00 2.4876624e+00 2.6205062e+00 2.7889455e+00 2.9853068e+00 3.1756024e+00 3.3688677e+00 3.4667053e+00 3.3908942e+00 3.2598295e+00 3.2153265e+00 3.2799893e+00 3.5043594e+00 3.8422288e+00 4.1934503e+00 4.7041043e+00 5.0935999e+00 5.3767977e+00 5.7179400e+00 5.9880821e+00 6.2122270e+00 6.4428242e+00 6.4391652e+00 6.7852659e+00 7.4821497e+00 7.4969268e+00
1.4788591e+01 1.5241452e+01 1.4980951e+01 1.4623967e+01 1.4233070e+01 1.3557675e+01 1.3365850e+01 1.3171797e+01 1.3074668e+01 1.2664757e+01 1.2128272e+01 1.2387669e+01 1.2294194e+01 1.2232636e+01 1.1441891e+01 1.0485588e+01 1.1221971e+01 1.0188378e+01 9.5408860e+00 1.0001629e+01 8.0196524e+00 0.0000000e+00 0.0000000e+00 9.8144298e-04 1.9621518e+00 2.3927402e+00 2.5345251e+00 2.4983954e+00 2.5381686e+00 2.5659815e+00 2.5512449e+00 2.7024604e+00 2.8685588e+00 2.9881011e+00 2.9305021e+00 3.0310432e+00 3.3279610e+00 3.7587762e+00 4.2587569e+00 4.7799991e+00 5.3184673e+00 5.6057864e+00 5.9277153e+00 6.1762090e+00 6.4493576e+00 6.7057941e+00 6.8941624e+00 7.0857129e+00 7.4827209e+00 7.7179408e+00
1.4864043e+01 1.4498047e+01 1.4948306e+01 1.4639212e+01 1.4126637e+01 1.3276299e+01 1.3571195e+01 1.3476980e+01 1.3685081e+01 1.3281730e+01 1.2288097e+01 1.2150569e+01 1.1743541e+01 1.2649636e+01 1.2594058e+01 1.1649110e+01 1.1602210e+01 1.0451017e+01 1.0879101e+01 1.0337630e+01 9.9001870e+00 3.1666369e+00 0.0000000e+00 0.0000000e+00 0.0000000e+00 1.7557964e+00 1.8045441e+00 2.0746621e+00 1.9318307e+00 2.1466651e+00 2.1191352e+00 2.0550668e+00 2.2883144e+00 2.4918056e+00 2.7922394e+00 2.8405586e+00 3.1163656e+00 3.8082429e+00 4.4923949e+00 5.1428822e+00 5.6353556e+00 5.9448736e+00 6.2677679e+00 6.5326239e+00 6.8099102e+00 7.0732795e+00 7.3796646e+00 7.6567498e+00 7.8248184e+00 7.9898397e+00
1.5047093e+01 1.5146742e+01 1.4979652e+01 1.4420761e+01 1.4142087e+01 1.4009541e+01 1.4061666e+01 1.3677981e+01 1.2720402e+01 1.3640688e+01 1.2775061e+01 1.2361187e+01 1.2338088e+01 1.2420328e+01 1.2911183e+01 1.2855373e+01 1.2354523e+01 1.1892713e+01 1.1189112e+01 9.8167653e+00 1.0438604e+01 8.2815060e+00 9.1296584e-04 0.0000000e+00 0.0000000e+00 0.0000000e+00 0.0000000e+00 0.0000000e+00 0.0000000e+00 0.0000000e+00 1.3544983e+00 6.8391149e-01 2.0912484e+00 2.0223858e+00 2.1322805e+00 2.9580440e+00 3.2256661e+00 3.8081395e+00 4.9555515e+00 5.8583295e+00 6.2385284e+00 6.4815755e+00 6.7788886e+00 7.0555153e+00 7.3261520e+00 7.5550297e+00 7.8172386e+00 8.0519446e+00 8.2342565e+00 8.3619885e+00
1.5365610e+01 1.5169623e+01 1.5281044e+01 1.4836412e+01 1.4297170e+01 1.4170224e+01 1.3945682e+01 1.3879627e+01 1.3627255e+01 1.4172701e+01 1.3253446e+01 1.2767367e+01 1.2507006e+01 1.2620578e+01 1.3097241e+01 1.2613191e+01 1.2898148e+01 1.2155986e+01 1.1352640e+01 1.0971427e+01 1.0747443e+01 1.1213220e+01 7.8149379e+00 1.0378105e+00 0.0000000e+00 0.0000000e+00 0.0000000e+00 0.0000000e+00 0.0000000e+00 0.0000000e+00 0.0000000e+00 0.0000000e+00 0.0000000e+00 0.0000000e+00 0.0000000e+00 3.5380242e-04 3.9568188e-01 1.9342930e+00 6.3889667e+00 6.8252585e+00 7.0106385e+00 7.2247791e+00 7.4901561e+00 7.7163442e+00 7.9415058e+00 8.1236597e+00 8.3176189e+00 8.4454542e+00 8.5912476e+00 8.7647209e+00
1.5784395e+01 1.5680474e+01 1.5539604e+01 1.5071181e+01 1.4592326e+01 1.4389555e+01 1.4285848e+01 1.4252031e+01 1.4267211e+01 1.4035397e+01 1.3553897e+01 1.3273349e+01 1.3167635e+01 1.3170935e+01 1.3506643e+01 1.3367853e+01 1.2072274e+01 1.2224113e+01 1.1955946e+01 1.1467711e+01 1.0587312e+01 1.1462316e+01 1.1118488e+01 8.7203583e+00 7.2390811e+00 2.6169488e+00 1.5368509e+00 3.1979312e+00 7.7936659e+00 7.7937400e+00 8.1760662e+00 7.7248951e+00 6.4408413e+00 5.1637300e+00 3.1832638e+00 1.2988701e+00 9.2522502e-04 1.6061101e-01 8.1674212e+00 8.3858205e+00 8.1375437e+00 8.1952044e+00 8.3361101e+00 8.4741154e+00 8.5893386e+00 8.7145699e+00 8.7922819e+00 8.8511343e+00 8.8314307e+00 9.0378173e+00
1.5542568e+01 1.5668587e+01 1.5649903e+01 1.5305901e+01 1.5089945e+01 1.3571909e+01 1.4394846e+01 1.4797195e+01 1.4445447e+01 1.4187456e+01 1.3939346e+01 1.3860279e+01 1.3703954e+01 1.3774875e+01 1.3681413e+01 1.3438569e+01 1.3537396e+01 1.2118088e+01 1.2438698e+01 1.2110461e+01 1.1802961e+01 1.1595202e+01 1.1449715e+01 1.1369740e+01 1.0158842e+01 5.1640346e+00 3.7568226e+00 5.4477023e+00 8.0525523e+00 1.0809979e+01 1.0673550e+01 1.0321175e+01 1.0528456e+01 1.0102359e+01 9.7951902e+00 1.0352144e+01 9.9533991e+00 9.2252381e+00 9.7875647e+00 9.3057580e+00 9.1064931e+00 9.0667588e+00 9.0960779e+00 9.1160041e+00 9.1381865e+00 9.2027400e+00 9.2595346e+00 9.2610085e+00 9.0972270e+00 9.0598094e+00
1.6188409e+01 1.6111440e+01 1.5913320e+01 1.5697516e+01 1.5372249e+01 1.1726957e+01 1.4384055e+01 1.5306196e+01 1.4921819e+01 1.4699132e+01 1.4521238e+01 1.4431619e+01 1.4180523e+01 1.4136432e+01 1.4048113e+01 1.3723806e+01 1.3549302e+01 1.2371540e+01 1.2487001e+01 1.2923020e+01 1.2869596e+01 1.2258113e+01 1.1544832e+01 1.1444361e+01 1.1158385e+01 8.4993757e+00 5.4908079e+00 5.7094000e+00 8.0309856e+00 1.0793980e+01 1.0045383e+01 1.0638113e+01 1.0380292e+01 1.0735053e+01 1.0976115e+01 1.0849579e+01 9.7744288e+00 1.0168899e+01 9.9386560e+00 9.7873413e+00 9.6891919e+00 9.6318923e+00 9.5810059e+00 9.5684777e+00 9.5554540e+00 9.5647848e+00 9.6165247e+00 8.9197238e+00 9.3322345e+00 9.4203222e+00
1.6448789e+01 1.6350228e+01 1.6284797e+01 1.6037974e+01 1.6042932e+01 1.5981981e+01 1.5943206e+01 1.5846480e+01 1.5737012e+01 1.5504972e+01 1.5203525e+01 1.5116025e+01 1.4772283e+01 1.4790900e+01 1.4530669e+01 1.4144685e+01 1.2367706e+01 1.3436452e+01 1.3381620e+01 1.2877260e+01 1.2786474e+01 1.3123428e+01 1.2390378e+01 1.1932833e+01 1.1590739e+01 1.1054019e+01 8.2863863e+00 8.0119457e+00 1.1082643e+01 1.0786257e+01 1.0130296e+01 1.0686082e+01 9.9410423e+00 1.0152410e+01 1.0966059e+01 1.0930326e+01 1.1123626e+01 1.0565656e+01 1.0253438e+01 1.0157370e+01 1.0046658e+01 9.9682425e+00 9.9252795e+00 9.8827047e+00 9.8746225e+00 9.8222193e+00 9.7565141e+00 8.5202261e+00 8.8717113e+00 9.6380855e+00
1.6731922e+01 1.6630023e+01 1.6577829e+01 1.6534328e+01 1.6419659e+01 1.6268019e+01 1.6219151e+01 1.5903957e+01 1.6127818e+01 1.5879207e+01 1.5872472e+01 1.5382981e+01 1.5242108e+01 1.5063058e+01 1.4904313e+01 1.4415040e+01 1.3734049e+01 1.4074969e+01 1.4004923e+01 1.3881316e+01 1.3360434e+01 1.3815077e+01 1.3274671e+01 1.2591216e+01 1.2264606e+01 1.1452318e+01 1.1648301e+01 1.2042706e+01 1.1671565e+01 1.1127708e+01 1.0874046e+01 1.0813029e+01 1.0620702e+01 1.0866500e+01 1.1079547e+01 1.1370214e+01 1.1275745e+01 1.1012023e+01 1.0514754e+01 1.0358849e+01 1.0256282e+01 1.0169785e+01 1.0109624e+01 1.0042425e+01 1.0014285e+01 9.9704845e+00 9.8945519e+00 9.9259332e+00 9.9735463e+00 9.9409317e+00
1.7057391e+01 1.6952743e+01 1.6874843e+01 1.6887006e+01 1.6752815e+01 1.6589616e+01 1.6400712e+01 1.6269790e+01 1.6221168e+01 1.6057449e+01 1.5885455e+01 1.5818690e+01 1.5568795e+01 1.5297465e+01 1.5214287e+01 1.5075276e+01 1.4664824e+01 1.4350776e+01 1.4382642e+01 1.4264289e+01 1.4242982e+01 1.4256116e+01 1.4033545e+01 1.3175015e+01 1.2739057e+01 1.1938653e+01 1.2687202e+01 1.2307413e+01 1.1888620e+01 1.1377312e+01 1.1187594e+01 1.0679293e+01 1.0039978e+01 1.0767172e+01 9.5912721e+00 1.1103267e+01 1.1460431e+01 1.1161937e+01 1.0761936e+01 1.0526754e+01 1.0389364e+01 1.0279429e+01 1.0201800e+01 1.0118332e+01 1.0073021e+01 1.0064480e+01 9.9805767e+00 9.9983582e+00 9.9697679e+00 9.9650776e+00
1.7352087e+01 1.7243115e+01 1.7144433e+01 1.7080241e+01 1.7114884e+01 1.6936062e+01 1.6673116e+01 1.6463261e+01 1.6344111e+01 1.6253109e+01 1.6054846e+01 1.5972463e+01 1.5805681e+01 1.5681007e+01 1.5400511e+01 1.4968901e+01 1.4735538e+01 1.4349944e+01 1.4599071e+01 1.4587283e+01 1.4546880e+01 1.4361056e+01 1.4287707e+01 1.3552773e+01 1.3443422e+01 1.3199386e+01 1.2927251e+01 1.2529055e+01 1.2429409e+01 1.1836389e+01 1.1764119e+01 1.1385582e+01 1.0690576e+01 1.0790061e+01 1.0898097e+01 1.1660981e+01 1.1679912e+01 1.1210017e+01 1.0890503e+01 1.0688058e+01 1.0531882e+01 1.0404851e+01 1.0322334e+01 1.0229713e+01 1.0178301e+01 1.0150842e+01 1.0112304e+01 1.0141230e+01 1.0145095e+01 1.0088205e+01
1.7640836e+01 1.7675442e+01 1.7480483e+01 1.7198302e+01 1.7082077e+01 1.6972343e+01 1.6863917e+01 1.6649768e+01 1.6493480e+01 1.6443347e+01 1.6270183e+01 1.6142998e+01 1.6042693e+01 1.6090205e+01 1.5729907e+01 1.5724294e+01 1.5094209e+01 1.4350869e+01 1.4785723e+01 1.4942856e+01 1.4875452e+01 1.4641776e+01 1.4073265e+01 1.3799548e+01 1.3713450e+01 1.3659136e+01 1.3152012e+01 1.2318612e+01 1.2788706e+01 1.2844360e+01 1.1834458e+01 1.1695492e+01 1.1565061e+01 1.1052947e+01 1.1665518e+01 1.1692152e+01 1.0695298e+01 1.1191778e+01 1.1110996e+01 1.0883863e+01 1.0712540e+01 1.0583261e+01 1.0495038e+01 1.0410397e+01 1.0365096e+01 1.0359399e+01 1.0361201e+01 9.9832757e+00 1.0461224e+01 1.0380999e+01
1.7851557e+01 1.7640164e+01 1.7633408e+01 1.7394371e+01 1.7179298e+01 1.7119217e+01 1.7114764e+01 1.6913278e+01 1.6781538e+01 1.6711217e+01 1.6627167e+01 1.6524930e+01 1.6453952e+01 1.6403957e+01 1.6104264e+01 1.5967239e+01 1.5393063e+01 1.2314388e+01 1.4293128e+01 1.4749976e+01 1.4522586e+01 1.4452887e+01 1.4455249e+01 1.4325297e+01 1.4160838e+01 1.4202096e+01 1.3428095e+01 1.2989162e+01 1.1584280e+01 1.2335244e+01 1.2779856e+01 1.2450743e+01 1.1995184e+01 1.0724649e+01 1.1168682e+01 1.0900627e+01 1.0450919e+01 1.1280679e+01 1.1263936e+01 1.1055459e+01 1.0868304e+01 1.0734714e+01 1.0666435e+01 1.0629992e+01 1.0663011e+01 1.0724850e+01 1.0638005e+01 1.0262363e+01 1.0575977e+01 1.0738702e+01
1.7936341e+01 1.7824657e+01 1.7672792e+01 1.7560902e+01 1.7365097e+01 1.7295183e+01 1.7285853e+01 1.7277287e+01 1.7217834e+01 1.7128444e+01 1.7044837e+01 1.6918336e+01 1.6757970e+01 1.6523513e+01 1.6416168e+01 1.5990070e+01 1.5669266e+01 1.5204560e+01 1.5510986e+01 1.5102902e+01 1.4895694e+01 1.4334684e+01 1.3996790e+01 1.4452795e+01 1.4520763e+01 1.4583000e+01 1.3930722e+01 1.3445614e+01 1.3110214e+01 1.3085539e+01 1.2887524e+01 1.2472820e+01 1.2199596e+01 1.2170952e+01 1.2037038e+01 1.1986416e+01 1.1792172e+01 1.1669170e+01 1.1427868e+01 1.1226854e+01 1.1058104e+01 1.0928292e+01 1.0866221e+01 1.0867285e+01 1.0746373e+01 1.0722424e+01 1.0778482e+01 8.7169907e+00 8.2052169e+00 9.5872675e+00
