ahotovec/data/depth_0030.asc
ncols     164
nrows     146
xllcorner -1.242151388888889e+02
yllcorner  4.172986111111111e+01
cellsize  2.777777777820000e-04
nodata_value       -9999
[rows 44 to 65 of 146, columns 50 to 99 of 164]
0.0000000e+00 0.0000000e+00 0.0000000e+00 0.0000000e+00 0.0000000e+00 0.0000000e+00 0.0000000e+00 0.0000000e+00 0.0000000e+00 0.0000000e+00 0.0000000e+00 0.0000000e+00 0.0000000e+00 0.0000000e+00 0.0000000e+00 0.0000000e+00 9.4484487e-04 4.0110665e-01 4.4894866e-01 4.4538873e-01 4.4497316e-01 4.4452008e-01 4.4298468e-01 4.4351556e-01 4.4295979e-01 4.4260682e-01 4.4577854e-01 4.4198472e-01 4.4103581e-01 4.4052933e-01 4.3990517e-01 4.3111360e-01 3.4461431e-01 2.5573815e-01 2.4799796e-01 2.3286410e-01 2.5359822e-01 2.5627933e-01 3.1680772e-01 5.3363324e-01 6.9051828e-01 7.0649343e-01 7.0669271e-01 7.0466805e-01 7.0763387e-01 7.0403403e-01 6.9056359e-01 5.1407483e-01 4.0244001e-01 4.0543827e-01
0.0000000e+00 0.0000000e+00 0.0000000e+00 0.0000000e+00 0.0000000e+00 0.0000000e+00 0.0000000e+00 0.0000000e+00 0.0000000e+00 0.0000000e+00 0.0000000e+00 0.0000000e+00 0.0000000e+00 0.0000000e+00 0.0000000e+00 0.0000000e+00 0.0000000e+00 8.4698458e-04 3.9289140e-01 4.4486177e-01 4.4494348e-01 4.4454907e-01 4.4061771e-01 4.4334832e-01 4.4292972e-01 4.4249401e-01 4.4214782e-01 4.4186360e-01 4.4091431e-01 4.4026246e-01 4.2893703e-01 3.4354589e-01 2.1219665e-01 1.4863404e-01 1.2860491e-01 1.2012226e-01 1.1671698e-01 1.1536002e-01 2.2681061e-01 6.4728467e-01 6.9698362e-01 6.9562441e-01 6.9640250e-01 6.9701761e-01 6.8973983e-01 6.1508061e-01 4.9512896e-01 4.0107577e-01 3.9432716e-01 3.9610468e-01
0.0000000e+00 0.0000000e+00 0.0000000e+00 0.0000000e+00 0.0000000e+00 0.0000000e+00 0.0000000e+00 0.0000000e+00 0.0000000e+00 0.0000000e+00 0.0000000e+00 0.0000000e+00 0.0000000e+00 0.0000000e+00 0.0000000e+00 0.0000000e+00 0.0000000e+00 0.0000000e+00 0.0000000e+00 9.8516263e-04 3.3444004e-01 4.3999697e-01 4.4018503e-01 4.4291373e-01 4.4254738e-01 4.4224588e-01 4.3892377e-01 4.4138553e-01 4.3398835e-01 4.1666913e-01 3.5755567e-01 2.1440946e-01 1.2430385e-01 8.9576230e-02 6.8013446e-02 5.7043096e-02 8.9228800e-02 2.2567812e-01 4.9012254e-01 6.6738170e-01 6.9296048e-01 6.9305211e-01 6.9330058e-01 6.9149806e-01 6.8061249e-01 5.8591322e-01 4.0298847e-01 3.9033756e-01 3.8994439e-01 3.9423997e-01
0.0000000e+00 0.0000000e+00 0.0000000e+00 0.0000000e+00 0.0000000e+00 0.0000000e+00 0.0000000e+00 0.0000000e+00 0.0000000e+00 0.0000000e+00 0.0000000e+00 0.0000000e+00 0.0000000e+00 0.0000000e+00 0.0000000e+00 0.0000000e+00 0.0000000e+00 0.0000000e+00 0.0000000e+00 0.0000000e+00 0.0000000e+00 8.6037718e-04 3.7936083e-01 4.3783951e-01 4.4127844e-01 4.4017588e-01 4.1681433e-01 3.8457111e-01 3.3873230e-01 2.7454684e-01 1.8690192e-01 1.2630263e-01 9.3147718e-02 8.5639884e-02 1.0049791e-01 1.5026223e-01 2.2020015e-01 4.1331176e-01 5.1916699e-01 6.4841350e-01 6.5017840e-01 5.9044910e-01 5.5807126e-01 4.8652807e-01 4.7282521e-01 4.1273569e-01 3.8735962e-01 3.8218460e-01 3.8420600e-01 4.1870496e-01
0.0000000e+00 0.0000000e+00 0.0000000e+00 0.0000000e+00 0.0000000e+00 0.0000000e+00 0.0000000e+00 0.0000000e+00 0.0000000e+00 0.0000000e+00 0.0000000e+00 0.0000000e+00 0.0000000e+00 0.0000000e+00 0.0000000e+00 0.0000000e+00 0.0000000e+00 0.0000000e+00 0.0000000e+00 0.0000000e+00 0.0000000e+00 0.0000000e+00 9.1553751e-04 8.2499670e-02 2.4053650e-01 2.4348309e-01 1.6681491e-01 9.0092191e-02 8.8165558e-02 8.8443937e-02 1.0096057e-01 1.4805445e-01 1.3112343e-01 1.1209855e-01 1.7825624e-01 2.5729387e-01 3.0250286e-01 3.3064549e-01 3.4651658e-01 3.9437150e-01 4.1502157e-01 3.8849194e-01 3.8578659e-01 3.8385033e-01 3.8200538e-01 3.8215996e-01 3.8614371e-01 5.4309457e-01 5.6844018e-01 5.9114731e-01
0.0000000e+00 0.0000000e+00 0.0000000e+00 0.0000000e+00 0.0000000e+00 0.0000000e+00 0.0000000e+00 0.0000000e+00 0.0000000e+00 0.0000000e+00 0.0000000e+00 0.0000000e+00 0.0000000e+00 0.0000000e+00 0.0000000e+00 0.0000000e+00 0.0000000e+00 0.0000000e+00 0.0000000e+00 0.0000000e+00 0.0000000e+00 0.0000000e+00 0.0000000e+00 9.6155635e-04 9.3693385e-04 9.5581516e-04 9.9557779e-04 9.9390906e-04 1.2187751e-02 7.9429167e-02 2.3739340e-01 2.7735068e-01 2.7882247e-01 2.6531373e-01 2.8699950e-01 3.1427359e-01 3.4041505e-01 3.5476186e-01 3.6242998e-01 3.6862617e-01 3.7421883e-01 3.7116970e-01 3.7210387e-01 3.7249288e-01 3.7286097e-01 4.0853698e-01 7.6926022e-01 1.3431224e+00 1.4025701e+00 1.3498101e+00
0.0000000e+00 0.0000000e+00 0.0000000e+00 0.0000000e+00 0.0000000e+00 0.0000000e+00 0.0000000e+00 0.0000000e+00 0.0000000e+00 0.0000000e+00 0.0000000e+00 0.0000000e+00 0.0000000e+00 0.0000000e+00 0.0000000e+00 0.0000000e+00 0.0000000e+00 0.0000000e+00 0.0000000e+00 0.0000000e+00 0.0000000e+00 0.0000000e+00 0.0000000e+00 9.9976153e-04 9.8381191e-04 9.9904202e-04 9.9965834e-04 9.9521238e-04 9.9480574e-02 2.5509933e-01 2.8723740e-01 3.0232696e-01 3.0616065e-01 3.1301342e-01 3.2117032e-01 3.2788145e-01 3.3863791e-01 3.4721903e-01 3.5473099e-01 3.6125432e-01 3.6756837e-01 3.6794265e-01 3.8818542e-01 4.6208851e-01 6.9709778e-01 1.0634561e+00 1.4217888e+00 1.4738144e+00 1.3924430e+00 1.0649665e+00
0.0000000e+00 0.0000000e+00 0.0000000e+00 0.0000000e+00 0.0000000e+00 0.0000000e+00 0.0000000e+00 0.0000000e+00 0.0000000e+00 0.0000000e+00 0.0000000e+00 0.0000000e+00 0.0000000e+00 0.0000000e+00 0.0000000e+00 0.0000000e+00 0.0000000e+00 0.0000000e+00 0.0000000e+00 0.0000000e+00 0.0000000e+00 0.0000000e+00 0.0000000e+00 9.9929054e-04 9.9637974e-04 9.9955794e-04 9.8596699e-04 1.0480809e-01 2.4371167e-01 2.5963758e-01 2.6944996e-01 2.8029501e-01 2.8622845e-01 2.9538553e-01 3.0570265e-01 3.1721255e-01 3.2742166e-01 3.3892875e-01 3.5066340e-01 3.6486894e-01 6.4689629e-01 1.0072213e+00 1.0879179e+00 1.3133947e+00 1.4027167e+00 1.3379078e+00 1.1389710e+00 8.9954290e-01 5.7225773e-01 4.0936056e-01
0.0000000e+00 0.0000000e+00 0.0000000e+00 0.0000000e+00 0.0000000e+00 0.0000000e+00 0.0000000e+00 0.0000000e+00 0.0000000e+00 0.0000000e+00 0.0000000e+00 0.0000000e+00 0.0000000e+00 0.0000000e+00 0.0000000e+00 0.0000000e+00 0.0000000e+00 0.0000000e+00 0.0000000e+00 0.0000000e+00 0.0000000e+00 0.0000000e+00 9.9832461e-04 9.9908049e-04 9.4045930e-04 9.8144424e-04 5.9714785e-02 2.0203635e-01 2.2717543e-01 2.3396571e-01 2.4010589e-01 2.4553917e-01 2.5175492e-01 2.6171978e-01 2.7521692e-01 2.9453024e-01 3.0503124e-01 3.2001947e-01 3.3450568e-01 3.5039921e-01 6.5529244e-01 1.1677129e+00 1.1762549e+00 9.3983735e-01 6.7252029e-01 4.8211862e-01 4.0078038e-01 3.7331717e-01 3.6973425e-01 3.6894241e-01
0.0000000e+00 0.0000000e+00 0.0000000e+00 0.0000000e+00 0.0000000e+00 0.0000000e+00 0.0000000e+00 0.0000000e+00 0.0000000e+00 0.0000000e+00 0.0000000e+00 0.0000000e+00 0.0000000e+00 0.0000000e+00 0.0000000e+00 0.0000000e+00 0.0000000e+00 0.0000000e+00 0.0000000e+00 0.0000000e+00 0.0000000e+00 0.0000000e+00 9.9867368e-04 9.5477664e-04 1.2467839e-01 1.6222012e-01 1.7761995e-01 1.8569194e-01 1.9271949e-01 1.9409320e-01 1.8840325e-01 1.8389008e-01 1.8764397e-01 1.9422341e-01 2.1043486e-01 2.3812040e-01 2.6140441e-01 2.8485640e-01 3.0583054e-01 3.0253187e-01 2.9151144e-01 3.6729017e-01 3.8831921e-01 3.5508688e-01 3.5088008e-01 3.5303025e-01 3.5254687e-01 3.5405175e-01 3.5385313e-01 3.5697747e-01
0.0000000e+00 0.0000000e+00 0.0000000e+00 0.0000000e+00 0.0000000e+00 0.0000000e+00 0.0000000e+00 0.0000000e+00 0.0000000e+00 0.0000000e+00 0.0000000e+00 0.0000000e+00 0.0000000e+00 0.0000000e+00 0.0000000e+00 0.0000000e+00 0.0000000e+00 0.0000000e+00 0.0000000e+00 0.0000000e+00 0.0000000e+00 9.9668674e-04 9.4462672e-04 9.9038800e-04 1.5122471e-01 1.5197249e-01 1.5687496e-01 1.4879811e-01 1.3842955e-01 1.2767829e-01 1.2969477e-01 1.5485968e-01 2.0575550e-01 2.4797877e-01 2.0477109e-01 2.1612281e-01 2.4967504e-01 2.2326741e-01 1.4757028e-01 1.5221737e-01 1.6949764e-01 2.0434957e-01 2.7226797e-01 2.9130965e-01 3.0272824e-01 3.1511543e-01 3.2328466e-01 3.2991740e-01 3.3376823e-01 3.3827655e-01
0.0000000e+00 0.0000000e+00 0.0000000e+00 0.0000000e+00 0.0000000e+00 0.0000000e+00 0.0000000e+00 0.0000000e+00 0.0000000e+00 0.0000000e+00 0.0000000e+00 0.0000000e+00 0.0000000e+00 0.0000000e+00 0.0000000e+00 0.0000000e+00 0.0000000e+00 0.0000000e+00 0.0000000e+00 0.0000000e+00 0.0000000e+00 9.9975874e-04 1.2743760e-03 9.9847177e-04 1.1819964e-01 1.2886957e-01 1.0882535e-01 9.8780375e-02 1.0662612e-01 1.1539459e-01 1.3500763e-01 1.9165078e-01 2.4788545e-01 3.0498069e-01 2.0509090e-01 1.5934661e-01 1.7200970e-01 1.0960600e-01 3.4167489e-02 1.0366550e-01 2.0690700e-01 3.0840520e-01 2.9215744e-01 2.5286145e-01 2.5451314e-01 2.7054679e-01 2.8753653e-01 3.0067108e-01 3.0827619e-01 3.2067374e-01
0.0000000e+00 0.0000000e+00 0.0000000e+00 0.0000000e+00 0.0000000e+00 0.0000000e+00 0.0000000e+00 0.0000000e+00 0.0000000e+00 0.0000000e+00 0.0000000e+00 0.0000000e+00 0.0000000e+00 0.0000000e+00 0.0000000e+00 0.0000000e+00 0.0000000e+00 0.0000000e+00 0.0000000e+00 0.0000000e+00 9.9865818e-04 9.9784441e-04 9.9253650e-04 9.9772556e-04 2.3880405e-02 6.2419272e-02 9.3561111e-02 1.0008331e-01 6.9967880e-02 6.4885313e-02 7.4282793e-02 1.8393283e-01 2.7204443e-01 3.1034912e-01 1.7171426e-01 1.6957828e-01 1.3979598e-01 1.7547098e-01 3.9688170e-01 8.8920308e-01 1.1898187e+00 1.1791266e+00 1.0289384e+00 7.5989475e-01 4.8494939e-01 3.1809305e-01 2.8819305e-01 2.8448076e-01 2.8781312e-01 2.9429091e-01
0.0000000e+00 0.0000000e+00 0.0000000e+00 0.0000000e+00 0.0000000e+00 0.0000000e+00 0.0000000e+00 0.0000000e+00 0.0000000e+00 0.0000000e+00 0.0000000e+00 0.0000000e+00 0.0000000e+00 0.0000000e+00 0.0000000e+00 0.0000000e+00 0.0000000e+00 0.0000000e+00 0.0000000e+00 0.0000000e+00 9.9852659e-04 9.9897102e-04 9.9976083e-04 9.9958857e-04 1.9589445e-03 2.9410948e-02 5.4830909e-02 4.7931539e-02 2.8856353e-01 4.3539269e-01 4.7796509e-01 3.7749889e-01 3.8262520e-01 4.4695010e-01 4.0183506e-01 4.0841635e-01 3.6741344e-01 5.5792327e-01 1.0354216e+00 1.2477323e+00 1.1122184e+00 1.2038753e+00 1.4026068e+00 1.4848464e+00 1.3008401e+00 1.0502426e+00 8.6113002e-01 7.0781107e-01 6.3637673e-01 6.2014768e-01
0.0000000e+00 0.0000000e+00 0.0000000e+00 0.0000000e+00 0.0000000e+00 0.0000000e+00 0.0000000e+00 0.0000000e+00 0.0000000e+00 0.0000000e+00 0.0000000e+00 0.0000000e+00 0.0000000e+00 0.0000000e+00 0.0000000e+00 0.0000000e+00 0.0000000e+00 0.0000000e+00 0.0000000e+00 9.9885409e-04 9.9934248e-04 9.9787439e-04 9.9965106e-04 1.1378165e-03 3.7058896e-03 3.4118172e-03 4.2709299e-02 3.4328133e-01 7.0047815e-01 8.2709995e-01 8.8762966e-01 9.7614447e-01 8.6526490e-01 8.3417050e-01 8.1887080e-01 6.5598026e-01 5.6159312e-01 8.7892677e-01 9.3514011e-01 4.5280498e-01 3.2956305e-01 3.7359420e-01 6.4902629e-01 1.0436184e+00 1.3583600e+00 1.4937345e+00 1.5437011e+00 1.5203997e+00 1.4967275e+00 1.4753805e+00
0.0000000e+00 0.0000000e+00 0.0000000e+00 0.0000000e+00 0.0000000e+00 0.0000000e+00 0.0000000e+00 0.0000000e+00 0.0000000e+00 0.0000000e+00 0.0000000e+00 0.0000000e+00 0.0000000e+00 0.0000000e+00 0.0000000e+00 0.0000000e+00 0.0000000e+00 0.0000000e+00 0.0000000e+00 9.9859336e-04 9.9945290e-04 9.9748342e-04 9.9999585e-04 1.3528603e-03 2.6286078e-03 1.0068400e-03 1.2048052e-01 5.0415888e-01 8.6651451e-01 1.0514200e+00 1.2482641e+00 1.3869944e+00 1.4782963e+00 1.3400951e+00 1.1553810e+00 1.1598455e+00 7.6658583e-01 8.3408747e-01 3.2994801e-01 1.2634873e-01 1.2660829e-01 1.9375014e-01 2.3847000e-01 3.5327859e-01 4.9662460e-01 6.9076470e-01 8.9981405e-01 1.0564716e+00 1.1415949e+00 1.1803808e+00
0.0000000e+00 0.0000000e+00 0.0000000e+00 0.0000000e+00 0.0000000e+00 0.0000000e+00 0.0000000e+00 0.0000000e+00 0.0000000e+00 0.0000000e+00 0.0000000e+00 0.0000000e+00 0.0000000e+00 0.0000000e+00 0.0000000e+00 0.0000000e+00 0.0000000e+00 0.0000000e+00 9.9989469e-04 9.9920650e-04 9.9818987e-04 9.9901747e-04 9.9937112e-04 1.0015864e-03 1.0008313e-03 3.1441173e-02 3.8984477e-01 8.5399255e-01 1.3286216e+00 1.4773447e+00 1.5240954e+00 1.5323123e+00 1.5347169e+00 1.5366311e+00 1.5153032e+00 1.1998322e+00 8.4765308e-01 8.5484925e-01 2.1191151e-01 1.4410903e-01 1.9495740e-01 2.5092593e-01 2.6353810e-01 2.8164815e-01 2.9395057e-01 3.1623556e-01 3.6368048e-01 3.9318318e-01 4.9125317e-01 5.5162354e-01
0.0000000e+00 0.0000000e+00 0.0000000e+00 0.0000000e+00 0.0000000e+00 0.0000000e+00 0.0000000e+00 0.0000000e+00 0.0000000e+00 0.0000000e+00 0.0000000e+00 0.0000000e+00 0.0000000e+00 0.0000000e+00 0.0000000e+00 0.0000000e+00 0.0000000e+00 9.9888492e-04 9.9880953e-04 9.9890817e-04 9.9646421e-04 9.9876190e-04 9.9934169e-04 9.9885317e-04 9.8509572e-04 3.3856591e-01 8.2959419e-01 1.3243766e+00 1.5205319e+00 1.5295542e+00 1.5273870e+00 1.5289555e+00 1.5283916e+00 1.5239144e+00 1.4729181e+00 1.1203193e+00 9.6799687e-01 8.2980862e-01 2.0230927e-01 1.6192438e-01 2.0323784e-01 2.7102766e-01 2.6542481e-01 2.7979829e-01 2.8358931e-01 3.2104195e-01 3.5248159e-01 4.0256473e-01 4.1797985e-01 4.3724055e-01
0.0000000e+00 0.0000000e+00 0.0000000e+00 0.0000000e+00 0.0000000e+00 0.0000000e+00 0.0000000e+00 0.0000000e+00 0.0000000e+00 0.0000000e+00 0.0000000e+00 0.0000000e+00 0.0000000e+00 0.0000000e+00 0.0000000e+00 0.0000000e+00 9.9912844e-04 9.9943958e-04 9.9980414e-04 9.9976962e-04 9.9401938e-04 9.9917486e-04 9.9840792e-04 9.7788296e-04 2.0171700e-01 8.0866973e-01 1.3147487e+00 1.5211121e+00 1.5259723e+00 1.5250202e+00 1.5195930e+00 1.5211085e+00 1.5160161e+00 1.5048702e+00 1.4859933e+00 1.3556560e+00 1.1626655e+00 7.7230933e-01 1.6265468e-01 1.6505544e-01 1.7795239e-01 1.9541911e-01 2.0296051e-01 2.0140469e-01 2.2033561e-01 2.5733780e-01 2.6390610e-01 2.9207950e-01 3.1605294e-01 3.5140464e-01
0.0000000e+00 0.0000000e+00 0.0000000e+00 0.0000000e+00 0.0000000e+00 0.0000000e+00 0.0000000e+00 0.0000000e+00 0.0000000e+00 0.0000000e+00 0.0000000e+00 0.0000000e+00 0.0000000e+00 0.0000000e+00 0.0000000e+00 9.9850691e-04 9.9896472e-04 9.9500548e-04 9.9713399e-04 1.1926159e-03 2.9436997e-03 3.1300512e-03 1.8010067e-03 9.8911016e-04 3.3839594e-01 1.0547549e+00 1.5260959e+00 1.5288405e+00 1.5239347e+00 1.5274522e+00 1.5214120e+00 1.5192123e+00 1.4952385e+00 1.4597985e+00 1.4876662e+00 1.4413360e+00 1.0763680e+00 5.3339667e-01 1.0284428e-01 1.2003671e-01 1.2194187e-01 1.3035423e-01 1.4426691e-01 1.8346908e-01 2.1216512e-01 2.3154801e-01 2.4841930e-01 2.6371153e-01 2.7638126e-01 2.9043532e-01
0.0000000e+00 0.0000000e+00 0.0000000e+00 0.0000000e+00 0.0000000e+00 0.0000000e+00 0.0000000e+00 0.0000000e+00 0.0000000e+00 0.0000000e+00 0.0000000e+00 0.0000000e+00 0.0000000e+00 0.0000000e+00 0.0000000e+00 9.9927604e-04 9.9709243e-04 2.5286127e-03 4.3932727e-03 3.8000556e-03 3.2627453e-03 3.7309920e-03 9.9744786e-04 1.4605799e-01 5.6838579e-01 9.6367844e-01 1.2694425e+00 1.4667666e+00 1.5212119e+00 1.4985876e+00 1.4937620e+00 1.3262735e+00 1.0670443e+00 2.1724777e+00 1.5841239e+00 1.2676135e+00 8.2701097e-01 4.0118102e-01 3.2409027e-02 5.6406336e-02 6.9434221e-02 9.3888402e-02 1.3753462e-01 1.6896973e-01 1.9751134e-01 2.1523938e-01 2.3343911e-01 2.5043535e-01 2.6523801e-01 2.7724214e-01
0.0000000e+00 0.0000000e+00 0.0000000e+00 0.0000000e+00 0.0000000e+00 0.0000000e+00 0.0000000e+00 0.0000000e+00 0.0000000e+00 0.0000000e+00 0.0000000e+00 0.0000000e+00 0.0000000e+00 0.0000000e+00 0.0000000e+00 9.9852299e-04 9.9939176e-04 9.9734114e-04 1.8701999e-03 3.9385937e-03 3.0093514e-03 2.6626612e-03 9.9304313e-04 2.6576382e-01 5.4360369e-01 6.1054813e-01 5.8725665e-01 8.8439807e-01 9.9815703e-01 7.6706810e-01 7.5609444e-01 1.0194897e+00 3.1180374e+00 3.4296421e+00 8.9702476e-01 1.0118505e+00 7.0479060e-01 3.4757981e-01 1.1572854e-02 2.1060676e-02 3.6106975e-02 7.5652395e-02 1.1985824e-01 1.4915647e-01 1.7543205e-01 1.9345806e-01 2.1348441e-01 2.3363620e-01 2.5197173e-01 2.6657403e-01
