ahotovec/data/depth_0044.asc
ncols     164
nrows     146
xllcorner -1.242151388888889e+02
yllcorner  4.172986111111111e+01
cellsize  2.777777777820000e-04
nodata_value       -9999
[rows 66 to 87 of 146, columns 100 to 149 of 164]
2.6331347e-01 2.7873028e-01 2.8043484e-01 2.9254690e-01 3.0271887e-01 3.0781369e-01 3.1927064e-01 3.3242060e-01 3.3406896e-01 2.9192971e-01 2.1822880e-01 1.2637609e-01 4.1102495e-02 2.1428818e-02 2.9851547e-02 2.6106422e-02 2.5134196e-02 2.2641768e-02 2.0941674e-02 1.9338073e-02 1.6829727e-02 1.5969819e-02 1.6604683e-02 1.6232908e-02 9.9223241e-03 5.5287236e-03 3.5112940e-03 2.6830766e-03 2.1971518e-03 2.0445285e-03 1.8067964e-03 9.9939926e-04 9.9999835e-04 9.8276370e-04 9.9973317e-04 9.9935765e-04 9.9769617e-04 9.9912507e-04 9.9928385e-04 9.9966300e-04 9.9919002e-04 9.9987941e-04 9.9886800e-04 9.9878776e-04 9.9855903e-04 9.9988141e-04 9.9979051e-04 9.9843761e-04 9.9957594e-04 9.9986276e-04
1.1525846e-01 1.2467688e-01 9.8201987e-02 1.1295321e-01 1.6541065e-01 2.0940008e-01 2.2343749e-01 2.3556625e-01 2.3448632e-01 1.9620326e-01 7.5658184e-02 6.5222286e-03 2.5701546e-02 2.9590582e-02 2.3983803e-02 1.5559311e-02 1.4337987e-02 1.2060750e-02 1.1158113e-02 1.0498964e-02 1.0094585e-02 9.4985592e-03 7.0134614e-03 4.5821124e-03 5.9863392e-03 6.7225601e-03 5.0337273e-03 4.7482931e-03 4.8820034e-03 4.8232757e-03 5.1471453e-03 5.4848939e-03 5.2646558e-03 3.2121908e-03 1.3460316e-03 9.1618808e-03 9.9743464e-04 5.1708296e-03 9.9658482e-04 9.9854162e-04 9.9948690e-04 9.9960371e-04 9.9973642e-04 9.9993098e-04 9.9966481e-04 9.9910325e-04 9.9926664e-04 9.9891201e-04 9.9890443e-04 9.9915003e-04
7.2395434e-02 7.0922892e-02 7.6944095e-02 1.1455920e-01 1.1750494e-01 1.0259961e-01 6.9041167e-02 4.6613308e-02 4.8015710e-02 9.5676101e-03 5.7197666e-03 1.6427146e-02 1.6169192e-02 1.8162866e-02 2.0865616e-02 2.5254002e-02 2.5331313e-02 2.6272862e-02 2.4596223e-02 2.2594051e-02 1.6916175e-02 1.3903758e-02 4.0455834e-03 3.2128009e-03 2.8081155e-03 1.8175326e-03 1.2944523e-03 1.3474685e-03 1.3482076e-03 1.4692142e-03 1.7745116e-03 2.0119816e-03 2.0113196e-03 3.0889492e-03 7.2402467e-03 1.0101604e-02 5.2314177e-03 1.1288549e-02 4.1529472e-03 4.8995057e-03 3.9764481e-03 3.1310889e-03 2.0611787e-03 9.9969774e-04 9.9997446e-04 9.9964749e-04 9.9787216e-04 9.9888940e-04 9.9892627e-04 9.9995495e-04
3.6070733e-01 2.7505419e-01 1.8213106e-01 1.3071111e-01 1.1026903e-01 5.2343097e-02 3.7990421e-02 2.8850769e-02 2.2796021e-02 1.0111094e-03 8.4026351e-03 1.6318540e-02 2.6669002e-02 3.2850611e-02 3.8688050e-02 4.1112942e-02 3.6885523e-02 3.1398098e-02 2.4342380e-02 2.7338820e-02 2.1402164e-02 5.8707038e-02 7.8913257e-02 8.5048385e-02 1.1541298e-01 1.0391504e-01 1.2736520e-01 1.4478497e-01 1.5961190e-01 1.2832693e-01 1.4240360e-01 1.1987846e-01 7.8724385e-02 3.5269914e-02 5.4210459e-03 3.0331367e-03 1.5547652e-03 3.0065229e-03 1.0688140e-03 3.5017072e-03 4.9842779e-03 5.3916582e-03 4.7817310e-03 3.8239514e-03 3.3737853e-03 2.8056382e-03 1.9040248e-03 9.9997974e-04 9.9945013e-04 9.9958013e-04
5.6770892e-01 5.2187497e-01 4.3551973e-01 3.4664146e-01 2.6617897e-01 1.9866432e-01 1.9580572e-01 1.5365890e-01 4.5244437e-02 1.4567142e-02 1.6341128e-02 2.7379284e-02 3.7780152e-02 3.8689064e-02 3.9450148e-02 4.0910040e-02 4.9323214e-02 8.3194067e-02 1.4604033e-01 2.3425506e-01 2.9037629e-01 3.5271463e-01 4.0677072e-01 4.4701710e-01 4.5258234e-01 4.5480570e-01 4.8731241e-01 5.2477647e-01 5.4685556e-01 5.5946138e-01 5.2805670e-01 5.1339009e-01 4.7363954e-01 3.8206670e-01 3.0917333e-01 2.8715994e-01 2.4414311e-01 2.4054364e-01 1.6685451e-01 3.3243729e-02 2.1675959e-03 2.9531446e-03 3.5518847e-03 5.4294805e-03 5.5548072e-03 5.1029189e-03 4.3752385e-03 3.4542643e-03 2.3306813e-03 9.9939759e-04
6.2439068e-01 5.5781286e-01 4.5089765e-01 3.4775378e-01 2.8533518e-01 2.6959688e-01 2.4736199e-01 2.4621348e-01 2.6736989e-01 2.5836736e-01 1.5016212e-01 2.7439497e-02 2.4754439e-02 4.4370408e-02 3.9840765e-02 4.7314344e-02 8.1347947e-02 1.6325535e-01 2.8125280e-01 4.0460739e-01 5.2333400e-01 5.9337805e-01 6.7170070e-01 6.9484250e-01 6.8522609e-01 7.2453858e-01 7.6927584e-01 8.0486599e-01 8.2419562e-01 8.2354627e-01 7.9919230e-01 7.9862305e-01 7.5434850e-01 6.7889825e-01 6.6663157e-01 6.8393395e-01 6.4465622e-01 6.1746100e-01 5.1109393e-01 4.0350488e-01 3.1499825e-01 1.9031261e-01 7.7726232e-02 9.7692159e-04 3.0514069e-03 5.7437419e-03 6.9411996e-03 5.6651099e-03 5.0794602e-03 3.9958075e-03
5.9927686e-01 6.0038208e-01 5.0219794e-01 3.5530372e-01 3.2938813e-01 4.1606046e-01 4.0279617e-01 2.7599542e-01 2.2794090e-01 3.2915206e-01 3.0619698e-01 2.2146591e-01 3.2580521e-01 1.4273140e-01 4.4113075e-02 8.4318917e-02 1.7116092e-01 2.7930638e-01 3.9066738e-01 4.5676495e-01 5.0350692e-01 6.0067645e-01 7.1109802e-01 7.8465555e-01 8.2503906e-01 8.6310862e-01 9.1257410e-01 9.3940414e-01 9.7477797e-01 9.9620784e-01 1.0293766e+00 9.7947895e-01 8.7642110e-01 9.5567287e-01 1.0112237e+00 1.0312033e+00 9.9818619e-01 9.0511487e-01 8.0166527e-01 7.1024404e-01 5.9461570e-01 5.0254747e-01 3.8771141e-01 2.6522212e-01 1.3642044e-01 2.3720111e-02 3.0041077e-03 9.1454606e-03 8.0570755e-03 6.1068669e-03
4.1514710e-01 5.0689308e-01 5.3133603e-01 3.7065816e-01 3.1053458e-01 3.5118247e-01 4.2935763e-01 3.8188787e-01 3.1198619e-01 2.9687892e-01 6.0533198e-01 2.7796216e+00 4.6457658e+00 2.1837659e+00 3.4019693e-01 2.6770713e-01 2.9219827e-01 3.9391918e-01 3.9945972e-01 3.1838791e-01 2.6513204e-01 2.4229172e-01 4.0340478e-01 5.6271823e-01 6.9135579e-01 6.5437377e-01 6.2473555e-01 6.6312899e-01 7.7541021e-01 8.6942110e-01 9.4581294e-01 1.0265706e+00 1.1202603e+00 1.2149491e+00 1.2479792e+00 1.2501988e+00 1.2322760e+00 1.1482931e+00 1.0544239e+00 9.7149567e-01 8.6678580e-01 7.6880915e-01 6.7382061e-01 5.5951129e-01 4.5644270e-01 2.9088855e-01 9.8397643e-02 4.7957748e-03 1.2158789e-02 9.3044749e-03
1.3061927e+00 5.6643858e-01 4.7744256e-01 3.1080614e-01 6.5663415e-02 7.1470129e-03 2.7556528e-02 1.0904882e-01 3.0115382e-01 9.8432403e-01 4.0838234e+00 6.1754945e+00 6.5582115e+00 5.2011409e+00 2.7050747e+00 5.2325921e-01 3.2834557e-01 4.3776879e-01 2.4177313e-01 5.8858183e-02 4.6361902e-03 5.1646543e-03 4.6693938e-02 1.5108532e-01 1.9805678e-01 1.7255470e-01 1.4315349e-01 1.9783010e-01 3.0814864e-01 4.3212702e-01 6.2943969e-01 9.4346358e-01 1.2864596e+00 1.3805086e+00 1.4191104e+00 1.4215134e+00 1.3731792e+00 1.3393434e+00 1.2594285e+00 1.1863971e+00 1.0989400e+00 1.0302920e+00 9.5260376e-01 8.5829781e-01 6.9369220e-01 4.4373343e-01 2.4557287e-01 1.0772317e-02 1.2720989e-02 1.0304368e-02
3.9657594e+00 2.9229126e+00 1.1608688e+00 5.0203566e-01 2.0117040e-02 9.9571858e-04 9.3880654e-04 9.9069678e-04 1.4780561e+00 4.9764036e+00 6.4703143e+00 6.7626240e+00 6.8008421e+00 6.8688272e+00 6.7516841e+00 4.2117250e+00 1.2203739e+00 2.9455552e-01 5.7776258e-02 2.4450067e-02 1.5118305e-02 9.9127995e-04 1.6948901e-03 1.6029540e-02 2.1024781e-02 2.2032052e-02 1.0688223e-03 9.9954571e-04 2.8211988e-02 1.4595972e-01 4.4013570e-01 8.7565125e-01 1.3683618e+00 1.5958398e+00 1.5994937e+00 1.5710727e+00 1.5642068e+00 1.4827454e+00 1.4282806e+00 1.3559226e+00 1.2828904e+00 1.2144432e+00 1.1374780e+00 1.0181947e+00 7.7770547e-01 4.9432335e-01 2.5963794e-01 3.6912267e-02 1.8035574e-03 3.8476525e-03
4.6733453e+00 4.5741816e+00 3.6395575e+00 1.7501708e+00 9.3921462e-01 8.2982472e-04 9.9218736e-04 1.5793161e+00 6.0085572e+00 6.7681259e+00 6.8959720e+00 7.0453960e+00 7.1270749e+00 7.2155782e+00 7.2233159e+00 6.0260582e+00 4.7325448e+00 2.0286022e+00 1.8398246e-03 4.9192524e-02 8.3828739e-02 2.1554110e-01 1.0505879e-01 1.3551142e-01 3.0446644e-01 3.0072578e-01 1.0528347e-01 4.1931543e-02 2.1300429e-02 7.4732706e-02 2.9632544e-01 7.4280557e-01 1.3418790e+00 1.7601595e+00 1.8904729e+00 1.8471967e+00 1.7514506e+00 1.6620262e+00 1.5788473e+00 1.4957445e+00 1.4118023e+00 1.3134666e+00 1.1995279e+00 1.0404168e+00 8.0283993e-01 5.5047625e-01 3.1961387e-01 1.6504506e-01 1.0094315e-01 1.2428445e-01
4.9754205e+00 4.6157722e+00 4.3436018e+00 3.7137584e+00 1.7790400e+00 3.7075468e-03 1.3861844e+00 5.7146027e+00 6.7688706e+00 6.8707673e+00 6.9958454e+00 7.0914200e+00 7.1872403e+00 7.3949044e+00 7.5239016e+00 7.2611831e+00 7.3745602e+00 5.3765080e+00 9.3234472e-01 6.6136855e-02 1.2933282e-01 2.3548461e-01 2.8619400e-01 4.7682000e-01 7.3000251e-01 7.4721585e-01 4.7949199e-01 5.0012399e-01 2.0864220e-01 1.4953525e-01 2.3052316e-01 5.2970938e-01 1.1496055e+00 1.7838663e+00 2.1033847e+00 2.1435746e+00 1.9971011e+00 1.8427303e+00 1.7424581e+00 1.6368173e+00 1.4927972e+00 1.3509979e+00 1.2259403e+00 1.0671666e+00 8.2637326e-01 6.0340809e-01 4.3467569e-01 3.6427334e-01 3.4167032e-01 4.4766377e-01
5.4901001e+00 5.2479319e+00 4.5914194e+00 3.7237890e+00 9.6144633e-01 2.5501089e+00 6.1485322e+00 6.5891316e+00 6.5167451e+00 6.4288715e+00 6.6120843e+00 6.7535375e+00 7.1616123e+00 7.3927363e+00 7.5470181e+00 7.5304564e+00 7.2141085e+00 4.7942603e+00 4.4483201e-01 1.1269863e-02 6.3501584e-02 4.9231532e-02 3.5268645e-01 4.3995085e-01 4.9477623e-01 4.2139142e-01 8.0246741e-01 6.4739220e-01 5.8009643e-01 5.0366170e-01 3.4638507e-01 4.0920789e-01 9.8482834e-01 1.7411065e+00 2.1722854e+00 2.3235348e+00 2.2225233e+00 2.0396291e+00 1.8850732e+00 1.7897262e+00 1.6205839e+00 1.4421547e+00 1.2573110e+00 1.0872858e+00 8.3952056e-01 7.0018280e-01 6.3336106e-01 6.1355956e-01 7.0579477e-01 7.9898312e-01
5.7931104e+00 5.5523819e+00 3.2529751e+00 9.9703284e-01 4.1426310e+00 6.4722844e+00 6.5667902e+00 6.4715968e+00 6.3877538e+00 6.2542316e+00 6.1519189e+00 6.5759922e+00 7.2229284e+00 7.3489947e+00 7.6281280e+00 6.9125338e+00 3.3269184e+00 9.8017401e-04 1.4224720e-03 3.7465609e-03 2.7474581e-02 2.5812801e-01 4.1627056e-01 4.6528132e-01 5.4162815e-01 4.4447504e-01 2.4364564e-01 2.1058195e-01 9.6020484e-01 8.5011462e-01 7.6036179e-01 6.2491719e-01 1.0185302e+00 1.6709244e+00 2.0915198e+00 2.2822528e+00 2.3339465e+00 2.2406725e+00 2.1174728e+00 1.9974353e+00 1.8157281e+00 1.5875166e+00 1.3659842e+00 1.1323487e+00 9.6465567e-01 8.3357339e-01 8.4692827e-01 9.0385025e-01 9.6235209e-01 1.0188801e+00
6.3201323e+00 4.7373561e+00 1.1405320e+00 1.9558762e+00 6.0507599e+00 6.7309344e+00 6.3357698e+00 6.2756674e+00 6.2254580e+00 6.2946678e+00 6.8449223e+00 6.7921698e+00 6.6298492e+00 6.8687752e+00 5.6130153e+00 2.4890893e+00 9.7423743e-04 4.9869100e-03 3.6521414e-02 1.7077134e-01 5.8209195e-01 4.2357388e-01 6.7358411e-01 5.5812216e-01 5.5359776e-01 4.1352884e-01 1.7586655e-01 3.7921614e-01 2.5368759e-01 9.6990573e-01 1.0219159e+00 1.0102454e+00 1.1619871e+00 1.5549067e+00 1.8966623e+00 2.1144005e+00 2.2282512e+00 2.2608087e+00 2.2511419e+00 2.1820712e+00 2.0301332e+00 1.7759730e+00 1.4855287e+00 1.2707535e+00 1.1097972e+00 1.0378084e+00 1.0610198e+00 1.0849359e+00 1.1355773e+00 1.1696201e+00
6.8421936e+00 6.4208042e+00 5.5278416e+00 2.6359339e+00 1.6311915e+00 5.1794170e+00 6.1580088e+00 6.0175337e+00 6.5086225e+00 6.8498098e+00 6.8562728e+00 6.7129603e+00 6.2374728e+00 4.8259443e+00 1.1052332e+00 9.0053483e-04 2.9799622e-03 9.0568966e-04 7.7464846e-01 1.1571871e+00 8.0015886e-01 2.7240239e-01 6.5066897e-01 6.0586407e-01 3.9217942e-01 2.8065806e-01 3.7589538e-01 2.7403668e-01 4.6307425e-01 8.0672187e-01 1.0566917e+00 1.0234403e+00 1.0718161e+00 1.3250349e+00 1.7324864e+00 1.9460996e+00 1.9733091e+00 1.9352069e+00 1.8882343e+00 1.9206735e+00 1.9375446e+00 1.8301634e+00 1.6351305e+00 1.3693152e+00 1.1988665e+00 1.1555925e+00 1.1711801e+00 1.1895378e+00 1.2124555e+00 1.2266049e+00
7.0779117e+00 6.9680634e+00 6.7980145e+00 6.8691166e+00 4.9667865e+00 1.3834263e+00 3.9722081e+00 6.2651793e+00 6.6713976e+00 6.5662169e+00 6.8245312e+00 6.5583652e+00 3.7556456e+00 5.8139732e-04 9.7074759e-04 1.2429917e-03 9.6037646e-04 5.6875844e-01 1.1156903e+00 1.3250581e+00 1.3202653e+00 8.1789196e-01 4.9260174e-01 3.1352756e-01 1.7479682e-01 2.5324713e-01 2.2098222e-01 2.7872512e-01 2.7533505e-01 6.8074033e-01 3.8523805e-01 7.9949594e-01 1.0087388e+00 1.0894032e+00 1.5935130e+00 1.7725135e+00 1.5795166e+00 1.2784233e+00 1.1292012e+00 1.1974232e+00 1.3342504e+00 1.4523351e+00 1.5475819e+00 1.5171208e+00 1.3065228e+00 1.1357570e+00 1.1641186e+00 1.1945359e+00 1.2194614e+00 1.2336335e+00
7.1653166e+00 7.2048250e+00 7.2631185e+00 7.0267317e+00 6.3886513e+00 6.5004385e+00 2.4642182e+00 2.4449174e+00 5.9659679e+00 6.6438014e+00 7.0685282e+00 5.7155785e+00 9.1752711e-01 8.2051276e-04 2.7259598e-03 9.7688708e-04 8.2319516e-01 1.0201661e+00 1.0790079e+00 1.0901702e+00 5.3787821e-01 5.6607787e-01 3.2327999e-01 5.3984110e-02 6.6776464e-02 9.7302395e-04 1.6012212e-01 2.6597704e-02 9.6946497e-04 1.8079473e-02 2.4218892e-01 4.1781159e-01 6.9408625e-01 9.1444635e-01 1.2516798e+00 1.4217372e+00 1.0451394e+00 6.3943916e-01 4.5456512e-01 4.4354357e-01 5.7047477e-01 7.6089647e-01 1.0546606e+00 1.2835370e+00 1.2169465e+00 8.9007095e-01 8.9282347e-01 1.0937637e+00 1.1873401e+00 1.2472102e+00
7.4258354e+00 7.4610555e+00 7.6717123e+00 7.4761709e+00 6.7754671e+00 6.7856408e+00 6.1451298e+00 2.7906624e+00 1.6434553e+00 4.7728865e+00 5.8709207e+00 7.1326144e+00 4.4508182e+00 1.1061202e+00 3.7216413e-02 4.4468043e-01 1.0223590e+00 1.0534521e+00 1.1803023e+00 1.5499454e+00 8.5219949e-04 0.0000000e+00 9.5116155e-04 1.8150103e-02 9.7714165e-04 9.8975605e-04 7.2632932e-03 3.0782677e-03 9.9651235e-04 1.7219415e-02 1.6341956e-01 9.4836592e-04 8.6515908e-04 3.2088601e-01 6.6396489e-01 9.5104035e-01 7.6786229e-01 4.7986919e-01 2.4947665e-01 9.1957355e-02 1.0775597e-01 2.8917323e-01 5.0383227e-01 7.2513925e-01 8.0518535e-01 6.0612470e-01 4.6232809e-01 5.7490143e-01 8.0905706e-01 1.0998420e+00
7.7410062e+00 7.7257099e+00 7.8934011e+00 7.9645640e+00 7.6977547e+00 7.4099305e+00 7.3861298e+00 6.8692099e+00 4.5350589e+00 1.1309337e+00 5.2605098e+00 6.6818565e+00 5.8174130e+00 2.9729541e+00 1.5865343e-01 5.4937952e-01 7.9007738e-01 8.3478262e-01 1.0898817e+00 1.0143307e+00 9.3253477e-04 0.0000000e+00 2.8944489e-01 2.6173151e-01 1.0356008e-03 7.3826863e-03 6.7157654e-03 5.2167093e-03 9.7913319e-04 1.0005913e-01 5.4112351e-02 3.4542489e-02 1.9830847e-03 8.9600679e-04 1.1822767e-01 7.0094036e-01 6.4275568e-01 6.3209234e-01 4.2592462e-01 4.0449659e-02 4.1962997e-02 1.8358854e-01 2.4962602e-01 2.4998519e-01 3.0612178e-01 3.5656358e-01 2.9063956e-01 2.9133685e-01 4.7418170e-01 7.2948456e-01
7.9136010e+00 7.7791302e+00 7.9063655e+00 8.0632937e+00 7.7524630e+00 7.5893619e+00 7.1674233e+00 5.3486385e+00 4.5582707e+00 4.4570997e+00 7.3462165e+00 7.9242808e+00 4.4709083e+00 1.1917424e-01 5.5632404e-02 2.0629012e-01 4.9584270e-01 4.8419204e-01 3.6780446e-01 5.0882131e-01 5.5211049e-01 8.2149454e-02 4.9494567e-03 1.8504412e-02 7.6779532e-02 2.0506122e-02 4.5900340e-03 9.8626943e-04 9.6365931e-04 1.3583171e-01 1.4087887e-01 1.1325151e-01 9.5577247e-02 1.9797847e-02 3.4852380e-01 6.2632441e-01 8.3019373e-01 4.7581674e-01 3.7537107e-01 1.8541045e-01 3.8157298e-01 3.1960253e-01 2.1195393e-01 4.8365311e-02 9.1704588e-03 4.2919322e-02 2.9686869e-01 4.8056519e-01 6.3141219e-01 7.4037762e-01
7.8942469e+00 7.3504791e+00 6.8988740e+00 7.3936706e+00 6.9305108e+00 5.7497836e+00 4.8017403e+00 4.1269356e+00 4.4557825e+00 5.2059988e+00 7.2640365e+00 6.3914746e+00 6.1528449e-01 5.9108527e-03 5.1958748e-02 3.8708933e-02 5.0397059e-01 3.5835447e-01 9.9290084e-02 2.2372419e-01 3.7952618e-01 1.3882835e-02 5.0042866e-02 3.4279527e-02 8.8663255e-02 1.5057069e-01 1.1726895e-01 1.0071478e-03 2.9786968e-03 1.0046886e-02 9.3264421e-02 2.0765334e-02 8.8900719e-04 6.0688508e-02 1.8783613e-01 2.5015700e-02 5.5640991e-01 2.9345423e-02 1.7078377e-01 2.1009634e-01 3.8081684e-01 5.4823389e-01 1.7586866e-01 5.0872146e-02 3.0565872e-03 9.9496952e-04 9.3888222e-04 8.8207565e-01 8.7105959e-01 9.7901017e-01
