ahotovec/data/depth_0010.asc
ncols     164
nrows     146
xllcorner -1.242151388888889e+02
yllcorner  4.172986111111111e+01
cellsize  2.777777777820000e-04
nodata_value       -9999
[rows 110 to 131 of 146, columns 100 to 149 of 164]
8.1115281e+00 8.1306457e+00 8.1911484e+00 8.2206877e+00 8.1927426e+00 8.2798133e+00 5.5376360e+00 2.8368198e+00 1.7048887e+00 1.3581028e+00 0.0000000e+00 0.0000000e+00 0.0000000e+00 1.9223848e+00 3.0487600e+00 3.6338902e+00 3.8904986e+00 3.6400803e+00 3.5435785e+00 5.1008404e+00 5.8724557e+00 5.9409913e+00 6.0181197e+00 5.8839489e+00 5.2972790e+00 5.4249442e+00 5.4049003e+00 5.5346062e+00 5.5600681e+00 5.7678426e+00 5.6095312e+00 4.9618739e+00 5.2137291e+00 5.7849990e+00 6.3056847e+00 6.4485351e+00 6.4211752e+00 6.1195346e+00 6.0399216e+00 6.1203377e+00 6.2435354e+00 6.2651590e+00 6.3000954e+00 6.4565135e+00 6.5046981e+00 6.5381969e+00 6.5477802e+00 6.3961729e+00 6.2664693e+00 6.0643570e+00
8.2748080e+00 8.3651167e+00 8.3910245e+00 8.4190091e+00 8.3946229e+00 8.5480953e+00 8.5893306e+00 6.7379038e+00 5.1687804e+00 4.9513862e+00 3.2172754e+00 3.4912273e+00 3.9628638e+00 4.2016633e+00 3.9843939e+00 3.9267078e+00 4.3924659e+00 4.3737867e+00 4.0712760e+00 5.2550137e+00 5.9697041e+00 6.0449976e+00 6.1823750e+00 6.1670498e+00 5.5496954e+00 5.2831052e+00 5.1568100e+00 5.6115607e+00 5.7914702e+00 6.0356952e+00 6.1011228e+00 5.9184149e+00 5.8435926e+00 6.0449803e+00 6.7044434e+00 6.9707869e+00 6.8401947e+00 6.5836970e+00 6.3416943e+00 6.3540859e+00 6.5175209e+00 6.5323175e+00 6.4372889e+00 6.4800277e+00 6.5425198e+00 6.5996049e+00 6.7249647e+00 6.6366355e+00 6.4344945e+00 6.2905186e+00
8.4423794e+00 8.5710522e+00 8.6606105e+00 8.6788461e+00 8.7099897e+00 8.6748347e+00 8.8649355e+00 9.2648656e+00 8.9446541e+00 7.8486677e+00 6.8305125e+00 6.6503509e+00 6.8358624e+00 6.2754823e+00 5.0313151e+00 4.5652453e+00 5.0328274e+00 5.1264390e+00 5.2437142e+00 5.9719463e+00 6.2748343e+00 6.0141499e+00 6.0666607e+00 6.1043677e+00 5.8692575e+00 5.7839343e+00 5.2007624e+00 5.8301748e+00 6.1754056e+00 6.4983631e+00 6.8328514e+00 6.9619807e+00 6.5907319e+00 6.2544627e+00 6.7420074e+00 7.1693439e+00 7.1545273e+00 6.8958849e+00 6.5783658e+00 6.5049726e+00 6.7207567e+00 6.6588417e+00 6.5860319e+00 6.5460817e+00 6.5550913e+00 6.5779724e+00 6.7046813e+00 6.7224266e+00 6.6135738e+00 6.5473697e+00
8.6726723e+00 8.8001476e+00 8.8950073e+00 8.9580904e+00 9.0057610e+00 8.9979385e+00 8.9779635e+00 9.0106707e+00 8.8298474e+00 8.3073515e+00 8.6456179e+00 8.4073691e+00 8.1352718e+00 7.4759430e+00 6.4171685e+00 6.0188662e+00 6.1339967e+00 6.3676898e+00 6.7381960e+00 7.0855793e+00 6.9564384e+00 6.5137207e+00 6.2393835e+00 6.2733912e+00 6.3684789e+00 6.7118642e+00 6.2427841e+00 6.4665301e+00 6.6809499e+00 6.9346334e+00 7.3431595e+00 7.8610832e+00 7.2595187e+00 6.8838092e+00 7.1904159e+00 7.5407271e+00 7.5793093e+00 7.2631575e+00 6.9413908e+00 6.8086979e+00 6.8460516e+00 6.7710491e+00 6.6960676e+00 6.6364530e+00 6.6516096e+00 6.7080591e+00 6.8099772e+00 6.8362399e+00 6.7833850e+00 6.7440535e+00
8.9181151e+00 9.0616005e+00 9.1510920e+00 9.2506756e+00 9.3197830e+00 9.3121777e+00 9.2832603e+00 9.2344738e+00 9.1351550e+00 9.0702930e+00 9.5273956e+00 9.1546288e+00 9.0555023e+00 8.7861254e+00 8.2293087e+00 7.7930828e+00 7.7697538e+00 7.7323943e+00 7.9992459e+00 8.1178956e+00 7.9075562e+00 7.2811100e+00 6.7399053e+00 6.7537798e+00 7.0346562e+00 7.2423064e+00 7.1663166e+00 7.2214619e+00 7.3196870e+00 7.2963306e+00 7.2676280e+00 7.6387786e+00 7.4760375e+00 7.4018506e+00 7.6889207e+00 8.0849318e+00 8.2660270e+00 7.7597118e+00 7.2265747e+00 7.1034070e+00 7.0310865e+00 6.8963449e+00 6.8634429e+00 6.7974784e+00 6.8116436e+00 6.9053565e+00 6.9784048e+00 7.0208619e+00 6.9451564e+00 6.8328264e+00
9.2158415e+00 9.3418576e+00 9.4294107e+00 9.5017567e+00 9.5717653e+00 9.5732836e+00 9.5757776e+00 9.5131732e+00 9.4215168e+00 9.4104995e+00 9.3640154e+00 9.5854046e+00 1.0188411e+01 1.0042462e+01 9.7293943e+00 9.4127569e+00 8.9913211e+00 8.8879146e+00 9.2496503e+00 9.2889345e+00 8.9750215e+00 8.2742425e+00 7.6853905e+00 7.5520138e+00 7.7427475e+00 7.9034897e+00 7.9112355e+00 7.9807291e+00 8.0114179e+00 7.7520887e+00 7.5428047e+00 7.6265556e+00 7.6375684e+00 7.7337893e+00 8.0227486e+00 8.5117980e+00 8.8194874e+00 8.2482743e+00 7.6199146e+00 7.5013985e+00 7.3885712e+00 7.1942696e+00 7.1180171e+00 7.0255956e+00 7.0459601e+00 7.1571569e+00 7.1965537e+00 7.2343720e+00 7.1208152e+00 6.9537438e+00
9.4970708e+00 9.5323249e+00 9.6520791e+00 9.8177513e+00 9.8840323e+00 9.9613951e+00 9.8514448e+00 9.8094781e+00 9.6823911e+00 9.7762534e+00 9.8438915e+00 1.0408641e+01 1.1156325e+01 1.0860448e+01 1.0536974e+01 9.9573614e+00 9.1672036e+00 9.2207107e+00 1.0134126e+01 1.0066355e+01 9.5258580e+00 8.9225036e+00 8.4449880e+00 8.3000901e+00 8.3950477e+00 8.4630587e+00 8.7201997e+00 8.3739349e+00 8.2799223e+00 7.9931178e+00 7.7634494e+00 7.6823790e+00 7.7007123e+00 7.8654714e+00 8.0704681e+00 8.4968551e+00 8.7129413e+00 8.3617091e+00 7.8791270e+00 7.7940386e+00 7.7991297e+00 7.6346130e+00 7.3581032e+00 7.2008527e+00 7.3103660e+00 7.5080004e+00 7.3681104e+00 7.3193479e+00 7.2074355e+00 7.0756790e+00
9.5402382e+00 9.7701479e+00 9.8760112e+00 1.0009464e+01 1.0145162e+01 1.0158141e+01 1.0125893e+01 9.9778272e+00 9.8286380e+00 1.0068429e+01 1.0426032e+01 1.0599140e+01 1.0343699e+01 1.0283229e+01 1.0165255e+01 9.8211015e+00 8.9186264e+00 8.0128222e+00 9.7862240e+00 1.0057942e+01 9.7628953e+00 9.4450498e+00 9.2551950e+00 9.2168785e+00 9.3022474e+00 9.3692491e+00 9.3514066e+00 8.8837535e+00 8.6816678e+00 8.3515512e+00 7.9941953e+00 7.7537917e+00 7.6758273e+00 7.8557952e+00 8.1031164e+00 8.2975638e+00 8.3872751e+00 8.2056082e+00 7.9360849e+00 7.7288696e+00 7.8686571e+00 7.8639438e+00 7.7893564e+00 7.5529333e+00 7.5845685e+00 7.7022584e+00 7.5304760e+00 7.3919358e+00 7.2903513e+00 7.2029079e+00
9.8587875e+00 1.0083436e+01 1.0249030e+01 1.0255555e+01 1.0283735e+01 1.0420348e+01 1.0372908e+01 1.0098546e+01 1.0360699e+01 1.0972028e+01 1.1168521e+01 1.1238689e+01 1.0652559e+01 1.0398825e+01 9.6510251e+00 1.0246821e+01 1.0290453e+01 9.2235724e+00 9.3832895e+00 9.5126993e+00 9.5685343e+00 9.6320095e+00 9.7433483e+00 9.9248132e+00 9.8920235e+00 9.8645583e+00 9.7060079e+00 9.4332315e+00 9.1249512e+00 8.6679225e+00 8.2252541e+00 7.8997824e+00 7.7311722e+00 7.9275345e+00 8.1185731e+00 8.1839149e+00 8.2125213e+00 8.1315494e+00 8.0259346e+00 7.8836076e+00 7.9553884e+00 8.0441160e+00 8.1453749e+00 7.9357034e+00 7.8276708e+00 7.7799386e+00 7.6108834e+00 7.4349003e+00 7.3583170e+00 7.3223067e+00
1.0212127e+01 9.9418673e+00 1.0415080e+01 1.0982042e+01 1.1210598e+01 1.0829347e+01 1.0637349e+01 1.0059833e+01 1.0059225e+01 1.1415903e+01 1.1273173e+01 1.1208844e+01 1.1460788e+01 1.1738040e+01 1.1136056e+01 1.1263557e+01 1.0975406e+01 1.0016714e+01 8.6840546e+00 8.6901680e+00 9.2469183e+00 9.6280200e+00 9.9687982e+00 1.0295280e+01 1.0199783e+01 1.0100450e+01 9.9879586e+00 9.8124209e+00 9.5711136e+00 9.0443953e+00 8.5070677e+00 8.2409279e+00 8.1403350e+00 8.2738459e+00 8.4016133e+00 8.3025845e+00 8.2256611e+00 8.1648451e+00 8.0916470e+00 7.9868606e+00 7.9993985e+00 8.0196600e+00 8.1329227e+00 8.0856968e+00 7.9713328e+00 7.8452542e+00 7.6706667e+00 7.4851999e+00 7.4290344e+00 7.4446563e+00
1.0389547e+01 1.0518797e+01 1.0736656e+01 1.1695523e+01 1.2761060e+01 1.2459519e+01 1.2460335e+01 1.1028853e+01 9.8938018e+00 1.0972441e+01 1.0702786e+01 1.0970010e+01 1.1571511e+01 1.1816607e+01 1.1833706e+01 1.1607651e+01 1.1052823e+01 9.7529121e+00 7.8947802e+00 8.4424000e+00 9.3960310e+00 9.7738901e+00 1.0147600e+01 1.0441709e+01 1.0385749e+01 1.0253135e+01 1.0154894e+01 1.0088048e+01 1.0025715e+01 9.5001202e+00 8.9485318e+00 8.7081051e+00 8.6315042e+00 8.7224711e+00 8.8625051e+00 8.6853685e+00 8.4772021e+00 8.3529551e+00 8.2601802e+00 8.1734560e+00 8.1082334e+00 8.1812306e+00 8.2279336e+00 8.2004616e+00 8.1021910e+00 7.9784048e+00 7.8487242e+00 7.6988216e+00 7.6429754e+00 7.6247528e+00
1.1267225e+01 1.1050385e+01 1.1268457e+01 1.1917595e+01 1.2337758e+01 1.3184791e+01 1.4174945e+01 1.3562863e+01 1.2735613e+01 1.2209696e+01 1.1542362e+01 1.1603691e+01 1.1716403e+01 1.1653803e+01 1.1766504e+01 1.1710456e+01 1.1486192e+01 1.1000573e+01 1.0578203e+01 1.0060046e+01 9.8953397e+00 1.0161048e+01 1.0460652e+01 1.0634542e+01 1.0568345e+01 1.0366176e+01 1.0215434e+01 1.0159989e+01 1.0057882e+01 9.6887139e+00 9.3348300e+00 9.1192142e+00 9.0743943e+00 9.0496869e+00 9.0333001e+00 8.9138341e+00 8.7714714e+00 8.6538334e+00 8.5023145e+00 8.4126126e+00 8.3296139e+00 8.3800590e+00 8.4062405e+00 8.3840555e+00 8.2730989e+00 8.1623302e+00 8.0484722e+00 7.9427496e+00 7.8908932e+00 7.8383257e+00
1.2042736e+01 1.1999937e+01 1.2042041e+01 1.2216522e+01 1.2144863e+01 1.2403260e+01 1.2651955e+01 1.3059383e+01 1.2730291e+01 1.2272949e+01 1.1938233e+01 1.1937912e+01 1.1753440e+01 1.1632407e+01 1.1628161e+01 1.1691737e+01 1.1794180e+01 1.1700299e+01 1.1492666e+01 1.0943261e+01 1.0576362e+01 1.0668084e+01 1.0847055e+01 1.0925346e+01 1.0808876e+01 1.0690611e+01 1.0393507e+01 1.0184770e+01 1.0033091e+01 9.7892256e+00 9.5739766e+00 9.4258751e+00 9.3962883e+00 9.2829268e+00 9.1928830e+00 9.1334994e+00 9.0625816e+00 8.8941021e+00 8.7236979e+00 8.6070494e+00 8.5669643e+00 8.5777901e+00 8.6090715e+00 8.6231329e+00 8.4969752e+00 8.3914977e+00 8.2777511e+00 8.1879231e+00 8.1253750e+00 8.0751728e+00
1.2540982e+01 1.2740260e+01 1.2545205e+01 1.2434025e+01 1.1593245e+01 1.1341328e+01 1.2416343e+01 1.2308360e+01 1.2187226e+01 1.1943464e+01 1.1782266e+01 1.2113947e+01 1.1764616e+01 1.1556625e+01 1.1432021e+01 1.1322213e+01 1.1838155e+01 1.1831427e+01 1.1575978e+01 1.1236736e+01 1.1028714e+01 1.1071117e+01 1.1238198e+01 1.1294338e+01 1.1038480e+01 1.0898128e+01 1.0578777e+01 1.0261086e+01 1.0074674e+01 9.8933471e+00 9.7518750e+00 9.6453109e+00 9.5575069e+00 9.4067857e+00 9.3089967e+00 9.2909521e+00 9.2702539e+00 9.0532925e+00 8.8881016e+00 8.7944931e+00 8.7620338e+00 8.7528678e+00 8.7726543e+00 8.7681731e+00 8.6538412e+00 8.5516033e+00 8.4582741e+00 8.3924973e+00 8.3175044e+00 8.2542825e+00
1.2539776e+01 1.2814536e+01 1.2704781e+01 1.2495630e+01 1.1977070e+01 1.1646460e+01 1.2023750e+01 1.2103985e+01 1.1856745e+01 1.1749221e+01 1.1829797e+01 1.1992590e+01 1.1567175e+01 1.1271662e+01 1.1123192e+01 1.1098213e+01 1.1610888e+01 1.1716432e+01 1.1579934e+01 1.1349088e+01 1.1227333e+01 1.1362602e+01 1.1584104e+01 1.1491151e+01 1.1162896e+01 1.0906217e+01 1.0643644e+01 1.0485529e+01 1.0269757e+01 1.0056060e+01 9.9439748e+00 9.8729502e+00 9.8450284e+00 9.6310226e+00 9.3854120e+00 9.3399698e+00 9.3010425e+00 9.1829574e+00 9.0657461e+00 9.0469679e+00 9.0108943e+00 8.9093029e+00 8.8963543e+00 8.8723012e+00 8.8056228e+00 8.7330955e+00 8.6539141e+00 8.5942906e+00 8.5412641e+00 8.4579231e+00
1.2359451e+01 1.2552699e+01 1.2602445e+01 1.2708569e+01 1.2816040e+01 1.3068792e+01 1.2593741e+01 1.2160328e+01 1.2050928e+01 1.1998603e+01 1.1958852e+01 1.1674603e+01 1.1223327e+01 1.0882209e+01 1.0940688e+01 1.1103357e+01 1.1405823e+01 1.1559472e+01 1.1523637e+01 1.1378501e+01 1.1273310e+01 1.1486357e+01 1.1655936e+01 1.1495706e+01 1.1245160e+01 1.1033927e+01 1.0840939e+01 1.0656822e+01 1.0487020e+01 1.0378000e+01 1.0275864e+01 1.0133905e+01 1.0077949e+01 9.8355097e+00 9.5750336e+00 9.4697826e+00 9.3760336e+00 9.2797278e+00 9.2466365e+00 9.2430450e+00 9.1944724e+00 9.1324851e+00 9.1057908e+00 9.0719683e+00 9.0217606e+00 8.9596664e+00 8.8808317e+00 8.8249192e+00 8.8448300e+00 8.7804428e+00
1.2463576e+01 1.2350881e+01 1.2384749e+01 1.2747194e+01 1.3168267e+01 1.3456441e+01 1.3167583e+01 1.2710334e+01 1.2610712e+01 1.2700160e+01 1.2168926e+01 1.1730526e+01 1.1383721e+01 1.1192614e+01 1.1196287e+01 1.1297584e+01 1.1517442e+01 1.1635490e+01 1.1624788e+01 1.1548126e+01 1.1508745e+01 1.1623824e+01 1.1703787e+01 1.1570794e+01 1.1387642e+01 1.1086120e+01 1.0999679e+01 1.0876996e+01 1.0744883e+01 1.0660041e+01 1.0529453e+01 1.0250156e+01 1.0131264e+01 9.9619420e+00 9.7747332e+00 9.6395031e+00 9.5106490e+00 9.3861323e+00 9.3871695e+00 9.3889527e+00 9.3565546e+00 9.2975788e+00 9.2670587e+00 9.2281914e+00 9.2017950e+00 9.1660805e+00 9.0533555e+00 8.9599906e+00 8.9800583e+00 8.9599211e+00
1.2490390e+01 1.2424785e+01 1.2339049e+01 1.2792431e+01 1.3129287e+01 1.3476028e+01 1.3561791e+01 1.3167454e+01 1.2849191e+01 1.2538178e+01 1.1889588e+01 1.1855296e+01 1.1777071e+01 1.1676221e+01 1.1645673e+01 1.1702131e+01 1.1771493e+01 1.1827039e+01 1.1830223e+01 1.1785251e+01 1.1790547e+01 1.1880759e+01 1.1888498e+01 1.1758930e+01 1.1541587e+01 1.1366644e+01 1.1309017e+01 1.1213421e+01 1.1018117e+01 1.0881612e+01 1.0691131e+01 1.0426907e+01 1.0248348e+01 1.0096647e+01 9.9611303e+00 9.8422744e+00 9.7502656e+00 9.6326508e+00 9.6006633e+00 9.5924421e+00 9.5438125e+00 9.4826880e+00 9.4149848e+00 9.3566358e+00 9.3528035e+00 9.3495429e+00 9.2181844e+00 9.1137449e+00 9.0981459e+00 9.1026619e+00
1.2637486e+01 1.2517170e+01 1.2467224e+01 1.2794860e+01 1.2952404e+01 1.3341340e+01 1.3515447e+01 1.3309634e+01 1.2914999e+01 1.2499289e+01 1.2165962e+01 1.2219856e+01 1.2300149e+01 1.2222128e+01 1.2140255e+01 1.2127096e+01 1.2114202e+01 1.2095468e+01 1.2062512e+01 1.2021761e+01 1.2064397e+01 1.2180074e+01 1.2147238e+01 1.2000305e+01 1.1808122e+01 1.1655213e+01 1.1639237e+01 1.1600465e+01 1.1335212e+01 1.1100852e+01 1.0872611e+01 1.0622548e+01 1.0413915e+01 1.0276067e+01 1.0188322e+01 1.0102510e+01 9.9950534e+00 9.9200195e+00 9.8669768e+00 9.8085122e+00 9.7451486e+00 9.6948094e+00 9.5852088e+00 9.4857976e+00 9.4539863e+00 9.4283316e+00 9.3433219e+00 9.2605042e+00 9.2185312e+00 9.2623420e+00
1.2872638e+01 1.2932888e+01 1.3209353e+01 1.3449241e+01 1.3139601e+01 1.3334279e+01 1.3700987e+01 1.3391586e+01 1.3080987e+01 1.2801707e+01 1.2625000e+01 1.2644441e+01 1.2823698e+01 1.2785306e+01 1.2731357e+01 1.2657317e+01 1.2526793e+01 1.2407851e+01 1.2348718e+01 1.2331616e+01 1.2304221e+01 1.2421992e+01 1.2406552e+01 1.2297941e+01 1.2046449e+01 1.1779768e+01 1.1740288e+01 1.1700121e+01 1.1510405e+01 1.1283056e+01 1.1076584e+01 1.0848917e+01 1.0631576e+01 1.0548251e+01 1.0483579e+01 1.0408860e+01 1.0317290e+01 1.0215660e+01 1.0138190e+01 1.0082196e+01 9.9762750e+00 9.9005972e+00 9.8046667e+00 9.6743001e+00 9.5941384e+00 9.5541838e+00 9.5309873e+00 9.4372180e+00 9.3379895e+00 9.4245370e+00
1.3247091e+01 1.3206832e+01 1.2832764e+01 1.3775117e+01 1.3639811e+01 1.3260030e+01 1.3649100e+01 1.3592190e+01 1.3335010e+01 1.3242048e+01 1.3239510e+01 1.3022483e+01 1.3053134e+01 1.3134851e+01 1.3267154e+01 1.3312161e+01 1.3010644e+01 1.2697199e+01 1.2590226e+01 1.2625122e+01 1.2684983e+01 1.2779147e+01 1.2660919e+01 1.2512907e+01 1.2281549e+01 1.1798999e+01 1.1754706e+01 1.1746599e+01 1.1614884e+01 1.1465574e+01 1.1325920e+01 1.1211913e+01 1.0986803e+01 1.0885614e+01 1.0831264e+01 1.0761924e+01 1.0644897e+01 1.0528404e+01 1.0407111e+01 1.0332351e+01 1.0182957e+01 1.0061995e+01 1.0002401e+01 9.9037478e+00 9.7458308e+00 9.7166462e+00 9.7362149e+00 9.7104227e+00 9.6265963e+00 9.5889255e+00
1.3491868e+01 1.3701208e+01 1.3553495e+01 1.3205063e+01 1.3618919e+01 1.3756700e+01 1.4006076e+01 1.3640137e+01 1.3385574e+01 1.3198117e+01 1.3077047e+01 1.3001385e+01 1.3123351e+01 1.3262520e+01 1.3540244e+01 1.3766048e+01 1.3349423e+01 1.2829771e+01 1.2679647e+01 1.2740544e+01 1.2986330e+01 1.3151767e+01 1.2817028e+01 1.2524860e+01 1.2275032e+01 1.1920935e+01 1.1843557e+01 1.1870204e+01 1.1748189e+01 1.1639969e+01 1.1523788e+01 1.1415184e+01 1.1291083e+01 1.1201037e+01 1.1131873e+01 1.1165053e+01 1.0929618e+01 1.0747851e+01 1.0621519e+01 1.0483073e+01 1.0324613e+01 1.0198625e+01 1.0201356e+01 1.0182993e+01 9.9018646e+00 9.8920039e+00 9.9636388e+00 9.9758500e+00 9.8782987e+00 9.6692202e+00
