ahotovec/data/depth_0043.asc
ncols     164
nrows     146
xllcorner -1.242151388888889e+02
yllcorner  4.172986111111111e+01
cellsize  2.777777777820000e-04
nodata_value       -9999
[rows 110 to 131 of 146, columns 0 to 49 of 164]
2.1461800e+01 2.1525248e+01 2.0861786e+01 2.1142265e+01 2.0868172e+01 2.0761958e+01 2.0657262e+01 2.0165023e+01 1.9917498e+01 1.9604648e+01 1.9483193e+01 1.9600431e+01 1.9482295e+01 1.8433970e+01 1.9380811e+01 1.9574480e+01 1.8919297e+01 1.8259028e+01 1.8450704e+01 1.8438031e+01 1.8350675e+01 1.7064629e+01 1.6475158e+01 1.6857395e+01 1.6925374e+01 1.6666976e+01 1.6590507e+01 1.5972322e+01 1.6217247e+01 1.5782339e+01 1.5283170e+01 1.4667563e+01 1.4542908e+01 1.4156967e+01 1.3510556e+01 1.3095531e+01 1.2827262e+01 1.2014189e+01 1.1646303e+01 1.0673912e+01 7.0227982e+00 7.1117998e+00 1.1270525e+01 1.1504641e+01 1.1529341e+01 1.1814296e+01 1.2097374e+01 1.1809088e+01 1.1580054e+01 1.1135857e+01
2.1447146e+01 2.1406711e+01 2.1316110e+01 2.1319091e+01 2.1051974e+01 2.0370097e+01 2.0186753e+01 2.0375264e+01 2.0226105e+01 1.9981626e+01 1.9881749e+01 1.9856111e+01 1.9707346e+01 1.9153914e+01 2.0144032e+01 2.0266009e+01 1.9655967e+01 1.9728426e+01 1.9367372e+01 1.9124499e+01 1.8600963e+01 1.7300926e+01 1.7662386e+01 1.7996072e+01 1.7834147e+01 1.7412615e+01 1.7150116e+01 1.6783419e+01 1.6541092e+01 1.6540259e+01 1.6470151e+01 1.5371610e+01 1.5207390e+01 1.4693394e+01 1.4233678e+01 1.3587651e+01 1.3130021e+01 1.2914491e+01 1.2153892e+01 1.2339210e+01 1.2152210e+01 1.1410416e+01 1.1557204e+01 1.1648606e+01 1.1826964e+01 1.2630621e+01 1.3007598e+01 1.2538280e+01 1.2209332e+01 1.1682315e+01
2.1515412e+01 2.1426537e+01 2.1421315e+01 2.1246698e+01 2.1262876e+01 2.1080640e+01 2.0890327e+01 2.0695372e+01 2.0551707e+01 2.0355559e+01 2.0272479e+01 2.0257925e+01 2.0341254e+01 2.0413824e+01 2.0409700e+01 2.0446036e+01 2.0140918e+01 1.9981482e+01 1.9374502e+01 1.9261305e+01 1.8490743e+01 1.9103366e+01 1.9230574e+01 1.9073430e+01 1.8631849e+01 1.8297937e+01 1.8078847e+01 1.7543861e+01 1.7032716e+01 1.6716384e+01 1.6599644e+01 1.6574375e+01 1.5935801e+01 1.4766391e+01 1.4404549e+01 1.4214144e+01 1.3190348e+01 1.2336815e+01 1.1788539e+01 1.2375391e+01 1.2200242e+01 1.1564899e+01 1.1478349e+01 1.1836757e+01 1.2520866e+01 1.3545884e+01 1.3431260e+01 1.2136435e+01 1.1232217e+01 1.1383055e+01
2.1677275e+01 2.1586054e+01 2.1538863e+01 2.1532203e+01 2.1375015e+01 2.1204521e+01 2.1077885e+01 2.0958777e+01 2.0857529e+01 2.0786956e+01 2.0719849e+01 2.0737419e+01 2.0735496e+01 2.0705265e+01 2.0620378e+01 2.0622119e+01 2.0430912e+01 2.0139578e+01 2.0051176e+01 2.0082219e+01 2.0185398e+01 2.0088238e+01 1.9796700e+01 1.9497023e+01 1.9293525e+01 1.9000642e+01 1.7905509e+01 1.6461434e+01 1.7774397e+01 1.7226805e+01 1.6818219e+01 1.6650734e+01 1.5804135e+01 1.5738427e+01 1.5562474e+01 1.4528184e+01 1.3313371e+01 1.1959028e+01 1.0949184e+01 1.1048534e+01 1.1333487e+01 1.0709343e+01 1.0516204e+01 1.1798399e+01 1.3446795e+01 1.3903798e+01 1.3973299e+01 1.3766839e+01 1.3208416e+01 1.3945804e+01
2.1794201e+01 2.1725439e+01 2.1666723e+01 2.1615081e+01 2.1521462e+01 2.1410781e+01 2.1336614e+01 2.1292648e+01 2.1285074e+01 2.1241470e+01 2.1115375e+01 2.1087522e+01 1.9672851e+01 1.8303615e+01 2.1181799e+01 2.0750346e+01 2.0558084e+01 2.0516334e+01 2.0474701e+01 2.0458702e+01 2.0572016e+01 2.0464198e+01 2.0218119e+01 1.9958430e+01 1.9758433e+01 1.9534266e+01 1.9128524e+01 1.8764411e+01 1.8753448e+01 1.7321219e+01 1.7425678e+01 1.6171158e+01 1.6330517e+01 1.5818620e+01 1.5871610e+01 1.2510633e+01 1.2829964e+01 1.1657851e+01 8.1166448e+00 1.1791087e+01 1.1933716e+01 1.1644862e+01 1.0679563e+01 1.2933825e+01 1.4266726e+01 1.4512457e+01 1.3625247e+01 1.4567120e+01 1.4627099e+01 1.4632879e+01
2.1942453e+01 2.1878771e+01 2.1829489e+01 2.1752524e+01 2.1708174e+01 2.1649167e+01 2.1592047e+01 2.1541653e+01 2.1066870e+01 1.5734821e+01 2.1304663e+01 2.1402081e+01 2.1453354e+01 2.1283533e+01 2.1344251e+01 2.1130898e+01 2.0961138e+01 2.0893467e+01 2.0898276e+01 2.1001533e+01 2.1124858e+01 2.1071193e+01 2.0876637e+01 2.0335524e+01 2.0336910e+01 1.9770005e+01 2.0057136e+01 2.0061072e+01 1.9925325e+01 1.8740522e+01 1.8261746e+01 1.5993381e+01 1.6732771e+01 1.7630461e+01 1.6101440e+01 1.1455477e+01 1.0789797e+01 1.2222628e+01 1.3010222e+01 1.2084890e+01 1.2405250e+01 1.2868881e+01 1.3589609e+01 1.4497173e+01 1.4416180e+01 1.5226189e+01 1.4730253e+01 1.5059453e+01 1.5069697e+01 1.5264431e+01
2.2083013e+01 2.2046330e+01 2.2005001e+01 2.1937445e+01 2.1889137e+01 2.1853069e+01 2.1822709e+01 2.1765022e+01 2.1613560e+01 1.9299225e+01 2.1582100e+01 2.1732804e+01 2.1611380e+01 2.1507571e+01 2.1389884e+01 2.1297425e+01 2.1230763e+01 2.1180018e+01 2.1146927e+01 2.1365995e+01 2.0472904e+01 2.1258512e+01 2.1077560e+01 2.0865734e+01 2.0435735e+01 2.0467657e+01 1.9661346e+01 2.0456739e+01 2.0395459e+01 2.0235594e+01 1.9091235e+01 1.8950729e+01 1.8742166e+01 1.8267339e+01 1.7472544e+01 1.3535021e+01 1.3176199e+01 1.2327625e+01 1.2582170e+01 1.3197383e+01 1.3495366e+01 1.3702805e+01 1.4309245e+01 1.5003397e+01 1.4987471e+01 1.5490378e+01 1.5686613e+01 1.5433957e+01 1.5668883e+01 1.5884735e+01
2.2262578e+01 2.2203383e+01 2.2166197e+01 2.2096740e+01 2.2048890e+01 2.2012601e+01 2.1993995e+01 2.1992491e+01 2.2005117e+01 2.2030312e+01 2.1945734e+01 2.1838311e+01 2.1749875e+01 2.1653914e+01 2.1549015e+01 2.1465544e+01 2.1432534e+01 2.1250487e+01 2.1262572e+01 2.1505548e+01 2.1335812e+01 2.1781315e+01 2.1471381e+01 2.1559203e+01 2.0887197e+01 2.0691804e+01 1.8085863e+01 1.9838975e+01 2.0622432e+01 2.0211396e+01 1.9480709e+01 1.8321260e+01 1.9186984e+01 1.8188352e+01 1.7854910e+01 1.7336181e+01 1.7486806e+01 1.5656941e+01 1.4014407e+01 1.4390105e+01 1.3951227e+01 1.4077961e+01 1.5246344e+01 1.5374540e+01 1.5566515e+01 1.6306004e+01 1.6350550e+01 1.6254806e+01 1.6193026e+01 1.6275758e+01
2.2513532e+01 2.2453874e+01 2.2379699e+01 2.2308240e+01 2.2213113e+01 2.2189584e+01 2.2124301e+01 2.2148724e+01 2.2120942e+01 2.2088066e+01 2.2035776e+01 2.1974087e+01 2.1881343e+01 2.1810070e+01 2.1735355e+01 2.1649728e+01 2.1603627e+01 2.1558057e+01 2.1533588e+01 2.1530274e+01 2.1598974e+01 2.1608201e+01 2.1520963e+01 2.1443733e+01 2.1291652e+01 2.1330447e+01 2.0350646e+01 2.0741375e+01 2.1239054e+01 2.0802772e+01 2.0296247e+01 1.9950118e+01 1.9921664e+01 1.8988388e+01 1.7608762e+01 1.7561051e+01 1.7200296e+01 1.6498850e+01 1.6523544e+01 1.5819061e+01 1.4954557e+01 1.5468733e+01 1.6111339e+01 1.6227247e+01 1.6395435e+01 1.6474401e+01 1.5844046e+01 1.6718462e+01 1.6633715e+01 1.6755153e+01
2.2679111e+01 2.2614365e+01 2.2562997e+01 2.2518770e+01 2.2484631e+01 2.2400089e+01 2.2340684e+01 2.2306170e+01 2.2255381e+01 2.2213701e+01 2.2143875e+01 2.2102625e+01 2.2061001e+01 2.1977206e+01 2.1900461e+01 2.1823527e+01 2.1758719e+01 2.1710447e+01 2.1676064e+01 2.1637996e+01 2.1624565e+01 2.1685861e+01 2.1834739e+01 2.1367923e+01 2.1377952e+01 2.1481691e+01 2.1619997e+01 2.1738139e+01 2.1484892e+01 2.1122913e+01 2.0804738e+01 2.0264008e+01 2.0253581e+01 2.0274133e+01 1.8020668e+01 1.8359249e+01 1.8381187e+01 1.7340508e+01 1.7098611e+01 1.6883026e+01 1.5897742e+01 1.5354686e+01 1.7049528e+01 1.6745743e+01 1.6805032e+01 1.7491452e+01 1.7665467e+01 1.7103465e+01 1.6998428e+01 1.6979552e+01
2.2856097e+01 2.2816867e+01 2.2768128e+01 2.2714544e+01 2.2646358e+01 2.2561734e+01 2.2524632e+01 2.2514213e+01 2.2486287e+01 2.2464325e+01 2.2358034e+01 2.2238767e+01 2.2185135e+01 2.2155171e+01 2.2085134e+01 2.2025212e+01 2.1959965e+01 2.1888324e+01 2.1811864e+01 2.1712994e+01 2.1773462e+01 2.1773007e+01 2.1817773e+01 2.1878863e+01 2.1711828e+01 2.1190666e+01 1.9510087e+01 1.8621013e+01 2.1555508e+01 2.1062469e+01 2.1304914e+01 2.1180672e+01 2.0966244e+01 1.9308701e+01 1.9947529e+01 1.8979587e+01 1.7797563e+01 1.7370612e+01 1.5552185e+01 1.5127537e+01 1.6245931e+01 1.6272012e+01 1.7819476e+01 1.6805948e+01 1.6440435e+01 1.7731971e+01 1.7786715e+01 1.7587644e+01 1.7398197e+01 1.7309715e+01
2.3072701e+01 2.3004488e+01 2.2959998e+01 2.2906992e+01 2.2865102e+01 2.2818877e+01 2.2743602e+01 2.2688613e+01 2.2654444e+01 2.2675934e+01 2.2644007e+01 2.2491368e+01 2.2390632e+01 2.2315164e+01 2.2275484e+01 2.2225433e+01 2.2173432e+01 2.2099721e+01 2.1991237e+01 2.1892700e+01 2.1955111e+01 2.1938945e+01 2.1936084e+01 2.1947773e+01 2.1906486e+01 2.1894604e+01 2.1970895e+01 2.1123263e+01 2.1350950e+01 2.1984446e+01 2.1587402e+01 2.1483591e+01 2.1070736e+01 2.0389777e+01 2.0772124e+01 1.9021717e+01 1.7619271e+01 1.7660551e+01 1.7195123e+01 1.5656920e+01 1.2781978e+01 1.2163918e+01 1.7521825e+01 1.8399811e+01 1.7235999e+01 1.8371868e+01 1.8027371e+01 1.7850222e+01 1.7747461e+01 1.7667049e+01
2.3277543e+01 2.3228393e+01 2.3187730e+01 2.3131430e+01 2.3055629e+01 2.2987568e+01 2.2917683e+01 2.2877362e+01 2.2859454e+01 2.2803133e+01 2.2722698e+01 2.2670216e+01 2.2613328e+01 2.2531227e+01 2.2452788e+01 2.2391429e+01 2.2335130e+01 2.2282202e+01 2.2224654e+01 2.2152762e+01 2.2116996e+01 2.2090897e+01 2.2088833e+01 2.2063189e+01 2.1968036e+01 2.2207871e+01 2.2351773e+01 2.1990020e+01 2.2561381e+01 2.2081247e+01 2.1832148e+01 2.1771156e+01 2.1359771e+01 2.0284489e+01 2.0526192e+01 1.9122311e+01 1.7851488e+01 1.8190232e+01 1.6395078e+01 1.4496447e+01 1.3419321e+01 1.1397711e+01 1.7514057e+01 1.9635265e+01 1.8382436e+01 1.8656316e+01 1.8353645e+01 1.8190269e+01 1.8119370e+01 1.8090074e+01
2.3440736e+01 2.3411004e+01 2.3377230e+01 2.3353700e+01 2.3295751e+01 2.3210189e+01 2.3138107e+01 2.3062557e+01 2.3022851e+01 2.2968529e+01 2.2911680e+01 2.2860762e+01 2.2793779e+01 2.2726993e+01 2.2665988e+01 2.2610481e+01 2.2562972e+01 2.2489056e+01 2.2429469e+01 2.2367773e+01 2.2309281e+01 2.2275628e+01 2.2261631e+01 2.2270330e+01 2.2319142e+01 2.2341724e+01 2.2135369e+01 2.1845270e+01 2.2274525e+01 2.2309302e+01 2.1982801e+01 2.1909232e+01 2.1614070e+01 2.1897052e+01 2.1273306e+01 2.0689376e+01 1.9515403e+01 1.7358827e+01 1.6049402e+01 1.3338991e+01 1.1499560e+01 1.4187409e+01 1.9366581e+01 1.9650400e+01 1.9130426e+01 1.8826628e+01 1.8661573e+01 1.8535881e+01 1.8453466e+01 1.8417446e+01
2.3680712e+01 2.3616633e+01 2.3575078e+01 2.3520687e+01 2.3483137e+01 2.3414825e+01 2.3361659e+01 2.3299279e+01 2.3235774e+01 2.3174675e+01 2.3106868e+01 2.3069481e+01 2.2994351e+01 2.2935424e+01 2.2858918e+01 2.2820769e+01 2.2767867e+01 2.2711101e+01 2.2652185e+01 2.2545992e+01 2.2478615e+01 2.2473075e+01 2.2464360e+01 2.2444383e+01 2.2446551e+01 2.2483524e+01 2.2616696e+01 2.2691000e+01 2.2763358e+01 2.2584747e+01 2.2230876e+01 2.2089824e+01 2.1897390e+01 2.2190055e+01 2.2197251e+01 2.1161857e+01 2.0011977e+01 1.9538576e+01 1.8694195e+01 1.5705007e+01 1.6624934e+01 1.7686417e+01 2.0120604e+01 1.9693694e+01 1.9357562e+01 1.9140242e+01 1.9022700e+01 1.8874670e+01 1.8764305e+01 1.8648525e+01
2.3935752e+01 2.3834964e+01 2.3802630e+01 2.3729135e+01 2.3679586e+01 2.3610015e+01 2.3542444e+01 2.3487246e+01 2.3426342e+01 2.3370351e+01 2.3310324e+01 2.3296346e+01 2.3228215e+01 2.3148555e+01 2.3055281e+01 2.3004151e+01 2.2950121e+01 2.2902829e+01 2.2816783e+01 2.2733040e+01 2.2693809e+01 2.2675309e+01 2.2657914e+01 2.2615257e+01 2.2598450e+01 2.2621555e+01 2.2669275e+01 2.2719114e+01 2.2778198e+01 2.2764711e+01 2.1980937e+01 2.2342226e+01 2.2320355e+01 2.2294656e+01 2.2227020e+01 2.1766964e+01 2.0854883e+01 1.9862229e+01 2.0431132e+01 2.0915524e+01 1.9479430e+01 2.0239761e+01 2.0324581e+01 1.9993905e+01 1.9716529e+01 1.9494367e+01 1.9331664e+01 1.9182878e+01 1.9066417e+01 1.8937467e+01
2.4167368e+01 2.4050470e+01 2.4010362e+01 2.3943390e+01 2.3916647e+01 2.3878399e+01 2.3771597e+01 2.3690595e+01 2.3604131e+01 2.3544221e+01 2.3477847e+01 2.3473811e+01 2.3439475e+01 2.3364364e+01 2.3277255e+01 2.3201258e+01 2.3133955e+01 2.3049223e+01 2.2977837e+01 2.2944988e+01 2.2907126e+01 2.2860391e+01 2.2819683e+01 2.2795445e+01 2.2769661e+01 2.2753191e+01 2.2739432e+01 2.2736685e+01 2.2753726e+01 2.2728922e+01 2.2621855e+01 2.2517707e+01 2.2433481e+01 2.2383418e+01 2.2332055e+01 2.2218802e+01 2.2359834e+01 2.2101254e+01 2.1968411e+01 2.1568187e+01 2.1412552e+01 2.1074138e+01 2.0687550e+01 2.0358544e+01 2.0098445e+01 1.9881704e+01 1.9689211e+01 1.9526194e+01 1.9398468e+01 1.9273186e+01
2.4387695e+01 2.4293639e+01 2.4183635e+01 2.4167929e+01 2.4103478e+01 2.4105955e+01 2.4048110e+01 2.3905430e+01 2.3825057e+01 2.3727942e+01 2.3652789e+01 2.3616472e+01 2.3593439e+01 2.3544596e+01 2.3484751e+01 2.3405018e+01 2.3336134e+01 2.3257259e+01 2.3206101e+01 2.3139151e+01 2.3086664e+01 2.3039304e+01 2.2983967e+01 2.2953724e+01 2.2923074e+01 2.2898459e+01 2.2856965e+01 2.2841425e+01 2.2807200e+01 2.2755912e+01 2.2669366e+01 2.2609436e+01 2.2567554e+01 2.2529126e+01 2.2475284e+01 2.2435628e+01 2.2438900e+01 2.2290134e+01 2.2137264e+01 2.1902490e+01 2.1585205e+01 2.1233550e+01 2.0958287e+01 2.0711580e+01 2.0476051e+01 2.0252735e+01 2.0043860e+01 1.9871079e+01 1.9722961e+01 1.9604555e+01
2.4578030e+01 2.4525241e+01 2.4393931e+01 2.4348308e+01 2.4301617e+01 2.4261998e+01 2.4271577e+01 2.4148307e+01 2.4019292e+01 2.3938991e+01 2.3833358e+01 2.3813202e+01 2.3764625e+01 2.3700355e+01 2.3641890e+01 2.3585713e+01 2.3504456e+01 2.3460030e+01 2.3412497e+01 2.3356889e+01 2.3288269e+01 2.3224989e+01 2.3157685e+01 2.3099455e+01 2.3062728e+01 2.3029740e+01 2.3001445e+01 2.2965452e+01 2.2909193e+01 2.2845223e+01 2.2768809e+01 2.2698961e+01 2.2657614e+01 2.2664058e+01 2.2535124e+01 2.2534039e+01 2.2391633e+01 2.2316245e+01 2.2115273e+01 2.1877586e+01 2.1836510e+01 2.1456595e+01 2.1174221e+01 2.0954741e+01 2.0749316e+01 2.0560219e+01 2.0376341e+01 2.0186329e+01 2.0043588e+01 1.9917457e+01
2.4745099e+01 2.4736657e+01 2.4623061e+01 2.4527420e+01 2.4517561e+01 2.4440621e+01 2.4429594e+01 2.4387362e+01 2.4250084e+01 2.4164403e+01 2.4089811e+01 2.4032732e+01 2.3941627e+01 2.3898375e+01 2.3827417e+01 2.3725298e+01 2.3672922e+01 2.3615584e+01 2.3561926e+01 2.3510871e+01 2.3463872e+01 2.3404503e+01 2.3351621e+01 2.3285789e+01 2.3226510e+01 2.3178580e+01 2.3143573e+01 2.3095564e+01 2.3033907e+01 2.2970580e+01 2.2910374e+01 2.2826998e+01 2.2765763e+01 2.2766261e+01 2.2768252e+01 2.2120678e+01 2.2581062e+01 2.2392503e+01 2.2183716e+01 2.2059760e+01 2.1886923e+01 2.1649465e+01 2.1385633e+01 2.1179622e+01 2.0974967e+01 2.0787760e+01 2.0610182e+01 2.0465473e+01 2.0346391e+01 2.0252772e+01
2.4918638e+01 2.4921518e+01 2.4875730e+01 2.4739703e+01 2.4677083e+01 2.4642073e+01 2.4587300e+01 2.4596175e+01 2.4503512e+01 2.4378545e+01 2.4305160e+01 2.4257659e+01 2.4182965e+01 2.4058027e+01 2.3966795e+01 2.3905012e+01 2.3828999e+01 2.3782261e+01 2.3706757e+01 2.3647092e+01 2.3602490e+01 2.3544229e+01 2.3508279e+01 2.3474454e+01 2.3411291e+01 2.3355080e+01 2.3302445e+01 2.3243292e+01 2.3177162e+01 2.3090831e+01 2.3032617e+01 2.2959015e+01 2.2897652e+01 2.2852201e+01 2.2853185e+01 2.2912806e+01 2.2895961e+01 2.2605668e+01 2.2355265e+01 2.2184493e+01 2.2039267e+01 2.1789393e+01 2.1570518e+01 2.1394315e+01 2.1212283e+01 2.1020091e+01 2.0835655e+01 2.0684407e+01 2.0550191e+01 2.0313825e+01
2.5108540e+01 2.5096239e+01 2.5081078e+01 2.4990361e+01 2.4868546e+01 2.4848739e+01 2.4765691e+01 2.4770151e+01 2.4742724e+01 2.4600439e+01 2.4499872e+01 2.4447884e+01 2.4421411e+01 2.4284174e+01 2.4167467e+01 2.4096501e+01 2.4023444e+01 2.3952532e+01 2.3875036e+01 2.3784158e+01 2.3756057e+01 2.3686804e+01 2.3637961e+01 2.3592128e+01 2.3558024e+01 2.3510070e+01 2.3472898e+01 2.3415612e+01 2.3347008e+01 2.3259486e+01 2.3171352e+01 2.3104710e+01 2.3033151e+01 2.2988129e+01 2.2960171e+01 2.2905874e+01 2.2954636e+01 2.2759765e+01 2.2617215e+01 2.2188727e+01 2.2192131e+01 2.1965781e+01 2.1766194e+01 2.1574480e+01 2.1392581e+01 2.1214979e+01 2.1028620e+01 2.0886255e+01 2.0736755e+01 2.0571269e+01
