ahotovec/data/depth_0008.asc
ncols     164
nrows     146
xllcorner -1.242151388888889e+02
yllcorner  4.172986111111111e+01
cellsize  2.777777777820000e-04
nodata_value       -9999
[rows 110 to 131 of 146, columns 0 to 49 of 164]
2.0654383e+01 2.0687031e+01 1.9991791e+01 2.0240122e+01 1.9933673e+01 1.9794941e+01 1.9657888e+01 1.9132777e+01 1.8851141e+01 1.8502647e+01 1.8339206e+01 1.8418219e+01 1.8256320e+01 1.7160238e+01 1.8058769e+01 1.8206274e+01 1.7507046e+01 1.6805225e+01 1.6959935e+01 1.6915383e+01 1.6800558e+01 1.5490002e+01 1.4877610e+01 1.5239011e+01 1.5287856e+01 1.5011700e+01 1.4918238e+01 1.4284174e+01 1.4513961e+01 1.4063691e+01 1.3549676e+01 1.2920023e+01 1.2781431e+01 1.2382758e+01 1.1723811e+01 1.1295687e+01 1.1013633e+01 1.0186783e+01 9.8033475e+00 8.8161426e+00 5.1369990e+00 5.2027677e+00 9.3552316e+00 9.5896187e+00 9.6217320e+00 9.9163508e+00 1.0208451e+01 9.9259883e+00 9.7004550e+00 9.2555051e+00
2.0629118e+01 2.0556956e+01 2.0434158e+01 2.0404620e+01 2.0105227e+01 1.9390238e+01 1.9173488e+01 1.9328592e+01 1.9145036e+01 1.8864958e+01 1.8723531e+01 1.8659923e+01 1.8468070e+01 1.7868301e+01 1.8812308e+01 1.8889612e+01 1.8236783e+01 1.8269245e+01 1.7872442e+01 1.7598031e+01 1.7046995e+01 1.5721649e+01 1.6059956e+01 1.6373169e+01 1.6192413e+01 1.5753243e+01 1.5473762e+01 1.5091339e+01 1.4834466e+01 1.4819164e+01 1.4735483e+01 1.3623752e+01 1.3446229e+01 1.2919910e+01 1.2447671e+01 1.1788630e+01 1.1316872e+01 1.1087031e+01 1.0311231e+01 1.0480208e+01 1.0269496e+01 9.5140599e+00 9.6516892e+00 9.7407960e+00 9.9250391e+00 1.0736744e+01 1.1121151e+01 1.0659648e+01 1.0333071e+01 9.8068101e+00
2.0687459e+01 2.0566143e+01 2.0528169e+01 2.0320288e+01 2.0303658e+01 2.0088274e+01 1.9864628e+01 1.9636032e+01 1.9457519e+01 1.9225685e+01 1.9101299e+01 1.9049208e+01 1.9090850e+01 1.9119823e+01 1.9071488e+01 1.9064507e+01 1.8717639e+01 1.8519110e+01 1.7876191e+01 1.7730890e+01 1.6931702e+01 1.7518935e+01 1.7623775e+01 1.7446469e+01 1.6985977e+01 1.6634155e+01 1.6398546e+01 1.5848194e+01 1.5322888e+01 1.4992777e+01 1.4863386e+01 1.4825808e+01 1.4175330e+01 1.2993971e+01 1.2619461e+01 1.2416197e+01 1.1378232e+01 1.0508977e+01 9.9432891e+00 1.0512190e+01 1.0315384e+01 9.6674543e+00 9.5731881e+00 9.9304101e+00 1.0621533e+01 1.1656176e+01 1.1550268e+01 1.0263161e+01 9.3584248e+00 9.5060864e+00
2.0840408e+01 2.0716466e+01 2.0636141e+01 2.0596021e+01 2.0405490e+01 2.0201364e+01 2.0040824e+01 1.9887349e+01 1.9750918e+01 1.9644608e+01 1.9536380e+01 1.9517636e+01 1.9475647e+01 1.9403964e+01 1.9276685e+01 1.9236164e+01 1.9004037e+01 1.8673782e+01 1.8549544e+01 1.8548710e+01 1.8623800e+01 1.8501502e+01 1.8187151e+01 1.7866651e+01 1.7643892e+01 1.7333026e+01 1.6221103e+01 1.4760804e+01 1.6059904e+01 1.5499215e+01 1.5078614e+01 1.4899206e+01 1.4041458e+01 1.3964032e+01 1.3775941e+01 1.2730265e+01 1.1501001e+01 1.0130978e+01 9.1029194e+00 9.1826971e+00 9.4490493e+00 8.8096411e+00 8.6084554e+00 9.8908151e+00 1.1545171e+01 1.2008988e+01 1.2086158e+01 1.1883993e+01 1.1324357e+01 1.2058750e+01
2.0949004e+01 2.0847354e+01 2.0755252e+01 2.0669792e+01 2.0542317e+01 2.0397336e+01 2.0288624e+01 2.0209760e+01 2.0166914e+01 2.0087978e+01 1.9923124e+01 1.9861197e+01 1.8407236e+01 1.6994917e+01 1.9832510e+01 1.9360341e+01 1.9128251e+01 1.9048404e+01 1.8971133e+01 1.8922746e+01 1.9006988e+01 1.8873045e+01 1.8603236e+01 1.8322088e+01 1.8102489e+01 1.7860702e+01 1.7438651e+01 1.7059535e+01 1.7035099e+01 1.5590333e+01 1.5683207e+01 1.4417324e+01 1.4565505e+01 1.4041275e+01 1.4082526e+01 1.0708705e+01 1.1013014e+01 9.8241954e+00 6.2598028e+00 9.9157510e+00 1.0040378e+01 9.7413049e+00 8.7687286e+00 1.1023287e+01 1.2360981e+01 1.2612074e+01 1.1730325e+01 1.2672782e+01 1.2727315e+01 1.2724073e+01
2.1089541e+01 2.0993053e+01 2.0910410e+01 2.0799566e+01 2.0721261e+01 2.0628052e+01 2.0536681e+01 2.0452108e+01 1.9942585e+01 1.4567302e+01 2.0099839e+01 2.0163033e+01 2.0177689e+01 1.9969928e+01 1.9992231e+01 1.9740126e+01 1.9531446e+01 1.9425841e+01 1.9394575e+01 1.9464365e+01 1.9557408e+01 1.9476729e+01 1.9257611e+01 1.8694257e+01 1.8675651e+01 1.8090777e+01 1.8361633e+01 1.8351141e+01 1.8202402e+01 1.7005225e+01 1.6514773e+01 1.4234689e+01 1.4962208e+01 1.5848209e+01 1.4308031e+01 9.6474721e+00 8.9638959e+00 1.0380693e+01 1.1149493e+01 1.0206205e+01 1.0508893e+01 1.0964507e+01 1.1682277e+01 1.2590395e+01 1.2513207e+01 1.3328932e+01 1.2836588e+01 1.3164954e+01 1.3168373e+01 1.3351886e+01
2.1223137e+01 2.1153770e+01 2.1079047e+01 2.0977427e+01 2.0894744e+01 2.0823880e+01 2.0758737e+01 2.0666125e+01 2.0479774e+01 1.8126225e+01 2.0370306e+01 2.0488914e+01 2.0331988e+01 2.0191905e+01 2.0036924e+01 1.9906641e+01 1.9801840e+01 1.9713284e+01 1.9643805e+01 1.9828825e+01 1.8903686e+01 1.9660524e+01 1.9453930e+01 1.9219331e+01 1.8768858e+01 1.8782503e+01 1.7959712e+01 1.8740167e+01 1.8665462e+01 1.8493068e+01 1.7336541e+01 1.7184294e+01 1.6964164e+01 1.6477621e+01 1.5671908e+01 1.1720077e+01 1.1344902e+01 1.0479113e+01 1.0717107e+01 1.1316523e+01 1.1597404e+01 1.1798645e+01 1.2401339e+01 1.3095375e+01 1.3081788e+01 1.3587879e+01 1.3785658e+01 1.3530265e+01 1.3757866e+01 1.3961922e+01
2.1396311e+01 2.1304549e+01 2.1233954e+01 2.1130285e+01 2.1047718e+01 2.0976250e+01 2.0922138e+01 2.0885026e+01 2.0862411e+01 2.0851897e+01 2.0728949e+01 2.0589777e+01 2.0466875e+01 2.0336063e+01 2.0195120e+01 2.0075059e+01 2.0004762e+01 1.9785048e+01 1.9760091e+01 1.9968014e+01 1.9765534e+01 2.0181609e+01 1.9845274e+01 1.9909818e+01 1.9217117e+01 1.9003420e+01 1.6379804e+01 1.8117076e+01 1.8886614e+01 1.8462593e+01 1.7719007e+01 1.6546542e+01 1.7399615e+01 1.6388228e+01 1.6042366e+01 1.5509724e+01 1.5645843e+01 1.3802014e+01 1.2145337e+01 1.2507392e+01 1.2052976e+01 1.2174522e+01 1.3338273e+01 1.3465850e+01 1.3657606e+01 1.4399014e+01 1.4443497e+01 1.4343370e+01 1.4273453e+01 1.4343656e+01
2.1641021e+01 2.1548806e+01 2.1441076e+01 2.1335202e+01 2.1205068e+01 2.1146219e+01 2.1045358e+01 2.1034211e+01 2.0971143e+01 2.0903477e+01 2.0813517e+01 2.0720301e+01 2.0594207e+01 2.0489576e+01 2.0380350e+01 2.0259432e+01 2.0177011e+01 2.0094472e+01 2.0033064e+01 1.9993893e+01 2.0028687e+01 2.0006557e+01 1.9891088e+01 1.9788896e+01 1.9615056e+01 1.9635056e+01 1.8638593e+01 1.9013919e+01 1.9497693e+01 1.9048016e+01 1.8528148e+01 1.8168816e+01 1.8126946e+01 1.7180316e+01 1.5787109e+01 1.5724460e+01 1.5349254e+01 1.4633973e+01 1.4646505e+01 1.3931190e+01 1.3053811e+01 1.3563676e+01 1.4201678e+01 1.4316906e+01 1.4484220e+01 1.4562589e+01 1.3928101e+01 1.4795081e+01 1.4700574e+01 1.4808249e+01
2.1800547e+01 2.1702928e+01 2.1617610e+01 2.1538612e+01 2.1469321e+01 2.1349447e+01 2.1254557e+01 2.1184439e+01 2.1098449e+01 2.1022684e+01 2.0916528e+01 2.0843853e+01 2.0769885e+01 2.0653917e+01 2.0544029e+01 2.0433132e+01 2.0333163e+01 2.0248687e+01 2.0177620e+01 2.0103219e+01 2.0054884e+01 2.0083563e+01 2.0203044e+01 1.9709722e+01 1.9696632e+01 1.9780264e+01 1.9901228e+01 2.0004069e+01 1.9736681e+01 1.9360756e+01 1.9028294e+01 1.8473306e+01 1.8448360e+01 1.8455101e+01 1.6186982e+01 1.6511037e+01 1.6519229e+01 1.5465196e+01 1.5212187e+01 1.4987006e+01 1.3989986e+01 1.3443884e+01 1.5134529e+01 1.4829677e+01 1.4887671e+01 1.5573058e+01 1.5742034e+01 1.5171712e+01 1.5055930e+01 1.5022440e+01
2.1971289e+01 2.1898716e+01 2.1815573e+01 2.1726922e+01 2.1623544e+01 2.1503531e+01 2.1430838e+01 2.1385114e+01 2.1322361e+01 2.1266768e+01 2.1125572e+01 2.0974933e+01 2.0889579e+01 2.0828275e+01 2.0726320e+01 2.0633710e+01 2.0534588e+01 2.0427886e+01 2.0315560e+01 2.0180792e+01 2.0206332e+01 2.0172594e+01 2.0186921e+01 2.0220746e+01 2.0029784e+01 1.9487482e+01 1.7787284e+01 1.6879187e+01 1.9798100e+01 1.9289894e+01 1.9517729e+01 1.9378940e+01 1.9150304e+01 1.7478295e+01 1.8102473e+01 1.7120785e+01 1.5924895e+01 1.5484753e+01 1.3654719e+01 1.3220160e+01 1.4329325e+01 1.4352717e+01 1.5896839e+01 1.4881603e+01 1.4514728e+01 1.5804772e+01 1.5852181e+01 1.5644246e+01 1.5443056e+01 1.5339314e+01
2.2181290e+01 2.2079154e+01 2.1999900e+01 2.1911746e+01 2.1834725e+01 2.1752936e+01 2.1642293e+01 2.1552399e+01 2.1483729e+01 2.1471994e+01 2.1406491e+01 2.1222506e+01 2.1090549e+01 2.0984337e+01 2.0913700e+01 2.0832133e+01 2.0747589e+01 2.0640184e+01 2.0497010e+01 2.0363305e+01 2.0390962e+01 2.0341207e+01 2.0306733e+01 2.0289481e+01 2.0222272e+01 2.0187589e+01 2.0243724e+01 1.9377352e+01 1.9587682e+01 2.0205466e+01 1.9792542e+01 1.9672962e+01 1.9244622e+01 1.8548586e+01 1.8916098e+01 1.7152119e+01 1.5735821e+01 1.5764082e+01 1.5287676e+01 1.3740588e+01 1.0856660e+01 1.0235608e+01 1.5590582e+01 1.6467457e+01 1.5301987e+01 1.6435625e+01 1.6082978e+01 1.5895361e+01 1.5779585e+01 1.5683446e+01
2.2378664e+01 2.2295258e+01 2.2219784e+01 2.2128525e+01 2.2017468e+01 2.1913842e+01 2.1809016e+01 2.1734266e+01 2.1682351e+01 2.1593148e+01 2.1479967e+01 2.1395970e+01 2.1308268e+01 2.1195966e+01 2.1087416e+01 2.0995691e+01 2.0908287e+01 2.0823293e+01 2.0732700e+01 2.0626999e+01 2.0557345e+01 2.0498054e+01 2.0464190e+01 2.0408648e+01 2.0285820e+01 2.0500878e+01 2.0622559e+01 2.0240327e+01 2.0792893e+01 2.0295144e+01 2.0028711e+01 1.9950903e+01 1.9523265e+01 1.8432289e+01 1.8659010e+01 1.7241395e+01 1.5957304e+01 1.6284092e+01 1.4478377e+01 1.2570905e+01 1.1486161e+01 9.4597901e+00 1.5574204e+01 1.7694374e+01 1.6438906e+01 1.6708901e+01 1.6398623e+01 1.6223057e+01 1.6138102e+01 1.6092059e+01
2.2533793e+01 2.2469779e+01 2.2401371e+01 2.2343071e+01 2.2249855e+01 2.2129312e+01 2.2022893e+01 2.1913428e+01 2.1840123e+01 2.1753103e+01 2.1664158e+01 2.1581495e+01 2.1483904e+01 2.1387314e+01 2.1296937e+01 2.1212160e+01 2.1135004e+01 2.1030728e+01 2.0939854e+01 2.0846007e+01 2.0754870e+01 2.0688583e+01 2.0642783e+01 2.0621126e+01 2.0641374e+01 2.0637340e+01 2.0406399e+01 2.0093229e+01 2.0501103e+01 2.0516058e+01 2.0170728e+01 2.0079422e+01 1.9767543e+01 2.0035113e+01 1.9396567e+01 1.8799469e+01 1.7613512e+01 1.5446112e+01 1.4127650e+01 1.1408423e+01 9.5584640e+00 1.2242946e+01 1.7420013e+01 1.7703650e+01 1.7180160e+01 1.6870491e+01 1.6696847e+01 1.6557502e+01 1.6459531e+01 1.6406081e+01
2.2765582e+01 2.2667508e+01 2.2591675e+01 2.2502633e+01 2.2430209e+01 2.2327760e+01 2.2240990e+01 2.2145404e+01 2.2048759e+01 2.1955111e+01 2.1855712e+01 2.1786309e+01 2.1680701e+01 2.1592359e+01 2.1487186e+01 2.1420778e+01 2.1339545e+01 2.1254045e+01 2.1165670e+01 2.1029057e+01 2.0930413e+01 2.0893116e+01 2.0852786e+01 2.0801849e+01 2.0774218e+01 2.0782823e+01 2.0889592e+01 2.0938885e+01 2.0987898e+01 2.0787588e+01 2.0413153e+01 2.0252888e+01 2.0042487e+01 2.0318849e+01 2.0311301e+01 1.9262776e+01 1.8101280e+01 1.7617999e+01 1.6765701e+01 1.3769175e+01 1.4683220e+01 1.5741717e+01 1.8173107e+01 1.7744001e+01 1.7402363e+01 1.7176472e+01 1.7047880e+01 1.6885137e+01 1.6757413e+01 1.6622982e+01
2.3012767e+01 2.2878490e+01 2.2812359e+01 2.2704612e+01 2.2621230e+01 2.2518457e+01 2.2417958e+01 2.2330099e+01 2.2236555e+01 2.2148296e+01 2.2057124e+01 2.2011087e+01 2.1912647e+01 2.1803732e+01 2.1682190e+01 2.1603572e+01 2.1522369e+01 2.1447758e+01 2.1333811e+01 2.1221238e+01 2.1152140e+01 2.1102869e+01 2.1054245e+01 2.0980378e+01 2.0932806e+01 2.0925969e+01 2.0945138e+01 2.0967927e+01 2.1001641e+01 2.0964707e+01 2.0158734e+01 2.0499649e+01 2.0459165e+01 2.0416836e+01 2.0334487e+01 1.9861729e+01 1.8938646e+01 1.7936565e+01 1.8498476e+01 1.8977778e+01 1.7536422e+01 1.8294063e+01 1.8374686e+01 1.8040516e+01 1.7756021e+01 1.7523269e+01 1.7347223e+01 1.7182358e+01 1.7047139e+01 1.6897854e+01
2.3237454e+01 2.3087755e+01 2.3014475e+01 2.2914466e+01 2.2855178e+01 2.2784495e+01 2.2645199e+01 2.2531828e+01 2.2413021e+01 2.2321149e+01 2.2223958e+01 2.2188135e+01 2.2123756e+01 2.2019689e+01 2.1904677e+01 2.1801683e+01 2.1707944e+01 2.1596909e+01 2.1498836e+01 2.1438463e+01 2.1371925e+01 2.1295282e+01 2.1223661e+01 2.1168037e+01 2.1110662e+01 2.1062768e+01 2.1018566e+01 2.0986804e+01 2.0976578e+01 2.0926427e+01 2.0795770e+01 2.0670026e+01 2.0566578e+01 2.0499707e+01 2.0433928e+01 2.0308342e+01 2.0439061e+01 2.0172263e+01 2.0033664e+01 1.9628665e+01 1.9468417e+01 1.9126647e+01 1.8735097e+01 1.8400666e+01 1.8132123e+01 1.7903277e+01 1.7695669e+01 1.7514873e+01 1.7367348e+01 1.7220136e+01
2.3452255e+01 2.3326465e+01 2.3184568e+01 2.3136995e+01 2.3040531e+01 2.3011080e+01 2.2921433e+01 2.2746882e+01 2.2634484e+01 2.2505492e+01 2.2400010e+01 2.2331506e+01 2.2278562e+01 2.2201036e+01 2.2113673e+01 2.2007393e+01 2.1912626e+01 2.1808136e+01 2.1731151e+01 2.1637609e+01 2.1557314e+01 2.1480703e+01 2.1394755e+01 2.1333017e+01 2.1270098e+01 2.1213043e+01 2.1139933e+01 2.1093774e+01 2.1030899e+01 2.0952884e+01 2.0841439e+01 2.0758978e+01 2.0697489e+01 2.0642191e+01 2.0574100e+01 2.0522579e+01 2.0516388e+01 2.0360094e+01 2.0201316e+01 1.9961718e+01 1.9639945e+01 1.9284244e+01 1.9003322e+01 1.8749473e+01 1.8503934e+01 1.8266947e+01 1.8040756e+01 1.7848777e+01 1.7679224e+01 1.7537147e+01
2.3638949e+01 2.3555805e+01 2.3393540e+01 2.3316770e+01 2.3239030e+01 2.3168401e+01 2.3146869e+01 2.2992106e+01 2.2831167e+01 2.2718973e+01 2.2583504e+01 2.2530579e+01 2.2452091e+01 2.2359150e+01 2.2273219e+01 2.2190619e+01 2.2083669e+01 2.2013911e+01 2.1940935e+01 2.1859227e+01 2.1763337e+01 2.1671297e+01 2.1573728e+01 2.1483993e+01 2.1414644e+01 2.1348826e+01 2.1287980e+01 2.1220287e+01 2.1134366e+01 2.1042644e+01 2.0940426e+01 2.0847849e+01 2.0787092e+01 2.0776889e+01 2.0633899e+01 2.0621116e+01 2.0469210e+01 2.0385807e+01 2.0178938e+01 1.9936422e+01 1.9890741e+01 1.9505728e+01 1.9216693e+01 1.8988660e+01 1.8771892e+01 1.8567097e+01 1.8364474e+01 1.8154000e+01 1.7987971e+01 1.7836757e+01
2.3804112e+01 2.3766227e+01 2.3622819e+01 2.3497236e+01 2.3457319e+01 2.3349881e+01 2.3307912e+01 2.3234327e+01 2.3065166e+01 2.2947569e+01 2.2843697e+01 2.2753350e+01 2.2632250e+01 2.2560199e+01 2.2461624e+01 2.2332864e+01 2.2254612e+01 2.2171822e+01 2.2092699e+01 2.2015716e+01 2.1941782e+01 2.1854062e+01 2.1771335e+01 2.1674093e+01 2.1582143e+01 2.1501372e+01 2.1433475e+01 2.1353448e+01 2.1261543e+01 2.1169907e+01 2.1083760e+01 2.0977965e+01 2.0897485e+01 2.0881489e+01 2.0869476e+01 2.0209921e+01 2.0660704e+01 2.0464202e+01 2.0249053e+01 2.0119523e+01 1.9940893e+01 1.9697023e+01 1.9425180e+01 1.9209246e+01 1.8991762e+01 1.8787213e+01 1.8590306e+01 1.8423801e+01 1.8279990e+01 1.8160266e+01
2.3976718e+01 2.3951544e+01 2.3877357e+01 2.3712268e+01 2.3620022e+01 2.3554798e+01 2.3469127e+01 2.3446688e+01 2.3322223e+01 2.3165297e+01 2.3062973e+01 2.2981737e+01 2.2876931e+01 2.2722895e+01 2.2603640e+01 2.2514823e+01 2.2412443e+01 2.2339803e+01 2.2238509e+01 2.2152677e+01 2.2081089e+01 2.1994630e+01 2.1929122e+01 2.1864229e+01 2.1768956e+01 2.1680427e+01 2.1595331e+01 2.1504598e+01 2.1408555e+01 2.1294032e+01 2.1210226e+01 2.1114184e+01 2.1033349e+01 2.0971358e+01 2.0958623e+01 2.1007032e+01 2.0980801e+01 2.0682297e+01 2.0424375e+01 2.0246297e+01 2.0092993e+01 1.9835286e+01 1.9606862e+01 1.9419451e+01 1.9223034e+01 1.9012713e+01 1.8808679e+01 1.8634649e+01 1.8474829e+01 1.8211582e+01
2.4167331e+01 2.4128099e+01 2.4085348e+01 2.3966176e+01 2.3815045e+01 2.3765259e+01 2.3651464e+01 2.3624643e+01 2.3565513e+01 2.3391251e+01 2.3261678e+01 2.3175643e+01 2.3118789e+01 2.2952045e+01 2.2806710e+01 2.2708024e+01 2.2607928e+01 2.2510413e+01 2.2406474e+01 2.2288946e+01 2.2233649e+01 2.2136269e+01 2.2058141e+01 2.1981908e+01 2.1916546e+01 2.1837034e+01 2.1768509e+01 2.1680791e+01 2.1582843e+01 2.1467658e+01 2.1354432e+01 2.1265838e+01 2.1175469e+01 2.1114636e+01 2.1073421e+01 2.1007866e+01 2.1046651e+01 2.0842470e+01 2.0690696e+01 2.0252721e+01 2.0245339e+01 2.0009613e+01 1.9799014e+01 1.9594823e+01 1.9397105e+01 1.9201244e+01 1.8995072e+01 1.8829415e+01 1.8653805e+01 1.8460887e+01
