ahotovec/data/depth_0031.asc
ncols     164
nrows     146
xllcorner -1.242151388888889e+02
yllcorner  4.172986111111111e+01
cellsize  2.777777777820000e-04
nodata_value       -9999
[rows 88 to 109 of 146, columns 0 to 49 of 164]
1.0948130e+01 1.1012947e+01 1.0938177e+01 1.0545111e+01 1.0465225e+01 1.0706994e+01 1.0308004e+01 1.0232100e+01 1.0079166e+01 9.9068609e+00 9.6939757e+00 9.4941988e+00 9.3060291e+00 9.1034413e+00 8.8719375e+00 8.6296509e+00 8.3537981e+00 7.9625310e+00 7.3721311e+00 6.7528468e+00 5.9290706e+00 5.0754963e+00 4.4042819e+00 3.9020515e+00 3.4084986e+00 3.0482455e+00 2.6645363e+00 5.3784261e-01 1.7062910e-01 3.7364237e+00 3.8698605e+00 4.0710284e+00 3.7604692e+00 3.2136245e+00 3.4674714e+00 3.4551710e+00 3.4766708e+00 3.4816326e+00 3.4338336e+00 3.4004859e+00 3.4748441e+00 2.9729937e+00 2.7409140e+00 1.7958331e+00 4.1138990e+00 3.9384647e+00 3.3175997e+00 1.0584727e+00 1.0058186e-03 4.8653899e-03
1.1335304e+01 1.0848781e+01 1.0683862e+01 1.0465468e+01 1.0499746e+01 1.0697206e+01 1.0548761e+01 1.0445858e+01 1.0266631e+01 1.0078825e+01 9.8370960e+00 9.6333792e+00 9.4189714e+00 9.1841752e+00 8.9134769e+00 8.5942433e+00 8.2424111e+00 7.7504259e+00 7.0576297e+00 6.4403145e+00 5.6924392e+00 4.9515070e+00 4.3552905e+00 3.9140942e+00 3.4778756e+00 3.2164851e+00 3.0098680e+00 2.7822293e+00 1.6012896e+00 3.7400322e+00 3.7715365e+00 3.8558093e+00 3.8526190e+00 3.5993712e+00 3.4958728e+00 3.4931826e+00 3.4929956e+00 3.4583066e+00 3.4154709e+00 3.3809769e+00 3.4873823e+00 3.7132573e+00 3.6066293e+00 3.5758709e+00 3.6314422e+00 3.8583414e+00 3.7695789e+00 2.3788661e+00 2.2236323e-01 1.1379142e-01
1.1565922e+01 1.1005884e+01 1.0581568e+01 1.0376483e+01 1.0740078e+01 1.0801835e+01 1.0763216e+01 1.0666602e+01 1.0447456e+01 1.0220635e+01 9.9773270e+00 9.7670918e+00 9.5346456e+00 9.2868227e+00 8.9646195e+00 8.5857594e+00 8.1367466e+00 7.5614318e+00 6.7667736e+00 6.1220667e+00 5.3811126e+00 4.7085385e+00 4.2061145e+00 3.8442571e+00 3.4913290e+00 3.3058413e+00 3.3538677e+00 3.5361748e+00 3.6105435e+00 3.7227177e+00 3.8394561e+00 3.9066656e+00 3.8414565e+00 3.6991708e+00 3.6286867e+00 3.5699241e+00 3.5103400e+00 3.4482084e+00 3.3949755e+00 3.3558232e+00 3.4267639e+00 3.5506595e+00 3.4874673e+00 3.3533351e+00 3.5399816e+00 3.5994637e+00 3.6966246e+00 3.5354622e+00 2.0795648e+00 2.6020612e+00
1.1433730e+01 1.1086636e+01 1.0812216e+01 1.0758375e+01 1.0873267e+01 1.1057151e+01 1.1093015e+01 1.0975777e+01 1.0669816e+01 1.0345481e+01 1.0116127e+01 9.9026343e+00 9.6991367e+00 9.4294086e+00 9.0712120e+00 8.6160139e+00 8.0741561e+00 7.4065319e+00 6.5254735e+00 5.8101566e+00 5.0579937e+00 4.4038518e+00 3.9178563e+00 3.6780257e+00 3.4481191e+00 3.3599361e+00 3.4180535e+00 3.5681353e+00 3.7183832e+00 3.8395194e+00 3.9199487e+00 3.9638709e+00 3.9276970e+00 3.8054141e+00 3.6837237e+00 3.5772605e+00 3.4970082e+00 3.4138593e+00 3.3661061e+00 3.3052801e+00 3.3268799e+00 3.4493455e+00 3.8332599e+00 4.0476892e+00 3.3944947e+00 2.9953654e+00 1.8892278e+00 2.3654984e+00 3.7588356e+00 3.7585587e+00
1.1597473e+01 1.1552709e+01 1.1455752e+01 1.1374297e+01 1.1322202e+01 1.1392470e+01 1.1160234e+01 1.1070159e+01 1.0824245e+01 1.0715085e+01 1.0337012e+01 1.0246288e+01 9.9862333e+00 9.6604909e+00 9.2412269e+00 8.7018712e+00 8.0747751e+00 7.2913669e+00 6.3151745e+00 5.4789153e+00 4.6814033e+00 4.0039781e+00 3.5617052e+00 3.4431676e+00 3.3650628e+00 3.3798998e+00 3.4615687e+00 3.5526939e+00 3.7331410e+00 3.9046485e+00 4.0156173e+00 4.0820078e+00 4.0486657e+00 3.9126232e+00 3.7694628e+00 3.5817975e+00 3.4475239e+00 3.3452365e+00 3.2812740e+00 3.2100940e+00 3.1738708e+00 3.0829852e+00 2.1479646e+00 9.4145683e-04 6.0729591e-03 9.0708775e-04 8.7134453e-04 1.4833326e+00 2.9919513e+00 3.7461606e+00
1.2494315e+01 1.2421254e+01 1.2304094e+01 1.2156520e+01 1.2030176e+01 1.1908939e+01 1.1943214e+01 1.1788210e+01 1.1141809e+01 1.0861294e+01 1.1120551e+01 1.0809241e+01 1.0627893e+01 1.0012266e+01 9.4731949e+00 8.8245531e+00 8.1349366e+00 7.2423245e+00 6.1242610e+00 5.1533660e+00 4.2313788e+00 3.5169758e+00 3.1895751e+00 3.1928051e+00 3.1498948e+00 3.0433253e+00 3.1721802e+00 3.5312285e+00 3.7254573e+00 3.9266318e+00 4.1046876e+00 4.2054796e+00 4.1738457e+00 4.0190546e+00 3.8118576e+00 3.5470344e+00 3.3534218e+00 3.2592699e+00 3.2519414e+00 3.1666771e+00 3.1389279e+00 1.3820350e+00 0.0000000e+00 0.0000000e+00 0.0000000e+00 0.0000000e+00 0.0000000e+00 1.6210800e+00 3.7298127e+00 3.5576062e+00
1.3570194e+01 1.3386356e+01 1.3185591e+01 1.2994608e+01 1.2813826e+01 1.2663927e+01 1.2734695e+01 1.2518673e+01 1.2192984e+01 1.2022564e+01 1.1910257e+01 1.1806855e+01 1.1149835e+01 1.0411922e+01 9.6737374e+00 8.9513581e+00 8.2066719e+00 7.2229636e+00 6.0001406e+00 4.9082195e+00 3.8619815e+00 3.0235277e+00 2.8726207e+00 3.0522257e+00 2.7133285e+00 2.0667053e+00 2.4288722e+00 3.4630921e+00 3.7123913e+00 3.9619199e+00 4.2019118e+00 4.3453470e+00 4.3128871e+00 4.1181738e+00 3.8261797e+00 3.4875069e+00 3.2030207e+00 3.1678968e+00 3.2204888e+00 2.9944572e+00 3.2121636e+00 1.8699951e+00 7.2686686e-04 0.0000000e+00 0.0000000e+00 0.0000000e+00 9.9029497e-04 1.8630147e+00 3.7931730e+00 3.6484616e+00
1.4376143e+01 1.4162699e+01 1.3946970e+01 1.3764241e+01 1.3616351e+01 1.3504877e+01 1.3400841e+01 1.3307299e+01 1.3106364e+01 1.2654147e+01 1.1255707e+01 1.1653614e+01 1.1246001e+01 1.0626647e+01 9.9004318e+00 9.1590827e+00 8.4354047e+00 7.4768508e+00 6.0838194e+00 4.7914746e+00 3.4920366e+00 1.7660990e+00 1.8230050e+00 1.8335073e+00 2.4560153e+00 2.4860282e+00 2.6305977e+00 2.8663147e+00 3.6669451e+00 4.2337478e+00 4.5992630e+00 4.8077115e+00 4.7993933e+00 4.5401453e+00 4.1508004e+00 3.5679638e+00 2.9823482e+00 2.8869444e+00 1.9883409e+00 1.8033182e+00 3.1073833e+00 2.3759751e+00 7.9485918e-04 9.5977383e-04 8.9437024e-04 5.8653413e-01 1.2627906e+00 3.3420609e+00 3.5190141e+00 3.5969385e+00
1.5074054e+01 1.4916493e+01 1.4780301e+01 1.4709120e+01 1.4565871e+01 1.4398334e+01 1.4312529e+01 1.3811264e+01 1.2541738e+01 1.1705665e+01 1.1017683e+01 1.1068716e+01 1.0871269e+01 1.0440470e+01 9.9562866e+00 9.3572994e+00 8.7234783e+00 7.8454553e+00 6.4156124e+00 4.9403950e+00 3.3117559e+00 2.1605559e+00 5.5667783e-01 6.1788951e-01 2.5468294e+00 2.8554470e+00 2.9066294e+00 2.9436695e+00 4.0013059e+00 4.7190558e+00 5.1545516e+00 5.3862414e+00 5.3947818e+00 5.0875214e+00 4.6201066e+00 3.9429455e+00 3.1091978e+00 2.6882452e+00 2.8844338e+00 3.0249784e+00 3.1228278e+00 2.9309341e+00 2.6415854e+00 2.7277974e+00 1.7837502e+00 1.4391682e+00 2.2823589e+00 2.4682725e+00 3.6339924e+00 3.6749392e+00
1.5660486e+01 1.5930196e+01 1.5705627e+01 1.5278163e+01 1.4934746e+01 1.5071761e+01 1.4579113e+01 1.4469501e+01 1.2420541e+01 1.0897506e+01 1.0924383e+01 1.0818564e+01 1.0529738e+01 1.0327053e+01 1.0034110e+01 9.5938360e+00 9.1470521e+00 8.5132797e+00 7.1762864e+00 5.6878280e+00 3.5854826e+00 2.2638637e+00 1.7585573e+00 1.5377256e+00 1.7068467e+00 3.2764711e+00 3.9210668e+00 4.3316204e+00 4.9220704e+00 5.5001885e+00 5.9138441e+00 6.1506311e+00 6.1536288e+00 5.8743475e+00 5.4486829e+00 4.8224683e+00 4.0853509e+00 3.5678395e+00 3.6454764e+00 3.6914413e+00 3.5560377e+00 3.3501213e+00 3.2259895e+00 3.0009299e+00 2.2816590e+00 1.6782279e+00 2.3445522e+00 3.2197516e+00 3.6195829e+00 3.7218336e+00
1.6820407e+01 1.6956770e+01 1.6081792e+01 1.6000942e+01 1.5043917e+01 1.5390151e+01 1.4849535e+01 1.2500976e+01 1.0955730e+01 1.1239258e+01 1.0948421e+01 1.0637588e+01 1.0469110e+01 1.0395220e+01 1.0185126e+01 9.8301482e+00 9.6290954e+00 9.5440103e+00 8.6114370e+00 7.5912646e+00 6.0886481e+00 3.6056297e+00 2.2340499e+00 2.3288467e+00 2.6448477e+00 4.3163228e+00 5.3713501e+00 5.8346866e+00 6.2399913e+00 6.6355280e+00 6.9461270e+00 7.1131658e+00 7.1014403e+00 6.8667742e+00 6.5282734e+00 6.0395703e+00 5.4755200e+00 5.0370069e+00 4.7903171e+00 4.5774917e+00 4.3432628e+00 3.9628558e+00 3.5111193e+00 3.0434434e+00 2.4541081e+00 2.4210496e+00 2.9886740e+00 3.4264122e+00 3.6947979e+00 3.8329482e+00
1.7114799e+01 1.7665355e+01 1.7224315e+01 1.6580597e+01 1.6450182e+01 1.5091919e+01 1.3534318e+01 8.7735203e+00 9.2743431e+00 9.4538689e+00 1.0637160e+01 1.1188154e+01 1.0534663e+01 1.0581377e+01 1.0529919e+01 1.0170838e+01 9.7585895e+00 1.0384378e+01 1.0628579e+01 1.0014332e+01 9.5886931e+00 7.4973072e+00 5.9905848e+00 6.3532380e+00 6.9909073e+00 7.8116555e+00 7.6674551e+00 7.5025431e+00 7.6100349e+00 7.8577921e+00 8.0833086e+00 8.1824853e+00 8.1632981e+00 7.9890396e+00 7.7102976e+00 7.3307302e+00 6.8163798e+00 6.6244880e+00 6.4278385e+00 5.7734440e+00 5.2160744e+00 4.7656411e+00 4.2854442e+00 3.7400276e+00 3.1681063e+00 2.9689547e+00 3.2946415e+00 3.6468094e+00 3.8994852e+00 3.9930316e+00
1.7223471e+01 1.5817600e+01 1.7570068e+01 1.7062492e+01 1.6837450e+01 1.5971098e+01 1.2161583e+01 1.0099578e+01 7.3484580e+00 6.4067993e+00 9.2986793e+00 1.1490758e+01 1.0428307e+01 1.0673620e+01 1.1027647e+01 1.0966374e+01 1.0052221e+01 1.0921161e+01 1.2053220e+01 1.2183468e+01 1.1310487e+01 1.0842606e+01 9.9843008e+00 1.0229571e+01 1.0715212e+01 1.1169492e+01 9.6906108e+00 8.7180745e+00 8.6266227e+00 8.8286554e+00 9.0075097e+00 9.0525727e+00 9.0190095e+00 8.9158918e+00 8.7242008e+00 8.3919841e+00 8.1049402e+00 6.9620015e+00 7.4923800e+00 6.8588591e+00 6.0554130e+00 5.5024302e+00 4.9820099e+00 4.4717757e+00 3.9703893e+00 3.7085570e+00 3.8204161e+00 4.0095319e+00 4.1361505e+00 4.1798118e+00
1.8473557e+01 1.7503508e+01 1.7886252e+01 1.7022747e+01 1.6885308e+01 1.6007933e+01 1.4136275e+01 1.3140074e+01 1.0697011e+01 1.1949061e+01 1.2582950e+01 1.2712021e+01 1.1980526e+01 1.1943725e+01 1.1779181e+01 1.1849014e+01 1.2443107e+01 1.2602495e+01 1.2685855e+01 1.1639445e+01 1.1741179e+01 1.2097169e+01 1.2091645e+01 1.1841144e+01 1.2051491e+01 1.1583103e+01 9.8142967e+00 9.3780805e+00 9.8207818e+00 1.0041356e+01 1.0124871e+01 1.0022703e+01 9.9631776e+00 9.9610421e+00 9.8239553e+00 9.6066034e+00 9.6742836e+00 5.5883942e+00 1.9085701e+00 6.9448148e+00 7.4089275e+00 6.5910907e+00 5.9152175e+00 5.3509578e+00 4.8749307e+00 4.5440647e+00 4.7669662e+00 4.5849183e+00 4.4867120e+00 4.4508285e+00
1.8486021e+01 1.7906389e+01 1.7006806e+01 1.7394757e+01 1.7162495e+01 1.6462581e+01 1.6871028e+01 1.4966276e+01 1.4589922e+01 1.4424445e+01 1.2759566e+01 9.3016735e+00 1.3648023e+01 1.3321167e+01 1.2780444e+01 1.3165696e+01 1.3353750e+01 1.3287384e+01 1.3181972e+01 1.2821277e+01 1.2589415e+01 1.1931625e+01 1.2019233e+01 1.1385004e+01 1.2475396e+01 1.2481976e+01 1.0884584e+01 1.0443363e+01 1.0975886e+01 1.1191270e+01 1.1427601e+01 1.1174517e+01 1.1031389e+01 1.1392071e+01 1.1485049e+01 1.1155182e+01 1.1438656e+01 9.5452923e+00 8.4462956e+00 8.3495637e+00 2.8171419e+00 2.7782753e+00 6.8967838e+00 6.7583513e+00 6.2702326e+00 4.7707598e+00 1.9581154e+00 4.4950574e+00 5.2815430e+00 4.9953090e+00
1.8323559e+01 1.7874583e+01 1.7029536e+01 1.8079720e+01 1.7696734e+01 1.7077170e+01 1.5963077e+01 1.5007746e+01 1.5522030e+01 1.2684812e+01 1.3525087e+01 1.0184459e+01 1.3256285e+01 1.4383074e+01 1.4018546e+01 1.3849244e+01 1.3715938e+01 1.3728115e+01 1.3308361e+01 1.3018218e+01 1.2875258e+01 1.2524057e+01 1.2397058e+01 1.0995390e+01 1.2106480e+01 1.2378519e+01 1.2528004e+01 1.1785259e+01 1.2340038e+01 1.1785707e+01 1.1662797e+01 1.1578747e+01 1.1428844e+01 1.1685229e+01 1.2145611e+01 1.1531769e+01 1.1682696e+01 1.1979006e+01 1.1160785e+01 9.9648483e+00 6.9978138e+00 6.4613635e+00 7.7984261e+00 7.3911852e+00 7.0945923e+00 5.6566336e+00 1.9470848e+00 4.7428587e+00 5.8021776e+00 5.4061982e+00
1.9029222e+01 1.8164006e+01 1.8421836e+01 1.8461082e+01 1.5279232e+01 1.7670775e+01 1.6387256e+01 1.5793454e+01 1.5806080e+01 1.4015686e+01 1.4777150e+01 1.3954117e+01 1.4113538e+01 1.5204818e+01 1.4528089e+01 1.4289146e+01 1.4258086e+01 1.4314477e+01 1.4042352e+01 1.3420376e+01 1.3175592e+01 1.2911521e+01 1.2659265e+01 1.2171433e+01 1.2723392e+01 1.2623962e+01 1.2515366e+01 1.2333320e+01 1.2493580e+01 1.2026441e+01 1.1848741e+01 1.1522235e+01 1.1108968e+01 1.1569070e+01 1.0754757e+01 1.1633242e+01 1.1692766e+01 1.1696348e+01 1.1128510e+01 1.0452407e+01 9.9137995e+00 9.2547136e+00 8.5182927e+00 7.9856489e+00 7.6485600e+00 7.2483448e+00 6.4467419e+00 6.5027503e+00 6.2190056e+00 5.8847530e+00
1.9277991e+01 1.9028323e+01 1.8705414e+01 1.8058393e+01 1.6928319e+01 1.7642655e+01 1.6947679e+01 1.6404675e+01 1.6242003e+01 1.5900723e+01 1.5992939e+01 1.5967777e+01 1.5707906e+01 1.5574540e+01 1.5115866e+01 1.4959918e+01 1.4475942e+01 1.3457082e+01 1.3623136e+01 1.4270694e+01 1.3654028e+01 1.3310500e+01 1.3301581e+01 1.3046497e+01 1.3005514e+01 1.2215450e+01 1.1844944e+01 1.2459018e+01 1.2768377e+01 1.2146128e+01 1.1882099e+01 1.1888038e+01 1.0775757e+01 1.0458052e+01 1.1649008e+01 1.1936683e+01 1.1913120e+01 1.1612628e+01 1.1208133e+01 1.0717387e+01 1.0123164e+01 9.5282311e+00 9.0458946e+00 8.6355349e+00 8.2547468e+00 7.9769817e+00 7.6917529e+00 7.3035516e+00 6.8179217e+00 6.4456531e+00
1.8972488e+01 1.8844269e+01 1.8100746e+01 1.8109157e+01 1.8114767e+01 1.7480054e+01 1.7981418e+01 1.7469395e+01 1.7167310e+01 1.7119690e+01 1.6768529e+01 1.6360921e+01 1.6011774e+01 1.6033258e+01 1.5603744e+01 1.5047819e+01 1.4035567e+01 1.2952841e+01 1.3981197e+01 1.4804853e+01 1.4258533e+01 1.4004296e+01 1.3906528e+01 1.3455506e+01 1.3270147e+01 1.2517908e+01 1.2683744e+01 1.2829686e+01 1.2247684e+01 1.2529433e+01 1.1443042e+01 1.0493178e+01 1.0271701e+01 9.8151340e+00 1.0488997e+01 1.1329213e+01 1.1193609e+01 1.1055409e+01 1.1245479e+01 1.1187130e+01 1.0461341e+01 9.9397201e+00 9.5098653e+00 9.1324057e+00 8.8149681e+00 8.5544597e+00 8.2723832e+00 7.9583724e+00 7.4854095e+00 7.0140768e+00
1.8362005e+01 1.8337042e+01 1.8688776e+01 1.8318224e+01 1.8203309e+01 1.8190501e+01 1.8064104e+01 1.7948984e+01 1.7798660e+01 1.7534584e+01 1.7152697e+01 1.6553680e+01 1.6439942e+01 1.5857833e+01 1.5570049e+01 1.6092614e+01 1.5275582e+01 1.4839309e+01 1.5336919e+01 1.5246279e+01 1.4855790e+01 1.4523644e+01 1.4235229e+01 1.3997045e+01 1.3662020e+01 1.3431335e+01 1.2353259e+01 1.3276535e+01 1.3634373e+01 1.2152476e+01 1.2266536e+01 1.1765686e+01 1.1150206e+01 1.1071512e+01 1.0801314e+01 1.0995031e+01 1.0342733e+01 9.3656535e+00 1.1427309e+01 1.1435493e+01 1.0872079e+01 1.0415622e+01 9.8808491e+00 9.5147728e+00 9.3033685e+00 9.1126776e+00 8.9170548e+00 8.6455986e+00 8.2019260e+00 7.7036908e+00
1.9442240e+01 1.9333401e+01 1.9011818e+01 1.8592686e+01 1.8405809e+01 1.7884862e+01 1.7955414e+01 1.8035765e+01 1.7971002e+01 1.7749322e+01 1.7403967e+01 1.7036612e+01 1.6812563e+01 1.6451678e+01 1.6261432e+01 1.6320668e+01 1.6235434e+01 1.6042325e+01 1.6316758e+01 1.5847910e+01 1.5357352e+01 1.5062364e+01 1.4928130e+01 1.4613332e+01 1.4438456e+01 1.4303305e+01 1.3868549e+01 1.3365275e+01 1.2931055e+01 1.0215319e+01 1.0925098e+01 1.1291901e+01 1.1437038e+01 1.1814820e+01 1.1377480e+01 1.0865970e+01 1.0754291e+01 1.0658560e+01 1.0190977e+01 1.0708765e+01 9.7858097e+00 9.4081688e+00 9.8462232e+00 9.9208440e+00 9.7566521e+00 9.6615785e+00 9.5504750e+00 9.3433729e+00 8.9259150e+00 8.4564319e+00
1.8721848e+01 1.9405377e+01 1.9272289e+01 1.8947079e+01 1.8761993e+01 1.8703908e+01 1.8548800e+01 1.8369315e+01 1.7989857e+01 1.7777458e+01 1.7605324e+01 1.7497204e+01 1.7609439e+01 1.7095837e+01 1.6108570e+01 1.6727744e+01 1.6613910e+01 1.5913817e+01 1.6330159e+01 1.6414272e+01 1.6009369e+01 1.5979547e+01 1.5380185e+01 1.5187010e+01 1.4765686e+01 1.4546205e+01 1.4695611e+01 1.4602345e+01 1.4237197e+01 1.2014821e+01 1.3099081e+01 1.3013004e+01 1.2460570e+01 1.2070704e+01 1.1764793e+01 1.1311444e+01 1.1001659e+01 1.0343307e+01 1.0104330e+01 8.4995591e+00 2.1550568e+00 2.9036801e+00 9.3011267e+00 1.0429454e+01 1.0157799e+01 1.0160306e+01 1.0097393e+01 9.9329260e+00 9.5616790e+00 9.1004206e+00
