ahotovec/data/depth_0050.asc
ncols     164
nrows     146
xllcorner -1.242151388888889e+02
yllcorner  4.172986111111111e+01
cellsize  2.777777777820000e-04
nodata_value       -9999
[rows 66 to 87 of 146, columns 0 to 49 of 164]
9.9420028e-03 8.5727094e-03 3.8477431e-03 2.8377619e-03 8.9694585e-04 0.0000000e+00 0.0000000e+00 0.0000000e+00 0.0000000e+00 0.0000000e+00 0.0000000e+00 0.0000000e+00 0.0000000e+00 0.0000000e+00 0.0000000e+00 0.0000000e+00 0.0000000e+00 0.0000000e+00 0.0000000e+00 0.0000000e+00 0.0000000e+00 0.0000000e+00 0.0000000e+00 0.0000000e+00 0.0000000e+00 0.0000000e+00 0.0000000e+00 0.0000000e+00 0.0000000e+00 0.0000000e+00 0.0000000e+00 0.0000000e+00 0.0000000e+00 0.0000000e+00 0.0000000e+00 0.0000000e+00 0.0000000e+00 0.0000000e+00 0.0000000e+00 0.0000000e+00 0.0000000e+00 0.0000000e+00 0.0000000e+00 0.0000000e+00 0.0000000e+00 0.0000000e+00 0.0000000e+00 0.0000000e+00 0.0000000e+00 0.0000000e+00
9.9249489e-03 8.5349987e-03 1.4302067e-02 9.9437684e-04 8.4281328e-04 8.9680224e-04 7.8601789e-04 0.0000000e+00 0.0000000e+00 0.0000000e+00 0.0000000e+00 0.0000000e+00 0.0000000e+00 0.0000000e+00 0.0000000e+00 0.0000000e+00 0.0000000e+00 0.0000000e+00 0.0000000e+00 0.0000000e+00 0.0000000e+00 0.0000000e+00 0.0000000e+00 0.0000000e+00 0.0000000e+00 0.0000000e+00 0.0000000e+00 0.0000000e+00 0.0000000e+00 0.0000000e+00 0.0000000e+00 0.0000000e+00 0.0000000e+00 0.0000000e+00 0.0000000e+00 0.0000000e+00 0.0000000e+00 0.0000000e+00 0.0000000e+00 0.0000000e+00 0.0000000e+00 0.0000000e+00 0.0000000e+00 0.0000000e+00 0.0000000e+00 0.0000000e+00 0.0000000e+00 0.0000000e+00 0.0000000e+00 0.0000000e+00
7.4711954e-03 1.0517484e-02 1.3683994e-03 2.7093283e-01 6.2069744e-01 3.3613698e-01 8.4276534e-04 9.6850984e-04 8.4144253e-04 0.0000000e+00 0.0000000e+00 0.0000000e+00 0.0000000e+00 0.0000000e+00 0.0000000e+00 0.0000000e+00 0.0000000e+00 0.0000000e+00 0.0000000e+00 0.0000000e+00 0.0000000e+00 0.0000000e+00 0.0000000e+00 0.0000000e+00 0.0000000e+00 0.0000000e+00 0.0000000e+00 0.0000000e+00 0.0000000e+00 0.0000000e+00 0.0000000e+00 0.0000000e+00 0.0000000e+00 0.0000000e+00 0.0000000e+00 0.0000000e+00 0.0000000e+00 0.0000000e+00 0.0000000e+00 0.0000000e+00 0.0000000e+00 0.0000000e+00 0.0000000e+00 0.0000000e+00 0.0000000e+00 0.0000000e+00 0.0000000e+00 0.0000000e+00 0.0000000e+00 0.0000000e+00
8.5486092e-03 1.9576985e-03 1.8337803e+00 2.1674813e+00 2.2282047e+00 2.2936793e+00 1.7913376e+00 8.3922712e-01 1.6452711e-02 9.8228283e-04 7.2537456e-04 7.5009878e-04 0.0000000e+00 0.0000000e+00 0.0000000e+00 0.0000000e+00 0.0000000e+00 0.0000000e+00 0.0000000e+00 0.0000000e+00 0.0000000e+00 0.0000000e+00 0.0000000e+00 0.0000000e+00 0.0000000e+00 0.0000000e+00 0.0000000e+00 0.0000000e+00 0.0000000e+00 0.0000000e+00 0.0000000e+00 0.0000000e+00 0.0000000e+00 0.0000000e+00 0.0000000e+00 0.0000000e+00 0.0000000e+00 0.0000000e+00 0.0000000e+00 0.0000000e+00 0.0000000e+00 0.0000000e+00 0.0000000e+00 0.0000000e+00 0.0000000e+00 0.0000000e+00 0.0000000e+00 0.0000000e+00 0.0000000e+00 0.0000000e+00
1.0090867e-03 2.1068054e+00 2.3247505e+00 2.4418967e+00 2.4932471e+00 2.4237256e+00 1.9972218e+00 1.6097083e+00 2.3178008e+00 1.7484349e+00 1.5071335e-02 8.3310293e-04 0.0000000e+00 0.0000000e+00 0.0000000e+00 0.0000000e+00 0.0000000e+00 0.0000000e+00 0.0000000e+00 0.0000000e+00 0.0000000e+00 0.0000000e+00 0.0000000e+00 0.0000000e+00 0.0000000e+00 0.0000000e+00 0.0000000e+00 0.0000000e+00 0.0000000e+00 0.0000000e+00 0.0000000e+00 0.0000000e+00 0.0000000e+00 0.0000000e+00 0.0000000e+00 0.0000000e+00 0.0000000e+00 0.0000000e+00 0.0000000e+00 0.0000000e+00 0.0000000e+00 0.0000000e+00 0.0000000e+00 0.0000000e+00 0.0000000e+00 0.0000000e+00 0.0000000e+00 0.0000000e+00 0.0000000e+00 0.0000000e+00
1.7853196e+00 1.8153428e-01 1.3308165e+00 2.3335253e+00 2.5061188e+00 1.1739888e+00 1.6127821e+00 1.7542112e+00 2.5614449e+00 1.9240183e+00 8.1674675e-04 5.8395253e-04 0.0000000e+00 0.0000000e+00 0.0000000e+00 0.0000000e+00 0.0000000e+00 0.0000000e+00 0.0000000e+00 0.0000000e+00 0.0000000e+00 0.0000000e+00 0.0000000e+00 0.0000000e+00 0.0000000e+00 0.0000000e+00 0.0000000e+00 0.0000000e+00 0.0000000e+00 0.0000000e+00 0.0000000e+00 0.0000000e+00 0.0000000e+00 0.0000000e+00 0.0000000e+00 0.0000000e+00 0.0000000e+00 0.0000000e+00 0.0000000e+00 0.0000000e+00 0.0000000e+00 0.0000000e+00 0.0000000e+00 0.0000000e+00 0.0000000e+00 0.0000000e+00 0.0000000e+00 0.0000000e+00 0.0000000e+00 0.0000000e+00
2.0548190e+00 7.3119018e-01 1.6299278e+00 1.4643493e+00 2.5327480e+00 2.6402066e+00 2.5630512e+00 2.5533580e+00 2.5628009e+00 1.6680153e+00 6.4393940e-04 8.7839071e-04 0.0000000e+00 0.0000000e+00 0.0000000e+00 0.0000000e+00 0.0000000e+00 0.0000000e+00 0.0000000e+00 0.0000000e+00 0.0000000e+00 0.0000000e+00 0.0000000e+00 0.0000000e+00 0.0000000e+00 0.0000000e+00 0.0000000e+00 0.0000000e+00 0.0000000e+00 0.0000000e+00 0.0000000e+00 0.0000000e+00 0.0000000e+00 0.0000000e+00 0.0000000e+00 0.0000000e+00 0.0000000e+00 0.0000000e+00 0.0000000e+00 0.0000000e+00 0.0000000e+00 0.0000000e+00 0.0000000e+00 0.0000000e+00 0.0000000e+00 9.9969551e-04 0.0000000e+00 0.0000000e+00 9.9632269e-04 9.9975429e-04
2.3211021e+00 2.1071698e+00 2.2931979e+00 2.2216762e+00 2.5358328e+00 2.6139327e+00 2.6484426e+00 2.6800880e+00 2.4530603e+00 9.0274067e-01 8.9254730e-02 9.8041073e-04 9.3484948e-04 9.8696260e-04 2.9742119e-02 2.3647207e-02 9.1972814e-04 9.9493217e-04 8.5397743e-04 9.2954551e-04 9.5040976e-04 9.8524701e-04 0.0000000e+00 0.0000000e+00 0.0000000e+00 0.0000000e+00 0.0000000e+00 0.0000000e+00 0.0000000e+00 0.0000000e+00 0.0000000e+00 0.0000000e+00 0.0000000e+00 0.0000000e+00 0.0000000e+00 0.0000000e+00 0.0000000e+00 0.0000000e+00 0.0000000e+00 0.0000000e+00 0.0000000e+00 0.0000000e+00 0.0000000e+00 0.0000000e+00 9.9979242e-04 9.9688757e-04 9.9848744e-04 9.8613259e-04 9.9756050e-04 9.9947222e-04
3.1534208e+00 2.4335047e+00 2.3135355e+00 2.3760093e+00 2.5485126e+00 2.7479756e+00 2.8634959e+00 2.9110235e+00 2.8022663e+00 2.4894024e+00 2.2144825e+00 2.0808404e+00 2.0123724e+00 2.1041673e+00 2.2990797e+00 2.1492825e+00 2.1669692e+00 2.1464371e+00 1.8546164e+00 1.4782029e+00 1.0287867e+00 9.8678847e-03 9.4970256e-04 9.0270135e-04 9.5463979e-04 9.0063514e-04 0.0000000e+00 0.0000000e+00 0.0000000e+00 0.0000000e+00 0.0000000e+00 0.0000000e+00 0.0000000e+00 0.0000000e+00 0.0000000e+00 0.0000000e+00 0.0000000e+00 0.0000000e+00 0.0000000e+00 0.0000000e+00 0.0000000e+00 0.0000000e+00 0.0000000e+00 9.9482613e-04 9.9870596e-04 9.9754497e-04 8.2805208e-03 9.9626943e-04 9.9319418e-04 9.9898683e-04
4.1952584e+00 2.9277430e+00 2.1766965e+00 2.3648624e+00 2.6770791e+00 3.0276219e+00 3.2451183e+00 3.3007026e+00 3.2534358e+00 3.1306524e+00 2.9451285e+00 2.8382542e+00 2.7436739e+00 2.6941757e+00 2.3124641e+00 1.4348659e+00 2.3069715e+00 2.5222069e+00 2.4584858e+00 2.3260967e+00 2.3560444e+00 1.9813678e+00 1.8660058e+00 1.1647874e+00 1.8301478e+00 7.1880803e-04 9.9565774e-04 0.0000000e+00 0.0000000e+00 0.0000000e+00 0.0000000e+00 0.0000000e+00 0.0000000e+00 0.0000000e+00 0.0000000e+00 0.0000000e+00 0.0000000e+00 0.0000000e+00 0.0000000e+00 0.0000000e+00 0.0000000e+00 0.0000000e+00 3.7113552e-06 9.9419864e-04 9.9747937e-04 9.8366817e-04 7.1629200e-04 9.9998853e-04 9.8924549e-04 9.6259031e-04
5.3747533e+00 3.4460704e+00 2.1216971e+00 1.6201807e+00 2.3199309e+00 3.6552840e+00 3.8724658e+00 3.9154701e+00 3.8252294e+00 3.6192010e+00 3.3274473e+00 3.0513374e+00 2.8163246e+00 2.6421781e+00 1.8427554e+00 1.2813544e+00 1.8075305e+00 2.3487148e+00 1.8836806e+00 1.9560465e+00 2.0570967e+00 1.6587965e+00 2.1990829e+00 2.1320058e+00 2.2308998e+00 2.1675739e+00 8.6428021e-01 8.2701752e-04 9.5092692e-04 0.0000000e+00 0.0000000e+00 0.0000000e+00 0.0000000e+00 0.0000000e+00 0.0000000e+00 0.0000000e+00 0.0000000e+00 0.0000000e+00 0.0000000e+00 0.0000000e+00 0.0000000e+00 0.0000000e+00 9.7540778e-04 9.9240860e-04 9.7476642e-04 8.4804774e-04 9.8666792e-04 9.7298308e-04 1.7660643e-02 9.8646664e-04
7.5513758e+00 4.9582341e+00 2.6510520e+00 1.9829447e+00 3.5336836e+00 4.6082927e+00 4.7269661e+00 4.7174643e+00 4.5541506e+00 4.2512550e+00 3.8575729e+00 3.4193281e+00 3.0240062e+00 2.7561318e+00 2.3625627e+00 1.8149959e+00 2.4134176e+00 2.5641156e+00 2.3218602e+00 2.1397822e+00 2.4028977e+00 2.1417805e+00 2.2109193e+00 2.1521590e+00 2.2418623e+00 2.4393204e+00 1.2156714e+00 1.5924925e+00 4.6871672e-02 8.6951792e-04 8.3663426e-04 0.0000000e+00 0.0000000e+00 0.0000000e+00 0.0000000e+00 0.0000000e+00 0.0000000e+00 0.0000000e+00 0.0000000e+00 9.9876021e-04 9.9952697e-04 0.0000000e+00 9.8455479e-04 9.6162352e-04 2.9005470e-01 2.6448070e-01 2.3255115e-01 1.7435075e-01 3.5856382e-01 3.0095486e-01
9.4277500e+00 7.5976893e+00 6.7064083e+00 5.1352440e+00 5.7688601e+00 5.6568714e+00 5.6147941e+00 5.4916361e+00 5.2091866e+00 4.8254328e+00 4.2976968e+00 3.7145943e+00 3.1652598e+00 2.8110295e+00 2.4421270e+00 1.6789280e+00 2.4692650e+00 2.5351725e+00 2.9093017e+00 2.6905977e+00 2.1393341e+00 2.2117846e+00 1.6029032e+00 2.0559542e+00 1.7574714e+00 1.3774602e+00 1.9992092e+00 2.1934665e+00 2.3609985e+00 9.3770896e-01 6.8104154e-04 8.1798794e-04 0.0000000e+00 0.0000000e+00 0.0000000e+00 0.0000000e+00 9.9959158e-04 9.9884596e-04 9.9882070e-04 9.9586693e-04 9.9996703e-04 9.8721785e-04 9.8211491e-04 9.8165058e-04 4.1937954e-01 5.3278394e-01 4.0435603e-01 3.2026271e-01 4.9697210e-01 4.9849911e-01
9.9832459e+00 9.3135080e+00 9.2530567e+00 7.7290012e+00 8.0121632e+00 7.1202891e+00 6.7656258e+00 6.4929358e+00 6.1250376e+00 5.6192200e+00 4.8671201e+00 4.0493071e+00 3.3083733e+00 2.6701423e+00 2.2304123e+00 2.1168621e+00 2.2463423e+00 2.3691832e+00 2.9549217e+00 2.3284974e+00 1.5645838e+00 2.3159554e+00 2.3570187e+00 2.3941610e+00 2.1249112e+00 2.2824821e+00 2.1537899e+00 2.0540127e+00 2.1023169e+00 2.5541962e+00 1.4981891e+00 7.8296015e-04 8.1763206e-04 9.4286185e-04 8.8507855e-04 9.9044681e-04 9.7103878e-04 9.9921124e-04 9.9876747e-04 9.9614498e-04 9.9603983e-04 9.9413583e-04 2.6019381e-02 5.6908975e-02 1.5693144e-01 2.5335921e-01 5.2849937e-01 4.1092624e-01 7.0063267e-01 9.5725974e-01
1.0678578e+01 1.0444978e+01 1.0150717e+01 9.5845382e+00 9.1173592e+00 8.4786281e+00 8.0830522e+00 7.6935507e+00 7.4276011e+00 6.8879257e+00 5.6953320e+00 4.4215394e+00 3.5521196e+00 2.8564245e+00 2.3023655e+00 2.1751418e+00 2.0766074e+00 2.1452149e+00 1.6171232e-01 9.9388741e-01 2.4651552e+00 2.3282595e+00 2.5440622e+00 2.3759766e+00 1.2953078e+00 2.0890888e+00 2.3874725e+00 2.0932577e+00 2.1282651e+00 1.1182199e+00 2.5088420e+00 2.5195047e+00 1.8107260e+00 9.5580017e-04 9.2824110e-04 9.5303444e-04 9.5064136e-04 9.8569964e-04 9.7633673e-04 3.2704450e-03 1.4559301e-03 7.7281634e-02 2.6670587e-02 9.6186256e-04 4.5302117e-03 9.9312141e-04 9.4709900e-04 1.7113818e-01 5.3654617e-01 4.3549545e-01
1.0659844e+01 1.0562899e+01 1.0367238e+01 9.9556802e+00 9.5146118e+00 8.9830875e+00 8.5775091e+00 8.4403640e+00 8.3501210e+00 7.8921142e+00 6.4674016e+00 4.6648691e+00 3.9117387e+00 3.3525398e+00 2.4113222e+00 1.4461560e+00 2.2949821e+00 2.2733133e+00 2.3688156e+00 2.4231455e+00 2.6388986e+00 2.4652106e+00 2.6552808e+00 2.2273357e+00 0.0000000e+00 1.2188590e+00 2.5051056e+00 2.2437011e+00 2.2513560e+00 2.3892879e+00 2.5091719e+00 2.7076423e+00 2.7473681e+00 2.4280389e+00 2.2829346e+00 1.6339808e+00 7.2900828e-01 7.9394388e-04 8.7158630e-04 1.2483512e-03 1.1583033e-03 9.9375183e-04 1.3154350e-02 9.9746780e-04 9.8989610e-04 9.8123988e-04 9.4210249e-04 8.7964982e-04 2.0827642e-02 8.5414022e-02
1.0504687e+01 1.0356404e+01 1.0233775e+01 9.9703466e+00 9.6622261e+00 9.2956601e+00 9.0054948e+00 8.8260191e+00 8.6441380e+00 8.1816851e+00 6.9807213e+00 4.9842338e+00 4.8585906e+00 4.6525465e+00 3.0641655e+00 2.5929997e+00 3.0766711e+00 3.2342700e+00 3.4150319e+00 3.2369799e+00 2.9781208e+00 2.7393303e+00 2.6066509e+00 2.4621006e+00 3.2273593e-01 2.0071471e+00 1.7764774e+00 2.5148978e+00 2.5163084e+00 2.3347386e+00 1.8239805e+00 2.6014757e+00 2.6908037e+00 2.7493630e+00 2.7791256e+00 2.7937110e+00 2.4012915e+00 1.9589216e+00 2.0392556e+00 9.2358902e-02 9.5102595e-04 9.7708189e-04 9.9759112e-04 9.9950060e-04 9.9814541e-04 9.9857304e-04 9.9817081e-04 9.6829180e-04 9.8314220e-04 5.0902910e-03
1.0422326e+01 1.0098900e+01 1.0045865e+01 9.9729486e+00 9.7585999e+00 9.5060342e+00 9.2409385e+00 9.0620799e+00 8.8167089e+00 8.3648325e+00 7.4241114e+00 6.4919610e+00 6.9163446e+00 7.5066449e+00 5.9973384e+00 5.0105754e+00 4.9205146e+00 4.7934379e+00 4.4618515e+00 4.1042646e+00 3.6184089e+00 3.0430120e+00 2.5232499e+00 2.1615340e+00 2.1366506e+00 2.4708915e+00 1.7474676e+00 2.5927899e+00 2.5126124e+00 1.6890438e+00 2.2881744e+00 2.6432125e+00 2.6058826e+00 2.5487017e+00 2.4616700e+00 2.3675459e+00 2.2568789e+00 2.4744596e+00 2.6301086e+00 1.8596002e+00 1.8115013e+00 7.4890310e-04 8.6193336e-04 9.9836578e-04 9.9774880e-04 9.9925733e-04 9.9879861e-04 9.9866229e-04 9.9866510e-04 9.9620669e-04
1.0426989e+01 9.9252738e+00 1.0084795e+01 1.0039397e+01 9.8153404e+00 9.6326406e+00 9.4294416e+00 9.2473550e+00 8.9960031e+00 8.6381078e+00 8.1205452e+00 7.7598462e+00 7.9875845e+00 8.0797608e+00 7.2060173e+00 6.8219619e+00 6.7718617e+00 6.3559080e+00 5.7991732e+00 5.0544174e+00 4.2939743e+00 3.5438591e+00 2.8495662e+00 2.4017829e+00 2.2554991e+00 2.5706788e+00 1.8380841e+00 1.9944747e+00 2.2229100e+00 2.1224205e+00 2.4421843e+00 2.4917294e+00 2.4849355e+00 2.4238959e+00 2.3479200e+00 2.2464574e+00 2.2238118e+00 2.3862976e+00 2.6461811e+00 2.3985515e+00 1.8733964e+00 1.4020813e+00 5.3844225e-03 8.1416309e-04 0.0000000e+00 0.0000000e+00 9.9749328e-04 9.9946624e-04 9.9946535e-04 9.9999585e-04
1.0495202e+01 1.0070160e+01 9.9286079e+00 9.9222269e+00 9.9909857e+00 9.7403160e+00 9.6122047e+00 9.4150944e+00 9.1768669e+00 8.9109752e+00 8.5957343e+00 8.3943926e+00 8.3793761e+00 8.2411814e+00 7.7584994e+00 7.5679085e+00 7.5886865e+00 7.2621698e+00 6.8431697e+00 6.0389832e+00 5.0944412e+00 4.0325235e+00 3.3091254e+00 2.7368604e+00 1.6162623e+00 2.2188865e+00 2.1665630e+00 1.8427348e+00 1.3903507e+00 2.0531604e+00 2.3216704e+00 2.4167516e+00 2.4567319e+00 2.3511469e+00 2.2778153e+00 2.2540453e+00 2.2837822e+00 2.4135793e+00 2.6255692e+00 2.5945062e+00 2.1826749e+00 2.5414592e+00 1.7847245e+00 9.7971073e-04 0.0000000e+00 0.0000000e+00 8.6781785e-04 9.7570967e-04 0.0000000e+00 0.0000000e+00
1.0898982e+01 9.3526284e+00 9.8881842e+00 9.5666936e+00 1.0182480e+01 9.8097294e+00 9.7235480e+00 9.5513942e+00 9.3356821e+00 9.1095190e+00 8.8673136e+00 8.6914837e+00 8.5832763e+00 8.4362939e+00 8.1686994e+00 7.9785587e+00 7.8588336e+00 7.5858719e+00 7.1531854e+00 6.7901621e+00 5.8678510e+00 4.3901904e+00 3.6074774e+00 3.0025795e+00 2.2578509e+00 1.8274737e+00 1.9901792e+00 2.5235843e+00 2.1498594e+00 2.1815777e+00 2.3066924e+00 2.4275301e+00 2.5472369e+00 2.3232743e+00 2.2378543e+00 2.2371952e+00 2.2848984e+00 2.3977023e+00 2.5102265e+00 2.6170573e+00 2.5871875e+00 2.7540376e+00 1.7109850e+00 8.3726097e-04 8.8458379e-04 9.6315078e-04 9.1800652e-04 9.6592503e-04 9.9061204e-04 0.0000000e+00
1.1652998e+01 1.0976152e+01 1.0500806e+01 1.0051616e+01 1.0030414e+01 1.0052277e+01 9.8918295e+00 9.7993298e+00 9.6291131e+00 9.4237220e+00 9.1945744e+00 8.9988807e+00 8.8222639e+00 8.6070358e+00 8.3582148e+00 8.1343835e+00 7.9301054e+00 7.6343711e+00 7.1632210e+00 6.5049454e+00 5.5204961e+00 4.5861073e+00 3.8216618e+00 3.2921162e+00 2.6887274e+00 1.9520053e+00 2.4369558e+00 2.5703329e+00 2.6329150e+00 2.2962856e+00 2.3580297e+00 2.7551261e+00 1.1589749e+00 1.1079601e+00 2.2229350e+00 2.2045498e+00 2.2593346e+00 2.3324055e+00 2.3742715e+00 2.4142705e+00 2.4694378e+00 1.5500552e+00 2.9537837e-04 2.3034081e-01 1.5484650e+00 7.1748187e-01 8.1244535e-04 9.4762398e-04 8.6891114e-04 9.9040996e-04
