ahotovec/data/depth_0059.asc
ncols     164
nrows     146
xllcorner -1.242151388888889e+02
yllcorner  4.172986111111111e+01
cellsize  2.777777777820000e-04
nodata_value       -9999
[rows 44 to 65 of 146, columns 100 to 149 of 164]
4.0437923e-01 4.0604658e-01 4.4580306e-01 9.7636937e-01 1.3269673e+00 9.9502997e-01 7.9057723e-01 7.6118595e-01 4.8776391e-01 4.1578780e-01 4.1456113e-01 4.1442262e-01 4.1408519e-01 4.1507185e-01 4.1522496e-01 4.8136258e-01 9.0210370e-01 1.5456630e+00 1.3693580e+00 7.2825150e-01 4.4280745e-01 4.1056539e-01 3.2488517e-01 1.8738006e-01 4.7070120e-02 9.9898183e-04 9.9672615e-04 9.9897138e-04 9.9889220e-04 9.8782883e-04 9.6650632e-04 9.6981399e-04 9.5845263e-04 0.0000000e+00 0.0000000e+00 0.0000000e+00 0.0000000e+00 0.0000000e+00 0.0000000e+00 0.0000000e+00 0.0000000e+00 0.0000000e+00 0.0000000e+00 0.0000000e+00 0.0000000e+00 0.0000000e+00 0.0000000e+00 0.0000000e+00 0.0000000e+00 0.0000000e+00
3.9553314e-01 4.1234417e-01 8.5790219e-01 1.3900195e+00 8.1788182e-01 5.7229384e-01 5.9198980e-01 4.7921319e-01 4.0370933e-01 4.0263919e-01 4.0489016e-01 4.0606738e-01 4.0701832e-01 4.1117106e-01 4.2705327e-01 6.9471728e-01 1.3457052e+00 1.5650934e+00 9.0546440e-01 4.7780624e-01 4.1429747e-01 3.8613662e-01 2.4627487e-01 1.0618856e-01 9.7952534e-04 9.9842091e-04 9.9557851e-04 9.9979643e-04 9.9874694e-04 0.0000000e+00 0.0000000e+00 0.0000000e+00 0.0000000e+00 0.0000000e+00 0.0000000e+00 0.0000000e+00 0.0000000e+00 0.0000000e+00 0.0000000e+00 0.0000000e+00 0.0000000e+00 0.0000000e+00 0.0000000e+00 0.0000000e+00 0.0000000e+00 0.0000000e+00 0.0000000e+00 0.0000000e+00 0.0000000e+00 0.0000000e+00
4.0510138e-01 6.8125016e-01 1.3545278e+00 1.2548792e+00 5.7349698e-01 5.0340459e-01 4.5328361e-01 3.9832543e-01 3.9991063e-01 3.9754192e-01 3.9765288e-01 3.9717812e-01 4.0078943e-01 4.2555181e-01 5.9289227e-01 1.0735370e+00 1.6521292e+00 1.1805063e+00 5.8840977e-01 4.1403875e-01 4.1213273e-01 3.6117134e-01 2.2559068e-01 6.4982825e-02 9.8500328e-04 9.9858300e-04 9.9701155e-04 9.9779267e-04 9.9938701e-04 0.0000000e+00 0.0000000e+00 0.0000000e+00 0.0000000e+00 0.0000000e+00 0.0000000e+00 0.0000000e+00 0.0000000e+00 0.0000000e+00 0.0000000e+00 0.0000000e+00 0.0000000e+00 0.0000000e+00 0.0000000e+00 0.0000000e+00 0.0000000e+00 0.0000000e+00 0.0000000e+00 0.0000000e+00 0.0000000e+00 0.0000000e+00
8.4319545e-01 1.3912834e+00 1.4522264e+00 8.9326507e-01 5.2052710e-01 4.6329420e-01 3.9991459e-01 3.9316285e-01 3.9660027e-01 3.9407254e-01 3.9424401e-01 3.9518557e-01 4.6278425e-01 7.7896337e-01 1.2258085e+00 1.5885905e+00 1.3615963e+00 7.5751388e-01 4.4177663e-01 4.0805689e-01 4.1162663e-01 4.0191315e-01 3.1492645e-01 1.3953867e-01 9.9353305e-04 9.9855744e-04 9.9883112e-04 9.9912889e-04 9.9817111e-04 0.0000000e+00 0.0000000e+00 0.0000000e+00 0.0000000e+00 0.0000000e+00 0.0000000e+00 0.0000000e+00 0.0000000e+00 0.0000000e+00 0.0000000e+00 0.0000000e+00 0.0000000e+00 0.0000000e+00 0.0000000e+00 0.0000000e+00 0.0000000e+00 0.0000000e+00 0.0000000e+00 0.0000000e+00 0.0000000e+00 0.0000000e+00
1.3441486e+00 1.4686008e+00 1.0244172e+00 6.1112773e-01 5.2934041e-01 4.0535066e-01 3.8861350e-01 3.8904005e-01 3.8765736e-01 3.9001792e-01 3.9018238e-01 4.6910447e-01 7.8830085e-01 1.3601171e+00 1.5822477e+00 1.1038043e+00 7.3254727e-01 4.7448266e-01 4.0115774e-01 4.0028886e-01 4.0407070e-01 3.9055494e-01 3.4502623e-01 2.2707311e-01 8.5233530e-03 1.0263343e-03 9.9331094e-04 9.9688187e-04 9.9856510e-04 0.0000000e+00 0.0000000e+00 0.0000000e+00 0.0000000e+00 0.0000000e+00 0.0000000e+00 0.0000000e+00 0.0000000e+00 0.0000000e+00 0.0000000e+00 0.0000000e+00 0.0000000e+00 0.0000000e+00 0.0000000e+00 0.0000000e+00 0.0000000e+00 0.0000000e+00 0.0000000e+00 0.0000000e+00 0.0000000e+00 0.0000000e+00
1.2613118e+00 8.8348850e-01 5.6881739e-01 5.7946575e-01 5.3007382e-01 3.9631251e-01 3.8396343e-01 3.8490533e-01 3.8703900e-01 3.8493650e-01 4.4044227e-01 7.5020217e-01 1.3602053e+00 1.5696916e+00 1.0164074e+00 5.5939907e-01 4.1410604e-01 4.0285841e-01 3.9887342e-01 3.9932190e-01 3.9505863e-01 3.1156748e-01 1.8081349e-01 9.6126284e-02 9.9484884e-04 9.9847665e-04 9.9898333e-04 9.9936882e-04 0.0000000e+00 0.0000000e+00 0.0000000e+00 0.0000000e+00 0.0000000e+00 0.0000000e+00 0.0000000e+00 0.0000000e+00 0.0000000e+00 0.0000000e+00 0.0000000e+00 0.0000000e+00 0.0000000e+00 0.0000000e+00 0.0000000e+00 0.0000000e+00 0.0000000e+00 0.0000000e+00 0.0000000e+00 0.0000000e+00 0.0000000e+00 0.0000000e+00
5.2273240e-01 3.8952118e-01 4.5246038e-01 5.5475895e-01 5.7419203e-01 4.7421707e-01 3.8325222e-01 3.8043021e-01 3.8309095e-01 4.1674292e-01 6.9119223e-01 1.2772173e+00 1.5800827e+00 1.0315734e+00 5.4886054e-01 3.9976312e-01 3.9484368e-01 3.9954501e-01 3.9743054e-01 3.9814440e-01 4.0035943e-01 3.3688142e-01 1.7653567e-01 5.1765870e-03 9.9690124e-04 9.9833015e-04 9.9937962e-04 9.9545770e-04 2.2179379e-04 0.0000000e+00 0.0000000e+00 0.0000000e+00 0.0000000e+00 0.0000000e+00 0.0000000e+00 0.0000000e+00 0.0000000e+00 0.0000000e+00 0.0000000e+00 0.0000000e+00 0.0000000e+00 0.0000000e+00 0.0000000e+00 0.0000000e+00 0.0000000e+00 0.0000000e+00 0.0000000e+00 0.0000000e+00 0.0000000e+00 0.0000000e+00
3.7711226e-01 3.7593083e-01 3.8770521e-01 4.3583997e-01 4.7580065e-01 4.8374953e-01 3.9536944e-01 3.7463621e-01 3.9315648e-01 6.1442294e-01 1.1590499e+00 1.6191275e+00 1.0871296e+00 5.8904667e-01 3.9912324e-01 3.8891566e-01 3.9271235e-01 3.9705542e-01 3.9588270e-01 3.9620385e-01 3.8756771e-01 2.8601962e-01 1.5227608e-01 9.7613161e-04 9.9909599e-04 9.9779311e-04 9.9937202e-04 9.9888727e-04 9.9681786e-04 3.5961031e-04 0.0000000e+00 0.0000000e+00 0.0000000e+00 0.0000000e+00 0.0000000e+00 0.0000000e+00 0.0000000e+00 0.0000000e+00 0.0000000e+00 0.0000000e+00 0.0000000e+00 0.0000000e+00 0.0000000e+00 0.0000000e+00 0.0000000e+00 0.0000000e+00 0.0000000e+00 0.0000000e+00 0.0000000e+00 0.0000000e+00
3.6518804e-01 3.6482116e-01 3.6519219e-01 3.7147385e-01 3.7318904e-01 3.7805898e-01 3.6609215e-01 3.7197778e-01 5.2733884e-01 1.0565334e+00 1.6033740e+00 1.1944891e+00 6.2515652e-01 3.9337889e-01 3.8180875e-01 3.8549507e-01 3.8899686e-01 3.8505191e-01 3.6033500e-01 3.1347138e-01 2.4549978e-01 1.3847537e-01 1.1135783e-02 9.9721935e-04 9.9592681e-04 9.9791158e-04 9.9579817e-04 9.9737877e-04 9.9923649e-04 9.9896903e-04 4.3798407e-04 0.0000000e+00 0.0000000e+00 0.0000000e+00 0.0000000e+00 0.0000000e+00 0.0000000e+00 0.0000000e+00 0.0000000e+00 0.0000000e+00 0.0000000e+00 0.0000000e+00 0.0000000e+00 0.0000000e+00 0.0000000e+00 0.0000000e+00 0.0000000e+00 0.0000000e+00 0.0000000e+00 0.0000000e+00
3.5127706e-01 3.5201339e-01 3.5296323e-01 3.5771028e-01 3.5501168e-01 3.5242957e-01 3.6290298e-01 5.2854328e-01 9.5338443e-01 1.5583012e+00 1.3041203e+00 6.9075821e-01 3.9555514e-01 3.3552420e-01 3.1871321e-01 2.9496074e-01 2.6386485e-01 2.3130078e-01 1.6316943e-01 9.6457930e-02 2.0938922e-02 9.7423256e-04 9.8775415e-04 9.9957850e-04 9.9827059e-04 9.9876415e-04 9.9851285e-04 9.9883434e-04 9.9636413e-04 9.9933799e-04 9.9754849e-04 2.0593577e-05 3.6915611e-04 0.0000000e+00 0.0000000e+00 0.0000000e+00 0.0000000e+00 0.0000000e+00 0.0000000e+00 0.0000000e+00 0.0000000e+00 0.0000000e+00 0.0000000e+00 0.0000000e+00 0.0000000e+00 0.0000000e+00 0.0000000e+00 0.0000000e+00 0.0000000e+00 0.0000000e+00
3.3457036e-01 3.3675537e-01 3.3896642e-01 3.4138461e-01 3.4005578e-01 3.5137652e-01 5.5560482e-01 1.0757347e+00 1.5257265e+00 1.3887145e+00 7.8700480e-01 4.1725353e-01 2.7474954e-01 1.9799118e-01 1.3914403e-01 8.0717449e-02 2.9080719e-02 9.7383089e-04 9.9773499e-04 9.9535819e-04 9.9846501e-04 9.9694678e-04 9.9657927e-04 9.9959869e-04 9.9689663e-04 9.9913783e-04 9.9762452e-04 9.9953277e-04 9.9916865e-04 9.9605985e-04 9.9931214e-04 9.9927392e-04 9.9720736e-04 6.3052046e-04 2.5297531e-04 0.0000000e+00 0.0000000e+00 0.0000000e+00 0.0000000e+00 0.0000000e+00 0.0000000e+00 0.0000000e+00 0.0000000e+00 0.0000000e+00 0.0000000e+00 0.0000000e+00 0.0000000e+00 0.0000000e+00 0.0000000e+00 0.0000000e+00
3.1344508e-01 3.1796254e-01 3.2089574e-01 3.2441585e-01 3.5016371e-01 5.8749485e-01 1.1268826e+00 1.6287608e+00 1.5369751e+00 9.6304096e-01 4.6785206e-01 2.8525001e-01 1.8097238e-01 9.2250290e-02 9.0093778e-03 9.9009033e-04 9.9960241e-04 1.7303878e-03 2.1707718e-03 1.5170215e-03 9.9649504e-04 9.9807658e-04 9.9957076e-04 9.9943290e-04 9.9953651e-04 9.9958356e-04 9.9919993e-04 9.9968449e-04 9.9894563e-04 9.9901936e-04 9.9907078e-04 9.9734034e-04 9.9896841e-04 9.9772629e-04 9.9769818e-04 0.0000000e+00 0.0000000e+00 0.0000000e+00 0.0000000e+00 0.0000000e+00 0.0000000e+00 0.0000000e+00 0.0000000e+00 0.0000000e+00 0.0000000e+00 0.0000000e+00 0.0000000e+00 0.0000000e+00 0.0000000e+00 0.0000000e+00
2.9140411e-01 2.9723108e-01 3.0690767e-01 3.5416238e-01 6.1827904e-01 1.1406800e+00 1.6070081e+00 1.5134353e+00 9.7546134e-01 5.3190680e-01 3.5316519e-01 2.8199964e-01 2.0034028e-01 1.1404442e-01 1.4568355e-02 9.9842282e-04 9.9641901e-04 1.3125208e-03 1.6212100e-03 1.0189149e-03 9.9878165e-04 9.9886161e-04 9.9934434e-04 9.9974698e-04 9.9878679e-04 9.9865921e-04 9.9926074e-04 9.9891449e-04 9.9853649e-04 9.9974247e-04 9.9878197e-04 9.9848142e-04 9.9865896e-04 9.9924376e-04 9.9893915e-04 0.0000000e+00 0.0000000e+00 0.0000000e+00 0.0000000e+00 0.0000000e+00 0.0000000e+00 0.0000000e+00 0.0000000e+00 0.0000000e+00 0.0000000e+00 0.0000000e+00 0.0000000e+00 0.0000000e+00 0.0000000e+00 0.0000000e+00
6.1071036e-01 6.1963878e-01 6.6884289e-01 8.7154367e-01 1.2824073e+00 1.6148167e+00 1.4590378e+00 1.0042150e+00 6.2668714e-01 4.6008699e-01 3.9249333e-01 3.3668340e-01 2.8022855e-01 1.6345520e-01 4.9676634e-02 1.0028025e-03 2.2617118e-03 1.7984397e-03 9.9921125e-04 9.9939883e-04 9.9994486e-04 9.9888783e-04 9.9853007e-04 9.9855154e-04 9.9909076e-04 9.9932947e-04 9.9946553e-04 9.9987658e-04 9.9915822e-04 9.9961600e-04 9.9826264e-04 9.9929957e-04 9.9895086e-04 9.9874017e-04 9.9881575e-04 0.0000000e+00 0.0000000e+00 0.0000000e+00 0.0000000e+00 0.0000000e+00 0.0000000e+00 0.0000000e+00 0.0000000e+00 0.0000000e+00 0.0000000e+00 0.0000000e+00 0.0000000e+00 0.0000000e+00 0.0000000e+00 0.0000000e+00
1.4877052e+00 1.4979435e+00 1.5153017e+00 1.5830390e+00 1.6146226e+00 1.3544465e+00 9.5650572e-01 6.9643481e-01 6.0199789e-01 5.1203013e-01 4.2773907e-01 3.4921062e-01 3.0647692e-01 1.9597849e-01 7.7768165e-02 9.8969636e-04 3.3011251e-03 2.4083665e-03 1.0938317e-03 9.9881075e-04 9.9961505e-04 9.9807953e-04 9.9892165e-04 9.9924171e-04 9.9983335e-04 9.9910751e-04 9.9990296e-04 9.9873620e-04 9.9979748e-04 9.9854495e-04 9.9819140e-04 9.9930407e-04 9.9874644e-04 9.9798748e-04 9.9832948e-04 9.9954235e-04 0.0000000e+00 0.0000000e+00 0.0000000e+00 0.0000000e+00 0.0000000e+00 0.0000000e+00 0.0000000e+00 0.0000000e+00 0.0000000e+00 0.0000000e+00 0.0000000e+00 0.0000000e+00 0.0000000e+00 0.0000000e+00
1.2459513e+00 1.2778141e+00 1.2812728e+00 1.2502311e+00 1.1155257e+00 8.8903433e-01 6.9445823e-01 6.4923705e-01 5.6914240e-01 4.9973738e-01 4.3176885e-01 3.5354323e-01 3.1821267e-01 2.1887867e-01 1.0271843e-01 9.9695527e-04 2.8566448e-03 3.5277675e-03 4.2471669e-03 2.4433373e-03 1.2098762e-03 9.9719604e-04 9.9841122e-04 9.9977314e-04 9.9944789e-04 9.9941948e-04 9.9885772e-04 9.9956853e-04 9.9889357e-04 9.9904850e-04 9.9875355e-04 9.9892858e-04 9.9869560e-04 9.9885540e-04 9.9921032e-04 9.9945887e-04 9.9960406e-04 9.9923996e-04 0.0000000e+00 0.0000000e+00 0.0000000e+00 0.0000000e+00 0.0000000e+00 0.0000000e+00 0.0000000e+00 0.0000000e+00 0.0000000e+00 0.0000000e+00 0.0000000e+00 0.0000000e+00
6.2380107e-01 6.9441613e-01 7.3650538e-01 7.4355507e-01 7.2709519e-01 6.9615055e-01 6.4050298e-01 6.2500990e-01 5.5331686e-01 5.1511837e-01 4.3597201e-01 3.7805700e-01 3.2796771e-01 2.6132924e-01 1.4553327e-01 2.1602196e-02 4.5319920e-03 6.8282981e-03 3.9509069e-03 3.8384759e-03 2.7185087e-03 1.5155188e-03 9.9995169e-04 9.9713765e-04 9.9915425e-04 9.9831191e-04 9.9808397e-04 9.9889750e-04 9.9638173e-04 9.9632476e-04 9.9609489e-04 9.9823838e-04 9.9897322e-04 9.9989956e-04 9.9961584e-04 9.9862913e-04 9.9996865e-04 9.9986279e-04 9.9992806e-04 2.2313424e-04 0.0000000e+00 0.0000000e+00 0.0000000e+00 0.0000000e+00 0.0000000e+00 0.0000000e+00 0.0000000e+00 0.0000000e+00 0.0000000e+00 0.0000000e+00
5.0157034e-01 5.4751851e-01 5.4315175e-01 5.8266328e-01 6.0297597e-01 6.1876023e-01 6.1871180e-01 5.7525176e-01 5.3299219e-01 5.1132494e-01 4.3514413e-01 3.9165357e-01 3.3164975e-01 2.6765780e-01 1.5101574e-01 3.0662944e-02 1.0059354e-03 4.2611665e-03 3.4758684e-03 1.9101484e-03 9.9812778e-04 9.9961814e-04 9.9997521e-04 9.9783878e-04 9.9706535e-04 9.9860886e-04 9.9839279e-04 9.9877089e-04 9.9975603e-04 9.9941542e-04 9.9981661e-04 9.9779838e-04 9.9962799e-04 9.9938908e-04 9.9941156e-04 9.9952388e-04 9.9992678e-04 9.9948228e-04 9.9875047e-04 9.9903756e-04 9.9874011e-04 0.0000000e+00 0.0000000e+00 0.0000000e+00 0.0000000e+00 0.0000000e+00 0.0000000e+00 0.0000000e+00 0.0000000e+00 0.0000000e+00
3.6169999e-01 3.6763449e-01 4.0167225e-01 4.5988644e-01 4.9012157e-01 5.2085075e-01 5.3112546e-01 5.2392402e-01 5.2024200e-01 4.8066833e-01 4.2720176e-01 3.6043336e-01 3.2868579e-01 2.6335776e-01 1.4310330e-01 5.6157973e-03 1.0604622e-03 9.9919293e-04 9.9675097e-04 9.9841319e-04 9.9918422e-04 9.9912147e-04 9.9870002e-04 9.9481503e-04 9.9918167e-04 9.9966108e-04 9.9954512e-04 9.9941194e-04 9.9942415e-04 9.9945676e-04 9.9988539e-04 9.9919247e-04 9.9941582e-04 9.9833391e-04 9.9843733e-04 9.9918770e-04 9.9996939e-04 9.9957635e-04 9.9987114e-04 9.9893518e-04 9.9964180e-04 9.9882149e-04 0.0000000e+00 0.0000000e+00 0.0000000e+00 0.0000000e+00 0.0000000e+00 0.0000000e+00 0.0000000e+00 0.0000000e+00
2.9162396e-01 3.0033775e-01 3.1080263e-01 3.3143826e-01 3.6887666e-01 3.9918838e-01 4.1756723e-01 4.4980903e-01 4.5410159e-01 4.3255136e-01 4.1434722e-01 3.4548102e-01 3.2218031e-01 2.3080413e-01 1.0324811e-01 1.7611083e-03 1.5088818e-03 9.9489142e-04 9.9536956e-04 9.9965932e-04 9.9652706e-04 9.9786937e-04 9.9915433e-04 9.9762082e-04 9.9914535e-04 9.9963414e-04 9.9928371e-04 9.9999224e-04 9.9982704e-04 9.9946009e-04 9.9971023e-04 9.9965141e-04 9.9943300e-04 9.9935368e-04 9.9929834e-04 9.9946154e-04 9.9881797e-04 9.9895823e-04 9.9933228e-04 9.9927531e-04 9.9930095e-04 9.9939033e-04 9.9908701e-04 9.9979627e-04 0.0000000e+00 0.0000000e+00 0.0000000e+00 0.0000000e+00 0.0000000e+00 0.0000000e+00
2.8445786e-01 2.9324135e-01 3.0110930e-01 3.0958239e-01 3.1373010e-01 3.1918012e-01 3.2677700e-01 3.4781245e-01 3.5871690e-01 3.5835341e-01 3.4355435e-01 3.2699204e-01 3.1633756e-01 2.2529276e-01 9.6570115e-02 4.2566596e-03 1.3799828e-02 1.1422707e-02 9.7832120e-03 7.6202190e-03 5.4452295e-03 9.9726688e-04 9.9767291e-04 9.9801212e-04 9.9794781e-04 9.9879938e-04 9.9853486e-04 9.9912036e-04 9.9964643e-04 9.9953941e-04 9.9963039e-04 9.9997387e-04 9.9892368e-04 9.9960822e-04 9.9952655e-04 9.9914773e-04 9.9972992e-04 9.9981862e-04 9.9941824e-04 9.9878351e-04 9.9966341e-04 9.9869913e-04 9.9874252e-04 9.9886671e-04 9.9934818e-04 9.9930312e-04 9.9984279e-04 0.0000000e+00 0.0000000e+00 0.0000000e+00
2.7553213e-01 2.8561818e-01 2.9504816e-01 3.0352654e-01 3.0794674e-01 3.1294890e-01 3.1704244e-01 3.2032670e-01 3.2370281e-01 3.2211437e-01 3.1169401e-01 2.8363307e-01 2.1798739e-01 1.1087563e-01 1.6424779e-03 1.2952875e-03 9.9637241e-04 1.0055744e-03 1.0019748e-03 1.8840374e-03 3.6111059e-03 5.1715372e-03 3.7910102e-03 1.8664421e-03 1.2691727e-03 9.9981750e-04 9.9992982e-04 9.9960712e-04 9.9934671e-04 9.9875808e-04 9.9975196e-04 9.9861382e-04 9.9935766e-04 9.9937845e-04 9.9888459e-04 9.9970035e-04 9.9957585e-04 9.9887893e-04 9.9922004e-04 9.9989966e-04 9.9964072e-04 9.9902962e-04 9.9848992e-04 9.9860767e-04 9.9881250e-04 9.9872891e-04 9.9957152e-04 9.9959450e-04 0.0000000e+00 0.0000000e+00
