ahotovec/data/depth_0051.asc
ncols     164
nrows     146
xllcorner -1.242151388888889e+02
yllcorner  4.172986111111111e+01
cellsize  2.777777777820000e-04
nodata_value       -9999
[rows 110 to 131 of 146, columns 50 to 99 of 164]
1.0256796e+01 9.6708738e+00 8.4870367e+00 6.6435942e+00 4.9098059e+00 3.9878727e+00 3.4575561e+00 3.4969360e+00 3.1905417e+00 4.5786772e+00 6.0009139e+00 6.4815553e+00 6.6744331e+00 5.1395430e+00 4.6380166e+00 4.3899369e+00 9.0373355e-01 1.3288531e-01 5.1198248e+00 5.8137172e+00 6.0541736e+00 6.4508421e+00 6.7817838e+00 7.0470812e+00 7.2195429e+00 7.2578854e+00 7.1645427e+00 7.2713550e+00 7.6986312e+00 8.0520609e+00 8.4109530e+00 8.5302447e+00 8.8395726e+00 8.9028406e+00 9.0047622e+00 9.0876821e+00 9.1995350e+00 9.2640823e+00 9.2989743e+00 9.3170321e+00 9.3543589e+00 9.3507909e+00 9.3207889e+00 9.2247172e+00 9.1710605e+00 9.1315441e+00 9.1781160e+00 9.2450615e+00 9.3061976e+00 9.3756821e+00
1.1757554e+01 1.1755736e+01 1.0498466e+01 7.6332258e+00 4.1457136e+00 2.8770389e+00 3.6182451e+00 3.4605468e+00 4.6998584e+00 5.9382112e+00 7.0104880e+00 7.9675052e+00 8.6601317e+00 4.5847404e+00 5.1098212e+00 6.1265061e+00 3.3811667e+00 1.0479652e-01 1.8815520e+00 5.1684220e+00 5.7175238e+00 6.0716499e+00 6.4050442e+00 6.6684356e+00 6.8741448e+00 6.9869618e+00 7.0121444e+00 6.9288286e+00 7.1350715e+00 7.6429797e+00 8.0303354e+00 8.3426834e+00 8.5416549e+00 8.8113346e+00 8.8958216e+00 8.9776930e+00 9.0551138e+00 9.1274833e+00 9.1582011e+00 9.1817826e+00 9.1693552e+00 9.1262085e+00 9.0528379e+00 8.9855043e+00 8.9737963e+00 9.0124713e+00 9.1113614e+00 9.2231282e+00 9.3292183e+00 9.4153253e+00
1.2890448e+01 1.3120899e+01 1.2282749e+01 8.8108449e+00 1.8177440e-01 0.0000000e+00 4.4353411e-04 3.5697703e+00 5.2732811e+00 6.8359805e+00 8.2206226e+00 9.2494459e+00 1.0107722e+01 1.0290650e+01 1.0505058e+01 1.0156317e+01 8.6450034e+00 2.7079614e+00 1.7805428e-04 2.8612120e+00 5.4792310e+00 5.7912040e+00 6.0751181e+00 6.3442014e+00 6.5601447e+00 6.7169216e+00 6.8112195e+00 6.8240853e+00 6.8404910e+00 7.2330460e+00 7.6861246e+00 8.0314162e+00 8.2995303e+00 8.5095892e+00 8.6413075e+00 8.6615026e+00 8.5740869e+00 8.6415087e+00 8.6718949e+00 8.6991664e+00 8.7329395e+00 8.7226201e+00 8.7296626e+00 8.7374429e+00 8.7852028e+00 8.8987975e+00 9.0954904e+00 9.2520980e+00 9.3940938e+00 9.5231978e+00
1.3843267e+01 1.2890672e+01 1.2906704e+01 9.9594382e+00 7.9149970e-01 0.0000000e+00 0.0000000e+00 6.9027058e-04 7.5057102e+00 8.5086231e+00 9.7827326e+00 1.0202081e+01 1.0773918e+01 1.1166160e+01 1.1602655e+01 1.1116525e+01 1.0795989e+01 9.3257758e+00 1.1923728e+00 3.7133333e-01 4.9393283e+00 5.5878131e+00 5.7502316e+00 6.0320805e+00 6.2564208e+00 6.4532173e+00 6.6041610e+00 6.7429826e+00 6.9281444e+00 7.0603257e+00 7.4719279e+00 7.8068187e+00 8.0592263e+00 8.1900046e+00 8.1267414e+00 7.8647132e+00 7.7107472e+00 7.7627669e+00 7.9478636e+00 8.0787608e+00 8.1880927e+00 8.2921590e+00 8.4354757e+00 8.5928318e+00 8.7100220e+00 8.8824952e+00 9.0762212e+00 9.3095632e+00 9.5094336e+00 9.6596302e+00
1.4409761e+01 1.4784380e+01 1.4418173e+01 1.2502540e+01 9.0091936e+00 5.9255571e+00 2.2597678e+00 4.3476764e+00 1.0784697e+01 1.0115990e+01 1.1167275e+01 9.8556019e+00 1.0925359e+01 1.1385626e+01 1.1829056e+01 1.1722228e+01 1.1082604e+01 1.0686143e+01 7.4189312e+00 5.0896802e-01 2.1989283e+00 5.5430930e+00 5.5448430e+00 5.7442557e+00 5.9840060e+00 6.2078499e+00 6.3900701e+00 6.6077304e+00 6.9346010e+00 7.2677512e+00 7.3655413e+00 7.5784621e+00 7.7059073e+00 7.5909541e+00 7.2651289e+00 7.0234206e+00 7.0194441e+00 7.4075823e+00 7.6825395e+00 7.7485340e+00 7.8988311e+00 8.0311700e+00 8.2763085e+00 8.5331692e+00 8.7403445e+00 8.9320039e+00 9.1944485e+00 9.4726926e+00 9.7396473e+00 9.8709863e+00
1.4542734e+01 1.5034223e+01 1.4742896e+01 1.1462193e+01 1.2624341e+01 1.2359198e+01 1.1323144e+01 1.2150261e+01 1.2492315e+01 1.2319680e+01 1.1821852e+01 1.1486207e+01 1.2848746e+01 1.2790020e+01 1.2141594e+01 1.2124687e+01 1.2161481e+01 1.1300084e+01 8.8832540e+00 3.8274851e+00 4.7636133e-01 4.1996075e+00 5.5285489e+00 5.5498279e+00 5.7626414e+00 5.9725149e+00 6.1821543e+00 6.4257103e+00 6.7809952e+00 7.1485067e+00 7.3981457e+00 7.3167605e+00 7.2074120e+00 6.8438912e+00 6.6195703e+00 6.5448544e+00 6.6527635e+00 7.1154265e+00 7.5557911e+00 7.5847418e+00 7.7824589e+00 8.0303714e+00 8.3076683e+00 8.5667284e+00 8.7987778e+00 9.0436720e+00 9.3521714e+00 9.6910514e+00 1.0031710e+01 1.0143572e+01
1.4908001e+01 1.5062184e+01 1.5144250e+01 1.5662916e+01 1.4981114e+01 1.4696789e+01 1.4596290e+01 1.4399617e+01 1.3847173e+01 1.3205993e+01 1.3110737e+01 1.3193964e+01 1.3204339e+01 1.3056942e+01 1.2633175e+01 1.2879239e+01 1.2698105e+01 1.1945094e+01 1.0849317e+01 7.8634570e+00 1.5656431e+00 2.5953852e-01 4.5976977e+00 5.4827112e+00 5.5763676e+00 5.7812564e+00 6.0039941e+00 6.2366971e+00 6.5488995e+00 6.8533417e+00 7.1318651e+00 7.0596896e+00 6.6840075e+00 6.4267555e+00 6.3041523e+00 6.3742987e+00 6.4940317e+00 6.7194790e+00 7.0255332e+00 7.3963368e+00 7.7414394e+00 8.0821119e+00 8.4005014e+00 8.6502856e+00 8.8822729e+00 9.1522257e+00 9.5228064e+00 1.0255646e+01 1.0302770e+01 1.0219616e+01
1.6143508e+01 1.6011875e+01 1.5685022e+01 1.5068332e+01 1.5507452e+01 1.5315676e+01 1.4928031e+01 1.4872663e+01 1.4041036e+01 1.3864155e+01 1.3718928e+01 1.3911481e+01 1.3929689e+01 1.3627919e+01 1.2764908e+01 1.2792095e+01 1.2456215e+01 1.1789544e+01 1.1947819e+01 1.1339781e+01 7.1836345e+00 2.7269717e-02 1.6207718e+00 4.9792136e+00 5.4573872e+00 5.5370823e+00 5.6720527e+00 5.8333608e+00 6.0145996e+00 6.1969954e+00 6.3673846e+00 6.4438252e+00 6.3349694e+00 6.1633873e+00 6.0825587e+00 6.1001076e+00 6.2890623e+00 6.5985598e+00 6.9447837e+00 7.4519774e+00 7.8486933e+00 8.1441560e+00 8.4997152e+00 8.7842104e+00 9.0215736e+00 9.2640286e+00 9.2721743e+00 9.6278525e+00 1.0330068e+01 1.0351618e+01
1.6443991e+01 1.6907921e+01 1.6655388e+01 1.6308947e+01 1.5928131e+01 1.5263257e+01 1.5088104e+01 1.4912804e+01 1.4825731e+01 1.4435643e+01 1.3908978e+01 1.4179033e+01 1.4090803e+01 1.4030023e+01 1.3240287e+01 1.2275402e+01 1.3004905e+01 1.1949200e+01 1.1282726e+01 1.1748628e+01 9.6880719e+00 4.1278963e-01 7.4882695e-04 2.7818559e+00 5.0122880e+00 5.4483357e+00 5.5887018e+00 5.5398559e+00 5.5620400e+00 5.5862030e+00 5.5444417e+00 5.6813499e+00 5.8048808e+00 5.8766909e+00 5.7648275e+00 5.8016103e+00 6.0540637e+00 6.4532652e+00 6.9649937e+00 7.4899028e+00 8.0517497e+00 8.3626102e+00 8.7077263e+00 8.9761831e+00 9.2654679e+00 9.5349427e+00 9.7335104e+00 9.9330290e+00 1.0335392e+01 1.0574627e+01
1.6531088e+01 1.6175905e+01 1.6638571e+01 1.6338047e+01 1.5832004e+01 1.4990209e+01 1.5302637e+01 1.5224367e+01 1.5443628e+01 1.5054405e+01 1.4068808e+01 1.3941158e+01 1.3541111e+01 1.4455438e+01 1.4402818e+01 1.3453765e+01 1.3398028e+01 1.2231039e+01 1.2641639e+01 1.2086485e+01 1.1566166e+01 4.9580837e+00 0.0000000e+00 8.9422842e-04 2.0445706e+00 4.7786389e+00 4.8430978e+00 5.1220890e+00 4.9668179e+00 5.1652494e+00 5.0981314e+00 5.0368505e+00 5.2022380e+00 5.3358089e+00 5.5696515e+00 5.5270317e+00 5.7824086e+00 6.4496208e+00 7.1331422e+00 7.7971440e+00 8.3277428e+00 8.6719584e+00 9.0268402e+00 9.3181748e+00 9.6159496e+00 9.8945210e+00 1.0211690e+01 1.0496241e+01 1.0668744e+01 1.0837551e+01
1.6724201e+01 1.6837432e+01 1.6680235e+01 1.6128293e+01 1.5856975e+01 1.5732964e+01 1.5797822e+01 1.5423380e+01 1.4473079e+01 1.5411146e+01 1.4551240e+01 1.4143403e+01 1.4128015e+01 1.4216109e+01 1.4713618e+01 1.4656645e+01 1.4146612e+01 1.3674344e+01 1.2941061e+01 1.1541646e+01 1.2106200e+01 9.9504849e+00 9.8877972e-01 8.4468448e-04 9.5671527e-04 4.3937465e-04 8.0606990e-04 2.7036308e-01 9.9615482e-01 1.7969048e+00 4.3781239e+00 3.7473146e+00 5.0499257e+00 4.8871510e+00 4.8838960e+00 5.5915784e+00 5.8107471e+00 6.3363731e+00 7.3829096e+00 8.4691082e+00 8.9006069e+00 9.1851865e+00 9.5169268e+00 9.8209771e+00 1.0113188e+01 1.0358240e+01 1.0632616e+01 1.0874910e+01 1.1061980e+01 1.1193122e+01
1.7052034e+01 1.6869303e+01 1.6992869e+01 1.6555549e+01 1.6022709e+01 1.5902284e+01 1.5686613e+01 1.5631777e+01 1.5390663e+01 1.5948901e+01 1.5034933e+01 1.4555774e+01 1.4303005e+01 1.4425519e+01 1.4911146e+01 1.4427479e+01 1.4710473e+01 1.3953915e+01 1.3127338e+01 1.2726443e+01 1.2464908e+01 1.2926609e+01 9.5806148e+00 2.4378298e+00 3.0168305e-01 7.4310988e-04 9.4559988e-04 1.1177314e-03 6.0698526e-03 6.3316458e-02 2.9239303e-01 9.1812769e-02 1.7917124e-01 3.3594461e-01 6.5485805e-01 1.6326816e+00 2.4520281e+00 4.0012458e+00 8.5973820e+00 9.3313610e+00 9.6088767e+00 9.8859751e+00 1.0193260e+01 1.0448197e+01 1.0695438e+01 1.0894884e+01 1.1101316e+01 1.1238785e+01 1.1392442e+01 1.1572871e+01
1.7480269e+01 1.7389898e+01 1.7260047e+01 1.6799191e+01 1.6328287e+01 1.6128584e+01 1.6032875e+01 1.6010315e+01 1.6037090e+01 1.5812364e+01 1.5337871e+01 1.5065168e+01 1.4966677e+01 1.4976187e+01 1.5317291e+01 1.5178257e+01 1.3868255e+01 1.4010154e+01 1.3727447e+01 1.3226721e+01 1.2316420e+01 1.3184566e+01 1.2820003e+01 1.0393264e+01 8.9041882e+00 4.1359331e+00 2.8415271e+00 4.1427027e+00 8.9020546e+00 8.5310608e+00 8.8694698e+00 8.3184714e+00 7.2197755e+00 6.0208371e+00 4.1179001e+00 2.1515511e+00 8.1817102e-01 1.9751920e+00 1.0419812e+01 1.0848042e+01 1.0694688e+01 1.0816364e+01 1.1003508e+01 1.1174621e+01 1.1316494e+01 1.1463010e+01 1.1556845e+01 1.1624246e+01 1.1609931e+01 1.1823111e+01
1.7244702e+01 1.7385557e+01 1.7379090e+01 1.7043742e+01 1.6837472e+01 1.5315722e+01 1.6148656e+01 1.6563104e+01 1.6220029e+01 1.5969205e+01 1.5729065e+01 1.5658358e+01 1.5508452e+01 1.5585783e+01 1.5496609e+01 1.5255068e+01 1.5355502e+01 1.3920061e+01 1.4237149e+01 1.3893877e+01 1.3576467e+01 1.3357475e+01 1.3196855e+01 1.3092106e+01 1.1846084e+01 6.7229539e+00 5.2372048e+00 7.1839007e+00 9.6673531e+00 1.2495639e+01 1.2370445e+01 1.1958248e+01 1.2051255e+01 1.1551704e+01 1.1223812e+01 1.1757982e+01 1.1537293e+01 1.1012508e+01 1.2046497e+01 1.1714363e+01 1.1625072e+01 1.1651022e+01 1.1728472e+01 1.1779867e+01 1.1823995e+01 1.1904439e+01 1.1973912e+01 1.1991208e+01 1.1838444e+01 1.1813052e+01
1.7898897e+01 1.7835330e+01 1.7648858e+01 1.7442653e+01 1.7123308e+01 1.3473634e+01 1.6153307e+01 1.7087321e+01 1.6708700e+01 1.6491803e+01 1.6320510e+01 1.6237585e+01 1.5992158e+01 1.5952435e+01 1.5868030e+01 1.5546356e+01 1.5365766e+01 1.4179334e+01 1.4298529e+01 1.4736120e+01 1.4675117e+01 1.4049503e+01 1.3322467e+01 1.3206439e+01 1.2885308e+01 1.0147615e+01 7.0070253e+00 7.3716779e+00 9.6853138e+00 1.2501638e+01 1.1709433e+01 1.2274452e+01 1.1954314e+01 1.2263519e+01 1.2489724e+01 1.2435732e+01 1.1516991e+01 1.2157571e+01 1.2119381e+01 1.2129432e+01 1.2136392e+01 1.2155332e+01 1.2158783e+01 1.2184176e+01 1.2200216e+01 1.2232836e+01 1.2301580e+01 1.1617459e+01 1.2046781e+01 1.2145601e+01
1.8168055e+01 1.8083309e+01 1.8030900e+01 1.7794578e+01 1.7806738e+01 1.7755444e+01 1.7723699e+01 1.7633243e+01 1.7531698e+01 1.7306940e+01 1.7012866e+01 1.6932444e+01 1.6594230e+01 1.6618427e+01 1.6361180e+01 1.5976012e+01 1.4185741e+01 1.5269120e+01 1.5219106e+01 1.4710954e+01 1.4615908e+01 1.4953822e+01 1.4206701e+01 1.3731028e+01 1.3367062e+01 1.2799715e+01 9.9237735e+00 9.7145261e+00 1.2870387e+01 1.2563122e+01 1.1860506e+01 1.2408406e+01 1.1576154e+01 1.1752879e+01 1.2602821e+01 1.2658373e+01 1.2988081e+01 1.2588987e+01 1.2454215e+01 1.2489284e+01 1.2472601e+01 1.2461930e+01 1.2468551e+01 1.2462539e+01 1.2483308e+01 1.2454471e+01 1.2409653e+01 1.1183811e+01 1.1555662e+01 1.2340683e+01
1.8456652e+01 1.8368532e+01 1.8329648e+01 1.8297198e+01 1.8191114e+01 1.8048963e+01 1.8007229e+01 1.7698310e+01 1.7931188e+01 1.7689766e+01 1.7690965e+01 1.7206960e+01 1.7072887e+01 1.6899145e+01 1.6744416e+01 1.6255550e+01 1.5574363e+01 1.5921957e+01 1.5856672e+01 1.5736144e+01 1.5214915e+01 1.5679036e+01 1.5134132e+01 1.4435286e+01 1.4098804e+01 1.3250460e+01 1.3448901e+01 1.3872753e+01 1.3490721e+01 1.2931552e+01 1.2657950e+01 1.2584989e+01 1.2356788e+01 1.2613063e+01 1.2906736e+01 1.3308211e+01 1.3324840e+01 1.3166347e+01 1.2759546e+01 1.2692368e+01 1.2663125e+01 1.2634966e+01 1.2620986e+01 1.2590518e+01 1.2593433e+01 1.2575302e+01 1.2522695e+01 1.2571148e+01 1.2635455e+01 1.2620228e+01
1.8789230e+01 1.8698618e+01 1.8634124e+01 1.8657676e+01 1.8533182e+01 1.8379272e+01 1.8197089e+01 1.8072893e+01 1.8031635e+01 1.7875313e+01 1.7710475e+01 1.7651474e+01 1.7408101e+01 1.7142769e+01 1.7065258e+01 1.6930078e+01 1.6521936e+01 1.6208675e+01 1.6247927e+01 1.6135183e+01 1.6121468e+01 1.6140791e+01 1.5920784e+01 1.5052743e+01 1.4613924e+01 1.3798513e+01 1.4574223e+01 1.4194492e+01 1.3772555e+01 1.3250178e+01 1.3057713e+01 1.2536870e+01 1.1871311e+01 1.2690130e+01 1.1508310e+01 1.3178188e+01 1.3621596e+01 1.3381284e+01 1.3039607e+01 1.2866164e+01 1.2785407e+01 1.2724368e+01 1.2687888e+01 1.2639320e+01 1.2624716e+01 1.2642661e+01 1.2581444e+01 1.2619200e+01 1.2610063e+01 1.2624620e+01
1.9090982e+01 1.8996251e+01 1.8911077e+01 1.8858427e+01 1.8903726e+01 1.8733495e+01 1.8477210e+01 1.8273541e+01 1.8161379e+01 1.8078149e+01 1.7887480e+01 1.7813288e+01 1.7654039e+01 1.7537136e+01 1.7262346e+01 1.6835386e+01 1.6608367e+01 1.6222851e+01 1.6482806e+01 1.6480451e+01 1.6448654e+01 1.6270039e+01 1.6202188e+01 1.5464458e+01 1.5362379e+01 1.5124343e+01 1.4859879e+01 1.4463555e+01 1.4372543e+01 1.3775754e+01 1.3717876e+01 1.3344173e+01 1.2635723e+01 1.2802371e+01 1.2946870e+01 1.3788920e+01 1.3876725e+01 1.3454086e+01 1.3184269e+01 1.3031868e+01 1.2921183e+01 1.2835384e+01 1.2789399e+01 1.2729211e+01 1.2707016e+01 1.2705547e+01 1.2688811e+01 1.2739965e+01 1.2764258e+01 1.2727905e+01
1.9387196e+01 1.9436438e+01 1.9254457e+01 1.8983558e+01 1.8877873e+01 1.8776867e+01 1.8676035e+01 1.8467990e+01 1.8318441e+01 1.8276312e+01 1.8111151e+01 1.7992705e+01 1.7901186e+01 1.7957922e+01 1.7604063e+01 1.7606847e+01 1.6983070e+01 1.6237264e+01 1.6682909e+01 1.6853380e+01 1.6795590e+01 1.6569590e+01 1.6004875e+01 1.5739285e+01 1.5664743e+01 1.5623415e+01 1.5121990e+01 1.4285516e+01 1.4780678e+01 1.4848548e+01 1.3835649e+01 1.3719773e+01 1.3612207e+01 1.3116033e+01 1.3782694e+01 1.3864446e+01 1.2899979e+01 1.3458153e+01 1.3421125e+01 1.3231726e+01 1.3097283e+01 1.3003450e+01 1.2947994e+01 1.2893209e+01 1.2874914e+01 1.2893631e+01 1.2916440e+01 1.2559226e+01 1.3061562e+01 1.3002537e+01
1.9605533e+01 1.9408586e+01 1.9415091e+01 1.9187727e+01 1.8982823e+01 1.8931611e+01 1.8935334e+01 1.8739867e+01 1.8614867e+01 1.8552559e+01 1.8476919e+01 1.8383954e+01 1.8322346e+01 1.8281215e+01 1.7988836e+01 1.7859779e+01 1.7291578e+01 1.4199242e+01 1.6211279e+01 1.6683969e+01 1.6464810e+01 1.6403692e+01 1.6414851e+01 1.6294408e+01 1.6141207e+01 1.6197442e+01 1.5426206e+01 1.4994893e+01 1.3585238e+01 1.4371033e+01 1.4844668e+01 1.4530566e+01 1.4093328e+01 1.2820737e+01 1.3317801e+01 1.3095167e+01 1.2674942e+01 1.3558704e+01 1.3581045e+01 1.3404358e+01 1.3248804e+01 1.3146312e+01 1.3107616e+01 1.3098236e+01 1.3155987e+01 1.3240827e+01 1.3172559e+01 1.2816093e+01 1.3155697e+01 1.3343185e+01
1.9697993e+01 1.9601705e+01 1.9462674e+01 1.9362925e+01 1.9177061e+01 1.9116105e+01 1.9115502e+01 1.9114021e+01 1.9061362e+01 1.8979907e+01 1.8904741e+01 1.8787839e+01 1.8637159e+01 1.8411812e+01 1.8313213e+01 1.7894772e+01 1.7581258e+01 1.7123483e+01 1.7445901e+01 1.7046547e+01 1.6850571e+01 1.6297588e+01 1.5969789e+01 1.6444205e+01 1.6526611e+01 1.6603843e+01 1.5956186e+01 1.5480778e+01 1.5155002e+01 1.5149133e+01 1.4969964e+01 1.4572147e+01 1.4322527e+01 1.4318106e+01 1.4218160e+01 1.4201871e+01 1.4031007e+01 1.3944568e+01 1.3737288e+01 1.3568074e+01 1.3430333e+01 1.3329870e+01 1.3295771e+01 1.3322495e+01 1.3223852e+01 1.3222815e+01 1.3298423e+01 1.1243700e+01 1.0755897e+01 1.2176629e+01
