ahotovec/data/depth_0002.asc
ncols     164
nrows     146
xllcorner -1.242151388888889e+02
yllcorner  4.172986111111111e+01
cellsize  2.777777777820000e-04
nodata_value       -9999
[rows 110 to 131 of 146, columns 50 to 99 of 164]
9.4564108e+00 8.8652357e+00 7.6677277e+00 5.8275195e+00 4.0958934e+00 3.2451714e+00 2.7880335e+00 2.8886242e+00 2.4169726e+00 3.7210957e+00 5.0964513e+00 5.5534078e+00 5.7129546e+00 4.2047858e+00 3.6841132e+00 3.4354026e+00 3.8120268e-01 0.0000000e+00 2.7269880e+00 3.4197071e+00 3.6755408e+00 4.0657484e+00 4.3990026e+00 4.6662231e+00 4.8416360e+00 4.8843361e+00 4.7964929e+00 4.9092150e+00 5.3446047e+00 5.7101257e+00 6.0769745e+00 6.2089074e+00 6.5309489e+00 6.6119966e+00 6.7324779e+00 6.8400356e+00 6.9763847e+00 7.0677711e+00 7.1301398e+00 7.1747752e+00 7.2367426e+00 7.2544454e+00 7.2416537e+00 7.1592629e+00 7.1100693e+00 7.0709111e+00 7.1129318e+00 7.1725639e+00 7.2254256e+00 7.2901642e+00
1.0960727e+01 1.0961311e+01 9.7053029e+00 6.8520854e+00 3.5064533e+00 2.1395417e+00 2.9679009e+00 2.8621801e+00 3.8608919e+00 5.0149030e+00 6.0574269e+00 6.9981879e+00 7.6845345e+00 3.6458474e+00 4.1089765e+00 5.0677041e+00 2.8165009e+00 0.0000000e+00 0.0000000e+00 2.7740273e+00 3.3405449e+00 3.6857394e+00 4.0210893e+00 4.2844502e+00 4.4930985e+00 4.6092081e+00 4.6401030e+00 4.5637822e+00 4.7778410e+00 5.2941902e+00 5.6947331e+00 6.0182257e+00 6.2330486e+00 6.5211154e+00 6.6264189e+00 6.7349496e+00 6.8399498e+00 6.9427474e+00 7.0051560e+00 7.0587050e+00 7.0744145e+00 7.0554878e+00 7.0021456e+00 6.9493084e+00 6.9374927e+00 6.9714356e+00 7.0649701e+00 7.1682587e+00 7.2640231e+00 7.3375202e+00
1.2050530e+01 1.2277376e+01 1.1423872e+01 8.1703800e+00 0.0000000e+00 0.0000000e+00 0.0000000e+00 2.7786533e+00 4.2838069e+00 5.8302520e+00 7.2076279e+00 8.2359561e+00 9.1131501e+00 9.2797048e+00 9.5018297e+00 9.1724866e+00 7.7286411e+00 1.7168293e+00 0.0000000e+00 4.6801758e-01 3.0899588e+00 3.3946665e+00 3.6829002e+00 3.9508077e+00 4.1721031e+00 4.3318243e+00 4.4317010e+00 4.4518489e+00 4.4798990e+00 4.8824528e+00 5.3477409e+00 5.7046263e+00 5.9917357e+00 6.2220805e+00 6.3760733e+00 6.4251714e+00 6.3706206e+00 6.4731505e+00 6.5381698e+00 6.5964065e+00 6.6581185e+00 6.6708747e+00 6.6959003e+00 6.7145364e+00 6.7642090e+00 6.8736112e+00 7.0596090e+00 7.2027793e+00 7.3306405e+00 7.4447229e+00
1.3064311e+01 1.2150870e+01 1.2192530e+01 9.3690400e+00 3.2796025e-01 0.0000000e+00 0.0000000e+00 0.0000000e+00 6.4714519e+00 7.4137996e+00 8.6997305e+00 9.1409112e+00 9.7403070e+00 1.0134104e+01 1.0567377e+01 1.0093154e+01 9.7960532e+00 8.2458646e+00 5.7761491e-01 0.0000000e+00 2.5607847e+00 3.1916377e+00 3.3611998e+00 3.6413889e+00 3.8674984e+00 4.0662473e+00 4.2212691e+00 4.3657642e+00 4.5610984e+00 4.7070414e+00 5.1348147e+00 5.4890977e+00 5.7604361e+00 5.9125381e+00 5.8764835e+00 5.6513694e+00 5.5363654e+00 5.6281163e+00 5.8469223e+00 6.0066497e+00 6.1407512e+00 6.2640665e+00 6.4204952e+00 6.5839320e+00 6.6981888e+00 6.8614467e+00 7.0418557e+00 7.2600725e+00 7.4455204e+00 7.5806977e+00
1.3559327e+01 1.3938647e+01 1.3578101e+01 1.1759427e+01 8.3070407e+00 5.2989239e+00 1.7679068e+00 3.3534779e+00 9.7327131e+00 9.0553677e+00 1.0111174e+01 8.8144565e+00 9.8876511e+00 1.0348832e+01 1.0792862e+01 1.0691314e+01 1.0053971e+01 9.6037066e+00 6.7760394e+00 0.0000000e+00 9.6305466e-04 3.1501316e+00 3.1553969e+00 3.3504442e+00 3.5944339e+00 3.8212112e+00 4.0073483e+00 4.2302994e+00 4.5672361e+00 4.9111060e+00 5.0266123e+00 5.2592181e+00 5.4117764e+00 5.3281112e+00 5.0430228e+00 4.8483335e+00 4.8842578e+00 5.3038262e+00 5.6100834e+00 5.7017320e+00 5.8734922e+00 6.0204688e+00 6.2724366e+00 6.5298716e+00 6.7308237e+00 6.9113559e+00 7.1592063e+00 7.4221508e+00 7.6738889e+00 7.7900453e+00
1.3686466e+01 1.4179660e+01 1.3911628e+01 1.0676639e+01 1.1747522e+01 1.1463377e+01 1.0420469e+01 1.1175918e+01 1.1512116e+01 1.1319750e+01 1.0817589e+01 1.0478399e+01 1.1835818e+01 1.1779098e+01 1.1136098e+01 1.1116554e+01 1.1133856e+01 1.0244207e+01 7.8636884e+00 3.5673040e+00 0.0000000e+00 1.8063839e+00 3.1005361e+00 3.1327842e+00 3.3569488e+00 3.5733801e+00 3.7889677e+00 4.0400783e+00 4.4092839e+00 4.7894477e+00 5.0594647e+00 5.0040774e+00 4.9277836e+00 4.6101780e+00 4.4335253e+00 4.4107963e+00 4.5578571e+00 5.0460088e+00 5.5110100e+00 5.5694475e+00 5.7770195e+00 6.0311072e+00 6.3082761e+00 6.5623905e+00 6.7852728e+00 7.0177385e+00 7.3116576e+00 7.6359542e+00 7.9622891e+00 8.0613557e+00
1.4032365e+01 1.4181001e+01 1.4265972e+01 1.4777085e+01 1.4081502e+01 1.3788437e+01 1.3671874e+01 1.3431957e+01 1.2871923e+01 1.2212608e+01 1.2107582e+01 1.2182938e+01 1.2190475e+01 1.2041478e+01 1.1619935e+01 1.1867123e+01 1.1687181e+01 1.0937489e+01 9.8542116e+00 6.8589145e+00 1.1691505e+00 0.0000000e+00 2.1760227e+00 3.0655387e+00 3.1716103e+00 3.3817958e+00 3.6086294e+00 3.8496108e+00 4.1787567e+00 4.4965594e+00 4.8003063e+00 4.7584557e+00 4.4286984e+00 4.2247728e+00 4.1534013e+00 4.2764002e+00 4.4407198e+00 4.7004918e+00 5.0346010e+00 5.4169878e+00 5.7636181e+00 6.0976144e+00 6.4066353e+00 6.6440596e+00 6.8623343e+00 7.1175440e+00 7.4737719e+00 8.1931731e+00 8.2282448e+00 8.1345380e+00
1.5253528e+01 1.5114303e+01 1.4782748e+01 1.4160653e+01 1.4584164e+01 1.4383291e+01 1.3977397e+01 1.3897501e+01 1.3061503e+01 1.2864824e+01 1.2711447e+01 1.2896727e+01 1.2911897e+01 1.2611895e+01 1.1748527e+01 1.1777651e+01 1.1441937e+01 1.0774275e+01 1.0919362e+01 1.0289000e+01 6.6867403e+00 0.0000000e+00 0.0000000e+00 2.5707407e+00 3.0534972e+00 3.1365399e+00 3.2742897e+00 3.4477132e+00 3.6507711e+00 3.8478925e+00 4.0530503e+00 4.1646582e+00 4.1074002e+00 3.9948210e+00 3.9744038e+00 4.0554742e+00 4.2981028e+00 4.6434020e+00 5.0061230e+00 5.5096743e+00 5.8975688e+00 6.1763594e+00 6.5135931e+00 6.7797418e+00 7.0003741e+00 7.2268102e+00 7.2206427e+00 7.5635253e+00 8.2553615e+00 8.2677878e+00
1.5542597e+01 1.5996460e+01 1.5737568e+01 1.5382269e+01 1.4994173e+01 1.4322707e+01 1.4133204e+01 1.3940619e+01 1.3846830e+01 1.3439461e+01 1.2906005e+01 1.3168384e+01 1.3078060e+01 1.3020017e+01 1.2233090e+01 1.1280177e+01 1.2020400e+01 1.0989712e+01 1.0345323e+01 1.0807156e+01 8.8316750e+00 0.0000000e+00 0.0000000e+00 3.7577538e-01 2.6078826e+00 3.0457145e+00 3.1900183e+00 3.1601874e+00 3.2081877e+00 3.2470922e+00 3.2531862e+00 3.4231935e+00 3.6071119e+00 3.7425485e+00 3.7156599e+00 3.8335085e+00 4.1507861e+00 4.5929600e+00 5.1077809e+00 5.6142840e+00 6.1448520e+00 6.4238735e+00 6.7384552e+00 6.9804771e+00 7.2474480e+00 7.4980108e+00 7.6818918e+00 7.8692321e+00 8.2613453e+00 8.4930106e+00
1.5619236e+01 1.5254618e+01 1.5706039e+01 1.5398795e+01 1.4889115e+01 1.4042557e+01 1.4338945e+01 1.4246385e+01 1.4457701e+01 1.4057241e+01 1.3066798e+01 1.2932583e+01 1.2528784e+01 1.3438045e+01 1.3386303e+01 1.2445175e+01 1.2402984e+01 1.1255665e+01 1.1687124e+01 1.1147691e+01 1.0715897e+01 3.9848316e+00 0.0000000e+00 0.0000000e+00 0.0000000e+00 2.4199403e+00 2.4804938e+00 2.7552665e+00 2.6189842e+00 2.8452716e+00 2.8301696e+00 2.7881718e+00 3.0382976e+00 3.2610562e+00 3.5908471e+00 3.6621156e+00 3.9834548e+00 4.6812084e+00 5.3860743e+00 6.0007422e+00 6.4785351e+00 6.7771964e+00 7.0919682e+00 7.3492998e+00 7.6189142e+00 7.8750028e+00 8.1744744e+00 8.4458207e+00 8.6085787e+00 8.7694406e+00
1.5803576e+01 1.5904379e+01 1.5738941e+01 1.5182062e+01 1.4905815e+01 1.4776266e+01 1.4830068e+01 1.4448968e+01 1.3495159e+01 1.4417499e+01 1.3554815e+01 1.3144185e+01 1.3124177e+01 1.3209913e+01 1.3704503e+01 1.3652607e+01 1.3156980e+01 1.2699920e+01 1.2001475e+01 1.0633519e+01 1.1258433e+01 9.0983942e+00 1.6340903e-01 0.0000000e+00 0.0000000e+00 0.0000000e+00 0.0000000e+00 0.0000000e+00 0.0000000e+00 0.0000000e+00 2.1193335e+00 1.5168130e+00 2.8982468e+00 2.8521266e+00 3.0201043e+00 3.8489041e+00 4.1611282e+00 4.7466540e+00 5.9128110e+00 6.7406705e+00 7.0881012e+00 7.3124641e+00 7.6000173e+00 7.8696346e+00 8.1342974e+00 8.3578876e+00 8.6151715e+00 8.8446036e+00 9.0222360e+00 9.1454375e+00
1.6122646e+01 1.5928041e+01 1.6040937e+01 1.5598315e+01 1.5061524e+01 1.4937656e+01 1.4715072e+01 1.4651537e+01 1.4402010e+01 1.4949827e+01 1.4033962e+01 1.3551295e+01 1.3294317e+01 1.3411399e+01 1.3891902e+01 1.3412272e+01 1.3702812e+01 1.2967393e+01 1.2171189e+01 1.1796244e+01 1.1574875e+01 1.2045164e+01 8.6593563e+00 1.8707915e+00 0.0000000e+00 0.0000000e+00 0.0000000e+00 0.0000000e+00 0.0000000e+00 0.0000000e+00 0.0000000e+00 0.0000000e+00 0.0000000e+00 0.0000000e+00 0.0000000e+00 5.5024076e-01 1.5566844e+00 3.0422744e+00 7.4170206e+00 7.7532761e+00 7.8889231e+00 8.0726841e+00 8.3200892e+00 8.5343238e+00 8.7511835e+00 8.9284173e+00 9.1174235e+00 9.2403780e+00 9.3821312e+00 9.5509432e+00
1.6542630e+01 1.6439974e+01 1.6300645e+01 1.5834312e+01 1.5357597e+01 1.5158006e+01 1.5056525e+01 1.5025197e+01 1.5042874e+01 1.4813843e+01 1.4335408e+01 1.4057712e+01 1.3954796e+01 1.3960698e+01 1.4299434e+01 1.4164376e+01 1.2874431e+01 1.3031108e+01 1.2768432e+01 1.2285780e+01 1.1410674e+01 1.2290141e+01 1.1950134e+01 9.5564190e+00 8.0885084e+00 3.4888124e+00 2.4395412e+00 4.0837413e+00 8.6782812e+00 8.6833219e+00 9.0720442e+00 8.6252936e+00 7.3479269e+00 6.0747060e+00 4.0996729e+00 2.2340735e+00 2.0445810e-01 1.0290501e+00 9.1149561e+00 9.2755565e+00 8.9930094e+00 9.0324349e+00 9.1622497e+00 9.2916693e+00 9.4008447e+00 9.5211232e+00 9.5948105e+00 9.6480120e+00 9.6254367e+00 9.8266925e+00
1.6301987e+01 1.6429038e+01 1.6411756e+01 1.6069622e+01 1.5855499e+01 1.4341620e+01 1.5165885e+01 1.5570153e+01 1.5220959e+01 1.4965673e+01 1.4720185e+01 1.4643510e+01 1.4489829e+01 1.4563225e+01 1.4473171e+01 1.4234634e+01 1.4337900e+01 1.2926534e+01 1.3251828e+01 1.2928002e+01 1.2625842e+01 1.2421780e+01 1.2280791e+01 1.2206544e+01 1.0997857e+01 6.0284707e+00 4.6429517e+00 6.3285466e+00 8.9316195e+00 1.1697306e+01 1.1571777e+01 1.1231516e+01 1.1453698e+01 1.1042880e+01 1.0748573e+01 1.1326152e+01 1.0942253e+01 1.0299580e+01 1.0725390e+01 1.0206044e+01 9.9740826e+00 9.9141930e+00 9.9276490e+00 9.9366380e+00 9.9515382e+00 1.0010701e+01 1.0064086e+01 1.0059812e+01 9.8944371e+00 9.8539957e+00
1.6949652e+01 1.6873794e+01 1.6677104e+01 1.6462993e+01 1.6140167e+01 1.2500490e+01 1.5155922e+01 1.6079970e+01 1.5698184e+01 1.5478223e+01 1.5302958e+01 1.5215852e+01 1.4967541e+01 1.4926050e+01 1.4840866e+01 1.4520110e+01 1.4350770e+01 1.3179279e+01 1.3298597e+01 1.3737955e+01 1.3688776e+01 1.3083240e+01 1.2376132e+01 1.2281286e+01 1.2001292e+01 9.3620833e+00 6.3845102e+00 6.5962706e+00 8.9053864e+00 1.1670670e+01 1.0932564e+01 1.1535323e+01 1.1289784e+01 1.1655606e+01 1.1905634e+01 1.1785586e+01 1.0746185e+01 1.1126845e+01 1.0867778e+01 1.0679466e+01 1.0557498e+01 1.0481825e+01 1.0416710e+01 1.0393481e+01 1.0372672e+01 1.0375899e+01 1.0423805e+01 9.7238823e+00 1.0131672e+01 1.0218253e+01
1.7211745e+01 1.7114078e+01 1.7049775e+01 1.6804455e+01 1.6811264e+01 1.6752048e+01 1.6715313e+01 1.6621131e+01 1.6514134e+01 1.6284773e+01 1.5986037e+01 1.5901029e+01 1.5560126e+01 1.5581263e+01 1.5324214e+01 1.4941679e+01 1.3171713e+01 1.4242007e+01 1.4190357e+01 1.3690877e+01 1.3604955e+01 1.3945437e+01 1.3218128e+01 1.2767002e+01 1.2430705e+01 1.1904413e+01 9.1569671e+00 8.8826200e+00 1.1942457e+01 1.1653683e+01 1.1008197e+01 1.1570604e+01 1.0841612e+01 1.1064459e+01 1.1884442e+01 1.1859849e+01 1.2068852e+01 1.1498092e+01 1.1164791e+01 1.1039718e+01 1.0912219e+01 1.0819264e+01 1.0764099e+01 1.0711793e+01 1.0695704e+01 1.0636845e+01 1.0565617e+01 9.3299046e+00 9.6767528e+00 1.0438801e+01
1.7496522e+01 1.7395405e+01 1.7344205e+01 1.7301924e+01 1.7188915e+01 1.7039018e+01 1.6992082e+01 1.6679483e+01 1.6905415e+01 1.6659285e+01 1.6654976e+01 1.6168374e+01 1.6030135e+01 1.5853854e+01 1.5698103e+01 1.5212403e+01 1.4535482e+01 1.4879631e+01 1.4812576e+01 1.4692619e+01 1.4176564e+01 1.4634334e+01 1.4098987e+01 1.3422412e+01 1.3102086e+01 1.2300825e+01 1.2500850e+01 1.2896999e+01 1.2531266e+01 1.1995161e+01 1.1748804e+01 1.1694925e+01 1.1513252e+01 1.1766312e+01 1.1983003e+01 1.2276039e+01 1.2180891e+01 1.1909592e+01 1.1401626e+01 1.1229242e+01 1.1116209e+01 1.1018877e+01 1.0949154e+01 1.0873573e+01 1.0837560e+01 1.0786889e+01 1.0704096e+01 1.0732076e+01 1.0778170e+01 1.0744116e+01
1.7823722e+01 1.7719901e+01 1.7642927e+01 1.7656103e+01 1.7523336e+01 1.7361688e+01 1.7174571e+01 1.7045863e+01 1.6999481e+01 1.6838056e+01 1.6668554e+01 1.6604196e+01 1.6357023e+01 1.6088466e+01 1.6008079e+01 1.5872064e+01 1.5465121e+01 1.5155590e+01 1.5190075e+01 1.5075285e+01 1.5057563e+01 1.5074677e+01 1.4856528e+01 1.4004765e+01 1.3574819e+01 1.2782793e+01 1.3532897e+01 1.3157644e+01 1.2743762e+01 1.2238695e+01 1.2053863e+01 1.1553260e+01 1.0925492e+01 1.1650380e+01 1.0488014e+01 1.1984454e+01 1.2332351e+01 1.2030669e+01 1.1626884e+01 1.1385585e+01 1.1242953e+01 1.1125874e+01 1.1041502e+01 1.0951535e+01 1.0899503e+01 1.0884440e+01 1.0794667e+01 1.0807682e+01 1.0775939e+01 1.0769258e+01
1.8120003e+01 1.8011904e+01 1.7914099e+01 1.7850821e+01 1.7886534e+01 1.7709093e+01 1.7447856e+01 1.7240027e+01 1.7123055e+01 1.7034193e+01 1.6838313e+01 1.6758252e+01 1.6594021e+01 1.6471850e+01 1.6194245e+01 1.5765706e+01 1.5535241e+01 1.5154311e+01 1.5405545e+01 1.5396875e+01 1.5359991e+01 1.5178290e+01 1.5109212e+01 1.4380423e+01 1.4275755e+01 1.4036706e+01 1.3769056e+01 1.3375539e+01 1.3279458e+01 1.2691901e+01 1.2622436e+01 1.2248883e+01 1.1562977e+01 1.1662495e+01 1.1773514e+01 1.2526001e+01 1.2542032e+01 1.2069277e+01 1.1747322e+01 1.1541241e+01 1.1381458e+01 1.1249349e+01 1.1161763e+01 1.1063845e+01 1.1006592e+01 1.0973019e+01 1.0929334e+01 1.0952352e+01 1.0952181e+01 1.0893394e+01
1.8410130e+01 1.8445593e+01 1.8251617e+01 1.7970429e+01 1.7855265e+01 1.7746660e+01 1.7639637e+01 1.7427276e+01 1.7273019e+01 1.7224868e+01 1.7053945e+01 1.6928939e+01 1.6830911e+01 1.6880616e+01 1.6523136e+01 1.6519940e+01 1.5892988e+01 1.5154162e+01 1.5591649e+01 1.5751248e+01 1.5687188e+01 1.5457584e+01 1.4894104e+01 1.4624994e+01 1.4542931e+01 1.4492262e+01 1.3989787e+01 1.3162377e+01 1.3633666e+01 1.3691621e+01 1.2687783e+01 1.2551076e+01 1.2424173e+01 1.1915309e+01 1.2523881e+01 1.2547380e+01 1.1552821e+01 1.2042571e+01 1.1959881e+01 1.1731313e+01 1.1557800e+01 1.1425134e+01 1.1333154e+01 1.1244204e+01 1.1193918e+01 1.1182644e+01 1.1180383e+01 1.0797466e+01 1.1268757e+01 1.1186559e+01
1.8622169e+01 1.8411900e+01 1.8406101e+01 1.8167996e+01 1.7954040e+01 1.7894944e+01 1.7891594e+01 1.7691703e+01 1.7561801e+01 1.7493329e+01 1.7411310e+01 1.7311005e+01 1.7242027e+01 1.7194174e+01 1.6897056e+01 1.6762569e+01 1.6191771e+01 1.3120679e+01 1.5098984e+01 1.5556678e+01 1.5332590e+01 1.5266480e+01 1.5272560e+01 1.5146487e+01 1.4985780e+01 1.5030037e+01 1.4261178e+01 1.3827319e+01 1.2430751e+01 1.3179853e+01 1.3623745e+01 1.3297973e+01 1.2844539e+01 1.1582638e+01 1.2022551e+01 1.1753130e+01 1.1301526e+01 1.2125618e+01 1.2106868e+01 1.1897570e+01 1.1709042e+01 1.1573325e+01 1.1502322e+01 1.1462532e+01 1.1491400e+01 1.1548204e+01 1.1458868e+01 1.1079052e+01 1.1384960e+01 1.1543997e+01
1.8708143e+01 1.8597634e+01 1.8446927e+01 1.8335922e+01 1.8141317e+01 1.8072391e+01 1.8063880e+01 1.8056492e+01 1.7998599e+01 1.7910915e+01 1.7829154e+01 1.7704376e+01 1.7545827e+01 1.7313432e+01 1.7208326e+01 1.6784886e+01 1.6466974e+01 1.6005131e+01 1.6314040e+01 1.5908895e+01 1.5704714e+01 1.5147651e+01 1.4813537e+01 1.5271473e+01 1.5342123e+01 1.5406896e+01 1.4759239e+01 1.4278544e+01 1.3947060e+01 1.3924486e+01 1.3728985e+01 1.3316308e+01 1.3043915e+01 1.3017213e+01 1.2881952e+01 1.2830911e+01 1.2636705e+01 1.2513230e+01 1.2270088e+01 1.2067748e+01 1.1897171e+01 1.1765440e+01 1.1701067e+01 1.1699340e+01 1.1575635e+01 1.1546967e+01 1.1600063e+01 9.5412028e+00 9.0239624e+00 1.0395334e+01
