ahotovec/data/depth_0051.asc
ncols     164
nrows     146
xllcorner -1.242151388888889e+02
yllcorner  4.172986111111111e+01
cellsize  2.777777777820000e-04
nodata_value       -9999
[rows 66 to 87 of 146, columns 0 to 49 of 164]
4.7300250e-03 4.6053009e-03 2.4614578e-03 1.3481021e-03 8.9694585e-04 0.0000000e+00 0.0000000e+00 0.0000000e+00 0.0000000e+00 0.0000000e+00 0.0000000e+00 0.0000000e+00 0.0000000e+00 0.0000000e+00 0.0000000e+00 0.0000000e+00 0.0000000e+00 0.0000000e+00 0.0000000e+00 0.0000000e+00 0.0000000e+00 0.0000000e+00 0.0000000e+00 0.0000000e+00 0.0000000e+00 0.0000000e+00 0.0000000e+00 0.0000000e+00 0.0000000e+00 0.0000000e+00 0.0000000e+00 0.0000000e+00 0.0000000e+00 0.0000000e+00 0.0000000e+00 0.0000000e+00 0.0000000e+00 0.0000000e+00 0.0000000e+00 0.0000000e+00 0.0000000e+00 0.0000000e+00 0.0000000e+00 0.0000000e+00 0.0000000e+00 0.0000000e+00 0.0000000e+00 0.0000000e+00 0.0000000e+00 0.0000000e+00
4.2043061e-03 2.6679930e-03 9.3557874e-03 1.0022684e-03 8.4281328e-04 8.9680224e-04 7.8601789e-04 0.0000000e+00 0.0000000e+00 0.0000000e+00 0.0000000e+00 0.0000000e+00 0.0000000e+00 0.0000000e+00 0.0000000e+00 0.0000000e+00 0.0000000e+00 0.0000000e+00 0.0000000e+00 0.0000000e+00 0.0000000e+00 0.0000000e+00 0.0000000e+00 0.0000000e+00 0.0000000e+00 0.0000000e+00 0.0000000e+00 0.0000000e+00 0.0000000e+00 0.0000000e+00 0.0000000e+00 0.0000000e+00 0.0000000e+00 0.0000000e+00 0.0000000e+00 0.0000000e+00 0.0000000e+00 0.0000000e+00 0.0000000e+00 0.0000000e+00 0.0000000e+00 0.0000000e+00 0.0000000e+00 0.0000000e+00 0.0000000e+00 0.0000000e+00 0.0000000e+00 0.0000000e+00 0.0000000e+00 0.0000000e+00
3.8154744e-03 4.5407669e-03 1.2161634e-03 1.3763470e-03 2.5969971e-01 8.1298723e-04 8.4276534e-04 9.6850984e-04 8.4144253e-04 0.0000000e+00 0.0000000e+00 0.0000000e+00 0.0000000e+00 0.0000000e+00 0.0000000e+00 0.0000000e+00 0.0000000e+00 0.0000000e+00 0.0000000e+00 0.0000000e+00 0.0000000e+00 0.0000000e+00 0.0000000e+00 0.0000000e+00 0.0000000e+00 0.0000000e+00 0.0000000e+00 0.0000000e+00 0.0000000e+00 0.0000000e+00 0.0000000e+00 0.0000000e+00 0.0000000e+00 0.0000000e+00 0.0000000e+00 0.0000000e+00 0.0000000e+00 0.0000000e+00 0.0000000e+00 0.0000000e+00 0.0000000e+00 0.0000000e+00 0.0000000e+00 0.0000000e+00 0.0000000e+00 0.0000000e+00 0.0000000e+00 0.0000000e+00 0.0000000e+00 0.0000000e+00
3.1567975e-03 9.8053776e-04 1.3292025e+00 1.7618361e+00 1.8314148e+00 1.8853735e+00 1.3869442e+00 4.5271739e-01 9.7154767e-04 9.8228283e-04 7.2537456e-04 7.5009878e-04 0.0000000e+00 0.0000000e+00 0.0000000e+00 0.0000000e+00 0.0000000e+00 0.0000000e+00 0.0000000e+00 0.0000000e+00 0.0000000e+00 0.0000000e+00 0.0000000e+00 0.0000000e+00 0.0000000e+00 0.0000000e+00 0.0000000e+00 0.0000000e+00 0.0000000e+00 0.0000000e+00 0.0000000e+00 0.0000000e+00 0.0000000e+00 0.0000000e+00 0.0000000e+00 0.0000000e+00 0.0000000e+00 0.0000000e+00 0.0000000e+00 0.0000000e+00 0.0000000e+00 0.0000000e+00 0.0000000e+00 0.0000000e+00 0.0000000e+00 0.0000000e+00 0.0000000e+00 0.0000000e+00 0.0000000e+00 0.0000000e+00
9.2778929e-04 1.7882465e+00 1.9783878e+00 2.0680706e+00 2.1316974e+00 2.0570237e+00 1.6286568e+00 1.2439814e+00 1.9408735e+00 1.3889987e+00 9.4978721e-04 8.3310293e-04 0.0000000e+00 0.0000000e+00 0.0000000e+00 0.0000000e+00 0.0000000e+00 0.0000000e+00 0.0000000e+00 0.0000000e+00 0.0000000e+00 0.0000000e+00 0.0000000e+00 0.0000000e+00 0.0000000e+00 0.0000000e+00 0.0000000e+00 0.0000000e+00 0.0000000e+00 0.0000000e+00 0.0000000e+00 0.0000000e+00 0.0000000e+00 0.0000000e+00 0.0000000e+00 0.0000000e+00 0.0000000e+00 0.0000000e+00 0.0000000e+00 0.0000000e+00 0.0000000e+00 0.0000000e+00 0.0000000e+00 0.0000000e+00 0.0000000e+00 0.0000000e+00 0.0000000e+00 0.0000000e+00 0.0000000e+00 0.0000000e+00
1.6078998e+00 5.2028726e-04 9.8464628e-01 1.9657419e+00 2.1446176e+00 8.1025921e-01 1.2351446e+00 1.3759419e+00 2.1873009e+00 1.5272919e+00 8.1674675e-04 5.8395253e-04 0.0000000e+00 0.0000000e+00 0.0000000e+00 0.0000000e+00 0.0000000e+00 0.0000000e+00 0.0000000e+00 0.0000000e+00 0.0000000e+00 0.0000000e+00 0.0000000e+00 0.0000000e+00 0.0000000e+00 0.0000000e+00 0.0000000e+00 0.0000000e+00 0.0000000e+00 0.0000000e+00 0.0000000e+00 0.0000000e+00 0.0000000e+00 0.0000000e+00 0.0000000e+00 0.0000000e+00 0.0000000e+00 0.0000000e+00 0.0000000e+00 0.0000000e+00 0.0000000e+00 0.0000000e+00 0.0000000e+00 0.0000000e+00 0.0000000e+00 0.0000000e+00 0.0000000e+00 0.0000000e+00 0.0000000e+00 0.0000000e+00
1.7959520e+00 5.2724415e-01 1.3518822e+00 1.1497178e+00 2.1920657e+00 2.3002981e+00 2.2123250e+00 2.1982524e+00 2.2015702e+00 1.2628052e+00 6.4393940e-04 8.7839071e-04 0.0000000e+00 0.0000000e+00 0.0000000e+00 0.0000000e+00 0.0000000e+00 0.0000000e+00 0.0000000e+00 0.0000000e+00 0.0000000e+00 0.0000000e+00 0.0000000e+00 0.0000000e+00 0.0000000e+00 0.0000000e+00 0.0000000e+00 0.0000000e+00 0.0000000e+00 0.0000000e+00 0.0000000e+00 0.0000000e+00 0.0000000e+00 0.0000000e+00 0.0000000e+00 0.0000000e+00 0.0000000e+00 0.0000000e+00 0.0000000e+00 0.0000000e+00 0.0000000e+00 0.0000000e+00 0.0000000e+00 0.0000000e+00 0.0000000e+00 9.9969551e-04 0.0000000e+00 0.0000000e+00 9.9632269e-04 9.9975429e-04
2.0558565e+00 1.8212060e+00 2.0110466e+00 1.9191809e+00 2.2187632e+00 2.2884501e+00 2.3091067e+00 2.3310032e+00 2.0881215e+00 5.1841792e-01 7.8657574e-04 9.8041073e-04 9.3484948e-04 9.8696260e-04 9.1516322e-04 9.6171300e-04 9.1972814e-04 9.9493217e-04 8.5397743e-04 9.2954551e-04 9.5040976e-04 9.8524701e-04 0.0000000e+00 0.0000000e+00 0.0000000e+00 0.0000000e+00 0.0000000e+00 0.0000000e+00 0.0000000e+00 0.0000000e+00 0.0000000e+00 0.0000000e+00 0.0000000e+00 0.0000000e+00 0.0000000e+00 0.0000000e+00 0.0000000e+00 0.0000000e+00 0.0000000e+00 0.0000000e+00 0.0000000e+00 0.0000000e+00 0.0000000e+00 0.0000000e+00 9.9979242e-04 9.9688757e-04 9.9848744e-04 9.8613259e-04 9.9756050e-04 9.9947222e-04
2.9034849e+00 2.1612005e+00 2.0231937e+00 2.0732588e+00 2.2416449e+00 2.4373858e+00 2.5395346e+00 2.5795283e+00 2.4585100e+00 2.1310899e+00 1.8429808e+00 1.6832814e+00 1.5840173e+00 1.6566233e+00 1.8361620e+00 1.6568821e+00 1.6541423e+00 1.6099259e+00 1.3065695e+00 9.0645226e-01 5.2396684e-01 9.4471655e-04 9.4970256e-04 9.0270135e-04 9.5463979e-04 9.0063514e-04 0.0000000e+00 0.0000000e+00 0.0000000e+00 0.0000000e+00 0.0000000e+00 0.0000000e+00 0.0000000e+00 0.0000000e+00 0.0000000e+00 0.0000000e+00 0.0000000e+00 0.0000000e+00 0.0000000e+00 0.0000000e+00 0.0000000e+00 0.0000000e+00 0.0000000e+00 9.9482613e-04 9.9870596e-04 9.9754497e-04 8.2780458e-03 9.9607068e-04 9.9319418e-04 9.9898683e-04
3.9616312e+00 2.6864078e+00 1.9066031e+00 2.0624752e+00 2.3748651e+00 2.7307805e+00 2.9468557e+00 3.0010498e+00 2.9441015e+00 2.8074068e+00 2.6210128e+00 2.4976525e+00 2.3760875e+00 2.2997666e+00 1.8858391e+00 9.5927370e-01 1.7934689e+00 1.9856632e+00 1.9111047e+00 1.7626423e+00 1.7889638e+00 1.3852405e+00 1.2458498e+00 5.2223081e-01 1.1651045e+00 7.1880803e-04 9.9565774e-04 0.0000000e+00 0.0000000e+00 0.0000000e+00 0.0000000e+00 0.0000000e+00 0.0000000e+00 0.0000000e+00 0.0000000e+00 0.0000000e+00 0.0000000e+00 0.0000000e+00 0.0000000e+00 0.0000000e+00 0.0000000e+00 0.0000000e+00 3.7113552e-06 9.9419864e-04 9.9747937e-04 9.8366817e-04 7.1629200e-04 9.9997795e-04 9.8924549e-04 9.6259031e-04
5.1515850e+00 3.2285473e+00 1.8774520e+00 1.3438691e+00 2.0546907e+00 3.3875237e+00 3.6000786e+00 3.6400314e+00 3.5375461e+00 3.3140379e+00 3.0180404e+00 2.7288856e+00 2.4748384e+00 2.2776645e+00 1.4547696e+00 8.3372531e-01 1.3201770e+00 1.8341016e+00 1.3543942e+00 1.4069384e+00 1.4882459e+00 1.0681066e+00 1.5815304e+00 1.4995307e+00 1.5810488e+00 1.5107250e+00 1.8978552e-01 8.2701752e-04 9.5092692e-04 0.0000000e+00 0.0000000e+00 0.0000000e+00 0.0000000e+00 0.0000000e+00 0.0000000e+00 0.0000000e+00 0.0000000e+00 0.0000000e+00 0.0000000e+00 0.0000000e+00 0.0000000e+00 0.0000000e+00 9.7540778e-04 9.9240860e-04 9.7476642e-04 8.4804774e-04 9.8666792e-04 2.0159029e-03 6.6235053e-02 9.8646664e-04
7.3262070e+00 4.7293686e+00 2.4184508e+00 1.7628587e+00 3.3095780e+00 4.3707851e+00 4.4814545e+00 4.4635838e+00 4.2875121e+00 3.9636219e+00 3.5653336e+00 3.1162535e+00 2.7121081e+00 2.4260246e+00 2.0107569e+00 1.4174000e+00 1.9689322e+00 2.0861714e+00 1.8174839e+00 1.6181582e+00 1.8494989e+00 1.5670337e+00 1.6084748e+00 1.5234048e+00 1.5971916e+00 1.7748502e+00 5.3663048e-01 9.7553912e-01 8.2642924e-04 8.6951792e-04 8.3663426e-04 0.0000000e+00 0.0000000e+00 0.0000000e+00 0.0000000e+00 0.0000000e+00 0.0000000e+00 0.0000000e+00 0.0000000e+00 9.9876021e-04 9.9952697e-04 0.0000000e+00 9.8455479e-04 9.6162352e-04 3.6814081e-01 3.4060854e-01 2.9619753e-01 2.1833058e-01 3.9556625e-01 3.2674390e-01
9.2118771e+00 7.3806734e+00 6.4976987e+00 4.9346443e+00 5.5633559e+00 5.4451009e+00 5.3934114e+00 5.2594423e+00 4.9642844e+00 4.5578457e+00 4.0260554e+00 3.4308180e+00 2.8767692e+00 2.5130667e+00 2.1283397e+00 1.3310181e+00 2.0708162e+00 2.1071685e+00 2.4262451e+00 2.2061471e+00 1.6210608e+00 1.6691990e+00 1.0329361e+00 1.4620329e+00 1.1272337e+00 7.2388521e-01 1.3499231e+00 1.5325803e+00 1.6851374e+00 2.5839777e-01 6.8104154e-04 8.1798794e-04 0.0000000e+00 0.0000000e+00 0.0000000e+00 0.0000000e+00 9.9959158e-04 9.9884596e-04 9.9882070e-04 9.9586693e-04 9.9996703e-04 9.8721785e-04 9.8211491e-04 9.8165058e-04 4.9601065e-01 6.1231642e-01 4.7934948e-01 3.8144747e-01 5.4527877e-01 5.3352409e-01
9.7748071e+00 9.1046862e+00 9.0467254e+00 7.5248118e+00 7.8013286e+00 6.9075897e+00 6.5488674e+00 6.2702806e+00 5.8950405e+00 5.3697402e+00 4.6171411e+00 3.7856147e+00 3.0374839e+00 2.3946836e+00 1.9444142e+00 1.8079240e+00 1.9015021e+00 2.0063349e+00 2.5064397e+00 1.8864147e+00 1.1112538e+00 1.8344057e+00 1.8591310e+00 1.8721254e+00 1.5141850e+00 1.6624692e+00 1.5118849e+00 1.3952022e+00 1.4451248e+00 1.9008483e+00 9.2579853e-01 7.8296015e-04 8.1763206e-04 9.4286185e-04 8.8507855e-04 9.9044681e-04 9.7103878e-04 9.9921124e-04 9.9876747e-04 9.9614498e-04 9.9603983e-04 9.9413583e-04 1.3192324e-02 1.2248665e-01 2.5068743e-01 3.2733439e-01 5.9670268e-01 4.6657011e-01 7.4375815e-01 9.9346424e-01
1.0477421e+01 1.0241475e+01 9.9470355e+00 9.3814725e+00 8.9074151e+00 8.2664902e+00 7.8691377e+00 7.4772761e+00 7.2088301e+00 6.6544953e+00 5.4669106e+00 4.1818434e+00 3.3028581e+00 2.6036733e+00 2.0560960e+00 1.9175217e+00 1.8111890e+00 1.9194667e+00 8.5651432e-04 5.7664099e-01 2.0511284e+00 1.9025739e+00 2.1022041e+00 1.9304588e+00 7.7082351e-01 1.4932022e+00 1.7717439e+00 1.4636218e+00 1.4953788e+00 4.7131418e-01 1.9062536e+00 1.9266002e+00 1.1954486e+00 9.5580017e-04 9.2824110e-04 9.5303444e-04 9.5064136e-04 9.8569964e-04 9.7633673e-04 1.3731337e-03 9.9044176e-04 6.2869248e-02 1.1792516e-02 9.6186256e-04 9.8423250e-04 9.9312141e-04 9.4709900e-04 2.2419097e-01 5.8288848e-01 4.8105920e-01
1.0465146e+01 1.0363255e+01 1.0166460e+01 9.7543842e+00 9.3072028e+00 8.7734222e+00 8.3673209e+00 8.2303060e+00 8.1401628e+00 7.6721479e+00 6.2548448e+00 4.4434893e+00 3.6788872e+00 3.1168248e+00 2.1712378e+00 1.1982445e+00 2.0406993e+00 2.0082655e+00 2.1650043e+00 2.1796042e+00 2.3727620e+00 2.1834991e+00 2.3655733e+00 1.9344805e+00 0.0000000e+00 6.1670771e-01 1.8806995e+00 1.6139779e+00 1.6308556e+00 1.7786991e+00 1.9192758e+00 2.1122792e+00 2.1584844e+00 1.8463967e+00 1.7080759e+00 1.0635569e+00 1.2538602e-01 8.0199731e-04 9.2084795e-04 1.1676008e-03 9.9402977e-04 9.9375183e-04 7.5796215e-03 9.9746780e-04 9.8989610e-04 9.8123988e-04 9.4210249e-04 8.7964982e-04 5.9236892e-02 1.3312604e-01
1.0318153e+01 1.0162775e+01 1.0037067e+01 9.7701176e+00 9.4567053e+00 9.0865240e+00 8.7955442e+00 8.6160179e+00 8.4350367e+00 7.9651200e+00 6.7702272e+00 4.7669317e+00 4.6337043e+00 4.4233435e+00 2.8290131e+00 2.3799030e+00 2.8578533e+00 3.0114820e+00 3.2148484e+00 3.0125233e+00 2.7365539e+00 2.4810854e+00 2.3270365e+00 2.2111029e+00 1.6572600e-02 1.5488523e+00 1.2997395e+00 2.0041187e+00 1.9968144e+00 1.7862976e+00 1.2764121e+00 2.0454359e+00 2.1394914e+00 2.2056489e+00 2.2489050e+00 2.2688441e+00 1.8852883e+00 1.4644255e+00 1.5620860e+00 9.0387748e-04 8.7907569e-04 9.7708189e-04 9.9759112e-04 9.9950060e-04 9.9814541e-04 9.9857304e-04 9.9817081e-04 9.6829180e-04 9.8314220e-04 2.6743621e-03
1.0244332e+01 9.9132476e+00 9.8562370e+00 9.7801852e+00 9.5599162e+00 9.3034705e+00 9.0362239e+00 8.8571268e+00 8.6116714e+00 8.1531845e+00 7.2181250e+00 6.2879521e+00 6.7131042e+00 7.3005151e+00 5.7900892e+00 4.8100272e+00 4.7150522e+00 4.5881912e+00 4.2641401e+00 3.9018991e+00 3.4091930e+00 2.8226474e+00 2.2901091e+00 1.9085656e+00 1.8841608e+00 2.1365555e+00 1.3624482e+00 2.1348167e+00 2.0294834e+00 1.1857704e+00 1.7953294e+00 2.1453459e+00 2.1067724e+00 2.0450599e+00 1.9660110e+00 1.8706407e+00 1.7690327e+00 2.0033943e+00 2.1712175e+00 1.4116055e+00 1.3341836e+00 7.4890310e-04 8.6193336e-04 9.9836578e-04 9.9774880e-04 9.9925733e-04 9.9879861e-04 9.9866229e-04 9.9866510e-04 9.9620669e-04
1.0255400e+01 9.7479037e+00 9.9043214e+00 9.8553765e+00 9.6256933e+00 9.4390148e+00 9.2323971e+00 9.0485435e+00 8.7966269e+00 8.4313864e+00 7.9227699e+00 7.5664412e+00 7.7959811e+00 7.8847513e+00 7.0101435e+00 6.6279784e+00 6.5722207e+00 6.1541912e+00 5.5978921e+00 4.8516226e+00 4.0936086e+00 3.3434747e+00 2.6490055e+00 2.2018059e+00 2.0254149e+00 2.2648779e+00 1.5244108e+00 1.6124408e+00 1.7818759e+00 1.6962111e+00 2.0055511e+00 2.0501290e+00 2.0371482e+00 1.9657592e+00 1.8895708e+00 1.7861749e+00 1.7699553e+00 1.9384658e+00 2.2102101e+00 1.9915421e+00 1.4396206e+00 1.0721109e+00 9.8735444e-04 8.1416309e-04 0.0000000e+00 0.0000000e+00 9.9749328e-04 9.9946624e-04 9.9946535e-04 9.9999585e-04
1.0330618e+01 9.9015023e+00 9.7569789e+00 9.7474006e+00 9.8114865e+00 9.5566501e+00 9.4240466e+00 9.2245317e+00 8.9846256e+00 8.7099165e+00 8.4045032e+00 8.2054311e+00 8.1914379e+00 8.0507928e+00 7.5689754e+00 7.3803971e+00 7.3972363e+00 7.0684380e+00 6.6473731e+00 5.8424288e+00 4.9020804e+00 3.8489896e+00 3.1293253e+00 2.5613713e+00 1.4619676e+00 1.9468969e+00 1.8480467e+00 1.4910858e+00 9.8152723e-01 1.6859484e+00 1.9345917e+00 2.0311297e+00 2.0679785e+00 1.9447463e+00 1.8697136e+00 1.8389818e+00 1.8706304e+00 2.0006340e+00 2.2208572e+00 2.2096613e+00 1.7873645e+00 2.2052913e+00 1.3981741e+00 9.7971073e-04 0.0000000e+00 0.0000000e+00 8.6781785e-04 9.7570967e-04 0.0000000e+00 0.0000000e+00
1.0736328e+01 9.1886137e+00 9.7228142e+00 9.3992495e+00 1.0012308e+01 9.6362882e+00 9.5460403e+00 9.3714350e+00 9.1536402e+00 8.9178702e+00 8.6855816e+00 8.5110103e+00 8.4042834e+00 8.2566358e+00 7.9915198e+00 7.8017357e+00 7.6796433e+00 7.4039294e+00 6.9670999e+00 6.5991343e+00 5.6729007e+00 4.1995562e+00 3.4212723e+00 2.8112669e+00 2.0859045e+00 1.6190681e+00 1.6961748e+00 2.1778766e+00 1.7755449e+00 1.8573475e+00 1.9621164e+00 2.0960172e+00 2.2197724e+00 1.9591140e+00 1.8700822e+00 1.8659465e+00 1.9155515e+00 2.0291955e+00 2.1484850e+00 2.2668823e+00 2.2382600e+00 2.4182549e+00 1.3258828e+00 8.3726097e-04 8.8458379e-04 9.6315078e-04 9.1800652e-04 9.6592503e-04 9.9061204e-04 0.0000000e+00
1.1487162e+01 1.0813108e+01 1.0337091e+01 9.8895225e+00 9.8661557e+00 9.8869632e+00 9.7242509e+00 9.6295283e+00 9.4577188e+00 9.2417880e+00 9.0210837e+00 8.8255002e+00 8.6484478e+00 8.4321924e+00 8.1854705e+00 7.9619849e+00 7.7551414e+00 7.4566637e+00 6.9827943e+00 6.3179750e+00 5.3265442e+00 4.3937640e+00 3.6315532e+00 3.0966912e+00 2.4955929e+00 1.7373841e+00 2.1437908e+00 2.2293336e+00 2.2141120e+00 1.9862253e+00 2.0563561e+00 2.4525799e+00 8.1813956e-01 7.3311536e-01 1.8933119e+00 1.8814465e+00 1.9419587e+00 2.0232552e+00 2.0725193e+00 2.1172249e+00 2.1650197e+00 1.1862313e+00 2.9537837e-04 1.4147032e-01 1.5225368e+00 6.9929204e-01 8.1244535e-04 9.4762398e-04 8.6891114e-04 9.9040996e-04
