ahotovec/data/depth_0028.asc
ncols     164
nrows     146
xllcorner -1.242151388888889e+02
yllcorner  4.172986111111111e+01
cellsize  2.777777777820000e-04
nodata_value       -9999
[rows 88 to 109 of 146, columns 0 to 49 of 164]
1.2810803e+01 1.2834259e+01 1.2717873e+01 1.2296586e+01 1.2173320e+01 1.2365682e+01 1.1937547e+01 1.1825896e+01 1.1641667e+01 1.1428209e+01 1.1201627e+01 1.0973327e+01 1.0755444e+01 1.0523338e+01 1.0261140e+01 9.9870440e+00 9.6808326e+00 9.2639691e+00 8.6592761e+00 8.0282619e+00 7.2157608e+00 6.3895625e+00 5.7221003e+00 5.1899633e+00 4.6636308e+00 4.2151276e+00 3.8848020e+00 1.8039821e+00 5.5128319e-01 3.9786257e+00 4.1599630e+00 4.4009625e+00 4.1353890e+00 3.6272722e+00 3.8386061e+00 3.8250977e+00 3.8625330e+00 3.8894142e+00 3.8853206e+00 3.8777348e+00 3.9237051e+00 3.3225656e+00 3.2606307e+00 2.3047331e+00 4.4791250e+00 4.2898996e+00 3.6734754e+00 1.4277027e+00 8.7956341e-04 9.9637993e-04
1.3208825e+01 1.2695139e+01 1.2489386e+01 1.2236828e+01 1.2225755e+01 1.2375661e+01 1.2194895e+01 1.2059759e+01 1.1853425e+01 1.1625898e+01 1.1372478e+01 1.1141332e+01 1.0898772e+01 1.0634440e+01 1.0334035e+01 9.9857018e+00 9.6051091e+00 9.0908010e+00 8.3912670e+00 7.7637767e+00 7.0288185e+00 6.3114894e+00 5.7161300e+00 5.2396887e+00 4.7634670e+00 4.4088126e+00 4.1057019e+00 3.8573445e+00 2.4884880e+00 4.3562485e+00 4.3353814e+00 4.3691554e+00 4.3496887e+00 4.0821053e+00 3.9585735e+00 3.9387784e+00 3.9362489e+00 3.9179990e+00 3.9033741e+00 3.8981456e+00 3.9662430e+00 4.1840192e+00 4.1464956e+00 4.1061142e+00 4.1067904e+00 4.3206014e+00 4.2690763e+00 3.0485972e+00 9.8160187e-01 7.5068519e-01
1.3432687e+01 1.2854390e+01 1.2405495e+01 1.2167505e+01 1.2482003e+01 1.2503787e+01 1.2433192e+01 1.2306540e+01 1.2064497e+01 1.1799280e+01 1.1545292e+01 1.1308691e+01 1.1050172e+01 1.0775267e+01 1.0426366e+01 1.0021596e+01 9.5488771e+00 8.9570798e+00 8.1665597e+00 7.5195901e+00 6.7951387e+00 6.1418973e+00 5.6314253e+00 5.2230998e+00 4.8215880e+00 4.5403557e+00 4.4527126e+00 4.5056205e+00 4.4899507e+00 4.4690862e+00 4.4976357e+00 4.5050484e+00 4.4032525e+00 4.2375989e+00 4.1511557e+00 4.0892851e+00 4.0369347e+00 3.9928746e+00 3.9654868e+00 3.9635496e+00 4.0251875e+00 4.1604306e+00 4.1339563e+00 3.9760347e+00 4.0681327e+00 4.1731643e+00 4.3059456e+00 4.1941506e+00 2.8539276e+00 3.1618906e+00
1.3298800e+01 1.2928996e+01 1.2638506e+01 1.2557942e+01 1.2637257e+01 1.2784461e+01 1.2789564e+01 1.2645398e+01 1.2320172e+01 1.1960244e+01 1.1719795e+01 1.1480606e+01 1.1251602e+01 1.0957462e+01 1.0576191e+01 1.0100318e+01 9.5411517e+00 8.8632465e+00 7.9937055e+00 7.2847705e+00 6.5542742e+00 5.9209306e+00 5.4238342e+00 5.1149517e+00 4.8131933e+00 4.6152812e+00 4.5350560e+00 4.5572674e+00 4.6042844e+00 4.6285752e+00 4.6512925e+00 4.6478172e+00 4.5882877e+00 4.4522363e+00 4.3225952e+00 4.2107303e+00 4.1260082e+00 4.0575742e+00 4.0362581e+00 4.0149813e+00 4.0813109e+00 4.2322311e+00 4.6033058e+00 4.7993083e+00 4.1733848e+00 3.7266631e+00 2.8043398e+00 3.0941067e+00 4.3460033e+00 4.3505395e+00
1.3462069e+01 1.3410411e+01 1.3301295e+01 1.3196693e+01 1.3116640e+01 1.3154887e+01 1.2894942e+01 1.2777581e+01 1.2508795e+01 1.2361581e+01 1.1976804e+01 1.1858929e+01 1.1576993e+01 1.1230888e+01 1.0792801e+01 1.0237528e+01 9.5978356e+00 8.8119942e+00 7.8536415e+00 7.0358931e+00 6.2733319e+00 5.6239527e+00 5.1560517e+00 4.9246967e+00 4.7439986e+00 4.6476260e+00 4.5995371e+00 4.5755629e+00 4.6529332e+00 4.7432822e+00 4.8139776e+00 4.8458833e+00 4.8017474e+00 4.6617344e+00 4.5195664e+00 4.3383466e+00 4.2076750e+00 4.1107961e+00 4.0620874e+00 4.0251469e+00 4.0701461e+00 4.0757918e+00 3.1180577e+00 2.3646381e-01 2.6469208e-01 9.0708775e-04 8.7134453e-04 2.1232418e+00 3.5400211e+00 4.2679457e+00
1.4420478e+01 1.4326286e+01 1.4185492e+01 1.4013191e+01 1.3859255e+01 1.3707830e+01 1.3711249e+01 1.3530203e+01 1.2869407e+01 1.2552560e+01 1.2792130e+01 1.2458478e+01 1.2254807e+01 1.1626345e+01 1.1072908e+01 1.0412908e+01 9.7142292e+00 8.8252980e+00 7.7329758e+00 6.7957706e+00 5.9326624e+00 5.2644629e+00 4.8660825e+00 4.7083112e+00 4.5430101e+00 4.3663033e+00 4.3535417e+00 4.5661358e+00 4.6871412e+00 4.8366964e+00 4.9866024e+00 5.0666778e+00 5.0326129e+00 4.8837143e+00 4.6861617e+00 4.4339793e+00 4.2432923e+00 4.1568923e+00 4.1629599e+00 4.0861095e+00 4.1489453e+00 2.4824138e+00 0.0000000e+00 0.0000000e+00 0.0000000e+00 0.0000000e+00 0.0000000e+00 2.3058479e+00 4.3823959e+00 4.2216331e+00
1.5534307e+01 1.5326848e+01 1.5102159e+01 1.4885328e+01 1.4677430e+01 1.4498708e+01 1.4538742e+01 1.4296612e+01 1.3951634e+01 1.3746591e+01 1.3622089e+01 1.3494047e+01 1.2822116e+01 1.2073565e+01 1.1325490e+01 1.0594374e+01 9.8423390e+00 8.8651817e+00 7.6664464e+00 6.6119629e+00 5.6404445e+00 4.9028246e+00 4.6241971e+00 4.6093106e+00 4.1927756e+00 3.5080332e+00 3.6498774e+00 4.5030128e+00 4.7230593e+00 4.9474036e+00 5.1738611e+00 5.3135622e+00 5.2904802e+00 5.1106238e+00 4.8376663e+00 4.5218249e+00 4.2436651e+00 4.2101608e+00 4.2347694e+00 4.0068148e+00 4.2584883e+00 2.9754905e+00 7.2686686e-04 0.0000000e+00 0.0000000e+00 0.0000000e+00 8.5017294e-04 2.7383041e+00 4.4645780e+00 4.2997490e+00
1.6374805e+01 1.6136328e+01 1.5896154e+01 1.5688054e+01 1.5513539e+01 1.5373823e+01 1.5242853e+01 1.5121798e+01 1.4899327e+01 1.4417291e+01 1.3026293e+01 1.3384342e+01 1.2955957e+01 1.2324637e+01 1.1590596e+01 1.0843827e+01 1.0114190e+01 9.1565596e+00 7.7893826e+00 6.5386869e+00 5.3291659e+00 3.8815528e+00 3.7769141e+00 3.4898095e+00 3.8329571e+00 3.8176164e+00 3.9185816e+00 4.0744336e+00 4.7898890e+00 5.3272674e+00 5.6887529e+00 5.8917027e+00 5.9001668e+00 5.6589672e+00 5.2978738e+00 4.7616149e+00 4.2170634e+00 4.1304629e+00 3.2652736e+00 3.0644830e+00 4.2764178e+00 3.5617123e+00 7.9485918e-04 9.5977383e-04 7.4756249e-04 1.5874689e+00 2.6946407e+00 4.2368503e+00 4.3445492e+00 4.3937833e+00
1.7102755e+01 1.6919846e+01 1.6758188e+01 1.6661188e+01 1.6492969e+01 1.6298768e+01 1.6188128e+01 1.5668806e+01 1.4391997e+01 1.3525466e+01 1.2826538e+01 1.2842822e+01 1.2623819e+01 1.2180042e+01 1.1687945e+01 1.1087348e+01 1.0454790e+01 9.5825832e+00 8.1797763e+00 6.7535881e+00 5.1974848e+00 4.3130313e+00 3.1182318e+00 2.0633654e+00 3.8206318e+00 4.1751729e+00 4.2594160e+00 4.3007446e+00 5.2552367e+00 5.9314283e+00 6.3584575e+00 6.5920981e+00 6.6003674e+00 6.3288298e+00 5.9028718e+00 5.2761312e+00 4.5182445e+00 4.1117021e+00 4.3007344e+00 4.4453536e+00 4.4779622e+00 4.2661135e+00 4.0709065e+00 4.1580079e+00 3.6916185e+00 3.3156686e+00 3.6651223e+00 3.6175257e+00 4.5656376e+00 4.5749311e+00
1.7722157e+01 1.7961004e+01 1.7711630e+01 1.7263572e+01 1.6895417e+01 1.7001904e+01 1.6489829e+01 1.6358964e+01 1.4314456e+01 1.2783004e+01 1.2776244e+01 1.2632454e+01 1.2326099e+01 1.2106030e+01 1.1801093e+01 1.1356226e+01 1.0909490e+01 1.0276851e+01 8.9598716e+00 7.5105052e+00 5.4880523e+00 4.2760380e+00 3.9697643e+00 3.6457781e+00 3.4887239e+00 4.7649291e+00 5.3875310e+00 5.8014710e+00 6.3421482e+00 6.8699234e+00 7.2522409e+00 7.4688162e+00 7.4641360e+00 7.2010456e+00 6.8050739e+00 6.2358127e+00 5.5828314e+00 5.1247489e+00 5.1838567e+00 5.2073694e+00 5.0216745e+00 4.7976203e+00 4.7568906e+00 4.5655278e+00 4.2709894e+00 3.4219739e+00 3.7936749e+00 4.4482498e+00 4.7271549e+00 4.7640916e+00
1.8903178e+01 1.9015574e+01 1.8122531e+01 1.8015883e+01 1.7039419e+01 1.7351037e+01 1.6793394e+01 1.4457938e+01 1.2920498e+01 1.3154063e+01 1.2840621e+01 1.2501479e+01 1.2313034e+01 1.2220822e+01 1.1999232e+01 1.1640630e+01 1.1437057e+01 1.1349129e+01 1.0429636e+01 9.4337241e+00 7.9809105e+00 5.6861005e+00 4.4836954e+00 4.3402761e+00 4.5829596e+00 5.9935912e+00 6.9604075e+00 7.3924428e+00 7.7578379e+00 8.1108790e+00 8.3874747e+00 8.5292393e+00 8.5060426e+00 8.2776290e+00 7.9554886e+00 7.5070231e+00 6.9873865e+00 6.5972507e+00 6.3626618e+00 6.1482837e+00 5.8915722e+00 5.5387826e+00 5.1662850e+00 4.7821413e+00 4.3339277e+00 4.2513301e+00 4.5495562e+00 4.8037173e+00 4.9360874e+00 5.0005700e+00
1.9222494e+01 1.9744839e+01 1.9284475e+01 1.8622621e+01 1.8467954e+01 1.7090600e+01 1.5527561e+01 1.0849496e+01 1.1284984e+01 1.1426982e+01 1.2555784e+01 1.3068286e+01 1.2414677e+01 1.2445817e+01 1.2382204e+01 1.2020053e+01 1.1607165e+01 1.2219053e+01 1.2455097e+01 1.1848161e+01 1.1435740e+01 9.4241306e+00 8.0141108e+00 8.2758551e+00 8.8413719e+00 9.5649034e+00 9.3875177e+00 9.1799675e+00 9.2306545e+00 9.4277108e+00 9.6108794e+00 9.6844283e+00 9.6476757e+00 9.4735394e+00 9.2066781e+00 8.8536470e+00 8.3865682e+00 8.2229256e+00 7.9977086e+00 7.3837441e+00 6.8223181e+00 6.3878816e+00 5.9538106e+00 5.4959259e+00 5.0435644e+00 4.8188089e+00 4.9353553e+00 5.1280688e+00 5.2649856e+00 5.2867824e+00
1.9362578e+01 1.7947926e+01 1.9655399e+01 1.9127321e+01 1.8882362e+01 1.7998791e+01 1.4214425e+01 1.2178489e+01 9.4969937e+00 8.4979115e+00 1.1247121e+01 1.3378489e+01 1.2336776e+01 1.2568991e+01 1.2910988e+01 1.2844716e+01 1.1943531e+01 1.2789559e+01 1.3892382e+01 1.4028173e+01 1.3179447e+01 1.2726123e+01 1.1901492e+01 1.2103164e+01 1.2537318e+01 1.2934377e+01 1.1465032e+01 1.0470716e+01 1.0322263e+01 1.0468253e+01 1.0603114e+01 1.0619490e+01 1.0564437e+01 1.0448715e+01 1.0261479e+01 9.9390313e+00 9.6691804e+00 8.6400851e+00 9.0432489e+00 8.4423252e+00 7.6604757e+00 7.1290121e+00 6.6412037e+00 6.1853175e+00 5.7659508e+00 5.5029723e+00 5.4721626e+00 5.5613288e+00 5.6018883e+00 5.5789701e+00
2.0624304e+01 1.9646318e+01 2.0004384e+01 1.9126918e+01 1.8968587e+01 1.8080407e+01 1.6223200e+01 1.5237215e+01 1.2829289e+01 1.4007363e+01 1.4595371e+01 1.4713128e+01 1.3966150e+01 1.3905988e+01 1.3727394e+01 1.3776175e+01 1.4349661e+01 1.4497875e+01 1.4570479e+01 1.3541417e+01 1.3635751e+01 1.3981920e+01 1.3975721e+01 1.3703240e+01 1.3871277e+01 1.3368331e+01 1.1611122e+01 1.1144574e+01 1.1532708e+01 1.1715711e+01 1.1770858e+01 1.1649457e+01 1.1571194e+01 1.1556115e+01 1.1416866e+01 1.1206508e+01 1.1267711e+01 7.5482031e+00 3.6158136e+00 8.4091500e+00 8.9575204e+00 8.1715509e+00 7.5315216e+00 7.0096100e+00 6.6065998e+00 6.3446255e+00 6.3187517e+00 6.1451823e+00 6.0158699e+00 5.9381314e+00
2.0651286e+01 2.0063207e+01 1.9152761e+01 1.9516654e+01 1.9268993e+01 1.8556885e+01 1.8953490e+01 1.7067738e+01 1.6681013e+01 1.6500114e+01 1.4843689e+01 1.1440162e+01 1.5620058e+01 1.5276145e+01 1.4737155e+01 1.5103562e+01 1.5279477e+01 1.5202234e+01 1.5085951e+01 1.4727596e+01 1.4491487e+01 1.3836862e+01 1.3903077e+01 1.3260900e+01 1.4283039e+01 1.4256442e+01 1.2681856e+01 1.2223622e+01 1.2707971e+01 1.2889546e+01 1.3096937e+01 1.2827905e+01 1.2666495e+01 1.3001613e+01 1.3082921e+01 1.2748936e+01 1.3002935e+01 1.1148437e+01 1.0134898e+01 1.0039057e+01 5.0178169e+00 4.5771128e+00 8.2992350e+00 8.2275143e+00 7.8385930e+00 6.6528119e+00 3.7399901e+00 5.9936867e+00 6.7623863e+00 6.4955323e+00
2.0523276e+01 2.0065182e+01 1.9211372e+01 2.0227527e+01 1.9840347e+01 1.9211944e+01 1.8098630e+01 1.7144209e+01 1.7627242e+01 1.4821912e+01 1.5606174e+01 1.2340944e+01 1.5285093e+01 1.6371772e+01 1.6005168e+01 1.5829082e+01 1.5687248e+01 1.5686404e+01 1.5257084e+01 1.4962798e+01 1.4806053e+01 1.4446410e+01 1.4301189e+01 1.2917670e+01 1.3957589e+01 1.4192917e+01 1.4324732e+01 1.3583920e+01 1.4103223e+01 1.3539218e+01 1.3391762e+01 1.3285645e+01 1.3119208e+01 1.3346112e+01 1.3779605e+01 1.3165338e+01 1.3284251e+01 1.3581869e+01 1.2769011e+01 1.1533433e+01 8.7617729e+00 8.2832224e+00 9.4475815e+00 9.0098680e+00 8.6934809e+00 7.3769758e+00 3.9084248e+00 6.4188873e+00 7.3786009e+00 6.9898900e+00
2.1238809e+01 2.0370714e+01 2.0611941e+01 2.0633724e+01 1.7481548e+01 1.9817708e+01 1.8535494e+01 1.7938885e+01 1.7931765e+01 1.6161144e+01 1.6874512e+01 1.6070926e+01 1.6189788e+01 1.7238616e+01 1.6557769e+01 1.6305307e+01 1.6259290e+01 1.6301205e+01 1.6016019e+01 1.5391905e+01 1.5132693e+01 1.4855398e+01 1.4583610e+01 1.4093748e+01 1.4600434e+01 1.4480755e+01 1.4352728e+01 1.4154021e+01 1.4284029e+01 1.3808043e+01 1.3612479e+01 1.3274150e+01 1.2849791e+01 1.3272438e+01 1.2449694e+01 1.3288755e+01 1.3332490e+01 1.3324204e+01 1.2755402e+01 1.2056682e+01 1.1563938e+01 1.0932343e+01 1.0192017e+01 9.6499961e+00 9.2653273e+00 8.8202917e+00 8.1780621e+00 8.1917016e+00 7.8806567e+00 7.5177821e+00
2.1511683e+01 2.1253043e+01 2.0920646e+01 2.0265422e+01 1.9136400e+01 1.9821843e+01 1.9119882e+01 1.8570253e+01 1.8390942e+01 1.8041176e+01 1.8106449e+01 1.8078890e+01 1.7800767e+01 1.7645805e+01 1.7175930e+01 1.6999615e+01 1.6508258e+01 1.5494089e+01 1.5630049e+01 1.6242578e+01 1.5623064e+01 1.5272088e+01 1.5241126e+01 1.4977213e+01 1.4907298e+01 1.4113128e+01 1.3723159e+01 1.4292937e+01 1.4571172e+01 1.3952075e+01 1.3673575e+01 1.3661538e+01 1.2562032e+01 1.2214620e+01 1.3354813e+01 1.3620256e+01 1.3583878e+01 1.3272928e+01 1.2859202e+01 1.2357604e+01 1.1772137e+01 1.1183864e+01 1.0685726e+01 1.0269055e+01 9.8795597e+00 9.5809219e+00 9.3361529e+00 8.9295508e+00 8.4573630e+00 8.0814652e+00
2.1227907e+01 2.1087975e+01 2.0339224e+01 2.0331225e+01 2.0325919e+01 1.9682944e+01 2.0164676e+01 1.9646031e+01 1.9333128e+01 1.9274797e+01 1.8901771e+01 1.8493864e+01 1.8128782e+01 1.8126760e+01 1.7687077e+01 1.7119241e+01 1.6109483e+01 1.5034266e+01 1.6004745e+01 1.6790352e+01 1.6243943e+01 1.5981547e+01 1.5866374e+01 1.5406304e+01 1.5195973e+01 1.4438719e+01 1.4578799e+01 1.4694290e+01 1.4101176e+01 1.4360167e+01 1.3279530e+01 1.2327308e+01 1.2083700e+01 1.1617333e+01 1.2238876e+01 1.3036189e+01 1.2893089e+01 1.2743557e+01 1.2914041e+01 1.2848037e+01 1.2116591e+01 1.1601149e+01 1.1152467e+01 1.0766912e+01 1.0436020e+01 1.0168382e+01 9.8941894e+00 9.5717402e+00 9.1113321e+00 8.6467924e+00
2.0643139e+01 2.0601883e+01 2.0936691e+01 2.0556646e+01 2.0432550e+01 2.0405203e+01 2.0268018e+01 2.0141335e+01 1.9979349e+01 1.9705055e+01 1.9302804e+01 1.8705282e+01 1.8574027e+01 1.7982554e+01 1.7682085e+01 1.8172007e+01 1.7355662e+01 1.6916145e+01 1.7377480e+01 1.7266402e+01 1.6868195e+01 1.6523185e+01 1.6217647e+01 1.5961517e+01 1.5605808e+01 1.5361706e+01 1.4284603e+01 1.5153811e+01 1.5490618e+01 1.4022900e+01 1.4108226e+01 1.3602907e+01 1.2986144e+01 1.2895097e+01 1.2608231e+01 1.2767892e+01 1.2110038e+01 1.1136068e+01 1.3116112e+01 1.3132305e+01 1.2544915e+01 1.2089480e+01 1.1538935e+01 1.1159465e+01 1.0933561e+01 1.0734178e+01 1.0536624e+01 1.0260970e+01 9.8232782e+00 9.3325750e+00
2.1727741e+01 2.1607336e+01 2.1278324e+01 2.0851440e+01 2.0654150e+01 2.0125100e+01 2.0179134e+01 2.0243888e+01 2.0166425e+01 1.9934488e+01 1.9570667e+01 1.9202793e+01 1.8965148e+01 1.8594335e+01 1.8391569e+01 1.8428890e+01 1.8332304e+01 1.8131042e+01 1.8376962e+01 1.7895342e+01 1.7395783e+01 1.7084777e+01 1.6928995e+01 1.6596611e+01 1.6400564e+01 1.6246568e+01 1.5801708e+01 1.5285031e+01 1.4834662e+01 1.2164193e+01 1.2809425e+01 1.3142705e+01 1.3272321e+01 1.3631309e+01 1.3194992e+01 1.2674548e+01 1.2542267e+01 1.2446118e+01 1.1954834e+01 1.2477822e+01 1.1518226e+01 1.1114660e+01 1.1510212e+01 1.1559823e+01 1.1387670e+01 1.1286245e+01 1.1172727e+01 1.0960832e+01 1.0549194e+01 1.0079778e+01
2.1031241e+01 2.1693097e+01 2.1549091e+01 2.1216207e+01 2.1021102e+01 2.0951882e+01 2.0785480e+01 2.0594922e+01 2.0206746e+01 1.9983158e+01 1.9789616e+01 1.9678311e+01 1.9773277e+01 1.9256730e+01 1.8268736e+01 1.8855659e+01 1.8727166e+01 1.8023396e+01 1.8408738e+01 1.8470146e+01 1.8055560e+01 1.8009874e+01 1.7400235e+01 1.7189743e+01 1.6753004e+01 1.6514518e+01 1.6638600e+01 1.6521811e+01 1.6139558e+01 1.3965454e+01 1.4998816e+01 1.4897950e+01 1.4342667e+01 1.3941125e+01 1.3621611e+01 1.3159946e+01 1.2842837e+01 1.2186349e+01 1.1914708e+01 1.0549234e+01 4.3979234e+00 4.7843135e+00 1.0837349e+01 1.1951791e+01 1.1717300e+01 1.1750567e+01 1.1707673e+01 1.1547755e+01 1.1184402e+01 1.0724646e+01
