ahotovec/data/depth_0030.asc
ncols     164
nrows     146
xllcorner -1.242151388888889e+02
yllcorner  4.172986111111111e+01
cellsize  2.777777777820000e-04
nodata_value       -9999
[rows 66 to 87 of 146, columns 100 to 149 of 164]
2.5014674e-01 2.6366779e-01 2.6273702e-01 2.7441069e-01 2.8360375e-01 2.8909886e-01 2.9936803e-01 3.1304995e-01 3.1588560e-01 2.7832428e-01 2.1468360e-01 1.4362373e-01 4.8196204e-02 9.7789372e-04 4.4508922e-03 4.4353437e-03 4.1588777e-03 3.9190632e-03 4.2541081e-03 4.6101134e-03 4.1375078e-03 4.6184895e-03 8.3488369e-03 1.2059747e-02 9.7313982e-03 7.7544491e-03 7.2539289e-03 6.0468821e-03 4.7527225e-03 3.6675825e-03 3.1057285e-03 2.7781668e-03 2.5291370e-03 2.5283204e-03 2.5799226e-03 2.2978299e-03 2.2769064e-03 1.8506906e-03 1.7551552e-03 1.9525199e-03 1.8655495e-03 1.6905382e-03 1.1683162e-03 9.9878776e-04 9.9855903e-04 9.9988141e-04 9.9979051e-04 9.9843761e-04 9.9957594e-04 9.9986276e-04
3.6499935e-01 2.7688047e-01 1.6703112e-01 1.3336592e-01 2.1414177e-01 2.3516371e-01 2.1602358e-01 2.2576158e-01 2.2769513e-01 1.9267352e-01 9.2219123e-02 1.6750457e-03 2.6996533e-03 5.9235355e-03 5.1652931e-03 2.8503900e-03 2.3544523e-03 2.1145193e-03 2.0221501e-03 2.1908853e-03 2.3868617e-03 1.7743659e-03 9.9988549e-04 9.9951188e-04 1.6883266e-03 4.3093211e-03 4.1344322e-03 9.5120707e-03 2.8930679e-02 4.6607585e-02 6.1071955e-02 6.7251362e-02 7.5034335e-02 8.4730364e-02 6.8814551e-02 1.1672652e-01 9.3786081e-02 1.3695862e-01 7.4294986e-02 1.7294430e-02 4.4424649e-03 1.1284931e-03 1.2516492e-03 1.4697771e-03 1.0941304e-03 9.9910325e-04 9.9926664e-04 9.9891201e-04 9.9890443e-04 9.9915003e-04
8.5876788e-01 7.4456158e-01 6.4044093e-01 6.3629922e-01 6.3808812e-01 5.7091439e-01 3.5415931e-01 1.8410509e-01 1.5585969e-01 1.2890053e-01 7.5387522e-02 4.8232413e-02 2.5095730e-02 1.3163701e-02 7.4651460e-03 7.3242378e-03 6.2268583e-03 3.7887609e-03 2.6445558e-03 1.4732916e-03 1.1745493e-03 5.9323555e-03 1.8046535e-02 3.7259333e-02 6.7729545e-02 1.3771093e-01 2.1901083e-01 2.7774989e-01 3.3953837e-01 3.4848986e-01 3.7232458e-01 3.7997595e-01 4.0942816e-01 3.9942363e-01 4.1506265e-01 4.0451846e-01 4.1887829e-01 4.4750660e-01 4.1347824e-01 3.3123529e-01 2.9130284e-01 1.9253047e-01 1.0872288e-01 1.7874308e-02 9.9041243e-04 9.8316306e-04 1.0725263e-03 9.9888940e-04 9.9892627e-04 9.9995495e-04
1.3542750e+00 1.3064576e+00 1.2782607e+00 1.2766038e+00 1.2048207e+00 1.0027600e+00 8.6209407e-01 6.4788601e-01 4.7103808e-01 4.5446776e-01 4.2807732e-01 4.2195596e-01 3.7378916e-01 3.1066232e-01 2.3622989e-01 1.3934198e-01 7.7299544e-02 1.4599113e-02 1.5399372e-02 7.5859389e-02 1.4324803e-01 2.4001028e-01 3.0630419e-01 3.5945259e-01 4.4178945e-01 4.7101089e-01 5.4897111e-01 6.1979245e-01 6.8189847e-01 6.9693244e-01 7.6245315e-01 7.7414566e-01 7.5511274e-01 7.2807576e-01 7.0230567e-01 7.1002664e-01 7.1383463e-01 7.0881339e-01 7.0515646e-01 6.0107683e-01 5.6879986e-01 4.8711784e-01 4.0939938e-01 2.9947111e-01 1.7700145e-01 7.8132874e-02 1.1421749e-02 1.0898008e-03 1.4059098e-03 9.9958013e-04
1.4716725e+00 1.4264332e+00 1.4413221e+00 1.4429268e+00 1.3973769e+00 1.3593329e+00 1.3810230e+00 1.3327410e+00 1.1510160e+00 1.0219368e+00 8.8728703e-01 6.8628772e-01 6.0924494e-01 5.5390658e-01 4.9672058e-01 4.4312635e-01 3.8597078e-01 2.8945154e-01 2.2858489e-01 3.2540377e-01 4.3729647e-01 5.5462602e-01 6.5681775e-01 7.3832063e-01 7.7753344e-01 8.1648406e-01 8.9213596e-01 9.6926124e-01 1.0246867e+00 1.0708747e+00 1.0724524e+00 1.0914133e+00 1.0839550e+00 1.0242080e+00 9.8991594e-01 1.0084312e+00 1.0068267e+00 1.0408624e+00 9.9732309e-01 8.7514306e-01 8.3491419e-01 7.8776639e-01 7.0928174e-01 5.6795165e-01 4.7167875e-01 3.4815676e-01 2.4367942e-01 1.1235326e-01 2.5257234e-03 1.3080175e-03
1.5169978e+00 1.4539363e+00 1.4302751e+00 1.4159028e+00 1.4038217e+00 1.4119673e+00 1.4357232e+00 1.4712110e+00 1.5520041e+00 1.6249404e+00 1.5625001e+00 1.4399196e+00 1.3933724e+00 1.4028957e+00 1.1592957e+00 8.4762029e-01 7.2493137e-01 6.8971325e-01 6.6527155e-01 6.1394075e-01 7.0695606e-01 8.0355019e-01 9.3079632e-01 9.9197114e-01 1.0112617e+00 1.0797949e+00 1.1552172e+00 1.2229633e+00 1.2753303e+00 1.3051963e+00 1.3138207e+00 1.3465197e+00 1.3303797e+00 1.2840480e+00 1.3079202e+00 1.3585627e+00 1.3478122e+00 1.3473669e+00 1.2654709e+00 1.1882456e+00 1.1284825e+00 1.0391430e+00 9.5732928e-01 8.1954186e-01 7.1396523e-01 6.1133662e-01 4.5882364e-01 3.2098826e-01 2.0719303e-01 9.0036479e-02
1.5737743e+00 1.5661993e+00 1.5248768e+00 1.4386922e+00 1.4563400e+00 1.5653936e+00 1.5959560e+00 1.5108925e+00 1.5301016e+00 1.7363473e+00 1.8172176e+00 1.9067310e+00 2.0769618e+00 1.9599213e+00 1.8600109e+00 1.5824601e+00 1.3800802e+00 1.2838075e+00 1.1967555e+00 1.0149703e+00 7.6822009e-01 8.1169072e-01 9.7001133e-01 1.0828271e+00 1.1489674e+00 1.2070430e+00 1.2750229e+00 1.3220275e+00 1.3851869e+00 1.4407292e+00 1.5094258e+00 1.4850381e+00 1.4136542e+00 1.5352001e+00 1.6265575e+00 1.6754380e+00 1.6654109e+00 1.5937207e+00 1.5118216e+00 1.4446931e+00 1.3489789e+00 1.2755690e+00 1.1780657e+00 1.0715438e+00 9.6920357e-01 8.6653367e-01 7.1065622e-01 5.1869468e-01 3.7183660e-01 2.5182220e-01
1.5421194e+00 1.5528151e+00 1.5979747e+00 1.4723474e+00 1.4481639e+00 1.5669574e+00 1.6108860e+00 1.5965163e+00 1.6135587e+00 1.7721675e+00 2.2451302e+00 4.4550559e+00 6.3663815e+00 3.9052186e+00 2.0994121e+00 2.0305680e+00 1.9235369e+00 1.7915918e+00 1.6305661e+00 1.2737491e+00 7.4353253e-01 4.8896327e-01 6.5923662e-01 8.6560411e-01 1.0167726e+00 9.8858275e-01 9.5431660e-01 1.0051509e+00 1.1446879e+00 1.2714785e+00 1.3720860e+00 1.4863980e+00 1.6332669e+00 1.7698748e+00 1.8325970e+00 1.8610351e+00 1.8616565e+00 1.7956708e+00 1.7202332e+00 1.6558704e+00 1.5672978e+00 1.4835443e+00 1.4028298e+00 1.2998447e+00 1.2075793e+00 1.0608304e+00 8.9578231e-01 7.0453535e-01 5.2548199e-01 3.0878214e-01
2.6408273e+00 1.8694923e+00 1.6933790e+00 1.5453861e+00 1.1273895e+00 9.0959153e-01 8.9133790e-01 1.3590900e+00 1.8027051e+00 2.6330600e+00 5.7630969e+00 7.8894234e+00 8.2996610e+00 6.9627696e+00 4.4714289e+00 2.3349627e+00 2.0573981e+00 2.0373973e+00 1.8180076e+00 1.2167670e+00 5.4264018e-01 2.6649171e-01 2.9900547e-01 4.4227699e-01 5.1887434e-01 5.0693739e-01 4.6428929e-01 5.0691322e-01 6.2967784e-01 7.7304148e-01 1.0163827e+00 1.3959548e+00 1.7769899e+00 1.9025232e+00 1.9680722e+00 1.9955378e+00 1.9622554e+00 1.9469295e+00 1.8819614e+00 1.8254752e+00 1.7526224e+00 1.6963985e+00 1.6291791e+00 1.5457043e+00 1.3916188e+00 1.1529398e+00 9.6530278e-01 7.2993823e-01 4.9820539e-01 3.2760268e-01
5.3668170e+00 4.3008801e+00 2.4928734e+00 1.8197780e+00 1.3124660e+00 2.5071829e-01 2.4609637e-01 1.2864398e+00 3.0616388e+00 6.6076687e+00 8.1355955e+00 8.4465751e+00 8.5009473e+00 8.5984441e+00 8.4997989e+00 5.9841390e+00 3.0952841e+00 2.0845218e+00 1.7889495e+00 9.3819082e-01 2.9095478e-01 2.2861842e-01 2.8452772e-01 3.4588946e-01 3.8323270e-01 4.0404796e-01 3.2161836e-01 2.8625644e-01 3.2707810e-01 4.8563475e-01 8.3798979e-01 1.3178305e+00 1.8429175e+00 2.0926302e+00 2.1139813e+00 2.1088281e+00 2.1144316e+00 2.0470117e+00 2.0062115e+00 1.9487373e+00 1.8884938e+00 1.8321796e+00 1.7642869e+00 1.6548732e+00 1.4225108e+00 1.1458418e+00 9.1912497e-01 6.9341506e-01 5.1369153e-01 4.1713657e-01
6.0945816e+00 5.9942321e+00 5.0401616e+00 3.1193294e+00 2.3007514e+00 4.1472712e-01 3.7870743e-01 3.1379358e+00 7.6067408e+00 8.3887696e+00 8.5447417e+00 8.7248910e+00 8.8403062e+00 8.9630781e+00 8.9966070e+00 7.8140188e+00 6.5705086e+00 3.8810212e+00 1.3685242e+00 4.0233364e-01 3.9064585e-01 6.3431465e-01 5.6060142e-01 6.1330234e-01 8.1053018e-01 7.9557622e-01 5.8725130e-01 4.6961404e-01 3.8654059e-01 4.2503943e-01 6.9090763e-01 1.1728931e+00 1.7879625e+00 2.2294172e+00 2.3746505e+00 2.3494029e+00 2.2625065e+00 2.1850320e+00 2.1140439e+00 2.0447001e+00 1.9710394e+00 1.8817983e+00 1.7756614e+00 1.6234897e+00 1.3922153e+00 1.1429750e+00 9.1366201e-01 7.4001307e-01 6.3277163e-01 6.2162815e-01
6.3887683e+00 6.0359322e+00 5.7396007e+00 5.0808782e+00 3.1181898e+00 1.3251148e+00 2.9422115e+00 7.2661402e+00 8.3370202e+00 8.4620180e+00 8.6079701e+00 8.7340380e+00 8.8596879e+00 9.1003603e+00 9.2611225e+00 9.0160862e+00 9.1823221e+00 7.2111179e+00 3.1330642e+00 4.8781730e-01 4.2155756e-01 6.1010599e-01 7.1999717e-01 9.3914215e-01 1.1993642e+00 1.2115083e+00 9.2605467e-01 9.2943828e-01 6.2054385e-01 5.0128907e-01 6.0575297e-01 9.2990954e-01 1.5690524e+00 2.2215128e+00 2.5583922e+00 2.6107990e+00 2.4710291e+00 2.3236105e+00 2.2358666e+00 2.1391905e+00 2.0059851e+00 1.8704373e+00 1.7522919e+00 1.5962367e+00 1.3579090e+00 1.1363623e+00 9.6294379e-01 8.7523484e-01 8.2332703e-01 9.1587534e-01
6.8892175e+00 6.6628557e+00 5.9815301e+00 5.1118606e+00 2.4013760e+00 4.0899161e+00 7.6702875e+00 8.1186345e+00 8.0690815e+00 8.0085049e+00 8.2188586e+00 8.3955846e+00 8.8317555e+00 9.0952733e+00 9.2698137e+00 9.2885471e+00 9.0133278e+00 6.6136760e+00 2.3531741e+00 4.1889157e-01 3.7463945e-01 4.1939419e-01 8.5171402e-01 9.3645325e-01 9.8249740e-01 8.9781342e-01 1.2533934e+00 1.0665386e+00 9.4247234e-01 8.6789550e-01 7.0763214e-01 7.7149700e-01 1.3791621e+00 2.1494924e+00 2.5980919e+00 2.7520499e+00 2.6569257e+00 2.4792237e+00 2.3360524e+00 2.2475366e+00 2.0888223e+00 1.9149324e+00 1.7358125e+00 1.5673009e+00 1.3189748e+00 1.1774206e+00 1.1043195e+00 1.0731152e+00 1.1507936e+00 1.2405684e+00
7.1846275e+00 6.9888453e+00 4.6550128e+00 2.4558787e+00 5.5955743e+00 7.9356596e+00 8.0571548e+00 7.9696477e+00 7.9043683e+00 7.7903650e+00 7.7006976e+00 8.1453605e+00 8.8098525e+00 8.9730937e+00 9.2695275e+00 8.5989877e+00 5.0671315e+00 1.6662132e+00 4.3630974e-01 2.9989380e-01 4.7482305e-01 9.4246020e-01 9.9814435e-01 1.0173664e+00 1.0659545e+00 9.8001756e-01 7.6151040e-01 4.9945846e-01 1.2800240e+00 1.1771114e+00 1.0958429e+00 9.7571622e-01 1.3708497e+00 2.0345704e+00 2.4709350e+00 2.6715265e+00 2.7343542e+00 2.6421335e+00 2.5274984e+00 2.4124450e+00 2.2403068e+00 2.0170778e+00 1.8012952e+00 1.5693375e+00 1.4002883e+00 1.2661234e+00 1.2724039e+00 1.3220616e+00 1.3743401e+00 1.4315258e+00
7.6784781e+00 6.1362171e+00 2.5409639e+00 3.3821243e+00 7.4756169e+00 8.1876624e+00 7.8101866e+00 7.7498884e+00 7.7153964e+00 7.7935318e+00 8.3439687e+00 8.3126298e+00 8.1603990e+00 8.4491548e+00 7.2128482e+00 4.1352017e+00 7.9902170e-01 4.7474901e-01 6.0091937e-01 6.9145393e-01 1.2477929e+00 9.8705457e-01 1.2502162e+00 1.1354027e+00 1.0749574e+00 1.0258582e+00 5.3760388e-01 7.0065721e-01 5.1885116e-01 1.2837671e+00 1.3373160e+00 1.3300504e+00 1.4769363e+00 1.8716142e+00 2.2247611e+00 2.4578538e+00 2.5955023e+00 2.6287890e+00 2.6279641e+00 2.5618506e+00 2.4152425e+00 2.1668970e+00 1.8817690e+00 1.6724484e+00 1.5090840e+00 1.4310639e+00 1.4441871e+00 1.4632099e+00 1.5078741e+00 1.5406221e+00
8.1710845e+00 7.7696180e+00 6.9123606e+00 4.0282812e+00 2.9716008e+00 6.5727688e+00 7.5984601e+00 7.4545518e+00 7.9527265e+00 8.2927824e+00 8.2992229e+00 8.1598692e+00 7.7030844e+00 6.3433089e+00 2.6446939e+00 5.9803869e-01 2.6662790e-01 3.5953296e-01 1.4027665e+00 1.6814676e+00 1.3065069e+00 7.6078735e-01 1.2417376e+00 1.2190203e+00 1.0089696e+00 7.6391918e-01 7.9325576e-01 5.6662090e-01 7.1826360e-01 1.0893465e+00 1.3411842e+00 1.3095101e+00 1.3511786e+00 1.5796359e+00 2.0059754e+00 2.2488706e+00 2.2988445e+00 2.2749346e+00 2.2351170e+00 2.2681044e+00 2.2863503e+00 2.1850224e+00 1.9985790e+00 1.7353311e+00 1.5649978e+00 1.5129911e+00 1.5194817e+00 1.5292301e+00 1.5448190e+00 1.5547125e+00
8.3924400e+00 8.2998839e+00 8.1637173e+00 8.2107829e+00 6.2784682e+00 2.6335371e+00 5.2743631e+00 7.6362330e+00 8.0609821e+00 7.9490788e+00 8.1932748e+00 7.9069585e+00 5.1232023e+00 1.2807664e+00 3.5751495e-01 1.3458048e-01 1.7955682e-01 9.1475825e-01 1.5483541e+00 1.7544617e+00 1.7583377e+00 1.2237156e+00 1.0311435e+00 9.0258857e-01 6.0812649e-01 6.1906589e-01 5.3554480e-01 5.1788630e-01 4.0598668e-01 8.3659270e-01 6.0007832e-01 1.0471596e+00 1.2489400e+00 1.2951253e+00 1.8176827e+00 2.0270753e+00 1.8597065e+00 1.5792272e+00 1.4440745e+00 1.5128955e+00 1.6494279e+00 1.7708311e+00 1.8716974e+00 1.8508994e+00 1.6367939e+00 1.4601736e+00 1.4770165e+00 1.4972273e+00 1.5116419e+00 1.5201726e+00
8.4465961e+00 8.4906537e+00 8.5735091e+00 8.3149662e+00 7.6535775e+00 7.7673391e+00 3.6553852e+00 3.6927661e+00 7.2786842e+00 7.9741256e+00 8.3562390e+00 6.9648733e+00 2.2052296e+00 3.5178011e-01 1.6715305e-01 2.2340834e-01 1.1846089e+00 1.4385412e+00 1.4706096e+00 1.4593649e+00 8.7909832e-01 8.1057180e-01 5.2200184e-01 5.6977840e-01 6.2479434e-01 2.2614278e-01 5.0457694e-01 2.4941385e-01 1.0139890e-01 2.5909134e-01 3.9090151e-01 4.4911884e-01 7.4713012e-01 1.0181745e+00 1.3780292e+00 1.5648953e+00 1.1780332e+00 7.8679987e-01 6.3371214e-01 6.5685783e-01 8.0169690e-01 1.0266763e+00 1.3359993e+00 1.5739467e+00 1.5158732e+00 1.1810324e+00 1.1732880e+00 1.3618136e+00 1.4449172e+00 1.4981038e+00
8.6682308e+00 8.7013145e+00 8.9167289e+00 8.7017997e+00 7.9876974e+00 7.9867904e+00 7.3206667e+00 3.9281037e+00 2.6661826e+00 5.8987944e+00 6.9989000e+00 8.2257332e+00 5.5027594e+00 2.4106423e+00 3.7078078e-01 7.6517792e-01 1.4442124e+00 1.4793793e+00 1.6229528e+00 2.0387182e+00 8.5219949e-04 0.0000000e+00 1.7809730e-02 8.4000932e-01 7.1699803e-01 3.3171791e-01 3.4996206e-01 2.7493835e-01 2.4478920e-01 4.6624043e-01 5.5986640e-01 3.0370235e-01 1.5543332e-01 2.3750947e-01 5.5603210e-01 9.4889298e-01 8.3620154e-01 6.1097290e-01 4.5546033e-01 2.8442947e-01 2.5945766e-01 4.2437582e-01 6.7243841e-01 9.5914429e-01 1.0670890e+00 8.7246629e-01 7.1482882e-01 8.0436144e-01 1.0219095e+00 1.3063828e+00
8.9384540e+00 8.9179534e+00 9.0816530e+00 9.1352244e+00 8.8661304e+00 8.5550335e+00 8.5309150e+00 7.9736353e+00 5.6455125e+00 2.1749444e+00 6.3025106e+00 7.7011591e+00 6.7989399e+00 4.0396637e+00 7.4609572e-01 8.9155101e-01 1.1664863e+00 1.2173088e+00 1.4869354e+00 1.4387973e+00 8.9525664e-04 0.0000000e+00 1.1934073e+00 1.1736921e+00 8.3853085e-01 6.9891814e-01 2.0332100e-01 3.1269874e-01 3.8798470e-01 6.0549584e-01 5.2369992e-01 5.1472067e-01 4.3773250e-01 2.3793105e-01 4.1145494e-01 9.3297294e-01 9.7428434e-01 9.6834336e-01 7.9389397e-01 4.1849304e-01 3.9859562e-01 4.5873841e-01 4.5167190e-01 4.0334640e-01 4.7853666e-01 5.8134339e-01 5.1042818e-01 4.6520480e-01 6.1856756e-01 8.6281512e-01
9.0630928e+00 8.9170060e+00 9.0350030e+00 9.1766602e+00 8.8624249e+00 8.6840289e+00 8.2645504e+00 6.4576302e+00 5.6597311e+00 5.5618432e+00 8.3177752e+00 8.8928473e+00 5.4309600e+00 1.0596950e+00 3.9022976e-01 5.5935990e-01 9.4691708e-01 9.0197627e-01 7.9527815e-01 1.0287772e+00 7.7602541e-01 6.1057817e-01 7.3404077e-01 8.4426645e-01 9.3090594e-01 8.3904326e-01 1.5619623e-01 4.9580431e-02 4.3828813e-01 6.5930879e-01 6.3717506e-01 5.8592878e-01 5.3367786e-01 4.4870954e-01 8.0198622e-01 9.3570408e-01 1.2737488e+00 8.5281488e-01 8.0142825e-01 6.2555143e-01 8.0834300e-01 7.2826309e-01 5.9022521e-01 3.8642464e-01 2.4697393e-01 1.7434459e-01 4.4596431e-01 6.2621278e-01 7.5176236e-01 8.4747668e-01
8.9892801e+00 8.4306649e+00 7.9689207e+00 8.4479693e+00 7.9815808e+00 6.7887210e+00 5.8289970e+00 5.1414060e+00 5.4259485e+00 6.1614781e+00 8.0972015e+00 7.2162664e+00 1.3447320e+00 4.7864802e-01 2.1947192e-01 1.9126839e-01 9.7369203e-01 5.6116789e-01 2.7003072e-01 5.6668627e-01 5.4835617e-01 6.2066359e-01 8.9279377e-01 8.1206851e-01 9.3205761e-01 1.0332292e+00 1.0381181e+00 4.4046210e-01 3.2909534e-01 4.4751788e-01 5.4951161e-01 4.2783254e-01 2.1973599e-01 7.1628024e-01 8.0128459e-01 4.0862614e-01 1.1805831e+00 4.0261012e-01 5.5477636e-01 6.2991182e-01 8.1328469e-01 9.8202466e-01 6.1184816e-01 4.7959676e-01 3.6468615e-01 7.8175782e-02 3.3516552e-02 9.8435081e-01 9.9453785e-01 1.0954240e+00
