ahotovec/data/depth_0044.asc
ncols     164
nrows     146
xllcorner -1.242151388888889e+02
yllcorner  4.172986111111111e+01
cellsize  2.777777777820000e-04
nodata_value       -9999
[rows 110 to 131 of 146, columns 50 to 99 of 164]
1.1887140e+01 1.1290531e+01 1.0098589e+01 8.2390288e+00 6.5218012e+00 5.6402966e+00 5.1690540e+00 5.1950311e+00 4.7710262e+00 6.0762692e+00 7.4574151e+00 7.9161057e+00 8.0854054e+00 6.5656440e+00 6.0491006e+00 5.8290681e+00 2.7033017e+00 3.9337149e-02 4.7605930e+00 5.6125078e+00 5.8182370e+00 6.2114742e+00 6.5289661e+00 6.7738684e+00 6.9224494e+00 6.9342451e+00 6.8095512e+00 6.8813328e+00 7.2740385e+00 7.5857491e+00 7.8954656e+00 7.9551479e+00 8.2034225e+00 8.2027867e+00 8.2453423e+00 8.2979877e+00 8.4124422e+00 8.5345865e+00 8.6563480e+00 8.7811438e+00 8.9305679e+00 9.0359218e+00 9.1045164e+00 9.0970390e+00 9.1148964e+00 9.1355092e+00 9.2313601e+00 9.3384958e+00 9.4306711e+00 9.5278290e+00
1.3386499e+01 1.3382816e+01 1.2128044e+01 9.2653970e+00 5.9474916e+00 4.5941509e+00 5.4228505e+00 5.2131707e+00 6.2596795e+00 7.4067368e+00 8.4420639e+00 9.3781365e+00 1.0053908e+01 5.9839466e+00 6.4646122e+00 7.4325927e+00 5.1738592e+00 1.8220915e-01 1.4781100e+00 4.9339768e+00 5.4302247e+00 5.7890056e+00 6.1115094e+00 6.3566988e+00 6.5399729e+00 6.6281654e+00 6.6313357e+00 6.5259124e+00 6.7061045e+00 7.1829954e+00 7.5320686e+00 7.7959327e+00 7.9425288e+00 8.1640598e+00 8.2020879e+00 8.2700463e+00 8.3482081e+00 8.4874392e+00 8.6025517e+00 8.7304549e+00 8.8253173e+00 8.8859047e+00 8.9067101e+00 8.9230066e+00 8.9731065e+00 9.0617010e+00 9.2022117e+00 9.3467046e+00 9.4793862e+00 9.5830092e+00
1.4471728e+01 1.4691832e+01 1.3835918e+01 1.0573687e+01 1.1638148e+00 0.0000000e+00 4.4353411e-04 5.1292661e+00 6.7199144e+00 8.2556204e+00 9.6269751e+00 1.0650397e+01 1.1511560e+01 1.1675556e+01 1.1888440e+01 1.1547946e+01 1.0084054e+01 4.0897879e+00 5.6352233e-04 2.6405791e+00 5.1631335e+00 5.4941359e+00 5.7580370e+00 6.0115931e+00 6.2127336e+00 6.3526710e+00 6.4333796e+00 6.4320859e+00 6.4333915e+00 6.8105879e+00 7.2371122e+00 7.5463932e+00 7.7808623e+00 7.9585143e+00 8.0563593e+00 8.0750786e+00 8.0031567e+00 8.1332009e+00 8.2457933e+00 8.3624098e+00 8.4904048e+00 8.5697887e+00 8.6590559e+00 8.7369895e+00 8.8407251e+00 8.9989099e+00 9.2266191e+00 9.4047662e+00 9.5625879e+00 9.7011401e+00
1.5464365e+01 1.4528550e+01 1.4547120e+01 1.1679495e+01 2.5675024e+00 0.0000000e+00 0.0000000e+00 3.7825197e-04 8.9356244e+00 9.8786417e+00 1.1151776e+01 1.1572372e+01 1.2155386e+01 1.2542337e+01 1.2963086e+01 1.2476560e+01 1.2167180e+01 1.0620183e+01 2.8964566e+00 3.0163415e-01 4.6066597e+00 5.3304337e+00 5.4470982e+00 5.7169221e+00 5.9246506e+00 6.1135845e+00 6.2612087e+00 6.3977989e+00 6.5851599e+00 6.7115105e+00 7.1159669e+00 7.4333280e+00 7.6639203e+00 7.7740473e+00 7.6861605e+00 7.4267468e+00 7.2917137e+00 7.4179204e+00 7.6774933e+00 7.8808860e+00 8.0633063e+00 8.2388935e+00 8.4480570e+00 8.6600441e+00 8.8191012e+00 9.0236749e+00 9.2397446e+00 9.4872991e+00 9.6963643e+00 9.8500074e+00
1.5987647e+01 1.6363284e+01 1.5995668e+01 1.4151836e+01 1.0703731e+01 7.6424928e+00 4.0945052e+00 5.7773821e+00 1.2168999e+01 1.1487018e+01 1.2535453e+01 1.1225633e+01 1.2290218e+01 1.2749002e+01 1.3180319e+01 1.3068588e+01 1.2419661e+01 1.1969710e+01 9.1251072e+00 1.2814617e+00 2.0134956e+00 5.2945270e+00 5.2545784e+00 5.4627256e+00 5.6975693e+00 5.9266411e+00 6.1130937e+00 6.3373232e+00 6.6754102e+00 7.0159781e+00 7.1112010e+00 7.3165548e+00 7.4349341e+00 7.3056592e+00 6.9542364e+00 6.7281460e+00 6.7578366e+00 7.2219269e+00 7.5704249e+00 7.6870293e+00 7.8930242e+00 8.0733860e+00 8.3624458e+00 8.6562837e+00 8.8933035e+00 9.1062919e+00 9.3841495e+00 9.6716629e+00 9.9425921e+00 1.0072049e+01
1.6101709e+01 1.6593334e+01 1.6321738e+01 1.3071936e+01 1.4172889e+01 1.3901640e+01 1.2861828e+01 1.3627769e+01 1.3943452e+01 1.3750541e+01 1.3238639e+01 1.2890656e+01 1.4240442e+01 1.4179170e+01 1.3525081e+01 1.3501850e+01 1.3513289e+01 1.2621769e+01 1.0229872e+01 5.8944806e+00 2.8691209e-01 3.8436867e+00 5.2785814e+00 5.3231609e+00 5.5544489e+00 5.7791231e+00 5.9934059e+00 6.2439931e+00 6.6116738e+00 6.9876403e+00 7.2473028e+00 7.1662376e+00 7.0523518e+00 6.6776281e+00 6.4430500e+00 6.4023936e+00 6.5471190e+00 7.0753489e+00 7.5719885e+00 7.6487793e+00 7.8758286e+00 8.1529954e+00 8.4530746e+00 8.7288181e+00 8.9752342e+00 9.2333162e+00 9.5535843e+00 9.9011813e+00 1.0244024e+01 1.0352989e+01
1.6441684e+01 1.6591627e+01 1.6676739e+01 1.7192807e+01 1.6507168e+01 1.6217680e+01 1.6098025e+01 1.5865216e+01 1.5290600e+01 1.4627919e+01 1.4513561e+01 1.4585228e+01 1.4584340e+01 1.4430017e+01 1.4001319e+01 1.4245887e+01 1.4059097e+01 1.3311208e+01 1.2218738e+01 9.2192380e+00 3.5322128e+00 2.0731696e-02 4.3454278e+00 5.3575886e+00 5.4658036e+00 5.6872558e+00 5.9119728e+00 6.1473729e+00 6.4674954e+00 6.7763193e+00 7.0702628e+00 7.0028205e+00 6.6293490e+00 6.3790488e+00 6.2637138e+00 6.3812576e+00 6.5421751e+00 6.8146855e+00 7.1649769e+00 7.5660802e+00 7.9262132e+00 8.2730083e+00 8.5913747e+00 8.8376082e+00 9.0684490e+00 9.3412935e+00 9.7198857e+00 1.0466523e+01 1.0517272e+01 1.0430459e+01
1.7657962e+01 1.7520584e+01 1.7192002e+01 1.6571498e+01 1.7002718e+01 1.6804214e+01 1.6396731e+01 1.6322412e+01 1.5473860e+01 1.5274198e+01 1.5112398e+01 1.5291618e+01 1.5299209e+01 1.4993316e+01 1.4123923e+01 1.4150437e+01 1.3808963e+01 1.3140362e+01 1.3279708e+01 1.2645164e+01 9.0566887e+00 1.2383881e-03 1.5430550e+00 4.9473763e+00 5.4405229e+00 5.5329455e+00 5.6656915e+00 5.8211338e+00 6.0060511e+00 6.1862418e+00 6.3767584e+00 6.4635256e+00 6.3771621e+00 6.2334879e+00 6.1712815e+00 6.2378593e+00 6.4746767e+00 6.8281471e+00 7.2006497e+00 7.7169469e+00 8.1102616e+00 8.3919059e+00 8.7374671e+00 9.0034244e+00 9.2270001e+00 9.4655957e+00 9.4736030e+00 9.8402822e+00 1.0548945e+01 1.0568391e+01
1.7941978e+01 1.8397490e+01 1.8141505e+01 1.7788870e+01 1.7405630e+01 1.6734480e+01 1.6544804e+01 1.6354412e+01 1.6250603e+01 1.5839409e+01 1.5297706e+01 1.5553346e+01 1.5455502e+01 1.5391675e+01 1.4600815e+01 1.3643805e+01 1.4381633e+01 1.3348261e+01 1.2698760e+01 1.3159989e+01 1.1179025e+01 1.9241145e+00 5.9341250e-04 2.8361242e+00 5.0667487e+00 5.4936643e+00 5.6316138e+00 5.5684997e+00 5.6068586e+00 5.6292769e+00 5.6224090e+00 5.7694389e+00 5.9307638e+00 6.0540708e+00 5.9709920e+00 6.0697435e+00 6.3775380e+00 6.8257011e+00 7.3507636e+00 7.8717447e+00 8.4072431e+00 8.6778934e+00 8.9835787e+00 9.2178792e+00 9.4827740e+00 9.7341356e+00 9.9323333e+00 1.0134917e+01 1.0539107e+01 1.0777183e+01
1.8010542e+01 1.7647665e+01 1.8101994e+01 1.7796367e+01 1.7290131e+01 1.6443898e+01 1.6740639e+01 1.6649408e+01 1.6853027e+01 1.6448990e+01 1.5451038e+01 1.5309995e+01 1.4897645e+01 1.5801673e+01 1.5746968e+01 1.4802305e+01 1.4756874e+01 1.3605763e+01 1.4034699e+01 1.3491698e+01 1.3054567e+01 6.3462308e+00 0.0000000e+00 9.6447322e-04 2.1290348e+00 4.8621950e+00 4.9215443e+00 5.1877637e+00 5.0548281e+00 5.2548277e+00 5.2186122e+00 5.1554427e+00 5.3745791e+00 5.5983126e+00 5.8672581e+00 5.9276316e+00 6.2460539e+00 6.9629710e+00 7.6747016e+00 8.2811345e+00 8.7482139e+00 9.0346654e+00 9.3402278e+00 9.5901270e+00 9.8577169e+00 1.0118909e+01 1.0429306e+01 1.0712094e+01 1.0882531e+01 1.1046491e+01
1.8186671e+01 1.8289140e+01 1.8125500e+01 1.7569924e+01 1.7295950e+01 1.7167023e+01 1.7221135e+01 1.6840321e+01 1.5881154e+01 1.6801757e+01 1.5932978e+01 1.5515671e+01 1.5488692e+01 1.5568533e+01 1.6058582e+01 1.6002943e+01 1.5502812e+01 1.5042636e+01 1.4338919e+01 1.2962845e+01 1.3583490e+01 1.1421414e+01 2.4855660e+00 8.4468448e-04 9.6270595e-04 8.0830311e-04 9.0611541e-04 2.6012411e-01 1.1821389e+00 1.9751990e+00 4.5012877e+00 3.8947697e+00 5.2528816e+00 5.1955645e+00 5.3023234e+00 6.1402427e+00 6.4374366e+00 7.0247338e+00 8.1919948e+00 9.0066762e+00 9.3467405e+00 9.5647884e+00 9.8465751e+00 1.0116172e+01 1.0379375e+01 1.0608424e+01 1.0870476e+01 1.1105124e+01 1.1286676e+01 1.1410571e+01
1.8500141e+01 1.8305746e+01 1.8419656e+01 1.7977972e+01 1.7443047e+01 1.7319843e+01 1.7097068e+01 1.7033238e+01 1.6781241e+01 1.7326955e+01 1.6406705e+01 1.5919764e+01 1.5657512e+01 1.5770300e+01 1.6247294e+01 1.5763792e+01 1.6049186e+01 1.5308771e+01 1.4508267e+01 1.4128206e+01 1.3899915e+01 1.4371393e+01 1.0982547e+01 4.1612833e+00 1.6512225e+00 9.3025892e-04 9.5186145e-04 1.1973226e-02 2.8260998e-03 6.1657445e-02 4.8314180e-01 1.2929044e-01 4.9264653e-01 8.2908582e-01 1.5000777e+00 2.8294264e+00 3.8006607e+00 5.2874181e+00 9.6593801e+00 9.9903248e+00 1.0125848e+01 1.0308114e+01 1.0557199e+01 1.0772276e+01 1.0991727e+01 1.1173518e+01 1.1368285e+01 1.1494806e+01 1.1638660e+01 1.1806904e+01
1.8915950e+01 1.8812203e+01 1.8672633e+01 1.8206434e+01 1.7731011e+01 1.7531053e+01 1.7429260e+01 1.7398282e+01 1.7414626e+01 1.7183622e+01 1.6702468e+01 1.6421529e+01 1.6314924e+01 1.6318104e+01 1.6653979e+01 1.6516608e+01 1.5222112e+01 1.5374764e+01 1.5107152e+01 1.4617509e+01 1.3738032e+01 1.4618445e+01 1.4273748e+01 1.1880330e+01 1.0407254e+01 5.7945143e+00 4.7506085e+00 6.3882045e+00 1.0982276e+01 1.0991084e+01 1.1390944e+01 1.0931302e+01 9.6599067e+00 8.3483148e+00 6.3844925e+00 4.5051599e+00 2.4480084e+00 3.3287459e+00 1.1365364e+01 1.1514257e+01 1.1229769e+01 1.1265096e+01 1.1395053e+01 1.1525167e+01 1.1639557e+01 1.1762393e+01 1.1839139e+01 1.1893361e+01 1.1870590e+01 1.2069424e+01
1.8672970e+01 1.8798229e+01 1.8779463e+01 1.8436477e+01 1.8222842e+01 1.6706504e+01 1.7530874e+01 1.7935426e+01 1.7585443e+01 1.7329399e+01 1.7082910e+01 1.7004530e+01 1.6848306e+01 1.6918824e+01 1.6825369e+01 1.6584225e+01 1.6684560e+01 1.5268061e+01 1.5591274e+01 1.5264108e+01 1.4958926e+01 1.4755458e+01 1.4610671e+01 1.4533782e+01 1.3319980e+01 8.3497029e+00 6.9584240e+00 8.6332039e+00 1.1232598e+01 1.3994375e+01 1.3864372e+01 1.3518473e+01 1.3729897e+01 1.3307379e+01 1.3001120e+01 1.3579399e+01 1.3202160e+01 1.2543941e+01 1.2975955e+01 1.2451461e+01 1.2216294e+01 1.2152858e+01 1.2165037e+01 1.2173911e+01 1.2189140e+01 1.2247580e+01 1.2300451e+01 1.2295330e+01 1.2128230e+01 1.2083910e+01
1.9320119e+01 1.9241669e+01 1.9042379e+01 1.8826562e+01 1.8502368e+01 1.4860071e+01 1.7517283e+01 1.8440943e+01 1.8058414e+01 1.7838450e+01 1.7663386e+01 1.7575777e+01 1.7325942e+01 1.7282501e+01 1.7195258e+01 1.6872274e+01 1.6698769e+01 1.5522805e+01 1.5639122e+01 1.6074709e+01 1.6023700e+01 1.5416259e+01 1.4705439e+01 1.4608832e+01 1.4325691e+01 1.1683869e+01 8.7024132e+00 8.9058712e+00 1.1207818e+01 1.3967353e+01 1.3221314e+01 1.3819419e+01 1.3563697e+01 1.3920032e+01 1.4159037e+01 1.4039534e+01 1.2996377e+01 1.3368561e+01 1.3112970e+01 1.2921544e+01 1.2797288e+01 1.2718274e+01 1.2650249e+01 1.2625057e+01 1.2603049e+01 1.2604842e+01 1.2651698e+01 1.1949134e+01 1.2354587e+01 1.2435974e+01
1.9583189e+01 1.9482764e+01 1.9415594e+01 1.9167888e+01 1.9172156e+01 1.9112944e+01 1.9074134e+01 1.8978717e+01 1.8871156e+01 1.8641878e+01 1.8343575e+01 1.8258656e+01 1.7917198e+01 1.7937600e+01 1.7679288e+01 1.7295405e+01 1.5521648e+01 1.6590288e+01 1.6536374e+01 1.6033984e+01 1.5944521e+01 1.6282502e+01 1.5551115e+01 1.5096674e+01 1.4755662e+01 1.4225043e+01 1.1472172e+01 1.1191523e+01 1.4244163e+01 1.3949894e+01 1.3295614e+01 1.3854066e+01 1.3115972e+01 1.3331845e+01 1.4140491e+01 1.4117315e+01 1.4322800e+01 1.3746348e+01 1.3412003e+01 1.3282906e+01 1.3151594e+01 1.3054501e+01 1.2995394e+01 1.2939652e+01 1.2921580e+01 1.2860315e+01 1.2786406e+01 1.1545940e+01 1.1888734e+01 1.2646316e+01
1.9869142e+01 1.9765646e+01 1.9711818e+01 1.9667072e+01 1.9551119e+01 1.9399819e+01 1.9350414e+01 1.9035644e+01 1.9260839e+01 1.9014571e+01 1.9010565e+01 1.8524052e+01 1.8386009e+01 1.8209454e+01 1.8053377e+01 1.7566778e+01 1.6888432e+01 1.7230430e+01 1.7160192e+01 1.7037538e+01 1.6519151e+01 1.6975394e+01 1.6436165e+01 1.5755373e+01 1.5429157e+01 1.4622646e+01 1.4816656e+01 1.5207318e+01 1.4834587e+01 1.4292770e+01 1.4038757e+01 1.3980488e+01 1.3791348e+01 1.4038841e+01 1.4242937e+01 1.4536898e+01 1.4438058e+01 1.4162212e+01 1.3650409e+01 1.3471634e+01 1.3352896e+01 1.3249967e+01 1.3174292e+01 1.3094493e+01 1.3054554e+01 1.3000492e+01 1.2915114e+01 1.2940351e+01 1.2982151e+01 1.2943016e+01
2.0196080e+01 2.0090143e+01 2.0010508e+01 2.0021060e+01 1.9885882e+01 1.9722544e+01 1.9532868e+01 1.9401978e+01 1.9353930e+01 1.9191627e+01 1.9022016e+01 1.8957848e+01 1.8710952e+01 1.8442426e+01 1.8361525e+01 1.8224958e+01 1.7817239e+01 1.7505948e+01 1.7538918e+01 1.7422922e+01 1.7403995e+01 1.7419233e+01 1.7197506e+01 1.6341146e+01 1.5905214e+01 1.5107453e+01 1.5851333e+01 1.5470444e+01 1.5049892e+01 1.4539378e+01 1.4348168e+01 1.3842289e+01 1.3207578e+01 1.3926820e+01 1.2749072e+01 1.4244775e+01 1.4588365e+01 1.4282463e+01 1.3872811e+01 1.3623566e+01 1.3473815e+01 1.3349651e+01 1.3258677e+01 1.3163192e+01 1.3106884e+01 1.3089277e+01 1.2996961e+01 1.3007817e+01 1.2971962e+01 1.2960316e+01
2.0492246e+01 2.0382511e+01 2.0282700e+01 2.0217461e+01 2.0250780e+01 2.0070936e+01 1.9806960e+01 1.9596896e+01 1.9477858e+01 1.9387569e+01 1.9190672e+01 1.9110056e+01 1.8945686e+01 1.8823505e+01 1.8545268e+01 1.8116017e+01 1.7885417e+01 1.7503160e+01 1.7753849e+01 1.7744655e+01 1.7706898e+01 1.7523304e+01 1.7451178e+01 1.6718396e+01 1.6608955e+01 1.6365042e+01 1.6091830e+01 1.5692678e+01 1.5590120e+01 1.4996819e+01 1.4921770e+01 1.4542216e+01 1.3849292e+01 1.3941327e+01 1.4036039e+01 1.4786130e+01 1.4796561e+01 1.4318848e+01 1.3988577e+01 1.3773253e+01 1.3605589e+01 1.3464462e+01 1.3369874e+01 1.3265361e+01 1.3203597e+01 1.3167201e+01 1.3121452e+01 1.3142866e+01 1.3139239e+01 1.3075285e+01
2.0781433e+01 2.0815560e+01 2.0620020e+01 2.0337269e+01 2.0220022e+01 2.0109144e+01 1.9999767e+01 1.9785138e+01 1.9628462e+01 1.9578361e+01 1.9405768e+01 1.9279462e+01 1.9180554e+01 1.9229602e+01 1.8871220e+01 1.8867470e+01 1.8240473e+01 1.7500298e+01 1.7937748e+01 1.8097013e+01 1.8032115e+01 1.7801067e+01 1.7235499e+01 1.6963952e+01 1.6878888e+01 1.6824720e+01 1.6317512e+01 1.5484493e+01 1.5949619e+01 1.6001294e+01 1.4990768e+01 1.4846389e+01 1.4712040e+01 1.4194859e+01 1.4785287e+01 1.4803757e+01 1.3804205e+01 1.4286357e+01 1.4193369e+01 1.3954722e+01 1.3772539e+01 1.3630360e+01 1.3530161e+01 1.3435450e+01 1.3380441e+01 1.3366145e+01 1.3361906e+01 1.2977385e+01 1.3446984e+01 1.3360339e+01
2.0992108e+01 2.0780456e+01 2.0773425e+01 2.0534151e+01 2.0318607e+01 2.0257509e+01 2.0252261e+01 2.0050367e+01 1.9918073e+01 1.9847408e+01 1.9763285e+01 1.9661034e+01 1.9590393e+01 1.9541011e+01 1.9242586e+01 1.9107316e+01 1.8536246e+01 1.5463079e+01 1.7442252e+01 1.7899152e+01 1.7673916e+01 1.7607052e+01 1.7612674e+01 1.7486110e+01 1.7324328e+01 1.7366598e+01 1.6593905e+01 1.6154701e+01 1.4750450e+01 1.5492294e+01 1.5928995e+01 1.5594795e+01 1.5133712e+01 1.3859338e+01 1.4281362e+01 1.4008261e+01 1.3547840e+01 1.4362648e+01 1.4331612e+01 1.4111875e+01 1.3914680e+01 1.3770161e+01 1.3690037e+01 1.3644435e+01 1.3667836e+01 1.3720682e+01 1.3628430e+01 1.3246631e+01 1.3550364e+01 1.3706076e+01
2.1076747e+01 2.0964699e+01 2.0812747e+01 2.0700921e+01 2.0505256e+01 2.0434689e+01 2.0424744e+01 2.0415900e+01 2.0355999e+01 2.0266200e+01 2.0182220e+01 2.0055051e+01 1.9894111e+01 1.9659400e+01 1.9552525e+01 1.9127711e+01 1.8808749e+01 1.8346181e+01 1.8654457e+01 1.8248116e+01 1.8043205e+01 1.7486199e+01 1.7152963e+01 1.7612212e+01 1.7683086e+01 1.7746741e+01 1.7095534e+01 1.6609604e+01 1.6270815e+01 1.6239939e+01 1.6035649e+01 1.5612665e+01 1.5331420e+01 1.5288760e+01 1.5131656e+01 1.5077708e+01 1.4876007e+01 1.4743734e+01 1.4488097e+01 1.4274346e+01 1.4092965e+01 1.3951403e+01 1.3878331e+01 1.3869622e+01 1.3740179e+01 1.3707123e+01 1.3757388e+01 1.1696516e+01 1.1176445e+01 1.2545026e+01
