ahotovec/data/depth_0015.asc
ncols     164
nrows     146
xllcorner -1.242151388888889e+02
yllcorner  4.172986111111111e+01
cellsize  2.777777777820000e-04
nodata_value       -9999
[rows 66 to 87 of 146, columns 50 to 99 of 164]
0.0000000e+00 0.0000000e+00 0.0000000e+00 0.0000000e+00 0.0000000e+00 0.0000000e+00 0.0000000e+00 0.0000000e+00 0.0000000e+00 0.0000000e+00 0.0000000e+00 0.0000000e+00 0.0000000e+00 0.0000000e+00 1.5240624e-01 2.7811686e-01 3.0654934e-01 3.3893472e-01 3.4037110e-01 3.8952540e-01 6.5947437e-01 1.2315021e+00 1.9120167e+00 2.3510593e+00 2.5279913e+00 2.5536903e+00 2.5500763e+00 2.5529897e+00 2.5884844e+00 3.1778101e+00 4.1824500e+00 5.2856623e+00 4.1714724e+00 2.7919794e+00 2.5818454e+00 2.6239913e+00 2.5568525e+00 2.3624953e+00 2.0895668e+00 1.8210853e+00 1.7175469e+00 1.6431509e+00 1.5991698e+00 1.5944377e+00 1.5781347e+00 1.5782439e+00 1.5763262e+00 1.5796978e+00 1.5758249e+00 1.5729944e+00
0.0000000e+00 0.0000000e+00 0.0000000e+00 0.0000000e+00 0.0000000e+00 1.0609335e-01 3.4609867e-01 3.0392924e-01 1.6967410e-01 7.7941451e-02 1.0361695e-01 2.4687008e-01 4.3024367e-01 5.5668078e-01 5.9132572e-01 4.8340297e-01 3.3276356e-01 2.1874869e-01 1.8970536e-01 4.1828714e-01 9.2373946e-01 1.5781457e+00 2.0903872e+00 2.3911826e+00 2.5386557e+00 2.5582236e+00 2.5589740e+00 2.6697620e+00 4.9239682e+00 5.8068489e+00 5.1379327e+00 3.2628932e+00 2.5429153e+00 2.5436102e+00 2.5581947e+00 2.4902793e+00 2.4145505e+00 2.3622203e+00 2.2751235e+00 2.1936076e+00 2.1585159e+00 2.0745260e+00 1.9932069e+00 1.9284509e+00 1.8596904e+00 1.8099391e+00 1.7341082e+00 1.6502841e+00 1.5874100e+00 1.5210108e+00
0.0000000e+00 0.0000000e+00 0.0000000e+00 0.0000000e+00 0.0000000e+00 5.2694358e-01 9.1189484e-01 9.7639101e-01 7.9191728e-01 7.3166100e-01 8.7944042e-01 1.0277949e+00 1.0693565e+00 1.0213120e+00 8.6722621e-01 6.3699797e-01 3.9299411e-01 2.5909925e-01 2.0092788e-01 6.7584565e-01 1.4371764e+00 1.9930145e+00 2.2591281e+00 2.4335520e+00 2.5444869e+00 2.5579678e+00 2.5565996e+00 3.6166788e+00 5.9599835e+00 4.6169907e+00 3.0312147e+00 2.5352250e+00 2.5373454e+00 2.5427919e+00 2.5547299e+00 2.5242004e+00 2.4188465e+00 2.3908786e+00 2.4000795e+00 2.4478456e+00 2.4539982e+00 2.4206183e+00 2.3973148e+00 2.3698314e+00 2.3254580e+00 2.2405081e+00 2.1844571e+00 2.1397802e+00 2.0428122e+00 1.9874434e+00
0.0000000e+00 0.0000000e+00 0.0000000e+00 0.0000000e+00 0.0000000e+00 2.4083395e-01 8.6145176e-01 1.2597490e+00 9.9276537e-01 9.7640005e-01 1.3891800e+00 1.6287498e+00 1.5562763e+00 1.3438385e+00 1.2116544e+00 9.8593710e-01 6.4480859e-01 4.1136160e-01 4.4287427e-01 1.1087877e+00 1.8235131e+00 2.2302461e+00 2.3452184e+00 2.4763067e+00 2.5504823e+00 2.5636032e+00 2.5622558e+00 4.5049195e+00 6.1652105e+00 4.2556332e+00 2.9369679e+00 2.5157327e+00 2.5347587e+00 2.5474400e+00 2.5536508e+00 2.5083201e+00 2.4762696e+00 2.4584022e+00 2.4755313e+00 2.5088562e+00 2.5606664e+00 2.5641589e+00 2.5659718e+00 2.5779860e+00 2.5572300e+00 2.5044687e+00 2.5026115e+00 2.5052132e+00 2.4611827e+00 2.4360325e+00
0.0000000e+00 0.0000000e+00 0.0000000e+00 0.0000000e+00 0.0000000e+00 1.4511835e-03 6.3068944e-01 1.3510568e+00 1.3811104e+00 1.5848628e+00 1.4792956e+00 1.4988509e+00 1.6638266e+00 1.4674477e+00 1.5000018e+00 1.5703140e+00 1.1699516e+00 6.2955250e-01 8.9547417e-01 1.5468234e+00 1.8769815e+00 2.1077241e+00 2.2322544e+00 2.3707670e+00 2.5064005e+00 2.5615236e+00 2.5744849e+00 3.6856016e+00 6.5277580e+00 5.9943258e+00 4.4719595e+00 2.5818181e+00 2.5529345e+00 2.5548100e+00 2.5262265e+00 2.4848451e+00 2.5180053e+00 2.5630965e+00 2.5735491e+00 2.5875789e+00 2.5915725e+00 2.6117455e+00 2.6177493e+00 2.6155734e+00 2.6134939e+00 2.6085634e+00 2.6368060e+00 2.6561649e+00 2.6476908e+00 2.6014552e+00
0.0000000e+00 0.0000000e+00 0.0000000e+00 3.9315425e-02 6.2025502e-02 8.7984314e-04 7.8318343e-01 1.4059537e+00 1.5100699e+00 1.7494565e+00 1.4556130e+00 5.9400106e-01 1.2840787e+00 1.5140005e+00 1.5688262e+00 1.6784431e+00 1.4431867e+00 8.2154590e-01 1.4642149e+00 1.7586737e+00 1.6232704e+00 1.7007394e+00 1.9821152e+00 2.0795230e+00 2.1646408e+00 2.2453825e+00 2.3713474e+00 2.6381033e+00 5.1404075e+00 6.6813710e+00 5.3249718e+00 2.6289318e+00 2.5805504e+00 2.6691151e+00 2.6362858e+00 2.5377473e+00 2.5545985e+00 2.5888191e+00 2.5986954e+00 2.6067600e+00 2.6138947e+00 2.6244907e+00 2.6363181e+00 2.6428684e+00 2.6532840e+00 2.6487217e+00 2.6632195e+00 2.6808817e+00 2.6757590e+00 2.6711159e+00
9.9882359e-04 0.0000000e+00 1.1589959e-03 5.7834340e-01 8.9614360e-01 1.0071325e+00 8.7193551e-01 3.0938234e-01 4.5099939e-01 1.3823313e+00 1.5959300e+00 1.5610894e+00 1.6243157e+00 1.4712811e+00 1.5312834e+00 1.2155138e+00 1.2732970e+00 1.2065720e+00 1.3555264e+00 1.6307847e+00 1.6823844e+00 1.6394415e+00 1.7975740e+00 1.8652727e+00 1.7773095e+00 1.7871895e+00 1.6671015e+00 2.6355963e+00 3.5397163e+00 5.7498308e+00 4.5075169e+00 2.4503472e+00 2.7273086e+00 2.8096768e+00 2.8852596e+00 2.6070907e+00 2.5657243e+00 2.5762662e+00 2.5739265e+00 2.5750097e+00 2.5879565e+00 2.5985596e+00 2.6106660e+00 2.6220947e+00 2.6324464e+00 2.6417868e+00 2.6513475e+00 2.6597704e+00 2.6664466e+00 2.6712105e+00
3.0670677e-02 3.3734488e-01 6.7915334e-01 9.0829403e-01 7.5478955e-01 1.0098527e+00 7.6329424e-01 3.4766502e-01 9.1645424e-04 6.4584297e-01 1.6343096e+00 1.6753810e+00 1.6379985e+00 1.4164621e+00 1.2047915e+00 1.1670293e+00 1.0827128e+00 1.0330002e+00 1.0936835e+00 1.2608446e+00 1.5858866e+00 1.6732515e+00 1.6665087e+00 1.7357114e+00 1.8479484e+00 1.8316429e+00 1.2038485e+00 2.3061638e+00 3.7513182e+00 5.3808695e+00 3.7888270e+00 2.4068605e+00 2.3684223e+00 2.2900614e+00 2.7717519e+00 2.8495902e+00 2.9040549e+00 3.3380370e+00 3.3815864e+00 3.0499191e+00 3.0521782e+00 3.0572490e+00 3.0723898e+00 3.0786204e+00 3.1081390e+00 2.8754176e+00 2.6722097e+00 2.6646513e+00 2.6506147e+00 2.6591994e+00
2.4150373e-01 7.4710471e-01 5.7302548e-01 6.3545511e-01 9.5919915e-01 1.0218636e+00 9.3957962e-01 1.0208044e+00 9.2227015e-01 1.2511628e+00 1.4100768e+00 1.3360830e+00 1.2878603e+00 1.2451831e+00 1.1153779e+00 8.9279088e-01 4.9268771e-01 3.2687775e-01 9.6795929e-01 1.1346016e+00 1.3074921e+00 1.3947627e+00 1.4532234e+00 1.5679901e+00 1.5694331e+00 1.1196582e+00 2.6054984e-01 1.8652842e+00 4.4885294e+00 6.0927646e+00 5.4447906e+00 4.2094177e+00 4.9393024e+00 5.1466859e+00 4.5257623e+00 4.4976988e+00 4.4869724e+00 5.4592241e+00 6.1885497e+00 6.2121219e+00 6.2218302e+00 6.2201859e+00 6.2257035e+00 6.1720575e+00 6.1308464e+00 5.5336912e+00 5.1601374e+00 4.4902827e+00 3.9482031e+00 3.5598072e+00
6.2981304e-01 7.7083555e-01 1.0836115e+00 1.1832044e+00 1.2318803e+00 1.2695907e+00 1.3813313e+00 1.5579192e+00 1.5095672e+00 1.3088664e+00 1.2262039e+00 1.2327329e+00 1.2541322e+00 1.1219702e+00 1.0494968e+00 1.0202479e+00 8.5629785e-01 6.5637961e-01 9.5288175e-01 1.1921528e+00 1.4276693e+00 1.1934071e+00 8.7329788e-01 8.0850753e-01 6.3888077e-01 7.1041208e-01 2.1978693e+00 5.0215262e+00 6.2260617e+00 6.3984208e+00 6.5346424e+00 6.2587941e+00 6.4349680e+00 6.3251817e+00 6.2145540e+00 6.2449362e+00 6.2588147e+00 6.3866307e+00 6.5859381e+00 6.6963416e+00 6.6887754e+00 6.6187928e+00 6.4116696e+00 6.2834120e+00 6.4711846e+00 6.5908326e+00 6.6262755e+00 6.6039762e+00 6.3817492e+00 6.1485368e+00
2.7738108e-01 2.7681413e-01 1.1340425e+00 1.6203309e+00 1.6874372e+00 1.7581268e+00 1.6462236e+00 1.4184261e+00 1.3063658e+00 1.1142151e+00 1.0214488e+00 1.0817684e+00 9.8375791e-01 1.0593504e+00 1.0413648e+00 1.0605351e+00 1.0958748e+00 9.7979483e-01 1.0782984e+00 1.1748212e+00 1.2867658e+00 8.3822548e-01 4.0862139e-01 6.2374981e-01 1.5573896e+00 4.6064288e+00 5.6512709e+00 6.2239719e+00 6.4062518e+00 6.4113984e+00 6.6129867e+00 6.6470318e+00 6.4834618e+00 6.3279356e+00 6.3148449e+00 6.3880726e+00 6.4811830e+00 6.4639167e+00 6.5733995e+00 6.6769879e+00 6.6825782e+00 6.5552082e+00 6.1918183e+00 5.8413798e+00 6.3752076e+00 6.6625657e+00 6.8007895e+00 6.8539696e+00 6.8502731e+00 6.8336249e+00
8.3793585e-01 8.1373288e-01 1.3701671e+00 1.4893824e+00 1.4618287e+00 1.7230157e+00 1.3792679e+00 1.2216080e+00 1.0956589e+00 1.0805767e+00 1.0289016e+00 1.0131689e+00 1.0210560e+00 1.0611642e+00 1.1654859e+00 1.1730803e+00 1.2757055e+00 1.2262471e+00 1.2039051e+00 8.5013783e-01 4.7727925e-01 5.7634875e-01 1.7242411e+00 3.7225411e+00 5.6322421e+00 6.3526148e+00 5.9323830e+00 5.9655299e+00 6.3234219e+00 6.5766327e+00 6.7706315e+00 6.8409749e+00 6.8231514e+00 6.7558813e+00 6.7449990e+00 6.7790464e+00 6.7634763e+00 6.6009040e+00 6.7183961e+00 6.8956852e+00 6.9191919e+00 6.8535736e+00 6.7365365e+00 6.6692565e+00 6.7161459e+00 6.9218333e+00 7.0812971e+00 7.0908948e+00 7.0376677e+00 7.0017897e+00
1.2150217e+00 1.2689159e+00 1.2896540e+00 1.3291522e+00 1.6108929e+00 1.6291601e+00 1.2827037e+00 1.0862086e+00 9.4353892e-01 9.9289973e-01 9.3557586e-01 9.8873223e-01 1.0002696e+00 1.1354654e+00 1.2189495e+00 1.2499010e+00 1.1882811e+00 8.6540457e-01 5.7682904e-01 6.1918531e-01 1.5645426e+00 4.1352905e+00 5.4247114e+00 6.2529023e+00 6.5888983e+00 6.3272498e+00 5.9367039e+00 6.2312002e+00 6.7116790e+00 6.7870063e+00 7.0291534e+00 7.0675961e+00 7.0474253e+00 7.0793794e+00 7.1147185e+00 7.0845376e+00 6.9286656e+00 6.9036562e+00 7.0598254e+00 7.1404147e+00 7.1900895e+00 7.2130188e+00 7.2098957e+00 7.2696628e+00 7.3119190e+00 7.2264907e+00 7.4086670e+00 7.4916617e+00 7.3587846e+00 7.2411644e+00
1.3288852e+00 8.4430516e-01 8.4191767e-01 9.5730595e-01 1.1036749e+00 1.1370670e+00 9.6883607e-01 8.9726775e-01 7.8011238e-01 7.1336621e-01 8.3380267e-01 8.9810821e-01 1.0169981e+00 1.1151429e+00 1.0906510e+00 8.1817874e-01 3.9858514e-01 4.5942057e-01 1.6158215e+00 3.7936755e+00 5.6494335e+00 6.9754748e+00 6.6849852e+00 6.5437507e+00 6.8933218e+00 6.7273794e+00 6.6511523e+00 6.9667821e+00 7.5065691e+00 7.4849268e+00 7.6105607e+00 7.3951247e+00 7.2669525e+00 7.2148544e+00 7.3225303e+00 7.5494342e+00 7.3838741e+00 7.1647178e+00 7.2947626e+00 7.4866821e+00 7.6912848e+00 7.6844039e+00 7.7257373e+00 7.6529435e+00 7.7118093e+00 7.7467198e+00 7.6802139e+00 7.7905744e+00 8.0035965e+00 7.8716185e+00
9.8099480e-01 6.9751123e-01 6.0320718e-01 5.0367199e-01 3.6711831e-01 8.3445516e-01 1.1170831e+00 6.4798770e-01 6.4400465e-01 4.1237340e-01 7.1524341e-01 7.5472973e-01 8.4021169e-01 7.2317981e-01 3.5607549e-01 2.3089046e-01 1.2992714e+00 4.1755492e+00 6.1766606e+00 6.8482321e+00 7.3210461e+00 7.3085171e+00 7.3568343e+00 7.5824001e+00 7.6739636e+00 7.7697243e+00 7.8525581e+00 8.1892013e+00 8.2361216e+00 8.0001269e+00 7.9618022e+00 7.8385700e+00 7.6638326e+00 7.4909792e+00 7.6150765e+00 7.8254074e+00 7.9304874e+00 7.9296978e+00 7.8770624e+00 7.9383337e+00 7.9749370e+00 8.0352709e+00 8.2501605e+00 8.3821779e+00 8.3873029e+00 8.3244238e+00 8.4053210e+00 8.3128295e+00 8.3462134e+00 8.2998537e+00
6.3272694e-01 3.5553324e-01 2.1207277e-01 1.2902240e-01 6.2848439e-03 1.0650277e+00 1.3038787e+00 1.2110045e+00 5.6733206e-01 7.9187743e-01 9.5754625e-01 5.4828711e-01 4.1608905e-01 3.2035134e-01 1.0982107e+00 3.3828116e+00 5.8377437e+00 6.9402177e+00 7.1342226e+00 7.2966105e+00 7.5534479e+00 7.6907653e+00 7.9318902e+00 8.1305548e+00 8.1260668e+00 8.2078046e+00 8.4529172e+00 8.8222102e+00 8.7972347e+00 8.4470820e+00 8.2862407e+00 8.3203861e+00 8.1614421e+00 7.8340186e+00 7.8836087e+00 8.0037329e+00 8.1093982e+00 8.3166642e+00 8.4198452e+00 8.3654672e+00 8.3387927e+00 8.2996697e+00 8.3573663e+00 8.7669545e+00 8.9682634e+00 8.7882234e+00 8.7629470e+00 8.7501100e+00 8.8005220e+00 8.8180623e+00
9.8631047e-02 1.1178394e-01 1.2207957e-01 5.5959181e-02 1.5425014e-02 2.1884605e-01 1.4978607e+00 1.6415953e+00 1.1633226e+00 1.4914024e-01 5.2671255e-01 3.5340570e-01 1.0363813e+00 2.8917056e+00 5.4500094e+00 6.6617772e+00 6.9620777e+00 7.2123675e+00 7.3674375e+00 7.6185031e+00 7.8821669e+00 8.0196518e+00 8.1858011e+00 8.1991164e+00 8.4049286e+00 8.6992605e+00 8.7520197e+00 8.5901012e+00 8.7638781e+00 8.5130337e+00 8.4485206e+00 8.4713443e+00 8.5273539e+00 8.5228063e+00 8.4230758e+00 8.1981377e+00 8.0723407e+00 8.2024132e+00 8.4336149e+00 8.6342025e+00 8.7399549e+00 8.6582324e+00 8.5830987e+00 8.7187422e+00 9.0130912e+00 9.1082932e+00 9.0924645e+00 9.1040288e+00 9.1560420e+00 9.1354328e+00
2.4276879e-03 1.9149135e-01 9.7641513e-02 4.1303335e-03 5.6787965e-04 3.4263340e-03 1.5908836e-01 7.2697284e-01 6.4082187e-02 1.2137585e-01 3.6067861e-01 1.6458778e+00 4.9239452e+00 6.3086350e+00 6.6852442e+00 7.0145019e+00 7.3180329e+00 7.6619903e+00 7.7115038e+00 7.8764361e+00 8.1648957e+00 8.2222806e+00 8.2637333e+00 8.3290270e+00 8.5071938e+00 9.0299294e+00 9.0469296e+00 8.7455164e+00 8.9296720e+00 8.4701578e+00 8.4060527e+00 8.4777026e+00 8.6153261e+00 8.8065550e+00 8.8195884e+00 8.4451548e+00 8.2390760e+00 8.2572665e+00 8.3211434e+00 8.7504339e+00 9.0637313e+00 9.0151642e+00 8.9351161e+00 8.9477308e+00 9.1348877e+00 9.3431139e+00 9.3831696e+00 9.4430381e+00 9.4543662e+00 9.3124919e+00
9.4959476e-04 2.5722282e-01 2.6005213e-01 9.5961343e-04 0.0000000e+00 6.6544776e-04 5.5599196e-01 6.0577207e-01 5.0682945e-01 3.7635742e-01 1.8908778e+00 2.9466734e+00 4.9748940e+00 6.8862381e+00 7.2085469e+00 7.3326569e+00 7.7017368e+00 7.8837740e+00 7.8932504e+00 7.9411396e+00 8.1493304e+00 8.2200219e+00 8.3582071e+00 8.4963777e+00 8.6261487e+00 8.8415084e+00 8.5580759e+00 8.3831573e+00 9.2464682e+00 8.9810013e+00 8.7199745e+00 8.8260475e+00 8.4544572e+00 8.7503298e+00 8.7933648e+00 8.6666968e+00 8.8232815e+00 9.1726862e+00 8.6508324e+00 8.8298356e+00 8.9872335e+00 9.1309998e+00 9.2356285e+00 9.2962095e+00 9.3461844e+00 9.3800362e+00 9.4086665e+00 9.5599204e+00 9.7241720e+00 9.6017836e+00
0.0000000e+00 9.8414445e-04 7.3201689e-01 6.5421060e-01 1.1430719e-02 1.5151470e+00 2.1995070e+00 1.1740807e+00 2.0409908e+00 2.1115736e+00 3.2023264e+00 4.8033908e+00 6.3003460e+00 6.5770234e+00 7.3715660e+00 7.6948544e+00 7.9905833e+00 7.9514870e+00 8.0401584e+00 8.1392292e+00 8.1833234e+00 8.2554945e+00 8.5265401e+00 8.7013886e+00 8.7776803e+00 8.7738808e+00 8.4561828e+00 8.0962555e+00 8.2566263e+00 9.0471234e+00 8.9970351e+00 8.8868865e+00 8.6339822e+00 8.6853132e+00 8.7726530e+00 8.8934058e+00 9.1500078e+00 9.4585926e+00 9.3837674e+00 9.3203889e+00 9.2766527e+00 9.2865477e+00 9.3521382e+00 9.5777138e+00 9.6685756e+00 9.6220774e+00 9.4948658e+00 9.5972947e+00 9.7741171e+00 9.7804983e+00
0.0000000e+00 0.0000000e+00 4.9285937e-01 1.1820274e+00 1.8724954e+00 3.5629081e+00 4.8199838e+00 4.4784338e+00 4.1890209e+00 5.0646324e+00 5.9451071e+00 6.6270648e+00 6.9349948e+00 6.7943798e+00 7.1400029e+00 7.6928467e+00 8.0875178e+00 8.2069961e+00 8.1897293e+00 8.2360587e+00 8.3169051e+00 8.5335379e+00 8.8334534e+00 8.9493477e+00 9.0208771e+00 8.8658951e+00 8.6948467e+00 8.3590644e+00 8.3759908e+00 8.9916905e+00 9.1462137e+00 9.2231496e+00 9.1418877e+00 8.8483570e+00 8.8865079e+00 9.0717436e+00 9.2559443e+00 9.4346893e+00 9.5591282e+00 9.5031711e+00 9.6220180e+00 9.7306919e+00 9.4440621e+00 9.5669742e+00 9.9197814e+00 9.7404813e+00 9.6763856e+00 9.5617589e+00 9.7093698e+00 9.7905474e+00
8.5498958e-04 9.1721595e-04 9.2332278e-04 8.0996035e-01 1.6657517e+00 3.5171781e+00 6.3815763e+00 6.4519869e+00 6.2874158e+00 6.2585736e+00 6.4662658e+00 6.7346396e+00 7.0342454e+00 7.1120597e+00 7.3780204e+00 7.7494709e+00 7.9441139e+00 8.4813827e+00 8.4972245e+00 8.5523991e+00 8.7124184e+00 8.9166022e+00 9.1271143e+00 8.9311080e+00 9.0912575e+00 9.1411022e+00 9.1844213e+00 8.9859775e+00 8.8054078e+00 9.2640784e+00 9.2218700e+00 9.0000804e+00 9.0059963e+00 8.9931084e+00 9.1956221e+00 9.0154880e+00 9.0864936e+00 9.2294840e+00 9.2904692e+00 8.9291077e+00 9.1247578e+00 9.2000010e+00 8.9241916e+00 9.1240311e+00 9.6173660e+00 9.0389687e+00 8.6949839e+00 8.4735716e+00 9.1024458e+00 9.6949603e+00
