ahotovec/data/depth_0053.asc
ncols     164
nrows     146
xllcorner -1.242151388888889e+02
yllcorner  4.172986111111111e+01
cellsize  2.777777777820000e-04
nodata_value       -9999
[rows 88 to 109 of 146, columns 50 to 99 of 164]
9.5692645e-04 9.9181731e-04 9.9805992e-04 9.9350293e-04 1.7942710e-03 9.5367532e-04 2.1663158e+00 3.7834134e+00 3.8874344e+00 3.8489491e+00 4.0092817e+00 4.2982850e+00 4.6597579e+00 4.9921207e+00 5.2680050e+00 5.4328465e+00 5.7704486e+00 6.2436089e+00 6.4716040e+00 6.7148207e+00 6.6931017e+00 6.8820747e+00 6.9261081e+00 6.8261009e+00 6.9559511e+00 6.8431246e+00 6.9602247e+00 6.5005397e+00 5.3655811e+00 6.3978446e+00 6.7463416e+00 6.3155317e+00 6.4508849e+00 6.6922580e+00 6.8014250e+00 6.6947634e+00 6.7962476e+00 6.8689920e+00 6.8663991e+00 6.8115814e+00 6.8982925e+00 6.9094394e+00 6.8672756e+00 6.8738770e+00 6.9513228e+00 7.0033461e+00 7.2481946e+00 6.3927552e+00 6.4143774e+00 7.0146515e+00
1.0178613e+00 1.6649819e+00 1.4480348e+00 8.9263838e-04 9.9480928e-04 9.5970557e-04 5.0060532e-04 1.5249923e+00 3.7221204e+00 4.0815661e+00 4.1552521e+00 4.3574110e+00 4.6920906e+00 5.2769574e+00 5.5079439e+00 5.7393204e+00 6.1210832e+00 6.3403006e+00 6.3478496e+00 6.7269936e+00 7.1008890e+00 7.2152370e+00 7.0492063e+00 6.9128978e+00 6.9091697e+00 6.3980386e+00 5.9569885e+00 5.7677993e+00 5.4896766e+00 6.0207674e+00 6.5053761e+00 6.6612575e+00 6.7581548e+00 6.8547431e+00 6.9443710e+00 6.9583014e+00 6.9537972e+00 7.0492287e+00 7.0781817e+00 7.0957523e+00 7.1148192e+00 7.1287459e+00 7.1828683e+00 7.1297031e+00 7.1135003e+00 7.1409269e+00 7.2942579e+00 6.8901416e+00 6.5900917e+00 6.5703498e+00
3.5613692e+00 3.2235487e+00 2.3008046e+00 1.9162476e+00 6.3646813e-04 9.9889361e-04 3.3879617e-03 9.3685390e-04 1.3029553e+00 3.9154288e+00 4.2862408e+00 4.3730289e+00 4.6234709e+00 5.0467180e+00 5.2861906e+00 5.6003018e+00 5.8461987e+00 6.0296330e+00 6.1319314e+00 6.3516115e+00 6.5777546e+00 6.6527780e+00 6.4448529e+00 6.2987516e+00 6.1875365e+00 5.6422759e+00 5.1265348e+00 5.7278595e+00 6.1751410e+00 6.4790978e+00 6.7842510e+00 6.9399687e+00 7.0407250e+00 7.0643912e+00 7.1093628e+00 7.1730404e+00 7.2096548e+00 7.2199948e+00 7.2950842e+00 7.3237461e+00 7.3394537e+00 7.3056285e+00 7.4066596e+00 7.4404695e+00 7.3883725e+00 7.4077136e+00 7.3558075e+00 7.3191144e+00 6.7891014e+00 6.8096070e+00
3.5117241e+00 3.5323755e+00 3.2823996e+00 3.0608224e+00 7.3864632e-04 9.5129343e-04 8.0581262e-02 3.5813237e-01 6.0089134e-04 1.2437429e+00 4.0853989e+00 4.4482255e+00 4.4590682e+00 4.6407895e+00 4.6111366e+00 4.5271877e+00 5.2013962e+00 5.4759711e+00 5.6049852e+00 5.7335039e+00 5.7959726e+00 5.7398329e+00 5.5588388e+00 5.3884483e+00 5.5002252e+00 5.5686226e+00 5.6836132e+00 6.2185127e+00 6.6362780e+00 6.8687560e+00 7.0193739e+00 7.1298620e+00 7.1968828e+00 7.2642062e+00 7.2899891e+00 7.3391788e+00 7.4098034e+00 7.4557976e+00 7.4557974e+00 7.5275233e+00 7.5176498e+00 7.5239035e+00 7.6427456e+00 7.6661912e+00 7.6404757e+00 7.6510315e+00 7.5980244e+00 7.5197281e+00 7.4112508e+00 7.3440647e+00
3.3719512e+00 3.5059300e+00 2.5637265e+00 3.4083212e+00 2.6103975e+00 7.0151390e-04 2.4598553e-01 8.4847703e-01 8.7556136e-01 7.0824097e-04 1.1173797e+00 4.0372700e+00 4.4359851e+00 4.5163621e+00 2.8694076e+00 1.1265198e+00 4.4215702e+00 4.9429688e+00 5.0324596e+00 5.0961380e+00 5.0312753e+00 4.8946292e+00 4.8078218e+00 4.7250869e+00 5.2533824e+00 5.8683753e+00 6.2607849e+00 6.6136736e+00 6.9331803e+00 7.1152323e+00 7.2262834e+00 7.2750342e+00 7.3300834e+00 7.3845673e+00 7.4339332e+00 7.4813787e+00 7.5506767e+00 7.6224577e+00 7.6635317e+00 7.6537385e+00 7.6767430e+00 7.7207906e+00 7.8181971e+00 7.8079134e+00 7.8327836e+00 7.7772947e+00 7.6569576e+00 7.5253862e+00 7.3508761e+00 7.2623300e+00
3.1982970e+00 3.3242069e+00 3.4536642e+00 3.6899908e+00 3.5356607e+00 1.1285734e+00 9.0752927e-04 8.4210693e-01 1.3391377e+00 2.2283441e+00 3.7289957e-01 3.0304782e-01 3.6197637e+00 4.2181234e+00 3.4663934e+00 3.3888776e+00 4.4992228e+00 4.5756519e+00 4.6297597e+00 4.6292737e+00 4.5054544e+00 4.4414528e+00 4.8288646e+00 5.1977330e+00 5.8542479e+00 6.4018535e+00 6.7916778e+00 7.0080984e+00 7.1562553e+00 7.2658274e+00 7.3662884e+00 7.4478205e+00 7.4757903e+00 7.5234261e+00 7.5824829e+00 7.6048683e+00 7.6666746e+00 7.7351523e+00 7.7464149e+00 7.7831197e+00 7.8511790e+00 7.9148916e+00 7.9548113e+00 7.9574193e+00 7.9315848e+00 7.8259815e+00 7.5933993e+00 7.2038894e+00 6.9258175e+00 6.7846492e+00
3.2219298e+00 3.3725533e+00 3.6735389e+00 3.6829960e+00 3.6847433e+00 2.7067542e+00 1.3564752e-02 2.6024688e-01 3.2562280e+00 3.9527514e+00 3.5413157e+00 5.8753169e-01 3.2587685e-04 9.3498618e-02 2.7771066e+00 4.6092010e+00 4.3841050e+00 4.4103294e+00 4.4536289e+00 4.4381221e+00 4.4314420e+00 4.9186420e+00 5.5446596e+00 6.1043324e+00 6.5062897e+00 6.8147849e+00 7.0707279e+00 7.2696943e+00 7.3766389e+00 7.4091147e+00 7.4759588e+00 7.5545622e+00 7.6292722e+00 7.6557370e+00 7.7162125e+00 7.7566698e+00 7.7998157e+00 7.8156397e+00 7.8470572e+00 7.9351574e+00 8.0073682e+00 8.0577014e+00 8.1087388e+00 8.1072464e+00 8.0884519e+00 7.9079864e+00 7.1539865e+00 6.4379410e+00 6.2829116e+00 6.0998773e+00
3.4222967e+00 3.5036909e+00 3.5831238e+00 3.6118244e+00 3.6420670e+00 3.4228223e+00 2.1177572e+00 6.3525658e-04 2.7558804e+00 4.2297323e+00 2.9587416e+00 3.0285713e+00 8.4264295e-04 8.4983861e-04 1.3538944e+00 4.5037316e+00 4.3966459e+00 4.4314970e+00 4.4640494e+00 4.7102615e+00 5.0599589e+00 5.6961605e+00 6.2489557e+00 6.6055448e+00 6.9166279e+00 7.1047961e+00 7.2700704e+00 7.4023795e+00 7.5225755e+00 7.5836769e+00 7.6098398e+00 7.6631053e+00 7.7345646e+00 7.7973034e+00 7.8406151e+00 7.8697739e+00 7.8738747e+00 7.9008158e+00 7.9491802e+00 8.0413240e+00 8.1309501e+00 8.1930126e+00 8.2772378e+00 8.3535597e+00 8.4632775e+00 8.3336728e+00 6.4594484e+00 5.0220978e+00 4.9052203e+00 5.2926503e+00
3.6225233e+00 3.6685771e+00 3.6853806e+00 3.6876591e+00 3.6738455e+00 3.6189051e+00 3.3918955e+00 1.5183017e+00 4.8214461e-04 3.3641750e+00 3.7154997e+00 3.8297265e+00 3.1451130e+00 3.0154855e+00 4.0542208e+00 4.5781457e+00 4.6655206e+00 4.7330305e+00 4.7941299e+00 5.3466952e+00 6.0363746e+00 6.4731396e+00 6.7138683e+00 6.9217239e+00 7.1178015e+00 7.2962616e+00 7.4028199e+00 7.5114373e+00 7.5966772e+00 7.6778215e+00 7.7236386e+00 7.7643944e+00 7.8248001e+00 7.8609644e+00 7.8787135e+00 7.8968695e+00 7.9259126e+00 7.9440572e+00 8.0046096e+00 8.0937060e+00 8.1667813e+00 8.2548633e+00 8.3483025e+00 8.4668098e+00 8.5771454e+00 7.8359002e+00 1.5289805e+00 9.4630622e-01 1.4655121e+00 2.7488616e+00
3.8126563e+00 3.8128871e+00 3.8038454e+00 3.7806911e+00 3.7439320e+00 3.6543328e+00 3.6627471e+00 3.3043883e+00 1.9673827e-01 1.9615420e-02 3.6711363e+00 4.0904989e+00 4.3679513e+00 4.6249071e+00 4.6414781e+00 4.7890227e+00 5.1072457e+00 5.3442097e+00 5.5484852e+00 6.0383723e+00 6.4835568e+00 6.8072868e+00 7.0407510e+00 7.1261639e+00 7.2590570e+00 7.3848502e+00 7.4997829e+00 7.5843864e+00 7.6511634e+00 7.7291437e+00 7.7776446e+00 7.8219770e+00 7.8633016e+00 7.8442446e+00 7.9157014e+00 7.9478181e+00 8.0102445e+00 8.0236648e+00 8.0767540e+00 8.1229871e+00 8.1889295e+00 8.2720446e+00 8.3237282e+00 8.3535736e+00 8.3001997e+00 7.9188127e+00 5.7060596e+00 4.1877641e+00 2.4367998e+00 1.2508009e+00
4.0455299e+00 4.0105702e+00 3.9717438e+00 3.9211357e+00 3.8319788e+00 3.7310962e+00 3.6698817e+00 3.7120121e+00 2.7617130e+00 9.6179977e-04 2.8427947e+00 4.4406033e+00 4.2266739e+00 4.4078200e+00 4.6721354e+00 4.9776950e+00 5.3629428e+00 5.5821985e+00 5.8074242e+00 6.2859280e+00 6.6492044e+00 6.9912930e+00 7.2177440e+00 7.2922332e+00 7.3438861e+00 7.4431254e+00 7.5270450e+00 7.6324320e+00 7.6913427e+00 7.7686440e+00 7.8248004e+00 7.8465376e+00 7.8246614e+00 7.9107019e+00 7.9792480e+00 8.0023908e+00 8.0799120e+00 8.0880604e+00 8.1278595e+00 8.1642727e+00 8.2178180e+00 8.2598081e+00 8.2626371e+00 8.1992948e+00 8.0647923e+00 7.7996797e+00 7.4068994e+00 7.0658164e+00 6.7743225e+00 6.3065143e+00
4.2893996e+00 4.2160025e+00 4.1668772e+00 4.0821977e+00 3.9578834e+00 3.8559088e+00 3.7288451e+00 3.7003322e+00 3.4811339e+00 1.0552918e+00 7.4888315e-04 3.7583925e+00 4.2712037e+00 4.5297784e+00 4.7376808e+00 5.0428180e+00 5.2990615e+00 5.4909411e+00 6.0150407e+00 6.3950077e+00 6.7385370e+00 7.0316993e+00 7.2235716e+00 7.2868981e+00 7.3727499e+00 7.4649182e+00 7.5510204e+00 7.6406107e+00 7.7331238e+00 7.7843206e+00 7.8360104e+00 7.8776909e+00 7.8770157e+00 7.9409119e+00 8.0252822e+00 8.0599808e+00 8.1268725e+00 8.1363311e+00 8.1685944e+00 8.2087845e+00 8.2383480e+00 8.2527990e+00 8.2123575e+00 8.1197032e+00 8.0110096e+00 7.8044736e+00 7.6019962e+00 7.5412867e+00 7.3680951e+00 7.1705952e+00
4.5165340e+00 4.4061373e+00 4.3410105e+00 4.2129830e+00 4.0516295e+00 3.9305666e+00 3.7976801e+00 3.6947936e+00 3.6110303e+00 2.7981470e+00 8.3365406e-04 8.8303050e-04 3.8490127e+00 4.5380079e+00 4.7614375e+00 5.1074873e+00 5.4539274e+00 5.7131272e+00 6.1849651e+00 6.4946382e+00 6.7603039e+00 6.9739083e+00 7.1134160e+00 7.2489586e+00 7.3828838e+00 7.4837179e+00 7.5769284e+00 7.6636561e+00 7.7504703e+00 7.8344402e+00 7.8809310e+00 7.8790048e+00 7.9207118e+00 7.9720664e+00 8.0498827e+00 8.1035987e+00 8.1684930e+00 8.1763964e+00 8.2020746e+00 8.2300596e+00 8.2639180e+00 8.2364335e+00 8.1803978e+00 8.0922668e+00 8.0449440e+00 8.0126236e+00 7.8703120e+00 7.6727603e+00 7.4970904e+00 7.4455357e+00
4.8796897e+00 4.7237231e+00 4.5881461e+00 4.4013942e+00 4.1989132e+00 4.0369136e+00 3.8786372e+00 3.7379911e+00 3.6757520e+00 3.6938727e+00 2.4289984e+00 8.6109888e-04 2.6938747e+00 4.6956408e+00 4.7407678e+00 5.1668188e+00 5.6266343e+00 5.9635484e+00 6.1967549e+00 6.5399646e+00 6.7685138e+00 6.9186982e+00 7.0821311e+00 7.2209635e+00 7.3597864e+00 7.4841507e+00 7.5747614e+00 7.6755583e+00 7.7702957e+00 7.8566566e+00 7.8967439e+00 7.8860996e+00 7.9509707e+00 8.0033332e+00 8.0890471e+00 8.1417036e+00 8.1883662e+00 8.1810623e+00 8.2103643e+00 8.2590853e+00 8.2543660e+00 8.2348093e+00 8.1900131e+00 8.1074533e+00 8.1100926e+00 8.1012371e+00 8.0067429e+00 7.8118183e+00 7.7556648e+00 7.6835578e+00
5.3419961e+00 5.1124914e+00 4.9027911e+00 4.6582440e+00 4.4020836e+00 4.1653623e+00 3.9803499e+00 3.8364811e+00 3.6961256e+00 3.6860234e+00 3.2847844e+00 4.1302892e-01 7.1595812e-04 4.4097888e+00 4.7117995e+00 5.0831071e+00 5.5521822e+00 5.9727309e+00 6.2615659e+00 6.4674207e+00 6.6984645e+00 6.8900199e+00 7.0440421e+00 7.2076694e+00 7.3374658e+00 7.4598606e+00 7.5817427e+00 7.6903627e+00 7.7811577e+00 7.8415857e+00 7.8737100e+00 7.9270234e+00 7.9967353e+00 8.0358833e+00 8.1002557e+00 8.1479044e+00 8.2043445e+00 8.1889850e+00 8.2064450e+00 8.2573457e+00 8.2695828e+00 8.2554080e+00 8.2253121e+00 8.1256026e+00 8.0877954e+00 8.0820508e+00 8.0355199e+00 7.9925076e+00 7.9266298e+00 7.8314890e+00
5.7707019e+00 5.4724244e+00 5.1963018e+00 4.8647851e+00 4.5292789e+00 4.2359610e+00 4.0072845e+00 3.8483584e+00 3.7085178e+00 3.6445232e+00 3.4828269e+00 2.0205867e+00 4.1207046e-05 1.9603179e+00 4.7460854e+00 4.9153514e+00 5.3725131e+00 5.7927846e+00 6.1300285e+00 6.4444211e+00 6.5841148e+00 6.7920490e+00 6.9886477e+00 7.1460510e+00 7.3038610e+00 7.4249230e+00 7.5568238e+00 7.6832025e+00 7.7642522e+00 7.7675172e+00 7.8642059e+00 7.9868017e+00 8.0161708e+00 8.0135104e+00 8.0985591e+00 8.1316257e+00 8.1817453e+00 8.2095422e+00 8.1982559e+00 8.2175888e+00 8.2536946e+00 8.2488385e+00 8.2455995e+00 8.1784353e+00 8.1565183e+00 8.1558389e+00 8.1060115e+00 8.0543961e+00 7.9874861e+00 7.8501174e+00
6.2042631e+00 5.8018879e+00 5.4581891e+00 5.0241958e+00 4.6049736e+00 4.2576310e+00 4.0042405e+00 3.8389493e+00 3.7075336e+00 3.6088379e+00 3.5232084e+00 3.4499590e+00 9.7988642e-01 0.0000000e+00 3.7320249e+00 4.8214139e+00 5.1341958e+00 5.5518294e+00 5.8740297e+00 6.2569170e+00 6.5201065e+00 6.6377881e+00 6.8845552e+00 7.0494903e+00 7.2032285e+00 7.3785745e+00 7.4979393e+00 7.6344621e+00 7.7290106e+00 7.7345433e+00 7.8874837e+00 7.9912771e+00 8.0206350e+00 8.0160304e+00 8.0717710e+00 8.1355424e+00 8.1692636e+00 8.2336956e+00 8.2090487e+00 8.2122710e+00 8.2428487e+00 8.2613838e+00 8.2566196e+00 8.2240708e+00 8.2206739e+00 8.2089364e+00 8.1408346e+00 8.0628465e+00 7.9906576e+00 7.9118594e+00
6.6865042e+00 6.1877128e+00 5.7347954e+00 5.1896254e+00 4.6571862e+00 4.2413470e+00 3.9778571e+00 3.8739392e+00 3.7821923e+00 3.6650958e+00 3.5615070e+00 3.6168985e+00 3.2385249e+00 7.3737136e-04 2.9051313e-01 4.5210228e+00 4.9564444e+00 5.2673835e+00 5.6035965e+00 5.9942257e+00 6.3246630e+00 6.5526590e+00 6.6979941e+00 6.9367468e+00 7.0987970e+00 7.2576770e+00 7.4230571e+00 7.5577102e+00 7.6778652e+00 7.7239810e+00 7.8796213e+00 7.9890096e+00 8.0476683e+00 8.0238425e+00 8.0748725e+00 8.1295467e+00 8.1706638e+00 8.2187294e+00 8.1765842e+00 8.2224077e+00 8.2536566e+00 8.2711659e+00 8.2621734e+00 8.2461420e+00 8.2321597e+00 8.2102472e+00 8.1424185e+00 8.0904187e+00 8.0351119e+00 7.9763143e+00
7.2123387e+00 6.6320849e+00 6.0522314e+00 5.3508342e+00 4.6599153e+00 4.1127769e+00 3.8363357e+00 3.6800050e+00 3.2390054e+00 3.6691370e+00 3.7611074e+00 3.7142482e+00 3.6572669e+00 1.9906912e+00 6.9895671e-04 1.3824014e+00 4.7607972e+00 4.9711236e+00 5.3271648e+00 5.7741881e+00 6.1712051e+00 6.5100503e+00 6.5783118e+00 6.7039135e+00 6.9058633e+00 7.0954275e+00 7.3146794e+00 7.4473194e+00 7.5940916e+00 7.6869210e+00 7.7990168e+00 7.9337756e+00 8.0434836e+00 8.0484808e+00 8.0784229e+00 8.1436477e+00 8.1614008e+00 8.2153357e+00 8.1865268e+00 8.2222108e+00 8.2448961e+00 8.2747360e+00 8.2760562e+00 8.2527332e+00 8.2212682e+00 8.1969521e+00 8.1755772e+00 8.1159950e+00 8.0654886e+00 8.0183584e+00
7.7951437e+00 7.1672935e+00 6.4538344e+00 5.5217209e+00 4.6034633e+00 3.7296496e+00 2.8335595e+00 2.6770189e+00 1.0579328e+00 3.5046398e+00 4.1640521e+00 4.0961253e+00 4.0117827e+00 3.4533886e+00 4.5729169e-01 2.2728861e-04 4.0791401e+00 4.7612246e+00 5.0544262e+00 5.4941912e+00 5.9343133e+00 6.3315523e+00 6.5337549e+00 6.5708156e+00 6.6884170e+00 6.8839676e+00 7.1086458e+00 7.3182873e+00 7.4882830e+00 7.6510977e+00 7.8148592e+00 7.8631638e+00 7.9677212e+00 8.0102495e+00 8.0790322e+00 8.1335962e+00 8.1558338e+00 8.2203847e+00 8.1988106e+00 8.2484816e+00 8.2855003e+00 8.2897301e+00 8.3023712e+00 8.2652012e+00 8.2082665e+00 8.1797293e+00 8.1809270e+00 8.1369220e+00 8.0520837e+00 8.0081355e+00
8.5069503e+00 7.7889900e+00 6.9587011e+00 5.8019154e+00 4.6235487e+00 3.5253737e+00 2.7506037e+00 3.2640678e+00 3.0755841e+00 3.7660635e+00 4.5731143e+00 4.5828587e+00 4.4324644e+00 3.9402054e+00 2.6320792e+00 9.9630534e-04 9.2865161e-01 4.8282859e+00 4.9022290e+00 5.1943055e+00 5.6416296e+00 6.0518115e+00 6.3652101e+00 6.5244261e+00 6.4801450e+00 6.5562188e+00 6.7753561e+00 7.0498075e+00 7.2951698e+00 7.5901876e+00 7.8849585e+00 7.9206859e+00 7.9206432e+00 7.9786797e+00 8.0478581e+00 8.1144647e+00 8.1550495e+00 8.2196974e+00 8.2028539e+00 8.2255966e+00 8.2632658e+00 8.2933758e+00 8.3213081e+00 8.2510501e+00 8.1849374e+00 8.1382350e+00 8.1323515e+00 8.1147035e+00 8.0779629e+00 8.0090072e+00
9.1785957e+00 8.4113913e+00 7.4960026e+00 6.1596741e+00 4.7656213e+00 3.7753822e+00 3.5873083e+00 3.4896742e+00 1.9218785e+00 4.2255754e+00 5.0988598e+00 5.1514792e+00 5.0282237e+00 4.5843217e+00 4.0680064e+00 2.7143726e+00 7.1038248e-04 2.8760224e+00 4.7316885e+00 4.9483058e+00 5.3709540e+00 5.7837755e+00 6.1105318e+00 6.3398004e+00 6.3909341e+00 6.2682631e+00 6.3457224e+00 6.6469624e+00 6.9848420e+00 7.3146216e+00 7.4463365e+00 7.7127392e+00 7.8336233e+00 7.8585166e+00 7.9686656e+00 8.0564112e+00 8.1259807e+00 8.1988903e+00 8.2085559e+00 8.2356641e+00 8.2604295e+00 8.2902125e+00 8.3086806e+00 8.1902222e+00 8.1079483e+00 8.0381729e+00 8.0288979e+00 8.0313799e+00 8.0302085e+00 8.0183276e+00
