ahotovec/data/depth_0015.asc
ncols     164
nrows     146
xllcorner -1.242151388888889e+02
yllcorner  4.172986111111111e+01
cellsize  2.777777777820000e-04
nodata_value       -9999
[rows 66 to 87 of 146, columns 100 to 149 of 164]
1.5817577e+00 1.5897044e+00 1.5802425e+00 1.5782293e+00 1.5720947e+00 1.5539685e+00 1.5375966e+00 1.5244827e+00 1.5057984e+00 1.4485525e+00 1.3601015e+00 1.2664614e+00 1.1498951e+00 1.0332807e+00 8.4479264e-01 5.1906725e-01 4.7449818e-01 5.1002087e-01 5.2427923e-01 5.5255766e-01 5.7008278e-01 5.6375589e-01 5.6659881e-01 5.7526706e-01 5.4147041e-01 4.9962520e-01 4.4411268e-01 3.8550936e-01 3.1871343e-01 2.8194403e-01 2.7047343e-01 2.6195406e-01 2.2966813e-01 1.8959516e-01 1.7767965e-01 1.3293181e-01 1.0988425e-01 9.8984807e-02 5.7473240e-02 6.4614780e-02 6.4751164e-02 6.6172459e-02 6.4423370e-02 5.5313282e-02 7.1906762e-02 4.3614919e-02 2.6672509e-02 2.2194040e-02 1.7738129e-02 1.0962209e-02
1.5079669e+00 1.5024684e+00 1.4539123e+00 1.4492002e+00 1.4853209e+00 1.4992334e+00 1.4869488e+00 1.4795169e+00 1.4661182e+00 1.4133095e+00 1.2870939e+00 1.1183649e+00 1.0346400e+00 9.2606249e-01 7.3910629e-01 4.6531009e-01 4.5740883e-01 4.9805486e-01 5.0855068e-01 5.3369588e-01 5.4478409e-01 5.9340933e-01 5.9309686e-01 5.6845793e-01 5.5109042e-01 5.4348834e-01 5.1042111e-01 4.9172795e-01 5.0618209e-01 5.0580991e-01 4.6418347e-01 4.1443638e-01 3.7738370e-01 3.6113203e-01 3.0254008e-01 3.3772193e-01 2.7916244e-01 2.9008488e-01 1.9142934e-01 8.2692819e-02 5.1220170e-02 7.1874153e-02 7.9594027e-02 7.9097762e-02 9.2266180e-02 6.0464192e-02 4.2674305e-02 3.3836365e-02 2.5272845e-02 2.1393258e-02
1.9312073e+00 1.8353178e+00 1.7445037e+00 1.7006566e+00 1.6112489e+00 1.5159120e+00 1.4303529e+00 1.3605320e+00 1.3420649e+00 1.2865907e+00 1.1695900e+00 1.1293119e+00 1.0141755e+00 9.2809059e-01 7.8106854e-01 5.4382964e-01 5.0849959e-01 5.6507072e-01 6.0041811e-01 6.1127002e-01 6.3013665e-01 6.9621801e-01 7.0402361e-01 7.0948933e-01 7.0118336e-01 7.2338547e-01 7.3510721e-01 7.2894980e-01 7.4965451e-01 7.2603371e-01 7.0974564e-01 6.7818070e-01 6.7375366e-01 6.4252911e-01 6.3091807e-01 6.1149855e-01 5.9320098e-01 6.0002990e-01 5.3151170e-01 4.1083186e-01 3.4542965e-01 2.4168174e-01 1.6287973e-01 7.8710324e-02 8.4859174e-02 7.4973971e-02 7.1474577e-02 6.0840157e-02 5.8456390e-02 5.8530920e-02
2.3851206e+00 2.3257111e+00 2.2361492e+00 2.1459727e+00 2.0682570e+00 1.9217788e+00 1.8105042e+00 1.6483503e+00 1.4583214e+00 1.3499233e+00 1.2554629e+00 1.1665750e+00 1.1066883e+00 1.0345279e+00 9.5860145e-01 8.1774704e-01 6.1419072e-01 6.2488822e-01 6.7211462e-01 7.6545090e-01 8.0612535e-01 8.8024389e-01 9.2092107e-01 9.4345641e-01 9.9561691e-01 9.8590855e-01 1.0210716e+00 1.0523671e+00 1.0827765e+00 1.0657821e+00 1.1010497e+00 1.0872336e+00 1.0473979e+00 9.9916850e-01 9.5214716e-01 9.3974137e-01 9.1718563e-01 8.9099641e-01 8.5556054e-01 7.2058715e-01 6.5846685e-01 5.4736215e-01 4.3752975e-01 2.8724147e-01 1.6336600e-01 1.2224443e-01 1.2499368e-01 1.0030684e-01 1.1109557e-01 1.1180182e-01
2.5751835e+00 2.5248818e+00 2.4434867e+00 2.3463552e+00 2.2608128e+00 2.1955544e+00 2.2027128e+00 2.1773575e+00 2.0400306e+00 1.9195216e+00 1.7587085e+00 1.5243621e+00 1.3726581e+00 1.2589847e+00 1.1375931e+00 1.0583956e+00 8.7772575e-01 7.7781311e-01 8.1828993e-01 9.4118642e-01 1.0499172e+00 1.1497971e+00 1.2347131e+00 1.2965197e+00 1.3143962e+00 1.3261368e+00 1.3696065e+00 1.4192097e+00 1.4532573e+00 1.4750693e+00 1.4545472e+00 1.4501484e+00 1.4231453e+00 1.3434231e+00 1.2850384e+00 1.2781176e+00 1.2483614e+00 1.2535441e+00 1.1777253e+00 1.0212257e+00 9.4241286e-01 8.5818565e-01 7.4276165e-01 5.6654756e-01 4.4273008e-01 3.0135176e-01 2.1430680e-01 1.4982447e-01 1.3600113e-01 1.3390405e-01
2.6530665e+00 2.5880074e+00 2.4791268e+00 2.3577472e+00 2.2725138e+00 2.2475525e+00 2.2363802e+00 2.2667273e+00 2.3779247e+00 2.4395433e+00 2.3584770e+00 2.1422608e+00 2.0144299e+00 1.9953312e+00 1.7139310e+00 1.4195387e+00 1.2473057e+00 1.1206634e+00 1.0893632e+00 1.1163280e+00 1.2609778e+00 1.3766947e+00 1.4950061e+00 1.5442125e+00 1.5495350e+00 1.6027953e+00 1.6586977e+00 1.7062733e+00 1.7370601e+00 1.7489118e+00 1.7345023e+00 1.7425383e+00 1.7053841e+00 1.6350493e+00 1.6285947e+00 1.6510360e+00 1.6112773e+00 1.5813526e+00 1.4701602e+00 1.3590664e+00 1.2695033e+00 1.1544200e+00 1.0540794e+00 9.0036752e-01 7.8522979e-01 6.7674060e-01 5.2222527e-01 4.1239346e-01 3.7126253e-01 3.7394213e-01
2.6736107e+00 2.6666854e+00 2.5683685e+00 2.3990615e+00 2.3305708e+00 2.4018519e+00 2.3991498e+00 2.3135890e+00 2.3701666e+00 2.5828948e+00 2.6219274e+00 2.6581922e+00 2.8108889e+00 2.6592785e+00 2.4935488e+00 2.1500428e+00 1.8874690e+00 1.7587846e+00 1.6380801e+00 1.3296888e+00 1.1826843e+00 1.3560302e+00 1.5192979e+00 1.6298281e+00 1.6922994e+00 1.7450922e+00 1.8060109e+00 1.8434290e+00 1.8892033e+00 1.9271876e+00 1.9734702e+00 1.9309162e+00 1.8313947e+00 1.9179267e+00 1.9757125e+00 1.9940014e+00 1.9559615e+00 1.8552920e+00 1.7458993e+00 1.6517216e+00 1.5418198e+00 1.4680630e+00 1.3946378e+00 1.3297936e+00 1.2752389e+00 1.2153572e+00 1.1023437e+00 9.5191840e-01 8.5072609e-01 7.9042206e-01
2.6657995e+00 2.6775488e+00 2.6744368e+00 2.5002318e+00 2.3627020e+00 2.3845843e+00 2.4486605e+00 2.4672343e+00 2.4968711e+00 2.6206696e+00 3.0069688e+00 5.1857233e+00 7.0873540e+00 4.5775639e+00 2.6776605e+00 2.6222521e+00 2.4970302e+00 2.3417759e+00 2.1594196e+00 1.6126333e+00 9.0221357e-01 9.8605946e-01 1.1859238e+00 1.4097251e+00 1.5686514e+00 1.5351877e+00 1.5089674e+00 1.5624465e+00 1.6933723e+00 1.8049771e+00 1.8947334e+00 1.9903241e+00 2.0878436e+00 2.1789578e+00 2.2070961e+00 2.2054818e+00 2.1833169e+00 2.0989876e+00 2.0201934e+00 1.9662844e+00 1.9103849e+00 1.8752520e+00 1.8478052e+00 1.7873390e+00 1.7278620e+00 1.6037729e+00 1.4609020e+00 1.2902561e+00 1.1319562e+00 9.5132900e-01
3.4599115e+00 2.7795287e+00 2.6640334e+00 2.5278714e+00 2.1547151e+00 1.9168556e+00 1.9872169e+00 2.3455744e+00 2.6704665e+00 3.4061950e+00 6.4774861e+00 8.5774651e+00 8.9776553e+00 7.6285224e+00 5.1223642e+00 2.9803087e+00 2.6724973e+00 2.6108640e+00 2.3509394e+00 1.7154120e+00 7.1442814e-01 6.6118343e-01 7.9408352e-01 9.8076270e-01 1.0696910e+00 1.0599006e+00 1.0293743e+00 1.0862526e+00 1.2170727e+00 1.3608212e+00 1.5828908e+00 1.9178355e+00 2.2628476e+00 2.3486170e+00 2.3830023e+00 2.3875777e+00 2.3559280e+00 2.3571768e+00 2.3253962e+00 2.3080529e+00 2.2760122e+00 2.2510096e+00 2.2032437e+00 2.1331719e+00 1.9920518e+00 1.7637491e+00 1.5950660e+00 1.3795655e+00 1.1791640e+00 1.0771043e+00
6.0642726e+00 5.0396088e+00 3.2845840e+00 2.6766690e+00 2.2174322e+00 1.2592484e+00 1.2802290e+00 2.1563912e+00 3.8405279e+00 7.3456205e+00 8.8540449e+00 9.1437061e+00 9.1897779e+00 9.2653156e+00 9.1522946e+00 6.6411385e+00 3.7222499e+00 2.6840786e+00 2.3464065e+00 1.4464236e+00 6.3750077e-01 6.4171184e-01 7.3111652e-01 8.3982716e-01 9.0860675e-01 9.3975567e-01 8.7313743e-01 8.3771159e-01 8.9447790e-01 1.0431206e+00 1.3760496e+00 1.8439503e+00 2.3445416e+00 2.5675682e+00 2.5765767e+00 2.5720954e+00 2.6113602e+00 2.5848471e+00 2.5843123e+00 2.5562017e+00 2.5153693e+00 2.4667389e+00 2.4049982e+00 2.3039385e+00 2.0791018e+00 1.8146382e+00 1.6110247e+00 1.4203500e+00 1.2941050e+00 1.2664645e+00
6.7650059e+00 6.6827979e+00 5.7542100e+00 3.8660285e+00 3.0690534e+00 1.1464352e+00 1.2208713e+00 3.9153446e+00 8.3466832e+00 9.1198832e+00 9.2634856e+00 9.4273826e+00 9.5300853e+00 9.6358852e+00 9.6639314e+00 8.4814314e+00 7.2231628e+00 4.5166379e+00 1.9698046e+00 9.5706571e-01 7.4273095e-01 9.9898011e-01 9.7865048e-01 1.0697865e+00 1.2961779e+00 1.2954223e+00 1.0973546e+00 9.9613138e-01 8.9928854e-01 9.2344505e-01 1.1994890e+00 1.6982409e+00 2.3187016e+00 2.7438950e+00 2.9037560e+00 2.9078553e+00 2.8653142e+00 2.8289501e+00 2.7816228e+00 2.7251769e+00 2.6623202e+00 2.5747482e+00 2.4756988e+00 2.3328698e+00 2.1136028e+00 1.8824327e+00 1.6779319e+00 1.5498518e+00 1.4989279e+00 1.5425006e+00
7.0580663e+00 6.7173424e+00 6.4419357e+00 5.8115242e+00 3.8507944e+00 2.0231172e+00 3.7212741e+00 8.0496562e+00 9.1046840e+00 9.2154499e+00 9.3541136e+00 9.4572708e+00 9.5679813e+00 9.7897978e+00 9.9389837e+00 9.6885421e+00 9.8425975e+00 7.8637356e+00 3.7773785e+00 1.1428442e+00 7.4478133e-01 9.8705189e-01 1.1385785e+00 1.3750602e+00 1.6744793e+00 1.7133955e+00 1.4239504e+00 1.4402450e+00 1.1329019e+00 9.9449658e-01 1.0984915e+00 1.4520762e+00 2.1197429e+00 2.7804383e+00 3.1611218e+00 3.2606056e+00 3.1676221e+00 3.0434700e+00 2.9681773e+00 2.8857161e+00 2.7574765e+00 2.6264385e+00 2.5150457e+00 2.3701061e+00 2.1419644e+00 1.9378213e+00 1.7939685e+00 1.7509966e+00 1.7517342e+00 1.8934287e+00
7.5669618e+00 7.3464803e+00 6.6896491e+00 5.8276034e+00 3.1426960e+00 4.8212206e+00 8.4258701e+00 8.8845700e+00 8.8234977e+00 8.7577433e+00 8.9680841e+00 9.1277545e+00 9.5499464e+00 9.8038991e+00 9.9568978e+00 9.9777613e+00 9.6928874e+00 7.2875203e+00 3.0212421e+00 1.1507123e+00 7.2775242e-01 7.8169331e-01 1.2776411e+00 1.3614154e+00 1.4383690e+00 1.3654734e+00 1.7579889e+00 1.5792585e+00 1.4754508e+00 1.3912478e+00 1.2177488e+00 1.3104059e+00 1.9439997e+00 2.7555325e+00 3.2615886e+00 3.4790939e+00 3.4246891e+00 3.2717733e+00 3.1336046e+00 3.0594701e+00 2.9072817e+00 2.7400399e+00 2.5632868e+00 2.4055031e+00 2.1615642e+00 2.0423592e+00 2.0054818e+00 2.0163639e+00 2.1424041e+00 2.2686047e+00
7.8679370e+00 7.6669312e+00 5.3656027e+00 3.1912928e+00 6.3139474e+00 8.6719887e+00 8.8142169e+00 8.7286899e+00 8.6618426e+00 8.5499616e+00 8.4709464e+00 8.9016524e+00 9.5574977e+00 9.7065257e+00 9.9770586e+00 9.3056038e+00 5.7529957e+00 2.3220894e+00 1.0793075e+00 9.6145051e-01 9.4754848e-01 1.4044194e+00 1.4477970e+00 1.4397404e+00 1.5024938e+00 1.4059401e+00 1.1971067e+00 9.5854599e-01 1.8438973e+00 1.7440563e+00 1.6607858e+00 1.5282828e+00 1.9700987e+00 2.6940677e+00 3.2038249e+00 3.4619353e+00 3.5563843e+00 3.4900548e+00 3.3905921e+00 3.2947428e+00 3.1336884e+00 2.9240424e+00 2.7138813e+00 2.4874535e+00 2.3296811e+00 2.2177293e+00 2.2661021e+00 2.3541183e+00 2.4408186e+00 2.5190622e+00
8.3801269e+00 6.8545542e+00 3.3385784e+00 4.1390192e+00 8.2417816e+00 8.9383583e+00 8.5814420e+00 8.5261017e+00 8.4922279e+00 8.5721135e+00 9.1374410e+00 9.0957150e+00 8.9360355e+00 9.2111301e+00 7.9421255e+00 4.8591910e+00 1.4183987e+00 1.1750938e+00 1.3145570e+00 1.4893566e+00 1.8929173e+00 1.5656521e+00 1.7642519e+00 1.5818826e+00 1.5022709e+00 1.4576300e+00 9.1310421e-01 1.1402254e+00 1.0037945e+00 1.9040612e+00 1.9559973e+00 1.9474699e+00 2.1327856e+00 2.5895486e+00 3.0159074e+00 3.3094656e+00 3.4616365e+00 3.5280449e+00 3.5513985e+00 3.5175423e+00 3.4019004e+00 3.1835755e+00 2.9211548e+00 2.7243274e+00 2.5762719e+00 2.5187600e+00 2.5641247e+00 2.6107503e+00 2.6789121e+00 2.7211125e+00
8.8819430e+00 8.4985899e+00 7.6679576e+00 4.8126699e+00 3.8404726e+00 7.3930295e+00 8.3905619e+00 8.2551945e+00 8.7545221e+00 9.0971429e+00 9.1200012e+00 8.9795895e+00 8.5152615e+00 7.1293067e+00 3.4005992e+00 1.3303304e+00 9.6352527e-01 9.1351942e-01 2.1333514e+00 2.5039811e+00 2.1307667e+00 1.5110459e+00 1.8122342e+00 1.7140031e+00 1.4174162e+00 1.1341444e+00 1.1884266e+00 9.7925850e-01 1.2543486e+00 1.7107928e+00 1.9820187e+00 1.9587201e+00 2.0430981e+00 2.3613673e+00 2.8476059e+00 3.1378771e+00 3.2202143e+00 3.2253495e+00 3.2290478e+00 3.3187985e+00 3.4045374e+00 3.3569673e+00 3.2029004e+00 2.9561495e+00 2.7932017e+00 2.7453468e+00 2.7640850e+00 2.7915575e+00 2.8219290e+00 2.8401961e+00
9.1165470e+00 9.0404203e+00 8.9200984e+00 9.0038853e+00 7.0986562e+00 3.6216020e+00 6.1658241e+00 8.4917078e+00 8.9017389e+00 8.7952132e+00 9.0570623e+00 8.7853811e+00 5.9948877e+00 2.1176024e+00 1.1466648e+00 8.9267078e-01 9.4892670e-01 1.8989213e+00 2.4405400e+00 2.6523450e+00 2.6460876e+00 2.1264432e+00 1.7607525e+00 1.5997382e+00 1.1232857e+00 1.0806600e+00 9.7155324e-01 9.9090208e-01 1.0406568e+00 1.5886204e+00 1.2737451e+00 1.7402130e+00 1.9899032e+00 2.1214270e+00 2.7034589e+00 2.9664803e+00 2.8325051e+00 2.5932193e+00 2.5429248e+00 2.7265870e+00 2.9543739e+00 3.1245162e+00 3.2452869e+00 3.2225790e+00 3.0052026e+00 2.8055637e+00 2.8154438e+00 2.8427144e+00 2.8677517e+00 2.8868795e+00
9.1922895e+00 9.2617122e+00 9.3677979e+00 9.1345999e+00 8.5046721e+00 8.6265939e+00 4.6199361e+00 4.6444669e+00 8.1814259e+00 8.8650847e+00 9.2804766e+00 7.9215178e+00 3.1959895e+00 1.3384399e+00 1.0811874e+00 1.1577719e+00 2.2293325e+00 2.3691616e+00 2.4160980e+00 2.4373558e+00 1.8389698e+00 1.8284861e+00 1.6024017e+00 1.3111390e+00 1.1333558e+00 5.8564759e-01 9.3568192e-01 6.3275368e-01 5.5825193e-01 9.0205157e-01 1.1521607e+00 1.3568786e+00 1.6722072e+00 1.9595224e+00 2.4295765e+00 2.7910001e+00 2.5517253e+00 2.2559132e+00 2.1549616e+00 2.1861828e+00 2.3406031e+00 2.5432032e+00 2.8447642e+00 3.0615856e+00 2.9712962e+00 2.5968384e+00 2.5746208e+00 2.7706601e+00 2.8628703e+00 2.9303004e+00
9.4528928e+00 9.5106490e+00 9.7467768e+00 9.5609376e+00 8.8731163e+00 8.8843727e+00 8.2577494e+00 4.9487005e+00 3.8004615e+00 6.9242113e+00 8.0278250e+00 9.2747855e+00 6.5721809e+00 3.4620359e+00 1.3621329e+00 1.8001646e+00 2.3970092e+00 2.3920585e+00 2.5022463e+00 2.8946047e+00 9.9756649e-04 0.0000000e+00 3.0148697e-01 1.2666376e+00 1.1023201e+00 5.5884829e-01 7.0940293e-01 5.6596271e-01 5.2445508e-01 8.8711202e-01 1.0838936e+00 8.7652289e-01 9.0137421e-01 1.6248861e+00 2.3013338e+00 2.8850026e+00 2.8513056e+00 2.5596256e+00 2.2659786e+00 1.9901408e+00 1.9552755e+00 2.1474093e+00 2.3561399e+00 2.5559710e+00 2.5980305e+00 2.3410066e+00 2.1643927e+00 2.2621255e+00 2.5059975e+00 2.8157915e+00
9.7584364e+00 9.7605427e+00 9.9401405e+00 1.0019775e+01 9.7658235e+00 9.4726039e+00 9.4624799e+00 8.9516277e+00 6.6665898e+00 3.4801303e+00 7.4056612e+00 8.7781334e+00 7.8957494e+00 5.1194609e+00 1.9438396e+00 1.9899279e+00 2.2112667e+00 2.2254493e+00 2.4371524e+00 2.3721138e+00 7.2514036e-01 0.0000000e+00 1.4611469e+00 1.4809270e+00 1.1685833e+00 9.3387000e-01 4.7519751e-01 6.3074125e-01 6.9393945e-01 1.1243640e+00 1.2657160e+00 1.3913314e+00 1.5072855e+00 1.6344023e+00 2.1880065e+00 2.8889692e+00 2.8940045e+00 2.8066514e+00 2.5054865e+00 1.9847899e+00 1.9409744e+00 2.0897074e+00 2.1288708e+00 2.0950395e+00 2.1257946e+00 2.1244999e+00 2.0236076e+00 1.9965197e+00 2.1823477e+00 2.4455826e+00
9.9188203e+00 9.7992138e+00 9.9373658e+00 1.0101430e+01 9.8014979e+00 9.6306489e+00 9.2234037e+00 7.4388484e+00 6.6863463e+00 6.5881623e+00 9.4016127e+00 9.9738710e+00 6.5224733e+00 2.1863726e+00 1.5755665e+00 1.6470069e+00 2.0460914e+00 2.0266375e+00 1.8380643e+00 1.9194967e+00 2.0056018e+00 1.4911699e+00 1.0737132e+00 1.2219960e+00 1.4018625e+00 1.4841612e+00 7.4878238e-01 4.2983281e-01 1.0962025e+00 1.5562002e+00 1.6583935e+00 1.6975942e+00 1.8124187e+00 2.0070981e+00 2.6142038e+00 2.8357550e+00 3.1152058e+00 2.5767090e+00 2.4124867e+00 2.1445080e+00 2.3136600e+00 2.2133661e+00 2.0666775e+00 1.8618328e+00 1.7446118e+00 1.7513431e+00 1.9868124e+00 2.2025609e+00 2.3621298e+00 2.4661823e+00
9.8987771e+00 9.3635308e+00 8.9175473e+00 9.4161148e+00 8.9611168e+00 7.7764179e+00 6.8403733e+00 6.1847672e+00 6.4821365e+00 7.2153691e+00 9.2430682e+00 8.3766382e+00 2.5725021e+00 1.7646558e+00 1.6562732e+00 1.5486985e+00 2.7968209e+00 2.6508845e+00 1.8450887e+00 1.8949156e+00 2.1273213e+00 1.6305069e+00 1.6321526e+00 1.6162166e+00 1.7886998e+00 1.9360155e+00 2.0446177e+00 1.5291281e+00 1.2190901e+00 1.4695074e+00 1.6414582e+00 1.5664947e+00 1.5367268e+00 2.3231401e+00 2.5359424e+00 2.1449427e+00 2.9271366e+00 1.9692327e+00 2.0430615e+00 2.0827565e+00 2.2492615e+00 2.4144932e+00 1.9931499e+00 1.8302091e+00 1.7014375e+00 1.3209299e+00 1.5537926e+00 2.6283341e+00 2.6094214e+00 2.7003211e+00
