ahotovec/data/depth_0058.asc
ncols     164
nrows     146
xllcorner -1.242151388888889e+02
yllcorner  4.172986111111111e+01
cellsize  2.777777777820000e-04
nodata_value       -9999
[rows 110 to 131 of 146, columns 0 to 49 of 164]
2.0257029e+01 2.0312169e+01 1.9639219e+01 1.9910046e+01 1.9626378e+01 1.9510864e+01 1.9396763e+01 1.8895032e+01 1.8637330e+01 1.8313830e+01 1.8182127e+01 1.8278725e+01 1.8142495e+01 1.7072571e+01 1.7996329e+01 1.8170254e+01 1.7495980e+01 1.6819807e+01 1.7001293e+01 1.6982143e+01 1.6892638e+01 1.5607858e+01 1.5022438e+01 1.5410745e+01 1.5486327e+01 1.5236126e+01 1.5168838e+01 1.4560977e+01 1.4816263e+01 1.4391205e+01 1.3904896e+01 1.3301742e+01 1.3189471e+01 1.2816841e+01 1.2184091e+01 1.1783081e+01 1.1527399e+01 1.0727376e+01 1.0372499e+01 9.4173093e+00 5.7695629e+00 5.8840987e+00 1.0063926e+01 1.0321193e+01 1.0373927e+01 1.0689567e+01 1.1001500e+01 1.0736711e+01 1.0529432e+01 1.0102023e+01
2.0237734e+01 2.0188132e+01 2.0087553e+01 2.0080856e+01 1.9803941e+01 1.9112668e+01 1.8919791e+01 1.9098591e+01 1.8939150e+01 1.8684251e+01 1.8574111e+01 1.8528728e+01 1.8362437e+01 1.7788782e+01 1.8758343e+01 1.8861490e+01 1.8233761e+01 1.8291735e+01 1.7921390e+01 1.7672716e+01 1.7147323e+01 1.5848552e+01 1.6214803e+01 1.6554829e+01 1.6400314e+01 1.5987080e+01 1.5734221e+01 1.5378064e+01 1.5147284e+01 1.5156930e+01 1.5099935e+01 1.4014496e+01 1.3863325e+01 1.3363057e+01 1.2917061e+01 1.2285261e+01 1.1841103e+01 1.1638684e+01 1.0893721e+01 1.1097060e+01 1.0911049e+01 1.0190691e+01 1.0363512e+01 1.0477003e+01 1.0685607e+01 1.1519206e+01 1.1922873e+01 1.1479677e+01 1.1170816e+01 1.0661614e+01
2.0302009e+01 2.0203505e+01 2.0187967e+01 2.0003254e+01 2.0009359e+01 1.9817481e+01 1.9617752e+01 1.9413048e+01 1.9258783e+01 1.9052414e+01 1.8958838e+01 1.8925824e+01 1.8993069e+01 1.9047379e+01 1.9024714e+01 1.9043629e+01 1.8722135e+01 1.8549421e+01 1.7933219e+01 1.7814471e+01 1.7042241e+01 1.7656310e+01 1.7788206e+01 1.7637137e+01 1.7202818e+01 1.6877327e+01 1.6668250e+01 1.6143961e+01 1.5644927e+01 1.5340587e+01 1.5238270e+01 1.5226457e+01 1.4601634e+01 1.3446479e+01 1.3099395e+01 1.2923168e+01 1.1913726e+01 1.1074204e+01 1.0541457e+01 1.1143902e+01 1.0973986e+01 1.0359125e+01 1.0298881e+01 1.0681965e+01 1.1395049e+01 1.2449090e+01 1.2360564e+01 1.1091755e+01 1.0205391e+01 1.0371255e+01
2.0460611e+01 2.0359582e+01 2.0302022e+01 2.0285104e+01 2.0117678e+01 1.9937128e+01 1.9800592e+01 1.9671294e+01 1.9559639e+01 1.9479270e+01 1.9401444e+01 1.9402518e+01 1.9385982e+01 1.9339009e+01 1.9236938e+01 1.9222977e+01 1.9016584e+01 1.8712800e+01 1.8615620e+01 1.8641674e+01 1.8743222e+01 1.8647228e+01 1.8359546e+01 1.8065473e+01 1.7868935e+01 1.7584240e+01 1.6499095e+01 1.5066748e+01 1.6392848e+01 1.5858161e+01 1.5464673e+01 1.5311463e+01 1.4479960e+01 1.4429207e+01 1.4268236e+01 1.3249105e+01 1.2048879e+01 1.0709606e+01 9.7167211e+00 9.8309123e+00 1.0125088e+01 9.5168254e+00 9.3484833e+00 1.0655739e+01 1.2330164e+01 1.2813257e+01 1.2907561e+01 1.2722377e+01 1.2179838e+01 1.2930278e+01
2.0574571e+01 2.0496030e+01 2.0426992e+01 2.0364974e+01 2.0260918e+01 2.0139964e+01 2.0055729e+01 2.0001536e+01 1.9983991e+01 1.9930657e+01 1.9793220e+01 1.9751331e+01 1.8323108e+01 1.6938769e+01 1.9802265e+01 1.9356575e+01 1.9150442e+01 1.9097077e+01 1.9046667e+01 1.9025154e+01 1.9135956e+01 1.9028333e+01 1.8785260e+01 1.8530701e+01 1.8337564e+01 1.8122176e+01 1.7726977e+01 1.7374950e+01 1.7377398e+01 1.5959120e+01 1.6079498e+01 1.4840885e+01 1.5015941e+01 1.4519301e+01 1.4587820e+01 1.1242864e+01 1.1576342e+01 1.0417746e+01 6.8933553e+00 1.0580816e+01 1.0734586e+01 1.0458714e+01 9.5131763e+00 1.1790009e+01 1.3147415e+01 1.3416364e+01 1.2552195e+01 1.3510277e+01 1.3581877e+01 1.3595915e+01
2.0720572e+01 2.0647386e+01 2.0588060e+01 2.0500872e+01 2.0446192e+01 2.0376862e+01 2.0309631e+01 2.0249157e+01 1.9763785e+01 1.4419455e+01 1.9980667e+01 2.0063993e+01 2.0103463e+01 1.9921473e+01 1.9970140e+01 1.9743448e+01 1.9561169e+01 1.9482457e+01 1.9478342e+01 1.9575379e+01 1.9695218e+01 1.9640821e+01 1.9448413e+01 1.8911845e+01 1.8919919e+01 1.8362016e+01 1.8659940e+01 1.8676071e+01 1.8554028e+01 1.7383331e+01 1.6920403e+01 1.4668443e+01 1.5424746e+01 1.6337421e+01 1.4823464e+01 1.0194312e+01 9.5457879e+00 1.0993475e+01 1.1791555e+01 1.0879402e+01 1.1211400e+01 1.1689342e+01 1.2428935e+01 1.3358799e+01 1.3301627e+01 1.4134683e+01 1.3659551e+01 1.4004587e+01 1.4024661e+01 1.4224516e+01
2.0859178e+01 2.0813245e+01 2.0762015e+01 2.0684214e+01 2.0625387e+01 2.0578579e+01 2.0537736e+01 2.0469577e+01 2.0307824e+01 1.7981467e+01 2.0260685e+01 2.0397037e+01 2.0265237e+01 2.0150525e+01 2.0022256e+01 1.9918002e+01 1.9839924e+01 1.9778582e+01 1.9736366e+01 1.9948458e+01 1.9050752e+01 1.9834582e+01 1.9654893e+01 1.9447080e+01 1.9023536e+01 1.9064227e+01 1.8268747e+01 1.9076333e+01 1.9028961e+01 1.8883044e+01 1.7754536e+01 1.7629496e+01 1.7437097e+01 1.6977743e+01 1.6197440e+01 1.2275527e+01 1.1931931e+01 1.1097561e+01 1.1364140e+01 1.1994315e+01 1.2304566e+01 1.2525160e+01 1.3149499e+01 1.3865605e+01 1.3872619e+01 1.4396432e+01 1.4611045e+01 1.4372574e+01 1.4616638e+01 1.4837331e+01
2.1037187e+01 2.0969074e+01 2.0922234e+01 2.0842671e+01 2.0784341e+01 2.0737396e+01 2.0708109e+01 2.0696151e+01 2.0698710e+01 2.0712550e+01 2.0624354e+01 2.0503682e+01 2.0406533e+01 2.0301491e+01 2.0187904e+01 2.0094452e+01 2.0051187e+01 1.9858980e+01 1.9861672e+01 2.0096948e+01 1.9921787e+01 2.0364921e+01 2.0055311e+01 2.0146364e+01 1.9480340e+01 1.9293487e+01 1.6698403e+01 1.8464579e+01 1.9261614e+01 1.8864132e+01 1.8148279e+01 1.7003589e+01 1.7884696e+01 1.6900932e+01 1.6581770e+01 1.6075078e+01 1.6239217e+01 1.4421783e+01 1.2791021e+01 1.3182328e+01 1.2758895e+01 1.2900865e+01 1.4086248e+01 1.4235662e+01 1.4448674e+01 1.5208129e+01 1.5270416e+01 1.5188092e+01 1.5134591e+01 1.5221966e+01
2.1286679e+01 2.1218274e+01 2.1134548e+01 2.1053032e+01 2.0947531e+01 2.0913553e+01 2.0837836e+01 2.0852085e+01 2.0814480e+01 2.0770993e+01 2.0715023e+01 2.0641312e+01 2.0541301e+01 2.0462681e+01 2.0380921e+01 2.0287008e+01 2.0231869e+01 2.0176777e+01 2.0143025e+01 2.0131466e+01 2.0193592e+01 2.0199057e+01 2.0110798e+01 2.0035905e+01 1.9889292e+01 1.9936544e+01 1.8967993e+01 1.9372140e+01 1.9883212e+01 1.9460319e+01 1.8968013e+01 1.8635454e+01 1.8620795e+01 1.7700506e+01 1.6333769e+01 1.6296576e+01 1.5948556e+01 1.5259316e+01 1.5295357e+01 1.4606213e+01 1.3759098e+01 1.4288744e+01 1.4948668e+01 1.5085607e+01 1.5274183e+01 1.5371605e+01 1.4755856e+01 1.5640910e+01 1.5563756e+01 1.5688018e+01
2.1450967e+01 2.1377398e+01 2.1316368e+01 2.1262017e+01 2.1217602e+01 2.1122872e+01 2.1053329e+01 2.1008825e+01 2.0948545e+01 2.0897233e+01 2.0824396e+01 2.0771908e+01 2.0724224e+01 2.0634622e+01 2.0552217e+01 2.0468611e+01 2.0396125e+01 2.0339247e+01 2.0295920e+01 2.0249304e+01 2.0228559e+01 2.0285136e+01 2.0431926e+01 1.9966386e+01 1.9981156e+01 2.0092754e+01 2.0241065e+01 2.0371828e+01 2.0131519e+01 1.9782603e+01 1.9477557e+01 1.8949212e+01 1.8951257e+01 1.8982982e+01 1.6740658e+01 1.7089083e+01 1.7122310e+01 1.6092748e+01 1.5862586e+01 1.5662110e+01 1.4694965e+01 1.4168879e+01 1.5881400e+01 1.5598385e+01 1.5677816e+01 1.6382632e+01 1.6569733e+01 1.6017537e+01 1.5919063e+01 1.5902852e+01
2.1626460e+01 2.1578166e+01 2.1519583e+01 2.1455847e+01 2.1377640e+01 2.1283044e+01 2.1235929e+01 2.1215938e+01 2.1178995e+01 2.1148288e+01 2.1039896e+01 2.0909905e+01 2.0851195e+01 2.0816693e+01 2.0742261e+01 2.0677218e+01 2.0605811e+01 2.0526881e+01 2.0442426e+01 2.0335605e+01 2.0388899e+01 2.0383145e+01 2.0424975e+01 2.0486224e+01 2.0322671e+01 1.9807904e+01 1.8135989e+01 1.7258856e+01 2.0205337e+01 1.9723912e+01 1.9977938e+01 1.9864231e+01 1.9660357e+01 1.8012945e+01 1.8660942e+01 1.7701983e+01 1.6529774e+01 1.6113267e+01 1.4306990e+01 1.3898569e+01 1.5037116e+01 1.5079884e+01 1.6644964e+01 1.5651037e+01 1.5305722e+01 1.6615409e+01 1.6681403e+01 1.6491641e+01 1.6307832e+01 1.6220903e+01
2.1841146e+01 2.1763568e+01 2.1709142e+01 2.1646178e+01 2.1594559e+01 2.1538346e+01 2.1453438e+01 2.1389431e+01 2.1346786e+01 2.1360338e+01 2.1327240e+01 2.1164153e+01 2.1059093e+01 2.0980040e+01 2.0937069e+01 2.0883257e+01 2.0826602e+01 2.0747122e+01 2.0631983e+01 2.0526460e+01 2.0582125e+01 2.0560564e+01 2.0554076e+01 2.0564786e+01 2.0525568e+01 2.0518731e+01 2.0602091e+01 1.9764346e+01 2.0002903e+01 2.0646361e+01 2.0259279e+01 2.0164510e+01 1.9760855e+01 1.9088537e+01 1.9478671e+01 1.7736820e+01 1.6343746e+01 1.6394760e+01 1.5939940e+01 1.4416035e+01 1.1562776e+01 1.0965424e+01 1.6343327e+01 1.7240518e+01 1.6094370e+01 1.7246609e+01 1.6911945e+01 1.6742122e+01 1.6643584e+01 1.6564220e+01
2.2043412e+01 2.1984766e+01 2.1934349e+01 2.1868464e+01 2.1783020e+01 2.1705163e+01 2.1626227e+01 2.1577506e+01 2.1551749e+01 2.1488207e+01 2.1407401e+01 2.1344549e+01 2.1283896e+01 2.1198907e+01 2.1118127e+01 2.1054285e+01 2.0994930e+01 2.0938025e+01 2.0875565e+01 2.0798141e+01 2.0756666e+01 2.0725687e+01 2.0720024e+01 2.0692672e+01 2.0598112e+01 2.0841230e+01 2.0989989e+01 2.0635331e+01 2.1214997e+01 2.0742635e+01 2.0501419e+01 2.0447786e+01 2.0044045e+01 1.8976234e+01 1.9225363e+01 1.7829665e+01 1.6568302e+01 1.6917171e+01 1.5133497e+01 1.3249968e+01 1.2195337e+01 1.0192854e+01 1.6330420e+01 1.8469139e+01 1.7231522e+01 1.7519859e+01 1.7227011e+01 1.7068916e+01 1.7001117e+01 1.6971776e+01
2.2203497e+01 2.2164481e+01 2.2121337e+01 2.2088550e+01 2.2021053e+01 2.1926418e+01 2.1846028e+01 2.1762761e+01 2.1715814e+01 2.1654856e+01 2.1598254e+01 2.1536957e+01 2.1466557e+01 2.1397405e+01 2.1334850e+01 2.1278044e+01 2.1229052e+01 2.1153039e+01 2.1090500e+01 2.1025110e+01 2.0962364e+01 2.0924576e+01 2.0907123e+01 2.0913693e+01 2.0961979e+01 2.0985769e+01 2.0781819e+01 2.0495868e+01 2.0930682e+01 2.0970756e+01 2.0649993e+01 2.0582330e+01 2.0293596e+01 2.0582921e+01 1.9965931e+01 1.9389527e+01 1.8224421e+01 1.6078941e+01 1.4782572e+01 1.2088395e+01 1.0274139e+01 1.2978828e+01 1.8178144e+01 1.8478715e+01 1.7972243e+01 1.7680677e+01 1.7524301e+01 1.7402209e+01 1.7321165e+01 1.7284062e+01
2.2440200e+01 2.2367363e+01 2.2316963e+01 2.2253612e+01 2.2207037e+01 2.2130624e+01 2.2070021e+01 2.2000758e+01 2.1930629e+01 2.1863354e+01 2.1796314e+01 2.1748430e+01 2.1670091e+01 2.1609259e+01 2.1531928e+01 2.1493546e+01 2.1440568e+01 2.1383463e+01 2.1323597e+01 2.1215644e+01 2.1145631e+01 2.1137016e+01 2.1125160e+01 2.1102490e+01 2.1102815e+01 2.1139056e+01 2.1272330e+01 2.1347825e+01 2.1422876e+01 2.1246990e+01 2.0896517e+01 2.0759552e+01 2.0572011e+01 2.0870112e+01 2.0883767e+01 1.9855986e+01 1.8715800e+01 1.8254475e+01 1.7424182e+01 1.4451683e+01 1.5395295e+01 1.6472090e+01 1.8926368e+01 1.8516164e+01 1.8192547e+01 1.7985793e+01 1.7875124e+01 1.7729818e+01 1.7618945e+01 1.7500893e+01
2.2692351e+01 2.2583503e+01 2.2542933e+01 2.2460989e+01 2.2403593e+01 2.2326997e+01 2.2252865e+01 2.2191503e+01 2.2124641e+01 2.2062975e+01 2.2004186e+01 2.1979774e+01 2.1908606e+01 2.1827228e+01 2.1733540e+01 2.1683022e+01 2.1630174e+01 2.1584100e+01 2.1498850e+01 2.1415125e+01 2.1374855e+01 2.1354356e+01 2.1334216e+01 2.1288484e+01 2.1268627e+01 2.1289019e+01 2.1334394e+01 2.1382625e+01 2.1441635e+01 2.1428457e+01 2.0646036e+01 2.1009779e+01 2.0991521e+01 2.0970642e+01 2.0909438e+01 2.0457341e+01 1.9555725e+01 1.8576146e+01 1.9160219e+01 1.9660682e+01 1.8247494e+01 1.9021646e+01 1.9125562e+01 1.8810341e+01 1.8544520e+01 1.8331037e+01 1.8173146e+01 1.8025796e+01 1.7907457e+01 1.7774580e+01
2.2922000e+01 2.2797882e+01 2.2750321e+01 2.2676204e+01 2.2643010e+01 2.2598574e+01 2.2485777e+01 2.2399079e+01 2.2307115e+01 2.2242024e+01 2.2177254e+01 2.2163174e+01 2.2126059e+01 2.2049516e+01 2.1962340e+01 2.1887492e+01 2.1822193e+01 2.1739856e+01 2.1670665e+01 2.1639282e+01 2.1601669e+01 2.1553815e+01 2.1510669e+01 2.1482989e+01 2.1452973e+01 2.1431847e+01 2.1413460e+01 2.1406658e+01 2.1421092e+01 2.1394431e+01 2.1286660e+01 2.1183338e+01 2.1101790e+01 2.1056467e+01 2.1011920e+01 2.0907313e+01 2.1059220e+01 2.0813829e+01 2.0696582e+01 2.0312788e+01 2.0179893e+01 1.9853825e+01 1.9484899e+01 1.9169827e+01 1.8919942e+01 1.8710023e+01 1.8520487e+01 1.8357175e+01 1.8226474e+01 1.8095541e+01
2.3141675e+01 2.3041532e+01 2.2925573e+01 2.2903997e+01 2.2833776e+01 2.2830667e+01 2.2767543e+01 2.2619795e+01 2.2534340e+01 2.2432257e+01 2.2359193e+01 2.2312550e+01 2.2286931e+01 2.2236926e+01 2.2177382e+01 2.2099265e+01 2.2032988e+01 2.1957260e+01 2.1909229e+01 2.1844743e+01 2.1793414e+01 2.1745531e+01 2.1687924e+01 2.1653875e+01 2.1617912e+01 2.1587146e+01 2.1539372e+01 2.1517663e+01 2.1478882e+01 2.1423921e+01 2.1335053e+01 2.1274735e+01 2.1234919e+01 2.1201001e+01 2.1154159e+01 2.1123574e+01 2.1138441e+01 2.1003488e+01 2.0866084e+01 2.0647453e+01 2.0352675e+01 2.0012170e+01 1.9753024e+01 1.9518592e+01 1.9291891e+01 1.9073574e+01 1.8865375e+01 1.8690805e+01 1.8538149e+01 1.8412526e+01
2.3333131e+01 2.3275677e+01 2.3139500e+01 2.3088939e+01 2.3037555e+01 2.2993461e+01 2.2998492e+01 2.2870534e+01 2.2736629e+01 2.2651396e+01 2.2548323e+01 2.2517325e+01 2.2466174e+01 2.2400769e+01 2.2342679e+01 2.2288251e+01 2.2209818e+01 2.2168839e+01 2.2124816e+01 2.2072111e+01 2.2005099e+01 2.1941621e+01 2.1872143e+01 2.1809794e+01 2.1766997e+01 2.1727021e+01 2.1691089e+01 2.1647444e+01 2.1585162e+01 2.1516235e+01 2.1436324e+01 2.1365707e+01 2.1326529e+01 2.1337622e+01 2.1215904e+01 2.1224186e+01 2.1093355e+01 2.1031209e+01 2.0845530e+01 2.0623767e+01 2.0604644e+01 2.0234349e+01 1.9966516e+01 1.9757841e+01 1.9559934e+01 1.9373682e+01 1.9189008e+01 1.8995913e+01 1.8846802e+01 1.8712071e+01
2.3502867e+01 2.3490769e+01 2.3373553e+01 2.3274429e+01 2.3260996e+01 2.3180227e+01 2.3164975e+01 2.3118149e+01 2.2976023e+01 2.2885430e+01 2.2813834e+01 2.2745419e+01 2.2651665e+01 2.2607140e+01 2.2536366e+01 2.2435785e+01 2.2386048e+01 2.2332024e+01 2.2281823e+01 2.2233756e+01 2.2188530e+01 2.2129118e+01 2.2074119e+01 2.2003885e+01 2.1938045e+01 2.1882679e+01 2.1839350e+01 2.1783090e+01 2.1714528e+01 2.1645545e+01 2.1581558e+01 2.1497607e+01 2.1438649e+01 2.1443960e+01 2.1453124e+01 2.0814862e+01 2.1286763e+01 2.1111449e+01 2.0917411e+01 2.0808561e+01 2.0656205e+01 2.0426605e+01 2.0175447e+01 1.9978839e+01 1.9780191e+01 1.9594111e+01 1.9415072e+01 1.9265939e+01 1.9139087e+01 1.9035669e+01
2.3679877e+01 2.3680670e+01 2.3632727e+01 2.3494272e+01 2.3428746e+01 2.3390272e+01 2.3331453e+01 2.3335760e+01 2.3238226e+01 2.3108308e+01 2.3038174e+01 2.2978797e+01 2.2901239e+01 2.2774727e+01 2.2683289e+01 2.2622572e+01 2.2548670e+01 2.2504719e+01 2.2432249e+01 2.2375189e+01 2.2332092e+01 2.2273661e+01 2.2235518e+01 2.2197229e+01 2.2127633e+01 2.2064111e+01 2.2003304e+01 2.1936160e+01 2.1863301e+01 2.1771414e+01 2.1709777e+01 2.1635594e+01 2.1576336e+01 2.1535776e+01 2.1544355e+01 2.1613780e+01 2.1608508e+01 2.1330850e+01 2.1093817e+01 2.0936403e+01 2.0809243e+01 2.0565589e+01 2.0357500e+01 2.0189331e+01 2.0011702e+01 1.9819761e+01 1.9633549e+01 1.9476851e+01 1.9333966e+01 1.9087114e+01
2.3874763e+01 2.3861699e+01 2.3845313e+01 2.3752832e+01 2.3628612e+01 2.3605668e+01 2.3518765e+01 2.3518744e+01 2.3486399e+01 2.3339052e+01 2.3241642e+01 2.3177386e+01 2.3147661e+01 2.3008324e+01 2.2890764e+01 2.2820110e+01 2.2748363e+01 2.2679435e+01 2.2604167e+01 2.2515238e+01 2.2488184e+01 2.2418516e+01 2.2367453e+01 2.2317479e+01 2.2277484e+01 2.2222697e+01 2.2178261e+01 2.2114014e+01 2.2039156e+01 2.1946609e+01 2.1855616e+01 2.1788931e+01 2.1720180e+01 2.1680769e+01 2.1660864e+01 2.1616352e+01 2.1676052e+01 2.1492547e+01 2.1361340e+01 2.0943778e+01 2.0962455e+01 2.0740499e+01 2.0549806e+01 2.0364718e+01 2.0185700e+01 2.0008123e+01 1.9819726e+01 1.9671358e+01 1.9512589e+01 1.9336070e+01
