ahotovec/data/depth_0044.asc
ncols     164
nrows     146
xllcorner -1.242151388888889e+02
yllcorner  4.172986111111111e+01
cellsize  2.777777777820000e-04
nodata_value       -9999
[rows 22 to 43 of 146, columns 100 to 149 of 164]
4.1957898e-01 4.0536152e-01 3.9468600e-01 2.8670396e-01 7.8895571e-02 9.8849723e-04 9.9542488e-04 9.9762105e-04 0.0000000e+00 0.0000000e+00 0.0000000e+00 0.0000000e+00 0.0000000e+00 0.0000000e+00 0.0000000e+00 0.0000000e+00 0.0000000e+00 0.0000000e+00 0.0000000e+00 0.0000000e+00 0.0000000e+00 0.0000000e+00 0.0000000e+00 0.0000000e+00 0.0000000e+00 0.0000000e+00 0.0000000e+00 9.8194077e-04 9.7487665e-04 6.7091244e-02 2.3108002e-01 3.4628556e-01 3.6761188e-01 3.5832956e-01 2.9479065e-01 2.7765563e-01 3.2872475e-01 3.9627834e-01 4.2987453e-01 5.5336379e-01 8.1331248e-01 5.0123732e-01 4.2791575e-01 4.2724554e-01 4.2551859e-01 4.2573336e-01 4.2509763e-01 4.2481907e-01 4.2429318e-01 3.3224191e-01
4.2318859e-01 4.0459719e-01 4.0487208e-01 4.0077103e-01 3.4485305e-01 1.5341315e-01 9.8365488e-04 9.8707272e-04 9.9793986e-04 9.9629978e-04 9.7907231e-04 9.6378060e-04 1.9415967e-01 9.6298506e-04 9.7167361e-04 0.0000000e+00 0.0000000e+00 0.0000000e+00 0.0000000e+00 0.0000000e+00 0.0000000e+00 0.0000000e+00 0.0000000e+00 0.0000000e+00 0.0000000e+00 9.7665934e-04 8.5231326e-02 2.9653541e-01 3.8791971e-01 3.9496502e-01 4.2668515e-01 4.3089032e-01 4.3129675e-01 4.3164781e-01 4.3180393e-01 4.3081707e-01 4.3209765e-01 4.3278901e-01 5.0771650e-01 7.8849355e-01 5.3345339e-01 4.3049057e-01 4.2961719e-01 4.2918974e-01 4.2679268e-01 4.2817322e-01 4.2794812e-01 4.2795597e-01 4.3060456e-01 4.0020186e-01
4.2481079e-01 4.0403254e-01 4.0479543e-01 4.0614295e-01 4.0573804e-01 3.5039943e-01 1.4672920e-01 9.8248633e-04 9.9350189e-04 9.4213603e-04 9.6866816e-04 1.2019424e-01 3.9434951e-01 4.0592140e-01 2.3210672e-01 3.4668490e-02 9.7619248e-04 0.0000000e+00 0.0000000e+00 0.0000000e+00 0.0000000e+00 0.0000000e+00 0.0000000e+00 9.8773704e-04 1.3964074e-01 3.3879657e-01 4.1187846e-01 4.2724264e-01 4.2862016e-01 4.2974948e-01 4.3248817e-01 4.3123875e-01 4.3146191e-01 4.3182233e-01 4.3213618e-01 4.3355482e-01 4.3269579e-01 5.0335693e-01 7.8307370e-01 5.8140700e-01 4.3249828e-01 4.3143542e-01 4.3133229e-01 4.3111714e-01 4.3292616e-01 4.3053644e-01 4.3047474e-01 4.3053298e-01 4.3135960e-01 4.3023335e-01
4.2430201e-01 4.0387996e-01 4.0487418e-01 4.0791296e-01 4.0707623e-01 4.0721073e-01 3.5157484e-01 1.4052228e-01 9.7154511e-04 9.9024145e-04 9.7213314e-04 1.3422241e-01 3.7113552e-01 4.2342889e-01 4.2335127e-01 4.2006653e-01 4.1317494e-01 1.7143021e-01 8.9391717e-04 0.0000000e+00 9.4113051e-04 9.6813420e-04 2.5217566e-01 3.8392848e-01 4.2321903e-01 4.2698719e-01 4.2704732e-01 4.2863065e-01 4.2932557e-01 4.2986786e-01 4.3044429e-01 4.3092645e-01 4.3135416e-01 4.3177585e-01 4.3213723e-01 4.3519238e-01 4.9761849e-01 8.0910084e-01 5.8599123e-01 4.3542069e-01 4.3282582e-01 4.3408456e-01 4.3344686e-01 4.3280070e-01 4.3409639e-01 4.3290106e-01 4.3308995e-01 4.3334246e-01 4.3188197e-01 4.3376768e-01
4.2451314e-01 4.0413854e-01 4.0527799e-01 4.1048725e-01 4.0777605e-01 4.0830413e-01 4.0782888e-01 3.7188706e-01 2.1887628e-01 7.5927478e-02 1.9865127e-02 9.4249734e-02 2.8432132e-01 4.0325870e-01 4.2322125e-01 4.2311630e-01 4.2287469e-01 4.1734457e-01 3.5132405e-01 3.0718505e-01 3.6881147e-01 4.1357553e-01 4.2134904e-01 4.2262398e-01 4.2445463e-01 4.2519912e-01 4.2336110e-01 4.2763761e-01 4.2869725e-01 4.2932572e-01 4.3090575e-01 4.3057030e-01 4.3095372e-01 4.3157876e-01 4.4191405e-01 5.7051548e-01 7.5793589e-01 5.4042823e-01 4.3641935e-01 4.6334428e-01 5.1010077e-01 5.1526329e-01 5.0573449e-01 4.6456309e-01 4.3882188e-01 4.3440812e-01 4.3480427e-01 4.3528165e-01 4.3844459e-01 4.3651447e-01
4.2654911e-01 4.0472337e-01 4.0589317e-01 4.0906211e-01 4.0797161e-01 4.0857306e-01 4.0912859e-01 4.0987467e-01 3.9769887e-01 3.4633670e-01 2.4768330e-01 1.4610014e-01 2.1283412e-01 3.4026163e-01 4.1618241e-01 4.2099934e-01 4.2077590e-01 4.1918885e-01 4.2002290e-01 4.1965869e-01 4.1973107e-01 4.2246331e-01 4.2118530e-01 4.2186270e-01 4.2357957e-01 4.2442246e-01 4.2561706e-01 4.2689997e-01 4.2798304e-01 4.2869046e-01 4.3040553e-01 4.3008049e-01 4.3529655e-01 5.3395031e-01 7.4632569e-01 7.8248598e-01 5.5774854e-01 5.1016225e-01 5.2225457e-01 5.1591051e-01 4.6163628e-01 4.4333888e-01 4.6158399e-01 5.1619671e-01 4.9163684e-01 4.3736012e-01 4.3576228e-01 4.3626666e-01 4.3814827e-01 4.3753676e-01
4.1701191e-01 4.0532452e-01 4.0629100e-01 4.0886470e-01 4.0816356e-01 4.0875820e-01 4.0942443e-01 4.1019043e-01 4.1119329e-01 4.1143571e-01 4.0252617e-01 3.6760779e-01 3.3721936e-01 3.4741386e-01 4.0963872e-01 4.1876847e-01 4.1892826e-01 4.1574095e-01 4.1892809e-01 4.1884089e-01 4.1911024e-01 4.2032448e-01 4.2036264e-01 4.2104236e-01 4.2243475e-01 4.2331377e-01 4.2327556e-01 4.2579499e-01 4.2681126e-01 4.2763929e-01 4.3147014e-01 4.8126086e-01 6.9298506e-01 8.8310865e-01 8.1405275e-01 5.9299816e-01 4.5867977e-01 4.5294440e-01 4.5343325e-01 4.3907793e-01 4.3389237e-01 4.3414236e-01 4.3459390e-01 4.4004307e-01 5.0582350e-01 5.1177395e-01 4.4299199e-01 4.3681825e-01 4.3934113e-01 4.3819057e-01
4.3652267e-01 4.1082224e-01 4.0617693e-01 4.0228582e-01 4.0728501e-01 4.0839942e-01 4.0910315e-01 4.0983146e-01 4.1055542e-01 4.1146321e-01 4.1243125e-01 4.1328731e-01 4.1733068e-01 4.1215161e-01 4.1614147e-01 4.1679162e-01 4.1709628e-01 4.1927189e-01 4.1747811e-01 4.1755096e-01 4.1788926e-01 4.1604930e-01 4.1886009e-01 4.1984134e-01 4.2094975e-01 4.2198518e-01 4.2525930e-01 4.2456314e-01 4.2580671e-01 4.5410260e-01 6.2747880e-01 8.4396693e-01 8.8857877e-01 6.3193664e-01 4.4753563e-01 4.2602722e-01 4.3144518e-01 4.3213386e-01 4.3278264e-01 4.3367726e-01 4.3393842e-01 4.3445191e-01 4.3493786e-01 4.3547503e-01 4.4365550e-01 5.0074386e-01 5.2422218e-01 4.4976291e-01 4.3782502e-01 4.3851332e-01
4.1600823e-01 4.3335751e-01 4.2238039e-01 4.1613286e-01 4.0878225e-01 4.0854408e-01 4.0859858e-01 4.0924650e-01 4.0997067e-01 4.1060592e-01 4.1142882e-01 4.1217962e-01 4.1232860e-01 4.1376280e-01 4.1459965e-01 4.1508897e-01 4.1544218e-01 4.1927642e-01 4.1600263e-01 4.1610557e-01 4.1632523e-01 4.1661897e-01 4.1718244e-01 4.1791561e-01 4.1899521e-01 4.1999385e-01 4.2179691e-01 4.2443744e-01 5.1223060e-01 8.1262790e-01 8.5873795e-01 7.4008437e-01 5.0693305e-01 4.3144772e-01 4.2969565e-01 4.3065522e-01 4.3139778e-01 4.3219135e-01 4.3283605e-01 4.3438616e-01 4.3409995e-01 4.3463628e-01 4.3516039e-01 4.3572458e-01 4.3952459e-01 4.3841879e-01 4.8018477e-01 5.3743685e-01 4.7500810e-01 4.3971970e-01
4.0418154e-01 4.0868177e-01 4.2281301e-01 4.4254902e-01 4.3847724e-01 4.3739504e-01 4.3297013e-01 4.2267921e-01 4.1071725e-01 4.0949785e-01 4.1022090e-01 4.1083719e-01 4.1140972e-01 4.1210955e-01 4.1272883e-01 4.1324006e-01 4.1360559e-01 4.1299641e-01 4.1429452e-01 4.1447173e-01 4.1465070e-01 4.1362035e-01 4.1438684e-01 4.1517189e-01 4.1643914e-01 4.1735973e-01 4.2709934e-01 5.9559160e-01 7.9645255e-01 5.6104476e-01 7.0340972e-01 5.6146110e-01 4.2730243e-01 4.2827301e-01 4.2954578e-01 4.3478812e-01 4.3123645e-01 4.3202147e-01 4.3275591e-01 4.3349859e-01 4.3409139e-01 4.3471724e-01 4.3534003e-01 4.3587711e-01 4.3657665e-01 4.3695885e-01 4.3764505e-01 4.5729305e-01 5.2900600e-01 5.0586275e-01
4.0344013e-01 4.0415210e-01 4.0483216e-01 4.0323895e-01 4.0637809e-01 4.0938073e-01 4.1525038e-01 4.3497647e-01 4.4089363e-01 4.1569291e-01 4.0880371e-01 4.0922027e-01 4.0879162e-01 4.1016171e-01 4.1078892e-01 4.1133840e-01 4.1171529e-01 4.1407740e-01 4.1230732e-01 4.1249505e-01 4.1202405e-01 4.0871731e-01 4.1421819e-01 4.1451894e-01 4.1694767e-01 5.1222441e-01 7.0308615e-01 7.2790841e-01 4.8453154e-01 4.4589828e-01 8.3220857e-01 4.9992363e-01 4.2614996e-01 4.2758551e-01 4.2890396e-01 4.2997653e-01 4.3094747e-01 4.3186571e-01 4.3266375e-01 4.3553342e-01 4.3430265e-01 4.3478377e-01 4.3544417e-01 4.3605697e-01 4.3756506e-01 4.3721216e-01 4.3784587e-01 4.3846369e-01 4.4759292e-01 4.9029973e-01
4.0250048e-01 4.0325196e-01 4.0389991e-01 4.0435194e-01 4.0498211e-01 4.0546736e-01 4.0580763e-01 4.0624487e-01 4.1926465e-01 4.3742886e-01 4.0728785e-01 4.0755870e-01 4.0810973e-01 4.0847249e-01 4.0895150e-01 4.0959579e-01 4.1005784e-01 4.1211741e-01 4.1102278e-01 4.1174420e-01 4.2523170e-01 5.4838183e-01 7.4251667e-01 7.2746252e-01 7.3890670e-01 8.9114614e-01 5.8986789e-01 4.2538757e-01 4.2003104e-01 5.5207773e-01 7.7622899e-01 4.3686034e-01 4.2563310e-01 4.2718856e-01 4.2858880e-01 4.2965694e-01 4.3074233e-01 4.3169014e-01 4.3250981e-01 4.3422787e-01 4.3412995e-01 4.3471148e-01 4.3541138e-01 4.3603713e-01 4.3773352e-01 4.3718866e-01 4.3781878e-01 4.3833292e-01 4.3978360e-01 4.3967724e-01
4.0143874e-01 4.0221409e-01 4.0286944e-01 4.0362950e-01 4.0388123e-01 4.0423860e-01 4.0447563e-01 4.0482672e-01 4.0794182e-01 4.3937248e-01 4.0718568e-01 4.0562734e-01 4.0391251e-01 4.0624663e-01 4.0684769e-01 4.0749855e-01 4.0792363e-01 4.0855013e-01 4.0872861e-01 4.1750563e-01 6.2550590e-01 1.1903593e+00 1.6425510e+00 1.6020332e+00 1.0496657e+00 5.8921815e-01 5.5295765e-01 5.1936420e-01 6.2685231e-01 7.5545926e-01 5.0266805e-01 4.2289288e-01 4.2507296e-01 4.2691431e-01 4.2830354e-01 4.3054036e-01 4.3051666e-01 4.3147518e-01 4.3229508e-01 4.3313312e-01 4.3392723e-01 4.3460328e-01 4.3537658e-01 4.3605620e-01 4.3698656e-01 4.3729594e-01 4.3805809e-01 4.3852264e-01 4.3997741e-01 4.3975342e-01
4.0007073e-01 4.0084075e-01 4.0140853e-01 4.0056128e-01 4.0211292e-01 4.0252045e-01 4.0269308e-01 4.0299610e-01 4.0770053e-01 4.4119961e-01 4.1014214e-01 4.0330057e-01 4.0856159e-01 4.0443852e-01 4.0451695e-01 4.0521751e-01 4.0582852e-01 4.0604321e-01 4.3205750e-01 5.9384713e-01 1.0057180e+00 1.6879784e+00 1.8795037e+00 1.7613789e+00 1.1375827e+00 7.2289921e-01 6.6206054e-01 7.4356088e-01 5.9595903e-01 4.5782066e-01 4.1938198e-01 4.2294190e-01 4.2520665e-01 4.2675708e-01 4.2812785e-01 4.2928798e-01 4.3033732e-01 4.3130846e-01 4.3212461e-01 4.3090579e-01 4.3369923e-01 4.3453041e-01 4.3540707e-01 4.3615533e-01 4.4015380e-01 4.3754774e-01 4.3840218e-01 4.3903920e-01 4.4150801e-01 4.3782453e-01
3.9822407e-01 3.9901585e-01 3.9962786e-01 3.9836775e-01 4.0029907e-01 4.0048726e-01 4.0042829e-01 4.0084511e-01 3.9748982e-01 4.3720276e-01 4.0680190e-01 4.0466863e-01 4.0307359e-01 4.0166204e-01 4.0191734e-01 4.0299214e-01 4.0870653e-01 4.2063363e-01 5.9948991e-01 1.1216183e+00 1.6042370e+00 1.7252229e+00 1.7899857e+00 1.3748125e+00 6.8925081e-01 4.1463066e-01 4.1322538e-01 4.1807221e-01 4.1946488e-01 4.2141330e-01 4.2183600e-01 4.2416939e-01 4.2576414e-01 4.2702213e-01 4.2814441e-01 4.2797998e-01 4.3018861e-01 4.3107661e-01 4.3187436e-01 4.3350761e-01 4.3365435e-01 4.3417435e-01 4.3508141e-01 4.3582340e-01 4.3242820e-01 4.3702259e-01 4.3752811e-01 4.3653837e-01 4.2986505e-01 3.2790888e-01
3.9581273e-01 3.9658679e-01 3.9717627e-01 3.9927655e-01 3.9806877e-01 3.9788316e-01 3.9814052e-01 3.9839679e-01 4.4028370e-01 8.3378890e-01 5.5642386e-01 6.7709105e-01 6.8218319e-01 5.5681562e-01 4.5922869e-01 4.8301806e-01 6.4383898e-01 8.5822803e-01 1.1351914e+00 1.6173707e+00 1.4702063e+00 1.5700327e+00 1.5237143e+00 8.0263764e-01 4.4042112e-01 4.0824501e-01 4.1335882e-01 4.1603784e-01 4.1907577e-01 4.2108495e-01 4.2451143e-01 4.2447129e-01 4.2580026e-01 4.2702364e-01 4.2817102e-01 4.2386638e-01 4.3008081e-01 4.3086280e-01 4.3160744e-01 4.3160303e-01 4.3325534e-01 4.3384558e-01 4.3487185e-01 4.3526092e-01 4.3757639e-01 4.2550357e-01 3.5305715e-01 2.5152353e-01 1.6864176e-01 1.2506050e-02
3.9308362e-01 3.9379196e-01 3.9440636e-01 3.9405011e-01 3.9533662e-01 3.9564569e-01 3.9642019e-01 3.9565487e-01 6.5643857e-01 1.1814580e+00 1.0634989e+00 1.4664854e+00 1.5002708e+00 1.2970218e+00 1.0871191e+00 1.1043156e+00 1.4256797e+00 1.5915044e+00 1.5172889e+00 1.2969649e+00 1.1750567e+00 1.5918042e+00 1.2585692e+00 6.0275962e-01 4.0577564e-01 4.0809890e-01 4.1155958e-01 4.1603600e-01 4.1930963e-01 4.2152369e-01 4.2380679e-01 4.2487289e-01 4.2610465e-01 4.2721162e-01 4.2825688e-01 4.2256818e-01 4.2986245e-01 4.3054085e-01 4.3111737e-01 4.3473100e-01 4.3291346e-01 4.3299096e-01 4.3368625e-01 4.2978079e-01 3.6675920e-01 1.7514895e-01 9.3735134e-04 0.0000000e+00 0.0000000e+00 0.0000000e+00
3.9017168e-01 3.9050223e-01 3.9070628e-01 3.9180284e-01 3.9138266e-01 3.9189045e-01 3.9372966e-01 4.3938005e-01 1.0099039e+00 1.3542619e+00 1.5707026e+00 1.3093874e+00 1.0942904e+00 1.3405227e+00 1.4669792e+00 1.4704224e+00 1.2745091e+00 9.3829537e-01 7.2100422e-01 7.9291911e-01 1.2228840e+00 1.6296990e+00 1.0206291e+00 5.0219534e-01 4.0146351e-01 3.9191898e-01 3.9501477e-01 4.1399329e-01 4.1921498e-01 4.2168237e-01 4.2668270e-01 4.2538887e-01 4.2628619e-01 4.2740100e-01 4.2838080e-01 4.2938430e-01 4.2971285e-01 4.3031992e-01 4.3085048e-01 4.3448830e-01 4.3249648e-01 4.3218464e-01 3.9220051e-01 2.2139594e-01 9.6406983e-04 0.0000000e+00 0.0000000e+00 0.0000000e+00 0.0000000e+00 0.0000000e+00
3.8850925e-01 3.8857627e-01 3.8854678e-01 3.8818797e-01 3.8919612e-01 3.9318742e-01 4.5899750e-01 7.7289562e-01 1.3504375e+00 1.5845375e+00 1.1849506e+00 6.8224000e-01 4.7282156e-01 5.7004944e-01 6.4016121e-01 6.5532487e-01 5.4962150e-01 4.5681023e-01 5.9169298e-01 1.0383296e+00 1.6047904e+00 1.2786803e+00 6.7441919e-01 4.0424820e-01 3.4525889e-01 2.7787038e-01 2.6146939e-01 3.5016241e-01 4.1377079e-01 4.2346646e-01 4.2736762e-01 4.2625849e-01 4.2686677e-01 4.2770176e-01 4.2863026e-01 4.2525671e-01 4.2937212e-01 4.2968936e-01 4.2926568e-01 4.2274007e-01 3.7426535e-01 2.7371770e-01 9.2804127e-04 0.0000000e+00 0.0000000e+00 0.0000000e+00 0.0000000e+00 0.0000000e+00 0.0000000e+00 0.0000000e+00
3.8873552e-01 3.8870364e-01 3.8891077e-01 3.8896044e-01 3.9972801e-01 5.1932103e-01 8.9062621e-01 1.2283476e+00 1.4102570e+00 1.0922274e+00 6.1511360e-01 4.0943416e-01 3.9450966e-01 3.9686824e-01 3.9932627e-01 4.0238760e-01 4.0718637e-01 5.5899079e-01 1.0518655e+00 1.6124547e+00 1.3416333e+00 7.4965085e-01 4.3404174e-01 3.0194109e-01 2.1809290e-01 1.4270500e-01 1.0495675e-01 1.7123301e-01 3.1517314e-01 4.1391491e-01 4.2642515e-01 4.2724208e-01 4.1875926e-01 3.8656876e-01 3.5806756e-01 3.6780848e-01 3.7499222e-01 3.6025272e-01 2.7975413e-01 1.2835699e-01 9.3245662e-04 0.0000000e+00 0.0000000e+00 0.0000000e+00 0.0000000e+00 0.0000000e+00 0.0000000e+00 0.0000000e+00 0.0000000e+00 0.0000000e+00
3.9971462e-01 3.9893064e-01 3.9915607e-01 4.2095564e-01 5.6872105e-01 8.7860282e-01 1.2450469e+00 1.4695724e+00 1.3157570e+00 8.6984235e-01 4.0153666e-01 3.9352719e-01 3.9425946e-01 3.9615778e-01 3.9722831e-01 3.9825433e-01 4.3608312e-01 7.9511366e-01 1.5166951e+00 1.3673278e+00 7.3353602e-01 4.4242559e-01 3.8744293e-01 2.8580321e-01 1.2964423e-01 2.4581758e-02 9.9324925e-04 9.7200001e-04 8.4391679e-02 2.9976509e-01 4.0145777e-01 4.2558549e-01 3.6137181e-01 1.5350732e-01 9.4298266e-04 9.8187118e-04 9.7556746e-04 9.9316348e-04 9.7462712e-04 0.0000000e+00 0.0000000e+00 0.0000000e+00 0.0000000e+00 0.0000000e+00 0.0000000e+00 0.0000000e+00 0.0000000e+00 0.0000000e+00 0.0000000e+00 0.0000000e+00
4.1076546e-01 4.1095447e-01 4.3164718e-01 5.4531347e-01 1.0110990e+00 1.3763362e+00 1.3703103e+00 1.2576856e+00 9.6443196e-01 4.6105461e-01 3.9452948e-01 3.9477620e-01 3.9444526e-01 3.9651343e-01 3.9778110e-01 4.0083914e-01 5.6090939e-01 1.1128964e+00 1.6279918e+00 1.0300958e+00 5.0060005e-01 3.9452452e-01 3.7323669e-01 2.4467774e-01 9.1303743e-02 9.7483813e-04 9.9923019e-04 9.9961942e-04 9.7434579e-04 9.7641529e-04 1.4939919e-01 2.9758864e-01 2.2958805e-01 9.8599272e-04 9.3626553e-04 0.0000000e+00 0.0000000e+00 0.0000000e+00 0.0000000e+00 0.0000000e+00 0.0000000e+00 0.0000000e+00 0.0000000e+00 0.0000000e+00 0.0000000e+00 0.0000000e+00 0.0000000e+00 0.0000000e+00 0.0000000e+00 0.0000000e+00
