ahotovec/data/depth_0011.asc
ncols     164
nrows     146
xllcorner -1.242151388888889e+02
yllcorner  4.172986111111111e+01
cellsize  2.777777777820000e-04
nodata_value       -9999
[rows 110 to 131 of 146, columns 0 to 49 of 164]
2.5261935e+01 2.5342495e+01 2.4685222e+01 2.4980238e+01 2.4716654e+01 2.4622944e+01 2.4527916e+01 2.4039767e+01 2.3800153e+01 2.3492222e+01 2.3401594e+01 2.3495260e+01 2.3376741e+01 2.2309828e+01 2.3258730e+01 2.3465056e+01 2.2800849e+01 2.2133771e+01 2.2341159e+01 2.2337887e+01 2.2265011e+01 2.0976047e+01 2.0388453e+01 2.0797015e+01 2.0892756e+01 2.0657085e+01 2.0601665e+01 1.9996202e+01 2.0264293e+01 1.9843256e+01 1.9389479e+01 1.8790197e+01 1.8689801e+01 1.8330947e+01 1.7698946e+01 1.7301791e+01 1.7044956e+01 1.6217556e+01 1.5841708e+01 1.4800379e+01 1.0891908e+01 1.1094768e+01 1.5596612e+01 1.5792834e+01 1.5815184e+01 1.6149114e+01 1.6487137e+01 1.6234913e+01 1.6037132e+01 1.5619448e+01
2.5201692e+01 2.5174706e+01 2.5094640e+01 2.5111492e+01 2.4852783e+01 2.4177075e+01 2.4002238e+01 2.4201807e+01 2.4061556e+01 2.3824771e+01 2.3755381e+01 2.3704992e+01 2.3553713e+01 2.2993533e+01 2.3993461e+01 2.4117227e+01 2.3498034e+01 2.3575562e+01 2.3222800e+01 2.2984498e+01 2.2464121e+01 2.1153812e+01 2.1545446e+01 2.1911910e+01 2.1770685e+01 2.1365063e+01 2.1120771e+01 2.0772564e+01 2.0553475e+01 2.0569169e+01 2.0535833e+01 1.9449736e+01 1.9315648e+01 1.8822289e+01 1.8378173e+01 1.7745015e+01 1.7288711e+01 1.7058194e+01 1.6252115e+01 1.6412054e+01 1.6189630e+01 1.5556403e+01 1.5806508e+01 1.5863196e+01 1.6063508e+01 1.6942538e+01 1.7378631e+01 1.6939020e+01 1.6631742e+01 1.6117052e+01
2.5223790e+01 2.5147902e+01 2.5153646e+01 2.4989671e+01 2.5016051e+01 2.4844310e+01 2.4666191e+01 2.4480940e+01 2.4344563e+01 2.4158440e+01 2.4100819e+01 2.4063293e+01 2.4151372e+01 2.4228273e+01 2.4221878e+01 2.4258378e+01 2.3947997e+01 2.3789382e+01 2.3178980e+01 2.3070011e+01 2.2297343e+01 2.2933910e+01 2.3092704e+01 2.2955818e+01 2.2527183e+01 2.2210056e+01 2.2013098e+01 2.1494387e+01 2.0997420e+01 2.0705847e+01 2.0616715e+01 2.0621374e+01 2.0007416e+01 1.8842274e+01 1.8501598e+01 1.8336878e+01 1.7303285e+01 1.6415343e+01 1.5837180e+01 1.6436880e+01 1.6246147e+01 1.5617825e+01 1.5582799e+01 1.5978672e+01 1.6723957e+01 1.7837733e+01 1.7761207e+01 1.6459995e+01 1.5559259e+01 1.5742631e+01
2.5341683e+01 2.5263138e+01 2.5227149e+01 2.5232702e+01 2.5085332e+01 2.4923890e+01 2.4807569e+01 2.4697527e+01 2.4605388e+01 2.4553336e+01 2.4504236e+01 2.4505190e+01 2.4510731e+01 2.4480724e+01 2.4385676e+01 2.4392906e+01 2.4196561e+01 2.3901158e+01 2.3814984e+01 2.3855480e+01 2.3974960e+01 2.3898308e+01 2.3622914e+01 2.3338941e+01 2.3151942e+01 2.2877679e+01 2.1787327e+01 2.0338776e+01 2.1696389e+01 2.1174030e+01 2.0784972e+01 2.0645799e+01 1.9804365e+01 1.9768304e+01 1.9627677e+01 1.8609474e+01 1.7361259e+01 1.5975567e+01 1.4943710e+01 1.5014655e+01 1.5343809e+01 1.4685957e+01 1.4526110e+01 1.5882309e+01 1.7624736e+01 1.8133032e+01 1.8225903e+01 1.8021663e+01 1.7497542e+01 1.8300282e+01
2.5414852e+01 2.5358984e+01 2.5311812e+01 2.5271751e+01 2.5188238e+01 2.5087821e+01 2.5025680e+01 2.4993212e+01 2.4997878e+01 2.4978283e+01 2.4848080e+01 2.4818476e+01 2.3394447e+01 2.2006569e+01 2.4912926e+01 2.4481595e+01 2.4285229e+01 2.4244061e+01 2.4206824e+01 2.4198902e+01 2.4324643e+01 2.4226621e+01 2.3994431e+01 2.3749211e+01 2.3562730e+01 2.3352626e+01 2.2958225e+01 2.2618848e+01 2.2649826e+01 2.1218261e+01 2.1353140e+01 2.0106378e+01 2.0285256e+01 1.9804875e+01 1.9898926e+01 1.6479346e+01 1.6789018e+01 1.5580290e+01 1.1850896e+01 1.5714176e+01 1.5903339e+01 1.5595987e+01 1.4625138e+01 1.7007744e+01 1.8421993e+01 1.8694939e+01 1.7807011e+01 1.8776616e+01 1.8852678e+01 1.8865229e+01
2.5521885e+01 2.5471337e+01 2.5434086e+01 2.5368750e+01 2.5335366e+01 2.5286969e+01 2.5241280e+01 2.5202669e+01 2.4737015e+01 1.9349351e+01 2.4989698e+01 2.5077122e+01 2.5136643e+01 2.4981890e+01 2.5058665e+01 2.4834107e+01 2.4662053e+01 2.4593893e+01 2.4600548e+01 2.4710809e+01 2.4845159e+01 2.4798026e+01 2.4616832e+01 2.4084493e+01 2.4102574e+01 2.3543360e+01 2.3855947e+01 2.3876135e+01 2.3773440e+01 2.2596466e+01 2.2147174e+01 1.9856178e+01 2.0641154e+01 2.1590539e+01 2.0058836e+01 1.5287127e+01 1.4589156e+01 1.6034336e+01 1.6868005e+01 1.6014605e+01 1.6330515e+01 1.6803603e+01 1.7570421e+01 1.8579945e+01 1.8524954e+01 1.9363029e+01 1.8874052e+01 1.9230369e+01 1.9238583e+01 1.9435437e+01
2.5623718e+01 2.5600536e+01 2.5571413e+01 2.5515285e+01 2.5477482e+01 2.5450492e+01 2.5428287e+01 2.5376765e+01 2.5226659e+01 2.2897881e+01 2.5270732e+01 2.5393551e+01 2.5276506e+01 2.5175040e+01 2.5063157e+01 2.4967530e+01 2.4900980e+01 2.4850995e+01 2.4818957e+01 2.5044774e+01 2.4146421e+01 2.4946366e+01 2.4775631e+01 2.4575611e+01 2.4159390e+01 2.4208516e+01 2.3415060e+01 2.4225285e+01 2.4189576e+01 2.4047692e+01 2.2911412e+01 2.2789242e+01 2.2620168e+01 2.2159356e+01 2.1353349e+01 1.7312884e+01 1.7011150e+01 1.6172361e+01 1.6411831e+01 1.7068484e+01 1.7409351e+01 1.7625724e+01 1.8264373e+01 1.9024715e+01 1.9034776e+01 1.9569324e+01 1.9784568e+01 1.9540441e+01 1.9776947e+01 1.9986707e+01
2.5766459e+01 2.5720759e+01 2.5695846e+01 2.5637473e+01 2.5599859e+01 2.5572384e+01 2.5561817e+01 2.5568958e+01 2.5591262e+01 2.5621989e+01 2.5594953e+01 2.5459787e+01 2.5377502e+01 2.5286649e+01 2.5188629e+01 2.5105498e+01 2.5073393e+01 2.4889762e+01 2.4902132e+01 2.5148695e+01 2.4980948e+01 2.5441829e+01 2.5136512e+01 2.5238669e+01 2.4577402e+01 2.4399087e+01 2.1772476e+01 2.3563311e+01 2.4378025e+01 2.3981045e+01 2.3261801e+01 2.2101370e+01 2.3003509e+01 2.1999516e+01 2.1655545e+01 2.1109290e+01 2.1329123e+01 1.9497103e+01 1.7836047e+01 1.8253256e+01 1.7831074e+01 1.7955606e+01 1.9175720e+01 1.9343696e+01 1.9561713e+01 2.0343978e+01 2.0403169e+01 2.0309532e+01 2.0247695e+01 2.0317706e+01
2.5981486e+01 2.5935186e+01 2.5872861e+01 2.5812249e+01 2.5727157e+01 2.5713500e+01 2.5657159e+01 2.5692389e+01 2.5675930e+01 2.5645359e+01 2.5639749e+01 2.5556605e+01 2.5471827e+01 2.5407258e+01 2.5340441e+01 2.5258007e+01 2.5214062e+01 2.5169490e+01 2.5146634e+01 2.5144974e+01 2.5215962e+01 2.5231436e+01 2.5147324e+01 2.5077918e+01 2.4932662e+01 2.4984755e+01 2.4009897e+01 2.4445001e+01 2.4960668e+01 2.4533060e+01 2.4036371e+01 2.3707500e+01 2.3706021e+01 2.2775849e+01 2.1388673e+01 2.1331656e+01 2.0987562e+01 2.0276069e+01 2.0320834e+01 1.9633544e+01 1.8774039e+01 1.9312375e+01 2.0003102e+01 2.0157106e+01 2.0356878e+01 2.0461504e+01 1.9826757e+01 2.0722378e+01 2.0633419e+01 2.0747634e+01
2.6110010e+01 2.6057845e+01 2.6017893e+01 2.5984273e+01 2.5960499e+01 2.5885637e+01 2.5835454e+01 2.5811008e+01 2.5771408e+01 2.5734282e+01 2.5706939e+01 2.5647322e+01 2.5615080e+01 2.5538888e+01 2.5470425e+01 2.5398609e+01 2.5337354e+01 2.5290874e+01 2.5257649e+01 2.5220326e+01 2.5206579e+01 2.5272770e+01 2.5427411e+01 2.4963003e+01 2.4983174e+01 2.5103130e+01 2.5257187e+01 2.5405993e+01 2.5157950e+01 2.4811002e+01 2.4505283e+01 2.3975763e+01 2.3986883e+01 2.4024275e+01 2.1742947e+01 2.2104142e+01 2.2145964e+01 2.1095058e+01 2.0864409e+01 2.0657651e+01 1.9678294e+01 1.9125744e+01 2.0887679e+01 2.0617381e+01 2.0704464e+01 2.1426106e+01 2.1625639e+01 2.1067844e+01 2.0954190e+01 2.0931741e+01
2.6248685e+01 2.6221353e+01 2.6183285e+01 2.6139643e+01 2.6081126e+01 2.6005820e+01 2.5978007e+01 2.5977439e+01 2.5961532e+01 2.5946069e+01 2.5879989e+01 2.5743025e+01 2.5699754e+01 2.5678887e+01 2.5617695e+01 2.5564564e+01 2.5504376e+01 2.5435769e+01 2.5360952e+01 2.5262875e+01 2.5324843e+01 2.5328605e+01 2.5377886e+01 2.5447944e+01 2.5292931e+01 2.4785906e+01 2.3089267e+01 2.2197124e+01 2.5180313e+01 2.4697511e+01 2.4961679e+01 2.4855012e+01 2.4662856e+01 2.2991537e+01 2.3649985e+01 2.2709200e+01 2.1519731e+01 2.1092452e+01 1.9247127e+01 1.8798257e+01 1.9963418e+01 1.9987439e+01 2.1612134e+01 2.0626021e+01 2.0288593e+01 2.1628267e+01 2.1695032e+01 2.1495064e+01 2.1302103e+01 2.1209820e+01
2.6425390e+01 2.6367806e+01 2.6333175e+01 2.6289659e+01 2.6257428e+01 2.6220512e+01 2.6154455e+01 2.6108876e+01 2.6086640e+01 2.6115779e+01 2.6124376e+01 2.5953890e+01 2.5864228e+01 2.5798690e+01 2.5768788e+01 2.5726810e+01 2.5681269e+01 2.5611984e+01 2.5506066e+01 2.5409754e+01 2.5474990e+01 2.5461995e+01 2.5462393e+01 2.5477836e+01 2.5440381e+01 2.5435269e+01 2.5522929e+01 2.4694603e+01 2.4953237e+01 2.5601064e+01 2.5213865e+01 2.5118803e+01 2.4713570e+01 2.4037805e+01 2.4449434e+01 2.2688735e+01 2.1274027e+01 2.1331647e+01 2.0887445e+01 1.9352516e+01 1.6399825e+01 1.5704272e+01 2.1256623e+01 2.2198979e+01 2.1053345e+01 2.2236045e+01 2.1890046e+01 2.1710024e+01 2.1604863e+01 2.1522206e+01
2.6588647e+01 2.6549259e+01 2.6517959e+01 2.6470854e+01 2.6403978e+01 2.6344677e+01 2.6284130e+01 2.6253516e+01 2.6247795e+01 2.6200187e+01 2.6159301e+01 2.6089007e+01 2.6044049e+01 2.5972843e+01 2.5904833e+01 2.5852677e+01 2.5804314e+01 2.5757769e+01 2.5705083e+01 2.5637445e+01 2.5605021e+01 2.5582175e+01 2.5583884e+01 2.5561740e+01 2.5470296e+01 2.5722540e+01 2.5875607e+01 2.5522940e+01 2.6123322e+01 2.5648691e+01 2.5407638e+01 2.5357555e+01 2.4956388e+01 2.3877624e+01 2.4143618e+01 2.2725992e+01 2.1454105e+01 2.1828639e+01 2.0003620e+01 1.8046994e+01 1.6947027e+01 1.4842671e+01 2.1251011e+01 2.3431894e+01 2.2175330e+01 2.2477643e+01 2.2169669e+01 2.2003712e+01 2.1931064e+01 2.1900161e+01
2.6709670e+01 2.6689225e+01 2.6664330e+01 2.6649747e+01 2.6600165e+01 2.6523458e+01 2.6461130e+01 2.6395311e+01 2.6367387e+01 2.6322843e+01 2.6305959e+01 2.6237237e+01 2.6182043e+01 2.6126682e+01 2.6077064e+01 2.6032128e+01 2.5994432e+01 2.5928775e+01 2.5876071e+01 2.5820331e+01 2.5766469e+01 2.5737008e+01 2.5727518e+01 2.5741112e+01 2.5796204e+01 2.5828008e+01 2.5623572e+01 2.5337416e+01 2.5787604e+01 2.5829559e+01 2.5508744e+01 2.5441155e+01 2.5150638e+01 2.5449803e+01 2.4842408e+01 2.4261702e+01 2.3093800e+01 2.0923788e+01 1.9594057e+01 1.6807637e+01 1.4899513e+01 1.7705387e+01 2.3133589e+01 2.3416995e+01 2.2887414e+01 2.2596712e+01 2.2430682e+01 2.2304568e+01 2.2221348e+01 2.2183641e+01
2.6908610e+01 2.6853627e+01 2.6820691e+01 2.6774667e+01 2.6745366e+01 2.6686320e+01 2.6643517e+01 2.6591465e+01 2.6539575e+01 2.6488975e+01 2.6460895e+01 2.6405968e+01 2.6342582e+01 2.6295720e+01 2.6231212e+01 2.6204891e+01 2.6163113e+01 2.6116522e+01 2.6066578e+01 2.5967515e+01 2.5906214e+01 2.5906347e+01 2.5902586e+01 2.5886632e+01 2.5892071e+01 2.5934458e+01 2.6072998e+01 2.6153997e+01 2.6240579e+01 2.6065300e+01 2.5713987e+01 2.5576443e+01 2.5390618e+01 2.5695494e+01 2.5716288e+01 2.4671954e+01 2.3507523e+01 2.3038805e+01 2.2189185e+01 1.9127606e+01 2.0146255e+01 2.1311023e+01 2.3862514e+01 2.3421635e+01 2.3074898e+01 2.2864759e+01 2.2749443e+01 2.2599812e+01 2.2485145e+01 2.2361510e+01
2.7124589e+01 2.7032842e+01 2.7009279e+01 2.6943960e+01 2.6903353e+01 2.6843623e+01 2.6786863e+01 2.6742468e+01 2.6693147e+01 2.6648176e+01 2.6627613e+01 2.6596903e+01 2.6540534e+01 2.6472962e+01 2.6391941e+01 2.6353479e+01 2.6311729e+01 2.6276147e+01 2.6200218e+01 2.6125348e+01 2.6094288e+01 2.6082556e+01 2.6070317e+01 2.6031252e+01 2.6017057e+01 2.6044267e+01 2.6095287e+01 2.6147047e+01 2.6213694e+01 2.6203886e+01 2.5414556e+01 2.5788283e+01 2.5775653e+01 2.5758074e+01 2.5696712e+01 2.5232614e+01 2.4310324e+01 2.3307135e+01 2.3899559e+01 2.4415155e+01 2.3045898e+01 2.3844938e+01 2.3985693e+01 2.3661314e+01 2.3384142e+01 2.3168499e+01 2.3008446e+01 2.2858641e+01 2.2737822e+01 2.2600412e+01
2.7319839e+01 2.7212196e+01 2.7181291e+01 2.7123233e+01 2.7106689e+01 2.7078900e+01 2.6982845e+01 2.6912897e+01 2.6837745e+01 2.6789192e+01 2.6761784e+01 2.6741919e+01 2.6719490e+01 2.6656552e+01 2.6581993e+01 2.6519007e+01 2.6464598e+01 2.6392177e+01 2.6332280e+01 2.6310263e+01 2.6281621e+01 2.6241847e+01 2.6205965e+01 2.6184987e+01 2.6160765e+01 2.6145704e+01 2.6133020e+01 2.6129665e+01 2.6150041e+01 2.6126047e+01 2.6021113e+01 2.5924420e+01 2.5844720e+01 2.5800203e+01 2.5754803e+01 2.5643309e+01 2.5795810e+01 2.5556743e+01 2.5453957e+01 2.5062415e+01 2.4961673e+01 2.4639632e+01 2.4282519e+01 2.3970352e+01 2.3717096e+01 2.3506862e+01 2.3316418e+01 2.3151424e+01 2.3018683e+01 2.2884164e+01
2.7506689e+01 2.7422635e+01 2.7322685e+01 2.7317194e+01 2.7262942e+01 2.7276271e+01 2.7229559e+01 2.7097895e+01 2.7028973e+01 2.6942905e+01 2.6906632e+01 2.6854148e+01 2.6843076e+01 2.6806532e+01 2.6759516e+01 2.6692971e+01 2.6637393e+01 2.6571490e+01 2.6533035e+01 2.6477364e+01 2.6434328e+01 2.6394079e+01 2.6343316e+01 2.6315760e+01 2.6285472e+01 2.6260410e+01 2.6218417e+01 2.6201348e+01 2.6168341e+01 2.6118191e+01 2.6033135e+01 2.5979630e+01 2.5945433e+01 2.5916524e+01 2.5873885e+01 2.5845992e+01 2.5862560e+01 2.5729278e+01 2.5599089e+01 2.5379928e+01 2.5104325e+01 2.4756522e+01 2.4506009e+01 2.4274787e+01 2.4050307e+01 2.3832581e+01 2.3623963e+01 2.3447956e+01 2.3292857e+01 2.3163989e+01
2.7666002e+01 2.7624273e+01 2.7503616e+01 2.7468779e+01 2.7432940e+01 2.7404655e+01 2.7425797e+01 2.7313326e+01 2.7195240e+01 2.7125757e+01 2.7059022e+01 2.7022189e+01 2.6985302e+01 2.6933007e+01 2.6887218e+01 2.6844248e+01 2.6776109e+01 2.6745050e+01 2.6710314e+01 2.6666061e+01 2.6606777e+01 2.6550438e+01 2.6487404e+01 2.6431216e+01 2.6394189e+01 2.6359855e+01 2.6330227e+01 2.6292238e+01 2.6236155e+01 2.6173310e+01 2.6098807e+01 2.6035509e+01 2.6003322e+01 2.6021743e+01 2.5905537e+01 2.5920704e+01 2.5791030e+01 2.5732914e+01 2.5552087e+01 2.5329242e+01 2.5329185e+01 2.4946369e+01 2.4683179e+01 2.4477901e+01 2.4283789e+01 2.4098797e+01 2.3914070e+01 2.3718860e+01 2.3567205e+01 2.3429216e+01
2.7803325e+01 2.7806626e+01 2.7704347e+01 2.7620320e+01 2.7622151e+01 2.7556277e+01 2.7556446e+01 2.7524713e+01 2.7397728e+01 2.7322547e+01 2.7287514e+01 2.7212322e+01 2.7132233e+01 2.7100994e+01 2.7042256e+01 2.6952459e+01 2.6913095e+01 2.6868644e+01 2.6827253e+01 2.6787132e+01 2.6749251e+01 2.6696648e+01 2.6648035e+01 2.6583990e+01 2.6524187e+01 2.6474813e+01 2.6438242e+01 2.6388537e+01 2.6327055e+01 2.6265830e+01 2.6209116e+01 2.6133173e+01 2.6082151e+01 2.6096036e+01 2.6113339e+01 2.5472537e+01 2.5958063e+01 2.5785486e+01 2.5594836e+01 2.5487748e+01 2.5353121e+01 2.5110794e+01 2.4861628e+01 2.4668888e+01 2.4473088e+01 2.4288182e+01 2.4108387e+01 2.3957353e+01 2.3828049e+01 2.3722024e+01
2.7946814e+01 2.7962536e+01 2.7929037e+01 2.7804750e+01 2.7753602e+01 2.7729414e+01 2.7685151e+01 2.7704178e+01 2.7621188e+01 2.7505992e+01 2.7472481e+01 2.7405294e+01 2.7341298e+01 2.7227354e+01 2.7147532e+01 2.7097772e+01 2.7033901e+01 2.6999352e+01 2.6935178e+01 2.6885694e+01 2.6849579e+01 2.6797720e+01 2.6766069e+01 2.6734384e+01 2.6671250e+01 2.6614388e+01 2.6560898e+01 2.6501272e+01 2.6436321e+01 2.6352844e+01 2.6299750e+01 2.6234580e+01 2.6184464e+01 2.6152364e+01 2.6168734e+01 2.6248273e+01 2.6253951e+01 2.5976672e+01 2.5742841e+01 2.5587824e+01 2.5478171e+01 2.5221887e+01 2.5015954e+01 2.4851673e+01 2.4676966e+01 2.4486211e+01 2.4299381e+01 2.4141090e+01 2.3995609e+01 2.3742897e+01
2.8106548e+01 2.8107703e+01 2.8104945e+01 2.8025872e+01 2.7915049e+01 2.7905827e+01 2.7832449e+01 2.7846626e+01 2.7828295e+01 2.7694858e+01 2.7633899e+01 2.7560882e+01 2.7544680e+01 2.7417411e+01 2.7311419e+01 2.7251559e+01 2.7189481e+01 2.7129510e+01 2.7062147e+01 2.6980329e+01 2.6960341e+01 2.6897132e+01 2.6852744e+01 2.6809534e+01 2.6776765e+01 2.6729454e+01 2.6693256e+01 2.6637477e+01 2.6571397e+01 2.6488274e+01 2.6406961e+01 2.6350454e+01 2.6292047e+01 2.6263333e+01 2.6252949e+01 2.6215745e+01 2.6284852e+01 2.6104039e+01 2.5978500e+01 2.5561007e+01 2.5601816e+01 2.5367646e+01 2.5180578e+01 2.4999266e+01 2.4823066e+01 2.4646810e+01 2.4457754e+01 2.4308153e+01 2.4146506e+01 2.3966249e+01
