ahotovec/data/depth_0058.asc
ncols     164
nrows     146
xllcorner -1.242151388888889e+02
yllcorner  4.172986111111111e+01
cellsize  2.777777777820000e-04
nodata_value       -9999
[rows 88 to 109 of 146, columns 0 to 49 of 164]
1.0649190e+01 1.0669695e+01 1.0550953e+01 1.0127481e+01 1.0003051e+01 1.0194439e+01 9.7647453e+00 9.6513920e+00 9.4646278e+00 9.2468671e+00 9.0167191e+00 8.7836802e+00 8.5604449e+00 8.3237353e+00 8.0562435e+00 7.7778282e+00 7.4677970e+00 7.0485129e+00 6.4400866e+00 5.8085948e+00 4.9937020e+00 4.1666915e+00 3.4994459e+00 2.9707760e+00 2.4430211e+00 2.0059769e+00 1.6615817e+00 7.2673308e-04 2.1168925e-04 1.7077747e+00 1.9007307e+00 2.1596835e+00 1.9026131e+00 1.4077294e+00 1.6303115e+00 1.6097328e+00 1.6442431e+00 1.6690146e+00 1.6567256e+00 1.6379605e+00 1.6711051e+00 1.0488022e+00 9.5176313e-01 4.6236837e-04 2.1033136e+00 1.9192511e+00 1.3219314e+00 8.5458937e-04 9.5960170e-04 9.5159739e-04
1.1060023e+01 1.0543941e+01 1.0335351e+01 1.0080398e+01 1.0067924e+01 1.0216893e+01 1.0034563e+01 9.8975710e+00 9.6886286e+00 9.4570211e+00 9.1996232e+00 8.9633148e+00 8.7154388e+00 8.4465321e+00 8.1417519e+00 7.7896025e+00 7.4056058e+00 6.8891651e+00 6.1862655e+00 5.5583756e+00 4.8211340e+00 4.1034621e+00 3.5058166e+00 3.0270464e+00 2.5443584e+00 2.1898344e+00 1.8763670e+00 1.6123290e+00 2.5057726e-01 2.1545945e+00 2.1401855e+00 2.1743157e+00 2.1476351e+00 1.8801709e+00 1.7585707e+00 1.7309791e+00 1.7194283e+00 1.6939700e+00 1.6674893e+00 1.6467483e+00 1.7012673e+00 1.9033458e+00 1.8277556e+00 1.7760443e+00 1.7647137e+00 2.0003374e+00 1.9749954e+00 7.9120637e-01 9.5575813e-04 9.7993700e-04
1.1296894e+01 1.0716179e+01 1.0264317e+01 1.0023530e+01 1.0336468e+01 1.0356899e+01 1.0284494e+01 1.0155625e+01 9.9102033e+00 9.6410088e+00 9.3827556e+00 9.1411937e+00 8.8781597e+00 8.5990333e+00 8.2465535e+00 7.8387654e+00 7.3631758e+00 6.7698274e+00 5.9762738e+00 5.3288764e+00 4.6033262e+00 3.9477707e+00 3.4350249e+00 3.0231613e+00 2.6147026e+00 2.3285261e+00 2.2409697e+00 2.2739343e+00 2.3036790e+00 2.2910676e+00 2.3305145e+00 2.3373620e+00 2.2292740e+00 2.0616614e+00 1.9722664e+00 1.9014968e+00 1.8387960e+00 1.7812652e+00 1.7371611e+00 1.7130919e+00 1.7539253e+00 1.8711942e+00 1.8124354e+00 1.6361072e+00 1.7504284e+00 1.9085413e+00 2.1004935e+00 2.0330738e+00 7.8753755e-01 1.1410191e+00
1.1178037e+01 1.0805261e+01 1.0511797e+01 1.0429175e+01 1.0506836e+01 1.0652391e+01 1.0655019e+01 1.0508055e+01 1.0179148e+01 9.8156210e+00 9.5705268e+00 9.3264171e+00 9.0926222e+00 8.7947473e+00 8.4105113e+00 7.9320159e+00 7.3702567e+00 6.6910508e+00 5.8176026e+00 5.1106333e+00 4.3791313e+00 3.7442046e+00 3.2422774e+00 2.9315982e+00 2.6239318e+00 2.4271257e+00 2.3538565e+00 2.3703854e+00 2.4448580e+00 2.4874250e+00 2.5132408e+00 2.5137766e+00 2.4489961e+00 2.3129233e+00 2.1779411e+00 2.0550051e+00 1.9572374e+00 1.8691431e+00 1.8300067e+00 1.7825142e+00 1.8173531e+00 1.9534373e+00 2.2910979e+00 2.4735476e+00 1.8799053e+00 1.4845721e+00 6.3391542e-01 9.3273609e-01 2.3068635e+00 2.3477963e+00
1.1351761e+01 1.1297715e+01 1.1185579e+01 1.1078657e+01 1.0996908e+01 1.1033359e+01 1.0771051e+01 1.0651409e+01 1.0379744e+01 1.0229101e+01 9.8405844e+00 9.7185692e+00 9.4323299e+00 9.0826719e+00 8.6418783e+00 8.0839400e+00 7.4417760e+00 6.6531832e+00 5.6921467e+00 4.8764115e+00 4.1117753e+00 3.4637438e+00 2.9897327e+00 2.7627317e+00 2.5777435e+00 2.4835608e+00 2.4424777e+00 2.4143766e+00 2.5209978e+00 2.6263778e+00 2.7079128e+00 2.7476339e+00 2.6989753e+00 2.5570809e+00 2.4087979e+00 2.2172485e+00 2.0741969e+00 1.9579187e+00 1.8959264e+00 1.8384500e+00 1.8472860e+00 1.8323286e+00 8.3270622e-01 8.7160321e-04 8.9730148e-04 8.6483737e-04 9.4536052e-04 5.9484923e-02 1.4605426e+00 2.2316319e+00
1.2327352e+01 1.2229576e+01 1.2085787e+01 1.1910792e+01 1.1754759e+01 1.1601410e+01 1.1602288e+01 1.1419101e+01 1.0755192e+01 1.0434433e+01 1.0670677e+01 1.0333120e+01 1.0125838e+01 9.4938796e+00 8.9379537e+00 8.2751402e+00 7.5737992e+00 6.6820869e+00 5.5875551e+00 4.6495458e+00 3.7884434e+00 3.1245944e+00 2.7215281e+00 2.5772343e+00 2.4044627e+00 2.2272782e+00 2.2164967e+00 2.4455115e+00 2.5842759e+00 2.7531971e+00 2.9147833e+00 3.0064042e+00 2.9691148e+00 2.8163975e+00 2.6110782e+00 2.3481812e+00 2.1455213e+00 2.0406783e+00 2.0358045e+00 1.9435868e+00 1.9852236e+00 2.9152426e-01 0.0000000e+00 0.0000000e+00 0.0000000e+00 0.0000000e+00 0.0000000e+00 3.0569295e-01 2.3494495e+00 2.1909317e+00
1.3458033e+01 1.3246043e+01 1.3018163e+01 1.2798681e+01 1.2588537e+01 1.2407400e+01 1.2444721e+01 1.2200453e+01 1.1852331e+01 1.1643327e+01 1.1515549e+01 1.1384401e+01 1.0709335e+01 9.9580033e+00 9.2075748e+00 8.4739913e+00 7.7193137e+00 6.7390225e+00 5.5373302e+00 4.4817903e+00 3.5099142e+00 2.7777351e+00 2.5000065e+00 2.5105509e+00 2.0890842e+00 1.3751591e+00 1.5304250e+00 2.4230506e+00 2.6541034e+00 2.8905179e+00 3.1304870e+00 3.2825576e+00 3.2601393e+00 3.0788794e+00 2.7989129e+00 2.4731432e+00 2.1838798e+00 2.1336597e+00 2.1528688e+00 1.9196867e+00 2.1793993e+00 9.1202588e-01 7.2686686e-04 0.0000000e+00 0.0000000e+00 0.0000000e+00 8.3952089e-04 6.8321333e-01 2.3903792e+00 2.2448224e+00
1.4312816e+01 1.4070537e+01 1.3827366e+01 1.3616305e+01 1.3439590e+01 1.3297652e+01 1.3164083e+01 1.3040708e+01 1.2814615e+01 1.2328107e+01 1.0933802e+01 1.1289964e+01 1.0858883e+01 1.0225347e+01 9.4893029e+00 8.7406995e+00 8.0094410e+00 7.0497589e+00 5.6785370e+00 4.4232855e+00 3.2158876e+00 1.7515341e+00 1.6711947e+00 1.3990492e+00 1.7486039e+00 1.7488550e+00 1.8738051e+00 2.0307504e+00 2.7584751e+00 3.3086264e+00 3.6812243e+00 3.8923408e+00 3.9022716e+00 3.6587949e+00 3.2927792e+00 2.7476937e+00 2.1946041e+00 2.1023404e+00 1.2307543e+00 1.0273724e+00 2.2467582e+00 1.5368455e+00 8.3713343e-04 9.5977383e-04 7.7203221e-04 9.9705561e-04 6.2359966e-01 2.1972743e+00 2.2907414e+00 2.3601889e+00
1.5055891e+01 1.4869862e+01 1.4705673e+01 1.4606102e+01 1.4435022e+01 1.4238115e+01 1.4124912e+01 1.3602889e+01 1.2322071e+01 1.1450404e+01 1.0749567e+01 1.0764268e+01 1.0543535e+01 1.0098992e+01 9.6057433e+00 9.0041680e+00 8.3707113e+00 7.4968478e+00 6.0908076e+00 4.6605860e+00 3.1019468e+00 2.2247132e+00 1.0184929e+00 9.1067896e-03 1.7651907e+00 2.1557380e+00 2.2498965e+00 2.2941081e+00 3.2661674e+00 3.9533418e+00 4.3871628e+00 4.6256496e+00 4.6352960e+00 4.3608714e+00 3.9306581e+00 3.2975457e+00 2.5339016e+00 2.1179838e+00 2.3017290e+00 2.4465343e+00 2.4720027e+00 2.2643927e+00 2.0879481e+00 2.1941863e+00 1.7349193e+00 1.3471267e+00 1.7085012e+00 1.6195906e+00 2.5518740e+00 2.5647556e+00
1.5689486e+01 1.5925875e+01 1.5673791e+01 1.5223101e+01 1.4852291e+01 1.4956283e+01 1.4441768e+01 1.4307698e+01 1.2259408e+01 1.0722333e+01 1.0715690e+01 1.0570499e+01 1.0263547e+01 1.0044092e+01 9.7386686e+00 9.2932717e+00 8.8462428e+00 8.2120552e+00 6.8948897e+00 5.4460022e+00 3.4161773e+00 2.2134509e+00 1.9217865e+00 1.5699249e+00 1.4520805e+00 2.7522555e+00 3.3861071e+00 3.8093600e+00 4.3680055e+00 4.9097936e+00 5.3022228e+00 5.5232179e+00 5.5185599e+00 5.2529986e+00 4.8555868e+00 4.2820063e+00 3.6250809e+00 3.1634625e+00 3.2142494e+00 3.2378630e+00 3.0448247e+00 2.8237022e+00 2.7868605e+00 2.6048762e+00 2.3318419e+00 1.4861280e+00 1.8366805e+00 2.4852707e+00 2.7359511e+00 2.7721123e+00
1.6884403e+01 1.6994840e+01 1.6099406e+01 1.5990823e+01 1.5011771e+01 1.5321194e+01 1.4761152e+01 1.2420989e+01 1.0879726e+01 1.1108443e+01 1.0795650e+01 1.0457164e+01 1.0269459e+01 1.0176753e+01 9.9552005e+00 9.5967972e+00 9.3953416e+00 9.3097009e+00 8.3921307e+00 7.4019404e+00 5.9528078e+00 3.6582600e+00 2.4538064e+00 2.3029214e+00 2.5593517e+00 3.9950899e+00 4.9692155e+00 5.4135389e+00 5.7965880e+00 6.1582998e+00 6.4440919e+00 6.5929279e+00 6.5732210e+00 6.3446624e+00 6.0205690e+00 5.5693482e+00 5.0444437e+00 4.6514015e+00 4.4089852e+00 4.1941126e+00 3.9337837e+00 3.5817126e+00 3.2163969e+00 2.8334336e+00 2.3871276e+00 2.3175221e+00 2.5996419e+00 2.8514548e+00 2.9702976e+00 3.0297711e+00
1.7217423e+01 1.7738102e+01 1.7276023e+01 1.6612729e+01 1.6456893e+01 1.5077660e+01 1.3513153e+01 8.8280339e+00 9.2613309e+00 9.3967063e+00 1.0527724e+01 1.1042803e+01 1.0387898e+01 1.0420328e+01 1.0358304e+01 9.9975567e+00 9.5860600e+00 1.0201141e+01 1.0442250e+01 9.8397151e+00 9.4307634e+00 7.4203725e+00 6.0141963e+00 6.2809398e+00 6.8603250e+00 7.6013836e+00 7.4290701e+00 7.2287762e+00 7.2901648e+00 7.4971346e+00 7.6847213e+00 7.7612890e+00 7.7261906e+00 7.5514238e+00 7.2825026e+00 6.9267207e+00 6.4550644e+00 6.2899526e+00 6.0548395e+00 5.4442875e+00 4.8830432e+00 4.4580935e+00 4.0252356e+00 3.5694234e+00 3.1222719e+00 2.8983862e+00 3.0034432e+00 3.1928865e+00 3.3183743e+00 3.3347076e+00
1.7371647e+01 1.5954832e+01 1.7661990e+01 1.7132091e+01 1.6886630e+01 1.6002269e+01 1.2215671e+01 1.0178340e+01 7.4930158e+00 6.4843519e+00 9.2387644e+00 1.1372283e+01 1.0327588e+01 1.0561762e+01 1.0905829e+01 1.0841545e+01 9.9416238e+00 1.0791944e+01 1.1899168e+01 1.2039175e+01 1.1192290e+01 1.0742928e+01 9.9261465e+00 1.0134010e+01 1.0574834e+01 1.0982591e+01 9.5173204e+00 8.5340232e+00 8.3900447e+00 8.5431687e+00 8.6824739e+00 8.7012600e+00 8.6474452e+00 8.5306365e+00 8.3415342e+00 8.0169614e+00 7.7445154e+00 6.7130164e+00 7.1200758e+00 6.5168126e+00 5.7410622e+00 5.2218987e+00 4.7384769e+00 4.2901329e+00 3.8786047e+00 3.6134904e+00 3.5680389e+00 3.6559995e+00 3.6827192e+00 3.6506709e+00
1.8644987e+01 1.7665310e+01 1.8022649e+01 1.7143510e+01 1.6984972e+01 1.6095656e+01 1.4237281e+01 1.3251065e+01 1.0840922e+01 1.2018348e+01 1.2610214e+01 1.2727601e+01 1.1978685e+01 1.1921435e+01 1.1743852e+01 1.1793508e+01 1.2369917e+01 1.2522325e+01 1.2597153e+01 1.1569184e+01 1.1666332e+01 1.2016818e+01 1.2017946e+01 1.1748892e+01 1.1922099e+01 1.1425628e+01 9.6721788e+00 9.2145768e+00 9.6106998e+00 9.8000108e+00 9.8604827e+00 9.7432328e+00 9.6684411e+00 9.6565082e+00 9.5206317e+00 9.3131783e+00 9.3771813e+00 5.6550144e+00 1.6396976e+00 6.4974282e+00 7.0523139e+00 6.2712289e+00 5.6330523e+00 5.1209118e+00 4.7211876e+00 4.4573646e+00 4.4221196e+00 4.2535476e+00 4.1138796e+00 4.0286841e+00
1.8680764e+01 1.8091346e+01 1.7179254e+01 1.7542631e+01 1.7294865e+01 1.6582211e+01 1.6979381e+01 1.5092910e+01 1.4707138e+01 1.4526981e+01 1.2869794e+01 9.4619095e+00 1.3645341e+01 1.3303165e+01 1.2765712e+01 1.3133689e+01 1.3311516e+01 1.3237439e+01 1.3122935e+01 1.2767398e+01 1.2534959e+01 1.1882478e+01 1.1954278e+01 1.1314001e+01 1.2342118e+01 1.2319557e+01 1.0748304e+01 1.0296745e+01 1.0787222e+01 1.0974449e+01 1.1185889e+01 1.0920222e+01 1.0761331e+01 1.1098672e+01 1.1181782e+01 1.0850687e+01 1.1106732e+01 9.2572488e+00 8.2432361e+00 8.1648358e+00 3.1255467e+00 2.6831182e+00 6.4144065e+00 6.3388550e+00 5.9526877e+00 4.7645578e+00 1.8383812e+00 4.1084540e+00 4.8747782e+00 4.6037581e+00
1.8567528e+01 1.8108288e+01 1.7253413e+01 1.8270002e+01 1.7882349e+01 1.7253915e+01 1.6140371e+01 1.5185536e+01 1.5669533e+01 1.2862845e+01 1.3644787e+01 1.0380869e+01 1.3329528e+01 1.4417867e+01 1.4052846e+01 1.3878240e+01 1.3737976e+01 1.3740016e+01 1.3312494e+01 1.3020786e+01 1.2867793e+01 1.2510788e+01 1.2370013e+01 1.0988388e+01 1.2035200e+01 1.2275075e+01 1.2411391e+01 1.1675664e+01 1.2201532e+01 1.1643325e+01 1.1500052e+01 1.1398329e+01 1.1235182e+01 1.1464989e+01 1.1901103e+01 1.1289693e+01 1.1409103e+01 1.1712216e+01 1.0895796e+01 9.6670694e+00 6.8875487e+00 6.4240423e+00 7.5996117e+00 7.1610672e+00 6.8477779e+00 5.5287981e+00 2.0435000e+00 4.5598797e+00 5.5236419e+00 5.1323536e+00
1.9294182e+01 1.8424785e+01 1.8665959e+01 1.8687692e+01 1.5533126e+01 1.7871375e+01 1.6588492e+01 1.5992235e+01 1.5985402e+01 1.4214676e+01 1.4925894e+01 1.4126271e+01 1.4248136e+01 1.5298546e+01 1.4618824e+01 1.4368394e+01 1.4324306e+01 1.4368834e+01 1.4085719e+01 1.3464327e+01 1.3208839e+01 1.2934176e+01 1.2666466e+01 1.2179576e+01 1.2692240e+01 1.2576208e+01 1.2452703e+01 1.2259527e+01 1.2395227e+01 1.1924442e+01 1.1732931e+01 1.1399131e+01 1.0978675e+01 1.1405772e+01 1.0586344e+01 1.1429000e+01 1.1474954e+01 1.1470088e+01 1.0900328e+01 1.0208867e+01 9.7132443e+00 9.0937124e+00 8.3581943e+00 7.8167645e+00 7.4383998e+00 6.9988753e+00 6.3641873e+00 6.3672456e+00 6.0539776e+00 5.6885812e+00
1.9578208e+01 1.9318546e+01 1.8985818e+01 1.8330117e+01 1.7200597e+01 1.7887515e+01 1.7185228e+01 1.6636168e+01 1.6457186e+01 1.6108676e+01 1.6171361e+01 1.6148090e+01 1.5872832e+01 1.5719402e+01 1.5251297e+01 1.5077485e+01 1.4588188e+01 1.3575987e+01 1.3714520e+01 1.4330489e+01 1.3714581e+01 1.3366537e+01 1.3339962e+01 1.3078962e+01 1.3014010e+01 1.2222798e+01 1.1837135e+01 1.2412826e+01 1.2696769e+01 1.2083079e+01 1.1809719e+01 1.1802420e+01 1.0707413e+01 1.0365202e+01 1.1510055e+01 1.1780132e+01 1.1746601e+01 1.1438935e+01 1.1026827e+01 1.0534142e+01 9.9428392e+00 9.3684610e+00 8.8779843e+00 8.4611784e+00 8.0755645e+00 7.7778532e+00 7.5401596e+00 7.1262964e+00 6.6524311e+00 6.2750698e+00
1.9305873e+01 1.9164883e+01 1.8415518e+01 1.8407455e+01 1.8402166e+01 1.7759817e+01 1.8242086e+01 1.7724075e+01 1.7411735e+01 1.7354714e+01 1.6978906e+01 1.6575224e+01 1.6212925e+01 1.6212953e+01 1.5775157e+01 1.5209730e+01 1.4202038e+01 1.3128902e+01 1.4102910e+01 1.4891845e+01 1.4348929e+01 1.4090169e+01 1.3978902e+01 1.3522057e+01 1.3316433e+01 1.2562806e+01 1.2707217e+01 1.2827698e+01 1.2240180e+01 1.2505014e+01 1.1429834e+01 1.0483384e+01 1.0246127e+01 9.7854825e+00 1.0411697e+01 1.1213659e+01 1.1073142e+01 1.0927322e+01 1.1100622e+01 1.1044357e+01 1.0305815e+01 9.8037949e+00 9.3629276e+00 8.9832342e+00 8.6535855e+00 8.3861059e+00 8.1153473e+00 7.7897207e+00 7.3283976e+00 6.8632217e+00
1.8732645e+01 1.8690547e+01 1.9025315e+01 1.8645080e+01 1.8520836e+01 1.8494249e+01 1.8357281e+01 1.8231094e+01 1.8069687e+01 1.7796413e+01 1.7391335e+01 1.6798076e+01 1.6669409e+01 1.6079931e+01 1.5781437e+01 1.6274640e+01 1.5461167e+01 1.5025113e+01 1.5490407e+01 1.5382632e+01 1.4988323e+01 1.4647566e+01 1.4345689e+01 1.4093820e+01 1.3743009e+01 1.3503039e+01 1.2429993e+01 1.3304190e+01 1.3645715e+01 1.2181994e+01 1.2273687e+01 1.1774711e+01 1.1164222e+01 1.1079475e+01 1.0797034e+01 1.0960970e+01 1.0306999e+01 9.3366196e+00 1.1321080e+01 1.1345663e+01 1.0752567e+01 1.0311411e+01 9.7697761e+00 9.3944947e+00 9.1718601e+00 8.9747919e+00 8.7788122e+00 8.5018118e+00 8.0645091e+00 7.5748483e+00
1.9829755e+01 1.9708862e+01 1.9379598e+01 1.8952521e+01 1.8755070e+01 1.8226325e+01 1.8280588e+01 1.8345776e+01 1.8268813e+01 1.8037796e+01 1.7671226e+01 1.7308167e+01 1.7073203e+01 1.6704937e+01 1.6504738e+01 1.6545297e+01 1.6451731e+01 1.6253839e+01 1.6503597e+01 1.6025317e+01 1.5529757e+01 1.5222978e+01 1.5071610e+01 1.4743950e+01 1.4553007e+01 1.4403303e+01 1.3963107e+01 1.3450168e+01 1.3003867e+01 1.0336610e+01 1.0988770e+01 1.1327875e+01 1.1463259e+01 1.1827996e+01 1.1396858e+01 1.0881475e+01 1.0754468e+01 1.0663250e+01 1.0175781e+01 1.0707524e+01 9.7445407e+00 9.3578617e+00 9.7594725e+00 9.8133732e+00 9.6432619e+00 9.5429941e+00 9.4334887e+00 9.2188882e+00 8.8091637e+00 8.3421588e+00
1.9145415e+01 1.9807057e+01 1.9662673e+01 1.9329607e+01 1.9134337e+01 1.9065406e+01 1.8899181e+01 1.8708931e+01 1.8321136e+01 1.8098578e+01 1.7902288e+01 1.7796280e+01 1.7894061e+01 1.7380021e+01 1.6394534e+01 1.6985318e+01 1.6859961e+01 1.6159421e+01 1.6548899e+01 1.6614006e+01 1.6203525e+01 1.6162173e+01 1.5556980e+01 1.5351110e+01 1.4919143e+01 1.4684955e+01 1.4813650e+01 1.4700890e+01 1.4322566e+01 1.2153108e+01 1.3192602e+01 1.3097278e+01 1.2548380e+01 1.2153134e+01 1.1839999e+01 1.1384340e+01 1.1073415e+01 1.0422147e+01 1.0155058e+01 8.7980743e+00 2.6385868e+00 3.0439055e+00 9.1064915e+00 1.0223342e+01 9.9907517e+00 1.0024896e+01 9.9844030e+00 9.8233847e+00 9.4622689e+00 9.0038522e+00
