ahotovec/data/depth_0014.asc
ncols     164
nrows     146
xllcorner -1.242151388888889e+02
yllcorner  4.172986111111111e+01
cellsize  2.777777777820000e-04
nodata_value       -9999
[rows 66 to 87 of 146, columns 0 to 49 of 164]
5.2102153e-03 4.9632907e-03 3.0808374e-03 1.8947381e-03 1.2905539e-03 0.0000000e+00 0.0000000e+00 0.0000000e+00 0.0000000e+00 0.0000000e+00 0.0000000e+00 0.0000000e+00 0.0000000e+00 0.0000000e+00 0.0000000e+00 0.0000000e+00 0.0000000e+00 0.0000000e+00 0.0000000e+00 0.0000000e+00 0.0000000e+00 0.0000000e+00 0.0000000e+00 0.0000000e+00 0.0000000e+00 0.0000000e+00 0.0000000e+00 0.0000000e+00 0.0000000e+00 0.0000000e+00 0.0000000e+00 0.0000000e+00 0.0000000e+00 0.0000000e+00 0.0000000e+00 0.0000000e+00 0.0000000e+00 0.0000000e+00 0.0000000e+00 0.0000000e+00 0.0000000e+00 0.0000000e+00 0.0000000e+00 0.0000000e+00 0.0000000e+00 0.0000000e+00 0.0000000e+00 0.0000000e+00 0.0000000e+00 0.0000000e+00
4.8027435e-03 2.7403865e-03 1.0188852e-02 1.6851075e-03 1.7338763e-03 9.2093872e-04 7.8601789e-04 0.0000000e+00 0.0000000e+00 0.0000000e+00 0.0000000e+00 0.0000000e+00 0.0000000e+00 0.0000000e+00 0.0000000e+00 0.0000000e+00 0.0000000e+00 0.0000000e+00 0.0000000e+00 0.0000000e+00 0.0000000e+00 0.0000000e+00 0.0000000e+00 0.0000000e+00 0.0000000e+00 0.0000000e+00 0.0000000e+00 0.0000000e+00 0.0000000e+00 0.0000000e+00 0.0000000e+00 0.0000000e+00 0.0000000e+00 0.0000000e+00 0.0000000e+00 0.0000000e+00 0.0000000e+00 0.0000000e+00 0.0000000e+00 0.0000000e+00 0.0000000e+00 0.0000000e+00 0.0000000e+00 0.0000000e+00 0.0000000e+00 0.0000000e+00 0.0000000e+00 0.0000000e+00 0.0000000e+00 0.0000000e+00
4.4095636e-03 5.3008492e-03 8.7138890e-03 8.6036020e-03 4.2776377e-03 9.8175916e-04 9.2855786e-04 9.1184050e-04 9.2702519e-04 0.0000000e+00 0.0000000e+00 0.0000000e+00 0.0000000e+00 0.0000000e+00 0.0000000e+00 0.0000000e+00 0.0000000e+00 0.0000000e+00 0.0000000e+00 0.0000000e+00 0.0000000e+00 0.0000000e+00 0.0000000e+00 0.0000000e+00 0.0000000e+00 0.0000000e+00 0.0000000e+00 0.0000000e+00 0.0000000e+00 0.0000000e+00 0.0000000e+00 0.0000000e+00 0.0000000e+00 0.0000000e+00 0.0000000e+00 0.0000000e+00 0.0000000e+00 0.0000000e+00 0.0000000e+00 0.0000000e+00 0.0000000e+00 0.0000000e+00 0.0000000e+00 0.0000000e+00 0.0000000e+00 0.0000000e+00 0.0000000e+00 0.0000000e+00 0.0000000e+00 0.0000000e+00
4.4625076e-03 3.3044300e-03 5.9488260e-02 2.5985376e-01 2.6816736e-01 3.7952727e-01 2.5380310e-02 5.2105773e-03 9.9943173e-04 9.9810233e-04 8.8577620e-04 9.2389731e-04 0.0000000e+00 0.0000000e+00 0.0000000e+00 0.0000000e+00 0.0000000e+00 0.0000000e+00 0.0000000e+00 0.0000000e+00 0.0000000e+00 0.0000000e+00 0.0000000e+00 0.0000000e+00 0.0000000e+00 0.0000000e+00 0.0000000e+00 0.0000000e+00 0.0000000e+00 0.0000000e+00 0.0000000e+00 0.0000000e+00 0.0000000e+00 0.0000000e+00 0.0000000e+00 0.0000000e+00 0.0000000e+00 0.0000000e+00 0.0000000e+00 0.0000000e+00 0.0000000e+00 0.0000000e+00 0.0000000e+00 0.0000000e+00 0.0000000e+00 0.0000000e+00 0.0000000e+00 0.0000000e+00 0.0000000e+00 0.0000000e+00
6.3452935e-03 1.5729992e-01 5.6098427e-01 6.9829847e-01 7.0978130e-01 6.2944407e-01 1.6176067e-01 3.4243787e-03 6.2198476e-02 1.4706634e-02 9.1521581e-04 9.8238032e-04 0.0000000e+00 0.0000000e+00 0.0000000e+00 0.0000000e+00 0.0000000e+00 0.0000000e+00 0.0000000e+00 0.0000000e+00 0.0000000e+00 0.0000000e+00 0.0000000e+00 0.0000000e+00 0.0000000e+00 0.0000000e+00 0.0000000e+00 0.0000000e+00 0.0000000e+00 0.0000000e+00 0.0000000e+00 0.0000000e+00 0.0000000e+00 0.0000000e+00 0.0000000e+00 0.0000000e+00 0.0000000e+00 0.0000000e+00 0.0000000e+00 0.0000000e+00 0.0000000e+00 0.0000000e+00 0.0000000e+00 0.0000000e+00 0.0000000e+00 0.0000000e+00 0.0000000e+00 0.0000000e+00 0.0000000e+00 0.0000000e+00
1.2233256e-02 9.7852940e-04 9.5616416e-04 5.3379558e-01 6.2274454e-01 8.4094581e-04 4.2006827e-03 2.9387408e-03 3.1274492e-01 4.5792798e-02 8.8089577e-04 5.8395253e-04 0.0000000e+00 0.0000000e+00 0.0000000e+00 0.0000000e+00 0.0000000e+00 0.0000000e+00 0.0000000e+00 0.0000000e+00 0.0000000e+00 0.0000000e+00 0.0000000e+00 0.0000000e+00 0.0000000e+00 0.0000000e+00 0.0000000e+00 0.0000000e+00 0.0000000e+00 0.0000000e+00 0.0000000e+00 0.0000000e+00 0.0000000e+00 0.0000000e+00 0.0000000e+00 0.0000000e+00 0.0000000e+00 0.0000000e+00 0.0000000e+00 0.0000000e+00 0.0000000e+00 0.0000000e+00 0.0000000e+00 0.0000000e+00 0.0000000e+00 0.0000000e+00 0.0000000e+00 0.0000000e+00 0.0000000e+00 0.0000000e+00
1.3913871e-02 8.9521458e-04 1.9223022e-02 8.3273917e-04 4.0279401e-01 3.6467597e-01 2.3864877e-01 1.9802691e-01 1.8941270e-01 3.2667036e-03 8.7882227e-04 8.7839071e-04 0.0000000e+00 0.0000000e+00 0.0000000e+00 0.0000000e+00 0.0000000e+00 0.0000000e+00 0.0000000e+00 0.0000000e+00 0.0000000e+00 0.0000000e+00 0.0000000e+00 0.0000000e+00 0.0000000e+00 0.0000000e+00 0.0000000e+00 0.0000000e+00 0.0000000e+00 0.0000000e+00 0.0000000e+00 0.0000000e+00 0.0000000e+00 0.0000000e+00 0.0000000e+00 0.0000000e+00 0.0000000e+00 0.0000000e+00 0.0000000e+00 0.0000000e+00 0.0000000e+00 0.0000000e+00 0.0000000e+00 0.0000000e+00 0.0000000e+00 5.3779411e-03 0.0000000e+00 0.0000000e+00 9.9632269e-04 5.0190279e-03
6.5116798e-03 5.9732476e-03 7.5650250e-02 3.0002707e-02 3.4800833e-01 3.5447662e-01 3.6276376e-01 3.6033224e-01 7.0018406e-02 1.1299454e-03 2.7936357e-03 2.0571169e-03 1.2765311e-03 1.0857978e-03 9.4585515e-03 9.9502858e-04 8.7449373e-04 9.8464729e-04 9.3100478e-04 9.6416168e-04 9.5040976e-04 9.8524701e-04 0.0000000e+00 0.0000000e+00 0.0000000e+00 0.0000000e+00 0.0000000e+00 0.0000000e+00 0.0000000e+00 0.0000000e+00 0.0000000e+00 0.0000000e+00 0.0000000e+00 0.0000000e+00 0.0000000e+00 0.0000000e+00 0.0000000e+00 0.0000000e+00 0.0000000e+00 0.0000000e+00 0.0000000e+00 0.0000000e+00 0.0000000e+00 0.0000000e+00 2.1566730e-03 3.7885010e-03 8.3321922e-03 2.3656467e-03 2.1669222e-03 5.4158272e-03
1.9809272e-01 7.1287964e-02 9.8739284e-02 1.2536771e-01 2.4045594e-01 3.4569081e-01 3.9115430e-01 3.8539285e-01 1.6302010e-01 1.2119162e-03 4.5644268e-03 7.0143306e-04 2.0177166e-03 1.2662056e-01 3.3471382e-01 3.7402369e-01 5.4155690e-01 5.5269772e-01 2.4154612e-01 4.8830399e-03 9.2487144e-04 9.7241835e-04 8.9004668e-04 9.4918726e-04 9.0670252e-04 9.1646597e-04 0.0000000e+00 0.0000000e+00 0.0000000e+00 0.0000000e+00 0.0000000e+00 0.0000000e+00 0.0000000e+00 0.0000000e+00 0.0000000e+00 0.0000000e+00 0.0000000e+00 0.0000000e+00 0.0000000e+00 0.0000000e+00 0.0000000e+00 0.0000000e+00 0.0000000e+00 9.9482613e-04 3.3464134e-03 3.0534140e-03 4.2182193e-02 3.0141237e-02 1.0042109e-03 5.1255580e-03
1.2258162e+00 1.6791204e-02 1.8691326e-02 5.1764580e-02 1.5710661e-01 2.5672121e-01 3.8204420e-01 3.7187867e-01 2.4606721e-01 1.4936741e-01 1.3195800e-01 2.0365621e-01 2.6594765e-01 3.4438910e-01 2.6593098e-01 9.0396893e-04 7.3002228e-01 9.4349194e-01 8.7036219e-01 7.3473884e-01 7.8324668e-01 4.0686951e-01 2.9993798e-01 8.8235336e-04 2.0647568e-01 9.6439834e-04 8.8261175e-04 0.0000000e+00 0.0000000e+00 0.0000000e+00 0.0000000e+00 0.0000000e+00 0.0000000e+00 0.0000000e+00 0.0000000e+00 0.0000000e+00 0.0000000e+00 0.0000000e+00 0.0000000e+00 0.0000000e+00 0.0000000e+00 0.0000000e+00 3.7113552e-06 1.0830510e-03 5.1395322e-03 9.8366817e-04 9.3716427e-04 2.8923679e-02 9.8048082e-04 1.9396265e-03
2.4368442e+00 4.0386028e-01 2.2013844e-03 9.8991117e-04 2.9050215e-02 4.3172777e-01 6.5790293e-01 6.0133036e-01 5.4342946e-01 3.1292936e-01 1.5290979e-01 2.5656947e-01 2.6687227e-01 1.7500994e-01 2.5340096e-02 9.1498172e-04 2.2336056e-01 7.5553619e-01 2.9223544e-01 3.8388795e-01 4.6449457e-01 6.1927617e-02 5.9645372e-01 5.0913575e-01 6.0767883e-01 6.0441329e-01 8.8440123e-04 7.3067523e-04 9.0167940e-04 0.0000000e+00 0.0000000e+00 0.0000000e+00 0.0000000e+00 0.0000000e+00 0.0000000e+00 0.0000000e+00 0.0000000e+00 0.0000000e+00 0.0000000e+00 0.0000000e+00 0.0000000e+00 0.0000000e+00 9.7540778e-04 1.5297125e-03 4.5162677e-03 9.5591659e-04 1.7117269e-01 2.1390015e-01 2.9504817e-01 1.6624541e-01
4.6200008e+00 2.0311837e+00 6.0408900e-04 9.0434499e-04 3.3517708e-01 1.4723482e+00 1.6914260e+00 1.7228278e+00 1.5866666e+00 1.2381871e+00 6.6783904e-01 2.4951069e-01 3.0476912e-01 2.3668022e-01 1.4743120e-01 2.4929654e-01 8.4690783e-01 9.7935558e-01 7.2410331e-01 5.3276225e-01 8.0174283e-01 4.8455738e-01 5.7570111e-01 4.8281585e-01 5.9010334e-01 7.5371427e-01 7.2019707e-04 2.5564706e-01 7.6042700e-04 6.9022526e-04 9.6372456e-04 0.0000000e+00 0.0000000e+00 0.0000000e+00 0.0000000e+00 0.0000000e+00 0.0000000e+00 0.0000000e+00 0.0000000e+00 9.9876021e-04 4.9644476e-03 0.0000000e+00 9.8455479e-04 9.9586821e-04 5.4548986e-01 5.1371987e-01 4.8886852e-01 4.1858658e-01 6.1192752e-01 5.8401431e-01
6.4939369e+00 4.6579492e+00 3.7535057e+00 2.1187955e+00 2.7311335e+00 2.6809416e+00 2.7109069e+00 2.6180911e+00 2.3302107e+00 1.9064894e+00 1.3576524e+00 5.3165341e-01 2.4183348e-01 2.4135763e-01 1.5800767e-01 1.3626849e-01 9.1496472e-01 9.5863630e-01 1.3146729e+00 1.0775985e+00 5.3465445e-01 4.8902240e-01 2.7609505e-02 4.5298450e-01 1.3938523e-01 7.8168947e-03 5.9590267e-01 7.7654857e-01 9.3123925e-01 7.8175297e-04 8.4385045e-04 7.4693057e-04 0.0000000e+00 0.0000000e+00 0.0000000e+00 0.0000000e+00 1.7509195e-03 2.1941850e-03 2.8517191e-03 2.6741641e-03 9.4644903e-03 9.8721785e-04 9.8211491e-04 1.9861501e-02 6.6047399e-01 7.8896612e-01 6.5929940e-01 5.7942390e-01 7.7683623e-01 8.5420030e-01
7.0452039e+00 6.3700510e+00 6.3056894e+00 4.7724645e+00 5.0472863e+00 4.1747746e+00 3.8200027e+00 3.5819148e+00 3.2329439e+00 2.6737233e+00 1.9426700e+00 1.0717752e+00 1.7795414e-01 1.4145184e-01 2.3743495e-01 3.5217261e-01 6.0975064e-01 7.4360489e-01 1.3391472e+00 6.6101407e-01 6.0244103e-03 6.0482203e-01 6.3120575e-01 6.6571872e-01 4.3712711e-01 7.7000652e-01 6.8285123e-01 6.0874740e-01 6.5592245e-01 1.1201508e+00 1.2351531e-01 8.4466736e-04 8.9901037e-04 9.4063098e-04 8.8507855e-04 9.9044681e-04 9.7103878e-04 2.4267926e-03 3.6231156e-03 2.2063776e-03 7.5961639e-03 5.9005508e-03 2.3043205e-02 4.0371337e-01 4.5520196e-01 5.2780679e-01 7.9234423e-01 6.8525180e-01 1.0228250e+00 1.3640867e+00
7.7685209e+00 7.5292968e+00 7.2266005e+00 6.6418777e+00 6.1487541e+00 5.5106419e+00 5.1298111e+00 4.7845995e+00 4.5099825e+00 3.9558158e+00 2.7986292e+00 1.5052536e+00 4.6972398e-01 1.6384983e-01 3.0637234e-01 3.7443783e-01 2.9677989e-01 4.1417150e-01 9.2610935e-04 9.1353784e-04 2.8098469e-01 4.2622420e-01 6.7920637e-01 3.5558729e-01 3.0616010e-02 6.8639634e-01 9.5127955e-01 6.4616374e-01 6.8177424e-01 8.6562120e-04 1.0453179e+00 1.0447157e+00 3.0151980e-01 9.3931120e-04 9.6947802e-04 9.9140809e-04 1.7819773e-03 3.1553071e-03 2.0512382e-03 3.1625764e-03 6.8052609e-03 9.4588393e-02 4.3729439e-02 9.3202787e-04 1.0012965e-03 9.2506473e-04 1.1105993e-01 4.6452480e-01 8.7616503e-01 8.2866722e-01
7.7780112e+00 7.6752967e+00 7.4695663e+00 7.0568617e+00 6.6023646e+00 6.0659096e+00 5.6673742e+00 5.5448241e+00 5.4543868e+00 4.9767175e+00 3.5811070e+00 1.7700963e+00 1.0292145e+00 3.8163671e-01 1.5889382e-01 9.8702480e-04 2.9282390e-01 2.3507191e-01 2.1222251e-01 2.5885312e-01 4.9539960e-01 4.2629350e-01 7.1386007e-01 3.0481924e-01 9.8125083e-04 7.9857905e-04 1.0017466e+00 7.4476220e-01 7.6080333e-01 8.8390356e-01 1.0143623e+00 1.1760575e+00 1.2059935e+00 8.7516291e-01 7.2315111e-01 7.2764445e-02 9.7564907e-04 1.0165469e-03 4.1970402e-03 6.9042615e-03 1.2438090e-02 1.9349328e-02 3.1151511e-02 1.4766490e-03 2.6657361e-03 4.7610966e-03 3.9966853e-03 9.3394547e-04 2.6043873e-01 4.5886623e-01
7.6372872e+00 7.4873182e+00 7.3609576e+00 7.1029969e+00 6.7911815e+00 6.4247042e+00 6.1352680e+00 5.9581302e+00 5.7680405e+00 5.2876263e+00 4.1164919e+00 2.1102511e+00 1.9923435e+00 1.7459170e+00 8.6655101e-02 9.9928924e-04 1.3249923e-01 1.2493789e-01 2.5085367e-01 2.9632624e-01 4.7687084e-01 4.5976890e-01 5.3983510e-01 4.5034266e-01 8.3600124e-04 4.3038469e-01 2.8546532e-01 1.0264161e+00 1.0225897e+00 8.2367228e-01 3.0890100e-01 1.0472267e+00 1.1290121e+00 1.1673534e+00 1.2007799e+00 1.2149929e+00 8.2094195e-01 3.5596497e-01 2.5218068e-01 1.9330375e-03 9.5137153e-03 3.6457106e-03 1.8306486e-03 2.5715359e-03 3.0310256e-03 3.6674107e-03 3.4761071e-03 2.5712583e-03 1.1773116e-03 7.2126943e-02
7.5687669e+00 7.2459084e+00 7.1930597e+00 7.1249557e+00 6.9091565e+00 6.6534877e+00 6.3865741e+00 6.1923596e+00 5.9399437e+00 5.4611255e+00 4.5343720e+00 3.6047127e+00 4.0222585e+00 4.5994275e+00 3.0772027e+00 2.0305490e+00 1.8775238e+00 1.7248344e+00 1.4165656e+00 8.5076582e-01 3.6513808e-01 3.9273902e-01 3.1192440e-01 2.9509794e-01 4.8447661e-01 8.1604282e-01 2.2587689e-01 1.0912408e+00 9.9738770e-01 1.7933782e-01 7.6183325e-01 1.0922205e+00 1.0486925e+00 9.7198949e-01 8.8115722e-01 7.7820458e-01 6.5827829e-01 8.6310731e-01 1.0390754e+00 2.0217474e-01 8.5106508e-02 9.9800011e-04 2.1565742e-03 9.9836578e-04 9.9774880e-04 1.5530899e-03 2.3236707e-03 2.8227108e-03 3.0575682e-03 1.0208646e-03
7.6008535e+00 7.0975855e+00 7.2560079e+00 7.2094066e+00 6.9809490e+00 6.7927317e+00 6.5840539e+00 6.3933427e+00 6.1349393e+00 5.7493375e+00 5.2480372e+00 4.8824922e+00 5.0920949e+00 5.1517601e+00 4.2653010e+00 3.8657227e+00 3.7690976e+00 3.3560598e+00 2.7942544e+00 2.0890216e+00 1.0693989e+00 2.8563995e-01 2.8651936e-01 3.7639584e-01 5.8300355e-01 8.9496764e-01 2.4382842e-01 4.8039487e-01 7.2998095e-01 5.9132126e-01 8.9045957e-01 9.3131627e-01 9.2126024e-01 8.4461389e-01 7.6232294e-01 6.5436041e-01 6.2514721e-01 7.6456104e-01 1.0437130e+00 8.0311864e-01 2.4677299e-01 9.8956715e-04 9.7975862e-04 9.9983402e-04 0.0000000e+00 0.0000000e+00 9.9749328e-04 1.2853535e-03 1.7999240e-03 1.3491308e-03
7.6915815e+00 7.2644065e+00 7.1198082e+00 7.1107196e+00 7.1725807e+00 6.9148016e+00 6.7789741e+00 6.5730065e+00 6.3269708e+00 6.0327247e+00 5.7286920e+00 5.5160497e+00 5.4831829e+00 5.3120949e+00 4.8231098e+00 4.6069105e+00 4.5927279e+00 4.2457890e+00 3.8207379e+00 2.9962658e+00 2.0265412e+00 7.8956625e-01 1.9821367e-01 1.7325282e-01 9.9006480e-02 6.2960265e-01 5.4362111e-01 1.9688449e-01 6.9222868e-04 4.9553487e-01 7.5926926e-01 8.3904003e-01 8.8995481e-01 7.6842628e-01 6.8481746e-01 6.5523136e-01 6.7469838e-01 7.9151992e-01 1.0212333e+00 9.7739422e-01 5.5188760e-01 9.1988060e-01 1.6672446e-01 9.1734496e-04 0.0000000e+00 0.0000000e+00 2.8376132e-03 9.7570967e-04 0.0000000e+00 0.0000000e+00
8.1181649e+00 6.5664597e+00 7.0952676e+00 6.7668063e+00 7.3759323e+00 6.9957130e+00 6.9010853e+00 6.7204378e+00 6.4965655e+00 6.2445237e+00 6.0125458e+00 5.8259734e+00 5.7023806e+00 5.5335782e+00 5.2542497e+00 5.0550305e+00 4.9463896e+00 4.6718022e+00 4.2311048e+00 3.7707836e+00 2.8129972e+00 1.3145603e+00 3.2843340e-01 1.3746953e-01 1.4683337e-01 2.1907671e-01 3.5568230e-01 8.7147127e-01 4.6422473e-01 5.3046212e-01 6.6487485e-01 7.5258615e-01 9.4274745e-01 7.1067600e-01 6.2305309e-01 6.2737290e-01 6.7315033e-01 7.8687429e-01 9.1671507e-01 1.0252746e+00 9.9692658e-01 1.1959528e+00 1.3248077e-01 8.9415183e-04 4.9118632e-04 8.9743877e-04 3.8708499e-03 9.9992676e-04 9.9061204e-04 0.0000000e+00
8.8907206e+00 8.2097255e+00 7.7244166e+00 7.2689074e+00 7.2382377e+00 7.2536836e+00 7.0841661e+00 6.9827896e+00 6.8042869e+00 6.5716151e+00 6.3515008e+00 6.1437193e+00 5.9498813e+00 5.7159144e+00 5.4484439e+00 5.2332813e+00 5.0443756e+00 4.7593394e+00 4.2673752e+00 3.5089822e+00 2.4799038e+00 1.5153018e+00 5.8465745e-01 1.8454076e-01 1.5683031e-01 2.5897846e-01 7.5466638e-01 8.9125214e-01 9.4563197e-01 5.8243123e-01 5.8707659e-01 9.2171159e-01 7.1380456e-04 7.5379196e-04 6.0515087e-01 5.9631542e-01 6.4459170e-01 7.2640895e-01 7.8557321e-01 8.4347932e-01 8.9896127e-01 2.7382017e-02 7.8646651e-04 9.8352648e-04 3.9274264e-01 9.8925483e-04 9.8330417e-04 1.1932232e-03 9.8702558e-04 6.5936099e-03
