ahotovec/data/depth_0042.asc
ncols     164
nrows     146
xllcorner -1.242151388888889e+02
yllcorner  4.172986111111111e+01
cellsize  2.777777777820000e-04
nodata_value       -9999
[rows 88 to 109 of 146, columns 100 to 149 of 164]
7.4175748e+00 6.4606794e+00 5.5065684e+00 6.0860522e+00 5.9640428e+00 5.4228510e+00 5.4452108e+00 5.5142681e+00 5.7882530e+00 7.2206630e+00 7.5861553e+00 6.5673594e+00 5.0554762e+00 4.5426299e+00 1.5282902e+00 1.4862116e+00 4.8317445e+00 5.9675166e+00 3.6534670e+00 1.4215227e+00 2.8360458e-01 5.8427845e-02 9.6356629e-04 4.0633776e-02 2.0191371e-01 3.8236530e-01 3.3726347e-01 1.8975322e-01 3.3579623e-02 7.4390470e-02 1.2242025e-01 4.9456782e-02 1.7667928e-02 1.0846757e-01 2.5810049e-01 2.4809495e-01 4.6502272e-01 2.5549321e-02 2.1563030e-03 2.1303002e-03 1.1712306e-01 3.3877803e-01 4.2561461e-01 1.9250263e-01 2.1233957e-01 2.1646721e-03 8.0766167e-02 8.2003213e-01 7.2090800e-01 7.8684792e-01
7.5360767e+00 7.3260257e+00 6.3606573e+00 6.2759294e+00 6.3196700e+00 6.2396051e+00 6.2341914e+00 6.9728576e+00 6.7686371e+00 6.8229799e+00 6.2769535e+00 6.4160884e+00 6.8234120e+00 6.9880439e+00 6.0065736e+00 5.3465110e+00 5.5163168e+00 6.0888466e+00 6.3794972e+00 5.0701299e+00 3.4452821e+00 1.1691281e+00 2.4750225e-02 5.6888976e-02 1.3295619e-02 1.0071178e-01 1.6210735e-01 1.7071297e-01 1.9638920e-01 1.4535315e-01 6.0901115e-02 1.7619897e-02 2.1689316e-01 4.5520704e-01 5.4050159e-01 4.3574517e-01 2.2356082e-01 2.9586478e-03 1.0997685e-03 8.4285660e-04 9.9975010e-04 3.7760667e-03 2.3589732e-03 1.0173428e-03 1.3527705e-01 3.0830863e-01 3.9590352e-01 4.8197547e-01 4.4986584e-01 5.2894204e-01
6.9825565e+00 7.0661806e+00 6.9361426e+00 6.9012553e+00 6.9288441e+00 7.3491699e+00 7.7363168e+00 7.4884562e+00 5.5919416e+00 5.1720271e+00 4.8817013e+00 5.1885083e+00 7.6023513e+00 7.9305202e+00 7.4468387e+00 7.2989370e+00 6.7902346e+00 6.5044083e+00 6.5034753e+00 6.3896420e+00 6.3015214e+00 5.7839530e+00 3.5939646e+00 7.9365262e-01 1.2713907e-01 7.9092982e-02 2.5937588e-01 2.2779965e-01 1.7679303e-01 1.2266908e-01 4.9842854e-02 4.0086998e-01 6.8236659e-01 7.3662203e-01 7.4785447e-01 6.1018426e-01 3.8352593e-01 7.7922303e-02 9.8515288e-04 3.8423997e-03 7.1080954e-03 5.0467005e-03 2.0159717e-02 4.5939163e-03 8.3974378e-04 9.8467933e-04 2.6168667e-02 1.5813185e-01 2.1434101e-01 2.1089570e-01
7.3762688e+00 7.5749801e+00 7.5102907e+00 7.4862357e+00 7.7658382e+00 7.4721382e+00 7.5926711e+00 8.1018013e+00 6.0951533e+00 5.3123754e+00 5.8911617e+00 4.8178868e+00 4.4866678e+00 6.6746049e+00 7.8416036e+00 7.5585785e+00 7.1689727e+00 7.1065816e+00 6.8886448e+00 6.5697327e+00 6.6038968e+00 6.3649982e+00 5.6346777e+00 5.4870220e+00 3.9444870e+00 7.4369552e-01 2.3819005e-01 1.9748909e-01 5.4793770e-02 5.0322630e-02 3.1216197e-01 6.8827282e-01 7.3945006e-01 7.9293934e-01 7.0145580e-01 5.8982648e-01 5.0727136e-01 4.0555681e-01 2.9144898e-01 8.6110478e-02 7.5672909e-03 1.5226229e-02 1.6751629e-02 7.2916137e-03 1.5563352e-03 3.5356507e-03 2.9820354e-03 8.5654516e-04 2.7274555e-03 6.5598259e-02
7.3211656e+00 7.4513999e+00 7.5548477e+00 7.8223662e+00 7.6420180e+00 7.2763147e+00 7.2036543e+00 7.3594831e+00 7.5249659e+00 6.6035559e+00 5.7698979e+00 6.4616321e+00 5.5715164e+00 7.1305906e+00 7.8083550e+00 7.6766094e+00 7.4288982e+00 7.4594922e+00 6.7153724e+00 6.5754841e+00 6.6737185e+00 6.0654884e+00 5.9418785e+00 6.3164471e+00 4.9645910e+00 1.4894787e+00 3.2973640e-01 7.1926034e-02 3.1475114e-02 1.9002094e-01 5.1474474e-01 6.0600416e-01 6.7822548e-01 7.7443484e-01 8.2856227e-01 6.5724307e-01 4.9861890e-01 3.5626376e-01 2.5796933e-01 1.8697919e-01 1.4297686e-01 8.1846631e-02 5.5945488e-02 2.3699293e-02 1.3750623e-02 1.5736788e-02 9.3055978e-03 7.5135094e-03 4.8165681e-03 1.4318521e-02
6.7423567e+00 6.8957497e+00 7.1199261e+00 7.4654746e+00 7.6726670e+00 7.1128767e+00 6.8457925e+00 7.3130900e+00 7.7954375e+00 8.3898400e+00 7.7020345e+00 8.0512509e+00 8.7274788e+00 8.7121770e+00 8.4347368e+00 8.0063855e+00 7.4100229e+00 6.9933376e+00 6.8586601e+00 6.6938633e+00 6.6190711e+00 5.1555473e+00 2.7392112e+00 3.9494174e+00 1.4243426e+00 9.4546020e-02 4.6281582e-02 9.9822987e-03 4.5757151e-02 2.4182787e-01 3.4323470e-01 3.6802416e-01 3.8883339e-01 3.8729283e-01 3.7714187e-01 3.9223296e-01 4.0835545e-01 3.6053291e-01 3.4200419e-01 2.9092149e-01 2.4052058e-01 1.7913852e-01 1.4525198e-01 1.0475018e-01 7.3315173e-02 4.9146087e-02 4.9252669e-02 3.7792013e-02 4.3688980e-02 2.3283857e-02
6.1135848e+00 6.4571443e+00 6.7677014e+00 7.1593943e+00 7.6066104e+00 7.9421013e+00 2.2551302e+00 4.3766681e+00 6.6693887e+00 8.8482989e+00 8.8838386e+00 8.7139441e+00 8.8191679e+00 8.9656916e+00 8.7247087e+00 8.4487819e+00 7.7528144e+00 7.2204069e+00 7.0944907e+00 6.9166585e+00 6.3848499e+00 5.8378383e+00 4.5243695e+00 8.9595921e-01 4.1890970e-01 5.8824879e-02 1.0018910e-03 5.2038544e-01 8.5829771e-01 3.1737102e-01 2.3892843e-01 1.0067698e-01 8.9906386e-02 1.0256552e-01 8.5142840e-02 1.1922452e-01 1.3209276e-01 1.5354326e-01 1.6079556e-01 1.9094981e-01 1.9657547e-01 1.8741602e-01 1.6042599e-01 1.1297124e-01 9.0654216e-02 5.0378236e-02 3.2876602e-02 5.1981252e-02 5.5075226e-02 4.4329009e-02
5.7331735e+00 6.1602108e+00 6.5599626e+00 6.9915893e+00 7.4906024e+00 8.1117904e+00 7.9954224e+00 7.2012581e+00 6.6957284e+00 8.2257596e+00 9.2442362e+00 9.4267340e+00 9.2632900e+00 9.0524530e+00 8.8310172e+00 8.6461558e+00 8.4348675e+00 8.1043639e+00 7.6183913e+00 7.0004683e+00 6.7736002e+00 4.8788654e+00 1.8918224e+00 7.6080656e-03 6.4079414e-03 1.3985148e-03 6.0208538e-01 2.9727570e+00 2.7775681e+00 2.4227037e+00 2.4250062e+00 2.3776400e+00 2.2887139e+00 2.3445869e+00 2.2453221e+00 2.1133914e+00 1.8302251e+00 1.8040376e+00 1.7775960e+00 1.4083120e+00 6.3178712e-01 3.6476046e-01 3.4240221e-01 4.4878532e-01 3.5585045e-01 3.4975515e-01 3.9768343e-01 4.5537568e-01 2.9939639e-01 6.7509692e-02
3.9670015e+00 4.5328191e+00 5.8533669e+00 6.9039970e+00 7.3369963e+00 7.9435876e+00 8.3200699e+00 8.1834030e+00 7.3449292e+00 6.8256720e+00 8.3149734e+00 9.1475339e+00 9.4810490e+00 9.1556213e+00 8.9737061e+00 8.9240688e+00 8.6616859e+00 8.3403670e+00 8.0456431e+00 7.1362039e+00 5.3280463e+00 1.9159670e+00 1.2284474e-01 5.4740509e-03 8.3329400e-04 1.4478576e+00 2.8993126e+00 3.0118501e+00 3.0016108e+00 2.9101252e+00 3.0409617e+00 3.0579832e+00 2.9362941e+00 2.9040559e+00 3.0194159e+00 3.0047559e+00 3.0493808e+00 3.0666381e+00 3.1530773e+00 3.0680894e+00 2.8663738e+00 2.7009474e+00 2.7143441e+00 2.7145117e+00 2.6672144e+00 2.6666715e+00 2.6901476e+00 2.7027347e+00 2.6235694e+00 2.4439400e+00
1.0644078e+00 2.5209756e-01 1.3707229e+00 5.8309264e+00 7.1782694e+00 7.9154398e+00 8.3234733e+00 8.4548743e+00 8.3283346e+00 7.3342835e+00 7.5072914e+00 8.4725941e+00 8.8982330e+00 8.9345944e+00 8.9372341e+00 8.9125846e+00 8.4802899e+00 7.8353499e+00 7.5217831e+00 6.1735203e+00 2.5174832e+00 2.3754969e-01 3.5210702e-02 9.7557681e-04 1.6851066e+00 3.5204379e+00 3.5411177e+00 3.5524378e+00 3.4740510e+00 3.3557734e+00 3.3587795e+00 3.3131135e+00 3.1537335e+00 3.0975992e+00 3.1809840e+00 3.2383772e+00 3.2721084e+00 3.2966030e+00 3.4080950e+00 3.3896845e+00 3.3451487e+00 3.2644656e+00 3.2179488e+00 3.1594888e+00 3.1269586e+00 3.1279471e+00 3.1392459e+00 3.1426876e+00 3.1267042e+00 3.0539910e+00
6.2523684e+00 4.9883438e+00 9.9056280e-01 1.6978695e+00 5.0543738e+00 7.5875340e+00 8.4528346e+00 8.5630710e+00 8.5715835e+00 8.1362405e+00 7.3712257e+00 7.5429592e+00 8.7360349e+00 8.9001005e+00 8.7572811e+00 8.6431534e+00 8.2862977e+00 7.6430978e+00 6.4757538e+00 2.8306880e+00 3.5405522e-01 7.4054162e-02 1.4480033e-03 1.4624317e+00 3.2448586e+00 3.4824609e+00 3.8408440e+00 4.0084332e+00 3.9055068e+00 3.8811394e+00 3.8251368e+00 3.6039075e+00 3.3886901e+00 3.3566342e+00 3.5156120e+00 3.5891698e+00 3.5898747e+00 3.6641808e+00 3.8730465e+00 3.7430901e+00 3.6061140e+00 3.4590022e+00 3.3503972e+00 3.2296615e+00 3.1779559e+00 3.2001283e+00 3.2419100e+00 3.2466511e+00 3.2332785e+00 3.1754198e+00
7.1828933e+00 7.0246817e+00 5.8925167e+00 1.2321884e+00 1.8274077e+00 6.4619856e+00 8.3380803e+00 8.4377708e+00 8.1237768e+00 7.6815895e+00 7.2840603e+00 7.7396216e+00 9.6621251e+00 9.2684353e+00 8.6663722e+00 8.4686598e+00 8.1016371e+00 6.4104261e+00 3.1709304e+00 3.5417064e-01 1.5787323e-01 5.6879951e-02 5.9520515e-01 3.4061686e+00 3.3745097e+00 3.4088396e+00 3.7844452e+00 3.9210986e+00 4.1133114e+00 4.3295041e+00 4.3015127e+00 4.0570438e+00 3.7534344e+00 3.6768664e+00 3.8847866e+00 4.0053666e+00 4.0769004e+00 4.0934380e+00 4.1940591e+00 4.0486072e+00 3.8513485e+00 3.7201881e+00 3.5521832e+00 3.3728642e+00 3.2785888e+00 3.3119349e+00 3.3904888e+00 3.4443829e+00 3.4443715e+00 3.3964305e+00
7.5843346e+00 7.3482469e+00 6.8860702e+00 5.3686235e+00 7.6825689e-01 1.9309577e+00 7.3334812e+00 8.2332854e+00 7.7232920e+00 7.5143397e+00 7.3249663e+00 8.3579684e+00 9.4641476e+00 9.2006501e+00 8.6652718e+00 8.4261859e+00 7.3926424e+00 3.1273331e+00 2.0361496e-01 1.0425677e-01 1.0840664e-01 4.0465307e-01 3.0274640e+00 3.4572617e+00 3.4539455e+00 3.5200081e+00 3.6847468e+00 3.8980083e+00 4.4919183e+00 4.5789301e+00 4.5005025e+00 4.3417462e+00 4.1351603e+00 4.0329566e+00 4.1088923e+00 4.2576315e+00 4.4474622e+00 4.3530167e+00 4.2648686e+00 4.2060693e+00 4.0866233e+00 3.9770672e+00 3.7423775e+00 3.6149784e+00 3.4439768e+00 3.4154463e+00 3.5575458e+00 3.6369275e+00 3.6433206e+00 3.5864158e+00
7.7309687e+00 7.5882222e+00 7.2682300e+00 6.8210702e+00 4.7944913e+00 6.5659470e-01 1.9674914e+00 5.5610793e+00 8.0571527e+00 7.3772401e+00 6.9868919e+00 7.5398649e+00 8.8071669e+00 8.8489405e+00 8.1959301e+00 7.8266049e+00 3.6873540e+00 7.6513652e-02 4.1938968e-02 5.5640697e-02 9.4142180e-02 2.8834574e+00 3.4466079e+00 3.4684583e+00 3.4335297e+00 3.5035237e+00 3.8735453e+00 4.2561445e+00 4.4359812e+00 4.6136637e+00 4.7092030e+00 4.5082756e+00 4.5580608e+00 4.4569229e+00 4.3988851e+00 4.4160789e+00 4.4895265e+00 4.4845782e+00 4.4546529e+00 4.6326301e+00 4.4669485e+00 4.2813987e+00 4.0884885e+00 3.8907511e+00 3.7335275e+00 3.7548339e+00 3.8636121e+00 3.8925777e+00 3.9396701e+00 3.8716577e+00
7.8089864e+00 7.7314462e+00 7.5100866e+00 7.1183801e+00 6.4746377e+00 3.3075615e+00 1.9196821e-01 8.9397481e-01 4.4306719e+00 5.6042497e+00 6.6833207e+00 6.7645714e+00 6.9363991e+00 7.6097015e+00 6.6907213e+00 3.5554131e+00 2.1857934e+00 1.0594823e+00 3.0591427e-01 8.7388077e-02 2.4803059e+00 3.0380636e+00 3.4203969e+00 3.7440972e+00 3.8242611e+00 3.9898129e+00 4.3697432e+00 4.5674673e+00 4.4992607e+00 4.8586775e+00 4.9539469e+00 4.7069193e+00 4.6552111e+00 4.7828158e+00 4.9237328e+00 4.9982790e+00 4.8543962e+00 4.6710543e+00 4.8396551e+00 5.4259088e+00 5.0434906e+00 4.7677074e+00 4.3764860e+00 4.2825127e+00 4.3026335e+00 4.3769140e+00 4.3777884e+00 4.3117152e+00 4.2767585e+00 4.2258249e+00
7.8822840e+00 7.7732881e+00 7.6102225e+00 7.2944230e+00 6.8007116e+00 6.1193228e+00 3.5307397e+00 1.4066220e-03 1.1032655e-01 6.5755910e-01 1.6556173e+00 4.4392299e+00 6.5313127e+00 6.7556326e+00 4.2628981e+00 4.0728743e+00 2.8334153e+00 5.2164226e-01 1.2804723e-01 2.4020083e+00 2.8806447e+00 3.1175104e+00 3.6576411e+00 4.0251026e+00 4.3106360e+00 4.4280416e+00 4.6930336e+00 4.7630514e+00 4.9534941e+00 5.3138131e+00 5.5218726e+00 5.1563014e+00 4.8062760e+00 5.3181524e+00 5.5471124e+00 5.6386556e+00 5.3855185e+00 5.1998190e+00 5.2703686e+00 5.3969972e+00 5.2590876e+00 5.0738128e+00 4.8495418e+00 4.7912887e+00 4.8843473e+00 4.9646923e+00 4.8387773e+00 4.6809686e+00 4.5819885e+00 4.5092853e+00
7.9212636e+00 7.8423082e+00 7.7250398e+00 7.5498503e+00 7.3088276e+00 6.8589321e+00 6.0901691e+00 2.3036441e+00 8.7558121e-04 4.0073699e-01 5.4219638e-01 6.7089946e-01 5.5108376e+00 3.6658303e+00 1.5384700e+00 3.1989374e+00 6.7843481e-01 3.3628941e-01 1.8690479e+00 3.2042603e+00 3.4143266e+00 3.7750972e+00 4.2796340e+00 4.5392968e+00 4.5970744e+00 4.7278987e+00 4.9001382e+00 4.9361054e+00 5.1284636e+00 5.7359393e+00 5.6850789e+00 5.4320064e+00 5.3815180e+00 5.7064101e+00 5.8111119e+00 5.6718847e+00 5.5761396e+00 5.6606959e+00 5.8198371e+00 5.7084322e+00 5.5586305e+00 5.4683257e+00 5.4032588e+00 5.3226465e+00 5.3393319e+00 5.3261422e+00 5.1857054e+00 5.0337788e+00 4.8637334e+00 4.7553769e+00
8.0386185e+00 7.8868723e+00 7.8420972e+00 7.7183437e+00 7.5300959e+00 7.0034793e+00 6.2499209e+00 3.5941231e+00 8.6828633e-01 3.5326218e-02 1.4462112e-01 5.5539036e-01 1.9218993e+00 3.5840576e-01 1.5133383e-01 5.2647568e-01 2.3584779e-01 1.4965143e+00 2.7105397e+00 3.2953754e+00 3.9787769e+00 4.3279586e+00 4.6663572e+00 4.6766524e+00 4.6787291e+00 5.0344541e+00 5.2867935e+00 5.2006492e+00 5.0405092e+00 5.6372756e+00 5.7890834e+00 5.7626200e+00 5.9346155e+00 5.9257859e+00 5.4718877e+00 5.0130006e+00 5.3028003e+00 5.6541980e+00 5.9366919e+00 5.9054757e+00 5.8461870e+00 5.8148981e+00 5.8806446e+00 5.8190911e+00 5.7664220e+00 5.7011119e+00 5.5935211e+00 5.4101188e+00 5.2971671e+00 5.1002745e+00
8.1119184e+00 8.0795275e+00 7.9455212e+00 7.8960957e+00 7.7441774e+00 7.4955008e+00 6.6132337e+00 4.3961855e+00 2.4391524e+00 1.9018492e-02 1.9717543e-02 6.0800555e-02 7.7585297e-02 6.7826199e-02 1.4273839e-01 1.0231218e-01 2.1830036e+00 2.8553815e+00 2.6245013e+00 2.8424756e+00 3.7111856e+00 4.2606998e+00 4.8627107e+00 5.0180105e+00 5.0652130e+00 5.3454625e+00 5.8604216e+00 5.7017458e+00 5.6821240e+00 6.0565001e+00 6.1953588e+00 6.2334684e+00 6.2620156e+00 6.0644999e+00 5.2181703e+00 4.3401515e+00 4.8661134e+00 5.4893217e+00 5.9570968e+00 6.1344038e+00 6.1278334e+00 6.0134160e+00 6.1503983e+00 6.1905913e+00 6.1751313e+00 6.1296813e+00 6.0613041e+00 5.9335990e+00 5.7584060e+00 5.5388766e+00
8.1529220e+00 8.1890208e+00 8.1752866e+00 7.9691476e+00 7.8906825e+00 7.7690071e+00 5.4748152e+00 2.8420289e+00 4.5505034e-02 0.0000000e+00 2.9896902e-02 6.5829116e-02 7.7966980e-02 5.8770996e-02 9.0188571e-02 8.2884266e-01 2.7117468e+00 2.5657042e+00 1.7182841e+00 1.7527512e-01 1.0716267e-02 2.6397156e+00 4.7829501e+00 5.2887833e+00 5.4736751e+00 5.3676021e+00 5.7031227e+00 5.8549751e+00 6.1445278e+00 6.4829636e+00 6.4042774e+00 6.2632632e+00 6.3217806e+00 6.3283707e+00 5.6550300e+00 4.9318577e+00 5.1154581e+00 5.5610516e+00 6.0646704e+00 6.3403829e+00 6.5541366e+00 6.4140696e+00 6.4976336e+00 6.5594521e+00 6.5606238e+00 6.5745146e+00 6.6425463e+00 6.3895004e+00 6.1411323e+00 5.9908027e+00
8.1852649e+00 8.2506524e+00 8.3167268e+00 8.2864181e+00 8.1320469e+00 7.7433079e+00 1.1955294e-02 0.0000000e+00 8.5107101e-04 9.7229550e-04 9.9944967e-04 0.0000000e+00 0.0000000e+00 3.2077264e-02 2.3034918e-02 5.4718600e-03 9.0456514e-02 8.9487516e-04 9.2792586e-04 7.0504646e-04 5.3278493e-01 3.6387288e+00 5.1050102e+00 5.7840501e+00 5.7809684e+00 5.6690290e+00 5.7047172e+00 5.7962556e+00 6.2583056e+00 6.4706924e+00 6.1519173e+00 5.4995802e+00 5.8627261e+00 6.1869346e+00 5.9456578e+00 5.6550520e+00 5.6435471e+00 5.8257259e+00 6.1679363e+00 6.4413839e+00 6.6692996e+00 6.7143180e+00 6.7921792e+00 6.9089101e+00 6.9256208e+00 6.9345619e+00 6.9471060e+00 6.7331081e+00 6.5547669e+00 6.4231427e+00
8.2723863e+00 8.2910824e+00 8.4041186e+00 8.4658102e+00 8.5531522e+00 8.2519553e+00 2.9349982e+00 9.3635806e-04 9.6835592e-04 9.1785339e-04 9.9921001e-04 0.0000000e+00 0.0000000e+00 2.1329849e-02 1.5882828e-03 1.8750420e+00 3.0392337e+00 2.6207406e+00 2.2782988e+00 3.5351849e+00 4.5243226e+00 5.0569832e+00 5.5385079e+00 5.8811264e+00 5.8341222e+00 5.9117366e+00 5.8503216e+00 5.8452642e+00 6.1512889e+00 6.3564551e+00 5.8970440e+00 4.6616834e+00 5.3095920e+00 6.0835541e+00 6.2490258e+00 6.2101683e+00 6.1250546e+00 6.1081672e+00 6.3289205e+00 6.5701947e+00 6.7493478e+00 6.8699506e+00 6.9957111e+00 7.1769525e+00 7.1954059e+00 7.1679764e+00 7.1371884e+00 6.9955973e+00 6.8602579e+00 6.8136174e+00
