ahotovec/data/depth_0033.asc
ncols     164
nrows     146
xllcorner -1.242151388888889e+02
yllcorner  4.172986111111111e+01
cellsize  2.777777777820000e-04
nodata_value       -9999
[rows 66 to 87 of 146, columns 100 to 149 of 164]
5.6785274e-01 5.7329763e-01 5.6675003e-01 5.7300425e-01 5.8650611e-01 6.0361346e-01 6.3131820e-01 6.6399845e-01 6.8792797e-01 6.6842783e-01 6.1689061e-01 5.5618912e-01 4.6863301e-01 3.6289708e-01 2.4153705e-01 9.6786215e-02 2.9879945e-02 3.8008775e-02 3.7897620e-02 3.8760818e-02 3.7711238e-02 3.2094965e-02 3.5452233e-02 3.2812765e-02 2.1128155e-02 1.3839234e-02 1.0427135e-02 7.7259828e-03 5.9330957e-03 5.2857204e-03 5.1496070e-03 5.1706381e-03 4.9166895e-03 4.7389202e-03 4.5284493e-03 4.4295661e-03 3.3282407e-03 2.4685426e-03 1.6153967e-03 1.5145878e-03 1.0020977e-03 9.9987941e-04 9.9886800e-04 9.9878776e-04 9.9855903e-04 9.9988141e-04 9.9979051e-04 9.9843761e-04 9.9957594e-04 9.9986276e-04
3.0959845e-01 3.2478063e-01 3.0436402e-01 3.2816082e-01 4.0643687e-01 4.7292432e-01 5.1209080e-01 5.5395613e-01 5.8099021e-01 5.6611629e-01 4.8114366e-01 3.4826001e-01 3.0015782e-01 1.9311692e-01 7.4319947e-02 2.3220304e-02 2.9130659e-02 2.3223764e-02 1.9716786e-02 1.9206821e-02 1.9568168e-02 2.3509087e-02 1.8534051e-02 1.3365573e-02 1.4917599e-02 1.5943929e-02 1.1855312e-02 1.0016315e-02 1.2163193e-02 1.1110832e-02 9.6008575e-03 9.9867189e-03 9.6421449e-03 7.0011216e-03 2.9467011e-03 1.4058349e-02 2.3773975e-03 8.1304544e-03 2.2976888e-03 2.9519527e-03 2.3365914e-03 1.4272645e-03 9.9973642e-04 9.9993098e-04 9.9966481e-04 9.9910325e-04 9.9926664e-04 9.9891201e-04 9.9890443e-04 9.9915003e-04
2.9860548e-01 2.5843660e-01 2.3733595e-01 2.9555754e-01 3.1571665e-01 3.0586449e-01 2.9804321e-01 3.1035314e-01 3.4747441e-01 3.4317146e-01 2.7238835e-01 2.5161946e-01 1.5633828e-01 7.1432478e-02 4.4070624e-02 5.8422721e-02 6.1191021e-02 6.0389525e-02 4.2791424e-02 2.6531528e-02 2.2774520e-02 2.4416698e-02 9.1616201e-03 6.9918309e-03 4.8036956e-03 2.7652455e-03 1.5812199e-03 1.5069490e-03 3.3978147e-03 2.6810243e-03 2.1762711e-03 2.5858934e-03 2.6083332e-03 1.9683735e-03 2.8224077e-03 5.4439218e-03 1.5052928e-03 5.8856702e-03 3.0805172e-03 5.6974838e-03 5.1412233e-03 4.5638871e-03 3.3188459e-03 2.2355128e-03 9.9997446e-04 9.9964749e-04 9.9787216e-04 9.9888940e-04 9.9892627e-04 9.9995495e-04
6.7400977e-01 6.0623920e-01 5.1795346e-01 4.4789857e-01 3.8775421e-01 3.1667267e-01 2.8899128e-01 2.5247251e-01 2.2103069e-01 2.0162212e-01 1.6821011e-01 9.7156529e-02 6.2438970e-02 5.9796071e-02 7.5646142e-02 8.9301595e-02 9.8890881e-02 9.7967506e-02 1.0932052e-01 1.3521222e-01 1.3294665e-01 1.7412155e-01 1.8752949e-01 1.9181599e-01 2.2289044e-01 2.0872961e-01 2.3380682e-01 2.5393434e-01 2.7505926e-01 2.4751156e-01 2.6896751e-01 2.5027851e-01 2.1087020e-01 1.6275509e-01 1.2171580e-01 1.1221000e-01 9.3809698e-02 7.7119588e-02 4.8289600e-02 1.0114867e-03 1.7521840e-03 2.8461338e-03 4.5962865e-03 5.2793477e-03 4.2937799e-03 3.2684696e-03 2.0638337e-03 1.1077062e-03 9.9945013e-04 9.9958013e-04
8.6713920e-01 8.2429355e-01 7.5746240e-01 6.8100037e-01 6.0596067e-01 5.2637591e-01 5.0693458e-01 4.4674262e-01 2.6629826e-01 1.5154054e-01 5.9827135e-02 6.8789520e-02 6.8503275e-02 6.7350184e-02 7.4092737e-02 9.1429551e-02 1.2043397e-01 1.6292799e-01 2.2922118e-01 3.2560612e-01 3.8154663e-01 4.4489035e-01 5.0165277e-01 5.4425762e-01 5.5234602e-01 5.5614787e-01 5.8977672e-01 6.3085042e-01 6.5711860e-01 6.7502294e-01 6.5190735e-01 6.4641627e-01 6.1732517e-01 5.3937321e-01 4.8231327e-01 4.7473610e-01 4.4947310e-01 4.5982829e-01 3.9569342e-01 2.4399492e-01 1.7505037e-01 1.0499713e-01 1.0153816e-02 2.0787542e-03 3.4597694e-03 5.2369922e-03 4.4291220e-03 3.3985453e-03 2.1663045e-03 1.0856529e-03
9.0867224e-01 8.4305619e-01 7.4051648e-01 6.4405053e-01 5.7933200e-01 5.5575409e-01 5.3075985e-01 5.2537120e-01 5.3780976e-01 5.1610020e-01 3.8588814e-01 1.4055567e-01 5.0229194e-02 7.9045537e-02 7.9580427e-02 1.1909833e-01 1.6760462e-01 2.4966906e-01 3.6091447e-01 4.9496275e-01 6.1768496e-01 6.8924403e-01 7.6975064e-01 7.9548106e-01 7.8835817e-01 8.2990612e-01 8.7622642e-01 9.1408317e-01 9.3635978e-01 9.4006946e-01 9.2123853e-01 9.2770447e-01 8.9048350e-01 8.2316492e-01 8.1984673e-01 8.4644347e-01 8.1608789e-01 7.9765881e-01 7.0005856e-01 6.0699297e-01 5.3173494e-01 4.2436929e-01 3.2130337e-01 1.5242786e-01 4.5396581e-02 1.0239671e-03 3.4003554e-03 5.6561280e-03 4.6382946e-03 3.8213869e-03
8.6177159e-01 8.6296260e-01 7.6429657e-01 6.2417618e-01 5.9749549e-01 6.8472731e-01 6.7526864e-01 5.2707492e-01 4.7600605e-01 5.6679188e-01 4.8359766e-01 2.7894635e-01 3.5622479e-01 1.8611901e-01 1.2621205e-01 1.5087809e-01 2.4846400e-01 3.8976494e-01 4.3696814e-01 5.4937150e-01 5.9604854e-01 6.9370520e-01 8.0898804e-01 8.8609628e-01 9.2936130e-01 9.6949725e-01 1.0209762e+00 1.0506906e+00 1.0861559e+00 1.1143088e+00 1.1517676e+00 1.1087153e+00 1.0122428e+00 1.0993347e+00 1.1629652e+00 1.1918657e+00 1.1672411e+00 1.0827013e+00 9.8829910e-01 9.0787709e-01 8.0290453e-01 7.1823386e-01 6.1054042e-01 4.9968349e-01 3.8555278e-01 2.6603061e-01 8.8386400e-02 1.1276526e-03 7.3288748e-03 7.0480955e-03
6.7389992e-01 7.5479608e-01 7.7255802e-01 6.2352975e-01 5.7297135e-01 6.4432136e-01 6.8869476e-01 6.2148582e-01 5.2357634e-01 4.0459878e-01 5.8250411e-01 2.8126397e+00 4.6961249e+00 2.2043045e+00 3.1905544e-01 3.2173635e-01 4.5678375e-01 4.5876502e-01 4.7622710e-01 3.9788032e-01 3.7041570e-01 3.4128211e-01 4.9914565e-01 6.6627810e-01 7.9845987e-01 7.6301178e-01 7.3483486e-01 7.7796020e-01 8.9283762e-01 9.9094492e-01 1.0699132e+00 1.1574174e+00 1.2566956e+00 1.3590781e+00 1.3998539e+00 1.4110869e+00 1.4022133e+00 1.3276182e+00 1.2433883e+00 1.1719734e+00 1.0781009e+00 9.8732139e-01 9.0027864e-01 7.9363131e-01 6.9157316e-01 5.3687110e-01 3.7046267e-01 1.5219447e-01 5.2968564e-03 1.0141811e-02
8.1474186e-01 3.6058609e-01 5.4816211e-01 5.3052841e-01 2.7378887e-01 1.3844138e-01 1.6772628e-01 3.0971229e-01 2.7942307e-01 9.3004668e-01 4.1244475e+00 6.2318199e+00 6.6226926e+00 5.2683075e+00 2.7392786e+00 5.0715386e-01 4.1835369e-01 5.2432492e-01 3.3539165e-01 1.2727844e-01 6.3925900e-02 5.2828318e-02 1.3237152e-01 2.4792805e-01 3.0048602e-01 2.8019252e-01 2.5538960e-01 3.1252890e-01 4.2980836e-01 5.5288147e-01 7.5473157e-01 1.0765473e+00 1.4268150e+00 1.5281637e+00 1.5743427e+00 1.5853090e+00 1.5462462e+00 1.5223716e+00 1.4523333e+00 1.3888339e+00 1.3102185e+00 1.2481713e+00 1.1769039e+00 1.0882387e+00 9.2492997e-01 6.8184496e-01 4.8975424e-01 2.5445969e-01 4.3989956e-02 2.8563215e-02
3.6592803e+00 2.5753038e+00 6.7811284e-01 2.1419879e-01 7.6610787e-02 9.9642169e-04 9.0907567e-04 2.6220751e-02 1.4134617e+00 4.9978118e+00 6.5074807e+00 6.8008555e+00 6.8391991e+00 6.9234108e+00 6.8084481e+00 4.2995050e+00 1.3413963e+00 3.4844838e-01 1.1078778e-01 5.9051666e-02 4.6703341e-02 1.6693540e-02 3.5243066e-02 8.3412158e-02 9.8226123e-02 1.0770611e-01 5.3653759e-02 5.5044305e-02 1.3530887e-01 2.6547692e-01 5.6740386e-01 1.0122885e+00 1.5130309e+00 1.7472308e+00 1.7606069e+00 1.7409672e+00 1.7434121e+00 1.6703407e+00 1.6239378e+00 1.5588188e+00 1.4915695e+00 1.4278047e+00 1.3548462e+00 1.2392194e+00 9.9930631e-01 7.1836301e-01 4.8708095e-01 2.6999125e-01 1.5739795e-01 1.6051503e-01
4.4320749e+00 4.3342032e+00 3.3908577e+00 1.4513074e+00 6.5986188e-01 9.8077400e-04 7.2829429e-04 1.4693601e+00 5.9696689e+00 6.7602583e+00 6.8986510e+00 7.0657199e+00 7.1655143e+00 7.2804482e+00 7.3062576e+00 6.1333016e+00 4.9136254e+00 2.0734539e+00 7.8110634e-03 1.0811987e-01 1.7389954e-01 3.4163656e-01 2.4974682e-01 2.9997033e-01 4.7432534e-01 4.6781911e-01 2.8342073e-01 1.9077479e-01 1.3644809e-01 1.8207269e-01 4.2286947e-01 8.8301684e-01 1.4913209e+00 1.9189788e+00 2.0569040e+00 2.0218724e+00 1.9340861e+00 1.8515473e+00 1.7745977e+00 1.6973223e+00 1.6178603e+00 1.5231283e+00 1.4104847e+00 1.2537643e+00 1.0155627e+00 7.6242788e-01 5.2928744e-01 3.8236671e-01 3.4822239e-01 3.9097294e-01
4.7293089e+00 4.3763464e+00 4.1056954e+00 3.4425716e+00 1.4915969e+00 5.3904524e-04 1.3606373e+00 5.6667061e+00 6.7174452e+00 6.8439111e+00 6.9832738e+00 7.0941488e+00 7.2103378e+00 7.4455358e+00 7.5890635e+00 7.3305690e+00 7.5286278e+00 5.5008090e+00 1.0279348e+00 1.6711931e-01 2.2024154e-01 3.5329731e-01 4.1020221e-01 6.0429825e-01 8.6260369e-01 8.9794433e-01 6.3084688e-01 6.4517809e-01 3.6192809e-01 2.4773776e-01 3.5040203e-01 6.6903097e-01 1.3029687e+00 1.9481683e+00 2.2756084e+00 2.3236780e+00 2.1831057e+00 2.0331789e+00 1.9376558e+00 1.8359533e+00 1.6955675e+00 1.5555583e+00 1.4324863e+00 1.2759572e+00 1.0322893e+00 8.0892050e-01 6.4681535e-01 5.9715403e-01 5.9432908e-01 7.2298023e-01
5.2418113e+00 5.0137843e+00 4.3653299e+00 3.4913940e+00 7.6593100e-01 2.4894254e+00 6.0576511e+00 6.5145998e+00 6.4538347e+00 6.3904543e+00 6.5954425e+00 6.7592207e+00 7.1864966e+00 7.4446303e+00 7.6042618e+00 7.6094354e+00 7.3755189e+00 4.9040105e+00 5.1805206e-01 7.7864660e-02 1.6472406e-01 1.5479759e-01 5.0419036e-01 5.9379103e-01 6.5082809e-01 5.8554856e-01 9.5506342e-01 7.9878415e-01 7.0902226e-01 6.2280068e-01 4.6428931e-01 5.4137564e-01 1.1371912e+00 1.9079925e+00 2.3469119e+00 2.5045362e+00 2.4079877e+00 2.2294837e+00 2.0791242e+00 1.9881148e+00 1.8224830e+00 1.6455774e+00 1.4619227e+00 1.2934766e+00 1.0407550e+00 9.0672081e-01 8.5572860e-01 8.5759577e-01 9.7128384e-01 1.0810395e+00
5.5560240e+00 5.3454642e+00 3.0188632e+00 8.3569790e-01 3.9593126e+00 6.3322581e+00 6.4671073e+00 6.3859838e+00 6.3145642e+00 6.1961116e+00 6.1025288e+00 6.5324190e+00 7.1788096e+00 7.3290987e+00 7.5886237e+00 6.8972245e+00 3.2046052e+00 4.9152212e-02 5.7938226e-02 4.6454327e-02 1.6062229e-01 5.2363800e-01 6.0891680e-01 6.3920083e-01 7.1063748e-01 6.2718249e-01 4.1315770e-01 3.2549088e-01 1.0759716e+00 9.6709037e-01 8.8473206e-01 7.5549972e-01 1.1693757e+00 1.8365459e+00 2.2662221e+00 2.4631590e+00 2.5203018e+00 2.4297193e+00 2.3120101e+00 2.1955596e+00 2.0175198e+00 1.7912753e+00 1.5717410e+00 1.3384994e+00 1.1698871e+00 1.0459151e+00 1.0803211e+00 1.1581468e+00 1.2324526e+00 1.3009361e+00
6.0649165e+00 4.5203637e+00 9.3288296e-01 1.7397309e+00 5.8936711e+00 6.6093451e+00 6.2373631e+00 6.1917695e+00 6.1557389e+00 6.2271300e+00 6.7815714e+00 6.7394981e+00 6.5806733e+00 6.8674442e+00 5.5991266e+00 2.2704850e+00 1.9527851e-02 1.5704329e-01 2.7241294e-01 3.8750069e-01 8.5263352e-01 6.5019288e-01 8.8043227e-01 7.5217308e-01 7.1818914e-01 6.6254390e-01 2.5702473e-01 4.8114517e-01 3.4662884e-01 1.0990931e+00 1.1527529e+00 1.1470780e+00 1.3118952e+00 1.7174620e+00 2.0684463e+00 2.2929019e+00 2.4129129e+00 2.4506527e+00 2.4461694e+00 2.3828698e+00 2.2350222e+00 1.9832246e+00 1.6951307e+00 1.4845070e+00 1.3234166e+00 1.2601010e+00 1.3009720e+00 1.3407963e+00 1.4040333e+00 1.4459256e+00
6.5834487e+00 6.1919237e+00 5.3410896e+00 2.4300268e+00 1.4075344e+00 5.0767342e+00 6.0668179e+00 5.9439291e+00 6.4490678e+00 6.7852871e+00 6.7910420e+00 6.6429826e+00 6.1675942e+00 4.7925233e+00 8.1109466e-01 4.3416954e-03 3.1470189e-02 3.2635290e-02 1.0560841e+00 1.4183187e+00 1.0623444e+00 4.7157883e-01 8.7187327e-01 8.1388492e-01 6.1067588e-01 4.2285759e-01 5.0390929e-01 3.5582054e-01 5.6254651e-01 9.2930395e-01 1.1861443e+00 1.1600196e+00 1.2189647e+00 1.4838837e+00 1.9013598e+00 2.1207469e+00 2.1545507e+00 2.1224542e+00 2.0819073e+00 2.1216527e+00 2.1458643e+00 2.0443235e+00 1.8536098e+00 1.5910967e+00 1.4223231e+00 1.3870351e+00 1.4157303e+00 1.4468796e+00 1.4790579e+00 1.4975986e+00
6.8173711e+00 6.7357187e+00 6.6032010e+00 6.6718388e+00 4.7315215e+00 1.1231506e+00 3.8359159e+00 6.1785908e+00 6.5955269e+00 6.4829916e+00 6.7279016e+00 6.4410369e+00 3.6282925e+00 6.3166165e-04 2.9721718e-03 1.2647988e-02 1.1842061e-02 6.5939552e-01 1.3196817e+00 1.5436842e+00 1.5580745e+00 1.0509482e+00 7.2930115e-01 6.0202251e-01 2.5678053e-01 3.5044106e-01 3.1521213e-01 3.6184363e-01 3.6516815e-01 8.0872899e-01 5.1278105e-01 9.3679933e-01 1.1567604e+00 1.2457888e+00 1.7594048e+00 1.9435094e+00 1.7568594e+00 1.4607855e+00 1.3191453e+00 1.3968794e+00 1.5445777e+00 1.6718883e+00 1.7771484e+00 1.7519968e+00 1.5417361e+00 1.3706146e+00 1.4108294e+00 1.4517453e+00 1.4852301e+00 1.5007637e+00
6.8967005e+00 6.9639038e+00 7.0670594e+00 6.8247001e+00 6.1902445e+00 6.2908271e+00 2.2182271e+00 2.2919729e+00 5.8863295e+00 6.5780589e+00 6.9739079e+00 5.6045331e+00 7.9765843e-01 7.0565285e-04 2.0425469e-02 9.7002622e-02 8.4892608e-01 1.1788977e+00 1.2458954e+00 1.2789987e+00 7.4538538e-01 7.8828348e-01 5.8690927e-01 2.7716818e-01 7.9061928e-02 2.8504990e-02 2.6702959e-01 9.0030405e-02 9.2387612e-04 1.4143990e-01 3.7151033e-01 5.4664920e-01 8.3766566e-01 1.0651497e+00 1.4082519e+00 1.5817867e+00 1.2112776e+00 8.0807977e-01 6.3204043e-01 6.3756857e-01 7.8299048e-01 9.8766314e-01 1.2920179e+00 1.5303876e+00 1.4650930e+00 1.1284858e+00 1.1425090e+00 1.3583752e+00 1.4556391e+00 1.5148229e+00
7.1454046e+00 7.2032345e+00 7.4452325e+00 7.2574255e+00 6.5639370e+00 6.5804174e+00 5.9356673e+00 2.5825208e+00 1.4022041e+00 4.6449786e+00 5.7326575e+00 6.9858487e+00 4.3109924e+00 9.5598894e-01 1.1311216e-01 5.3421573e-01 1.2379404e+00 1.2281091e+00 1.3349684e+00 1.6829183e+00 8.5219949e-04 0.0000000e+00 9.1163477e-04 1.8476620e-01 3.8103304e-02 1.3196151e-02 4.8179630e-02 9.8820333e-03 9.9600257e-04 1.1186654e-01 2.6876882e-01 3.5626844e-02 2.9073816e-03 4.6551889e-01 8.1197900e-01 1.0979869e+00 9.2197973e-01 6.3324924e-01 4.0971704e-01 2.6496302e-01 3.0669581e-01 5.1829503e-01 7.4859013e-01 9.8166994e-01 1.0628415e+00 8.6259073e-01 7.2166916e-01 8.4470080e-01 1.0824130e+00 1.3713298e+00
7.4412691e+00 7.4472854e+00 7.6430790e+00 7.7298573e+00 7.4793381e+00 7.1944251e+00 7.1885835e+00 6.6759459e+00 4.3600125e+00 1.0837763e+00 5.1689285e+00 6.5531868e+00 5.6841681e+00 2.6372558e+00 2.4669693e-01 6.9559575e-01 9.8053696e-01 9.9190694e-01 1.2447299e+00 1.1617506e+00 9.3253477e-04 0.0000000e+00 4.1220407e-01 4.0361653e-01 1.0104403e-01 9.3069524e-03 2.3098853e-02 2.7516403e-02 1.4166894e-02 1.8117144e-01 1.4045087e-01 1.1907712e-01 6.3446898e-02 7.9299738e-03 2.2157608e-01 8.2860344e-01 7.7800174e-01 7.7181291e-01 5.7384301e-01 1.8989681e-01 2.1626640e-01 3.8467992e-01 4.6726718e-01 4.8861311e-01 5.7698600e-01 6.2780429e-01 5.7510229e-01 5.7402175e-01 7.5131821e-01 9.9903850e-01
7.5923669e+00 7.4782517e+00 7.6325631e+00 7.8077272e+00 7.5188886e+00 7.3648896e+00 6.9731790e+00 5.1985052e+00 4.4624669e+00 4.3512788e+00 7.1719170e+00 7.7451074e+00 4.2296318e+00 2.3052365e-02 1.7667808e-01 3.5215266e-01 6.8572908e-01 6.5419410e-01 5.0192807e-01 6.2952569e-01 6.9108160e-01 1.6051537e-01 6.1100305e-02 1.5662382e-01 2.2487249e-01 9.6358346e-02 1.2287317e-02 9.9525400e-04 9.7605751e-04 2.0225536e-01 2.1477380e-01 1.8723374e-01 1.6886801e-01 8.1091887e-02 4.6780838e-01 7.3633390e-01 9.5199625e-01 5.9459940e-01 5.0966454e-01 3.2009298e-01 5.4518131e-01 5.0373529e-01 4.1233686e-01 2.6100164e-01 2.1353339e-01 2.9830244e-01 5.8031693e-01 7.6521342e-01 9.0922368e-01 1.0105230e+00
7.5511321e+00 7.0207909e+00 6.5972655e+00 7.1183694e+00 6.6818910e+00 5.5247751e+00 4.6176453e+00 3.9779768e+00 4.3004128e+00 5.0397782e+00 7.0747617e+00 6.2027878e+00 3.9900999e-01 5.6830674e-03 7.4152039e-02 8.6046040e-02 5.0764907e-01 3.7651896e-01 1.4412148e-01 3.0815525e-01 4.9881526e-01 7.3914481e-02 2.0170651e-01 1.5060809e-01 2.1016873e-01 2.5461366e-01 1.9616222e-01 3.2611374e-03 1.0536161e-02 5.7900330e-02 1.4963189e-01 7.7061407e-02 9.7058610e-04 1.5510079e-01 3.1327642e-01 8.3923244e-02 6.9358353e-01 8.7020377e-02 2.7409284e-01 3.2215477e-01 5.2084124e-01 7.1398787e-01 3.5079089e-01 2.2787759e-01 1.3417902e-01 1.0431936e-03 1.7274667e-01 1.1674270e+00 1.1503319e+00 1.2515878e+00
