ahotovec/data/depth_0053.asc
ncols     164
nrows     146
xllcorner -1.242151388888889e+02
yllcorner  4.172986111111111e+01
cellsize  2.777777777820000e-04
nodata_value       -9999
[rows 66 to 87 of 146, columns 0 to 49 of 164]
1.3237569e-01 9.8380438e-04 9.7917121e-04 9.9800767e-04 8.9694585e-04 0.0000000e+00 0.0000000e+00 0.0000000e+00 0.0000000e+00 0.0000000e+00 0.0000000e+00 0.0000000e+00 0.0000000e+00 0.0000000e+00 0.0000000e+00 0.0000000e+00 0.0000000e+00 0.0000000e+00 0.0000000e+00 0.0000000e+00 0.0000000e+00 0.0000000e+00 0.0000000e+00 0.0000000e+00 0.0000000e+00 0.0000000e+00 0.0000000e+00 0.0000000e+00 0.0000000e+00 0.0000000e+00 0.0000000e+00 0.0000000e+00 0.0000000e+00 0.0000000e+00 0.0000000e+00 0.0000000e+00 0.0000000e+00 0.0000000e+00 0.0000000e+00 0.0000000e+00 0.0000000e+00 0.0000000e+00 0.0000000e+00 0.0000000e+00 0.0000000e+00 0.0000000e+00 0.0000000e+00 0.0000000e+00 0.0000000e+00 0.0000000e+00
9.7899020e-04 9.9001803e-04 7.6544247e-02 1.9930163e-02 8.4281328e-04 8.9680224e-04 7.8601789e-04 0.0000000e+00 0.0000000e+00 0.0000000e+00 0.0000000e+00 0.0000000e+00 0.0000000e+00 0.0000000e+00 0.0000000e+00 0.0000000e+00 0.0000000e+00 0.0000000e+00 0.0000000e+00 0.0000000e+00 0.0000000e+00 0.0000000e+00 0.0000000e+00 0.0000000e+00 0.0000000e+00 0.0000000e+00 0.0000000e+00 0.0000000e+00 0.0000000e+00 0.0000000e+00 0.0000000e+00 0.0000000e+00 0.0000000e+00 0.0000000e+00 0.0000000e+00 0.0000000e+00 0.0000000e+00 0.0000000e+00 0.0000000e+00 0.0000000e+00 0.0000000e+00 0.0000000e+00 0.0000000e+00 0.0000000e+00 0.0000000e+00 0.0000000e+00 0.0000000e+00 0.0000000e+00 0.0000000e+00 0.0000000e+00
9.9666055e-04 9.8585122e-04 1.1049073e+00 1.8319480e+00 2.0890308e+00 1.7760807e+00 9.8043005e-01 9.6850984e-04 8.4144253e-04 0.0000000e+00 0.0000000e+00 0.0000000e+00 0.0000000e+00 0.0000000e+00 0.0000000e+00 0.0000000e+00 0.0000000e+00 0.0000000e+00 0.0000000e+00 0.0000000e+00 0.0000000e+00 0.0000000e+00 0.0000000e+00 0.0000000e+00 0.0000000e+00 0.0000000e+00 0.0000000e+00 0.0000000e+00 0.0000000e+00 0.0000000e+00 0.0000000e+00 0.0000000e+00 0.0000000e+00 0.0000000e+00 0.0000000e+00 0.0000000e+00 0.0000000e+00 0.0000000e+00 0.0000000e+00 0.0000000e+00 0.0000000e+00 0.0000000e+00 0.0000000e+00 0.0000000e+00 0.0000000e+00 0.0000000e+00 0.0000000e+00 0.0000000e+00 0.0000000e+00 0.0000000e+00
9.5119142e-04 1.3787880e+00 3.4058775e+00 3.6740025e+00 3.7158904e+00 3.7592120e+00 3.2561018e+00 2.3116119e+00 1.4728507e+00 1.1435862e+00 7.2537456e-04 7.5009878e-04 0.0000000e+00 0.0000000e+00 0.0000000e+00 0.0000000e+00 0.0000000e+00 0.0000000e+00 0.0000000e+00 0.0000000e+00 0.0000000e+00 0.0000000e+00 0.0000000e+00 0.0000000e+00 0.0000000e+00 0.0000000e+00 0.0000000e+00 0.0000000e+00 0.0000000e+00 0.0000000e+00 0.0000000e+00 0.0000000e+00 0.0000000e+00 0.0000000e+00 0.0000000e+00 0.0000000e+00 0.0000000e+00 0.0000000e+00 0.0000000e+00 0.0000000e+00 0.0000000e+00 0.0000000e+00 0.0000000e+00 0.0000000e+00 0.0000000e+00 0.0000000e+00 0.0000000e+00 0.0000000e+00 0.0000000e+00 0.0000000e+00
8.9651717e-01 3.6319097e+00 3.7972057e+00 3.9288636e+00 3.9819061e+00 3.9032407e+00 3.4771677e+00 3.0911525e+00 3.7957083e+00 3.2324813e+00 1.4674953e+00 8.3310293e-04 0.0000000e+00 0.0000000e+00 0.0000000e+00 0.0000000e+00 0.0000000e+00 0.0000000e+00 0.0000000e+00 0.0000000e+00 0.0000000e+00 0.0000000e+00 0.0000000e+00 0.0000000e+00 0.0000000e+00 0.0000000e+00 0.0000000e+00 0.0000000e+00 0.0000000e+00 0.0000000e+00 0.0000000e+00 0.0000000e+00 0.0000000e+00 0.0000000e+00 0.0000000e+00 0.0000000e+00 0.0000000e+00 0.0000000e+00 0.0000000e+00 0.0000000e+00 0.0000000e+00 0.0000000e+00 0.0000000e+00 0.0000000e+00 0.0000000e+00 0.0000000e+00 0.0000000e+00 0.0000000e+00 0.0000000e+00 0.0000000e+00
3.5142305e+00 1.6973487e+00 2.8349825e+00 3.8331266e+00 4.0077191e+00 2.6749758e+00 3.1016471e+00 3.2446478e+00 4.0560397e+00 3.3851257e+00 1.0454412e+00 5.8395253e-04 0.0000000e+00 0.0000000e+00 0.0000000e+00 0.0000000e+00 0.0000000e+00 0.0000000e+00 0.0000000e+00 0.0000000e+00 0.0000000e+00 0.0000000e+00 0.0000000e+00 0.0000000e+00 0.0000000e+00 0.0000000e+00 0.0000000e+00 0.0000000e+00 0.0000000e+00 0.0000000e+00 0.0000000e+00 0.0000000e+00 0.0000000e+00 0.0000000e+00 0.0000000e+00 0.0000000e+00 0.0000000e+00 0.0000000e+00 0.0000000e+00 0.0000000e+00 0.0000000e+00 0.0000000e+00 0.0000000e+00 0.0000000e+00 0.0000000e+00 0.0000000e+00 0.0000000e+00 0.0000000e+00 0.0000000e+00 0.0000000e+00
3.6862891e+00 2.3999977e+00 3.1909984e+00 3.0049458e+00 4.0538417e+00 4.1578608e+00 4.0696662e+00 4.0548175e+00 4.0600771e+00 3.1204246e+00 3.4476430e-01 8.7839071e-04 0.0000000e+00 0.0000000e+00 0.0000000e+00 0.0000000e+00 0.0000000e+00 0.0000000e+00 0.0000000e+00 0.0000000e+00 0.0000000e+00 0.0000000e+00 0.0000000e+00 0.0000000e+00 0.0000000e+00 0.0000000e+00 0.0000000e+00 0.0000000e+00 0.0000000e+00 0.0000000e+00 0.0000000e+00 0.0000000e+00 0.0000000e+00 0.0000000e+00 0.0000000e+00 0.0000000e+00 0.0000000e+00 0.0000000e+00 0.0000000e+00 0.0000000e+00 0.0000000e+00 0.0000000e+00 0.0000000e+00 0.0000000e+00 0.0000000e+00 9.9969551e-04 0.0000000e+00 0.0000000e+00 9.9632269e-04 9.9975429e-04
3.9711012e+00 3.7296877e+00 3.8787722e+00 3.7884358e+00 4.0836951e+00 4.1505163e+00 4.1751564e+00 4.2033468e+00 3.9682713e+00 2.4090341e+00 1.5676198e+00 1.0216144e+00 8.7382239e-01 1.2061910e+00 1.4327488e+00 1.3772769e+00 8.5779493e-01 3.1850718e-01 8.5397743e-04 9.2954551e-04 9.5040976e-04 9.8524701e-04 0.0000000e+00 0.0000000e+00 0.0000000e+00 0.0000000e+00 0.0000000e+00 0.0000000e+00 0.0000000e+00 0.0000000e+00 0.0000000e+00 0.0000000e+00 0.0000000e+00 0.0000000e+00 0.0000000e+00 0.0000000e+00 0.0000000e+00 0.0000000e+00 0.0000000e+00 0.0000000e+00 0.0000000e+00 0.0000000e+00 0.0000000e+00 0.0000000e+00 9.9979242e-04 9.9688757e-04 9.9848744e-04 9.8613259e-04 9.9756050e-04 9.9947222e-04
4.7986130e+00 4.0489996e+00 3.9024866e+00 3.9408144e+00 4.0992846e+00 4.2895482e+00 4.3931567e+00 4.4339842e+00 4.3164395e+00 3.9990424e+00 3.7140974e+00 3.5764074e+00 3.4964425e+00 3.5808078e+00 3.7597818e+00 3.5847125e+00 3.5639710e+00 3.5014137e+00 3.1846089e+00 2.7718327e+00 2.3623477e+00 1.2041532e+00 3.1719066e-01 9.0270135e-04 9.5463979e-04 9.0063514e-04 0.0000000e+00 0.0000000e+00 0.0000000e+00 0.0000000e+00 0.0000000e+00 0.0000000e+00 0.0000000e+00 0.0000000e+00 0.0000000e+00 0.0000000e+00 0.0000000e+00 0.0000000e+00 0.0000000e+00 0.0000000e+00 0.0000000e+00 0.0000000e+00 0.0000000e+00 9.9482613e-04 9.9870596e-04 9.9754497e-04 8.2755314e-03 9.9657976e-04 9.9319418e-04 9.9898683e-04
5.8251452e+00 4.5401755e+00 3.7769128e+00 3.9253971e+00 4.2271253e+00 4.5727720e+00 4.7883489e+00 4.8420374e+00 4.7876076e+00 4.6549158e+00 4.4651369e+00 4.3510754e+00 4.2470391e+00 4.1785384e+00 3.7793335e+00 2.8844638e+00 3.6712148e+00 3.8459782e+00 3.7716694e+00 3.6202167e+00 3.6421847e+00 3.2421365e+00 3.1028743e+00 2.3916329e+00 3.0204050e+00 9.3539012e-01 9.9565774e-04 0.0000000e+00 0.0000000e+00 0.0000000e+00 0.0000000e+00 0.0000000e+00 0.0000000e+00 0.0000000e+00 0.0000000e+00 0.0000000e+00 0.0000000e+00 0.0000000e+00 0.0000000e+00 0.0000000e+00 0.0000000e+00 0.0000000e+00 3.7113552e-06 9.9419864e-04 9.9747937e-04 9.8366817e-04 7.1629200e-04 9.9997198e-04 9.8924549e-04 9.6259031e-04
6.9871666e+00 5.0490690e+00 3.7033299e+00 3.1694993e+00 3.8742665e+00 5.2113296e+00 5.4239228e+00 5.4644566e+00 5.3651981e+00 5.1451067e+00 4.8493847e+00 4.5619125e+00 4.3174995e+00 4.1233793e+00 3.3149994e+00 2.7250201e+00 3.1731774e+00 3.6735969e+00 3.1973015e+00 3.2540527e+00 3.3311152e+00 2.9112380e+00 3.4237307e+00 3.3525539e+00 3.4434712e+00 3.3916734e+00 2.0748303e+00 8.2701752e-04 9.5092692e-04 0.0000000e+00 0.0000000e+00 0.0000000e+00 0.0000000e+00 0.0000000e+00 0.0000000e+00 0.0000000e+00 0.0000000e+00 0.0000000e+00 0.0000000e+00 0.0000000e+00 0.0000000e+00 0.0000000e+00 9.7540778e-04 9.9240860e-04 9.7476642e-04 8.4804774e-04 9.8666792e-04 9.9343541e-04 1.7401230e-02 9.8646664e-04
9.1348890e+00 6.5168897e+00 4.1850473e+00 3.5291203e+00 5.1001573e+00 6.1720619e+00 6.2841360e+00 6.2689762e+00 6.0945985e+00 5.7740111e+00 5.3762513e+00 4.9248460e+00 4.5180907e+00 4.2308370e+00 3.8177583e+00 3.2521635e+00 3.7881701e+00 3.9048964e+00 3.6383335e+00 3.4451954e+00 3.6823558e+00 3.4004578e+00 3.4527592e+00 3.3768475e+00 3.4569532e+00 3.6547351e+00 2.4453066e+00 2.8673547e+00 1.2316261e+00 8.6951792e-04 8.3663426e-04 0.0000000e+00 0.0000000e+00 0.0000000e+00 0.0000000e+00 0.0000000e+00 0.0000000e+00 0.0000000e+00 0.0000000e+00 9.9876021e-04 9.9952697e-04 0.0000000e+00 9.8455479e-04 9.6162352e-04 2.8862990e-01 2.7118043e-01 2.2981365e-01 1.5872729e-01 3.3941016e-01 2.7952403e-01
1.1003277e+01 9.1521017e+00 8.2596980e+00 6.6940326e+00 7.3363690e+00 7.2217884e+00 7.1721221e+00 7.0414481e+00 6.7493958e+00 6.3474395e+00 5.8162885e+00 5.2180557e+00 4.6572200e+00 4.2850953e+00 3.8956769e+00 3.1189110e+00 3.8495685e+00 3.8887147e+00 4.2220774e+00 3.9983051e+00 3.4351502e+00 3.4851415e+00 2.8718529e+00 3.3015205e+00 2.9911001e+00 2.6087752e+00 3.2092121e+00 3.4033741e+00 3.5701219e+00 2.1335209e+00 6.8104154e-04 8.1798794e-04 0.0000000e+00 0.0000000e+00 0.0000000e+00 0.0000000e+00 9.9959158e-04 9.9884596e-04 9.9882070e-04 9.9586693e-04 9.9996703e-04 9.8721785e-04 9.8211491e-04 9.8165058e-04 4.1447398e-01 5.3954209e-01 4.0320107e-01 3.0786393e-01 4.7456520e-01 4.6172235e-01
1.1552726e+01 1.0871426e+01 1.0809432e+01 9.2814311e+00 9.5641503e+00 8.6672133e+00 8.3082587e+00 8.0303673e+00 7.6559172e+00 7.1333597e+00 6.3803676e+00 5.5466916e+00 4.7935131e+00 4.1433731e+00 3.6837576e+00 3.5469282e+00 3.6409486e+00 3.7491620e+00 4.2779425e+00 3.6465933e+00 2.8874012e+00 3.5965483e+00 3.6246611e+00 3.6606693e+00 3.3682416e+00 3.5030779e+00 3.3665157e+00 3.2550460e+00 3.3052290e+00 3.7765756e+00 2.7870159e+00 9.9426422e-01 8.1763206e-04 9.4286185e-04 8.8507855e-04 9.9044681e-04 9.7103878e-04 9.9921124e-04 9.9876747e-04 9.9614498e-04 9.9603983e-04 9.9413583e-04 2.4865357e-03 9.5063447e-02 2.1397888e-01 2.6575063e-01 5.3010269e-01 4.0365445e-01 6.8570721e-01 9.3611506e-01
1.2245799e+01 1.2005830e+01 1.1704946e+01 1.1135746e+01 1.0660762e+01 1.0015299e+01 9.6156231e+00 9.2211839e+00 8.9514065e+00 8.3969011e+00 7.2060587e+00 5.9159139e+00 5.0315002e+00 4.3290098e+00 3.7648596e+00 3.6127014e+00 3.4855212e+00 3.5768631e+00 1.4661274e+00 2.2519726e+00 3.7243412e+00 3.5880048e+00 3.8008166e+00 3.6574895e+00 2.6236053e+00 3.3098206e+00 3.5830253e+00 3.2866424e+00 3.3402684e+00 2.3391221e+00 3.7202791e+00 3.7385524e+00 2.9883615e+00 9.1162036e-01 9.2824110e-04 9.5303444e-04 9.5064136e-04 9.8569964e-04 9.7633673e-04 9.9554779e-04 9.9284974e-04 5.8715824e-02 4.9923932e-03 9.6186256e-04 9.8423250e-04 9.9312141e-04 9.4709900e-04 1.6254007e-01 5.2649435e-01 4.2118330e-01
1.2222096e+01 1.2117063e+01 1.1913656e+01 1.1498438e+01 1.1047872e+01 1.0508893e+01 1.0098072e+01 9.9570162e+00 9.8625680e+00 9.3889448e+00 7.9622990e+00 6.1390064e+00 5.3696273e+00 4.8071586e+00 3.8559480e+00 2.8722111e+00 3.6823915e+00 3.6311062e+00 3.7503220e+00 3.7725505e+00 3.9830744e+00 3.8008012e+00 3.9955626e+00 3.5765026e+00 0.0000000e+00 2.3977351e+00 3.6493567e+00 3.3797108e+00 3.4159174e+00 3.5670390e+00 3.6954271e+00 3.8695380e+00 3.8978771e+00 3.5648117e+00 3.4029532e+00 2.7469936e+00 1.8044531e+00 2.4318970e-01 9.7948124e-04 4.0578579e-04 9.9402977e-04 9.9375183e-04 3.2005136e-03 9.9746780e-04 9.8989610e-04 9.8123988e-04 9.4210249e-04 8.7964982e-04 2.2045376e-02 1.1695690e-01
1.2059349e+01 1.1900074e+01 1.1769320e+01 1.1499103e+01 1.1182087e+01 1.0808191e+01 1.0512526e+01 1.0327503e+01 1.0138989e+01 9.6584228e+00 8.4494960e+00 6.4302981e+00 6.2959253e+00 6.0831574e+00 4.4849515e+00 4.0206908e+00 4.4793955e+00 4.6153004e+00 4.7936139e+00 4.5963995e+00 4.3218777e+00 4.0801233e+00 3.9361905e+00 3.8245642e+00 1.5890756e+00 3.1701191e+00 2.9447499e+00 3.6697365e+00 3.6826690e+00 3.5058158e+00 2.9985637e+00 3.7408267e+00 3.8212119e+00 3.8517989e+00 3.8809345e+00 3.8787804e+00 3.4687144e+00 3.0176345e+00 3.0955225e+00 1.1168742e+00 8.7907569e-04 9.7708189e-04 9.9759112e-04 9.9950060e-04 9.9814541e-04 9.9857304e-04 9.9817081e-04 9.6829180e-04 9.8314220e-04 9.9964982e-04
1.1964664e+01 1.1627923e+01 1.1566102e+01 1.1487307e+01 1.1263614e+01 1.1003748e+01 1.0731562e+01 1.0546699e+01 1.0292685e+01 9.8212694e+00 8.8712406e+00 7.9321374e+00 8.3538975e+00 8.9358856e+00 7.4185652e+00 6.4284965e+00 6.3188204e+00 6.1759593e+00 5.8338574e+00 5.4658394e+00 4.9592371e+00 4.3702346e+00 3.8451886e+00 3.4747732e+00 3.4461816e+00 3.6858953e+00 2.9538811e+00 3.7427975e+00 3.6598575e+00 2.8599335e+00 3.4363426e+00 3.7736194e+00 3.7320326e+00 3.6485702e+00 3.5548073e+00 3.4340105e+00 3.3004630e+00 3.4872924e+00 3.6274223e+00 2.8351326e+00 2.7595667e+00 5.6491334e-01 8.6193336e-04 9.9836578e-04 9.9774880e-04 9.9925733e-04 9.9879861e-04 9.9866229e-04 9.9866510e-04 9.9620669e-04
1.1955393e+01 1.1439401e+01 1.1591509e+01 1.1537202e+01 1.1302616e+01 1.1112594e+01 1.0901861e+01 1.0712939e+01 1.0453399e+01 1.0077302e+01 9.5574759e+00 9.1958307e+00 9.4178215e+00 9.4973292e+00 8.6142720e+00 8.2210055e+00 8.1510528e+00 7.7184614e+00 7.1495251e+00 6.3940324e+00 5.6267039e+00 4.8645860e+00 4.1700396e+00 3.7285065e+00 3.5580663e+00 3.7915984e+00 3.0571254e+00 3.1531559e+00 3.3424786e+00 3.2727314e+00 3.5797629e+00 3.6164935e+00 3.6048233e+00 3.5220624e+00 3.4286470e+00 3.3006056e+00 3.2452152e+00 3.3793172e+00 3.6163811e+00 3.3498419e+00 2.7893690e+00 2.3941471e+00 8.8875841e-01 8.1416309e-04 0.0000000e+00 0.0000000e+00 9.9749328e-04 9.9946624e-04 9.9946535e-04 9.9999585e-04
1.2011254e+01 1.1570741e+01 1.1418255e+01 1.1399758e+01 1.1458403e+01 1.1200312e+01 1.1064303e+01 1.0859742e+01 1.0613697e+01 1.0331315e+01 1.0016800e+01 9.8129540e+00 9.7897880e+00 9.6383922e+00 9.1484617e+00 8.9478832e+00 8.9531307e+00 8.6064520e+00 8.1762068e+00 7.3615509e+00 6.4053551e+00 5.3507071e+00 4.6179377e+00 4.0573929e+00 2.9800083e+00 3.4586546e+00 3.3752152e+00 3.0314230e+00 2.5179907e+00 3.1874718e+00 3.4477823e+00 3.5356022e+00 3.5699349e+00 3.4474852e+00 3.3505295e+00 3.3021804e+00 3.3010347e+00 3.4020258e+00 3.5960873e+00 3.5475596e+00 3.1157491e+00 3.5087034e+00 2.7396106e+00 9.7971073e-04 0.0000000e+00 0.0000000e+00 8.6781785e-04 9.7570967e-04 0.0000000e+00 0.0000000e+00
1.2394932e+01 1.0827856e+01 1.1358714e+01 1.1024511e+01 1.1632613e+01 1.1249958e+01 1.1155406e+01 1.0975087e+01 1.0752042e+01 1.0510088e+01 1.0269275e+01 1.0088486e+01 9.9712211e+00 9.8124312e+00 9.5388690e+00 9.3380959e+00 9.2038650e+00 8.9167518e+00 8.4721597e+00 8.0935039e+00 7.1530573e+00 5.6767114e+00 4.8968067e+00 4.3092187e+00 3.5856523e+00 3.1346176e+00 3.2263569e+00 3.7075185e+00 3.2969961e+00 3.3413665e+00 3.4441632e+00 3.5500561e+00 3.6608677e+00 3.4270613e+00 3.3162345e+00 3.2909128e+00 3.3116258e+00 3.4019890e+00 3.5030052e+00 3.5912597e+00 3.5423906e+00 3.7276534e+00 2.6581723e+00 8.3726097e-04 8.8458379e-04 9.6315078e-04 9.1800652e-04 9.6592503e-04 9.9061204e-04 0.0000000e+00
1.3127051e+01 1.2438953e+01 1.1950643e+01 1.1491114e+01 1.1458211e+01 1.1472212e+01 1.1303705e+01 1.1203138e+01 1.1025910e+01 1.0804662e+01 1.0576418e+01 1.0374004e+01 1.0187469e+01 9.9616119e+00 9.7067102e+00 9.4759792e+00 9.2568902e+00 8.9472350e+00 8.4737230e+00 7.8069990e+00 6.8081795e+00 5.8687844e+00 5.1080319e+00 4.5906496e+00 4.0132126e+00 3.2789420e+00 3.7046283e+00 3.7804000e+00 3.7377011e+00 3.4904912e+00 3.5126453e+00 3.8907821e+00 2.2836041e+00 2.1668333e+00 3.2598045e+00 3.2301601e+00 3.2714469e+00 3.3313466e+00 3.3717110e+00 3.4065182e+00 3.4612470e+00 2.5473748e+00 2.9537837e-04 1.0906196e+00 2.4193037e+00 1.5577299e+00 3.1476425e-01 9.4762398e-04 8.6891114e-04 9.9040996e-04
