ahotovec/data/depth_0040.asc
ncols     164
nrows     146
xllcorner -1.242151388888889e+02
yllcorner  4.172986111111111e+01
cellsize  2.777777777820000e-04
nodata_value       -9999
[rows 44 to 65 of 146, columns 100 to 149 of 164]
4.3653305e-01 4.3930424e-01 4.8074486e-01 1.0118114e+00 1.3630430e+00 1.0314792e+00 8.2759298e-01 7.9877654e-01 5.2569798e-01 4.5431652e-01 4.5400585e-01 4.5447449e-01 4.5456367e-01 4.5558762e-01 4.5521501e-01 5.2173715e-01 9.4265549e-01 1.5861197e+00 1.4090849e+00 7.6848996e-01 4.8379620e-01 4.5209278e-01 3.6675584e-01 2.2936295e-01 9.1366588e-02 9.9556110e-04 9.9742021e-04 9.9978793e-04 9.9876607e-04 9.9624982e-04 9.8633309e-04 9.9997394e-04 9.5575894e-04 0.0000000e+00 0.0000000e+00 0.0000000e+00 0.0000000e+00 0.0000000e+00 0.0000000e+00 0.0000000e+00 0.0000000e+00 0.0000000e+00 0.0000000e+00 0.0000000e+00 0.0000000e+00 0.0000000e+00 0.0000000e+00 0.0000000e+00 0.0000000e+00 0.0000000e+00
4.2866997e-01 4.4715275e-01 8.9339953e-01 1.4262755e+00 8.5440950e-01 6.0952106e-01 6.2991196e-01 5.1753835e-01 4.4286881e-01 4.4216630e-01 4.4537302e-01 4.4702918e-01 4.4831573e-01 4.5161233e-01 4.6774123e-01 7.3667400e-01 1.3863215e+00 1.6059832e+00 9.4616664e-01 5.1904504e-01 4.5627608e-01 4.2862551e-01 2.8931464e-01 1.4809595e-01 1.7209427e-02 9.9756727e-04 9.9676211e-04 9.9878762e-04 9.9874694e-04 0.0000000e+00 0.0000000e+00 0.0000000e+00 0.0000000e+00 0.0000000e+00 0.0000000e+00 0.0000000e+00 0.0000000e+00 0.0000000e+00 0.0000000e+00 0.0000000e+00 0.0000000e+00 0.0000000e+00 0.0000000e+00 0.0000000e+00 0.0000000e+00 0.0000000e+00 0.0000000e+00 0.0000000e+00 0.0000000e+00 0.0000000e+00
4.3986973e-01 7.1611582e-01 1.3907640e+00 1.2913743e+00 6.1032928e-01 5.4115607e-01 4.9187554e-01 4.3756259e-01 4.3983658e-01 4.3819362e-01 4.3846341e-01 4.3886304e-01 4.4234561e-01 4.6721650e-01 6.3509492e-01 1.1150384e+00 1.6937989e+00 1.2217798e+00 6.2981187e-01 4.5593369e-01 4.5468140e-01 4.0412209e-01 2.6861138e-01 1.0941713e-01 9.8611410e-04 9.8884738e-04 9.9888861e-04 9.9779267e-04 9.9938701e-04 0.0000000e+00 0.0000000e+00 0.0000000e+00 0.0000000e+00 0.0000000e+00 0.0000000e+00 0.0000000e+00 0.0000000e+00 0.0000000e+00 0.0000000e+00 0.0000000e+00 0.0000000e+00 0.0000000e+00 0.0000000e+00 0.0000000e+00 0.0000000e+00 0.0000000e+00 0.0000000e+00 0.0000000e+00 0.0000000e+00 0.0000000e+00
8.7863524e-01 1.4272949e+00 1.4885991e+00 9.3015598e-01 5.5795003e-01 5.0177346e-01 4.3915077e-01 4.3323215e-01 4.3715940e-01 4.3511791e-01 4.3604195e-01 4.3673535e-01 5.0470485e-01 8.2090931e-01 1.2678869e+00 1.6311859e+00 1.4039037e+00 7.9955821e-01 4.8401330e-01 4.5063134e-01 4.5453580e-01 4.4517998e-01 3.5866739e-01 1.8435832e-01 9.8301266e-04 9.9665269e-04 9.9907048e-04 9.9711885e-04 9.9817111e-04 0.0000000e+00 0.0000000e+00 0.0000000e+00 0.0000000e+00 0.0000000e+00 0.0000000e+00 0.0000000e+00 0.0000000e+00 0.0000000e+00 0.0000000e+00 0.0000000e+00 0.0000000e+00 0.0000000e+00 0.0000000e+00 0.0000000e+00 0.0000000e+00 0.0000000e+00 0.0000000e+00 0.0000000e+00 0.0000000e+00 0.0000000e+00
1.3797486e+00 1.5048026e+00 1.0609397e+00 6.4795929e-01 5.6737281e-01 4.4469896e-01 4.2865815e-01 4.2963789e-01 4.2878941e-01 4.3206072e-01 4.3210811e-01 5.1166014e-01 8.3023851e-01 1.4023366e+00 1.6251067e+00 1.1463160e+00 7.7504519e-01 5.1717470e-01 4.4289430e-01 4.4310254e-01 4.4699890e-01 4.3341239e-01 3.8809165e-01 2.7031672e-01 4.9066500e-02 9.9894056e-04 9.9494046e-04 9.9757151e-04 9.9856510e-04 0.0000000e+00 0.0000000e+00 0.0000000e+00 0.0000000e+00 0.0000000e+00 0.0000000e+00 0.0000000e+00 0.0000000e+00 0.0000000e+00 0.0000000e+00 0.0000000e+00 0.0000000e+00 0.0000000e+00 0.0000000e+00 0.0000000e+00 0.0000000e+00 0.0000000e+00 0.0000000e+00 0.0000000e+00 0.0000000e+00 0.0000000e+00
1.2962244e+00 9.1919129e-01 6.0564637e-01 6.1749102e-01 5.6870209e-01 4.3526440e-01 4.2375719e-01 4.2566753e-01 4.2861308e-01 4.2664977e-01 4.8209007e-01 7.9179540e-01 1.4015901e+00 1.6122710e+00 1.0588250e+00 6.0196897e-01 4.5700089e-01 4.4536264e-01 4.4224279e-01 4.4315332e-01 4.3864534e-01 3.5464826e-01 2.2371678e-01 1.3742940e-01 9.9537776e-04 9.9679611e-04 9.9864054e-04 9.9559681e-04 0.0000000e+00 0.0000000e+00 0.0000000e+00 0.0000000e+00 0.0000000e+00 0.0000000e+00 0.0000000e+00 0.0000000e+00 0.0000000e+00 0.0000000e+00 0.0000000e+00 0.0000000e+00 0.0000000e+00 0.0000000e+00 0.0000000e+00 0.0000000e+00 0.0000000e+00 0.0000000e+00 0.0000000e+00 0.0000000e+00 0.0000000e+00 0.0000000e+00
5.5681137e-01 4.2555226e-01 4.8949987e-01 5.9259780e-01 6.1323674e-01 5.1327052e-01 4.2302875e-01 4.2086146e-01 4.2378538e-01 4.5750192e-01 7.3148663e-01 1.3177544e+00 1.6220102e+00 1.0733474e+00 5.9074041e-01 4.4254852e-01 4.3819013e-01 4.4339990e-01 4.4174974e-01 4.4237387e-01 4.4449214e-01 3.8077670e-01 2.2133841e-01 4.3923515e-02 1.0006312e-03 1.0523185e-03 1.0005078e-03 9.9836518e-04 2.2179379e-04 0.0000000e+00 0.0000000e+00 0.0000000e+00 0.0000000e+00 0.0000000e+00 0.0000000e+00 0.0000000e+00 0.0000000e+00 0.0000000e+00 0.0000000e+00 0.0000000e+00 0.0000000e+00 0.0000000e+00 0.0000000e+00 0.0000000e+00 0.0000000e+00 0.0000000e+00 0.0000000e+00 0.0000000e+00 0.0000000e+00 0.0000000e+00
4.1277001e-01 4.1226845e-01 4.2477312e-01 4.7402840e-01 5.1487049e-01 5.2331297e-01 4.3572452e-01 4.1573480e-01 4.3410851e-01 6.5424718e-01 1.1973397e+00 1.6608844e+00 1.1287115e+00 6.3051780e-01 4.4092947e-01 4.3217491e-01 4.3641721e-01 4.4109631e-01 4.4042761e-01 4.4069306e-01 4.3225037e-01 3.3125348e-01 1.9743432e-01 2.0393246e-02 1.2152578e-03 1.6769731e-03 9.9969962e-04 9.9865566e-04 9.9681786e-04 3.5961031e-04 0.0000000e+00 0.0000000e+00 0.0000000e+00 0.0000000e+00 0.0000000e+00 0.0000000e+00 0.0000000e+00 0.0000000e+00 0.0000000e+00 0.0000000e+00 0.0000000e+00 0.0000000e+00 0.0000000e+00 0.0000000e+00 0.0000000e+00 0.0000000e+00 0.0000000e+00 0.0000000e+00 0.0000000e+00 0.0000000e+00
3.9915040e-01 3.9959405e-01 4.0085918e-01 4.0851678e-01 4.1056451e-01 4.1623051e-01 4.0415047e-01 4.1009825e-01 5.6463368e-01 1.0944165e+00 1.6426506e+00 1.2341490e+00 6.6417892e-01 4.3318171e-01 4.2340503e-01 4.2873540e-01 4.3228043e-01 4.2875425e-01 4.0467264e-01 3.5705254e-01 2.8916248e-01 1.8214381e-01 4.8071841e-02 9.8972280e-04 2.8799495e-03 2.1784243e-03 1.3128352e-03 9.9990714e-04 9.9566705e-04 9.9896903e-04 4.3798407e-04 0.0000000e+00 0.0000000e+00 0.0000000e+00 0.0000000e+00 0.0000000e+00 0.0000000e+00 0.0000000e+00 0.0000000e+00 0.0000000e+00 0.0000000e+00 0.0000000e+00 0.0000000e+00 0.0000000e+00 0.0000000e+00 0.0000000e+00 0.0000000e+00 0.0000000e+00 0.0000000e+00 0.0000000e+00
3.8462689e-01 3.8606243e-01 3.8784498e-01 3.9340695e-01 3.9077657e-01 3.8866366e-01 3.9860478e-01 5.6411621e-01 9.8867917e-01 1.5956750e+00 1.3417917e+00 7.2775542e-01 4.3287245e-01 3.7456074e-01 3.5974531e-01 3.3741093e-01 3.0685899e-01 2.7557106e-01 2.0524554e-01 1.3972993e-01 5.7996879e-02 9.9544334e-04 1.3017813e-03 3.3964972e-03 3.2889036e-03 2.3409455e-03 1.4335572e-03 9.9972204e-04 9.9936859e-04 9.9933799e-04 9.9754849e-04 2.0593577e-05 3.6915611e-04 0.0000000e+00 0.0000000e+00 0.0000000e+00 0.0000000e+00 0.0000000e+00 0.0000000e+00 0.0000000e+00 0.0000000e+00 0.0000000e+00 0.0000000e+00 0.0000000e+00 0.0000000e+00 0.0000000e+00 0.0000000e+00 0.0000000e+00 0.0000000e+00 0.0000000e+00
3.6686643e-01 3.6976403e-01 3.7276171e-01 3.7539188e-01 3.7432176e-01 3.8453698e-01 5.8898127e-01 1.1099522e+00 1.5613880e+00 1.4246778e+00 8.2223411e-01 4.5246880e-01 3.1023995e-01 2.3515373e-01 1.7797514e-01 1.2442988e-01 7.2788807e-02 1.4960002e-02 9.8175432e-04 9.9654730e-04 9.9809918e-04 2.6294426e-03 3.6412532e-03 3.6324661e-03 3.1942397e-03 2.4263885e-03 1.5366834e-03 1.0002246e-03 9.9634992e-04 9.9605985e-04 9.9931214e-04 9.9927392e-04 9.9720736e-04 6.3052046e-04 2.5297531e-04 0.0000000e+00 0.0000000e+00 0.0000000e+00 0.0000000e+00 0.0000000e+00 0.0000000e+00 0.0000000e+00 0.0000000e+00 0.0000000e+00 0.0000000e+00 0.0000000e+00 0.0000000e+00 0.0000000e+00 0.0000000e+00 0.0000000e+00
3.4461936e-01 3.4983985e-01 3.5340704e-01 3.5838804e-01 3.8199350e-01 6.2058368e-01 1.1624091e+00 1.6640742e+00 1.5728499e+00 9.9831444e-01 5.0181361e-01 3.1703755e-01 2.1251856e-01 1.2712757e-01 3.5639763e-02 6.9701623e-03 1.0005590e-03 1.0183545e-03 2.0299485e-03 2.7866751e-03 3.0607468e-03 3.1414867e-03 3.3245261e-03 3.4188674e-03 3.1634056e-03 2.6227336e-03 1.8487756e-03 1.1152817e-03 1.0003447e-03 9.9901936e-04 9.9907078e-04 9.9734034e-04 9.9896841e-04 9.9772629e-04 9.9769818e-04 0.0000000e+00 0.0000000e+00 0.0000000e+00 0.0000000e+00 0.0000000e+00 0.0000000e+00 0.0000000e+00 0.0000000e+00 0.0000000e+00 0.0000000e+00 0.0000000e+00 0.0000000e+00 0.0000000e+00 0.0000000e+00 0.0000000e+00
3.2086504e-01 3.2646348e-01 3.3707171e-01 3.8597040e-01 6.5052465e-01 1.1716880e+00 1.6416754e+00 1.5469841e+00 1.0101293e+00 5.6588018e-01 3.8703203e-01 3.1641642e-01 2.3429461e-01 1.4864846e-01 4.6387640e-02 9.9964542e-04 1.0015316e-03 1.3984674e-03 2.1894820e-03 2.5421385e-03 3.0040161e-03 3.1460235e-03 2.9953356e-03 3.2735046e-03 3.1704336e-03 2.7811715e-03 2.3213683e-03 1.6573081e-03 1.0015075e-03 9.9974247e-04 9.9878197e-04 9.9848142e-04 9.9865896e-04 9.9924376e-04 9.9893915e-04 0.0000000e+00 0.0000000e+00 0.0000000e+00 0.0000000e+00 0.0000000e+00 0.0000000e+00 0.0000000e+00 0.0000000e+00 0.0000000e+00 0.0000000e+00 0.0000000e+00 0.0000000e+00 0.0000000e+00 0.0000000e+00 0.0000000e+00
6.4410448e-01 6.5183699e-01 7.0151307e-01 9.0501275e-01 1.3167532e+00 1.6489342e+00 1.4950782e+00 1.0388288e+00 6.6165579e-01 4.9475563e-01 4.2694216e-01 3.7210933e-01 3.1583324e-01 1.9928519e-01 8.6300267e-02 9.8290488e-04 2.5331959e-03 2.0477676e-03 1.0298676e-03 1.0891278e-03 1.8082500e-03 3.0886424e-03 3.5093709e-03 2.9570048e-03 2.9756748e-03 2.8635380e-03 2.6447080e-03 1.9824146e-03 1.0778060e-03 9.9961600e-04 9.9826264e-04 9.9929957e-04 9.9895086e-04 9.9874017e-04 9.9881575e-04 0.0000000e+00 0.0000000e+00 0.0000000e+00 0.0000000e+00 0.0000000e+00 0.0000000e+00 0.0000000e+00 0.0000000e+00 0.0000000e+00 0.0000000e+00 0.0000000e+00 0.0000000e+00 0.0000000e+00 0.0000000e+00 0.0000000e+00
1.5193474e+00 1.5308716e+00 1.5487183e+00 1.6172251e+00 1.6488823e+00 1.3906153e+00 9.9200763e-01 7.3268907e-01 6.3816909e-01 5.4817333e-01 4.6428866e-01 3.8624093e-01 3.4356842e-01 2.3324797e-01 1.1730535e-01 1.0094018e-03 3.2687371e-03 2.7426191e-03 1.6088163e-03 1.5342889e-03 1.5936311e-03 1.3380908e-03 2.1496672e-03 2.4630398e-03 2.4611558e-03 2.4933282e-03 2.1911084e-03 1.3780913e-03 9.9979748e-04 9.9854495e-04 9.9819140e-04 9.9930407e-04 9.9874644e-04 9.9798748e-04 9.9832948e-04 9.9954235e-04 0.0000000e+00 0.0000000e+00 0.0000000e+00 0.0000000e+00 0.0000000e+00 0.0000000e+00 0.0000000e+00 0.0000000e+00 0.0000000e+00 0.0000000e+00 0.0000000e+00 0.0000000e+00 0.0000000e+00 0.0000000e+00
1.2796661e+00 1.3117712e+00 1.3166509e+00 1.2853605e+00 1.1517803e+00 9.2545414e-01 7.3095001e-01 6.8664113e-01 6.0651613e-01 5.3810748e-01 4.6967941e-01 3.9244082e-01 3.5752793e-01 2.5828909e-01 1.4555673e-01 2.3227335e-02 1.0439566e-03 4.2003781e-03 5.7633598e-03 4.6779111e-03 3.5110540e-03 2.8187367e-03 2.4073254e-03 2.1739149e-03 1.8105907e-03 1.6141794e-03 1.0527810e-03 9.9956853e-04 9.9889357e-04 9.9904850e-04 9.9875355e-04 9.9892858e-04 9.9869560e-04 9.9885540e-04 9.9921032e-04 9.9945887e-04 9.9960406e-04 9.9923996e-04 0.0000000e+00 0.0000000e+00 0.0000000e+00 0.0000000e+00 0.0000000e+00 0.0000000e+00 0.0000000e+00 0.0000000e+00 0.0000000e+00 0.0000000e+00 0.0000000e+00 0.0000000e+00
6.5788119e-01 7.2889466e-01 7.7230270e-01 7.7953972e-01 7.6452904e-01 7.3367612e-01 6.7835962e-01 6.6365667e-01 5.9221559e-01 5.5481217e-01 4.7556048e-01 4.1851418e-01 3.6896015e-01 3.0286715e-01 1.8852139e-01 5.8172648e-02 2.2549333e-03 7.4602388e-03 4.7489059e-03 5.0089143e-03 4.7659863e-03 3.8430322e-03 2.8370853e-03 2.0203500e-03 1.5579505e-03 9.9928065e-04 9.9808397e-04 9.9889750e-04 9.9638173e-04 9.9632476e-04 9.9609489e-04 9.9823838e-04 9.9897322e-04 9.9989956e-04 9.9961584e-04 9.9862913e-04 9.9996865e-04 9.9986279e-04 9.9992806e-04 2.2313424e-04 0.0000000e+00 0.0000000e+00 0.0000000e+00 0.0000000e+00 0.0000000e+00 0.0000000e+00 0.0000000e+00 0.0000000e+00 0.0000000e+00 0.0000000e+00
5.3584718e-01 5.8239672e-01 5.7907261e-01 6.1997999e-01 6.4086189e-01 6.5731971e-01 6.5796839e-01 6.1512742e-01 5.7335702e-01 5.5226531e-01 4.7659149e-01 4.3375393e-01 3.7441120e-01 3.1092987e-01 1.9561801e-01 6.7893679e-02 1.2118493e-03 6.0649585e-03 4.2189984e-03 2.2159675e-03 1.0000285e-03 9.9895310e-04 1.0023839e-03 9.9918232e-04 9.9942488e-04 1.0009903e-03 1.2573063e-03 1.1127627e-03 9.9975603e-04 9.9941542e-04 9.9981661e-04 9.9779838e-04 9.9962799e-04 9.9938908e-04 9.9941156e-04 9.9952388e-04 9.9992678e-04 9.9948228e-04 9.9875047e-04 9.9903756e-04 9.9874011e-04 0.0000000e+00 0.0000000e+00 0.0000000e+00 0.0000000e+00 0.0000000e+00 0.0000000e+00 0.0000000e+00 0.0000000e+00 0.0000000e+00
3.9353900e-01 4.0096097e-01 4.3642377e-01 4.9676157e-01 5.2796188e-01 5.5997474e-01 5.7123045e-01 5.6459701e-01 5.6152203e-01 5.2249937e-01 4.6986302e-01 4.0366171e-01 3.7274229e-01 3.0778631e-01 1.8961841e-01 4.0694963e-02 1.3538349e-03 3.3017319e-03 1.6706596e-03 9.9905914e-04 9.9775047e-04 9.9404337e-04 9.9968706e-04 1.1175478e-03 1.7800539e-03 2.1611342e-03 2.4537343e-03 2.4004172e-03 1.9053675e-03 1.2736802e-03 9.9988539e-04 9.9919247e-04 9.9941582e-04 9.9833391e-04 9.9843733e-04 9.9918770e-04 9.9996939e-04 9.9957635e-04 9.9987114e-04 9.9893518e-04 9.9964180e-04 9.9882149e-04 0.0000000e+00 0.0000000e+00 0.0000000e+00 0.0000000e+00 0.0000000e+00 0.0000000e+00 0.0000000e+00 0.0000000e+00
3.2166003e-01 3.3213118e-01 3.4406340e-01 3.6646565e-01 4.0556732e-01 4.3750051e-01 4.5709015e-01 4.9018288e-01 4.9546095e-01 4.7483516e-01 4.5762677e-01 3.8963335e-01 3.6724755e-01 2.7552826e-01 1.5322525e-01 2.7866828e-02 2.3787904e-03 2.6903845e-03 1.3769668e-03 9.9368049e-04 9.9748694e-04 9.9756660e-04 1.7085089e-03 2.5355901e-03 2.8947272e-03 3.0029015e-03 3.0730781e-03 3.1168070e-03 2.9332055e-03 2.4184619e-03 1.5264974e-03 9.9965141e-04 9.9943300e-04 9.9935368e-04 9.9929834e-04 9.9946154e-04 9.9881797e-04 9.9895823e-04 9.9933228e-04 9.9927531e-04 9.9930095e-04 9.9939033e-04 9.9908701e-04 9.9979627e-04 0.0000000e+00 0.0000000e+00 0.0000000e+00 0.0000000e+00 0.0000000e+00 0.0000000e+00
3.1271045e-01 3.2331680e-01 3.3294682e-01 3.4319613e-01 3.4934884e-01 3.5623095e-01 3.6543548e-01 3.8762997e-01 4.0004676e-01 4.0086258e-01 3.8721799e-01 3.7185758e-01 3.6201300e-01 2.7094854e-01 1.4646907e-01 3.0522155e-02 1.7776428e-02 2.3053210e-02 2.0077137e-02 1.7004969e-02 1.2279977e-02 4.8424734e-03 1.5865538e-03 1.8308938e-03 2.4880840e-03 3.6517480e-03 3.7247051e-03 3.6664016e-03 3.5070947e-03 3.1539513e-03 2.5295653e-03 1.6024686e-03 9.9892368e-04 9.9960822e-04 9.9952655e-04 9.9914773e-04 9.9972992e-04 9.9981862e-04 9.9941824e-04 9.9878351e-04 9.9966341e-04 9.9869913e-04 9.9874252e-04 9.9886671e-04 9.9934818e-04 9.9930312e-04 9.9984279e-04 0.0000000e+00 0.0000000e+00 0.0000000e+00
3.0174839e-01 3.1373279e-01 3.2523431e-01 3.3551721e-01 3.4199656e-01 3.4855999e-01 3.5441723e-01 3.5911058e-01 3.6447079e-01 3.6444612e-01 3.5516073e-01 3.2842178e-01 2.6344796e-01 1.6041483e-01 3.7031632e-02 1.0029245e-03 1.3520159e-03 9.9436987e-04 1.0021964e-03 3.0106078e-03 8.0954198e-03 1.3148054e-02 1.1751528e-02 7.8045929e-03 6.7694223e-03 4.6940228e-03 4.2788773e-03 3.9418551e-03 3.5890038e-03 3.0877756e-03 2.6352784e-03 2.2662456e-03 1.6874024e-03 9.9937845e-04 9.9888459e-04 9.9970035e-04 9.9957585e-04 9.9887893e-04 9.9922004e-04 9.9989966e-04 9.9964072e-04 9.9902962e-04 9.9848992e-04 9.9860767e-04 9.9881250e-04 9.9872891e-04 9.9957152e-04 9.9959450e-04 0.0000000e+00 0.0000000e+00
