ahotovec/data/depth_0006.asc
ncols     164
nrows     146
xllcorner -1.242151388888889e+02
yllcorner  4.172986111111111e+01
cellsize  2.777777777820000e-04
nodata_value       -9999
[rows 88 to 109 of 146, columns 100 to 149 of 164]
5.1615292e+00 4.1733500e+00 3.1782033e+00 3.6062345e+00 3.3297121e+00 2.6191541e+00 2.3893176e+00 2.2968351e+00 2.5642678e+00 4.0067410e+00 4.3873960e+00 3.4294517e+00 1.9363708e+00 1.4520377e+00 0.0000000e+00 0.0000000e+00 1.8353800e+00 2.9454257e+00 6.6724954e-01 0.0000000e+00 0.0000000e+00 0.0000000e+00 0.0000000e+00 0.0000000e+00 0.0000000e+00 0.0000000e+00 0.0000000e+00 0.0000000e+00 0.0000000e+00 0.0000000e+00 0.0000000e+00 0.0000000e+00 0.0000000e+00 0.0000000e+00 0.0000000e+00 0.0000000e+00 0.0000000e+00 0.0000000e+00 0.0000000e+00 0.0000000e+00 0.0000000e+00 0.0000000e+00 0.0000000e+00 0.0000000e+00 0.0000000e+00 0.0000000e+00 0.0000000e+00 0.0000000e+00 0.0000000e+00 0.0000000e+00
5.2237579e+00 4.9287843e+00 3.8517476e+00 3.5579117e+00 3.3955829e+00 3.1764912e+00 3.1083723e+00 3.8370509e+00 3.5948733e+00 3.6551183e+00 3.1330961e+00 3.2616020e+00 3.6961745e+00 3.9481202e+00 3.0882795e+00 2.4397574e+00 2.5620028e+00 3.1201487e+00 3.3915769e+00 2.0417172e+00 4.2960911e-01 0.0000000e+00 0.0000000e+00 0.0000000e+00 0.0000000e+00 0.0000000e+00 0.0000000e+00 0.0000000e+00 0.0000000e+00 0.0000000e+00 0.0000000e+00 0.0000000e+00 0.0000000e+00 0.0000000e+00 0.0000000e+00 0.0000000e+00 0.0000000e+00 0.0000000e+00 0.0000000e+00 0.0000000e+00 0.0000000e+00 0.0000000e+00 0.0000000e+00 0.0000000e+00 0.0000000e+00 0.0000000e+00 0.0000000e+00 0.0000000e+00 0.0000000e+00 0.0000000e+00
4.6412535e+00 4.6376006e+00 4.4009462e+00 4.2350808e+00 4.1767201e+00 4.5471175e+00 4.8557478e+00 4.5609184e+00 2.6335147e+00 2.2054512e+00 1.9571764e+00 2.2537384e+00 4.6206259e+00 5.0322701e+00 4.5784408e+00 4.3905254e+00 3.8276213e+00 3.5467099e+00 3.5174055e+00 3.3586802e+00 3.2466068e+00 2.7214902e+00 6.2299195e-01 0.0000000e+00 0.0000000e+00 0.0000000e+00 0.0000000e+00 0.0000000e+00 0.0000000e+00 0.0000000e+00 0.0000000e+00 0.0000000e+00 0.0000000e+00 0.0000000e+00 0.0000000e+00 0.0000000e+00 0.0000000e+00 0.0000000e+00 0.0000000e+00 0.0000000e+00 0.0000000e+00 0.0000000e+00 0.0000000e+00 0.0000000e+00 0.0000000e+00 0.0000000e+00 0.0000000e+00 0.0000000e+00 0.0000000e+00 0.0000000e+00
5.0536996e+00 5.1813496e+00 5.0380121e+00 4.9609749e+00 5.1883759e+00 4.8342797e+00 4.8562055e+00 5.2972630e+00 3.3287562e+00 2.5022709e+00 3.0028692e+00 2.0125557e+00 1.6922268e+00 3.8719963e+00 5.0365776e+00 4.7017719e+00 4.2463744e+00 4.1604690e+00 3.9067677e+00 3.5490429e+00 3.5619599e+00 3.3116705e+00 2.5944476e+00 2.4153136e+00 8.6529142e-01 0.0000000e+00 0.0000000e+00 0.0000000e+00 0.0000000e+00 0.0000000e+00 0.0000000e+00 0.0000000e+00 0.0000000e+00 0.0000000e+00 0.0000000e+00 0.0000000e+00 0.0000000e+00 0.0000000e+00 0.0000000e+00 0.0000000e+00 0.0000000e+00 0.0000000e+00 0.0000000e+00 0.0000000e+00 0.0000000e+00 0.0000000e+00 0.0000000e+00 0.0000000e+00 0.0000000e+00 0.0000000e+00
5.0466988e+00 5.1122820e+00 5.1597620e+00 5.4059454e+00 5.1896699e+00 4.7809718e+00 4.5930604e+00 4.6743967e+00 4.7746913e+00 3.8028864e+00 2.9594209e+00 3.6086494e+00 2.7906417e+00 4.2866728e+00 4.9647001e+00 4.7837357e+00 4.4685494e+00 4.4571402e+00 3.6714875e+00 3.5004939e+00 3.5807665e+00 2.9594591e+00 2.8253989e+00 3.2063297e+00 1.8027762e+00 0.0000000e+00 0.0000000e+00 0.0000000e+00 0.0000000e+00 0.0000000e+00 0.0000000e+00 0.0000000e+00 0.0000000e+00 0.0000000e+00 0.0000000e+00 0.0000000e+00 0.0000000e+00 0.0000000e+00 0.0000000e+00 0.0000000e+00 0.0000000e+00 0.0000000e+00 0.0000000e+00 0.0000000e+00 0.0000000e+00 0.0000000e+00 0.0000000e+00 0.0000000e+00 0.0000000e+00 0.0000000e+00
4.5408161e+00 4.6139739e+00 4.7806008e+00 5.0809831e+00 5.2364728e+00 4.6259475e+00 4.2283985e+00 4.6232873e+00 5.0526569e+00 5.5625290e+00 4.8131334e+00 5.1136106e+00 5.7904279e+00 5.7758178e+00 5.5245534e+00 5.0568021e+00 4.3980006e+00 3.9380296e+00 3.7611244e+00 3.5618898e+00 3.4699645e+00 1.9978255e+00 6.6615313e-04 8.1378598e-01 0.0000000e+00 0.0000000e+00 0.0000000e+00 0.0000000e+00 0.0000000e+00 0.0000000e+00 0.0000000e+00 0.0000000e+00 0.0000000e+00 0.0000000e+00 0.0000000e+00 0.0000000e+00 0.0000000e+00 0.0000000e+00 0.0000000e+00 0.0000000e+00 0.0000000e+00 0.0000000e+00 0.0000000e+00 0.0000000e+00 0.0000000e+00 0.0000000e+00 0.0000000e+00 0.0000000e+00 0.0000000e+00 0.0000000e+00
3.9865398e+00 4.2432201e+00 4.5005097e+00 4.8329731e+00 5.2232413e+00 5.4994231e+00 1.9174280e-04 1.9240307e+00 3.9808579e+00 6.0379536e+00 6.0021956e+00 5.7698581e+00 5.8472761e+00 5.9744650e+00 5.7405616e+00 5.4439622e+00 4.7165159e+00 4.1563189e+00 3.9982527e+00 3.8017646e+00 3.2418961e+00 2.6524750e+00 1.2861126e+00 0.0000000e+00 0.0000000e+00 0.0000000e+00 0.0000000e+00 1.6344932e-01 3.3828634e-01 9.5507022e-04 9.9124021e-04 9.9063867e-04 9.6000550e-04 9.9983834e-04 0.0000000e+00 0.0000000e+00 0.0000000e+00 0.0000000e+00 0.0000000e+00 0.0000000e+00 0.0000000e+00 0.0000000e+00 0.0000000e+00 0.0000000e+00 0.0000000e+00 0.0000000e+00 0.0000000e+00 0.0000000e+00 0.0000000e+00 0.0000000e+00
3.6460899e+00 3.9543724e+00 4.2791229e+00 4.6256627e+00 5.0316290e+00 5.5748295e+00 5.4362500e+00 4.5067110e+00 3.9170072e+00 5.3724795e+00 6.3415224e+00 6.4795548e+00 6.2891942e+00 6.0448872e+00 5.8315039e+00 5.6302211e+00 5.3999190e+00 5.0536767e+00 4.5460585e+00 3.9093361e+00 3.6565006e+00 1.7028760e+00 0.0000000e+00 0.0000000e+00 0.0000000e+00 0.0000000e+00 7.7034409e-04 2.2493224e+00 2.0221804e+00 1.7078802e+00 1.7321662e+00 1.6834958e+00 1.6303186e+00 1.7168286e+00 1.6726226e+00 1.6112506e+00 1.4152800e+00 1.4585238e+00 1.4593411e+00 1.1019264e+00 3.1458667e-01 9.3799573e-04 9.8160931e-04 1.1863463e-03 9.6500172e-04 9.9847150e-04 9.7677224e-04 9.2936105e-03 9.6988015e-04 9.7571415e-04
1.8159818e+00 2.3758172e+00 3.5934210e+00 4.4904223e+00 4.8293858e+00 5.3354593e+00 5.5734434e+00 5.3813646e+00 4.5308400e+00 3.9853599e+00 5.4293660e+00 6.2228350e+00 6.5374976e+00 6.1803371e+00 6.0036423e+00 5.9361249e+00 5.6559216e+00 5.3173820e+00 4.9984624e+00 4.0925141e+00 2.2622189e+00 0.0000000e+00 0.0000000e+00 0.0000000e+00 0.0000000e+00 6.8616360e-01 1.9984754e+00 2.2002707e+00 2.1659329e+00 2.1158148e+00 2.2694353e+00 2.3075014e+00 2.1932071e+00 2.1745739e+00 2.3017644e+00 2.3085771e+00 2.3526402e+00 2.3512542e+00 2.4214304e+00 2.3221427e+00 2.1256324e+00 1.9711670e+00 1.9948186e+00 2.0091355e+00 1.9828951e+00 1.9866135e+00 2.0146994e+00 2.0206397e+00 1.9552376e+00 1.8019951e+00
0.0000000e+00 0.0000000e+00 0.0000000e+00 3.2148023e+00 4.5502852e+00 5.2467643e+00 5.5697454e+00 5.6566065e+00 5.5126335e+00 4.5034612e+00 4.6462020e+00 5.5839016e+00 5.9989449e+00 6.0060054e+00 5.9986076e+00 5.9622174e+00 5.5076547e+00 4.8438683e+00 4.5143558e+00 3.1505639e+00 7.6381613e-04 0.0000000e+00 0.0000000e+00 0.0000000e+00 6.6410374e-01 2.5195271e+00 2.5884795e+00 2.6634831e+00 2.5861116e+00 2.5006038e+00 2.5385116e+00 2.5367891e+00 2.4075718e+00 2.3778320e+00 2.4758776e+00 2.5390271e+00 2.5735982e+00 2.5870861e+00 2.6897711e+00 2.6640529e+00 2.6168539e+00 2.5426498e+00 2.4958032e+00 2.4464875e+00 2.4289158e+00 2.4320939e+00 2.4455340e+00 2.4444870e+00 2.4294582e+00 2.3631401e+00
4.3742211e+00 3.3513741e+00 8.3818903e-04 0.0000000e+00 2.4890535e+00 4.9463884e+00 5.7433085e+00 5.7978250e+00 5.7800578e+00 5.3366719e+00 4.5493058e+00 4.7021146e+00 5.8805828e+00 6.0193648e+00 5.8495110e+00 5.7130665e+00 5.3334182e+00 4.6624776e+00 3.4847071e+00 8.6524377e-04 0.0000000e+00 0.0000000e+00 0.0000000e+00 3.7132975e-01 2.1840210e+00 2.4551122e+00 2.8658828e+00 3.0889685e+00 3.0010257e+00 2.9961623e+00 2.9647266e+00 2.7823252e+00 2.6067976e+00 2.6131254e+00 2.7965120e+00 2.8810393e+00 2.8853997e+00 2.9534127e+00 3.1494293e+00 3.0113782e+00 2.8676380e+00 2.7227459e+00 2.6145109e+00 2.5038432e+00 2.4617003e+00 2.4862918e+00 2.5313011e+00 2.5357828e+00 2.5240582e+00 2.4697671e+00
5.2902937e+00 5.1272327e+00 4.1736843e+00 8.8115507e-04 6.6922923e-04 3.8803343e+00 5.6880513e+00 5.7255062e+00 5.3934654e+00 4.9333856e+00 4.5154793e+00 4.9463409e+00 6.8371355e+00 6.4118968e+00 5.7775865e+00 5.5513401e+00 5.1673192e+00 3.4564603e+00 2.3166285e-01 0.0000000e+00 0.0000000e+00 0.0000000e+00 1.8031341e-01 2.3759216e+00 2.3277829e+00 2.3746240e+00 2.8129140e+00 2.9917945e+00 3.1996012e+00 3.4230544e+00 3.4024036e+00 3.1835555e+00 2.9190956e+00 2.8915265e+00 3.1377226e+00 3.2820576e+00 3.3646390e+00 3.3749175e+00 3.4619624e+00 3.3052800e+00 3.0981490e+00 2.9647259e+00 2.7983882e+00 2.6276300e+00 2.5408052e+00 2.5772817e+00 2.6578617e+00 2.7142470e+00 2.7152711e+00 2.6687724e+00
5.7349831e+00 5.4867228e+00 5.0341666e+00 3.8574500e+00 6.5483426e-04 7.2210509e-04 4.7491770e+00 5.5638392e+00 5.0455668e+00 4.8284349e+00 4.6115299e+00 5.6107786e+00 6.6727559e+00 6.3794642e+00 5.8082487e+00 5.5360064e+00 4.4834549e+00 2.1098760e-01 0.0000000e+00 0.0000000e+00 0.0000000e+00 7.9754505e-04 2.1581053e+00 2.5066279e+00 2.4754302e+00 2.5324864e+00 2.7376313e+00 2.9885799e+00 3.5925197e+00 3.6801359e+00 3.5987676e+00 3.4447140e+00 3.2587005e+00 3.1978511e+00 3.3198811e+00 3.5071087e+00 3.7178306e+00 3.6187788e+00 3.5192888e+00 3.4454356e+00 3.3134982e+00 3.1979978e+00 2.9659409e+00 2.8435543e+00 2.6804180e+00 2.6560907e+00 2.7979585e+00 2.8789905e+00 2.8865805e+00 2.8315208e+00
5.8911509e+00 5.7231012e+00 5.4316127e+00 4.9669081e+00 3.6465954e+00 0.0000000e+00 7.2324616e-04 2.8977241e+00 5.3532477e+00 4.6723953e+00 4.2606098e+00 4.7775193e+00 5.9936542e+00 6.0155645e+00 5.3359421e+00 4.9457424e+00 8.0707292e-01 0.0000000e+00 0.0000000e+00 0.0000000e+00 6.4853364e-04 1.9965247e+00 2.5478075e+00 2.5303675e+00 2.4917628e+00 2.5639159e+00 2.9661196e+00 3.3706305e+00 3.5566412e+00 3.7311889e+00 3.8169137e+00 3.6085304e+00 3.6578104e+00 3.5778504e+00 3.5579300e+00 3.6211481e+00 3.7306845e+00 3.7260391e+00 3.6861548e+00 3.8484530e+00 3.6727030e+00 3.4810578e+00 3.2882914e+00 3.0945370e+00 2.9432990e+00 2.9667500e+00 3.0751223e+00 3.1046239e+00 3.1497561e+00 3.0829547e+00
5.9992867e+00 5.9014463e+00 5.7226216e+00 5.3856697e+00 4.7711644e+00 2.3443914e+00 0.0000000e+00 0.0000000e+00 1.8252767e+00 2.9833675e+00 3.9868673e+00 4.0448550e+00 4.1300391e+00 4.7732958e+00 3.8301642e+00 6.9852084e-01 0.0000000e+00 0.0000000e+00 0.0000000e+00 9.8159576e-04 1.5875975e+00 2.1201480e+00 2.4926501e+00 2.8179739e+00 2.9021364e+00 3.0821300e+00 3.4854618e+00 3.6943918e+00 3.6309727e+00 3.9841151e+00 4.0676780e+00 3.8090007e+00 3.7460902e+00 3.8781398e+00 4.0424566e+00 4.1548996e+00 4.0541414e+00 3.8830142e+00 4.0436474e+00 4.6116678e+00 4.2230786e+00 3.9427566e+00 3.5539156e+00 3.4601574e+00 3.4815887e+00 3.5553089e+00 3.5565587e+00 3.4888028e+00 3.4505661e+00 3.3958236e+00
6.1200203e+00 6.0131998e+00 5.8677229e+00 5.6404359e+00 5.2351080e+00 4.5932897e+00 2.1001278e+00 0.0000000e+00 0.0000000e+00 0.0000000e+00 0.0000000e+00 1.6246651e+00 3.6762606e+00 3.8817805e+00 1.3613029e+00 1.1649735e+00 9.1996624e-04 0.0000000e+00 8.1204858e-04 1.5897376e+00 1.9793417e+00 2.2165165e+00 2.7455716e+00 3.1170668e+00 3.4101303e+00 3.5405066e+00 3.8186137e+00 3.8929756e+00 4.0832636e+00 4.4394474e+00 4.6367104e+00 4.2604369e+00 3.8999440e+00 4.4002872e+00 4.6350422e+00 4.7477471e+00 4.5322303e+00 4.3742735e+00 4.4522747e+00 4.5706421e+00 4.4262511e+00 4.2351668e+00 4.0097542e+00 3.9524494e+00 4.0441513e+00 4.1222033e+00 3.9968590e+00 3.8366306e+00 3.7326260e+00 3.6524577e+00
6.1906018e+00 6.1175691e+00 5.9897585e+00 5.8259812e+00 5.6115355e+00 5.2468759e+00 4.3746486e+00 8.4123769e-01 0.0000000e+00 0.0000000e+00 0.0000000e+00 0.0000000e+00 2.6584322e+00 7.9519863e-01 0.0000000e+00 2.7010207e-01 0.0000000e+00 0.0000000e+00 1.5636685e+00 2.2565168e+00 2.5012788e+00 2.8964318e+00 3.3818413e+00 3.6492883e+00 3.7118377e+00 3.8487552e+00 4.0277509e+00 4.0637172e+00 4.2531248e+00 4.8522197e+00 4.7907629e+00 4.5250928e+00 4.4634446e+00 4.7774928e+00 4.8797342e+00 4.7499222e+00 4.6800771e+00 4.7899289e+00 4.9653507e+00 4.8575625e+00 4.7062086e+00 4.6117576e+00 4.5444776e+00 4.4634686e+00 4.4780087e+00 4.4615431e+00 4.3178029e+00 4.1614522e+00 3.9844119e+00 3.8666628e+00
6.3319875e+00 6.1795788e+00 6.1164695e+00 5.9672689e+00 5.7880341e+00 5.3268884e+00 4.5449937e+00 1.8668175e+00 9.2730668e-04 0.0000000e+00 0.0000000e+00 0.0000000e+00 0.0000000e+00 0.0000000e+00 0.0000000e+00 0.0000000e+00 0.0000000e+00 1.3574807e+00 1.9257417e+00 2.4832874e+00 3.1297127e+00 3.5291504e+00 3.8207404e+00 3.8246397e+00 3.8238073e+00 4.1708934e+00 4.4212417e+00 4.3280295e+00 4.1644377e+00 4.7450092e+00 4.8805104e+00 4.8378956e+00 4.9944949e+00 4.9749699e+00 4.5197557e+00 4.0666462e+00 4.3702866e+00 4.7441205e+00 5.0444983e+00 5.0238737e+00 4.9691483e+00 4.9359602e+00 4.9988501e+00 4.9348311e+00 4.8795015e+00 4.8099034e+00 4.6975638e+00 4.5085525e+00 4.3870615e+00 4.1813005e+00
6.4098693e+00 6.3636934e+00 6.2010486e+00 6.1115265e+00 5.9413144e+00 5.7667664e+00 4.8890973e+00 2.7217904e+00 1.1784393e+00 0.0000000e+00 0.0000000e+00 0.0000000e+00 0.0000000e+00 0.0000000e+00 0.0000000e+00 0.0000000e+00 1.5082220e+00 1.8877130e+00 1.8826126e+00 2.3383744e+00 3.0901600e+00 3.7481103e+00 4.1050611e+00 4.1934129e+00 4.1833828e+00 4.4420950e+00 4.9530456e+00 4.7938213e+00 4.7758222e+00 5.1458943e+00 5.2663555e+00 5.2858539e+00 5.2972091e+00 5.0821819e+00 4.2333139e+00 3.3676913e+00 3.8970658e+00 4.5394605e+00 5.0265021e+00 5.2184354e+00 5.2208380e+00 5.1087591e+00 5.2424140e+00 5.2781242e+00 5.2588446e+00 5.2081733e+00 5.1344599e+00 5.0005391e+00 4.8180177e+00 4.5902584e+00
6.4578387e+00 6.4623176e+00 6.4201876e+00 6.1880364e+00 6.0695566e+00 6.0154939e+00 3.7915821e+00 1.3166221e+00 0.0000000e+00 0.0000000e+00 0.0000000e+00 0.0000000e+00 0.0000000e+00 0.0000000e+00 0.0000000e+00 6.6300277e-01 1.7447824e+00 1.5102439e+00 6.2975070e-01 0.0000000e+00 9.0529090e-04 2.9067084e+00 4.1998490e+00 4.5708492e+00 4.6403094e+00 4.4884014e+00 4.7957247e+00 4.9344228e+00 5.2170128e+00 5.5481675e+00 5.4502858e+00 5.2813608e+00 5.3154114e+00 5.2943773e+00 4.6173840e+00 3.9013417e+00 4.0990041e+00 4.5673144e+00 5.0943053e+00 5.3883138e+00 5.6114418e+00 5.4761927e+00 5.5576544e+00 5.6160364e+00 5.6129784e+00 5.6206887e+00 5.6823727e+00 5.4239998e+00 5.1692543e+00 5.0112735e+00
6.4706790e+00 6.5012810e+00 6.5353558e+00 6.4875556e+00 6.3069618e+00 5.8496229e+00 0.0000000e+00 0.0000000e+00 0.0000000e+00 0.0000000e+00 0.0000000e+00 0.0000000e+00 0.0000000e+00 0.0000000e+00 0.0000000e+00 0.0000000e+00 9.1891750e-04 0.0000000e+00 0.0000000e+00 0.0000000e+00 3.1862476e-01 3.2488871e+00 4.4422410e+00 4.9921129e+00 4.9169319e+00 4.7699544e+00 4.7860604e+00 4.8628045e+00 5.3082461e+00 5.5094095e+00 5.1763754e+00 4.4961580e+00 4.8240421e+00 5.1128003e+00 4.8627019e+00 4.5741189e+00 4.5756715e+00 4.7828534e+00 5.1534916e+00 5.4525990e+00 5.6917805e+00 5.7404644e+00 5.8181005e+00 5.9322765e+00 5.9447629e+00 5.9481001e+00 5.9545119e+00 5.7349444e+00 5.5500434e+00 5.4113936e+00
6.5252552e+00 6.5048176e+00 6.5741756e+00 6.6003562e+00 6.6122118e+00 6.3122809e+00 8.5949920e-01 0.0000000e+00 0.0000000e+00 0.0000000e+00 0.0000000e+00 0.0000000e+00 0.0000000e+00 0.0000000e+00 0.0000000e+00 1.1523961e+00 2.1437187e+00 1.6965512e+00 1.4580776e+00 2.7165695e+00 3.9246713e+00 4.4537119e+00 4.8178448e+00 5.0397070e+00 4.9229540e+00 4.9557225e+00 4.8797410e+00 4.8768983e+00 5.1703516e+00 5.3606835e+00 4.8891879e+00 3.6394546e+00 4.2383263e+00 4.9708183e+00 5.1236696e+00 5.0845207e+00 5.0087583e+00 5.0130481e+00 5.2639016e+00 5.5309567e+00 5.7241947e+00 5.8518671e+00 5.9811187e+00 6.1612018e+00 6.1760894e+00 6.1438800e+00 6.1077789e+00 5.9612884e+00 5.8207864e+00 5.7685176e+00
