ahotovec/data/depth_0030.asc
ncols     164
nrows     146
xllcorner -1.242151388888889e+02
yllcorner  4.172986111111111e+01
cellsize  2.777777777820000e-04
nodata_value       -9999
[rows 110 to 131 of 146, columns 50 to 99 of 164]
1.2018372e+01 1.1443844e+01 1.0255997e+01 8.4156759e+00 6.6879458e+00 5.7954681e+00 5.2985332e+00 5.4045924e+00 4.9927068e+00 6.3615114e+00 7.7727536e+00 8.2375411e+00 8.4044046e+00 6.8744017e+00 6.3449153e+00 6.1047081e+00 2.5425841e+00 6.3590302e-01 5.7301093e+00 6.4027811e+00 6.6443813e+00 7.0220112e+00 7.3392603e+00 7.5943481e+00 7.7563174e+00 7.7871231e+00 7.6868136e+00 7.7879054e+00 8.2136641e+00 8.5677013e+00 8.9236065e+00 9.0416187e+00 9.3516710e+00 9.4198451e+00 9.5304448e+00 9.6186893e+00 9.7368911e+00 9.8067441e+00 9.8450133e+00 9.8640840e+00 9.9013308e+00 9.8950156e+00 9.8591670e+00 9.7547560e+00 9.6854933e+00 9.6278854e+00 9.6535262e+00 9.6970869e+00 9.7316088e+00 9.7732329e+00
1.3504267e+01 1.3519876e+01 1.2277594e+01 9.4231253e+00 6.1062381e+00 4.7344269e+00 5.5408108e+00 5.3577346e+00 6.4637560e+00 7.6594668e+00 8.7185640e+00 9.6637708e+00 1.0350696e+01 6.2955182e+00 6.7909071e+00 7.7737607e+00 5.3672067e+00 7.0121463e-01 2.3598647e+00 5.6873180e+00 6.2616649e+00 6.6041912e+00 6.9290515e+00 7.1852436e+00 7.3827965e+00 7.4894074e+00 7.5102517e+00 7.4226304e+00 7.6257429e+00 8.1328458e+00 8.5216410e+00 8.8342257e+00 9.0373960e+00 9.3158389e+00 9.4127788e+00 9.5032003e+00 9.5892206e+00 9.6703077e+00 9.7086605e+00 9.7365909e+00 9.7273270e+00 9.6843297e+00 9.6072583e+00 9.5339020e+00 9.5035603e+00 9.5212878e+00 9.6009080e+00 9.6914431e+00 9.7739629e+00 9.8307269e+00
1.4574208e+01 1.4807171e+01 1.3958596e+01 1.0698687e+01 1.3855677e+00 0.0000000e+00 4.4353411e-04 5.3173966e+00 6.9283422e+00 8.4921891e+00 9.8753047e+00 1.0894917e+01 1.1764665e+01 1.1923004e+01 1.2146239e+01 1.1821134e+01 1.0349645e+01 4.4369355e+00 5.6352233e-04 3.3629197e+00 6.0352240e+00 6.3316475e+00 6.6017051e+00 6.8517116e+00 7.0547688e+00 7.2001916e+00 7.2869854e+00 7.2939055e+00 7.3090028e+00 7.7007261e+00 8.1557001e+00 8.5019859e+00 8.7812668e+00 9.0025224e+00 9.1497441e+00 9.1790914e+00 9.1021159e+00 9.1812530e+00 9.2216971e+00 9.2550953e+00 9.2938148e+00 9.2832035e+00 9.2882494e+00 9.2906556e+00 9.3260521e+00 9.4235046e+00 9.5995523e+00 9.7324510e+00 9.8500730e+00 9.9516396e+00
1.5541297e+01 1.4613249e+01 1.4635177e+01 1.1759432e+01 2.6849100e+00 0.0000000e+00 0.0000000e+00 3.7825197e-04 9.0964056e+00 1.0109057e+01 1.1386178e+01 1.1810964e+01 1.2394521e+01 1.2783305e+01 1.3220459e+01 1.2757652e+01 1.2444979e+01 1.0937541e+01 2.9393111e+00 7.1186836e-01 5.4512800e+00 6.0650516e+00 6.2280092e+00 6.5003422e+00 6.7177644e+00 6.9065824e+00 7.0516361e+00 7.1842460e+00 7.3694241e+00 7.5042905e+00 7.9245635e+00 8.2677634e+00 8.5330208e+00 8.6754745e+00 8.6286497e+00 8.3761753e+00 8.2349165e+00 8.3035251e+00 8.5036754e+00 8.6428474e+00 8.7570499e+00 8.8621528e+00 9.0045654e+00 9.1570251e+00 9.2615032e+00 9.4175232e+00 9.5901342e+00 9.8023730e+00 9.9814005e+00 1.0105557e+01
1.6074472e+01 1.6459881e+01 1.6095407e+01 1.4244355e+01 1.0752827e+01 7.6580035e+00 3.9853277e+00 5.8532318e+00 1.2340658e+01 1.1679246e+01 1.2744625e+01 1.1444546e+01 1.2519730e+01 1.2983533e+01 1.3435513e+01 1.3343609e+01 1.2699821e+01 1.2270976e+01 9.2784762e+00 1.4918446e+00 2.6802044e+00 6.0034502e+00 6.0141211e+00 6.2006284e+00 6.4340413e+00 6.6473880e+00 6.8187546e+00 7.0266694e+00 7.3530176e+00 7.6866880e+00 7.7945116e+00 8.0188360e+00 8.1620568e+00 8.0633990e+00 7.7600071e+00 7.5356708e+00 7.5496860e+00 7.9561149e+00 8.2489997e+00 8.3227375e+00 8.4789328e+00 8.6125532e+00 8.8558677e+00 9.1069808e+00 9.3023495e+00 9.4781855e+00 9.7223515e+00 9.9831550e+00 1.0234189e+01 1.0343100e+01
1.6173300e+01 1.6672617e+01 1.6399543e+01 1.3130271e+01 1.4227099e+01 1.3950221e+01 1.2891677e+01 1.3689642e+01 1.4052290e+01 1.3882916e+01 1.3393916e+01 1.3069165e+01 1.4441176e+01 1.4390430e+01 1.3752441e+01 1.3741813e+01 1.3762231e+01 1.2882254e+01 1.0479942e+01 5.9593137e+00 7.9348541e-01 4.6162760e+00 5.9284748e+00 5.9561049e+00 6.1698745e+00 6.3691463e+00 6.5726597e+00 6.8074662e+00 7.1670718e+00 7.5363073e+00 7.8054977e+00 7.7361441e+00 7.6479489e+00 7.3100667e+00 7.1178064e+00 7.0718600e+00 7.2055738e+00 7.6851438e+00 8.1395540e+00 8.1805770e+00 8.3771068e+00 8.6240851e+00 8.8966563e+00 9.1470892e+00 9.3665870e+00 9.5971430e+00 9.8892905e+00 1.0215596e+01 1.0544440e+01 1.0636303e+01
1.6505747e+01 1.6662960e+01 1.6750117e+01 1.7268575e+01 1.6573352e+01 1.6286926e+01 1.6175175e+01 1.5956574e+01 1.5413771e+01 1.4771080e+01 1.4681173e+01 1.4770317e+01 1.4786857e+01 1.4642696e+01 1.4223144e+01 1.4471708e+01 1.4291459e+01 1.3541540e+01 1.2439779e+01 9.4315720e+00 3.4935473e+00 5.7265205e-01 5.0251947e+00 5.9015916e+00 5.9899632e+00 6.1746781e+00 6.3780082e+00 6.5949531e+00 6.9102548e+00 7.2168901e+00 7.5193606e+00 7.4599288e+00 7.1172203e+00 6.8945906e+00 6.8108679e+00 6.9179861e+00 7.0719883e+00 7.3222121e+00 7.6472704e+00 8.0235012e+00 8.3654456e+00 8.6961202e+00 9.0026097e+00 9.2381474e+00 9.4556764e+00 9.7125032e+00 1.0069253e+01 1.0793307e+01 1.0823768e+01 1.0722852e+01
1.7713002e+01 1.7583081e+01 1.7257161e+01 1.6636084e+01 1.7069041e+01 1.6875856e+01 1.6478248e+01 1.6418004e+01 1.5592701e+01 1.5413570e+01 1.5273437e+01 1.5472223e+01 1.5497296e+01 1.5201964e+01 1.4339826e+01 1.4367263e+01 1.4027565e+01 1.3357645e+01 1.3486426e+01 1.2852059e+01 9.1785278e+00 2.7170050e-01 1.9755394e+00 5.3747424e+00 5.8495888e+00 5.9065801e+00 6.0203264e+00 6.1636784e+00 6.3461949e+00 6.5288278e+00 6.7378116e+00 6.8293600e+00 6.7685267e+00 6.6415112e+00 6.6111711e+00 6.6788559e+00 6.9122410e+00 7.2533457e+00 7.6151721e+00 8.1180903e+00 8.5030911e+00 8.7786100e+00 9.1142998e+00 9.3795398e+00 9.6007197e+00 9.8291285e+00 9.8218010e+00 1.0164228e+01 1.0861973e+01 1.0870943e+01
1.7987021e+01 1.8453224e+01 1.8202326e+01 1.7851737e+01 1.7472591e+01 1.6806486e+01 1.6627395e+01 1.6451112e+01 1.6366970e+01 1.5973373e+01 1.5450269e+01 1.5725009e+01 1.5643165e+01 1.5589995e+01 1.4804369e+01 1.3849329e+01 1.4585285e+01 1.3545005e+01 1.2887762e+01 1.3348169e+01 1.1345198e+01 2.1103033e+00 5.9341250e-04 3.1759583e+00 5.3996826e+00 5.8181167e+00 5.9484618e+00 5.8827660e+00 5.8949333e+00 5.9021018e+00 5.9100505e+00 6.0534927e+00 6.2460527e+00 6.3720443e+00 6.3321787e+00 6.4416329e+00 6.7507538e+00 7.1927410e+00 7.7169628e+00 8.2251932e+00 8.7554318e+00 9.0320636e+00 9.3451180e+00 9.5858022e+00 9.8539478e+00 1.0105838e+01 1.0292507e+01 1.0482168e+01 1.0876907e+01 1.1108756e+01
1.8046789e+01 1.7693820e+01 1.8158917e+01 1.7860500e+01 1.7359409e+01 1.6520555e+01 1.6830914e+01 1.6750840e+01 1.6970127e+01 1.6579877e+01 1.5596849e+01 1.5472645e+01 1.5077022e+01 1.5995010e+01 1.5945157e+01 1.5001960e+01 1.4952584e+01 1.3794546e+01 1.4215106e+01 1.3665705e+01 1.3184645e+01 6.5203173e+00 0.0000000e+00 9.6447322e-04 2.4202482e+00 5.1561394e+00 5.2113002e+00 5.4498931e+00 5.3150949e+00 5.4975820e+00 5.5049838e+00 5.4305139e+00 5.6932857e+00 5.9105524e+00 6.2068368e+00 6.2724959e+00 6.5781168e+00 7.2761928e+00 7.9977493e+00 8.6168656e+00 9.0947854e+00 9.3924729e+00 9.7061522e+00 9.9623841e+00 1.0232680e+01 1.0489865e+01 1.0792357e+01 1.1066351e+01 1.1229185e+01 1.1390104e+01
1.8217601e+01 1.8334170e+01 1.8182307e+01 1.7635141e+01 1.7368913e+01 1.7249003e+01 1.7314739e+01 1.6941285e+01 1.5992449e+01 1.6929628e+01 1.6073403e+01 1.5669868e+01 1.5657806e+01 1.5749295e+01 1.6248235e+01 1.6196121e+01 1.5692307e+01 1.5225441e+01 1.4506064e+01 1.3112996e+01 1.3697708e+01 1.1522349e+01 2.5897540e+00 8.4468448e-04 9.6270595e-04 6.1589345e-02 1.0354967e-01 4.7752970e-01 1.3659148e+00 2.1370080e+00 4.6940176e+00 4.0763309e+00 5.4336105e+00 5.3775468e+00 5.6018527e+00 6.4405721e+00 6.7235298e+00 7.3086407e+00 8.5124566e+00 9.3519901e+00 9.7031162e+00 9.9291436e+00 1.0217475e+01 1.0486954e+01 1.0751966e+01 1.0976182e+01 1.1235433e+01 1.1465743e+01 1.1643867e+01 1.1766204e+01
1.8523320e+01 1.8344458e+01 1.8472785e+01 1.8041633e+01 1.7515580e+01 1.7401389e+01 1.7191055e+01 1.7135401e+01 1.6894029e+01 1.7452268e+01 1.6539525e+01 1.6062050e+01 1.5811123e+01 1.5934184e+01 1.6419932e+01 1.5940163e+01 1.6226539e+01 1.5478970e+01 1.4665981e+01 1.4271096e+01 1.4013588e+01 1.4463525e+01 1.1073920e+01 4.1360652e+00 1.7046259e+00 1.0428991e-03 1.4386532e-03 2.3461464e-01 1.0633107e-01 3.2454024e-01 6.3513752e-01 3.2114247e-01 5.8001418e-01 1.1044326e+00 1.6861989e+00 3.1929502e+00 4.1329073e+00 5.5879863e+00 1.0032187e+01 1.0376277e+01 1.0513542e+01 1.0696763e+01 1.0943143e+01 1.1155588e+01 1.1371013e+01 1.1547557e+01 1.1737270e+01 1.1859559e+01 1.2001972e+01 1.2170272e+01
1.8929750e+01 1.8843686e+01 1.8719632e+01 1.8266626e+01 1.7803117e+01 1.7611237e+01 1.7522890e+01 1.7501376e+01 1.7528488e+01 1.7304995e+01 1.6830007e+01 1.6557583e+01 1.6459473e+01 1.6471283e+01 1.6813205e+01 1.6677655e+01 1.5376626e+01 1.5526933e+01 1.5251094e+01 1.4756922e+01 1.3860245e+01 1.4743923e+01 1.4395796e+01 1.1999364e+01 1.0552135e+01 5.8180251e+00 4.7393241e+00 6.5590137e+00 1.1253183e+01 1.1279126e+01 1.1651739e+01 1.1226624e+01 9.9049497e+00 8.6203311e+00 6.6628818e+00 4.7590939e+00 2.7200372e+00 3.7049541e+00 1.1806640e+01 1.1934571e+01 1.1637371e+01 1.1664291e+01 1.1786562e+01 1.1910784e+01 1.2016486e+01 1.2135080e+01 1.2208390e+01 1.2259600e+01 1.2237079e+01 1.2439302e+01
1.8673721e+01 1.8819267e+01 1.8818358e+01 1.8490137e+01 1.8290236e+01 1.6777846e+01 1.7618128e+01 1.8034301e+01 1.7691345e+01 1.7440349e+01 1.7198563e+01 1.7126737e+01 1.6977128e+01 1.7055936e+01 1.6969062e+01 1.6728370e+01 1.6832036e+01 1.5409710e+01 1.5734244e+01 1.5403840e+01 1.5096149e+01 1.4891316e+01 1.4749392e+01 1.4679401e+01 1.3471179e+01 8.4103756e+00 7.0022018e+00 8.8201095e+00 1.1500419e+01 1.4292821e+01 1.4170335e+01 1.3831535e+01 1.4057635e+01 1.3644743e+01 1.3345657e+01 1.3908807e+01 1.3540706e+01 1.2895668e+01 1.3336683e+01 1.2808383e+01 1.2577897e+01 1.2516958e+01 1.2531223e+01 1.2540817e+01 1.2555772e+01 1.2615168e+01 1.2670181e+01 1.2662361e+01 1.2495856e+01 1.2456955e+01
1.9307529e+01 1.9248205e+01 1.9066470e+01 1.8866853e+01 1.8554538e+01 1.4908983e+01 1.7597527e+01 1.8534275e+01 1.8157977e+01 1.7941157e+01 1.7769798e+01 1.7686911e+01 1.7441795e+01 1.7404332e+01 1.7321765e+01 1.7002217e+01 1.6826852e+01 1.5647285e+01 1.5769025e+01 1.6209320e+01 1.6158230e+01 1.5549269e+01 1.4840851e+01 1.4747298e+01 1.4470762e+01 1.1802397e+01 8.7830958e+00 9.0628776e+00 1.1446493e+01 1.4244432e+01 1.3509620e+01 1.4117739e+01 1.3873850e+01 1.4235331e+01 1.4487452e+01 1.4357664e+01 1.3321809e+01 1.3703642e+01 1.3453935e+01 1.3263544e+01 1.3145338e+01 1.3070724e+01 1.3007181e+01 1.2985402e+01 1.2966132e+01 1.2971094e+01 1.3021999e+01 1.2313872e+01 1.2725363e+01 1.2816068e+01
1.9553004e+01 1.9470937e+01 1.9421500e+01 1.9189814e+01 1.9209302e+01 1.9161533e+01 1.9137287e+01 1.9051762e+01 1.8951941e+01 1.8727787e+01 1.8434029e+01 1.8354468e+01 1.8017710e+01 1.8044143e+01 1.7789982e+01 1.7408847e+01 1.5628524e+01 1.6708913e+01 1.6660901e+01 1.6158758e+01 1.6072264e+01 1.6416023e+01 1.5687915e+01 1.5235795e+01 1.4900988e+01 1.4371897e+01 1.1596895e+01 1.1361821e+01 1.4474994e+01 1.4196857e+01 1.3556369e+01 1.4128011e+01 1.3398615e+01 1.3621500e+01 1.4449470e+01 1.4422004e+01 1.4636565e+01 1.4060663e+01 1.3732127e+01 1.3607317e+01 1.3482701e+01 1.3391124e+01 1.3338253e+01 1.3288245e+01 1.3275128e+01 1.3219306e+01 1.3150024e+01 1.1903393e+01 1.2259039e+01 1.3033887e+01
1.9820465e+01 1.9734301e+01 1.9697409e+01 1.9668803e+01 1.9567699e+01 1.9428565e+01 1.9393958e+01 1.9088884e+01 1.9324484e+01 1.9084681e+01 1.9086873e+01 1.8604473e+01 1.8471821e+01 1.8300331e+01 1.8148992e+01 1.7664698e+01 1.6990128e+01 1.7338971e+01 1.7276621e+01 1.7158796e+01 1.6642792e+01 1.7105345e+01 1.6571112e+01 1.5892583e+01 1.5574325e+01 1.4769089e+01 1.4979665e+01 1.5397339e+01 1.5041907e+01 1.4515987e+01 1.4276671e+01 1.4229780e+01 1.4050409e+01 1.4306287e+01 1.4529877e+01 1.4822234e+01 1.4730370e+01 1.4458231e+01 1.3952167e+01 1.3781390e+01 1.3670747e+01 1.3575333e+01 1.3508165e+01 1.3435396e+01 1.3403240e+01 1.3356877e+01 1.3277136e+01 1.3307882e+01 1.3359928e+01 1.3329908e+01
2.0129256e+01 2.0039710e+01 1.9976912e+01 2.0003397e+01 1.9882398e+01 1.9732092e+01 1.9556435e+01 1.9436384e+01 1.9398429e+01 1.9244397e+01 1.9081292e+01 1.9023464e+01 1.8781621e+01 1.8518676e+01 1.8444688e+01 1.8312868e+01 1.7910551e+01 1.7602223e+01 1.7643601e+01 1.7532935e+01 1.7520138e+01 1.7541070e+01 1.7326318e+01 1.6473301e+01 1.6045846e+01 1.5254035e+01 1.6016806e+01 1.5650000e+01 1.5243651e+01 1.4745420e+01 1.4565323e+01 1.4067631e+01 1.3441362e+01 1.4171572e+01 1.3012255e+01 1.4516920e+01 1.4870589e+01 1.4568100e+01 1.4165618e+01 1.3925735e+01 1.3784637e+01 1.3669676e+01 1.3587994e+01 1.3501260e+01 1.3453722e+01 1.3443887e+01 1.3357951e+01 1.3373350e+01 1.3347307e+01 1.3345443e+01
2.0407055e+01 2.0313152e+01 2.0229670e+01 2.0179752e+01 2.0227808e+01 2.0061052e+01 1.9809749e+01 1.9610430e+01 1.9502050e+01 1.9421435e+01 1.9232658e+01 1.9159496e+01 1.9001783e+01 1.8886619e+01 1.8614784e+01 1.8191482e+01 1.7968868e+01 1.7588725e+01 1.7849031e+01 1.7846655e+01 1.7815508e+01 1.7637817e+01 1.7572378e+01 1.6843292e+01 1.6743202e+01 1.6508048e+01 1.6245100e+01 1.5858076e+01 1.5766971e+01 1.5184142e+01 1.5119352e+01 1.4748422e+01 1.4062160e+01 1.4165959e+01 1.4287654e+01 1.5046110e+01 1.5064354e+01 1.4590455e+01 1.4271419e+01 1.4067900e+01 1.3910041e+01 1.3780902e+01 1.3696936e+01 1.3603308e+01 1.3551004e+01 1.3522717e+01 1.3484188e+01 1.3509402e+01 1.3515248e+01 1.3460319e+01
2.0678782e+01 2.0729038e+01 2.0548514e+01 2.0279734e+01 2.0176343e+01 2.0079092e+01 1.9983196e+01 1.9780069e+01 1.9634311e+01 1.9594649e+01 1.9430999e+01 1.9313383e+01 1.9222941e+01 1.9280560e+01 1.8929120e+01 1.8933750e+01 1.8313685e+01 1.7574010e+01 1.8020425e+01 1.8188747e+01 1.8131277e+01 1.7905882e+01 1.7344275e+01 1.7079095e+01 1.7002587e+01 1.6957886e+01 1.6459151e+01 1.5633541e+01 1.6111195e+01 1.6174333e+01 1.5168028e+01 1.5035553e+01 1.4912735e+01 1.4405941e+01 1.5027690e+01 1.5053018e+01 1.4054792e+01 1.4552489e+01 1.4474069e+01 1.4247940e+01 1.4075959e+01 1.3946649e+01 1.3858057e+01 1.3773623e+01 1.3729193e+01 1.3724506e+01 1.3730801e+01 1.3344393e+01 1.3822959e+01 1.3744722e+01
2.0872511e+01 2.0676635e+01 2.0685090e+01 2.0459682e+01 2.0257351e+01 2.0210079e+01 2.0217895e+01 2.0027383e+01 1.9905473e+01 1.9845560e+01 1.9771142e+01 1.9678673e+01 1.9617382e+01 1.9577199e+01 1.9286445e+01 1.9159153e+01 1.8592977e+01 1.5516199e+01 1.7515744e+01 1.7985193e+01 1.7767143e+01 1.7705743e+01 1.7715629e+01 1.7593046e+01 1.7436480e+01 1.7486453e+01 1.6718526e+01 1.6286118e+01 1.4886921e+01 1.5646018e+01 1.6095850e+01 1.5774591e+01 1.5323672e+01 1.4057706e+01 1.4510368e+01 1.4243005e+01 1.3791689e+01 1.4629266e+01 1.4613707e+01 1.4406260e+01 1.4219762e+01 1.4087216e+01 1.4020542e+01 1.3985898e+01 1.4021381e+01 1.4084560e+01 1.4003018e+01 1.3620218e+01 1.3930057e+01 1.4090863e+01
2.0940219e+01 2.0844663e+01 2.0707799e+01 2.0609901e+01 2.0426837e+01 2.0370239e+01 2.0373651e+01 2.0376909e+01 2.0327359e+01 2.0248027e+01 2.0173868e+01 2.0057064e+01 1.9906128e+01 1.9680781e+01 1.9582251e+01 1.9164408e+01 1.8851139e+01 1.8397968e+01 1.8717004e+01 1.8318743e+01 1.8121158e+01 1.7567806e+01 1.7238123e+01 1.7704502e+01 1.7781058e+01 1.7852123e+01 1.7205238e+01 1.6726719e+01 1.6398977e+01 1.6378540e+01 1.6188059e+01 1.5776744e+01 1.5508566e+01 1.5487107e+01 1.5359420e+01 1.5309727e+01 1.5118368e+01 1.5001249e+01 1.4759265e+01 1.4562712e+01 1.4396147e+01 1.4268889e+01 1.4209940e+01 1.4214907e+01 1.4096736e+01 1.4074210e+01 1.4135370e+01 1.2059938e+01 1.1545625e+01 1.2932665e+01
