ahotovec/data/depth_0040.asc
ncols     164
nrows     146
xllcorner -1.242151388888889e+02
yllcorner  4.172986111111111e+01
cellsize  2.777777777820000e-04
nodata_value       -9999
[rows 88 to 109 of 146, columns 50 to 99 of 164]
9.6002060e-01 1.3814460e+00 1.0957740e+00 9.6970117e-01 9.0611300e-01 7.0112123e-01 6.1945594e-01 1.9194190e+00 2.4372410e+00 2.4943342e+00 2.7220954e+00 3.0426442e+00 3.3582602e+00 3.6296260e+00 3.8051911e+00 3.9279512e+00 4.5231800e+00 5.1257242e+00 5.4712960e+00 5.8491038e+00 5.9530800e+00 6.2306335e+00 6.2565094e+00 5.8454888e+00 5.4510958e+00 4.9325046e+00 4.6027753e+00 3.6644403e+00 2.4773551e+00 3.9159756e+00 4.3313775e+00 3.8145943e+00 3.9851855e+00 4.2403925e+00 4.2729622e+00 4.0156111e+00 4.0045427e+00 3.9838847e+00 3.9759381e+00 3.9376810e+00 3.8522843e+00 3.6556432e+00 3.4325542e+00 3.2445021e+00 3.1827637e+00 3.1413944e+00 3.4449755e+00 2.6008374e+00 3.1127805e+00 4.1152541e+00
4.0402387e+00 4.8374019e+00 4.7723881e+00 2.1689757e+00 1.1671182e+00 1.0179879e+00 6.9107016e-01 3.6929581e-01 1.8107639e+00 2.8643275e+00 3.0039252e+00 3.1667841e+00 3.6926763e+00 4.1747559e+00 3.9969764e+00 3.9984757e+00 4.6945691e+00 5.1138154e+00 5.2979169e+00 5.8633474e+00 6.4175481e+00 6.6989613e+00 6.5195839e+00 5.8047369e+00 4.7136281e+00 3.3127539e+00 2.7171460e+00 3.1491129e+00 3.4428337e+00 4.0539654e+00 4.5238301e+00 4.7055040e+00 4.7304662e+00 4.7658711e+00 4.7759381e+00 4.7053379e+00 4.5340869e+00 4.4580603e+00 4.2824465e+00 4.1844321e+00 4.1486054e+00 4.0721404e+00 3.9640027e+00 3.6855299e+00 3.2607085e+00 3.2277379e+00 3.4661187e+00 3.1133749e+00 2.9933033e+00 3.1741773e+00
6.5946603e+00 6.3761171e+00 5.6115280e+00 5.3630112e+00 1.3387845e+00 1.1254776e+00 1.1698613e+00 7.1168439e-01 4.9690593e-01 9.2489444e-01 2.6754883e+00 3.0005797e+00 3.2643420e+00 3.0791638e+00 2.1733134e+00 2.2333130e+00 3.4586475e+00 4.3604627e+00 4.9832468e+00 5.4689686e+00 5.8675396e+00 5.9684372e+00 5.1958159e+00 3.5169247e+00 3.1172820e+00 3.0888722e+00 3.3225579e+00 4.2306312e+00 4.9065075e+00 5.2429630e+00 5.4679561e+00 5.4894961e+00 5.3813738e+00 5.2330704e+00 5.1743693e+00 5.1674191e+00 5.1123582e+00 4.9933214e+00 4.9236649e+00 4.7561958e+00 4.5314627e+00 4.2549335e+00 4.1946545e+00 3.9302049e+00 3.7603651e+00 3.6532977e+00 3.5690132e+00 3.5802394e+00 3.1014144e+00 3.1708438e+00
6.4694604e+00 6.5926330e+00 6.4146151e+00 6.1587348e+00 2.6559927e+00 5.4757887e-01 1.8272675e+00 1.7488913e+00 9.0973115e-01 7.7255111e-01 8.0297292e-01 2.4723973e+00 2.5208567e+00 1.4134268e+00 8.8952382e-01 9.8044956e-01 3.0996112e+00 3.9633603e+00 4.4025957e+00 4.7341527e+00 4.7520298e+00 3.9396121e+00 2.6567245e+00 2.7469730e+00 3.5666885e+00 4.0487992e+00 4.4800280e+00 5.2499397e+00 5.7723402e+00 6.0159665e+00 6.0991650e+00 6.0864415e+00 5.8868847e+00 5.6656731e+00 5.4967980e+00 5.4581192e+00 5.4456782e+00 5.3818745e+00 5.2376405e+00 5.1581603e+00 4.9296002e+00 4.6971563e+00 4.4937173e+00 4.4187230e+00 4.2290391e+00 4.1129944e+00 3.9601881e+00 3.8757110e+00 3.7556437e+00 3.6915281e+00
6.1422126e+00 6.3983979e+00 5.5063746e+00 6.2653153e+00 5.3333785e+00 1.0792703e+00 1.4304937e+00 2.0439269e+00 1.8757437e+00 9.0586961e-01 8.9644187e-01 1.0322667e+00 2.4999985e+00 1.7694958e+00 1.8883451e+00 1.3093079e+00 3.9155610e+00 4.2189800e+00 4.1450703e+00 4.0502536e+00 3.6321708e+00 3.0190415e+00 3.1057466e+00 3.3602755e+00 4.1227201e+00 4.9795382e+00 5.5096097e+00 5.9257327e+00 6.2686715e+00 6.4564231e+00 6.5367524e+00 6.5165882e+00 6.3722245e+00 6.0561044e+00 5.7418229e+00 5.6500974e+00 5.6252257e+00 5.5952701e+00 5.4859897e+00 5.2659023e+00 5.0810748e+00 4.9215666e+00 4.8045904e+00 4.5369311e+00 4.4464369e+00 4.2872286e+00 4.1686150e+00 3.9440881e+00 3.7187717e+00 3.5954784e+00
5.4965352e+00 5.7549966e+00 5.9905317e+00 6.1895784e+00 6.0030381e+00 3.3496488e+00 7.4810554e-01 2.0815253e+00 2.6726914e+00 3.5598794e+00 1.5866812e+00 6.4576077e-01 4.3787393e-01 1.4752412e+00 2.2018322e+00 2.9790672e+00 4.1984331e+00 4.1251101e+00 3.9996005e+00 3.8032207e+00 3.4251719e+00 3.4035586e+00 3.9789094e+00 4.5445793e+00 5.3012124e+00 5.8783567e+00 6.2770651e+00 6.4852965e+00 6.6251295e+00 6.7314106e+00 6.8195751e+00 6.8636642e+00 6.7839163e+00 6.4873418e+00 5.9932795e+00 5.7632858e+00 5.6957450e+00 5.6477525e+00 5.5024934e+00 5.3784379e+00 5.2831937e+00 5.1525343e+00 4.9310595e+00 4.7243995e+00 4.6265115e+00 4.3277200e+00 4.1660393e+00 3.6640476e+00 3.3243359e+00 3.1568662e+00
5.3050514e+00 5.5442214e+00 5.8886761e+00 5.8961897e+00 5.8443264e+00 5.0009522e+00 1.5986380e+00 1.4445691e+00 4.9346758e+00 5.5114926e+00 4.8959850e+00 1.0695702e+00 9.6503972e-02 2.6562798e-01 2.6988048e+00 4.9132931e+00 4.5092595e+00 4.4174821e+00 4.2820094e+00 4.1239178e+00 4.0371295e+00 4.5824111e+00 5.2406740e+00 5.8082520e+00 6.1784944e+00 6.4498576e+00 6.6785672e+00 6.8572817e+00 6.9493275e+00 6.9719688e+00 7.0374584e+00 7.0972115e+00 7.1184705e+00 6.8982599e+00 6.2684507e+00 5.9141697e+00 5.7665032e+00 5.6311234e+00 5.4967670e+00 5.4210476e+00 5.3216954e+00 5.1786446e+00 4.9944359e+00 4.8155644e+00 4.7736829e+00 4.3016887e+00 3.6720389e+00 2.8222626e+00 2.5242452e+00 2.4069067e+00
5.4102031e+00 5.6140198e+00 5.7681134e+00 5.8387205e+00 5.8808314e+00 5.7103047e+00 4.5159292e+00 9.7620093e-01 3.4721583e+00 5.1913406e+00 3.5402652e+00 2.1840312e+00 6.4775093e-01 6.3827368e-04 2.1256880e+00 5.1286524e+00 4.8900497e+00 4.7731119e+00 4.6377540e+00 4.7838273e+00 5.0976268e+00 5.6931405e+00 6.1688902e+00 6.4358017e+00 6.6804596e+00 6.8145412e+00 6.9405525e+00 7.0488788e+00 7.1640155e+00 7.2249774e+00 7.2581614e+00 7.3144586e+00 7.3595925e+00 7.2696820e+00 6.5459525e+00 6.0081420e+00 5.8037328e+00 5.7286514e+00 5.6862185e+00 5.6765538e+00 5.6254173e+00 5.4901208e+00 5.3126664e+00 4.9688347e+00 4.7625042e+00 4.2617821e+00 1.2236828e+00 5.3840508e-01 3.9094922e-01 1.0805710e+00
5.5369353e+00 5.7313047e+00 5.8390222e+00 5.8807200e+00 5.8541336e+00 5.8163382e+00 5.4905727e+00 3.5164976e+00 7.8247232e-01 3.4169654e+00 4.3975547e+00 4.4724686e+00 4.1441170e+00 4.1433743e+00 5.0792252e+00 5.4155370e+00 5.3950901e+00 5.3127881e+00 5.2421475e+00 5.6962282e+00 6.2931022e+00 6.6011032e+00 6.7036398e+00 6.7965174e+00 6.9091606e+00 7.0350400e+00 7.1077573e+00 7.2024374e+00 7.2857761e+00 7.3766046e+00 7.4360684e+00 7.4988063e+00 7.5493725e+00 7.4783768e+00 6.7103122e+00 6.0160515e+00 5.8490689e+00 5.8124297e+00 5.8356107e+00 5.8726778e+00 5.8783834e+00 5.9043613e+00 5.9370198e+00 5.9683953e+00 5.8685665e+00 3.1032090e+00 7.8982519e-01 9.8889590e-01 5.5345413e-01 6.2081086e-01
5.6512170e+00 5.8113976e+00 5.9197785e+00 5.9470743e+00 5.8961215e+00 5.7754985e+00 5.7161042e+00 5.2972216e+00 2.0160113e+00 9.2952791e-01 4.8207084e+00 5.1633041e+00 5.5545799e+00 5.8971487e+00 5.7213829e+00 5.7567691e+00 5.9709724e+00 6.0870945e+00 6.1792014e+00 6.5461904e+00 6.8297122e+00 6.9645435e+00 7.0263464e+00 6.9864375e+00 7.0445702e+00 7.1264628e+00 7.2178905e+00 7.2942439e+00 7.3648299e+00 7.4574108e+00 7.5193946e+00 7.5778542e+00 7.6084641e+00 7.4997252e+00 6.9006876e+00 6.2032592e+00 5.9972920e+00 5.9769660e+00 6.0184754e+00 6.0468786e+00 6.1073409e+00 6.1853725e+00 6.2155412e+00 6.1742118e+00 6.0061549e+00 5.3309807e+00 3.6655471e+00 2.8388670e+00 1.9320023e+00 1.2353589e+00
5.7857727e+00 5.9085707e+00 5.9922241e+00 6.0092220e+00 5.9316653e+00 5.8105305e+00 5.6961745e+00 5.6843507e+00 4.4589553e+00 4.6111248e-01 4.0239130e+00 5.6203158e+00 5.4267299e+00 5.5896417e+00 5.7800579e+00 6.0337669e+00 6.3230784e+00 6.4201768e+00 6.5208607e+00 6.8511153e+00 7.0168610e+00 7.1425685e+00 7.1762466e+00 7.1212177e+00 7.1011347e+00 7.1677423e+00 7.2350491e+00 7.3386479e+00 7.4058473e+00 7.4971636e+00 7.5545585e+00 7.5597201e+00 7.5033081e+00 7.5154240e+00 7.1480436e+00 6.5819999e+00 6.1930152e+00 6.1287817e+00 6.1742260e+00 6.2272830e+00 6.3076462e+00 6.3715948e+00 6.3848854e+00 6.3100687e+00 6.1983903e+00 6.0768683e+00 6.1939737e+00 6.2700142e+00 6.3887294e+00 6.2601706e+00
5.9224149e+00 5.9623288e+00 6.0208759e+00 6.0097060e+00 5.9249676e+00 5.8353220e+00 5.6955414e+00 5.6453770e+00 5.3432133e+00 2.8600749e+00 1.0694032e+00 5.0082144e+00 5.5091496e+00 5.7577136e+00 5.8714094e+00 6.0997328e+00 6.2436071e+00 6.3128515e+00 6.7187406e+00 6.9543801e+00 7.1006653e+00 7.1656563e+00 7.1437508e+00 7.0635732e+00 7.0810306e+00 7.1468320e+00 7.2228682e+00 7.3119480e+00 7.4133451e+00 7.4656998e+00 7.5016097e+00 7.4894942e+00 7.4184553e+00 7.4016649e+00 7.2775658e+00 6.9938889e+00 6.5556920e+00 6.3022986e+00 6.3207394e+00 6.3961572e+00 6.4689977e+00 6.5223071e+00 6.5200788e+00 6.4776389e+00 6.4989167e+00 6.5435997e+00 6.6654990e+00 6.9311245e+00 6.9780322e+00 6.9706408e+00
6.0591466e+00 6.0069094e+00 6.0073775e+00 5.9484385e+00 5.8460788e+00 5.7614773e+00 5.6280133e+00 5.4951946e+00 5.3417092e+00 4.4759608e+00 1.3467777e+00 8.2993071e-01 5.1080025e+00 5.7713275e+00 5.8960612e+00 6.1332021e+00 6.3517396e+00 6.4860336e+00 6.8390941e+00 7.0164914e+00 7.1001887e+00 7.0884170e+00 6.9917415e+00 6.9639378e+00 7.0218074e+00 7.0985082e+00 7.1860750e+00 7.2709185e+00 7.3525893e+00 7.4281846e+00 7.4326866e+00 7.3325353e+00 7.2811801e+00 7.2738569e+00 7.3126472e+00 7.2297600e+00 6.9928903e+00 6.6247760e+00 6.5058388e+00 6.5466949e+00 6.6198467e+00 6.6303258e+00 6.6381332e+00 6.6531659e+00 6.7900190e+00 6.9690257e+00 7.0607593e+00 7.0723120e+00 7.0766741e+00 7.1746321e+00
6.3251765e+00 6.1996435e+00 6.0991400e+00 5.9532288e+00 5.7956182e+00 5.6709084e+00 5.5251460e+00 5.3639409e+00 5.2744502e+00 5.2163745e+00 3.6067278e+00 1.4919173e-01 3.7654289e+00 5.7372632e+00 5.6719383e+00 6.0140593e+00 6.3760002e+00 6.6178234e+00 6.7584995e+00 7.0098456e+00 7.0992911e+00 7.0308386e+00 6.9266073e+00 6.8579590e+00 6.9017248e+00 7.0038708e+00 7.0897497e+00 7.1812871e+00 7.2616914e+00 7.3129710e+00 7.2751732e+00 7.1531915e+00 7.1419620e+00 7.1745581e+00 7.3002450e+00 7.3282190e+00 7.2371617e+00 6.9549587e+00 6.7517828e+00 6.7543628e+00 6.7548720e+00 6.7658177e+00 6.7973784e+00 6.8322722e+00 6.9930500e+00 7.1579740e+00 7.2223084e+00 7.1891578e+00 7.2727184e+00 7.3047270e+00
6.6920023e+00 6.4795235e+00 6.2880675e+00 6.0618624e+00 5.8200305e+00 5.5884090e+00 5.3981547e+00 5.2341768e+00 5.0600390e+00 5.0056717e+00 4.5037055e+00 1.4138400e+00 2.7963401e-02 5.1622715e+00 5.5097847e+00 5.8234067e+00 6.2076557e+00 6.5551891e+00 6.7697661e+00 6.8981341e+00 7.0051869e+00 6.9603289e+00 6.8035428e+00 6.7299785e+00 6.7584972e+00 6.8636003e+00 6.9811306e+00 7.0722619e+00 7.1269805e+00 7.1187434e+00 7.0621691e+00 7.0449621e+00 7.0853540e+00 7.1333945e+00 7.2294450e+00 7.3038052e+00 7.3103166e+00 7.1197226e+00 6.9457974e+00 6.9115806e+00 6.9189758e+00 6.9218204e+00 6.9507819e+00 6.9422138e+00 7.0381928e+00 7.1781689e+00 7.2649619e+00 7.3626686e+00 7.3957550e+00 7.3579077e+00
7.0211253e+00 6.7413012e+00 6.4813945e+00 6.1614515e+00 5.8341520e+00 5.5306911e+00 5.2840030e+00 5.0998895e+00 4.9432866e+00 4.8166720e+00 4.5923995e+00 3.1297484e+00 4.7097251e-04 2.5561939e+00 5.3863176e+00 5.4310743e+00 5.8449991e+00 6.2555007e+00 6.5610390e+00 6.8371305e+00 6.9003213e+00 6.9012253e+00 6.7525131e+00 6.5848264e+00 6.5852679e+00 6.6737435e+00 6.8006448e+00 6.9000952e+00 6.9307306e+00 6.8574994e+00 6.9069886e+00 7.0002512e+00 6.9938015e+00 6.9902288e+00 7.1333246e+00 7.1908063e+00 7.2691720e+00 7.2656639e+00 7.1523464e+00 7.0840033e+00 7.1032513e+00 7.1003485e+00 7.1187052e+00 7.1046243e+00 7.1827778e+00 7.2976270e+00 7.3545837e+00 7.4003162e+00 7.3927555e+00 7.2847138e+00
7.3788312e+00 6.9898473e+00 6.6579717e+00 6.2314770e+00 5.8144342e+00 5.4671832e+00 5.2044484e+00 5.0213672e+00 4.8835045e+00 4.7441319e+00 4.6215275e+00 4.5008273e+00 1.9517880e+00 7.2988193e-04 4.1968875e+00 5.2566520e+00 5.5518893e+00 5.9793152e+00 6.2706954e+00 6.6171904e+00 6.8016460e+00 6.7194200e+00 6.6056519e+00 6.3951458e+00 6.3479601e+00 6.4777839e+00 6.5888383e+00 6.6986873e+00 6.7456622e+00 6.6882455e+00 6.8220220e+00 6.9096944e+00 6.9152300e+00 6.9107881e+00 7.0172775e+00 7.1201326e+00 7.2044396e+00 7.3057781e+00 7.2390039e+00 7.2136362e+00 7.2557650e+00 7.2819447e+00 7.2781675e+00 7.2637607e+00 7.3167034e+00 7.3783018e+00 7.3847443e+00 7.3747735e+00 7.3494108e+00 7.3027451e+00
7.7895427e+00 7.3066787e+00 6.8538673e+00 6.3123844e+00 5.7816176e+00 5.3601719e+00 5.0872502e+00 4.9704950e+00 4.9025565e+00 4.7659463e+00 4.6688658e+00 4.7429278e+00 3.9630214e+00 6.2937364e-02 5.2585453e-01 4.8580216e+00 5.2368018e+00 5.5448889e+00 5.8621791e+00 6.2275605e+00 6.5002656e+00 6.5631661e+00 6.3820799e+00 6.2255698e+00 6.1287891e+00 6.2046910e+00 6.3577637e+00 6.4692615e+00 6.5503033e+00 6.5563820e+00 6.7076026e+00 6.8114232e+00 6.8592485e+00 6.8333190e+00 6.9355705e+00 7.0337170e+00 7.1407328e+00 7.2426528e+00 7.2148022e+00 7.3003290e+00 7.3867511e+00 7.4350917e+00 7.4238387e+00 7.4020449e+00 7.3912226e+00 7.4018143e+00 7.3885133e+00 7.4039559e+00 7.4058321e+00 7.3868334e+00
8.2494810e+00 7.6866494e+00 7.1076383e+00 6.4059245e+00 5.7126204e+00 5.1553265e+00 4.8606449e+00 4.6908582e+00 4.3198016e+00 4.7278625e+00 4.8129409e+00 4.7793049e+00 4.6440100e+00 2.5907868e+00 1.0624615e-02 1.5524194e+00 5.0216939e+00 5.1072256e+00 5.4462029e+00 5.8629030e+00 6.2019927e+00 6.4093377e+00 6.2240785e+00 5.9798269e+00 5.8643498e+00 5.9098143e+00 6.0973949e+00 6.2130731e+00 6.3366511e+00 6.4063627e+00 6.5148938e+00 6.6492019e+00 6.7607685e+00 6.7644457e+00 6.8530674e+00 6.9713522e+00 7.0522130e+00 7.1796184e+00 7.2141435e+00 7.3336244e+00 7.4531077e+00 7.5563698e+00 7.5660629e+00 7.5194204e+00 7.4438939e+00 7.4195606e+00 7.4356895e+00 7.4381858e+00 7.4511518e+00 7.4522903e+00
8.7735654e+00 8.1554501e+00 7.4407569e+00 6.5091200e+00 5.5883696e+00 4.7067790e+00 3.7976783e+00 3.6729597e+00 2.1111665e+00 4.4449930e+00 5.1186142e+00 5.0481833e+00 4.9015212e+00 4.2801552e+00 1.2659283e+00 9.5672605e-04 4.1519376e+00 4.7251353e+00 5.0452252e+00 5.4515255e+00 5.8185144e+00 6.1001053e+00 6.1220325e+00 5.8604117e+00 5.6239412e+00 5.5901269e+00 5.7439426e+00 5.9433714e+00 6.1000219e+00 6.2481420e+00 6.4109098e+00 6.4435816e+00 6.5507836e+00 6.6020250e+00 6.7516618e+00 6.8655610e+00 6.9688076e+00 7.1322868e+00 7.2094952e+00 7.3847992e+00 7.5574975e+00 7.6708662e+00 7.7135031e+00 7.6483432e+00 7.5057373e+00 7.4361775e+00 7.4570804e+00 7.4580899e+00 7.4348599e+00 7.4483337e+00
9.4223761e+00 8.7109437e+00 7.8763223e+00 6.7183828e+00 5.5172140e+00 4.4118309e+00 3.6177470e+00 4.1343770e+00 3.9661182e+00 4.6960684e+00 5.5177306e+00 5.5106266e+00 5.3194139e+00 4.8003835e+00 3.4104037e+00 1.8610848e-01 7.9481038e-01 4.6714582e+00 4.6949704e+00 4.9303062e+00 5.3169433e+00 5.6528097e+00 5.8661544e+00 5.8202901e+00 5.4438846e+00 5.2031957e+00 5.2809783e+00 5.5324057e+00 5.7708091e+00 6.0562707e+00 6.3344005e+00 6.3353270e+00 6.3278793e+00 6.4146830e+00 6.5764096e+00 6.7293865e+00 6.8835516e+00 7.0708019e+00 7.1858465e+00 7.3681982e+00 7.5774712e+00 7.7653696e+00 7.8468167e+00 7.7446296e+00 7.5552512e+00 7.4212646e+00 7.4189814e+00 7.4316958e+00 7.4606386e+00 7.4551357e+00
1.0042358e+01 9.2847931e+00 8.3588562e+00 7.0322367e+00 5.6311279e+00 4.6240537e+00 4.4159940e+00 4.3460695e+00 2.8553708e+00 5.1557248e+00 6.0655398e+00 6.1251624e+00 5.9944434e+00 5.5320784e+00 5.0335062e+00 3.5875692e+00 9.2932157e-03 2.4624886e+00 4.5058668e+00 4.6196304e+00 4.9406952e+00 5.2664382e+00 5.5025845e+00 5.5842944e+00 5.3642338e+00 4.8972883e+00 4.7456986e+00 4.9855488e+00 5.3118597e+00 5.6191687e+00 5.7073761e+00 5.9487742e+00 6.0690668e+00 6.1261253e+00 6.3405576e+00 6.5458249e+00 6.7639679e+00 6.9996511e+00 7.1875904e+00 7.4140154e+00 7.6429565e+00 7.8531077e+00 7.9260023e+00 7.7594208e+00 7.5105415e+00 7.3383649e+00 7.3378853e+00 7.3949448e+00 7.4825770e+00 7.5588297e+00
