ahotovec/data/depth_0056.asc
ncols     164
nrows     146
xllcorner -1.242151388888889e+02
yllcorner  4.172986111111111e+01
cellsize  2.777777777820000e-04
nodata_value       -9999
[rows 44 to 65 of 146, columns 100 to 149 of 164]
4.7797611e-01 4.8078154e-01 5.2269331e-01 1.0545453e+00 1.4062368e+00 1.0751324e+00 8.7148499e-01 8.4256395e-01 5.7001788e-01 4.9893812e-01 5.0008605e-01 5.0145039e-01 5.0201540e-01 5.0365609e-01 5.0387143e-01 5.7040377e-01 9.9143084e-01 1.6340887e+00 1.4569993e+00 8.1625481e-01 5.3189377e-01 5.0026160e-01 4.1487466e-01 2.7829450e-01 1.3826529e-01 6.6083569e-03 1.3479408e-03 1.2012306e-03 9.9889220e-04 9.8782883e-04 9.6650632e-04 9.6981399e-04 9.5845263e-04 0.0000000e+00 0.0000000e+00 0.0000000e+00 0.0000000e+00 0.0000000e+00 0.0000000e+00 0.0000000e+00 0.0000000e+00 0.0000000e+00 0.0000000e+00 0.0000000e+00 0.0000000e+00 0.0000000e+00 0.0000000e+00 0.0000000e+00 0.0000000e+00 0.0000000e+00
4.6993800e-01 4.8858513e-01 9.3557125e-01 1.4691497e+00 8.9760339e-01 6.5324579e-01 6.7392243e-01 5.6188963e-01 4.8812103e-01 4.8847454e-01 4.9240383e-01 4.9467780e-01 4.9648609e-01 5.0063974e-01 5.1667558e-01 7.8610925e-01 1.4357246e+00 1.6552368e+00 9.9521403e-01 5.6797358e-01 5.0544918e-01 4.7768998e-01 3.3828218e-01 1.9869266e-01 5.7275110e-02 1.0165862e-03 1.4668429e-03 9.9979643e-04 9.9874694e-04 0.0000000e+00 0.0000000e+00 0.0000000e+00 0.0000000e+00 0.0000000e+00 0.0000000e+00 0.0000000e+00 0.0000000e+00 0.0000000e+00 0.0000000e+00 0.0000000e+00 0.0000000e+00 0.0000000e+00 0.0000000e+00 0.0000000e+00 0.0000000e+00 0.0000000e+00 0.0000000e+00 0.0000000e+00 0.0000000e+00 0.0000000e+00
4.8163320e-01 7.5842948e-01 1.4332069e+00 1.3341516e+00 6.5345380e-01 5.8481963e-01 5.3613240e-01 4.8248095e-01 4.8581406e-01 4.8505457e-01 4.8623274e-01 4.8708662e-01 4.9091596e-01 5.1660301e-01 6.8460807e-01 1.1648235e+00 1.7434230e+00 1.2712120e+00 6.7901065e-01 5.0520205e-01 5.0402761e-01 4.5351130e-01 3.1862025e-01 1.5765974e-01 7.6672900e-03 9.9858300e-04 9.9701155e-04 9.9779267e-04 9.9938701e-04 0.0000000e+00 0.0000000e+00 0.0000000e+00 0.0000000e+00 0.0000000e+00 0.0000000e+00 0.0000000e+00 0.0000000e+00 0.0000000e+00 0.0000000e+00 0.0000000e+00 0.0000000e+00 0.0000000e+00 0.0000000e+00 0.0000000e+00 0.0000000e+00 0.0000000e+00 0.0000000e+00 0.0000000e+00 0.0000000e+00 0.0000000e+00
9.2020312e-01 1.4694929e+00 1.5309741e+00 9.7283597e-01 6.0111356e-01 5.4563504e-01 4.8375175e-01 4.7880186e-01 4.8379614e-01 4.8248056e-01 4.8395433e-01 4.8487842e-01 5.5342802e-01 8.7020537e-01 1.3174682e+00 1.6809910e+00 1.4535795e+00 8.4921178e-01 5.3373605e-01 5.0072520e-01 5.0502091e-01 4.9537534e-01 4.0909997e-01 2.3328720e-01 2.7077947e-02 9.9855744e-04 9.9883112e-04 9.9912889e-04 9.9817111e-04 0.0000000e+00 0.0000000e+00 0.0000000e+00 0.0000000e+00 0.0000000e+00 0.0000000e+00 0.0000000e+00 0.0000000e+00 0.0000000e+00 0.0000000e+00 0.0000000e+00 0.0000000e+00 0.0000000e+00 0.0000000e+00 0.0000000e+00 0.0000000e+00 0.0000000e+00 0.0000000e+00 0.0000000e+00 0.0000000e+00 0.0000000e+00
1.4212715e+00 1.5466943e+00 1.1030811e+00 6.9018204e-01 6.1025828e-01 4.8825299e-01 4.7328307e-01 4.7533917e-01 4.7545218e-01 4.7947062e-01 4.7931599e-01 5.5951802e-01 8.7856023e-01 1.4512455e+00 1.6742355e+00 1.1955078e+00 8.2445946e-01 5.6659167e-01 4.9254542e-01 4.9361527e-01 4.9776149e-01 4.8426270e-01 4.3933281e-01 3.2126364e-01 9.8772143e-02 9.9352064e-04 9.9331094e-04 9.9688187e-04 9.9856510e-04 0.0000000e+00 0.0000000e+00 0.0000000e+00 0.0000000e+00 0.0000000e+00 0.0000000e+00 0.0000000e+00 0.0000000e+00 0.0000000e+00 0.0000000e+00 0.0000000e+00 0.0000000e+00 0.0000000e+00 0.0000000e+00 0.0000000e+00 0.0000000e+00 0.0000000e+00 0.0000000e+00 0.0000000e+00 0.0000000e+00 0.0000000e+00
1.3366986e+00 9.6112682e-01 6.4719360e-01 6.5913054e-01 6.1080735e-01 4.7824827e-01 4.6792096e-01 4.7057421e-01 4.7503342e-01 4.7413262e-01 5.2917116e-01 8.3911151e-01 1.4500314e+00 1.6609080e+00 1.1078494e+00 6.5135831e-01 5.0630847e-01 4.9539972e-01 4.9273107e-01 4.9402135e-01 4.8996969e-01 4.0639468e-01 2.7598157e-01 1.8885013e-01 2.7397065e-02 1.2407634e-03 1.9826372e-03 9.9936882e-04 0.0000000e+00 0.0000000e+00 0.0000000e+00 0.0000000e+00 0.0000000e+00 0.0000000e+00 0.0000000e+00 0.0000000e+00 0.0000000e+00 0.0000000e+00 0.0000000e+00 0.0000000e+00 0.0000000e+00 0.0000000e+00 0.0000000e+00 0.0000000e+00 0.0000000e+00 0.0000000e+00 0.0000000e+00 0.0000000e+00 0.0000000e+00 0.0000000e+00
5.9721024e-01 4.6592897e-01 5.2984749e-01 6.3318983e-01 6.5473233e-01 5.5581118e-01 4.6626862e-01 4.6483622e-01 4.6908921e-01 5.0298780e-01 7.7761931e-01 1.3648411e+00 1.6696451e+00 1.1213068e+00 6.3940107e-01 4.9136329e-01 4.8755737e-01 4.9341620e-01 4.9226762e-01 4.9344215e-01 4.9620601e-01 4.3273335e-01 2.7309621e-01 9.4152197e-02 1.0038734e-03 1.5210068e-03 9.9937962e-04 9.9545770e-04 2.2179379e-04 0.0000000e+00 0.0000000e+00 0.0000000e+00 0.0000000e+00 0.0000000e+00 0.0000000e+00 0.0000000e+00 0.0000000e+00 0.0000000e+00 0.0000000e+00 0.0000000e+00 0.0000000e+00 0.0000000e+00 0.0000000e+00 0.0000000e+00 0.0000000e+00 0.0000000e+00 0.0000000e+00 0.0000000e+00 0.0000000e+00 0.0000000e+00
4.5199540e-01 4.5144990e-01 4.6422060e-01 5.1392759e-01 5.5544794e-01 5.6431996e-01 4.7766061e-01 4.5863242e-01 4.7877409e-01 6.9875446e-01 1.2429287e+00 1.7067261e+00 1.1745765e+00 6.7740895e-01 4.8837615e-01 4.8079501e-01 4.8599005e-01 4.9137909e-01 4.9124126e-01 4.9249248e-01 4.8429275e-01 3.8322159e-01 2.4884729e-01 6.7164836e-02 1.0059610e-03 1.7506888e-03 9.9937202e-04 9.9888727e-04 9.9681786e-04 3.5961031e-04 0.0000000e+00 0.0000000e+00 0.0000000e+00 0.0000000e+00 0.0000000e+00 0.0000000e+00 0.0000000e+00 0.0000000e+00 0.0000000e+00 0.0000000e+00 0.0000000e+00 0.0000000e+00 0.0000000e+00 0.0000000e+00 0.0000000e+00 0.0000000e+00 0.0000000e+00 0.0000000e+00 0.0000000e+00 0.0000000e+00
4.3759807e-01 4.3809793e-01 4.3908584e-01 4.4698769e-01 4.4981934e-01 4.5631834e-01 4.4491917e-01 4.5261940e-01 6.0749895e-01 1.1377847e+00 1.6869083e+00 1.2789579e+00 7.0976895e-01 4.7944496e-01 4.7052647e-01 4.7720001e-01 4.8207358e-01 4.7934828e-01 4.5577071e-01 4.0971357e-01 3.4223050e-01 2.3871012e-01 1.0069825e-01 1.5695306e-03 1.6726621e-03 1.2760967e-03 9.9579817e-04 9.9737877e-04 9.9923649e-04 9.9896903e-04 4.3798407e-04 0.0000000e+00 0.0000000e+00 0.0000000e+00 0.0000000e+00 0.0000000e+00 0.0000000e+00 0.0000000e+00 0.0000000e+00 0.0000000e+00 0.0000000e+00 0.0000000e+00 0.0000000e+00 0.0000000e+00 0.0000000e+00 0.0000000e+00 0.0000000e+00 0.0000000e+00 0.0000000e+00 0.0000000e+00
4.2159012e-01 4.2317996e-01 4.2487078e-01 4.3083613e-01 4.2835520e-01 4.2692183e-01 4.3890609e-01 6.0479298e-01 1.0296174e+00 1.6376668e+00 1.3846583e+00 7.7082170e-01 4.7655158e-01 4.1957738e-01 4.0600571e-01 3.8505540e-01 3.5691106e-01 3.2786213e-01 2.6195838e-01 1.9362077e-01 1.1469174e-01 3.1935040e-02 9.8936491e-04 1.1830617e-03 1.1214779e-03 9.9876415e-04 9.9851285e-04 9.9883434e-04 9.9636413e-04 9.9933799e-04 9.9754849e-04 2.0593577e-05 3.6915611e-04 0.0000000e+00 0.0000000e+00 0.0000000e+00 0.0000000e+00 0.0000000e+00 0.0000000e+00 0.0000000e+00 0.0000000e+00 0.0000000e+00 0.0000000e+00 0.0000000e+00 0.0000000e+00 0.0000000e+00 0.0000000e+00 0.0000000e+00 0.0000000e+00 0.0000000e+00
4.0223946e-01 4.0525090e-01 4.0836373e-01 4.1130685e-01 4.1083672e-01 4.2176856e-01 6.2837831e-01 1.1497793e+00 1.6013351e+00 1.4652774e+00 8.6310449e-01 4.9318942e-01 3.5153360e-01 2.7733414e-01 2.2155922e-01 1.6877345e-01 1.1720349e-01 5.7167909e-02 2.6540679e-02 1.0054014e-03 1.0062209e-03 9.9718427e-04 1.0590225e-03 9.9959869e-04 9.9689663e-04 9.9913783e-04 9.9762452e-04 9.9953277e-04 9.9916865e-04 9.9605985e-04 9.9931214e-04 9.9927392e-04 9.9720736e-04 6.3052046e-04 2.5297531e-04 0.0000000e+00 0.0000000e+00 0.0000000e+00 0.0000000e+00 0.0000000e+00 0.0000000e+00 0.0000000e+00 0.0000000e+00 0.0000000e+00 0.0000000e+00 0.0000000e+00 0.0000000e+00 0.0000000e+00 0.0000000e+00 0.0000000e+00
3.7757832e-01 3.8276049e-01 3.8749118e-01 3.9317029e-01 4.1827867e-01 6.5766935e-01 1.1987367e+00 1.7025191e+00 1.6113840e+00 1.0368916e+00 5.4025581e-01 3.5575828e-01 2.5117311e-01 1.6492968e-01 7.6073151e-02 2.9491253e-02 9.8248526e-04 9.9590566e-04 1.6568075e-03 3.2123922e-03 2.5551176e-03 1.5906746e-03 9.9957076e-04 9.9943290e-04 9.9953651e-04 9.9958356e-04 9.9919993e-04 9.9968449e-04 9.9894563e-04 9.9901936e-04 9.9907078e-04 9.9734034e-04 9.9896841e-04 9.9772629e-04 9.9769818e-04 0.0000000e+00 0.0000000e+00 0.0000000e+00 0.0000000e+00 0.0000000e+00 0.0000000e+00 0.0000000e+00 0.0000000e+00 0.0000000e+00 0.0000000e+00 0.0000000e+00 0.0000000e+00 0.0000000e+00 0.0000000e+00 0.0000000e+00
3.5240587e-01 3.5899911e-01 3.7006042e-01 4.1976249e-01 6.8572533e-01 1.2082318e+00 1.6782871e+00 1.5851258e+00 1.0468202e+00 6.0244938e-01 4.2288281e-01 3.5229690e-01 2.6976283e-01 1.8498808e-01 7.6858423e-02 2.0448491e-03 1.3459990e-03 2.2900656e-03 3.2546449e-03 2.7340536e-03 1.8351588e-03 1.0626795e-03 9.9934434e-04 9.9974698e-04 9.9878679e-04 9.9865921e-04 9.9926074e-04 9.9891449e-04 9.9853649e-04 9.9974247e-04 9.9878197e-04 9.9848142e-04 9.9865896e-04 9.9924376e-04 9.9893915e-04 0.0000000e+00 0.0000000e+00 0.0000000e+00 0.0000000e+00 0.0000000e+00 0.0000000e+00 0.0000000e+00 0.0000000e+00 0.0000000e+00 0.0000000e+00 0.0000000e+00 0.0000000e+00 0.0000000e+00 0.0000000e+00 0.0000000e+00
6.7742922e-01 6.8574372e-01 7.3604125e-01 9.3964997e-01 1.3514359e+00 1.6846194e+00 1.5306176e+00 1.0753000e+00 6.9730182e-01 5.2965678e-01 4.6154827e-01 4.0636288e-01 3.5005654e-01 2.3315978e-01 1.2058778e-01 4.7133776e-03 3.4421234e-03 3.6074864e-03 1.9473662e-03 1.3016088e-03 9.9994486e-04 9.9888783e-04 9.9853007e-04 9.9855154e-04 9.9909076e-04 9.9932947e-04 9.9946553e-04 9.9987658e-04 9.9915822e-04 9.9961600e-04 9.9826264e-04 9.9929957e-04 9.9895086e-04 9.9874017e-04 9.9881575e-04 0.0000000e+00 0.0000000e+00 0.0000000e+00 0.0000000e+00 0.0000000e+00 0.0000000e+00 0.0000000e+00 0.0000000e+00 0.0000000e+00 0.0000000e+00 0.0000000e+00 0.0000000e+00 0.0000000e+00 0.0000000e+00 0.0000000e+00
1.5544756e+00 1.5664799e+00 1.5843236e+00 1.6527601e+00 1.6843540e+00 1.4260473e+00 1.0281028e+00 7.6818442e-01 6.7335923e-01 5.8285855e-01 4.9884286e-01 4.2054552e-01 3.7789982e-01 2.6729718e-01 1.5155571e-01 2.8692108e-02 2.0112095e-03 4.5451519e-03 2.8851610e-03 2.0770293e-03 1.1921552e-03 9.9807953e-04 9.9892165e-04 9.9924171e-04 9.9983335e-04 9.9910751e-04 9.9990296e-04 9.9873620e-04 9.9979748e-04 9.9854495e-04 9.9819140e-04 9.9930407e-04 9.9874644e-04 9.9798748e-04 9.9832948e-04 9.9954235e-04 0.0000000e+00 0.0000000e+00 0.0000000e+00 0.0000000e+00 0.0000000e+00 0.0000000e+00 0.0000000e+00 0.0000000e+00 0.0000000e+00 0.0000000e+00 0.0000000e+00 0.0000000e+00 0.0000000e+00 0.0000000e+00
1.3141375e+00 1.3465230e+00 1.3515316e+00 1.3204448e+00 1.1869234e+00 9.6057403e-01 7.6640826e-01 7.2131380e-01 6.4122987e-01 5.7250220e-01 5.0417065e-01 4.2661010e-01 3.9169293e-01 2.9264094e-01 1.7969927e-01 5.5096864e-02 1.6691271e-03 8.1945364e-03 8.9568147e-03 5.9756906e-03 3.1701610e-03 1.4224907e-03 9.9841122e-04 9.9977314e-04 9.9944789e-04 9.9941948e-04 9.9885772e-04 9.9956853e-04 9.9889357e-04 9.9904850e-04 9.9875355e-04 9.9892858e-04 9.9869560e-04 9.9885540e-04 9.9921032e-04 9.9945887e-04 9.9960406e-04 9.9923996e-04 0.0000000e+00 0.0000000e+00 0.0000000e+00 0.0000000e+00 0.0000000e+00 0.0000000e+00 0.0000000e+00 0.0000000e+00 0.0000000e+00 0.0000000e+00 0.0000000e+00 0.0000000e+00
6.9198455e-01 7.6290946e-01 8.0665831e-01 8.1390197e-01 7.9906354e-01 7.6834654e-01 7.1330221e-01 6.9814120e-01 6.2676829e-01 5.8912580e-01 5.1014310e-01 4.5294693e-01 4.0354378e-01 3.3725215e-01 2.2257720e-01 9.5614569e-02 4.0572323e-03 1.1855347e-02 6.8090943e-03 5.9096627e-03 4.3468420e-03 2.7905787e-03 9.9995169e-04 9.9713765e-04 9.9915425e-04 9.9831191e-04 9.9808397e-04 9.9889750e-04 9.9638173e-04 9.9632476e-04 9.9609489e-04 9.9823838e-04 9.9897322e-04 9.9989956e-04 9.9961584e-04 9.9862913e-04 9.9996865e-04 9.9986279e-04 9.9992806e-04 2.2313424e-04 0.0000000e+00 0.0000000e+00 0.0000000e+00 0.0000000e+00 0.0000000e+00 0.0000000e+00 0.0000000e+00 0.0000000e+00 0.0000000e+00 0.0000000e+00
5.6918353e-01 6.1614170e-01 6.1312362e-01 6.5394058e-01 6.7512469e-01 6.9177747e-01 6.9269720e-01 6.4966850e-01 6.0793848e-01 5.8685270e-01 5.1124327e-01 4.6833789e-01 4.0908317e-01 3.4544985e-01 2.2977254e-01 1.0584540e-01 1.8085143e-03 8.9594664e-03 5.7913301e-03 3.2723925e-03 9.9812778e-04 9.9961814e-04 9.9997521e-04 9.9783878e-04 9.9706535e-04 9.9860886e-04 9.9839279e-04 9.9877089e-04 9.9975603e-04 9.9941542e-04 9.9981661e-04 9.9779838e-04 9.9962799e-04 9.9938908e-04 9.9941156e-04 9.9952388e-04 9.9992678e-04 9.9948228e-04 9.9875047e-04 9.9903756e-04 9.9874011e-04 0.0000000e+00 0.0000000e+00 0.0000000e+00 0.0000000e+00 0.0000000e+00 0.0000000e+00 0.0000000e+00 0.0000000e+00 0.0000000e+00
4.2516663e-01 4.3314205e-01 4.6907839e-01 5.2992544e-01 5.6149173e-01 5.9388136e-01 6.0551978e-01 5.9901510e-01 5.9609074e-01 5.5711241e-01 5.0456003e-01 4.3828329e-01 4.0754281e-01 3.4253601e-01 2.2415396e-01 7.5037723e-02 1.0171772e-03 3.0342251e-03 9.9675097e-04 9.9841319e-04 9.9918422e-04 9.9912147e-04 9.9870002e-04 9.9481503e-04 9.9918167e-04 9.9966108e-04 9.9954512e-04 9.9941194e-04 9.9942415e-04 9.9945676e-04 9.9988539e-04 9.9919247e-04 9.9941582e-04 9.9833391e-04 9.9843733e-04 9.9918770e-04 9.9996939e-04 9.9957635e-04 9.9987114e-04 9.9893518e-04 9.9964180e-04 9.9882149e-04 0.0000000e+00 0.0000000e+00 0.0000000e+00 0.0000000e+00 0.0000000e+00 0.0000000e+00 0.0000000e+00 0.0000000e+00
3.5142380e-01 3.6257170e-01 3.7498662e-01 3.9799961e-01 4.3778320e-01 4.7033826e-01 4.9051834e-01 5.2409328e-01 5.2967033e-01 5.0912311e-01 4.9217163e-01 4.2386317e-01 4.0171160e-01 3.0981856e-01 1.8752564e-01 6.2294509e-02 9.7408159e-04 1.1122595e-03 9.9536956e-04 9.9965932e-04 9.9652706e-04 9.9786937e-04 9.9915433e-04 9.9762082e-04 9.9914535e-04 9.9963414e-04 9.9928371e-04 9.9999224e-04 9.9982704e-04 9.9946009e-04 9.9971023e-04 9.9965141e-04 9.9943300e-04 9.9935368e-04 9.9929834e-04 9.9946154e-04 9.9881797e-04 9.9895823e-04 9.9933228e-04 9.9927531e-04 9.9930095e-04 9.9939033e-04 9.9908701e-04 9.9979627e-04 0.0000000e+00 0.0000000e+00 0.0000000e+00 0.0000000e+00 0.0000000e+00 0.0000000e+00
3.4034741e-01 3.5176309e-01 3.6205516e-01 3.7296156e-01 3.7986360e-01 3.8742174e-01 3.9734004e-01 4.2023204e-01 4.3324694e-01 4.3447551e-01 4.2152295e-01 4.0588563e-01 3.9667697e-01 3.0545535e-01 1.8275174e-01 5.9419018e-02 7.9812818e-03 1.9101108e-02 1.4328446e-02 1.1136530e-02 6.9853529e-03 2.3066014e-03 9.9767291e-04 9.9801212e-04 9.9794781e-04 9.9879938e-04 9.9853486e-04 9.9912036e-04 9.9964643e-04 9.9953941e-04 9.9963039e-04 9.9997387e-04 9.9892368e-04 9.9960822e-04 9.9952655e-04 9.9914773e-04 9.9972992e-04 9.9981862e-04 9.9941824e-04 9.9878351e-04 9.9966341e-04 9.9869913e-04 9.9874252e-04 9.9886671e-04 9.9934818e-04 9.9930312e-04 9.9984279e-04 0.0000000e+00 0.0000000e+00 0.0000000e+00
3.2719735e-01 3.4015487e-01 3.5258279e-01 3.6364357e-01 3.7096999e-01 3.7837617e-01 3.8503008e-01 3.9066933e-01 3.9662389e-01 3.9732609e-01 3.8898420e-01 3.6205965e-01 2.9724987e-01 1.9492198e-01 6.9412885e-02 1.0098078e-03 2.0678949e-03 1.1401844e-03 1.7430303e-03 3.1094566e-03 5.5712467e-03 7.8002015e-03 5.6490469e-03 3.0152555e-03 2.1712208e-03 9.9981750e-04 9.9992982e-04 9.9960712e-04 9.9934671e-04 9.9875808e-04 9.9975196e-04 9.9861382e-04 9.9935766e-04 9.9937845e-04 9.9888459e-04 9.9970035e-04 9.9957585e-04 9.9887893e-04 9.9922004e-04 9.9989966e-04 9.9964072e-04 9.9902962e-04 9.9848992e-04 9.9860767e-04 9.9881250e-04 9.9872891e-04 9.9957152e-04 9.9959450e-04 0.0000000e+00 0.0000000e+00
