ahotovec/data/depth_0056.asc
ncols     164
nrows     146
xllcorner -1.242151388888889e+02
yllcorner  4.172986111111111e+01
cellsize  2.777777777820000e-04
nodata_value       -9999
[rows 66 to 87 of 146, columns 100 to 149 of 164]
2.8612480e-01 3.0598299e-01 3.1300830e-01 3.3011103e-01 3.4333494e-01 3.5165656e-01 3.6635544e-01 3.8283466e-01 3.8981582e-01 3.5522369e-01 2.9225161e-01 2.2396731e-01 1.3501835e-01 2.6148186e-02 1.1679690e-03 3.8630266e-03 3.8762565e-03 3.4754137e-03 3.3189305e-03 3.0484626e-03 2.0607059e-03 1.0019693e-03 1.9852338e-03 3.1291780e-03 1.6613119e-03 9.9964215e-04 9.9928421e-04 9.9952788e-04 9.9901521e-04 9.9969345e-04 9.9885266e-04 9.9939926e-04 9.9999835e-04 9.8276370e-04 9.9973317e-04 9.9935765e-04 9.9769617e-04 9.9912507e-04 9.9928385e-04 9.9966300e-04 9.9919002e-04 9.9987941e-04 9.9886800e-04 9.9878776e-04 9.9855903e-04 9.9988141e-04 9.9979051e-04 9.9843761e-04 9.9957594e-04 9.9986276e-04
1.0776842e-01 1.2586849e-01 1.1053969e-01 1.3953147e-01 2.0181440e-01 2.5107217e-01 2.7014059e-01 2.8995648e-01 2.9737524e-01 2.6520433e-01 1.6589139e-01 3.1220368e-02 1.0131480e-03 2.7204907e-03 4.4111245e-03 2.5526284e-03 2.2671085e-03 1.8832849e-03 1.6503140e-03 1.5261320e-03 1.1602232e-03 9.9680275e-04 9.9484598e-04 9.9262450e-04 9.9969802e-04 9.9700029e-04 9.9953075e-04 9.9968320e-04 9.9835598e-04 9.9855341e-04 9.9814203e-04 9.8940774e-04 9.9527305e-04 9.9959793e-04 9.9889634e-04 9.9799636e-04 9.9779316e-04 9.8729749e-04 9.9658482e-04 9.9854162e-04 9.9948690e-04 9.9960371e-04 9.9973642e-04 9.9993098e-04 9.9966481e-04 9.9910325e-04 9.9926664e-04 9.9891201e-04 9.9890443e-04 9.9915003e-04
1.1808490e-01 1.1465524e-01 1.1257394e-01 1.5190283e-01 1.5569610e-01 1.3650195e-01 1.1163412e-01 1.0022208e-01 1.1254017e-01 8.2209262e-02 1.0765867e-03 1.5371722e-03 1.8718051e-03 2.7459735e-03 4.0113505e-03 5.7737554e-03 5.8205336e-03 4.7222104e-03 3.3818106e-03 2.3541553e-03 1.6663079e-03 9.9882745e-04 9.8764403e-04 9.9241680e-04 9.9824469e-04 9.7938087e-04 9.9455938e-04 9.8889326e-04 9.9890610e-04 9.8301167e-04 9.8249249e-04 9.9622830e-04 9.8476890e-04 9.8297683e-04 9.9196591e-04 9.8680470e-04 9.9688135e-04 9.9986495e-04 9.9230894e-04 9.9737680e-04 9.8359576e-04 9.8165596e-04 9.9377404e-04 9.9969774e-04 9.9997446e-04 9.9964749e-04 9.9787216e-04 9.9888940e-04 9.9892627e-04 9.9995495e-04
1.0510721e-01 1.0587849e-01 1.0261234e-01 1.2383504e-01 1.3314745e-01 1.0563127e-01 9.5927174e-02 7.6135121e-02 6.7125047e-02 3.4633182e-02 1.3665476e-03 2.5220323e-03 3.9400487e-03 5.5704432e-03 7.4141298e-03 8.2994824e-03 6.4406979e-03 4.5236071e-03 6.2600476e-03 1.7138044e-02 2.8928714e-02 6.2823388e-02 7.5151973e-02 7.9457083e-02 1.0942272e-01 9.3688187e-02 1.2096870e-01 1.4241970e-01 1.6246329e-01 1.3930012e-01 1.6542584e-01 1.4177587e-01 9.2995559e-02 3.7283973e-02 9.8987367e-04 9.9520135e-04 9.7523313e-04 9.9084526e-04 9.8182577e-04 9.9014312e-04 9.9710609e-04 9.9981178e-04 9.9991203e-04 9.9778954e-04 9.9910050e-04 9.9898002e-04 9.9909284e-04 9.9997974e-04 9.9945013e-04 9.9958013e-04
2.2820415e-01 2.1403105e-01 1.9038749e-01 1.7516171e-01 1.5250083e-01 1.1362568e-01 1.1605352e-01 8.0359181e-02 1.3672742e-02 1.2066810e-02 3.8851673e-03 3.9750209e-03 4.2516190e-03 4.7383329e-03 6.8090657e-03 2.2957236e-02 4.6237708e-02 8.4877457e-02 1.4234141e-01 2.2613649e-01 2.7659183e-01 3.3605000e-01 3.8991785e-01 4.2942115e-01 4.3381939e-01 4.3584541e-01 4.6780593e-01 5.0552253e-01 5.2918996e-01 5.4385846e-01 5.1642749e-01 5.0471130e-01 4.7165096e-01 3.8881215e-01 3.2631462e-01 3.1625069e-01 2.8750004e-01 2.9598349e-01 2.2881622e-01 8.3538641e-02 1.7182765e-02 9.9800560e-04 9.7118684e-04 9.9537559e-04 9.9253507e-04 9.9940087e-04 9.9834748e-04 9.9914887e-04 9.9972350e-04 9.9939759e-04
2.7396762e-01 2.1927233e-01 1.4612174e-01 1.1422964e-01 9.4969857e-02 7.9484006e-02 8.1934921e-02 7.8084577e-02 7.7587915e-02 5.9443853e-02 1.7593473e-03 4.4776886e-03 4.0314191e-03 5.4506622e-03 1.3362705e-02 4.1025385e-02 8.8029471e-02 1.6555115e-01 2.8260197e-01 3.9874122e-01 5.1594509e-01 5.8326608e-01 6.5897656e-01 6.8141332e-01 6.7104986e-01 7.1006732e-01 7.5355999e-01 7.8830118e-01 8.0814711e-01 8.0918446e-01 7.8724006e-01 7.8992595e-01 7.4994909e-01 6.7999519e-01 6.7543072e-01 6.9863101e-01 6.6393508e-01 6.4072825e-01 5.3891802e-01 4.3725188e-01 3.5513049e-01 2.4237650e-01 1.4181066e-01 9.9162832e-04 9.9007394e-04 9.9662118e-04 9.9571114e-04 9.9930787e-04 9.9921270e-04 9.9869820e-04
2.6481248e-01 2.5522900e-01 1.4966406e-01 5.0742088e-02 6.5446163e-02 1.6405025e-01 1.5418290e-01 5.1186073e-02 4.4835880e-02 7.6960567e-02 7.1471432e-02 2.9120433e-02 1.1521961e-03 1.0416047e-03 2.7363586e-02 9.2827141e-02 1.7657203e-01 2.9588216e-01 3.5657349e-01 4.5856951e-01 4.9958767e-01 5.9119103e-01 6.9952698e-01 7.7247072e-01 8.1231908e-01 8.4990031e-01 8.9829937e-01 9.2431526e-01 9.5690698e-01 9.8164767e-01 1.0164398e+00 9.7053643e-01 8.7166134e-01 9.5697005e-01 1.0185432e+00 1.0434494e+00 1.0139310e+00 9.2342844e-01 8.2262609e-01 7.3379760e-01 6.1964235e-01 5.2759665e-01 4.1668933e-01 2.9656815e-01 1.8216255e-01 6.4765462e-02 9.9568240e-04 9.9966848e-04 9.9927680e-04 9.9870958e-04
1.7737000e-01 1.9047808e-01 1.7202023e-01 9.0776324e-03 3.1439220e-02 8.4348914e-02 1.3172404e-01 1.2901813e-01 8.4638302e-02 8.2899563e-02 2.0384574e-02 7.0101136e-01 2.7612118e+00 1.9067824e-01 1.3135207e-01 2.7874232e-01 3.2957357e-01 3.7296779e-01 3.8178066e-01 3.3357537e-01 2.6155123e-01 2.3438052e-01 3.9162665e-01 5.5209492e-01 6.8096131e-01 6.4446490e-01 6.1411926e-01 6.5160207e-01 7.6305767e-01 8.5737876e-01 9.3343043e-01 1.0190898e+00 1.1158521e+00 1.2147680e+00 1.2525071e+00 1.2584563e+00 1.2432066e+00 1.1607084e+00 1.0683918e+00 9.8628236e-01 8.8241741e-01 7.8333529e-01 6.9000205e-01 5.7405499e-01 4.7052711e-01 3.1412382e-01 1.4292951e-01 9.9453573e-04 9.9645357e-04 9.9831829e-04
9.9503773e-02 1.1126605e-01 8.2821547e-02 1.0612314e-02 9.9698310e-04 9.8699237e-04 9.8304770e-04 9.8498474e-04 7.1450239e-02 8.7605935e-03 1.8119834e+00 4.2803902e+00 4.6860177e+00 3.3564311e+00 5.3618038e-01 2.6169906e-01 3.9652114e-01 4.4528976e-01 2.7031157e-01 7.9747009e-02 1.4128061e-03 4.5149705e-03 3.6791558e-02 1.4232711e-01 1.9069662e-01 1.6758010e-01 1.3958021e-01 1.8667226e-01 2.9307354e-01 4.1751231e-01 6.1681110e-01 9.3541678e-01 1.2806870e+00 1.3784682e+00 1.4204052e+00 1.4250008e+00 1.3784096e+00 1.3454919e+00 1.2662106e+00 1.1930274e+00 1.1053442e+00 1.0352997e+00 9.5671836e-01 8.6225327e-01 6.9894112e-01 4.5553380e-01 2.6496274e-01 2.8121367e-02 9.9484216e-04 9.9824635e-04
9.6534974e-01 9.7988841e-02 2.5507905e-02 1.0332562e-02 9.9974982e-04 9.3790984e-04 8.7032898e-04 8.3867553e-04 1.1879452e-03 2.7271886e+00 4.5437128e+00 4.7796289e+00 4.8414594e+00 4.9350215e+00 4.8157653e+00 1.9343841e+00 8.7572421e-02 2.2638665e-01 5.7381544e-02 1.6586224e-02 8.7783215e-03 9.4303619e-04 1.3263604e-03 1.5004639e-02 2.1312205e-02 1.8266377e-02 1.0581268e-03 1.0038840e-03 1.8784900e-02 1.3310598e-01 4.2856861e-01 8.6785094e-01 1.3619169e+00 1.5912722e+00 1.5968419e+00 1.5691780e+00 1.5631327e+00 1.4816112e+00 1.4269910e+00 1.3541463e+00 1.2799878e+00 1.2095823e+00 1.1302994e+00 1.0114420e+00 7.7268755e-01 4.9538293e-01 2.7082730e-01 4.9166159e-02 9.9019266e-04 9.9990972e-04
2.0434964e+00 1.8872571e+00 8.0760629e-01 9.5785910e-04 9.9317630e-04 7.6671122e-04 9.0097407e-04 8.0366819e-04 4.1081571e+00 4.9058623e+00 5.0103949e+00 5.1432147e+00 5.2368865e+00 5.3451279e+00 5.3478776e+00 4.2110454e+00 2.8153827e+00 1.7401120e-01 6.4028727e-03 3.5013435e-02 6.4207367e-02 1.8557304e-01 6.8001672e-02 9.8304079e-02 2.6316418e-01 2.6350543e-01 7.8146316e-02 2.8421205e-02 1.4564716e-02 6.6901180e-02 2.8802747e-01 7.3469846e-01 1.3337393e+00 1.7526265e+00 1.8837569e+00 1.8407121e+00 1.7449178e+00 1.6548251e+00 1.5703477e+00 1.4857133e+00 1.4000165e+00 1.2987897e+00 1.1817271e+00 1.0223847e+00 7.8616622e-01 5.3854768e-01 3.1351987e-01 1.4370452e-01 4.0537557e-02 5.2754318e-02
2.3564103e+00 1.9901126e+00 1.7681617e+00 1.1248333e+00 9.3931723e-04 5.2200861e-04 7.6418241e-04 3.7608289e+00 4.8122036e+00 4.9637097e+00 5.0908557e+00 5.1849932e+00 5.3023318e+00 5.5300187e+00 5.6580869e+00 5.4516525e+00 5.6728844e+00 3.4735606e+00 2.2464007e-02 8.2233574e-02 9.2075024e-02 2.0828495e-01 2.5432640e-01 4.4548694e-01 7.0022556e-01 7.2050687e-01 4.5510153e-01 4.7845565e-01 1.8579962e-01 1.4040068e-01 2.1945970e-01 5.2091131e-01 1.1399167e+00 1.7747708e+00 2.0937530e+00 2.1334138e+00 1.9866127e+00 1.8304427e+00 1.7285384e+00 1.6200427e+00 1.4732966e+00 1.3272717e+00 1.1991340e+00 1.0387188e+00 7.9830302e-01 5.7813314e-01 4.0814045e-01 3.2225649e-01 2.8383763e-01 3.7840197e-01
2.8641506e+00 2.6233076e+00 2.0154940e+00 1.1008394e+00 6.7413539e-04 5.9575918e-01 4.1688539e+00 4.6256402e+00 4.5610894e+00 4.5134746e+00 4.7159836e+00 4.8601450e+00 5.2889446e+00 5.5371599e+00 5.7030270e+00 5.7434572e+00 5.4814440e+00 2.9856197e+00 1.0046354e-03 2.3308693e-02 3.5818464e-02 3.0529657e-02 3.0729555e-01 4.0814726e-01 4.6554463e-01 3.9412704e-01 7.8036669e-01 6.2657558e-01 5.6359127e-01 4.8645576e-01 3.3053269e-01 3.9745214e-01 9.7265058e-01 1.7303626e+00 2.1605506e+00 2.3102174e+00 2.2066077e+00 2.0223439e+00 1.8652306e+00 1.7672626e+00 1.5944468e+00 1.4116887e+00 1.2228143e+00 1.0500573e+00 7.9835597e-01 6.5683430e-01 5.8580729e-01 5.5943391e-01 6.4553349e-01 7.3567936e-01
3.1696102e+00 2.9511775e+00 6.7966642e-01 4.1594428e-04 2.0854474e+00 4.4502633e+00 4.5677080e+00 4.4893198e+00 4.4179882e+00 4.3075587e+00 4.2197078e+00 4.6365184e+00 5.2997347e+00 5.4471437e+00 5.7434484e+00 5.0929986e+00 1.5334542e+00 9.4407375e-04 9.5665286e-04 9.9295820e-04 2.9930611e-03 2.1322775e-01 3.6777368e-01 4.2862108e-01 5.0747586e-01 4.0998526e-01 2.2500036e-01 1.9651822e-01 9.4720437e-01 8.3716900e-01 7.4600617e-01 6.1396175e-01 1.0057131e+00 1.6574082e+00 2.0774719e+00 2.2662268e+00 2.3160651e+00 2.2192216e+00 2.0927973e+00 1.9695293e+00 1.7840600e+00 1.5509545e+00 1.3250659e+00 1.0869820e+00 9.1289819e-01 7.7707883e-01 7.8927346e-01 8.4325437e-01 8.9947099e-01 9.5587492e-01
3.6938038e+00 2.1603404e+00 6.1079387e-04 2.9465180e-03 4.0109327e+00 4.7191025e+00 4.3409632e+00 4.2950886e+00 4.2547262e+00 4.3194529e+00 4.8629479e+00 4.7916007e+00 4.6461238e+00 4.9146054e+00 3.6558115e+00 6.2370853e-01 9.8462043e-04 9.9422207e-04 9.8845729e-04 1.1571281e-01 4.9310489e-01 3.6008247e-01 6.2101974e-01 5.1357004e-01 5.1615136e-01 3.6957318e-01 1.6904770e-01 3.7029488e-01 2.4280234e-01 9.5869140e-01 1.0084265e+00 9.9596813e-01 1.1481662e+00 1.5388173e+00 1.8797763e+00 2.0953811e+00 2.2073618e+00 2.2369133e+00 2.2240191e+00 2.1502205e+00 1.9949284e+00 1.7357950e+00 1.4391006e+00 1.2199486e+00 1.0511278e+00 9.7456397e-01 9.9630330e-01 1.0208073e+00 1.0692964e+00 1.1020167e+00
4.2158410e+00 3.8207543e+00 2.9798361e+00 1.0595213e-01 0.0000000e+00 3.1740790e+00 4.1496765e+00 4.0208568e+00 4.5190644e+00 4.8423967e+00 4.8378188e+00 4.6566348e+00 4.2211596e+00 2.8248785e+00 8.2101119e-04 8.7824884e-04 9.9808452e-04 8.0261664e-04 7.0155564e-01 1.0557085e+00 6.8944273e-01 2.1256194e-01 5.9791580e-01 5.5715194e-01 3.4428399e-01 2.6532433e-01 3.5939033e-01 2.6648039e-01 4.5227947e-01 7.9558442e-01 1.0436579e+00 1.0101092e+00 1.0576310e+00 1.3067535e+00 1.7135398e+00 1.9254059e+00 1.9508259e+00 1.9094204e+00 1.8578880e+00 1.8863435e+00 1.8973704e+00 1.7868255e+00 1.5858851e+00 1.3128345e+00 1.1351099e+00 1.0876246e+00 1.1033848e+00 1.1214077e+00 1.1421324e+00 1.1527317e+00
4.4588589e+00 4.3717271e+00 4.2405222e+00 4.3088407e+00 2.3897980e+00 2.8644603e-04 1.9223964e+00 4.2292939e+00 4.6556778e+00 4.5221094e+00 4.7337586e+00 4.4199443e+00 1.6913889e+00 8.3830812e-04 9.7719088e-04 9.9410818e-04 9.9296101e-04 4.8927781e-01 1.0119055e+00 1.2298737e+00 1.2279455e+00 7.2935009e-01 4.1995235e-01 2.4932549e-01 1.4918832e-01 2.2908149e-01 2.0316646e-01 2.6847286e-01 2.6582854e-01 6.7017160e-01 3.7243352e-01 7.8587075e-01 9.9487433e-01 1.0718952e+00 1.5765423e+00 1.7516624e+00 1.5557960e+00 1.2488818e+00 1.0930159e+00 1.1569430e+00 1.2916350e+00 1.4055554e+00 1.4992386e+00 1.4635130e+00 1.2446568e+00 1.0653567e+00 1.0912216e+00 1.1213522e+00 1.1453147e+00 1.1553330e+00
4.5435120e+00 4.6027070e+00 4.6930759e+00 4.4538086e+00 3.8125562e+00 3.8589566e+00 1.0988793e-01 3.4063416e-01 3.8731073e+00 4.5681688e+00 4.9052856e+00 3.4229774e+00 6.7654667e-04 8.2588094e-04 9.9611975e-04 9.4756363e-04 7.5843557e-01 9.4352909e-01 1.0026762e+00 1.0120065e+00 4.4730412e-01 4.9764991e-01 2.1009507e-01 3.0982311e-02 4.7938575e-02 9.5951646e-04 1.5117185e-01 2.0992376e-02 9.9310589e-04 9.0783424e-03 2.2766647e-01 4.0035046e-01 6.7631385e-01 8.9324444e-01 1.2291643e+00 1.3966924e+00 1.0176990e+00 6.1211888e-01 4.2191491e-01 4.0107163e-01 5.2334006e-01 7.1416417e-01 1.0060248e+00 1.2330530e+00 1.1592365e+00 8.1941608e-01 8.2167981e-01 1.0283200e+00 1.1184876e+00 1.1732885e+00
4.8015447e+00 4.8443549e+00 5.0628067e+00 4.8649857e+00 4.1565747e+00 4.1547995e+00 3.4613848e+00 2.0105224e-01 4.7385656e-04 2.5113392e+00 3.4293092e+00 4.6900620e+00 1.5988889e+00 1.9171097e-02 2.0794226e-03 3.8002328e-01 9.4913726e-01 9.8044789e-01 1.1113755e+00 1.4899540e+00 8.5219949e-04 0.0000000e+00 8.4996305e-04 9.9749750e-04 9.7463293e-04 9.8839360e-04 9.9787252e-04 9.8968134e-04 9.8833097e-04 2.1922095e-03 1.4790770e-01 9.0862019e-04 9.3630693e-04 2.9957768e-01 6.4103399e-01 9.2710634e-01 7.4641309e-01 4.6002803e-01 2.2434561e-01 5.2957130e-02 5.0046850e-02 2.3556389e-01 4.5239150e-01 6.7318527e-01 7.4965072e-01 5.4728365e-01 4.0205607e-01 5.1716715e-01 7.5111715e-01 1.0342926e+00
5.1125420e+00 5.1005586e+00 5.2676039e+00 5.3455107e+00 5.0813001e+00 4.7643308e+00 4.7679980e+00 4.2364127e+00 1.9401115e+00 0.0000000e+00 2.4292281e+00 4.0061245e+00 3.0146485e+00 1.7907377e-01 2.7965198e-01 4.8676824e-01 7.2390976e-01 7.6456063e-01 1.0152933e+00 9.4655686e-01 8.5771720e-04 0.0000000e+00 2.5539870e-01 2.3484601e-01 9.7083578e-04 9.9542819e-04 9.9505307e-04 9.9727289e-04 9.7199592e-04 5.5697948e-02 2.1990967e-02 1.0038159e-03 9.8074518e-04 9.4474370e-04 9.7017585e-02 6.7836368e-01 6.2371172e-01 6.1407484e-01 4.0916904e-01 2.3549583e-02 1.5735859e-02 1.4672418e-01 2.0570166e-01 1.9643896e-01 2.4242554e-01 2.9536983e-01 2.5225190e-01 2.5839598e-01 4.3499970e-01 6.7601926e-01
5.2824874e+00 5.1488418e+00 5.2732909e+00 5.4366039e+00 5.1356306e+00 4.9524163e+00 4.5527146e+00 2.7371254e+00 1.9525061e+00 1.7214489e+00 4.7423873e+00 5.4088508e+00 1.2345638e+00 2.8191110e-02 4.7452172e-02 1.5651668e-01 4.5248067e-01 4.2463648e-01 3.1042452e-01 4.5852977e-01 5.0832362e-01 6.5190736e-02 9.3800827e-04 6.6483452e-03 1.2762733e-02 9.8992592e-04 9.9970049e-04 9.7830126e-04 9.9283398e-04 9.4625067e-02 9.8897935e-02 7.1179947e-02 5.3891980e-02 9.8194866e-04 3.2030340e-01 6.1203548e-01 8.2219675e-01 4.6645584e-01 3.6907293e-01 1.8243201e-01 3.7149388e-01 3.0640235e-01 1.9551366e-01 2.4777522e-02 9.8217564e-04 5.0136023e-02 3.0166741e-01 4.7783510e-01 6.1624602e-01 7.1060350e-01
5.2669631e+00 4.7171275e+00 4.2601557e+00 4.7600419e+00 4.3072604e+00 3.1185921e+00 2.1896898e+00 1.5278650e+00 1.8252448e+00 2.5515868e+00 4.6372278e+00 3.7482159e+00 1.0971142e-03 2.9242336e-02 4.6466280e-02 3.1753031e-02 3.8966992e-01 2.9680700e-01 1.3086455e-01 1.9768632e-01 3.7588691e-01 9.4277937e-04 5.2139142e-03 3.3155481e-03 2.3537855e-02 9.7112993e-02 1.2777802e-01 9.9986077e-04 9.9909311e-04 9.6985845e-04 5.1783960e-02 9.8826788e-04 9.8333020e-04 8.9434976e-02 1.9326302e-01 2.6767854e-02 5.6587045e-01 2.5238701e-02 1.7070414e-01 2.1210798e-01 3.8722325e-01 5.6316462e-01 1.9488765e-01 7.2377695e-02 9.8274132e-04 9.9664400e-04 4.3506039e-04 8.8322797e-01 8.7048083e-01 9.6879460e-01
