ahotovec/data/depth_0017.asc
ncols     164
nrows     146
xllcorner -1.242151388888889e+02
yllcorner  4.172986111111111e+01
cellsize  2.777777777820000e-04
nodata_value       -9999
[rows 88 to 109 of 146, columns 50 to 99 of 164]
4.0281539e-01 7.7935079e-01 3.8366349e-01 2.8793548e-01 7.0854079e-01 7.1624603e-01 3.7650667e+00 5.3797464e+00 5.4458433e+00 5.3655218e+00 5.4938035e+00 5.7438039e+00 6.0670438e+00 6.3651829e+00 6.6094139e+00 6.7433767e+00 7.0598254e+00 7.5159108e+00 7.7304233e+00 7.9618679e+00 7.9293026e+00 8.1073509e+00 8.1400941e+00 8.0269025e+00 8.1432544e+00 8.0151495e+00 8.1158354e+00 7.6387727e+00 6.4777897e+00 7.4907993e+00 7.8169969e+00 7.3793317e+00 7.5000429e+00 7.7258064e+00 7.8255039e+00 7.7042559e+00 7.8024779e+00 7.8752683e+00 7.8742509e+00 7.8189209e+00 7.9079102e+00 7.9257605e+00 7.8860613e+00 7.8974714e+00 7.9865383e+00 8.0482170e+00 8.2935606e+00 7.4328296e+00 7.4604336e+00 8.0602315e+00
3.3150737e+00 4.1015203e+00 3.9481234e+00 1.2166663e+00 7.9878538e-01 7.4673086e-01 8.5400401e-01 3.1210636e+00 5.2868303e+00 5.6071365e+00 5.6462041e+00 5.8193638e+00 6.1148045e+00 6.6665396e+00 6.8619687e+00 7.0594491e+00 7.4130075e+00 7.6138680e+00 7.6053393e+00 7.9709476e+00 8.3324938e+00 8.4349704e+00 8.2569541e+00 8.1071020e+00 8.0894916e+00 7.5631059e+00 7.1069702e+00 6.9022506e+00 6.6037454e+00 7.1179964e+00 7.5779338e+00 7.7297554e+00 7.8105803e+00 7.8921193e+00 7.9726314e+00 7.9746166e+00 7.9657448e+00 8.0612598e+00 8.0915555e+00 8.1087342e+00 8.1299845e+00 8.1493198e+00 8.2062883e+00 8.1547463e+00 8.1453768e+00 8.1767095e+00 8.3344848e+00 7.9244921e+00 7.6231855e+00 7.6004586e+00
6.0930973e+00 5.7606526e+00 4.8543223e+00 4.4810167e+00 4.2896572e-01 7.6300677e-01 1.0087894e+00 7.7326121e-01 2.8489660e+00 5.4354060e+00 5.7885650e+00 5.8430499e+00 6.0526056e+00 6.4508447e+00 6.6474086e+00 6.9258925e+00 7.1347957e+00 7.2975576e+00 7.3821781e+00 7.5872277e+00 7.8003008e+00 7.8633051e+00 7.6421119e+00 7.4824851e+00 7.3570490e+00 6.7965182e+00 6.2659396e+00 6.8540998e+00 7.2850306e+00 7.5742614e+00 7.8544058e+00 8.0042950e+00 8.0913967e+00 8.1023725e+00 8.1395608e+00 8.1947786e+00 8.2289701e+00 8.2397540e+00 8.3179802e+00 8.3466428e+00 8.3654505e+00 8.3355436e+00 8.4398701e+00 8.4734591e+00 8.4220573e+00 8.4401133e+00 8.3879186e+00 8.3479885e+00 7.8100924e+00 7.8259917e+00
5.9184371e+00 6.0061851e+00 5.8059812e+00 5.5479655e+00 1.9556794e+00 5.6740719e-01 1.7413431e+00 1.9434587e+00 1.1930324e+00 2.7694732e+00 5.5896998e+00 5.9296366e+00 5.8938295e+00 6.0485748e+00 5.9700453e+00 5.8440208e+00 6.4756042e+00 6.7301270e+00 6.8409747e+00 6.9537039e+00 7.0015726e+00 6.9317640e+00 6.7354935e+00 6.5506727e+00 6.6478511e+00 6.7021071e+00 6.8014397e+00 7.3234081e+00 7.7279388e+00 7.9503140e+00 8.0794648e+00 8.1830841e+00 8.2417489e+00 8.3011130e+00 8.3217839e+00 8.3657276e+00 8.4332204e+00 8.4779812e+00 8.4767428e+00 8.5502865e+00 8.5410567e+00 8.5470888e+00 8.6661680e+00 8.6907856e+00 8.6638755e+00 8.6738229e+00 8.6216783e+00 8.5358778e+00 8.4249414e+00 8.3587585e+00
5.6488756e+00 5.8702965e+00 4.9297421e+00 5.8463105e+00 5.0659488e+00 1.0365181e+00 2.0447663e+00 2.4873489e+00 2.3940646e+00 1.2959018e+00 2.5485327e+00 5.4836827e+00 5.8419961e+00 5.9031010e+00 4.2012065e+00 2.3726459e+00 5.6577436e+00 6.1588505e+00 6.2330982e+00 6.2854049e+00 6.2100109e+00 6.0615586e+00 5.9601255e+00 5.8616849e+00 6.3762680e+00 6.9786044e+00 7.3567502e+00 7.6966095e+00 8.0034514e+00 8.1769874e+00 8.2721599e+00 8.3139830e+00 8.3626909e+00 8.4118272e+00 8.4589662e+00 8.5036591e+00 8.5724908e+00 8.6447769e+00 8.6848449e+00 8.6732060e+00 8.6950672e+00 8.7373486e+00 8.8312831e+00 8.8194209e+00 8.8410443e+00 8.7846322e+00 8.6662997e+00 8.5282178e+00 8.3546361e+00 8.2637792e+00
5.3116225e+00 5.5580387e+00 5.7899151e+00 6.1213739e+00 5.9716308e+00 3.5393284e+00 8.2104208e-01 2.5260635e+00 2.9510978e+00 3.8100146e+00 1.7917950e+00 1.5928225e+00 5.0674979e+00 5.6073547e+00 4.7556443e+00 4.5783274e+00 5.7055972e+00 5.7563427e+00 5.7922355e+00 5.7769711e+00 5.6426468e+00 5.5707308e+00 5.9498447e+00 6.3059270e+00 6.9507539e+00 7.4874353e+00 7.8645578e+00 8.0686060e+00 8.2042677e+00 8.3039021e+00 8.3915917e+00 8.4654919e+00 8.4871045e+00 8.5311501e+00 8.5903959e+00 8.6126939e+00 8.6774748e+00 8.7494481e+00 8.7623940e+00 8.7991606e+00 8.8651966e+00 8.9258375e+00 8.9607753e+00 8.9603717e+00 8.9262238e+00 8.8215145e+00 8.5909649e+00 8.1989571e+00 7.9301586e+00 7.7830390e+00
5.4074525e+00 5.6063581e+00 5.9551647e+00 6.0121104e+00 5.9984812e+00 5.1690933e+00 1.6952616e+00 2.0263862e+00 4.9985662e+00 5.6462893e+00 5.1666047e+00 1.9741393e+00 6.9251137e-01 1.3722013e+00 4.0086301e+00 5.7942675e+00 5.5743282e+00 5.5757469e+00 5.6013072e+00 5.5665317e+00 5.5452439e+00 6.0238469e+00 6.6432055e+00 7.1920836e+00 7.5824964e+00 7.8776870e+00 8.1206096e+00 8.3075878e+00 8.4023655e+00 8.4235917e+00 8.4809202e+00 8.5510792e+00 8.6207231e+00 8.6421173e+00 8.7020239e+00 8.7402363e+00 8.7857635e+00 8.8054031e+00 8.8403415e+00 8.9302088e+00 9.0014176e+00 9.0472714e+00 9.0912735e+00 9.0940953e+00 9.0689326e+00 8.8939773e+00 8.1495232e+00 7.4169616e+00 7.2850822e+00 7.0932600e+00
5.6546861e+00 5.7730671e+00 5.8920782e+00 5.9640739e+00 6.0312587e+00 5.8915589e+00 4.6832509e+00 1.2654805e+00 4.5804898e+00 5.9291385e+00 4.5531852e+00 4.5462654e+00 8.9465835e-01 1.8992726e-03 2.2696351e+00 5.5972765e+00 5.5145864e+00 5.5437904e+00 5.5693930e+00 5.8090159e+00 6.1498268e+00 6.7805766e+00 7.3266641e+00 7.6707825e+00 7.9705446e+00 8.1449926e+00 8.2954994e+00 8.4155097e+00 8.5240612e+00 8.5743828e+00 8.5911929e+00 8.6358362e+00 8.7017260e+00 8.7596887e+00 8.8029757e+00 8.8288364e+00 8.8332341e+00 8.8615276e+00 8.9115927e+00 9.0056815e+00 9.0974564e+00 9.1639838e+00 9.2507978e+00 9.3327707e+00 9.4317536e+00 9.3147566e+00 7.4451261e+00 6.0081283e+00 5.9199615e+00 6.2800867e+00
5.8656508e+00 5.9510744e+00 5.9926564e+00 6.0429830e+00 6.0607971e+00 6.0667233e+00 5.7746768e+00 3.9128428e+00 1.0807861e+00 5.0719707e+00 5.2866517e+00 5.3106918e+00 4.5205853e+00 4.1716336e+00 5.2841601e+00 5.7607428e+00 5.8060798e+00 5.8484480e+00 5.8934787e+00 6.4344766e+00 7.1154559e+00 7.5410906e+00 7.7701565e+00 7.9648569e+00 8.1454197e+00 8.3096677e+00 8.4013984e+00 8.4972580e+00 8.5709062e+00 8.6413613e+00 8.6783363e+00 8.7108751e+00 8.7660081e+00 8.7983765e+00 8.8171657e+00 8.8319394e+00 8.8609971e+00 8.8800723e+00 8.9426093e+00 9.0347819e+00 9.1120193e+00 9.2008784e+00 9.2987253e+00 9.4174448e+00 9.5429111e+00 8.8376500e+00 2.5195875e+00 1.8788357e+00 2.2963847e+00 3.5811741e+00
6.0935856e+00 6.1314539e+00 6.1386647e+00 6.1463850e+00 6.1104797e+00 6.0615581e+00 6.0731678e+00 5.7545775e+00 2.6735444e+00 1.7205067e+00 5.4005200e+00 5.6877253e+00 5.8767096e+00 6.0586327e+00 5.9577413e+00 6.0306600e+00 6.2834405e+00 6.4795558e+00 6.6519316e+00 7.1200462e+00 7.5499475e+00 7.8595148e+00 8.0794291e+00 8.1487525e+00 8.2644285e+00 8.3733372e+00 8.4719629e+00 8.5409402e+00 8.5941717e+00 8.6607626e+00 8.6998035e+00 8.7358308e+00 8.7721939e+00 8.7493414e+00 8.8222535e+00 8.8511106e+00 8.9142163e+00 8.9294002e+00 8.9853785e+00 9.0360242e+00 9.1059981e+00 9.1912791e+00 9.2482560e+00 9.2806655e+00 9.2221805e+00 8.8267486e+00 6.7463777e+00 5.2398123e+00 3.4793397e+00 2.1889246e+00
6.3192060e+00 6.3327785e+00 6.3325719e+00 6.3106687e+00 6.2340778e+00 6.1607926e+00 6.1224312e+00 6.1837673e+00 5.2412830e+00 1.0222304e+00 4.6489574e+00 6.1162167e+00 5.7635988e+00 5.8171102e+00 5.9716422e+00 6.1987279e+00 6.5285954e+00 6.7049540e+00 6.8957120e+00 7.3529032e+00 7.6990190e+00 8.0263925e+00 8.2379133e+00 8.2949744e+00 8.3266654e+00 8.4068940e+00 8.4720946e+00 8.5597415e+00 8.6030494e+00 8.6675030e+00 8.7133160e+00 8.7263725e+00 8.6973104e+00 8.7792641e+00 8.8481383e+00 8.8674533e+00 8.9461326e+00 8.9571204e+00 9.0011887e+00 9.0420186e+00 9.1014351e+00 9.1491088e+00 9.1576814e+00 9.0992584e+00 8.9772736e+00 8.7058603e+00 8.3395781e+00 8.0274695e+00 7.8074761e+00 7.3684369e+00
6.5609828e+00 6.5300181e+00 6.5166393e+00 6.4496064e+00 6.3374404e+00 6.2506942e+00 6.1234050e+00 6.1005147e+00 5.9079903e+00 3.4010477e+00 1.7004959e+00 5.4995170e+00 5.8351192e+00 5.9362880e+00 6.0360935e+00 6.2597849e+00 6.4569901e+00 6.6017467e+00 7.0937361e+00 7.4486784e+00 7.7728769e+00 8.0486942e+00 8.2231596e+00 8.2668583e+00 8.3315633e+00 8.4031962e+00 8.4694159e+00 8.5393796e+00 8.6148935e+00 8.6525142e+00 8.6927291e+00 8.7243635e+00 8.7148467e+00 8.7714513e+00 8.8551047e+00 8.8848535e+00 8.9527123e+00 8.9654779e+00 9.0022701e+00 9.0469568e+00 9.0847412e+00 9.1073375e+00 9.0751323e+00 8.9905039e+00 8.9046799e+00 8.6937071e+00 8.5261400e+00 8.5210043e+00 8.3771548e+00 8.1980073e+00
6.7806466e+00 6.7070482e+00 6.6688940e+00 6.5582457e+00 6.4102443e+00 6.3046268e+00 6.1640189e+00 6.0808151e+00 6.0214345e+00 5.1256591e+00 2.2921698e+00 1.3166291e+00 5.4025523e+00 5.9423030e+00 6.0575986e+00 6.3135473e+00 6.6017666e+00 6.8151236e+00 7.2563892e+00 7.5377778e+00 7.7794042e+00 7.9706819e+00 8.0894348e+00 8.2045755e+00 8.3163182e+00 8.3957679e+00 8.4688972e+00 8.5349162e+00 8.6028331e+00 8.6721536e+00 8.7057621e+00 8.6925189e+00 8.7239130e+00 8.7664525e+00 8.8401601e+00 8.8886949e+00 8.9542376e+00 8.9655427e+00 8.9963217e+00 9.0305400e+00 9.0741992e+00 9.0558231e+00 9.0099404e+00 8.9293748e+00 8.9023917e+00 8.8690906e+00 8.7345959e+00 8.5784815e+00 8.4133900e+00 8.3725335e+00
7.1389564e+00 7.0098397e+00 6.8922318e+00 6.7216699e+00 6.5383573e+00 6.4025099e+00 6.2451056e+00 6.1419836e+00 6.0898124e+00 6.0657149e+00 4.8316655e+00 6.6691662e-01 4.3446495e+00 6.1611280e+00 6.0518249e+00 6.3684672e+00 6.7655239e+00 7.0586034e+00 7.2589061e+00 7.5743336e+00 7.7768456e+00 7.9013867e+00 8.0390644e+00 8.1534337e+00 8.2689062e+00 8.3717555e+00 8.4402817e+00 8.5202498e+00 8.5935836e+00 8.6639892e+00 8.6898448e+00 8.6660134e+00 8.7190721e+00 8.7611128e+00 8.8413505e+00 8.8868429e+00 8.9340992e+00 8.9301161e+00 8.9644704e+00 9.0203125e+00 9.0238281e+00 9.0131659e+00 8.9775312e+00 8.9041450e+00 8.9186065e+00 8.9109326e+00 8.8144321e+00 8.6530925e+00 8.6003319e+00 8.5310981e+00
7.5866162e+00 7.3884688e+00 7.2050775e+00 6.9817458e+00 6.7439705e+00 6.5240676e+00 6.3190964e+00 6.1661442e+00 6.0058357e+00 6.0336593e+00 5.6596465e+00 2.8767029e+00 8.9045990e-01 5.9545995e+00 6.0169186e+00 6.2674905e+00 6.6710697e+00 7.0556953e+00 7.3160432e+00 7.4925106e+00 7.6962379e+00 7.8596069e+00 7.9860947e+00 8.1244674e+00 8.2264301e+00 8.3244270e+00 8.4236307e+00 8.5092264e+00 8.5777422e+00 8.6214138e+00 8.6373100e+00 8.6761777e+00 8.7328874e+00 8.7599669e+00 8.8143400e+00 8.8556431e+00 8.9107679e+00 8.8985110e+00 8.9206917e+00 8.9779363e+00 8.9970025e+00 8.9904527e+00 8.9673936e+00 8.8751072e+00 8.8424950e+00 8.8451435e+00 8.7949663e+00 8.7697446e+00 8.7055116e+00 8.6020428e+00
7.9769705e+00 7.7118760e+00 7.4667515e+00 7.1655096e+00 6.8584456e+00 6.5857228e+00 6.3329728e+00 6.1592766e+00 6.0177639e+00 6.0266868e+00 5.8949959e+00 4.4709650e+00 3.0794118e-01 3.3856881e+00 6.0548058e+00 6.1078645e+00 6.4798690e+00 6.8510779e+00 7.1590543e+00 7.4476934e+00 7.5607873e+00 7.7427425e+00 7.9129088e+00 8.0421086e+00 8.1720250e+00 8.2652110e+00 8.3720800e+00 8.4738646e+00 8.5303950e+00 8.5156195e+00 8.5946448e+00 8.7007590e+00 8.7152763e+00 8.6995412e+00 8.7746376e+00 8.7992780e+00 8.8456794e+00 8.8757908e+00 8.8693499e+00 8.8949014e+00 8.9371796e+00 8.9397064e+00 8.9427011e+00 8.8807960e+00 8.8601861e+00 8.8676612e+00 8.8101633e+00 8.7635807e+00 8.6833748e+00 8.5208503e+00
8.3773231e+00 8.0150517e+00 7.7136153e+00 7.3110788e+00 6.9156646e+00 6.5857645e+00 6.3097918e+00 6.0971368e+00 5.9493510e+00 5.8389082e+00 5.7161736e+00 5.7654836e+00 3.1917664e+00 5.9348407e-01 5.0301801e+00 6.0210429e+00 6.2140237e+00 6.5867683e+00 6.8777899e+00 7.2389190e+00 7.4785023e+00 7.5671935e+00 7.7900587e+00 7.9259105e+00 8.0504228e+00 8.1949851e+00 8.2857164e+00 8.3951985e+00 8.4656806e+00 8.4497410e+00 8.5848479e+00 8.6714666e+00 8.6855968e+00 8.6671949e+00 8.7121330e+00 8.7655960e+00 8.7938318e+00 8.8584576e+00 8.8372673e+00 8.8462440e+00 8.8827274e+00 8.9079244e+00 8.9088074e+00 8.8797286e+00 8.8751774e+00 8.8669695e+00 8.7904160e+00 8.7029073e+00 8.6071095e+00 8.4953617e+00
8.8394801e+00 8.3750476e+00 7.9603039e+00 7.4584484e+00 6.9422154e+00 6.5322188e+00 6.2431254e+00 6.0872772e+00 5.9842067e+00 5.8165911e+00 5.7580574e+00 5.8628995e+00 5.4013720e+00 5.6536859e-01 1.4688016e+00 5.6738436e+00 5.9526038e+00 6.2558760e+00 6.5810210e+00 6.9539595e+00 7.2621461e+00 7.4606060e+00 7.5805364e+00 7.7905902e+00 7.9219815e+00 8.0483997e+00 8.1826635e+00 8.2880692e+00 8.3813117e+00 8.4000431e+00 8.5419356e+00 8.6337571e+00 8.6759946e+00 8.6384135e+00 8.6780968e+00 8.7201572e+00 8.7553626e+00 8.8014167e+00 8.7621084e+00 8.8130057e+00 8.8496421e+00 8.8720721e+00 8.8676824e+00 8.8532391e+00 8.8351613e+00 8.8138354e+00 8.7343320e+00 8.6695804e+00 8.5860124e+00 8.4910797e+00
9.3347945e+00 8.8041341e+00 8.2594192e+00 7.5939129e+00 6.9199495e+00 6.3631368e+00 6.0556990e+00 5.8185317e+00 5.3981331e+00 5.6778141e+00 5.7954358e+00 5.7272683e+00 5.6841640e+00 3.8186621e+00 3.3203637e-01 2.1647381e+00 5.7397942e+00 5.9361468e+00 6.2728575e+00 6.7084936e+00 7.0865477e+00 7.4014936e+00 7.4367842e+00 7.5325284e+00 7.7039336e+00 7.8596898e+00 8.0434041e+00 8.1431836e+00 8.2613318e+00 8.3277120e+00 8.4184271e+00 8.5386506e+00 8.6350342e+00 8.6271531e+00 8.6469776e+00 8.7017303e+00 8.7106741e+00 8.7598229e+00 8.7305999e+00 8.7682599e+00 8.7943602e+00 8.8272814e+00 8.8309497e+00 8.8061816e+00 8.7685582e+00 8.7398140e+00 8.7053580e+00 8.6310424e+00 8.5486243e+00 8.4653971e+00
9.8999039e+00 9.3147777e+00 8.6411787e+00 7.7417881e+00 6.8352727e+00 5.9528997e+00 4.9800040e+00 4.7824671e+00 2.7267761e+00 5.2631995e+00 5.9089798e+00 5.8015339e+00 5.6811498e+00 5.0517536e+00 1.6857999e+00 4.9199450e-01 5.0340939e+00 5.7706960e+00 5.9996104e+00 6.4226926e+00 6.8386445e+00 7.2114067e+00 7.3794313e+00 7.3775868e+00 7.4610956e+00 7.6193465e+00 7.8048228e+00 7.9766763e+00 8.1125743e+00 8.2476236e+00 8.3913049e+00 8.4250780e+00 8.5213941e+00 8.5517553e+00 8.6125977e+00 8.6569073e+00 8.6717383e+00 8.7309461e+00 8.7059258e+00 8.7551748e+00 8.7918890e+00 8.7944530e+00 8.8041154e+00 8.7618956e+00 8.6960444e+00 8.6586560e+00 8.6449039e+00 8.5839047e+00 8.4659459e+00 8.3883513e+00
1.0574657e+01 9.8991941e+00 9.0813754e+00 7.9561051e+00 6.7574841e+00 5.6181325e+00 4.6778963e+00 5.0789731e+00 4.7324640e+00 5.5258714e+00 6.2454815e+00 6.1659146e+00 6.0058362e+00 5.4489216e+00 4.0250267e+00 4.9968530e-01 1.7950079e+00 5.7918282e+00 5.7885063e+00 6.0852337e+00 6.5085460e+00 6.8958990e+00 7.1829343e+00 7.3112395e+00 7.2273474e+00 7.2632942e+00 7.4404001e+00 7.6738673e+00 7.8806565e+00 8.1451625e+00 8.4180752e+00 8.4364303e+00 8.4275644e+00 8.4828075e+00 8.5432732e+00 8.6033395e+00 8.6363804e+00 8.6967364e+00 8.6726349e+00 8.6923695e+00 8.7263534e+00 8.7505021e+00 8.7697016e+00 8.6878789e+00 8.6067904e+00 8.5448763e+00 8.5198978e+00 8.4812002e+00 8.4139178e+00 8.3093321e+00
1.1191229e+01 1.0458433e+01 9.5317849e+00 8.2430471e+00 6.8580074e+00 5.8021569e+00 5.5058344e+00 5.3128194e+00 3.2924705e+00 5.7248132e+00 6.6080787e+00 6.6070894e+00 6.5397017e+00 6.0956589e+00 5.5019044e+00 2.4174074e+00 4.8319293e-01 4.0101332e+00 5.7027258e+00 5.8645567e+00 6.2523996e+00 6.6314794e+00 6.9229140e+00 7.1129603e+00 7.1244765e+00 6.9493532e+00 6.9810199e+00 7.2404653e+00 7.5372065e+00 7.8367389e+00 7.9412788e+00 8.1914961e+00 8.2997892e+00 8.3203290e+00 8.4287742e+00 8.5099875e+00 8.5730328e+00 8.6410968e+00 8.6415079e+00 8.6617603e+00 8.6791133e+00 8.6982927e+00 8.7027864e+00 8.5668457e+00 8.4627493e+00 8.3706728e+00 8.3358288e+00 8.3115155e+00 8.2789361e+00 8.2244819e+00
