ahotovec/data/depth_0031.asc
ncols     164
nrows     146
xllcorner -1.242151388888889e+02
yllcorner  4.172986111111111e+01
cellsize  2.777777777820000e-04
nodata_value       -9999
[rows 88 to 109 of 146, columns 100 to 149 of 164]
8.9408463e+00 7.9492586e+00 6.9517794e+00 7.3852541e+00 7.1080139e+00 6.3863783e+00 6.1462132e+00 6.0448374e+00 6.3223823e+00 7.7662064e+00 8.1254441e+00 7.1439101e+00 5.5848081e+00 4.9694498e+00 2.2523049e+00 2.4022905e+00 5.5718934e+00 6.6735527e+00 4.3867891e+00 2.1946841e+00 1.0086864e+00 7.8205348e-01 4.8598382e-02 2.9769641e-01 3.7804897e-01 5.0245260e-01 4.2375675e-01 2.6092398e-01 6.1091677e-02 7.0424104e-02 1.1113245e-01 4.6665590e-02 2.2333361e-02 1.2339370e-01 3.0166607e-01 2.3278070e-01 3.6357410e-01 7.4761219e-03 1.0722646e-03 1.7756020e-03 1.3445942e-01 3.9580058e-01 5.1483090e-01 3.4632990e-01 4.5733828e-01 1.3335965e-01 1.9766616e-01 9.4302542e-01 8.2951798e-01 8.8113931e-01
8.9772181e+00 8.6815931e+00 7.6021448e+00 7.3086559e+00 7.1454752e+00 6.9236712e+00 6.8471096e+00 7.5801626e+00 7.3446676e+00 7.3995615e+00 6.8579699e+00 6.9705313e+00 7.4036643e+00 7.6444300e+00 6.7878821e+00 6.1838303e+00 6.3223051e+00 6.8799807e+00 7.1437868e+00 5.8044271e+00 4.1883854e+00 1.9533065e+00 6.7256127e-01 8.7300907e-01 3.2075066e-01 3.3520269e-01 3.2396479e-01 2.7269554e-01 2.6373712e-01 1.7097225e-01 7.6803131e-02 1.4169863e-02 5.3578403e-01 8.0915650e-01 9.5123215e-01 8.8281817e-01 4.7072363e-01 1.2565255e-02 1.0270287e-03 7.0204539e-04 9.9245358e-04 1.9904587e-03 1.1580704e-02 1.3050998e-01 3.9517220e-01 4.8415132e-01 5.4104678e-01 6.1855887e-01 5.5342554e-01 5.9783906e-01
8.3650704e+00 8.3626946e+00 8.1207338e+00 7.9579317e+00 7.9015531e+00 8.2751497e+00 8.5825884e+00 8.2875881e+00 6.3524687e+00 5.9124170e+00 5.6384651e+00 5.9324453e+00 8.3352019e+00 8.7419717e+00 8.3015662e+00 8.1298330e+00 7.5746304e+00 7.2965518e+00 7.2714072e+00 7.1245640e+00 7.0190627e+00 6.4957216e+00 4.3875344e+00 1.6601473e+00 5.7605152e-01 5.0958997e-01 5.9324315e-01 4.6018478e-01 2.8818304e-01 1.6449645e-01 4.0718216e-02 6.6102454e-01 9.6473976e-01 9.9786476e-01 1.0282648e+00 9.5934591e-01 8.7196778e-01 4.9878994e-01 5.8743985e-03 1.0392916e-03 7.5701910e-03 9.3970129e-03 3.6938332e-02 1.8392791e-02 9.3830512e-04 9.6865450e-04 1.6992631e-01 3.0971205e-01 3.0843769e-01 2.7501343e-01
8.7569174e+00 8.8835331e+00 8.7401177e+00 8.6622548e+00 8.8939194e+00 8.5442347e+00 8.5634105e+00 8.9965545e+00 7.0264558e+00 6.1989123e+00 6.6992685e+00 5.7057227e+00 5.3794051e+00 7.5672563e+00 8.7483164e+00 8.4206747e+00 7.9850420e+00 7.9150117e+00 7.6615863e+00 7.3038287e+00 7.3082201e+00 7.0548440e+00 6.3270181e+00 6.1466286e+00 4.5797034e+00 1.2082543e+00 6.0118755e-01 5.2898628e-01 2.3773992e-01 6.4323314e-02 5.5865067e-01 8.8741470e-01 9.6315437e-01 1.0082304e+00 9.3653522e-01 8.7757629e-01 8.3789811e-01 7.1859492e-01 5.1781573e-01 3.7376955e-01 1.7701620e-01 5.0005515e-02 2.2888367e-02 5.1858036e-03 1.6587445e-03 1.1292312e-02 5.1878520e-02 7.6724838e-04 2.9604357e-02 1.4293844e-01
8.7206216e+00 8.7877161e+00 8.8350195e+00 9.0796398e+00 8.8686711e+00 8.4638688e+00 8.2760389e+00 8.3503162e+00 8.4499640e+00 7.4828424e+00 6.6349928e+00 7.2973831e+00 6.4977260e+00 8.0125142e+00 8.6893659e+00 8.5066951e+00 8.2033611e+00 8.1971618e+00 7.4103786e+00 7.2391663e+00 7.3222482e+00 6.6983613e+00 6.5626076e+00 6.9324000e+00 5.5102004e+00 1.9790794e+00 7.0031991e-01 3.6403498e-01 1.7900878e-01 4.1051516e-01 7.4911248e-01 7.8935997e-01 8.5169352e-01 9.5341936e-01 1.0400741e+00 9.0355162e-01 7.7811870e-01 6.6982979e-01 6.3788095e-01 6.2918536e-01 6.0239454e-01 4.3822686e-01 3.7033141e-01 2.9505697e-01 2.0273166e-01 1.6211859e-01 6.5742235e-02 1.4914813e-02 3.6875713e-02 9.8323665e-02
8.1805492e+00 8.2601640e+00 8.4266020e+00 8.7241477e+00 8.8835354e+00 8.2845674e+00 7.8955687e+00 8.2808822e+00 8.7005810e+00 9.2178803e+00 8.4675241e+00 8.7840835e+00 9.4886761e+00 9.4885075e+00 9.2406236e+00 8.7738243e+00 8.1288948e+00 7.6704281e+00 7.4938718e+00 7.2980067e+00 7.2096213e+00 5.7357564e+00 3.3097136e+00 4.5356340e+00 2.0853553e+00 7.6880165e-01 5.0394770e-01 2.0619954e-01 2.7055212e-01 4.7029872e-01 4.6768697e-01 4.5880093e-01 4.7953141e-01 5.1753536e-01 5.6700584e-01 5.9876472e-01 6.4737494e-01 6.4493934e-01 6.8609165e-01 7.0617944e-01 6.9600121e-01 6.3364984e-01 6.0902371e-01 5.7339995e-01 5.1239461e-01 4.0319030e-01 3.3910153e-01 3.3905025e-01 3.5201667e-01 2.6433017e-01
7.6031719e+00 7.8830759e+00 8.1361235e+00 8.4648673e+00 8.8639089e+00 9.1447944e+00 3.4256820e+00 5.5101094e+00 7.5915244e+00 9.6645819e+00 9.6360008e+00 9.4011981e+00 9.5099611e+00 9.6559293e+00 9.4335829e+00 9.1434176e+00 8.4332885e+00 7.8817658e+00 7.7293777e+00 7.5361774e+00 6.9848893e+00 6.3965801e+00 5.0317101e+00 1.3346096e+00 5.8608370e-01 4.2181590e-01 1.4815932e-01 1.8583565e+00 2.4284580e+00 1.7573038e+00 1.6328657e+00 1.2391107e+00 1.0306963e+00 9.6492464e-01 7.7283376e-01 7.0863439e-01 6.4049891e-01 6.3979371e-01 6.2411668e-01 6.4949838e-01 6.0265892e-01 6.5097130e-01 7.1203721e-01 7.8454121e-01 8.8148248e-01 8.2490459e-01 7.1339227e-01 6.5994226e-01 5.8708521e-01 4.2447481e-01
7.2257237e+00 7.5579882e+00 7.8678298e+00 8.2113923e+00 8.6233674e+00 9.1821517e+00 9.0450124e+00 8.1118057e+00 7.5038824e+00 8.9609383e+00 9.9455933e+00 1.0076337e+01 9.9151299e+00 9.6952404e+00 9.5044778e+00 9.3192284e+00 9.1161934e+00 8.7857758e+00 8.2848975e+00 7.6538724e+00 7.4073507e+00 5.4493125e+00 2.4637591e+00 3.7649932e-01 3.1005359e-01 1.0635367e-01 1.8070003e+00 4.4058997e+00 4.1475533e+00 3.8268659e+00 3.8353372e+00 3.7772772e+00 3.7119783e+00 3.7777612e+00 3.7174476e+00 3.6338524e+00 3.4028621e+00 3.4609427e+00 3.5007127e+00 3.1805503e+00 2.4130438e+00 2.0379120e+00 2.0168176e+00 2.1255982e+00 1.9977325e+00 2.0053076e+00 2.0746381e+00 2.1966411e+00 1.9901561e+00 1.6196931e+00
5.2842863e+00 5.9026033e+00 7.1308502e+00 8.0322461e+00 8.3760029e+00 8.8996405e+00 9.1200646e+00 8.9306404e+00 8.0634279e+00 7.5020048e+00 8.9573839e+00 9.7645289e+00 1.0113010e+01 9.7900668e+00 9.6534301e+00 9.6167067e+00 9.3734894e+00 9.0603897e+00 8.7555212e+00 7.8593514e+00 6.0271603e+00 2.6341154e+00 6.2159055e-01 4.2188459e-01 9.0037419e-02 2.7073099e+00 4.1780825e+00 4.3449109e+00 4.2855304e+00 4.2258524e+00 4.3566301e+00 4.3848963e+00 4.2622843e+00 4.2409762e+00 4.3670714e+00 4.3750647e+00 4.4207601e+00 4.4312767e+00 4.5181079e+00 4.4361014e+00 4.2589522e+00 4.1202577e+00 4.1570806e+00 4.1845341e+00 4.1659434e+00 4.1837310e+00 4.2184866e+00 4.2271686e+00 4.1622431e+00 4.0130013e+00
2.7403087e+00 1.5856641e+00 2.4250939e+00 6.7134633e+00 8.0522138e+00 8.7606015e+00 9.0629421e+00 9.1473913e+00 8.9908231e+00 7.9642572e+00 8.1106281e+00 9.0763211e+00 9.5254388e+00 9.5827621e+00 9.6309048e+00 9.6336830e+00 9.2179853e+00 8.5787041e+00 8.2569825e+00 6.9002692e+00 3.2457045e+00 7.5047167e-01 4.6470107e-01 1.2334540e-01 2.6647629e+00 4.8184990e+00 4.8261187e+00 4.8692250e+00 4.7442164e+00 4.6304439e+00 4.6386411e+00 4.6214816e+00 4.4839115e+00 4.4555679e+00 4.5568862e+00 4.6260307e+00 4.6659280e+00 4.6901647e+00 4.8059710e+00 4.7941367e+00 4.7646455e+00 4.7068389e+00 4.6730637e+00 4.6346009e+00 4.6254207e+00 4.6386865e+00 4.6550656e+00 4.6530971e+00 4.6387752e+00 4.5778179e+00
7.9586993e+00 6.9489282e+00 3.0226429e+00 2.8070895e+00 5.9727546e+00 8.4401225e+00 9.2296834e+00 9.2839436e+00 9.2505733e+00 8.7774371e+00 7.9933513e+00 8.1831105e+00 9.4011165e+00 9.5876008e+00 9.4647683e+00 9.3604709e+00 9.0149606e+00 8.3714306e+00 7.2106354e+00 3.5801968e+00 9.6902639e-01 4.0674361e-01 1.2652070e-01 2.4008255e+00 4.5256105e+00 4.7680978e+00 5.1248328e+00 5.3144882e+00 5.1844260e+00 5.1471631e+00 5.0846084e+00 4.8810984e+00 4.6931537e+00 4.7020593e+00 4.8920102e+00 4.9845442e+00 4.9972842e+00 5.0764338e+00 5.2851651e+00 5.1589084e+00 5.0292121e+00 4.8968506e+00 4.7989183e+00 4.6962407e+00 4.6613518e+00 4.6915006e+00 4.7385947e+00 4.7421509e+00 4.7298644e+00 4.6732172e+00
8.8386663e+00 8.6832121e+00 7.7260321e+00 3.3880426e+00 2.9594761e+00 7.3509492e+00 9.1588081e+00 9.1949550e+00 8.8454699e+00 8.3632640e+00 7.9606240e+00 8.4209279e+00 1.0357391e+01 9.9679466e+00 9.3800718e+00 9.1834550e+00 8.8316011e+00 7.1438122e+00 3.9247665e+00 9.6147441e-01 5.5273767e-01 1.5924788e-01 2.3319540e+00 4.7884126e+00 4.6906027e+00 4.7104766e+00 5.1019886e+00 5.2456953e+00 5.4126907e+00 5.6004670e+00 5.5476010e+00 5.3051797e+00 5.0250262e+00 4.9957817e+00 5.2500255e+00 5.4046897e+00 5.4978428e+00 5.5193456e+00 5.6205288e+00 5.4745729e+00 5.2776510e+00 5.1522248e+00 4.9925835e+00 4.8239663e+00 4.7397648e+00 4.7797281e+00 4.8619026e+00 4.9177607e+00 4.9171627e+00 4.8674169e+00
9.2245245e+00 8.9729112e+00 8.5235909e+00 7.3860816e+00 2.8350424e+00 3.0864200e+00 8.2232088e+00 9.0156542e+00 8.4956880e+00 8.2969806e+00 8.1127573e+00 9.1531144e+00 1.0254926e+01 9.9772428e+00 9.4305220e+00 9.1706023e+00 8.1345454e+00 3.8633888e+00 9.2148766e-01 6.1082561e-01 2.2762650e-01 2.0359347e+00 4.6243131e+00 4.9219608e+00 4.8707332e+00 4.8985661e+00 5.0632406e+00 5.2728002e+00 5.8370908e+00 5.8851177e+00 5.7694511e+00 5.5911344e+00 5.3886028e+00 5.3218360e+00 5.4493632e+00 5.6477248e+00 5.8726210e+00 5.7853754e+00 5.6988676e+00 5.6340089e+00 5.5089402e+00 5.3971316e+00 5.1671776e+00 5.0426086e+00 4.8785349e+00 4.8554698e+00 4.9995330e+00 5.0805605e+00 5.0860875e+00 5.0267164e+00
9.3601743e+00 9.2122255e+00 8.9551366e+00 8.5090269e+00 7.1033882e+00 1.6647158e+00 2.8527531e+00 6.3242979e+00 8.8408978e+00 8.1903428e+00 7.8078996e+00 8.3581607e+00 9.6117023e+00 9.6361007e+00 8.9680957e+00 8.5515683e+00 4.3638089e+00 7.1555982e-01 3.9423436e-01 1.7486263e-01 1.4288279e+00 4.4488537e+00 4.9784372e+00 4.9376035e+00 4.8839190e+00 4.9336974e+00 5.3059887e+00 5.6756207e+00 5.8223374e+00 5.9579152e+00 6.0105029e+00 5.7768228e+00 5.8137525e+00 5.7270931e+00 5.7099728e+00 5.7821420e+00 5.9053990e+00 5.9139951e+00 5.8860456e+00 6.0552650e+00 5.8809659e+00 5.6888031e+00 5.4933110e+00 5.2952277e+00 5.1419654e+00 5.1658711e+00 5.2757678e+00 5.3048635e+00 5.3484185e+00 5.2773378e+00
9.3950827e+00 9.3046067e+00 9.1389883e+00 8.8351338e+00 8.2234642e+00 5.5725179e+00 9.5739574e-01 1.5511729e+00 5.3469177e+00 6.5629742e+00 7.5811670e+00 7.6560660e+00 7.7482679e+00 8.3901524e+00 7.4496081e+00 4.2281951e+00 2.7546103e+00 1.4380811e+00 3.5378969e-01 1.3251449e+00 4.0888537e+00 4.5925353e+00 4.9366859e+00 5.2355863e+00 5.3027090e+00 5.4592076e+00 5.8361527e+00 6.0136143e+00 5.9117192e+00 6.2295758e+00 6.2832206e+00 6.0002579e+00 5.9274912e+00 6.0576995e+00 6.2274549e+00 6.3489745e+00 6.2562682e+00 6.0935484e+00 6.2629471e+00 6.8410629e+00 6.4498759e+00 6.1668334e+00 5.7699848e+00 5.6734448e+00 5.6939850e+00 5.7672858e+00 5.7676320e+00 5.6974822e+00 5.6564157e+00 5.5979013e+00
9.4557820e+00 9.3465325e+00 9.2063340e+00 8.9914571e+00 8.5610148e+00 7.8453002e+00 5.3508076e+00 5.8869121e-01 8.2298697e-01 1.6425531e+00 2.6211082e+00 5.3002173e+00 7.3558550e+00 7.5614882e+00 5.0205073e+00 4.7685019e+00 3.5288282e+00 9.4182540e-01 1.0105719e+00 4.0755352e+00 4.4541640e+00 4.6838941e+00 5.1890533e+00 5.5303887e+00 5.8010684e+00 5.9061784e+00 6.1619800e+00 6.2121717e+00 6.3756710e+00 6.7014725e+00 6.8745844e+00 6.4751191e+00 6.0971963e+00 6.5989780e+00 6.8382064e+00 6.9600998e+00 6.7509275e+00 6.5956203e+00 6.6740991e+00 6.7964700e+00 6.6501669e+00 6.4542156e+00 6.2200313e+00 6.1587742e+00 6.2501191e+00 6.3283579e+00 6.2013195e+00 6.0390302e+00 5.9326957e+00 5.8496970e+00
9.4705782e+00 9.3862189e+00 9.2566610e+00 9.0912454e+00 8.8847796e+00 8.4751110e+00 7.6623699e+00 3.8987239e+00 8.1884997e-02 1.1946664e+00 1.3116486e+00 1.5357662e+00 6.3135854e+00 4.4414082e+00 2.2329491e+00 3.8444369e+00 1.1165739e+00 9.8576733e-01 4.0639759e+00 4.7989936e+00 4.9700337e+00 5.3363564e+00 5.8022474e+00 6.0475061e+00 6.0877626e+00 6.2000550e+00 6.3554417e+00 6.3700521e+00 6.5385528e+00 7.1184632e+00 7.0380671e+00 6.7557480e+00 6.6789189e+00 6.9897048e+00 7.0938210e+00 6.9762476e+00 6.9135378e+00 7.0267812e+00 7.2007155e+00 7.0884009e+00 6.9319197e+00 6.8313399e+00 6.7567476e+00 6.6711907e+00 6.6847948e+00 6.6682745e+00 6.5236675e+00 6.3651085e+00 6.1850059e+00 6.0649458e+00
9.5519728e+00 9.3786767e+00 9.3042693e+00 9.1470885e+00 8.9805107e+00 8.5042793e+00 7.7467206e+00 5.0492830e+00 2.7030236e+00 2.1860756e-01 7.6186051e-01 1.2663774e+00 2.7778193e+00 1.1004688e+00 7.8530203e-01 9.0470912e-01 1.0584720e+00 3.9751492e+00 4.5806019e+00 5.0368930e+00 5.6010712e+00 5.9266860e+00 6.1987626e+00 6.1812242e+00 6.1633196e+00 6.4968608e+00 6.7297774e+00 6.6201923e+00 6.4356002e+00 7.0056212e+00 7.1284641e+00 7.0746426e+00 7.2206705e+00 7.1929021e+00 6.7319871e+00 6.2865124e+00 6.6019435e+00 6.9830471e+00 7.2834168e+00 7.2579269e+00 7.1945040e+00 7.1538454e+00 7.2126840e+00 7.1440246e+00 7.0871194e+00 7.0171761e+00 6.9040750e+00 6.7133137e+00 6.5904542e+00 6.3823793e+00
9.5762856e+00 9.5064675e+00 9.3279522e+00 9.2288773e+00 9.0777774e+00 8.9258127e+00 8.0961116e+00 5.9468466e+00 4.5119014e+00 9.7389386e-01 3.6800162e-02 5.5875920e-01 6.2000439e-01 5.1493629e-01 3.3698201e-01 1.0708204e+00 4.0920790e+00 4.5950501e+00 4.4870685e+00 4.8649262e+00 5.5124947e+00 6.0722383e+00 6.4305578e+00 6.5074552e+00 6.4873014e+00 6.7373427e+00 7.2411358e+00 7.0700591e+00 7.0363548e+00 7.3974168e+00 7.5096307e+00 7.5247439e+00 7.5273004e+00 7.3048958e+00 6.4430923e+00 5.5666547e+00 6.1127958e+00 6.7676412e+00 7.2589986e+00 7.4487057e+00 7.4426153e+00 7.3210020e+00 7.4531659e+00 7.4860752e+00 7.4661338e+00 7.4155207e+00 7.3412205e+00 7.2067199e+00 7.0231528e+00 6.7938181e+00
9.5737310e+00 9.5503337e+00 9.4901042e+00 9.2540092e+00 9.1573335e+00 9.1100346e+00 6.9516788e+00 4.4530421e+00 1.6990035e+00 9.3766787e-04 9.2054678e-03 8.8982368e-02 1.1712725e-01 1.4260220e-01 2.4344172e-01 3.3722180e+00 4.3940310e+00 4.2007538e+00 3.2297216e+00 1.3676180e+00 1.3616400e+00 5.0936790e+00 6.4476486e+00 6.8305124e+00 6.9072929e+00 6.7501054e+00 7.0589722e+00 7.1942240e+00 7.4696203e+00 7.7954630e+00 7.6841213e+00 7.5240540e+00 7.5531417e+00 7.5318067e+00 6.8430632e+00 6.1059665e+00 6.3012621e+00 6.7776100e+00 7.3118928e+00 7.6070688e+00 7.8267156e+00 7.6830616e+00 7.7630879e+00 7.8194034e+00 7.8162781e+00 7.8250269e+00 7.8882676e+00 7.6294651e+00 7.3744768e+00 7.2167000e+00
9.5283220e+00 9.5357436e+00 9.5401485e+00 9.4831830e+00 9.3152128e+00 8.8407803e+00 9.1722646e-01 0.0000000e+00 8.5107101e-04 9.7229550e-04 1.0791023e-02 0.0000000e+00 0.0000000e+00 3.9980378e-02 1.0310429e-01 1.1020983e+00 1.4822061e+00 7.2646771e-01 4.2187969e-01 6.2935161e-01 1.9250467e+00 5.2954578e+00 6.5932838e+00 7.1919939e+00 7.1389619e+00 6.9921897e+00 7.0143355e+00 7.0915304e+00 7.5380189e+00 7.7329801e+00 7.3860393e+00 6.7108663e+00 7.0422343e+00 7.3402071e+00 7.0854779e+00 6.7820334e+00 6.7729530e+00 6.9791304e+00 7.3545550e+00 7.6559656e+00 7.8951863e+00 7.9405583e+00 8.0176070e+00 8.1307531e+00 8.1435563e+00 8.1478094e+00 8.1561227e+00 7.9372571e+00 7.7531965e+00 7.6155954e+00
9.5321725e+00 9.4790225e+00 9.5243951e+00 9.5255739e+00 9.5337785e+00 9.2577900e+00 3.6752194e+00 9.0299813e-04 9.5401741e-04 9.6390093e-04 9.9921001e-04 0.0000000e+00 0.0000000e+00 9.5457031e-04 2.1432200e-01 2.3865505e+00 3.7572879e+00 3.3600399e+00 3.1657269e+00 4.4827184e+00 5.9148086e+00 6.4991466e+00 6.9189470e+00 7.1822230e+00 7.1003976e+00 7.1519356e+00 7.0856986e+00 7.0760985e+00 7.3711776e+00 7.5587975e+00 7.0805309e+00 5.8146755e+00 6.4303348e+00 7.1801705e+00 7.3337946e+00 7.2861646e+00 7.1990698e+00 7.1959640e+00 7.4485168e+00 7.7181083e+00 7.9112839e+00 8.0399378e+00 8.1695286e+00 8.3512468e+00 8.3665228e+00 8.3357362e+00 8.3015699e+00 8.1566230e+00 8.0180351e+00 7.9682355e+00
