ahotovec/data/depth_0008.asc
ncols     164
nrows     146
xllcorner -1.242151388888889e+02
yllcorner  4.172986111111111e+01
cellsize  2.777777777820000e-04
nodata_value       -9999
[rows 88 to 109 of 146, columns 50 to 99 of 164]
0.0000000e+00 0.0000000e+00 0.0000000e+00 0.0000000e+00 0.0000000e+00 0.0000000e+00 8.3910180e-04 1.0911228e+00 1.1821504e+00 1.1356915e+00 1.2914241e+00 1.5775735e+00 1.9381925e+00 2.2707761e+00 2.5483296e+00 2.7102305e+00 3.0503612e+00 3.5212310e+00 3.7493064e+00 3.9912344e+00 3.9684880e+00 4.1565098e+00 4.1991090e+00 4.0966353e+00 4.2242902e+00 4.1074972e+00 4.2231885e+00 3.7611822e+00 2.6239875e+00 3.6535330e+00 3.9952339e+00 3.5787973e+00 3.7164598e+00 3.9542967e+00 4.0576745e+00 3.9480593e+00 4.0450246e+00 4.1120461e+00 4.1051976e+00 4.0430374e+00 4.1212044e+00 4.1246028e+00 4.0727333e+00 4.0688524e+00 4.1368788e+00 4.1788780e+00 4.4104389e+00 3.5399889e+00 3.5506382e+00 4.1388412e+00
8.8057015e-04 9.6825603e-04 9.8708245e-04 0.0000000e+00 0.0000000e+00 0.0000000e+00 0.0000000e+00 9.2329382e-04 1.0166200e+00 1.3651122e+00 1.4364178e+00 1.6357179e+00 1.9701179e+00 2.5556578e+00 2.7890669e+00 3.0185474e+00 3.4039867e+00 3.6213036e+00 3.6294957e+00 4.0080171e+00 4.3812614e+00 4.4946610e+00 4.3269970e+00 4.1872939e+00 4.1805756e+00 3.6649719e+00 3.2215289e+00 3.0284032e+00 2.7505153e+00 3.2849282e+00 3.7594506e+00 3.9282914e+00 4.0248842e+00 4.1188630e+00 4.2027916e+00 4.2152596e+00 4.2065973e+00 4.2973825e+00 4.3215876e+00 4.3320607e+00 4.3435865e+00 4.3497596e+00 4.3944138e+00 4.3298193e+00 4.3019243e+00 4.3163262e+00 4.4568455e+00 4.0365764e+00 3.7225470e+00 3.6891516e+00
1.4556896e+00 1.1228884e+00 2.2731112e-01 9.3350885e-04 0.0000000e+00 0.0000000e+00 0.0000000e+00 0.0000000e+00 0.0000000e+00 1.2021539e+00 1.5682222e+00 1.6546223e+00 1.9054319e+00 2.3283838e+00 2.5704976e+00 2.8830692e+00 3.1328106e+00 3.3130163e+00 3.4183122e+00 3.6381313e+00 3.8636215e+00 3.9376496e+00 3.7256181e+00 3.5763389e+00 3.4603271e+00 2.9095131e+00 2.3909742e+00 2.9951823e+00 3.4442110e+00 3.7511544e+00 4.0462519e+00 4.2106997e+00 4.3105138e+00 4.3319503e+00 4.3718896e+00 4.4353354e+00 4.4684015e+00 4.4751707e+00 4.5466620e+00 4.5680341e+00 4.5761705e+00 4.5338314e+00 4.6249359e+00 4.6465182e+00 4.5805111e+00 4.5843386e+00 4.5165174e+00 4.4596803e+00 3.9109640e+00 3.9164190e+00
1.4588621e+00 1.4820403e+00 1.2586614e+00 1.0334161e+00 0.0000000e+00 0.0000000e+00 0.0000000e+00 0.0000000e+00 0.0000000e+00 0.0000000e+00 1.3726068e+00 1.7297255e+00 1.7439322e+00 1.9250029e+00 1.9000269e+00 1.8103754e+00 2.4949060e+00 2.7648891e+00 2.8941460e+00 3.0219925e+00 3.0826676e+00 3.0245001e+00 2.8374235e+00 2.6615336e+00 2.7680175e+00 2.8369345e+00 2.9551890e+00 3.4960285e+00 3.9156200e+00 4.1510705e+00 4.2917227e+00 4.4057158e+00 4.4724264e+00 4.5378578e+00 4.5587981e+00 4.6077867e+00 4.6750920e+00 4.7164745e+00 4.7106527e+00 4.7769028e+00 4.7600455e+00 4.7578788e+00 4.8669020e+00 4.8783766e+00 4.8386425e+00 4.8333762e+00 4.7643271e+00 4.6575952e+00 4.5295935e+00 4.4456372e+00
1.3452417e+00 1.4927124e+00 5.7010044e-01 1.4219746e+00 6.2351774e-01 0.0000000e+00 0.0000000e+00 0.0000000e+00 0.0000000e+00 0.0000000e+00 0.0000000e+00 1.3340941e+00 1.7332214e+00 1.8155600e+00 1.8354781e-01 0.0000000e+00 1.7074639e+00 2.2261526e+00 2.3203769e+00 2.3855894e+00 2.3192174e+00 2.1770881e+00 2.0809167e+00 1.9909869e+00 2.5232897e+00 3.1454184e+00 3.5420223e+00 3.8984155e+00 4.2189397e+00 4.4037411e+00 4.5083417e+00 4.5581371e+00 4.6121203e+00 4.6643198e+00 4.7086695e+00 4.7560285e+00 4.8221203e+00 4.8900629e+00 4.9264369e+00 4.9106570e+00 4.9266931e+00 4.9618584e+00 5.0492913e+00 5.0278372e+00 5.0405871e+00 4.9717497e+00 4.8328421e+00 4.6658872e+00 4.4693512e+00 4.3565171e+00
1.1783039e+00 1.3182528e+00 1.4731018e+00 1.7148943e+00 1.5898471e+00 8.2423828e-04 0.0000000e+00 0.0000000e+00 0.0000000e+00 8.9388601e-04 0.0000000e+00 0.0000000e+00 9.3650772e-01 1.5105481e+00 7.8535601e-01 6.9679057e-01 1.7919366e+00 1.8658316e+00 1.9181181e+00 1.9147881e+00 1.7865701e+00 1.7120694e+00 2.0990175e+00 2.4747223e+00 3.1379600e+00 3.6904940e+00 4.0831765e+00 4.3013948e+00 4.4496865e+00 4.5606447e+00 4.6569414e+00 4.7373347e+00 4.7638308e+00 4.8093689e+00 4.8638904e+00 4.8863205e+00 4.9459396e+00 5.0117160e+00 5.0193494e+00 5.0510250e+00 5.1125523e+00 5.1674332e+00 5.1969040e+00 5.1876527e+00 5.1504744e+00 5.0434600e+00 4.7821917e+00 4.3468233e+00 4.0476456e+00 3.8710691e+00
1.2202050e+00 1.3736317e+00 1.6748636e+00 1.6870112e+00 1.6676256e+00 8.6794651e-01 0.0000000e+00 0.0000000e+00 6.4023895e-01 1.3330758e+00 9.1526370e-01 0.0000000e+00 0.0000000e+00 0.0000000e+00 1.0355273e-01 1.9058188e+00 1.6833301e+00 1.7056100e+00 1.7447181e+00 1.7256721e+00 1.7118884e+00 2.1997946e+00 2.8356708e+00 3.3981088e+00 3.8043148e+00 4.1145822e+00 4.3725312e+00 4.5729078e+00 4.6793840e+00 4.7114587e+00 4.7749954e+00 4.8521162e+00 4.9249853e+00 4.9487827e+00 5.0042085e+00 5.0442639e+00 5.0846411e+00 5.0972469e+00 5.1252516e+00 5.2095086e+00 5.2770846e+00 5.3208770e+00 5.3637650e+00 5.3501347e+00 5.3206601e+00 5.1635388e+00 4.3769878e+00 3.5755001e+00 3.4021117e+00 3.1844821e+00
1.4526260e+00 1.5420758e+00 1.6366962e+00 1.6818380e+00 1.7286541e+00 1.5868631e+00 3.3672390e-01 0.0000000e+00 1.1807266e-01 1.5862781e+00 2.9955159e-01 3.5552172e-01 0.0000000e+00 0.0000000e+00 6.9331198e-04 1.8151649e+00 1.7002272e+00 1.7308999e+00 1.7559271e+00 2.0044481e+00 2.3541059e+00 2.9957874e+00 3.5528863e+00 3.9100698e+00 4.2248592e+00 4.4151150e+00 4.5810879e+00 4.7148497e+00 4.8346082e+00 4.8946929e+00 4.9186888e+00 4.9701391e+00 5.0393255e+00 5.0992912e+00 5.1372238e+00 5.1657880e+00 5.1667121e+00 5.1908616e+00 5.2370025e+00 5.3274311e+00 5.4147283e+00 5.4718068e+00 5.5424513e+00 5.6042080e+00 5.6938541e+00 5.5943679e+00 3.6681865e+00 2.0974428e+00 2.0079023e+00 2.3485152e+00
1.6714358e+00 1.7228442e+00 1.7450890e+00 1.7597730e+00 1.7544110e+00 1.7424571e+00 1.4561568e+00 7.4175736e-04 0.0000000e+00 7.0161780e-01 1.0531079e+00 1.1561825e+00 4.7868010e-01 3.2416774e-01 1.3583092e+00 1.8869970e+00 1.9724045e+00 2.0390574e+00 2.1016098e+00 2.6529246e+00 3.3447912e+00 3.7831572e+00 4.0265248e+00 4.2358305e+00 4.4334686e+00 4.6140197e+00 4.7217061e+00 4.8317889e+00 4.9169242e+00 4.9971321e+00 5.0415701e+00 5.0810475e+00 5.1396986e+00 5.1740904e+00 5.1877323e+00 5.2068353e+00 5.2340287e+00 5.2505051e+00 5.3096603e+00 5.3967301e+00 5.4659016e+00 5.5441308e+00 5.6254359e+00 5.7138698e+00 5.8029307e+00 5.0994536e+00 8.9809893e-04 0.0000000e+00 6.7551775e-04 1.5948262e-02
1.8901808e+00 1.8982936e+00 1.8950569e+00 1.8812607e+00 1.8444223e+00 1.7642859e+00 1.7387520e+00 1.3922485e+00 0.0000000e+00 0.0000000e+00 1.0207911e+00 1.4028645e+00 1.6989377e+00 1.9489871e+00 1.9521308e+00 2.1031923e+00 2.4205198e+00 2.6582569e+00 2.8651697e+00 3.3549795e+00 3.8007183e+00 4.1259217e+00 4.3616695e+00 4.4484345e+00 4.5833315e+00 4.7104715e+00 4.8265044e+00 4.9113486e+00 4.9773500e+00 5.0548830e+00 5.1026059e+00 5.1461527e+00 5.1866400e+00 5.1665219e+00 5.2355425e+00 5.2702531e+00 5.3326572e+00 5.3460148e+00 5.3988650e+00 5.4445130e+00 5.5083982e+00 5.5842644e+00 5.6278379e+00 5.6540841e+00 5.5992650e+00 5.2290035e+00 3.2234516e+00 1.8654405e+00 3.4056146e-01 4.4041149e-04
2.1604526e+00 2.1285575e+00 2.0919027e+00 2.0434337e+00 1.9582535e+00 1.8635926e+00 1.7858637e+00 1.8358107e+00 8.4126612e-01 0.0000000e+00 1.7917216e-01 1.7719747e+00 1.5598075e+00 1.7380961e+00 1.9962354e+00 2.3031583e+00 2.6864369e+00 2.9063081e+00 3.1338007e+00 3.6120882e+00 3.9758643e+00 4.3197774e+00 4.5486047e+00 4.6250926e+00 4.6780113e+00 4.7782745e+00 4.8621620e+00 4.9667951e+00 5.0243703e+00 5.1012054e+00 5.1572776e+00 5.1785436e+00 5.1562091e+00 5.2421274e+00 5.3080229e+00 5.3346138e+00 5.4133073e+00 5.4234516e+00 5.4663536e+00 5.5044033e+00 5.5590996e+00 5.5990816e+00 5.6011489e+00 5.5378618e+00 5.4089428e+00 5.1506799e+00 4.7971022e+00 4.4896686e+00 4.2705586e+00 3.9698064e+00
2.4336914e+00 2.3562537e+00 2.3027563e+00 2.2134205e+00 2.0887397e+00 1.9868403e+00 1.8575772e+00 1.8200776e+00 1.5780124e+00 9.3155363e-04 0.0000000e+00 1.0949260e+00 1.6184973e+00 1.8699268e+00 2.0780485e+00 2.3792348e+00 2.6339126e+00 2.8256983e+00 3.3507103e+00 3.7310903e+00 4.0755757e+00 4.3703748e+00 4.5636762e+00 4.6284358e+00 4.7153360e+00 4.8086071e+00 4.8951239e+00 4.9835479e+00 5.0744631e+00 5.1254755e+00 5.1771189e+00 5.2187057e+00 5.2177997e+00 5.2819454e+00 5.3640447e+00 5.4029052e+00 5.4725094e+00 5.4858208e+00 5.5223727e+00 5.5653955e+00 5.6010784e+00 5.6194579e+00 5.5822212e+00 5.4952227e+00 5.3981198e+00 5.2075845e+00 5.0381924e+00 5.0306608e+00 4.8754440e+00 4.7255724e+00
2.6931428e+00 2.5746931e+00 2.4994649e+00 2.3629143e+00 2.1961717e+00 2.0714237e+00 1.9307093e+00 1.8118212e+00 1.6956901e+00 8.0503562e-01 0.0000000e+00 0.0000000e+00 1.1940926e+00 1.8933053e+00 2.1131957e+00 2.4555721e+00 2.8004797e+00 3.0589469e+00 3.5300699e+00 3.8393977e+00 4.1049058e+00 4.3189820e+00 4.4607848e+00 4.5988087e+00 4.7337617e+00 4.8357157e+00 4.9299716e+00 5.0157052e+00 5.1009325e+00 5.1851393e+00 5.2319126e+00 5.2303750e+00 5.2724308e+00 5.3247167e+00 5.4008962e+00 5.4598301e+00 5.5287224e+00 5.5417958e+00 5.5734437e+00 5.6089674e+00 5.6527306e+00 5.6334598e+00 5.5863620e+00 5.5061418e+00 5.4750038e+00 5.4528478e+00 5.3372503e+00 5.1853130e+00 5.0347377e+00 5.0121158e+00
3.0842325e+00 2.9166037e+00 2.7672066e+00 2.5675353e+00 2.3544619e+00 2.1863937e+00 2.0244233e+00 1.8799796e+00 1.8017210e+00 1.7849220e+00 5.1964944e-01 0.0000000e+00 5.2324239e-02 2.0550370e+00 2.0992442e+00 2.5214171e+00 2.9793951e+00 3.3157076e+00 3.5492537e+00 3.8930761e+00 4.1230237e+00 4.2753359e+00 4.4395227e+00 4.5795383e+00 4.7201655e+00 4.8465755e+00 4.9378002e+00 5.0382973e+00 5.1317254e+00 5.2180085e+00 5.2586302e+00 5.2486274e+00 5.3148446e+00 5.3688880e+00 5.4538498e+00 5.5128056e+00 5.5646006e+00 5.5643806e+00 5.6018739e+00 5.6610204e+00 5.6677668e+00 5.6597076e+00 5.6277825e+00 5.5552705e+00 5.5762870e+00 5.5830510e+00 5.5068351e+00 5.3556354e+00 5.3171991e+00 5.2647828e+00
3.5622844e+00 3.3242080e+00 3.1035187e+00 2.8465689e+00 2.5765761e+00 2.3291374e+00 2.1346304e+00 1.9819926e+00 1.8369169e+00 1.8324229e+00 1.4273625e+00 0.0000000e+00 0.0000000e+00 1.7701237e+00 2.0723600e+00 2.4441346e+00 2.9100885e+00 3.3306453e+00 3.6192501e+00 3.8258536e+00 4.0584562e+00 4.2524117e+00 4.4091329e+00 4.5763641e+00 4.7064520e+00 4.8302481e+00 4.9545534e+00 5.0621791e+00 5.1521982e+00 5.2125939e+00 5.2453689e+00 5.3005389e+00 5.3722975e+00 5.4137660e+00 5.4811317e+00 5.5331008e+00 5.5960872e+00 5.5894047e+00 5.6168206e+00 5.6795669e+00 5.7045326e+00 5.7047457e+00 5.6899877e+00 5.6045621e+00 5.5854262e+00 5.6004406e+00 5.5727556e+00 5.5707393e+00 5.5324018e+00 5.4592087e+00
4.0135066e+00 3.7079660e+00 3.4232962e+00 3.0833614e+00 2.7383364e+00 2.4354216e+00 2.1992621e+00 2.0341592e+00 1.9005760e+00 1.8237388e+00 1.6681804e+00 1.8278254e-01 0.0000000e+00 8.8325364e-04 2.1179282e+00 2.2819092e+00 2.7387852e+00 3.1590291e+00 3.4978522e+00 3.8143838e+00 3.9575788e+00 4.1688887e+00 4.3690667e+00 4.5288778e+00 4.6886248e+00 4.8109017e+00 4.9451406e+00 5.0714333e+00 5.1524387e+00 5.1555751e+00 5.2532605e+00 5.3780444e+00 5.4098390e+00 5.4100067e+00 5.4965223e+00 5.5386583e+00 5.5966426e+00 5.6348208e+00 5.6363966e+00 5.6698654e+00 5.7207503e+00 5.7329210e+00 5.7473859e+00 5.6988482e+00 5.6966455e+00 5.7222059e+00 5.6954051e+00 5.6809637e+00 5.6398598e+00 5.5276699e+00
4.4702629e+00 4.0610992e+00 3.7085120e+00 3.2674377e+00 2.8384810e+00 2.4881580e+00 2.2319900e+00 2.0621233e+00 1.9437795e+00 1.8441194e+00 1.7692285e+00 1.7093068e+00 8.1127955e-04 0.0000000e+00 1.0908302e+00 2.1966461e+00 2.5099726e+00 2.9286573e+00 3.2531225e+00 3.6385958e+00 3.9059484e+00 4.0270864e+00 4.2774117e+00 4.4460587e+00 4.6026772e+00 4.7787989e+00 4.9005366e+00 5.0377679e+00 5.1334654e+00 5.1397713e+00 5.2945285e+00 5.4008544e+00 5.4336767e+00 5.4326473e+00 5.4906667e+00 5.5637946e+00 5.6056189e+00 5.6822740e+00 5.6717024e+00 5.6912886e+00 5.7392478e+00 5.7769754e+00 5.7921249e+00 5.7812667e+00 5.7995863e+00 5.8150281e+00 5.7721067e+00 5.7266049e+00 5.6806154e+00 5.6273788e+00
4.9753018e+00 4.4732392e+00 4.0105816e+00 3.4611031e+00 2.9170759e+00 2.4958366e+00 2.2290311e+00 2.1210789e+00 2.0609014e+00 1.9476031e+00 1.8559676e+00 1.9109628e+00 1.4514305e+00 0.0000000e+00 0.0000000e+00 1.9027547e+00 2.3346501e+00 2.6524819e+00 2.9919401e+00 3.3864306e+00 3.7226652e+00 3.9545111e+00 4.1041440e+00 4.3467001e+00 4.5128600e+00 4.6741214e+00 4.8426344e+00 4.9794822e+00 5.1011821e+00 5.1484513e+00 5.3056500e+00 5.4175234e+00 5.4794930e+00 5.4598393e+00 5.5137896e+00 5.5779845e+00 5.6286968e+00 5.6902179e+00 5.6645825e+00 5.7292447e+00 5.7803500e+00 5.8186596e+00 5.8319935e+00 5.8401352e+00 5.8502448e+00 5.8565070e+00 5.8160878e+00 5.7949700e+00 5.7674239e+00 5.7328736e+00
5.5221623e+00 4.9430498e+00 4.3568345e+00 3.6495136e+00 2.9411145e+00 2.3810099e+00 2.0963760e+00 1.9290323e+00 1.5972791e+00 2.0186783e+00 2.0784272e+00 2.0159968e+00 1.9284483e+00 1.9300889e-01 0.0000000e+00 8.9207176e-04 2.1642900e+00 2.3702256e+00 2.7302580e+00 3.1804899e+00 3.5838246e+00 3.9264195e+00 3.9997011e+00 4.1299057e+00 4.3367553e+00 4.5297859e+00 4.7505856e+00 4.8865771e+00 5.0362610e+00 5.1323712e+00 5.2470105e+00 5.3843270e+00 5.4994124e+00 5.5089286e+00 5.5430379e+00 5.6183516e+00 5.6459616e+00 5.7129376e+00 5.7002995e+00 5.7549731e+00 5.7990604e+00 5.8521423e+00 5.8786283e+00 5.8813128e+00 5.8771143e+00 5.8798575e+00 5.8860090e+00 5.8551504e+00 5.8300200e+00 5.8041816e+00
6.1312060e+00 5.5037743e+00 4.7874906e+00 3.8524028e+00 2.9239134e+00 2.0484058e+00 1.1603481e+00 1.0493427e+00 4.2111482e-04 1.7862020e+00 2.4353414e+00 2.3485076e+00 2.2245174e+00 1.6124938e+00 0.0000000e+00 0.0000000e+00 1.4674225e+00 2.1749531e+00 2.4720242e+00 2.9157690e+00 3.3629336e+00 3.7634370e+00 3.9707327e+00 4.0124807e+00 4.1345839e+00 4.3336730e+00 4.5606535e+00 4.7735309e+00 4.9468244e+00 5.1139607e+00 5.2828972e+00 5.3356105e+00 5.4457956e+00 5.4949975e+00 5.5690041e+00 5.6351375e+00 5.6687981e+00 5.7470374e+00 5.7425943e+00 5.8115801e+00 5.8700024e+00 5.8969145e+00 5.9347498e+00 5.9252775e+00 5.8988359e+00 5.8981977e+00 5.9273254e+00 5.9110751e+00 5.8518552e+00 5.8275792e+00
6.8548167e+00 6.1358672e+00 5.2994708e+00 4.1431110e+00 2.9431896e+00 1.8631081e+00 1.0879012e+00 1.5793428e+00 1.4142508e+00 2.1076129e+00 2.8834436e+00 2.8637137e+00 2.6695948e+00 2.1463745e+00 7.2916898e-01 0.0000000e+00 0.0000000e+00 2.2590057e+00 2.3298786e+00 2.6281561e+00 3.0830183e+00 3.4963073e+00 3.8156698e+00 3.9803515e+00 3.9419280e+00 4.0225221e+00 4.2452889e+00 4.5225514e+00 4.7710819e+00 5.0703788e+00 5.3692001e+00 5.4107933e+00 5.4185219e+00 5.4849217e+00 5.5609889e+00 5.6414584e+00 5.6949654e+00 5.7747138e+00 5.7761611e+00 5.8188695e+00 5.8783682e+00 5.9332995e+00 5.9863949e+00 5.9430265e+00 5.9068786e+00 5.8884773e+00 5.9110870e+00 5.9198936e+00 5.9082261e+00 5.8608005e+00
7.5460421e+00 6.7802529e+00 5.8540351e+00 4.5283762e+00 3.1221818e+00 2.1387379e+00 1.9305822e+00 1.8376150e+00 3.6574042e-01 2.5576987e+00 3.4187545e+00 3.4506439e+00 3.2952588e+00 2.8324887e+00 2.2829509e+00 9.5501693e-01 0.0000000e+00 3.1693226e-01 2.1777445e+00 2.4003124e+00 2.8289499e+00 3.2433504e+00 3.5758152e+00 3.8108487e+00 3.8676804e+00 3.7499796e+00 3.8317096e+00 4.1365137e+00 4.4780959e+00 4.8124266e+00 4.9501673e+00 5.2234604e+00 5.3527874e+00 5.3874718e+00 5.5054426e+00 5.6090757e+00 5.6930921e+00 5.7831945e+00 5.8122453e+00 5.8601248e+00 5.9080748e+00 5.9616070e+00 6.0059615e+00 5.9167094e+00 5.8654551e+00 5.8257681e+00 5.8450582e+00 5.8742792e+00 5.8991222e+00 5.9108665e+00
