ahotovec/data/depth_0030.asc
ncols     164
nrows     146
xllcorner -1.242151388888889e+02
yllcorner  4.172986111111111e+01
cellsize  2.777777777820000e-04
nodata_value       -9999
[rows 66 to 87 of 146, columns 0 to 49 of 164]
5.4136270e-03 1.0346516e-02 9.8832490e-04 9.1450973e-04 8.8825077e-04 0.0000000e+00 0.0000000e+00 0.0000000e+00 0.0000000e+00 0.0000000e+00 0.0000000e+00 0.0000000e+00 0.0000000e+00 0.0000000e+00 0.0000000e+00 0.0000000e+00 0.0000000e+00 0.0000000e+00 0.0000000e+00 0.0000000e+00 0.0000000e+00 0.0000000e+00 0.0000000e+00 0.0000000e+00 0.0000000e+00 0.0000000e+00 0.0000000e+00 0.0000000e+00 0.0000000e+00 0.0000000e+00 0.0000000e+00 0.0000000e+00 0.0000000e+00 0.0000000e+00 0.0000000e+00 0.0000000e+00 0.0000000e+00 0.0000000e+00 0.0000000e+00 0.0000000e+00 0.0000000e+00 0.0000000e+00 0.0000000e+00 0.0000000e+00 0.0000000e+00 0.0000000e+00 0.0000000e+00 0.0000000e+00 0.0000000e+00 0.0000000e+00
1.3925086e-02 9.4320755e-03 2.1492706e-01 2.2042169e-01 9.7832893e-04 9.4937430e-04 7.8601789e-04 0.0000000e+00 0.0000000e+00 0.0000000e+00 0.0000000e+00 0.0000000e+00 0.0000000e+00 0.0000000e+00 0.0000000e+00 0.0000000e+00 0.0000000e+00 0.0000000e+00 0.0000000e+00 0.0000000e+00 0.0000000e+00 0.0000000e+00 0.0000000e+00 0.0000000e+00 0.0000000e+00 0.0000000e+00 0.0000000e+00 0.0000000e+00 0.0000000e+00 0.0000000e+00 0.0000000e+00 0.0000000e+00 0.0000000e+00 0.0000000e+00 0.0000000e+00 0.0000000e+00 0.0000000e+00 0.0000000e+00 0.0000000e+00 0.0000000e+00 0.0000000e+00 0.0000000e+00 0.0000000e+00 0.0000000e+00 0.0000000e+00 0.0000000e+00 0.0000000e+00 0.0000000e+00 0.0000000e+00 0.0000000e+00
6.3508011e-03 1.0975431e-03 1.2691604e+00 1.9918271e+00 2.2464721e+00 1.9405393e+00 1.1475068e+00 9.1909752e-04 8.4144253e-04 0.0000000e+00 0.0000000e+00 0.0000000e+00 0.0000000e+00 0.0000000e+00 0.0000000e+00 0.0000000e+00 0.0000000e+00 0.0000000e+00 0.0000000e+00 0.0000000e+00 0.0000000e+00 0.0000000e+00 0.0000000e+00 0.0000000e+00 0.0000000e+00 0.0000000e+00 0.0000000e+00 0.0000000e+00 0.0000000e+00 0.0000000e+00 0.0000000e+00 0.0000000e+00 0.0000000e+00 0.0000000e+00 0.0000000e+00 0.0000000e+00 0.0000000e+00 0.0000000e+00 0.0000000e+00 0.0000000e+00 0.0000000e+00 0.0000000e+00 0.0000000e+00 0.0000000e+00 0.0000000e+00 0.0000000e+00 0.0000000e+00 0.0000000e+00 0.0000000e+00 0.0000000e+00
1.0324226e-03 1.4996411e+00 3.5311750e+00 3.8050266e+00 3.8602185e+00 3.9182115e+00 3.4243460e+00 2.4834766e+00 1.6469135e+00 1.3255033e+00 9.7398869e-04 7.5009878e-04 0.0000000e+00 0.0000000e+00 0.0000000e+00 0.0000000e+00 0.0000000e+00 0.0000000e+00 0.0000000e+00 0.0000000e+00 0.0000000e+00 0.0000000e+00 0.0000000e+00 0.0000000e+00 0.0000000e+00 0.0000000e+00 0.0000000e+00 0.0000000e+00 0.0000000e+00 0.0000000e+00 0.0000000e+00 0.0000000e+00 0.0000000e+00 0.0000000e+00 0.0000000e+00 0.0000000e+00 0.0000000e+00 0.0000000e+00 0.0000000e+00 0.0000000e+00 0.0000000e+00 0.0000000e+00 0.0000000e+00 0.0000000e+00 0.0000000e+00 0.0000000e+00 0.0000000e+00 0.0000000e+00 0.0000000e+00 0.0000000e+00
9.8821883e-01 3.7128656e+00 3.9008218e+00 4.0434159e+00 4.1080596e+00 4.0419477e+00 3.6264738e+00 3.2516873e+00 3.9614699e+00 3.4137417e+00 1.6425862e+00 8.5771477e-04 0.0000000e+00 0.0000000e+00 0.0000000e+00 0.0000000e+00 0.0000000e+00 0.0000000e+00 0.0000000e+00 0.0000000e+00 0.0000000e+00 0.0000000e+00 0.0000000e+00 0.0000000e+00 0.0000000e+00 0.0000000e+00 0.0000000e+00 0.0000000e+00 0.0000000e+00 0.0000000e+00 0.0000000e+00 0.0000000e+00 0.0000000e+00 0.0000000e+00 0.0000000e+00 0.0000000e+00 0.0000000e+00 0.0000000e+00 0.0000000e+00 0.0000000e+00 0.0000000e+00 0.0000000e+00 0.0000000e+00 0.0000000e+00 0.0000000e+00 0.0000000e+00 0.0000000e+00 0.0000000e+00 0.0000000e+00 0.0000000e+00
3.5738812e+00 1.8233179e+00 2.9181698e+00 3.9185646e+00 4.1079108e+00 2.7922638e+00 3.2269361e+00 3.3791945e+00 4.1982237e+00 3.5464146e+00 1.2105593e+00 5.8395253e-04 0.0000000e+00 0.0000000e+00 0.0000000e+00 0.0000000e+00 0.0000000e+00 0.0000000e+00 0.0000000e+00 0.0000000e+00 0.0000000e+00 0.0000000e+00 0.0000000e+00 0.0000000e+00 0.0000000e+00 0.0000000e+00 0.0000000e+00 0.0000000e+00 0.0000000e+00 0.0000000e+00 0.0000000e+00 0.0000000e+00 0.0000000e+00 0.0000000e+00 0.0000000e+00 0.0000000e+00 0.0000000e+00 0.0000000e+00 0.0000000e+00 0.0000000e+00 0.0000000e+00 0.0000000e+00 0.0000000e+00 0.0000000e+00 0.0000000e+00 0.0000000e+00 0.0000000e+00 0.0000000e+00 0.0000000e+00 0.0000000e+00
3.6534494e+00 2.4416727e+00 3.2309007e+00 3.0665293e+00 4.1253498e+00 4.2447899e+00 4.1715879e+00 4.1702149e+00 4.1871256e+00 3.2660566e+00 4.9259690e-01 8.7839071e-04 0.0000000e+00 0.0000000e+00 0.0000000e+00 0.0000000e+00 0.0000000e+00 0.0000000e+00 0.0000000e+00 0.0000000e+00 0.0000000e+00 0.0000000e+00 0.0000000e+00 0.0000000e+00 0.0000000e+00 0.0000000e+00 0.0000000e+00 0.0000000e+00 0.0000000e+00 0.0000000e+00 0.0000000e+00 0.0000000e+00 0.0000000e+00 0.0000000e+00 0.0000000e+00 0.0000000e+00 0.0000000e+00 0.0000000e+00 0.0000000e+00 0.0000000e+00 0.0000000e+00 0.0000000e+00 0.0000000e+00 0.0000000e+00 0.0000000e+00 9.9969551e-04 0.0000000e+00 0.0000000e+00 9.9632269e-04 9.9975429e-04
3.8973849e+00 3.7103334e+00 3.8828750e+00 3.8237777e+00 4.1350123e+00 4.2179225e+00 4.2546307e+00 4.2913734e+00 4.0647676e+00 2.5091974e+00 1.6607757e+00 1.0933757e+00 9.2297876e-01 1.2613362e+00 1.5070962e+00 1.4666271e+00 9.6653181e-01 4.6440747e-01 9.3832852e-04 9.2949442e-04 9.5040976e-04 9.8524701e-04 0.0000000e+00 0.0000000e+00 0.0000000e+00 0.0000000e+00 0.0000000e+00 0.0000000e+00 0.0000000e+00 0.0000000e+00 0.0000000e+00 0.0000000e+00 0.0000000e+00 0.0000000e+00 0.0000000e+00 0.0000000e+00 0.0000000e+00 0.0000000e+00 0.0000000e+00 0.0000000e+00 0.0000000e+00 0.0000000e+00 0.0000000e+00 0.0000000e+00 9.9979242e-04 9.9688757e-04 9.9848744e-04 9.8613259e-04 9.9756050e-04 9.9947222e-04
4.6921625e+00 3.9975667e+00 3.8804799e+00 3.9562588e+00 4.1291563e+00 4.3315932e+00 4.4452612e+00 4.4940704e+00 4.3832643e+00 4.0631815e+00 3.7811528e+00 3.6362948e+00 3.5540574e+00 3.6402091e+00 3.8320478e+00 3.6704478e+00 3.6658795e+00 3.6258822e+00 3.3207481e+00 2.9197907e+00 2.5227653e+00 1.3781636e+00 5.1963243e-01 9.6012824e-04 9.0305781e-04 9.2445289e-04 0.0000000e+00 0.0000000e+00 0.0000000e+00 0.0000000e+00 0.0000000e+00 0.0000000e+00 0.0000000e+00 0.0000000e+00 0.0000000e+00 0.0000000e+00 0.0000000e+00 0.0000000e+00 0.0000000e+00 0.0000000e+00 0.0000000e+00 0.0000000e+00 0.0000000e+00 9.9482613e-04 9.9870596e-04 9.9754497e-04 1.0353261e-02 1.7905099e-03 9.9319418e-04 9.9898683e-04
5.7008961e+00 4.4597855e+00 3.7308978e+00 3.9262859e+00 4.2429866e+00 4.6012972e+00 4.8223959e+00 4.8808825e+00 4.8311264e+00 4.7000087e+00 4.5160773e+00 4.4043327e+00 4.3021178e+00 4.2457655e+00 3.8588033e+00 2.9799246e+00 3.7860905e+00 3.9782561e+00 3.9092056e+00 3.7673091e+00 3.7973478e+00 3.4057393e+00 3.2724490e+00 2.5591034e+00 3.1909399e+00 1.1053323e+00 8.9581062e-04 0.0000000e+00 0.0000000e+00 0.0000000e+00 0.0000000e+00 0.0000000e+00 0.0000000e+00 0.0000000e+00 0.0000000e+00 0.0000000e+00 0.0000000e+00 0.0000000e+00 0.0000000e+00 0.0000000e+00 0.0000000e+00 0.0000000e+00 3.7113552e-06 9.9419864e-04 9.9747937e-04 9.8366817e-04 7.1629200e-04 2.4974613e-03 9.8924549e-04 9.6259031e-04
6.8597225e+00 4.9571957e+00 3.6561684e+00 3.1788096e+00 3.8822097e+00 5.2132226e+00 5.4355532e+00 5.4846384e+00 5.3945072e+00 5.1823600e+00 4.8914856e+00 4.6124094e+00 4.3746381e+00 4.1961933e+00 3.4019695e+00 2.8270151e+00 3.2945684e+00 3.8091251e+00 3.3413287e+00 3.4049846e+00 3.4940188e+00 3.0815391e+00 3.5963628e+00 3.5180312e+00 3.6025431e+00 3.5495171e+00 2.2239166e+00 8.0999976e-04 9.6551301e-04 0.0000000e+00 0.0000000e+00 0.0000000e+00 0.0000000e+00 0.0000000e+00 0.0000000e+00 0.0000000e+00 0.0000000e+00 0.0000000e+00 0.0000000e+00 0.0000000e+00 0.0000000e+00 0.0000000e+00 9.7540778e-04 9.9240860e-04 9.7476642e-04 8.4804774e-04 9.9825681e-04 1.1712834e-03 9.9436089e-04 9.2474664e-04
9.0139259e+00 6.4336961e+00 4.1580323e+00 3.5207538e+00 5.0670741e+00 6.1430402e+00 6.2692898e+00 6.2669687e+00 6.1056347e+00 5.7999874e+00 5.4121337e+00 4.9746390e+00 4.5783470e+00 4.3055118e+00 3.9107656e+00 3.3620205e+00 3.9146182e+00 4.0447933e+00 3.7898035e+00 3.6040492e+00 3.8491856e+00 3.5733615e+00 3.6278051e+00 3.5483286e+00 3.6163705e+00 3.8084770e+00 2.5869582e+00 2.9983948e+00 1.3593534e+00 8.2396791e-04 9.3928395e-04 0.0000000e+00 0.0000000e+00 0.0000000e+00 0.0000000e+00 0.0000000e+00 0.0000000e+00 0.0000000e+00 0.0000000e+00 9.9876021e-04 9.9952697e-04 0.0000000e+00 9.8455479e-04 9.9118382e-04 1.4561305e-01 1.2859507e-01 8.7451876e-02 1.5648184e-02 1.9547068e-01 1.3486654e-01
1.0877088e+01 9.0588602e+00 8.1860905e+00 6.6409888e+00 7.2848400e+00 7.1832599e+00 7.1480340e+00 7.0298238e+00 6.7495488e+00 6.3649065e+00 5.8421499e+00 5.2628693e+00 4.7181719e+00 4.3628732e+00 3.9947875e+00 3.2376478e+00 3.9841784e+00 4.0390698e+00 4.3839063e+00 4.1674773e+00 3.6122701e+00 3.6663660e+00 3.0531894e+00 3.4762306e+00 3.1561563e+00 2.7667189e+00 3.3549820e+00 3.5391134e+00 3.6987586e+00 2.2654346e+00 4.1883389e-02 7.4693057e-04 0.0000000e+00 0.0000000e+00 0.0000000e+00 0.0000000e+00 9.9959158e-04 9.9884596e-04 9.9882070e-04 9.9586693e-04 9.9996703e-04 9.8721785e-04 9.8211491e-04 9.7926930e-04 2.7173302e-01 3.9791694e-01 2.6239839e-01 1.6770429e-01 3.3580747e-01 3.2551840e-01
1.1423794e+01 1.0764935e+01 1.0718287e+01 9.2109985e+00 9.5015581e+00 8.6222438e+00 8.2760851e+00 8.0093694e+00 7.6466941e+00 7.1414014e+00 6.3966495e+00 5.5842462e+00 4.8509989e+00 4.2185656e+00 3.7826259e+00 3.6660119e+00 3.7781800e+00 3.9023467e+00 4.4470345e+00 3.8264647e+00 3.0747844e+00 3.7903827e+00 3.8230831e+00 3.8499654e+00 3.5531161e+00 3.6837303e+00 3.5341954e+00 3.4140286e+00 3.4519003e+00 3.9191350e+00 2.9297298e+00 1.1188533e+00 8.9164004e-04 9.2787012e-04 8.8507855e-04 9.9044681e-04 9.7103878e-04 9.9921124e-04 9.9876747e-04 9.9614498e-04 9.9674711e-04 9.9931896e-04 1.2401252e-03 8.0152189e-03 7.1854951e-02 1.2479212e-01 3.8955409e-01 2.6456482e-01 5.4595129e-01 7.9713407e-01
1.2110766e+01 1.1887008e+01 1.1605903e+01 1.1052778e+01 1.0593202e+01 9.9646143e+00 9.5783754e+00 9.1965679e+00 8.9374691e+00 8.4003697e+00 7.2201591e+00 5.9543743e+00 5.0937618e+00 4.4087692e+00 3.8662171e+00 3.7422198e+00 3.6422427e+00 3.7489880e+00 1.6852373e+00 2.4715746e+00 3.9366694e+00 3.8020252e+00 4.0183293e+00 3.8630866e+00 2.8110651e+00 3.5077700e+00 3.7672957e+00 3.4656413e+00 3.5015244e+00 2.5007319e+00 3.8785635e+00 3.8901545e+00 3.1550710e+00 1.0817282e+00 8.7808563e-04 8.7584102e-04 9.8538066e-04 9.9672145e-04 9.9997096e-04 9.9997938e-04 9.9362832e-04 5.4530984e-02 1.3773665e-03 9.4961459e-04 9.7536787e-04 8.9395297e-04 9.3527970e-04 2.1272004e-02 3.8288642e-01 2.7693909e-01
1.2080771e+01 1.1993981e+01 1.1810368e+01 1.1412328e+01 1.0978716e+01 1.0456407e+01 1.0059651e+01 9.9296675e+00 9.8463738e+00 9.3911187e+00 7.9778557e+00 6.1851826e+00 5.4385070e+00 4.8897810e+00 3.9631923e+00 3.0158139e+00 3.8446509e+00 3.8185127e+00 3.9621971e+00 3.9974816e+00 4.2181223e+00 4.0472250e+00 4.2470222e+00 3.8298413e+00 8.2187897e-04 2.6226244e+00 3.8436129e+00 3.5848539e+00 3.6090503e+00 3.7513645e+00 3.8844858e+00 4.0613926e+00 4.1047214e+00 3.7805561e+00 3.6339441e+00 2.9899657e+00 2.0532882e+00 5.0408132e-01 8.6112810e-04 9.9613715e-04 9.9557507e-04 9.6707741e-04 9.9932303e-04 9.9218786e-04 9.8989610e-04 9.8123988e-04 9.4210249e-04 8.7964982e-04 9.5632081e-04 9.7152387e-04
1.1914747e+01 1.1777327e+01 1.1666272e+01 1.1415463e+01 1.1115616e+01 1.0758033e+01 1.0476632e+01 1.0304479e+01 1.0130114e+01 9.6723438e+00 8.4823895e+00 6.4981542e+00 6.3776867e+00 6.1789072e+00 4.6073666e+00 4.1577220e+00 4.6392327e+00 4.7976106e+00 4.9865534e+00 4.8089300e+00 4.5531328e+00 4.3194835e+00 4.1850382e+00 4.0867933e+00 1.9168574e+00 3.4592432e+00 3.2149315e+00 3.9296873e+00 3.9228195e+00 3.7389459e+00 3.2320992e+00 3.9701263e+00 4.0566055e+00 4.1031731e+00 4.1464925e+00 4.1608779e+00 3.7717705e+00 3.3383433e+00 3.4207733e+00 1.4720527e+00 9.9191576e-04 9.9675367e-04 9.9611546e-04 9.9750772e-04 9.9814541e-04 9.9857304e-04 9.9817081e-04 9.6829180e-04 9.8314220e-04 9.9066339e-04
1.1819104e+01 1.1507131e+01 1.1465578e+01 1.1404904e+01 1.1198974e+01 1.0955172e+01 1.0698044e+01 1.0526939e+01 1.0288894e+01 9.8425138e+00 8.9128284e+00 7.9926870e+00 8.4247665e+00 9.0222851e+00 7.5269953e+00 6.5601425e+00 6.4785599e+00 6.3623447e+00 6.0401602e+00 5.6868591e+00 5.2030457e+00 4.6322938e+00 4.1203736e+00 3.7663133e+00 3.7741106e+00 4.0084561e+00 3.2835780e+00 4.0580310e+00 3.9620570e+00 3.1518590e+00 3.7105773e+00 4.0488645e+00 4.0079479e+00 3.9381816e+00 3.8554457e+00 3.7540745e+00 3.6369694e+00 3.8460513e+00 4.0135643e+00 3.2402221e+00 3.1536166e+00 1.0064536e+00 8.2251506e-04 9.9836578e-04 9.9774880e-04 9.9925733e-04 9.9879861e-04 9.9866229e-04 9.9866510e-04 9.9620669e-04
1.1810713e+01 1.1320749e+01 1.1492035e+01 1.1458265e+01 1.1242653e+01 1.1069081e+01 1.0874008e+01 1.0699821e+01 1.0456967e+01 1.0105454e+01 9.5997672e+00 9.2507952e+00 9.4873969e+00 9.5883963e+00 8.7269151e+00 8.3573192e+00 8.3149930e+00 7.9107738e+00 7.3642572e+00 6.6287285e+00 5.8786242e+00 5.1436516e+00 4.4692552e+00 4.0445851e+00 3.8990168e+00 4.1416601e+00 3.4269891e+00 3.5209368e+00 3.7099486e+00 3.6090427e+00 3.9034233e+00 3.9430867e+00 3.9292369e+00 3.8553819e+00 3.7738868e+00 3.6633026e+00 3.6284280e+00 3.7797606e+00 4.0438605e+00 3.7968750e+00 3.2506909e+00 2.8574516e+00 1.3222456e+00 8.6134183e-04 0.0000000e+00 0.0000000e+00 9.9749328e-04 9.9946624e-04 9.9946535e-04 9.9999585e-04
1.1866241e+01 1.1452765e+01 1.1322788e+01 1.1327662e+01 1.1404741e+01 1.1163212e+01 1.1043281e+01 1.0854675e+01 1.0625441e+01 1.0367063e+01 1.0064046e+01 9.8749283e+00 9.8711635e+00 9.7436584e+00 9.2750652e+00 9.0974153e+00 9.1272124e+00 8.8125899e+00 8.4041715e+00 7.6120451e+00 6.6828305e+00 5.6433673e+00 4.9391363e+00 4.3916127e+00 3.3316769e+00 3.8270111e+00 3.7613783e+00 3.4234881e+00 2.9333805e+00 3.5692678e+00 3.8137092e+00 3.9056031e+00 3.9394999e+00 3.8231108e+00 3.7430184e+00 3.7071215e+00 3.7231564e+00 3.8392577e+00 4.0485032e+00 4.0170828e+00 3.5911357e+00 3.9784740e+00 3.1782755e+00 8.3649663e-04 0.0000000e+00 0.0000000e+00 8.6781785e-04 9.7570967e-04 0.0000000e+00 0.0000000e+00
1.2252816e+01 1.0719508e+01 1.1267872e+01 1.0957700e+01 1.1582842e+01 1.1219155e+01 1.1141279e+01 1.0978114e+01 1.0772151e+01 1.0554592e+01 1.0325481e+01 1.0162306e+01 1.0066257e+01 9.9305893e+00 9.6770488e+00 9.4997732e+00 9.3916350e+00 9.1312162e+00 8.7101891e+00 8.3579692e+00 7.4506149e+00 5.9969965e+00 5.2378239e+00 4.6474370e+00 3.9477912e+00 3.5105701e+00 3.6188619e+00 4.1105425e+00 3.7143029e+00 3.7482868e+00 3.8478346e+00 3.9617173e+00 4.0752194e+00 3.8416068e+00 3.7460013e+00 3.7321574e+00 3.7670576e+00 3.8668799e+00 3.9735035e+00 4.0760807e+00 4.0342710e+00 4.2162151e+00 3.1257036e+00 5.2924493e-01 7.1563909e-04 9.7233982e-04 9.9973685e-04 9.9992676e-04 9.9061204e-04 0.0000000e+00
1.2989097e+01 1.2326364e+01 1.1862852e+01 1.1425445e+01 1.1414576e+01 1.1446163e+01 1.1295449e+01 1.1212586e+01 1.1052498e+01 1.0856402e+01 1.0640296e+01 1.0457385e+01 1.0293322e+01 1.0091010e+01 9.8570199e+00 9.6460872e+00 9.4539572e+00 9.1712369e+00 8.7142100e+00 8.0687750e+00 7.1011550e+00 6.1897575e+00 5.4499759e+00 4.9381923e+00 4.3686338e+00 3.6371123e+00 4.0998020e+00 4.2058778e+00 4.1960296e+00 3.8960936e+00 3.9355600e+00 4.3298658e+00 2.7642652e+00 2.6619513e+00 3.7501013e+00 3.7269628e+00 3.7793892e+00 3.8520745e+00 3.8941345e+00 3.9306205e+00 3.9701182e+00 3.0256206e+00 4.1790681e-04 1.8883166e+00 3.2370540e+00 2.3943132e+00 1.1760762e+00 8.0350555e-04 9.8702558e-04 9.9837621e-04
