ahotovec/data/depth_0014.asc
ncols     164
nrows     146
xllcorner -1.242151388888889e+02
yllcorner  4.172986111111111e+01
cellsize  2.777777777820000e-04
nodata_value       -9999
[rows 66 to 87 of 146, columns 100 to 149 of 164]
7.9498845e-01 7.4399480e-01 6.7428754e-01 6.3675881e-01 6.1610029e-01 6.1080004e-01 6.4266889e-01 7.3276267e-01 8.2631442e-01 8.4643838e-01 8.1067767e-01 7.6802783e-01 7.1412810e-01 6.5201243e-01 6.2463745e-01 6.2817955e-01 6.6232961e-01 6.9553389e-01 7.1694090e-01 7.6506097e-01 8.0545786e-01 8.2227190e-01 8.5083645e-01 8.8892393e-01 8.7786232e-01 8.5937566e-01 8.3118673e-01 8.0301880e-01 7.7713097e-01 7.9231964e-01 8.2622467e-01 8.5766962e-01 8.5671269e-01 8.4388314e-01 8.4434642e-01 8.2199401e-01 8.0440843e-01 8.0456138e-01 7.1797837e-01 6.1893530e-01 5.5669382e-01 5.1032188e-01 4.6436697e-01 4.0447554e-01 4.1804281e-01 3.7639276e-01 2.8643503e-01 1.9322798e-01 1.1399336e-01 7.0306623e-02
7.4824259e-01 7.0919245e-01 6.2208719e-01 5.6658336e-01 5.5672762e-01 5.6137981e-01 5.8477336e-01 6.5406274e-01 7.2487672e-01 7.3327622e-01 6.4322941e-01 5.3470605e-01 5.4773644e-01 5.2828857e-01 5.5679205e-01 5.8686510e-01 6.3353478e-01 6.7122959e-01 6.9009669e-01 7.3293506e-01 7.6809614e-01 8.4970073e-01 8.7506126e-01 8.7248990e-01 8.8176582e-01 9.0502101e-01 9.0748420e-01 9.2716620e-01 9.9088663e-01 1.0339818e+00 1.0269974e+00 1.0079963e+00 9.9934106e-01 1.0064538e+00 9.6554873e-01 1.0181336e+00 9.7956972e-01 1.0089715e+00 9.3573066e-01 8.3227489e-01 7.7180164e-01 7.3188822e-01 6.7220592e-01 5.4798107e-01 5.2360699e-01 4.6004572e-01 4.0913109e-01 3.4378819e-01 2.9091701e-01 2.5992242e-01
1.2097484e+00 1.0946654e+00 9.9290547e-01 9.4181227e-01 8.1674296e-01 6.6511452e-01 5.7280616e-01 5.3660232e-01 5.5820309e-01 5.3569280e-01 4.4924395e-01 4.7365782e-01 4.4627231e-01 4.9035156e-01 5.4380698e-01 6.4054332e-01 6.7922958e-01 7.3227321e-01 7.7081459e-01 7.9805529e-01 8.4312050e-01 9.4420654e-01 9.7793138e-01 1.0114056e+00 1.0336067e+00 1.0907651e+00 1.1367804e+00 1.1670424e+00 1.2296791e+00 1.2348216e+00 1.2485699e+00 1.2406114e+00 1.2545343e+00 1.2341969e+00 1.2338458e+00 1.2269107e+00 1.2243336e+00 1.2487708e+00 1.2001396e+00 1.0987396e+00 1.0482192e+00 9.5635397e-01 8.7983250e-01 7.5276162e-01 6.6575026e-01 6.0567766e-01 5.7003620e-01 5.2500790e-01 4.9471802e-01 4.7832145e-01
1.7139899e+00 1.6539601e+00 1.5666301e+00 1.4830537e+00 1.3952405e+00 1.2116924e+00 1.0340619e+00 8.3439936e-01 6.2375737e-01 5.3653934e-01 4.8656377e-01 4.3697986e-01 4.4306942e-01 4.8143803e-01 5.8033637e-01 6.9154296e-01 7.2906954e-01 7.9456819e-01 8.5430524e-01 9.6474972e-01 1.0161060e+00 1.1225701e+00 1.1865656e+00 1.2351721e+00 1.3195766e+00 1.3356917e+00 1.4054871e+00 1.4717022e+00 1.5338802e+00 1.5401865e+00 1.6008396e+00 1.6050786e+00 1.5800249e+00 1.5433330e+00 1.5057465e+00 1.5038969e+00 1.4969080e+00 1.4873585e+00 1.4733064e+00 1.3571661e+00 1.3111905e+00 1.2179810e+00 1.1279101e+00 1.0001938e+00 8.8497038e-01 8.1529217e-01 7.8106723e-01 7.0985811e-01 6.9162044e-01 6.7415239e-01
1.9782069e+00 1.9248093e+00 1.8436732e+00 1.7463679e+00 1.6545710e+00 1.5732143e+00 1.5366948e+00 1.4463317e+00 1.2636560e+00 1.1358044e+00 9.7230577e-01 7.3740469e-01 5.7626180e-01 4.1488758e-01 4.8558003e-01 6.1026538e-01 7.3295293e-01 8.4971854e-01 9.8683919e-01 1.1511672e+00 1.2606447e+00 1.3832611e+00 1.4911855e+00 1.5767812e+00 1.6177066e+00 1.6571125e+00 1.7332935e+00 1.8122503e+00 1.8702254e+00 1.9146446e+00 1.9146052e+00 1.9298365e+00 1.9198239e+00 1.8522963e+00 1.8052074e+00 1.8087111e+00 1.7949646e+00 1.8182947e+00 1.7675556e+00 1.6350546e+00 1.5820894e+00 1.5204199e+00 1.4296508e+00 1.2835760e+00 1.1944444e+00 1.0896412e+00 1.0151973e+00 9.4586490e-01 8.9873924e-01 8.6085664e-01
2.1373968e+00 2.0546851e+00 1.9262621e+00 1.7957551e+00 1.7073055e+00 1.6847958e+00 1.6578603e+00 1.6411640e+00 1.7051561e+00 1.7496935e+00 1.6548924e+00 1.4472108e+00 1.2985668e+00 1.1883702e+00 6.5421389e-01 5.3641888e-01 7.1372292e-01 8.9391659e-01 1.0677528e+00 1.2847252e+00 1.4665814e+00 1.5908726e+00 1.7294312e+00 1.8005054e+00 1.8277922e+00 1.9104036e+00 1.9958959e+00 2.0686102e+00 2.1187271e+00 2.1480299e+00 2.1527406e+00 2.1833328e+00 2.1666023e+00 2.1154990e+00 2.1210386e+00 2.1559573e+00 2.1295738e+00 2.1203958e+00 2.0342141e+00 1.9478525e+00 1.8835936e+00 1.7917835e+00 1.7153484e+00 1.5906018e+00 1.5036641e+00 1.4228406e+00 1.2864404e+00 1.1741088e+00 1.0942098e+00 1.0341592e+00
2.2348555e+00 2.1999300e+00 2.0624205e+00 1.8651905e+00 1.7917952e+00 1.8701189e+00 1.8601691e+00 1.7520615e+00 1.7762262e+00 1.9734796e+00 2.0257970e+00 2.0684622e+00 2.1947323e+00 2.0201620e+00 1.6531702e+00 1.1302167e+00 1.0891022e+00 1.1231781e+00 1.1315815e+00 1.3292578e+00 1.3993004e+00 1.5614849e+00 1.7376357e+00 1.8640067e+00 1.9487011e+00 2.0270206e+00 2.1124387e+00 2.1698148e+00 2.2333721e+00 2.2853923e+00 2.3476021e+00 2.3254927e+00 2.2530381e+00 2.3673244e+00 2.4425440e+00 2.4764247e+00 2.4491334e+00 2.3697428e+00 2.2834221e+00 2.2134994e+00 2.1249273e+00 2.0654823e+00 1.9883306e+00 1.9024753e+00 1.8220851e+00 1.7387480e+00 1.6026479e+00 1.4261185e+00 1.2811041e+00 1.1695725e+00
2.2734971e+00 2.2506180e+00 2.1841297e+00 1.9693930e+00 1.8238976e+00 1.8519549e+00 1.9054148e+00 1.9345922e+00 1.9672380e+00 2.0989459e+00 2.5090931e+00 4.6983445e+00 6.5973608e+00 4.0594093e+00 1.9885151e+00 1.8358305e+00 1.7237456e+00 1.6466208e+00 1.3633257e+00 1.0804168e+00 1.2028987e+00 1.1419133e+00 1.3847624e+00 1.6210260e+00 1.7975958e+00 1.7920787e+00 1.7871290e+00 1.8543827e+00 1.9940058e+00 2.1183961e+00 2.2212381e+00 2.3385397e+00 2.4663195e+00 2.6005270e+00 2.6542870e+00 2.6688084e+00 2.6498765e+00 2.5735268e+00 2.4986148e+00 2.4389217e+00 2.3653072e+00 2.3024185e+00 2.2483295e+00 2.1693993e+00 2.0971839e+00 1.9670355e+00 1.8154444e+00 1.6292134e+00 1.4473699e+00 1.2403554e+00
3.0734943e+00 2.3728275e+00 2.2229042e+00 2.0746845e+00 1.6732555e+00 1.4081363e+00 1.4055616e+00 1.7878215e+00 2.1313563e+00 2.8743428e+00 5.9760839e+00 8.0897638e+00 8.4907161e+00 7.0956085e+00 4.4881721e+00 2.1076257e+00 2.1015582e+00 2.1659153e+00 1.4806400e+00 7.2397831e-01 7.9778981e-01 8.5546229e-01 1.0027712e+00 1.1904303e+00 1.2927899e+00 1.3025086e+00 1.2930587e+00 1.3629156e+00 1.4940880e+00 1.6363446e+00 1.8666206e+00 2.2233890e+00 2.6071969e+00 2.7343433e+00 2.7980290e+00 2.8120963e+00 2.7568997e+00 2.7312557e+00 2.6662043e+00 2.6199941e+00 2.5669518e+00 2.5341450e+00 2.4958731e+00 2.4382845e+00 2.2997909e+00 2.0768244e+00 1.9011307e+00 1.6709732e+00 1.4449004e+00 1.2908389e+00
5.6718832e+00 4.6312233e+00 2.8534635e+00 2.2176418e+00 1.7511289e+00 7.7763106e-01 6.4681650e-01 1.6258145e+00 3.3015870e+00 6.8169303e+00 8.3325412e+00 8.6186025e+00 8.6449802e+00 8.6880108e+00 8.5614274e+00 6.0116258e+00 3.0461646e+00 2.1894491e+00 1.4260271e+00 6.0646683e-01 8.2155865e-01 8.4038530e-01 9.5284826e-01 1.0669983e+00 1.1387418e+00 1.1799596e+00 1.1357849e+00 1.1156081e+00 1.1736106e+00 1.3100502e+00 1.6457243e+00 2.1310077e+00 2.6614735e+00 2.9114605e+00 2.9383751e+00 2.9299027e+00 2.9105655e+00 2.8373967e+00 2.8008409e+00 2.7511135e+00 2.7140860e+00 2.6842844e+00 2.6458943e+00 2.5624783e+00 2.3457602e+00 2.0844022e+00 1.8708482e+00 1.6568665e+00 1.4847340e+00 1.3910041e+00
6.3662441e+00 6.2632796e+00 5.3044471e+00 3.3823533e+00 2.6048192e+00 6.5977635e-01 6.7637300e-01 3.3938963e+00 7.8265300e+00 8.5892428e+00 8.7201699e+00 8.8602244e+00 8.9401109e+00 9.0200985e+00 9.0352847e+00 7.8430619e+00 6.6087131e+00 3.9097917e+00 9.1218269e-01 5.5516409e-01 9.6137109e-01 1.2465943e+00 1.2162505e+00 1.2999352e+00 1.5291138e+00 1.5403801e+00 1.3641256e+00 1.2779262e+00 1.1983855e+00 1.2094086e+00 1.4719682e+00 1.9689301e+00 2.6052033e+00 3.0380378e+00 3.1851982e+00 3.1578176e+00 3.0548423e+00 2.9783936e+00 2.9110758e+00 2.8516522e+00 2.8075018e+00 2.7472073e+00 2.6710369e+00 2.5501232e+00 2.3346571e+00 2.1013957e+00 1.8861149e+00 1.7258307e+00 1.6218534e+00 1.6009610e+00
6.6929070e+00 6.3455574e+00 6.0490139e+00 5.3942308e+00 3.4146336e+00 1.4922210e+00 3.1630912e+00 7.5029563e+00 8.5604057e+00 8.6629036e+00 8.7976692e+00 8.8992918e+00 9.0024535e+00 9.2104147e+00 9.3509907e+00 9.0902636e+00 9.2584225e+00 7.2779122e+00 2.8689476e+00 5.6533331e-01 1.0204966e+00 1.2349695e+00 1.3744878e+00 1.6200940e+00 1.9129948e+00 1.9553050e+00 1.6930889e+00 1.7061952e+00 1.4317433e+00 1.2899643e+00 1.3795980e+00 1.7125354e+00 2.3740077e+00 3.0239992e+00 3.3537429e+00 3.4066827e+00 3.2617155e+00 3.1101116e+00 3.0342818e+00 2.9544026e+00 2.8469893e+00 2.7435158e+00 2.6544942e+00 2.5368408e+00 2.3236649e+00 2.1167144e+00 1.9536979e+00 1.8702466e+00 1.8153170e+00 1.8964784e+00
7.2243508e+00 6.9787470e+00 6.2957903e+00 5.3927794e+00 2.5771845e+00 4.3291891e+00 7.9173446e+00 8.3527488e+00 8.2875103e+00 8.2130866e+00 8.4118465e+00 8.5645431e+00 8.9777681e+00 9.2071712e+00 9.3650627e+00 9.3656829e+00 9.0854822e+00 6.6878545e+00 2.0513828e+00 6.5450566e-01 1.0138870e+00 1.0502824e+00 1.5188789e+00 1.6294241e+00 1.7001798e+00 1.6539225e+00 2.0146638e+00 1.8442231e+00 1.7269063e+00 1.6439368e+00 1.4816279e+00 1.5595055e+00 2.1742185e+00 2.9533851e+00 3.3879618e+00 3.5483512e+00 3.4545246e+00 3.2734811e+00 3.1342084e+00 3.0624932e+00 2.9354016e+00 2.7994884e+00 2.6527795e+00 2.5195609e+00 2.3081936e+00 2.1772006e+00 2.1040331e+00 2.0700629e+00 2.1410265e+00 2.2245671e+00
7.5297405e+00 7.3113294e+00 4.9745003e+00 2.7289010e+00 5.8751299e+00 8.2265366e+00 8.3425722e+00 8.2298768e+00 8.1497231e+00 8.0213713e+00 7.9270880e+00 8.3524113e+00 9.0072498e+00 9.1495047e+00 9.4279128e+00 8.7420110e+00 5.1806102e+00 1.3614238e+00 4.8797409e-01 8.3947310e-01 1.0890912e+00 1.6114987e+00 1.6912138e+00 1.7260295e+00 1.7960240e+00 1.7280604e+00 1.5379074e+00 1.2603940e+00 2.0550524e+00 1.9519932e+00 1.8738692e+00 1.7559336e+00 2.1758441e+00 2.8524529e+00 3.2828550e+00 3.4805934e+00 3.5464228e+00 3.4546161e+00 3.3460754e+00 3.2287414e+00 3.0916943e+00 2.9079102e+00 2.7290139e+00 2.5311354e+00 2.3953836e+00 2.2806322e+00 2.2811445e+00 2.3230939e+00 2.3720463e+00 2.4261906e+00
8.0476903e+00 6.4957669e+00 2.9475253e+00 3.7279292e+00 7.8206719e+00 8.5065671e+00 8.1280082e+00 8.0406459e+00 7.9908423e+00 8.0507106e+00 8.6052602e+00 8.5574744e+00 8.3894064e+00 8.6522383e+00 7.3876899e+00 4.2564843e+00 7.9868222e-01 6.8497934e-01 1.0569371e+00 1.2843576e+00 1.9016261e+00 1.6381980e+00 1.9365592e+00 1.8384407e+00 1.8053921e+00 1.7847027e+00 1.3134455e+00 1.4662893e+00 1.2859027e+00 2.0385096e+00 2.1137886e+00 2.1122836e+00 2.2843447e+00 2.6950465e+00 3.0472728e+00 3.2953652e+00 3.4217097e+00 3.4662102e+00 3.4620168e+00 3.3881919e+00 3.2716303e+00 3.0613949e+00 2.8198741e+00 2.6407075e+00 2.5077793e+00 2.4484568e+00 2.4644410e+00 2.4810852e+00 2.5237131e+00 2.5547006e+00
8.5516344e+00 8.1523607e+00 7.2959574e+00 4.4238489e+00 3.4185222e+00 6.9673625e+00 7.9483106e+00 7.7937133e+00 8.2824546e+00 8.6045057e+00 8.6173807e+00 8.4689086e+00 7.9982533e+00 6.6135355e+00 2.8629887e+00 6.3671116e-01 4.5540809e-01 8.7228923e-01 1.9437057e+00 2.2592831e+00 1.8918617e+00 1.4008109e+00 1.9431484e+00 1.9111600e+00 1.7367223e+00 1.5213674e+00 1.5526848e+00 1.3331116e+00 1.4598554e+00 1.8410613e+00 2.1163183e+00 2.0835156e+00 2.1398412e+00 2.4087659e+00 2.8466127e+00 3.0949205e+00 3.1416400e+00 3.1180102e+00 3.0722889e+00 3.0944202e+00 3.1333021e+00 3.0633048e+00 2.9276978e+00 2.7043023e+00 2.5644962e+00 2.5345504e+00 2.5525738e+00 2.5652242e+00 2.5831900e+00 2.5874945e+00
8.7729652e+00 8.6903243e+00 8.5501968e+00 8.6255885e+00 6.7008851e+00 3.2026426e+00 5.7327740e+00 8.0419977e+00 8.4395025e+00 8.3128130e+00 8.5571184e+00 8.2714927e+00 5.4692332e+00 1.5725550e+00 6.0187449e-01 3.2235142e-01 5.3911349e-01 1.5071685e+00 2.0888069e+00 2.2978048e+00 2.3359479e+00 1.8136279e+00 1.7875610e+00 1.7267423e+00 1.4379271e+00 1.4428302e+00 1.3309801e+00 1.3247255e+00 1.2419768e+00 1.6812380e+00 1.4156469e+00 1.8273527e+00 2.0376190e+00 2.1321524e+00 2.6730366e+00 2.8843062e+00 2.7169511e+00 2.4246474e+00 2.2728757e+00 2.3379746e+00 2.4838203e+00 2.6204598e+00 2.7776639e+00 2.8015220e+00 2.6321924e+00 2.4875804e+00 2.5218016e+00 2.5459084e+00 2.5655860e+00 2.5646133e+00
8.8466325e+00 8.9190387e+00 9.0058151e+00 8.7674765e+00 8.1197264e+00 8.2302181e+00 4.2071888e+00 4.2043378e+00 7.7029043e+00 8.3792971e+00 8.7713333e+00 7.4008432e+00 2.6590697e+00 7.7200593e-01 4.3795409e-01 5.4363997e-01 1.7179504e+00 1.8786501e+00 1.9109299e+00 1.9012876e+00 1.3634445e+00 1.3292425e+00 1.0794507e+00 1.1999223e+00 1.2661306e+00 8.7946010e-01 1.1634463e+00 9.4966093e-01 5.3605388e-01 8.0124595e-01 1.1216250e+00 1.3538168e+00 1.6291519e+00 1.8792885e+00 2.2535483e+00 2.4482524e+00 2.0948822e+00 1.7119565e+00 1.5422269e+00 1.5504147e+00 1.6582305e+00 1.8594795e+00 2.1952959e+00 2.4982826e+00 2.4887055e+00 2.2037130e+00 2.2137104e+00 2.4111181e+00 2.4979278e+00 2.5442712e+00
9.1025149e+00 9.1679966e+00 9.3941338e+00 9.2004580e+00 8.4931137e+00 8.4881518e+00 7.8374949e+00 4.5065461e+00 3.3190988e+00 6.4229810e+00 7.5009081e+00 8.7332512e+00 6.0161888e+00 2.8900793e+00 6.7394583e-01 1.1513870e+00 1.8447009e+00 1.8748235e+00 2.0363140e+00 2.4376188e+00 9.9756649e-04 0.0000000e+00 3.5322088e-01 1.2987168e+00 1.1712880e+00 7.4980562e-01 7.4018775e-01 5.6989235e-01 5.1074171e-01 8.0978961e-01 9.1954351e-01 6.4544409e-01 5.1255046e-01 8.3439740e-01 1.1704379e+00 1.5948497e+00 1.4704202e+00 1.2222624e+00 1.0350792e+00 9.3174375e-01 9.0673838e-01 1.0990837e+00 1.3735023e+00 1.7190024e+00 1.9240626e+00 1.8128202e+00 1.7156535e+00 1.8523674e+00 2.0931922e+00 2.3723938e+00
9.3960099e+00 9.4060885e+00 9.5817599e+00 9.6535096e+00 9.3873408e+00 9.0796967e+00 9.0414044e+00 8.5059816e+00 6.1908818e+00 2.9735512e+00 6.8776512e+00 8.2410674e+00 7.3381707e+00 4.5454064e+00 1.1631592e+00 1.2473750e+00 1.5726575e+00 1.6281518e+00 1.8843944e+00 1.8118251e+00 1.1144009e-01 0.0000000e+00 1.6339369e+00 1.6254773e+00 1.2440878e+00 1.1153055e+00 5.3533240e-01 6.2400381e-01 7.1921875e-01 9.6524444e-01 8.8295505e-01 8.7708541e-01 8.1354399e-01 6.8590090e-01 9.1452590e-01 1.4491336e+00 1.4740177e+00 1.4710331e+00 1.2852267e+00 8.7354441e-01 8.0224370e-01 8.8071842e-01 8.8728111e-01 8.5330889e-01 9.2427062e-01 1.0816081e+00 1.1138747e+00 1.2381060e+00 1.5534246e+00 1.8943170e+00
9.5526424e+00 9.4364341e+00 9.5699866e+00 9.7314221e+00 9.4278448e+00 9.2470841e+00 8.8128024e+00 6.9909092e+00 6.2008382e+00 6.0833711e+00 8.8787448e+00 9.4496785e+00 5.9936824e+00 1.6442406e+00 7.5741001e-01 9.5715082e-01 1.5177432e+00 1.4970964e+00 1.2769221e+00 1.4441034e+00 1.0300762e+00 1.1153832e+00 1.0759746e+00 1.2502095e+00 1.3492927e+00 1.1947656e+00 4.8182756e-01 3.4971256e-01 8.1260965e-01 1.0523599e+00 1.0503078e+00 9.9613885e-01 9.7412349e-01 9.4162135e-01 1.3803878e+00 1.4994959e+00 1.8267496e+00 1.3831569e+00 1.3179645e+00 1.1223721e+00 1.3161265e+00 1.2022163e+00 1.0294200e+00 7.7473445e-01 6.0651533e-01 5.5190084e-01 8.9526251e-01 1.1083290e+00 1.2706687e+00 1.4427116e+00
9.5271902e+00 8.9978504e+00 8.5583013e+00 9.0640316e+00 8.6077108e+00 7.4143887e+00 6.4450548e+00 5.7321597e+00 5.9966952e+00 6.6987060e+00 8.7048380e+00 7.8175772e+00 1.9987843e+00 1.2376790e+00 7.8010000e-01 9.4567673e-01 2.1863766e+00 1.7685036e+00 1.0523319e+00 1.2356832e+00 8.2563265e-01 9.0501717e-01 1.2427110e+00 1.1686575e+00 1.3227448e+00 1.4750174e+00 1.5553977e+00 1.0727122e+00 7.6819973e-01 8.7873796e-01 9.9068236e-01 8.6678266e-01 7.8742366e-01 1.3253277e+00 1.3876007e+00 9.9666829e-01 1.7749584e+00 9.6559072e-01 1.1314047e+00 1.1725002e+00 1.3569638e+00 1.5120357e+00 1.1049885e+00 9.4952557e-01 8.0074415e-01 4.4695813e-01 5.7289487e-01 1.5994842e+00 1.5935612e+00 1.6969589e+00
