ahotovec/data/depth_0051.asc
ncols     164
nrows     146
xllcorner -1.242151388888889e+02
yllcorner  4.172986111111111e+01
cellsize  2.777777777820000e-04
nodata_value       -9999
[rows 88 to 109 of 146, columns 100 to 149 of 164]
7.9191558e+00 6.9259213e+00 5.9255570e+00 6.3470243e+00 6.0604423e+00 5.3390409e+00 5.0907168e+00 4.9788921e+00 5.2300427e+00 6.6587476e+00 7.0046449e+00 6.0321829e+00 4.4959983e+00 4.0232801e+00 1.1571570e+00 1.1418034e+00 4.3500979e+00 5.4663510e+00 3.1478879e+00 8.6906039e-01 1.9205736e-02 7.8639254e-02 7.7037815e-02 3.3668628e-01 5.3541290e-01 7.2383839e-01 6.7275028e-01 5.3156706e-01 2.3267248e-01 1.1117161e-01 1.5087399e-01 3.6151234e-02 9.1391629e-01 1.7193613e+00 1.8823147e+00 1.5876137e+00 1.3776977e+00 4.5227515e-02 8.3899849e-04 9.9745683e-04 1.0224816e-01 3.2916270e-01 4.5875207e-01 2.9239202e-01 3.9314324e-01 4.8963284e-02 8.7038774e-04 6.0889218e-01 4.8587577e-01 5.3506357e-01
7.9761835e+00 7.6757791e+00 6.5890629e+00 6.2841086e+00 6.1103583e+00 5.8770565e+00 5.7894801e+00 6.5050044e+00 6.2497650e+00 6.2891084e+00 5.7325088e+00 5.8348742e+00 6.2674936e+00 6.5121894e+00 5.6329467e+00 4.9720045e+00 5.1072104e+00 5.6463518e+00 5.9203735e+00 4.5551193e+00 2.9099161e+00 5.4231736e-01 1.0745460e-01 2.5894889e-01 2.6309686e-01 4.5516571e-01 5.5231779e-01 5.7973616e-01 6.4342363e-01 6.2403524e-01 5.6119597e-01 1.2392049e+00 2.2816723e+00 2.3362858e+00 2.3876286e+00 2.3240870e+00 2.0362277e+00 1.4024885e+00 7.9966777e-03 8.4285660e-04 9.4706995e-04 3.3296419e-03 3.2653501e-02 6.8910438e-02 2.5138947e-01 2.8276794e-01 2.7072297e-01 2.6076735e-01 1.7811140e-01 2.0917638e-01
7.3867230e+00 7.3760543e+00 7.1281781e+00 6.9504291e+00 6.8785239e+00 7.2325562e+00 7.5240589e+00 7.2146189e+00 5.2733523e+00 4.8184025e+00 4.5392474e+00 4.8167554e+00 7.1816096e+00 7.5814300e+00 7.1147147e+00 6.9164433e+00 6.3584542e+00 6.0454802e+00 6.0120408e+00 5.8326186e+00 5.7173498e+00 5.1432080e+00 2.8988123e+00 2.9778693e-01 1.5493411e-01 3.7905413e-01 6.5768840e-01 6.2429442e-01 6.0075363e-01 6.2408296e-01 1.2554128e+00 2.4241727e+00 2.4896845e+00 2.5466637e+00 2.5168970e+00 2.4271475e+00 2.3084971e+00 2.0857205e+00 1.2819469e+00 2.9316581e-01 1.4390391e-01 9.3890411e-02 1.1829161e-01 9.5498327e-03 8.0335956e-04 9.4570650e-04 9.9057482e-04 6.9228638e-03 1.9659572e-02 1.2591195e-03
7.7938762e+00 7.9113182e+00 7.7555325e+00 7.6656308e+00 7.8796773e+00 7.5104896e+00 7.5124919e+00 7.9356752e+00 5.9486900e+00 5.0956029e+00 5.5770715e+00 4.5751069e+00 4.2447500e+00 6.4250319e+00 7.5870421e+00 7.2436612e+00 6.7914022e+00 6.6831337e+00 6.4218925e+00 6.0451412e+00 6.0425353e+00 5.7542367e+00 5.0784776e+00 4.8461721e+00 2.8600198e+00 2.4575420e-01 5.3097119e-01 6.0822943e-01 5.0795822e-01 1.1846093e+00 2.4172298e+00 2.5087559e+00 2.5436876e+00 2.5920708e+00 2.4884674e+00 2.4128903e+00 2.3494645e+00 2.3032923e+00 2.1820860e+00 1.9891397e+00 1.7838829e+00 1.5490795e+00 1.2455752e+00 8.4937460e-01 5.7030659e-01 1.6568420e-01 1.1274326e-02 7.8565181e-04 8.3439196e-04 2.9499146e-03
7.7807798e+00 7.8342127e+00 7.8694383e+00 8.1009267e+00 7.8707004e+00 7.4478941e+00 7.2372743e+00 7.2966757e+00 7.3780476e+00 6.3846383e+00 5.5197145e+00 6.1612227e+00 5.3356348e+00 6.8226329e+00 7.4942205e+00 7.3068457e+00 6.9946720e+00 6.9707380e+00 6.1789831e+00 5.9995563e+00 6.0704198e+00 5.4191696e+00 5.3049492e+00 5.6769516e+00 4.2605955e+00 4.9524987e-01 5.2972504e-01 4.3896186e-01 1.0954522e+00 2.1960092e+00 2.3393185e+00 2.4144456e+00 2.4674829e+00 2.5592605e+00 2.6103254e+00 2.4692551e+00 2.3397871e+00 2.2456720e+00 2.1777478e+00 2.1229661e+00 2.1087598e+00 2.0221248e+00 1.9811531e+00 1.9273491e+00 1.8353593e+00 1.8007949e+00 1.6097005e+00 1.3402655e+00 9.3852873e-01 8.3236757e-02
7.2665821e+00 7.3262020e+00 7.4799224e+00 7.7653614e+00 7.9052930e+00 7.2848137e+00 6.8608713e+00 7.2308165e+00 7.6422732e+00 8.1351658e+00 7.3677905e+00 7.6595524e+00 8.3294962e+00 8.3025746e+00 8.0437440e+00 7.5706389e+00 6.9077452e+00 6.4330451e+00 6.2525964e+00 6.0396793e+00 5.9335592e+00 4.4538910e+00 2.0285148e+00 3.2285078e+00 5.3988837e-01 4.0174501e-01 6.0775856e-01 1.2015580e+00 2.1450945e+00 2.2247567e+00 2.2672678e+00 2.2332320e+00 2.2155924e+00 2.2114784e+00 2.2154002e+00 2.2735712e+00 2.3506121e+00 2.3582110e+00 2.3890749e+00 2.3713606e+00 2.3226594e+00 2.2412263e+00 2.1936471e+00 2.1348900e+00 2.0521922e+00 1.9525638e+00 1.9159525e+00 1.8789287e+00 1.8745970e+00 1.8191062e+00
6.7056046e+00 6.9488899e+00 7.1937987e+00 7.5118613e+00 7.8910053e+00 8.1414164e+00 2.3755950e+00 4.5059976e+00 6.5554652e+00 8.6008381e+00 8.5487376e+00 8.3088235e+00 8.3770121e+00 8.4910491e+00 8.2491614e+00 7.9465289e+00 7.2098485e+00 6.6402001e+00 6.4748503e+00 6.2678777e+00 5.7000557e+00 5.1142173e+00 3.7486852e+00 1.0595970e-01 3.2322629e-01 4.0635124e-01 1.3755474e+00 4.1003087e+00 4.2620698e+00 3.6194046e+00 3.5447525e+00 3.2089217e+00 3.0644044e+00 3.0870063e+00 2.9451066e+00 2.8772757e+00 2.6848236e+00 2.6444006e+00 2.5951508e+00 2.5663156e+00 2.4581907e+00 2.4423077e+00 2.4558227e+00 2.5053701e+00 2.5769033e+00 2.5074911e+00 2.3510036e+00 2.2291028e+00 2.1001628e+00 1.9468204e+00
6.3484657e+00 6.6384173e+00 6.9475012e+00 7.2746763e+00 7.6658345e+00 8.1930389e+00 8.0408278e+00 7.0953465e+00 6.4852223e+00 7.9224077e+00 8.8724461e+00 9.0030443e+00 8.8032248e+00 8.5461704e+00 8.3272805e+00 8.1203959e+00 7.8819357e+00 7.5303625e+00 7.0136428e+00 6.3668860e+00 6.1230746e+00 4.1680787e+00 8.6468029e-01 1.8768209e-01 4.2483069e-01 1.1398512e+00 3.8597950e+00 6.1819126e+00 5.9467166e+00 5.6137262e+00 5.6249265e+00 5.5629508e+00 5.4987528e+00 5.5773647e+00 5.5248223e+00 5.4559591e+00 5.2525647e+00 5.2915665e+00 5.2894885e+00 4.9270543e+00 4.1308215e+00 3.7357939e+00 3.6947014e+00 3.7854521e+00 3.6401813e+00 3.6260963e+00 3.6689119e+00 3.7687273e+00 3.5426554e+00 3.1461480e+00
4.5136728e+00 5.0586861e+00 6.2533983e+00 7.1337975e+00 7.4491011e+00 7.9309823e+00 8.1453857e+00 7.9520503e+00 7.0850782e+00 6.5210247e+00 7.9467250e+00 8.7388002e+00 9.0452714e+00 8.6783475e+00 8.4937204e+00 8.4225165e+00 8.1323179e+00 7.7890047e+00 7.4605941e+00 6.5526238e+00 4.7232813e+00 9.5274887e-01 2.1276274e-01 4.2330882e-01 1.2436190e+00 4.5953613e+00 5.9058037e+00 6.1029375e+00 6.0648814e+00 6.0063197e+00 6.1487715e+00 6.1767775e+00 6.0531312e+00 6.0267722e+00 6.1477299e+00 6.1486492e+00 6.1868507e+00 6.1804147e+00 6.2483754e+00 6.1453317e+00 5.9445229e+00 5.7831356e+00 5.8018038e+00 5.8122921e+00 5.7772196e+00 5.7725532e+00 5.7917415e+00 5.7882258e+00 5.7115963e+00 5.5464147e+00
1.9586903e+00 8.7653526e-01 1.6299806e+00 5.8530172e+00 7.1576262e+00 7.8335649e+00 8.1366593e+00 8.2138243e+00 8.0521010e+00 7.0226433e+00 7.1438391e+00 8.0758054e+00 8.4819166e+00 8.4764700e+00 8.4677729e+00 8.4339427e+00 7.9733109e+00 7.3074501e+00 6.9628125e+00 5.6143679e+00 1.6606058e+00 1.4748692e-01 4.1158429e-01 9.8295897e-01 4.5508724e+00 6.4130944e+00 6.4803365e+00 6.5474693e+00 6.4618119e+00 6.3681833e+00 6.3967750e+00 6.3865250e+00 6.2489415e+00 6.2123797e+00 6.3054499e+00 6.3645813e+00 6.3945199e+00 6.4049882e+00 6.5060774e+00 6.4778625e+00 6.4271391e+00 6.3491993e+00 6.2982177e+00 6.2439314e+00 6.2190270e+00 6.2139085e+00 6.2181454e+00 6.2056640e+00 6.1813141e+00 6.1034348e+00
7.1807914e+00 6.1539828e+00 2.1402787e+00 1.9352761e+00 5.0750466e+00 7.5058593e+00 8.2918384e+00 8.3360852e+00 8.3001260e+00 7.8364504e+00 7.0297384e+00 7.1682601e+00 8.3377037e+00 8.4632465e+00 8.2967403e+00 8.1699575e+00 7.7830844e+00 7.1100818e+00 5.9347785e+00 2.0509464e+00 1.5822505e-01 2.5927920e-01 8.2120957e-01 4.2392499e+00 6.0451763e+00 6.3192829e+00 6.7301187e+00 6.9509725e+00 6.8562494e+00 6.8451199e+00 6.8057999e+00 6.6146105e+00 6.4310075e+00 6.4321635e+00 6.6130632e+00 6.6948303e+00 6.6950860e+00 6.7613747e+00 6.9570572e+00 6.8153681e+00 6.6677353e+00 6.5189833e+00 6.4070526e+00 6.2912460e+00 6.2433385e+00 6.2608553e+00 6.2976364e+00 6.2918263e+00 6.2696973e+00 6.2040168e+00
8.0904471e+00 7.9167220e+00 6.9611429e+00 2.5241923e+00 2.0706603e+00 6.4287217e+00 8.2240681e+00 8.2516162e+00 7.8972505e+00 7.4148918e+00 6.9794126e+00 7.3874876e+00 9.2725369e+00 8.8332009e+00 8.2094899e+00 8.0050221e+00 7.6010154e+00 5.9122137e+00 2.3855012e+00 2.2537182e-01 4.8836590e-01 8.1258335e-01 3.9938476e+00 6.2187289e+00 6.1681722e+00 6.2136885e+00 6.6523638e+00 6.8292749e+00 7.0324154e+00 7.2519834e+00 7.2255410e+00 6.9991539e+00 6.7264228e+00 6.6941268e+00 6.9399533e+00 7.0832123e+00 7.1634998e+00 7.1722901e+00 7.2588517e+00 7.0990594e+00 6.8888669e+00 6.7523404e+00 6.5820883e+00 6.4057248e+00 6.3133015e+00 6.3433227e+00 6.4167767e+00 6.4646454e+00 6.4565433e+00 6.3999858e+00
8.5142515e+00 8.2555154e+00 7.7874170e+00 6.6166972e+00 1.9211951e+00 2.1980526e+00 7.2729230e+00 8.0788169e+00 7.5429199e+00 7.3025236e+00 7.0680950e+00 8.0279222e+00 9.0878156e+00 8.7855804e+00 8.2191400e+00 7.9701692e+00 6.9146158e+00 2.4209987e+00 1.5453553e-01 5.0091744e-01 7.8478203e-01 3.6739447e+00 5.9636184e+00 6.3144501e+00 6.2843980e+00 6.3413975e+00 6.5467781e+00 6.7961315e+00 7.4008206e+00 7.4856442e+00 7.3999967e+00 7.2412317e+00 7.0491369e+00 6.9839351e+00 7.1057958e+00 7.2932794e+00 7.5046439e+00 7.4044602e+00 7.3041460e+00 7.2287720e+00 7.0952257e+00 6.9768724e+00 6.7405713e+00 6.6130924e+00 6.4440919e+00 6.4136373e+00 6.5496571e+00 6.6235918e+00 6.6232910e+00 6.5596564e+00
8.6546624e+00 8.4836730e+00 8.1937302e+00 7.7477234e+00 6.4205555e+00 1.2196917e+00 2.0352771e+00 5.4097157e+00 7.8688147e+00 7.1465510e+00 6.6982184e+00 7.1649662e+00 8.3696479e+00 8.3745820e+00 7.6922759e+00 7.3428060e+00 3.0465510e+00 4.7283620e-02 3.9250977e-01 7.3814456e-01 3.0014595e+00 5.7692190e+00 6.3300121e+00 6.3154482e+00 6.2756362e+00 6.3467100e+00 6.7497438e+00 7.1523712e+00 7.3380772e+00 7.5112991e+00 7.5948777e+00 7.3831053e+00 7.4305701e+00 7.3476838e+00 7.3271816e+00 7.3902582e+00 7.5016344e+00 7.4978508e+00 7.4585897e+00 7.6211120e+00 7.4437433e+00 7.2492774e+00 7.0530289e+00 6.8545853e+00 6.6982202e+00 6.7168901e+00 6.8204628e+00 6.8441775e+00 6.8832127e+00 6.8095867e+00
8.7560568e+00 8.6544247e+00 8.4799379e+00 8.1546728e+00 7.5505480e+00 5.1561601e+00 4.3693681e-01 7.8019213e-01 4.3159616e+00 5.4075364e+00 6.3970829e+00 6.4017393e+00 6.4972375e+00 7.1746683e+00 6.2259778e+00 3.0563948e+00 1.5148146e+00 6.4777094e-01 6.9366111e-01 2.8211123e+00 5.3269615e+00 5.8770308e+00 6.2500818e+00 6.5812259e+00 6.6622735e+00 6.8395496e+00 7.2431981e+00 7.4526672e+00 7.3882396e+00 7.7410941e+00 7.8241206e+00 7.5626264e+00 7.5004516e+00 7.6334958e+00 7.7993343e+00 7.9133712e+00 7.8132968e+00 7.6430193e+00 7.8059410e+00 8.3776643e+00 7.9871572e+00 7.7044261e+00 7.3120724e+00 7.2155376e+00 7.2337740e+00 7.3040656e+00 7.3013052e+00 7.2288656e+00 7.1858690e+00 7.1262114e+00
8.8930555e+00 8.7832903e+00 8.6413280e+00 8.4202186e+00 8.0172656e+00 7.3965201e+00 4.9025220e+00 3.0582536e-01 9.3600656e-02 3.9010605e-01 1.2518829e+00 4.0347713e+00 6.1775206e+00 6.4204520e+00 3.7974786e+00 3.5372159e+00 1.5485615e+00 8.0194428e-01 2.8108348e+00 5.3103174e+00 5.6974957e+00 5.9425918e+00 6.4744910e+00 6.8500428e+00 7.1426362e+00 7.2698552e+00 7.5478638e+00 7.6221706e+00 7.8129468e+00 8.1686805e+00 8.3670632e+00 7.9881973e+00 7.6263795e+00 8.1303720e+00 8.3679485e+00 8.4848862e+00 8.2697037e+00 8.1122906e+00 8.1917463e+00 8.3132905e+00 8.1689724e+00 7.9773650e+00 7.7499073e+00 7.6906868e+00 7.7805080e+00 7.8564339e+00 7.7280355e+00 7.5644224e+00 7.4572518e+00 7.3740705e+00
8.9834994e+00 8.9089727e+00 8.7808820e+00 8.6202642e+00 8.4081415e+00 8.0552675e+00 7.1820008e+00 3.6449633e+00 3.1055083e-04 2.4588918e-01 2.4917673e-01 4.8685870e-01 5.3425441e+00 3.2926490e+00 1.3737092e+00 1.6708148e+00 8.0412402e-01 2.3324374e+00 5.2529814e+00 5.9699417e+00 6.2130863e+00 6.6102984e+00 7.0886081e+00 7.3533552e+00 7.4126858e+00 7.5478546e+00 7.7257568e+00 7.7619896e+00 7.9545842e+00 8.5577159e+00 8.4967902e+00 8.2310859e+00 8.1680379e+00 8.4850356e+00 8.5912123e+00 8.4656007e+00 8.3981741e+00 8.5108417e+00 8.6885295e+00 8.5826927e+00 8.4318415e+00 8.3380129e+00 8.2703939e+00 8.1889145e+00 8.2026674e+00 8.1852318e+00 8.0399378e+00 7.8817984e+00 7.7028491e+00 7.5835260e+00
9.1388557e+00 8.9813848e+00 8.9163098e+00 8.7666144e+00 8.5855204e+00 8.1313964e+00 7.3373291e+00 4.6557108e+00 2.3756454e+00 8.8152675e-04 8.9114705e-03 8.4385248e-02 1.2772584e+00 9.3660063e-02 4.1087999e-01 7.5915269e-01 2.4847959e+00 5.0192324e+00 5.5938706e+00 6.1784077e+00 6.8282620e+00 7.2162012e+00 7.4966114e+00 7.4935575e+00 7.4880897e+00 7.8384020e+00 8.0890735e+00 7.9956012e+00 7.8324287e+00 8.4202133e+00 8.5592414e+00 8.5183520e+00 8.6766066e+00 8.6589493e+00 8.2059768e+00 7.7571983e+00 8.0668504e+00 8.4459379e+00 8.7499042e+00 8.7317010e+00 8.6779766e+00 8.6464183e+00 8.7103819e+00 8.6471258e+00 8.5922617e+00 8.5227125e+00 8.4100339e+00 8.2204396e+00 8.0983948e+00 7.8919722e+00
9.2263106e+00 9.1741820e+00 9.0074079e+00 8.9155929e+00 8.7416712e+00 8.5777577e+00 7.6831825e+00 5.5177947e+00 3.9591497e+00 4.1131523e-01 4.1932690e-03 1.1011237e-01 1.8344852e-01 3.7365517e-01 5.7706084e-01 2.4780597e+00 5.1537985e+00 5.5215912e+00 5.4937917e+00 5.9974599e+00 6.7788964e+00 7.4108313e+00 7.7463042e+00 7.8231351e+00 7.8050733e+00 8.0686324e+00 8.5862626e+00 8.4291572e+00 8.4130721e+00 8.7894361e+00 8.9152855e+00 8.9394329e+00 8.9541717e+00 8.7411166e+00 7.8927201e+00 7.0270124e+00 7.5661271e+00 8.2175393e+00 8.7108139e+00 8.9068281e+00 8.9114879e+00 8.8017549e+00 8.9380455e+00 8.9759587e+00 8.9585629e+00 8.9091060e+00 8.8361594e+00 8.7028334e+00 8.5206037e+00 8.2930665e+00
9.2707218e+00 9.2716353e+00 9.2260358e+00 8.9884301e+00 8.8689204e+00 8.8230843e+00 6.5495226e+00 4.1128143e+00 1.2493166e+00 9.7224724e-04 1.5671429e-02 7.5845942e-02 1.0039386e-01 7.2887448e-02 1.3077743e+00 4.2494871e+00 5.3189613e+00 5.0766683e+00 4.1421027e+00 2.3894436e+00 2.6050134e+00 6.5161488e+00 7.8066691e+00 8.1714493e+00 8.2321725e+00 8.0774549e+00 8.3937226e+00 8.5386835e+00 8.8270253e+00 9.1651207e+00 9.0709062e+00 8.9093372e+00 8.9491515e+00 8.9325538e+00 8.2565357e+00 7.5395339e+00 7.7435222e+00 8.2204509e+00 8.7552550e+00 9.0552011e+00 9.2830454e+00 9.1513948e+00 9.2366480e+00 9.2983938e+00 9.2985033e+00 9.3086614e+00 9.3725006e+00 9.1153887e+00 8.8616854e+00 8.7048209e+00
9.2822401e+00 9.3113751e+00 9.3425718e+00 9.2874535e+00 9.1005536e+00 8.6582684e+00 7.0225898e-01 0.0000000e+00 8.5107101e-04 9.7229550e-04 9.9944967e-04 0.0000000e+00 0.0000000e+00 1.2906754e-01 4.7642216e-01 1.7024932e+00 2.0999431e+00 1.4668156e+00 1.4205377e+00 2.1864748e+00 3.6747410e+00 6.7228073e+00 7.9485938e+00 8.5116143e+00 8.4454761e+00 8.3071708e+00 8.3340022e+00 8.4217660e+00 8.8796277e+00 9.0902828e+00 8.7621034e+00 8.0895724e+00 8.4280890e+00 8.7252274e+00 8.4799320e+00 8.1902372e+00 8.1966549e+00 8.4111768e+00 8.7903269e+00 9.0967142e+00 9.3425028e+00 9.3967855e+00 9.4796447e+00 9.5984023e+00 9.6150879e+00 9.6219245e+00 9.6314631e+00 9.4141656e+00 9.2312554e+00 9.0944120e+00
9.3299260e+00 9.3063153e+00 9.3725984e+00 9.3872578e+00 9.3811099e+00 9.0463080e+00 3.6488193e+00 9.3276836e-04 9.6835592e-04 9.1076040e-04 9.9921001e-04 0.0000000e+00 0.0000000e+00 2.5067343e-01 1.2398737e+00 4.1805236e+00 5.3902209e+00 4.9154631e+00 4.7114033e+00 6.0225105e+00 7.2575171e+00 7.8385560e+00 8.2441914e+00 8.4937724e+00 8.3989527e+00 8.4478899e+00 8.3867632e+00 8.3958338e+00 8.7040134e+00 8.9069690e+00 8.4412279e+00 7.1945887e+00 7.8074846e+00 8.5533651e+00 8.7127192e+00 8.6755974e+00 8.6055115e+00 8.6174255e+00 8.8772210e+00 9.1528724e+00 9.3538070e+00 9.4884756e+00 9.6242061e+00 9.8101782e+00 9.8300965e+00 9.8024014e+00 9.7701827e+00 9.6268425e+00 9.4891116e+00 9.4394953e+00
