ahotovec/data/depth_0048.asc
ncols     164
nrows     146
xllcorner -1.242151388888889e+02
yllcorner  4.172986111111111e+01
cellsize  2.777777777820000e-04
nodata_value       -9999
[rows 88 to 109 of 146, columns 0 to 49 of 164]
1.4185372e+01 1.4208734e+01 1.4093252e+01 1.3671872e+01 1.3550690e+01 1.3746209e+01 1.3319947e+01 1.3211047e+01 1.3028260e+01 1.2825654e+01 1.2585967e+01 1.2355578e+01 1.2134830e+01 1.1899645e+01 1.1634398e+01 1.1355793e+01 1.1051804e+01 1.0632912e+01 1.0029452e+01 9.4015268e+00 8.5928220e+00 7.7724748e+00 7.1146551e+00 6.5940210e+00 6.0808704e+00 5.6505749e+00 5.3398293e+00 3.2827198e+00 2.0637001e+00 5.4967160e+00 5.6998698e+00 5.9588561e+00 5.7068859e+00 5.2161754e+00 5.4453955e+00 5.4434622e+00 5.4903083e+00 5.5243748e+00 5.5177528e+00 5.4983691e+00 5.5411199e+00 4.9028551e+00 4.8096744e+00 3.8821463e+00 6.0070240e+00 5.8508418e+00 5.2375629e+00 2.9513035e+00 9.5134295e-01 6.6755686e-01
1.4571562e+01 1.4057219e+01 1.3851750e+01 1.3598346e+01 1.3588798e+01 1.3741204e+01 1.3562139e+01 1.3428792e+01 1.3223489e+01 1.3006657e+01 1.2739024e+01 1.2504696e+01 1.2258240e+01 1.1990508e+01 1.1686972e+01 1.1336083e+01 1.0957338e+01 1.0443034e+01 9.7459620e+00 9.1223726e+00 8.3922762e+00 7.6804539e+00 7.0922168e+00 6.6256332e+00 6.1600533e+00 5.8193094e+00 5.5330594e+00 5.3075136e+00 3.9385431e+00 5.8570816e+00 5.8508391e+00 5.9020560e+00 5.8941994e+00 5.6402026e+00 5.5306622e+00 5.5210425e+00 5.5294888e+00 5.5200695e+00 5.5065584e+00 5.4951326e+00 5.5686809e+00 5.7714541e+00 5.7035034e+00 5.6751176e+00 5.6439630e+00 5.8569058e+00 5.7893614e+00 4.5046244e+00 2.2675775e+00 1.9434622e+00
1.4781811e+01 1.4202315e+01 1.3753139e+01 1.3514100e+01 1.3830814e+01 1.3853687e+01 1.3784320e+01 1.3658081e+01 1.3415570e+01 1.3160064e+01 1.2890115e+01 1.2649258e+01 1.2386263e+01 1.2108338e+01 1.1756179e+01 1.1352671e+01 1.0880895e+01 1.0291535e+01 9.5046590e+00 8.8636261e+00 8.1454041e+00 7.4977345e+00 6.9944201e+00 6.5943896e+00 6.2024642e+00 5.9345834e+00 5.8647005e+00 5.9386069e+00 5.9347278e+00 5.9457149e+00 5.9882918e+00 6.0101865e+00 5.9185881e+00 5.7630681e+00 5.6869984e+00 5.6338826e+00 5.5915483e+00 5.5576590e+00 5.5376284e+00 5.5378165e+00 5.6107434e+00 5.7329429e+00 5.7054930e+00 5.5324955e+00 5.6007016e+00 5.6649509e+00 5.7645111e+00 5.5728212e+00 4.0556511e+00 4.3994867e+00
1.4637797e+01 1.4266133e+01 1.3975489e+01 1.3894671e+01 1.3975011e+01 1.4122423e+01 1.4126773e+01 1.3981291e+01 1.3654272e+01 1.3303170e+01 1.3044780e+01 1.2799798e+01 1.2565266e+01 1.2268305e+01 1.1885292e+01 1.1409104e+01 1.0851312e+01 1.0177073e+01 9.3132412e+00 8.6124580e+00 7.8896604e+00 7.2638623e+00 6.7732773e+00 6.4716646e+00 6.1784575e+00 5.9932917e+00 5.9281839e+00 5.9671977e+00 6.0289330e+00 6.0766413e+00 6.1102223e+00 6.1209405e+00 6.0704603e+00 5.9434987e+00 5.8217708e+00 5.7170236e+00 5.6405788e+00 5.5800952e+00 5.5692241e+00 5.5535823e+00 5.6355672e+00 5.7861316e+00 6.1753496e+00 6.3481905e+00 5.7061124e+00 5.2159293e+00 4.1840448e+00 4.3845270e+00 5.5941452e+00 5.6098265e+00
1.4778736e+01 1.4729419e+01 1.4622472e+01 1.4519030e+01 1.4440358e+01 1.4478892e+01 1.4217136e+01 1.4099204e+01 1.3827933e+01 1.3690458e+01 1.3288040e+01 1.3161978e+01 1.2873884e+01 1.2524128e+01 1.2082845e+01 1.1527112e+01 1.0888254e+01 1.0105198e+01 9.1538113e+00 8.3440837e+00 7.5916202e+00 6.9520741e+00 6.4920604e+00 6.2703162e+00 6.0961410e+00 6.0115570e+00 5.9751253e+00 5.9628192e+00 6.0528373e+00 6.1618528e+00 6.2412947e+00 6.2855515e+00 6.2486437e+00 6.1155874e+00 5.9798944e+00 5.8044471e+00 5.6825878e+00 5.5929703e+00 5.5597328e+00 5.5394052e+00 5.6048298e+00 5.6158797e+00 4.7162933e+00 1.8174147e+00 1.8788408e+00 8.8675257e-01 9.4536052e-04 3.3476902e+00 4.6079728e+00 5.3916946e+00
1.5731417e+01 1.5638312e+01 1.5498827e+01 1.5327460e+01 1.5174736e+01 1.5023340e+01 1.5026054e+01 1.4844454e+01 1.4180863e+01 1.3872545e+01 1.4099670e+01 1.3757424e+01 1.3545959e+01 1.2910225e+01 1.2350262e+01 1.1687779e+01 1.0988744e+01 1.0101518e+01 9.0149230e+00 8.0864910e+00 7.2339577e+00 6.5748300e+00 6.1841993e+00 6.0366053e+00 5.8751571e+00 5.7104148e+00 5.7059856e+00 5.9311071e+00 6.0612226e+00 6.2250640e+00 6.3819044e+00 6.4710842e+00 6.4429130e+00 6.2987262e+00 6.1052638e+00 5.8577241e+00 5.6732227e+00 5.5880780e+00 5.6005776e+00 5.5232340e+00 5.5846194e+00 3.8526254e+00 0.0000000e+00 0.0000000e+00 0.0000000e+00 0.0000000e+00 0.0000000e+00 3.4722392e+00 5.5086470e+00 5.3594003e+00
1.6842957e+01 1.6634240e+01 1.6410152e+01 1.6193528e+01 1.5986515e+01 1.5807596e+01 1.5848212e+01 1.5606350e+01 1.5261572e+01 1.5066120e+01 1.4924986e+01 1.4788512e+01 1.4107804e+01 1.3350295e+01 1.2593213e+01 1.1858073e+01 1.1104026e+01 1.0125695e+01 8.9309477e+00 7.8826124e+00 6.9206341e+00 6.1927020e+00 5.9207940e+00 5.9234685e+00 5.5006695e+00 4.8202420e+00 4.9716561e+00 5.8416034e+00 6.0669776e+00 6.3039942e+00 6.5371327e+00 6.6830517e+00 6.6633610e+00 6.4864448e+00 6.2141689e+00 5.8992883e+00 5.6246095e+00 5.5879036e+00 5.6180531e+00 5.3866406e+00 5.6465879e+00 4.2841269e+00 7.2686686e-04 0.0000000e+00 0.0000000e+00 0.0000000e+00 1.0500232e+00 3.9083661e+00 5.6225674e+00 5.4482539e+00
1.7679181e+01 1.7439070e+01 1.7198135e+01 1.6991491e+01 1.6817660e+01 1.6677839e+01 1.6547681e+01 1.6427111e+01 1.6203883e+01 1.5731666e+01 1.4316235e+01 1.4667862e+01 1.4230525e+01 1.3591394e+01 1.2848851e+01 1.2097200e+01 1.1364986e+01 1.0404197e+01 9.0371929e+00 7.7890453e+00 6.5867285e+00 5.1385501e+00 5.0447293e+00 4.7668243e+00 5.1027767e+00 5.0981611e+00 5.2109495e+00 5.3824068e+00 6.1063396e+00 6.6567975e+00 7.0268948e+00 7.2353086e+00 7.2461157e+00 7.0049176e+00 6.6427800e+00 6.1016711e+00 5.5547579e+00 5.4651962e+00 4.5841869e+00 4.3794752e+00 5.6228291e+00 4.8307371e+00 8.3713343e-04 9.5977383e-04 6.6058606e-01 2.7910179e+00 3.8862165e+00 5.4098352e+00 5.5244978e+00 5.5702555e+00
1.8401969e+01 1.8217546e+01 1.8055844e+01 1.7959118e+01 1.7792235e+01 1.7597585e+01 1.7488406e+01 1.6971722e+01 1.5690072e+01 1.4826772e+01 1.4103725e+01 1.4113271e+01 1.3886687e+01 1.3434682e+01 1.2935811e+01 1.2328768e+01 1.1695020e+01 1.0817424e+01 9.4114329e+00 7.9833483e+00 6.4253048e+00 5.5462636e+00 4.3458952e+00 3.2792025e+00 5.0725393e+00 5.4265574e+00 5.5252075e+00 5.5818602e+00 6.5536991e+00 7.2438199e+00 7.6774907e+00 7.9156954e+00 7.9267946e+00 7.6537247e+00 7.2231513e+00 6.5886151e+00 5.8199797e+00 5.4001013e+00 5.5773613e+00 5.7179790e+00 5.7551737e+00 5.5139164e+00 5.2110451e+00 5.3881027e+00 4.9110432e+00 4.5264204e+00 4.8825790e+00 4.8033419e+00 5.7705798e+00 5.7888708e+00
1.9016803e+01 1.9255435e+01 1.9004649e+01 1.8556744e+01 1.8186813e+01 1.8295602e+01 1.7784710e+01 1.7658516e+01 1.5604390e+01 1.4071146e+01 1.4043993e+01 1.3892820e+01 1.3580192e+01 1.3351297e+01 1.3041183e+01 1.2590285e+01 1.2140719e+01 1.1500620e+01 1.0177270e+01 8.7236321e+00 6.6899116e+00 5.4800521e+00 5.1763024e+00 4.8547385e+00 4.7232732e+00 6.0055244e+00 6.6475274e+00 7.0783585e+00 7.6342595e+00 8.1714340e+00 8.5592270e+00 8.7790501e+00 8.7739762e+00 8.5074848e+00 8.1080781e+00 7.5339305e+00 6.8742861e+00 6.4081557e+00 6.4652867e+00 6.4756181e+00 6.2771225e+00 6.0315472e+00 5.8835511e+00 5.7672956e+00 5.4818536e+00 4.6323909e+00 5.0143140e+00 5.6590195e+00 5.9601375e+00 6.0048577e+00
2.0194409e+01 2.0307562e+01 1.9410759e+01 1.9305241e+01 1.8324785e+01 1.8637568e+01 1.8082027e+01 1.5740812e+01 1.4190939e+01 1.4429750e+01 1.4094563e+01 1.3747534e+01 1.3556949e+01 1.3458345e+01 1.3231728e+01 1.2868717e+01 1.2662623e+01 1.2567428e+01 1.1646414e+01 1.0651964e+01 9.1962824e+00 6.8914123e+00 5.6849748e+00 5.5482450e+00 5.8075473e+00 7.2393702e+00 8.2220660e+00 8.6677257e+00 9.0418738e+00 9.4023955e+00 9.6843509e+00 9.8305611e+00 9.8091185e+00 9.5796103e+00 9.2550979e+00 8.8036740e+00 8.2799676e+00 7.8878982e+00 7.6486769e+00 7.4203852e+00 7.1667789e+00 6.8108709e+00 6.3784153e+00 6.0017505e+00 5.5611542e+00 5.4828704e+00 5.7911285e+00 6.0477691e+00 6.1889152e+00 6.2580692e+00
2.0507085e+01 2.1030765e+01 2.0566453e+01 1.9904760e+01 1.9747749e+01 1.8365425e+01 1.6799092e+01 1.2098707e+01 1.2535011e+01 1.2679919e+01 1.3792315e+01 1.4309425e+01 1.3651135e+01 1.3678415e+01 1.3612958e+01 1.3246859e+01 1.2829308e+01 1.3442060e+01 1.3679998e+01 1.3077019e+01 1.2667435e+01 1.0649748e+01 9.2452477e+00 9.5253979e+00 1.0106676e+01 1.0842585e+01 1.0671666e+01 1.0466136e+01 1.0518639e+01 1.0718148e+01 1.0905397e+01 1.0980640e+01 1.0944921e+01 1.0769781e+01 1.0501888e+01 1.0148092e+01 9.6792141e+00 9.5224914e+00 9.2983877e+00 8.6648776e+00 8.1100284e+00 7.6793855e+00 7.2120240e+00 6.7459235e+00 6.2952286e+00 6.0680464e+00 6.1923133e+00 6.3860367e+00 6.5273514e+00 6.5520706e+00
2.0641476e+01 1.9223410e+01 2.0932980e+01 2.0401229e+01 2.0155674e+01 1.9268084e+01 1.5469924e+01 1.3421835e+01 1.0729975e+01 9.7175587e+00 1.2472776e+01 1.4618098e+01 1.3558781e+01 1.3792664e+01 1.4136667e+01 1.4071621e+01 1.3167461e+01 1.4020447e+01 1.5128975e+01 1.5267656e+01 1.4416504e+01 1.3964020e+01 1.3147762e+01 1.3364631e+01 1.3808125e+01 1.4214240e+01 1.2746508e+01 1.1753344e+01 1.1606926e+01 1.1756442e+01 1.1892397e+01 1.1910822e+01 1.1856024e+01 1.1739007e+01 1.1552249e+01 1.1230306e+01 1.0960955e+01 9.9405476e+00 1.0350925e+01 9.7259490e+00 8.9626059e+00 8.4250175e+00 7.9146030e+00 7.4563292e+00 7.0331208e+00 6.7680194e+00 6.7416634e+00 6.8291733e+00 6.8731505e+00 6.8520533e+00
2.1896491e+01 2.0916191e+01 2.1275765e+01 2.0391327e+01 2.0233856e+01 1.9340636e+01 1.7475012e+01 1.6487551e+01 1.4069679e+01 1.5270492e+01 1.5857654e+01 1.5974546e+01 1.5202307e+01 1.5144437e+01 1.4965466e+01 1.5011942e+01 1.5589912e+01 1.5743498e+01 1.5817391e+01 1.4784635e+01 1.4878282e+01 1.5229971e+01 1.5228616e+01 1.4964213e+01 1.5136616e+01 1.4639337e+01 1.2881279e+01 1.2418360e+01 1.2810739e+01 1.2998837e+01 1.3056565e+01 1.2937244e+01 1.2860376e+01 1.2846391e+01 1.2709380e+01 1.2502399e+01 1.2565574e+01 8.8400132e+00 4.8503399e+00 9.6766370e+00 1.0252435e+01 9.4594180e+00 8.8021018e+00 8.2897900e+00 7.8840347e+00 7.6192836e+00 7.6000655e+00 7.4096241e+00 7.2921342e+00 7.2169529e+00
2.1925194e+01 2.1336023e+01 2.0423039e+01 2.0784926e+01 2.0540507e+01 1.9823429e+01 2.0223304e+01 1.8332397e+01 1.7944637e+01 1.7772722e+01 1.6105776e+01 1.2688476e+01 1.6872233e+01 1.6528884e+01 1.5989062e+01 1.6356272e+01 1.6533368e+01 1.6456926e+01 1.6339730e+01 1.5980149e+01 1.5746755e+01 1.5092928e+01 1.5162478e+01 1.4522501e+01 1.5549709e+01 1.5528181e+01 1.3953543e+01 1.3501534e+01 1.3991805e+01 1.4177508e+01 1.4388479e+01 1.4120118e+01 1.3959869e+01 1.4295671e+01 1.4377202e+01 1.4043140e+01 1.4297425e+01 1.2439556e+01 1.1437788e+01 1.1370049e+01 6.3021650e+00 5.8348914e+00 9.5835717e+00 9.5224111e+00 9.1340886e+00 7.9409974e+00 5.0005062e+00 7.2652015e+00 8.0473552e+00 7.7815364e+00
2.1779672e+01 2.1320620e+01 2.0464396e+01 2.1483423e+01 2.1098380e+01 2.0465425e+01 1.9351317e+01 1.8391708e+01 1.8876775e+01 1.6066302e+01 1.6858666e+01 1.3571621e+01 1.6533227e+01 1.7618515e+01 1.7253939e+01 1.7076841e+01 1.6933982e+01 1.6934265e+01 1.6503181e+01 1.6205966e+01 1.6051611e+01 1.5692702e+01 1.5550218e+01 1.4165345e+01 1.5214317e+01 1.5454597e+01 1.5589955e+01 1.4852671e+01 1.5379171e+01 1.4817700e+01 1.4672660e+01 1.4567483e+01 1.4401956e+01 1.4629620e+01 1.5063868e+01 1.4446819e+01 1.4568475e+01 1.4863436e+01 1.4048949e+01 1.2819359e+01 1.0034527e+01 9.5665221e+00 1.0753239e+01 1.0306594e+01 9.9893885e+00 8.6609075e+00 5.1491040e+00 7.7014277e+00 8.6675789e+00 8.2761993e+00
2.2489671e+01 2.1619800e+01 2.1862447e+01 2.1886147e+01 1.8724500e+01 2.1064709e+01 1.9779986e+01 1.9180678e+01 1.9174855e+01 1.7398962e+01 1.8127577e+01 1.7310520e+01 1.7440505e+01 1.8489240e+01 1.7806249e+01 1.7552088e+01 1.7506123e+01 1.7549416e+01 1.7262551e+01 1.6633540e+01 1.6377555e+01 1.6100559e+01 1.5830007e+01 1.5341620e+01 1.5856796e+01 1.5740617e+01 1.5614498e+01 1.5417898e+01 1.5553547e+01 1.5079053e+01 1.4885617e+01 1.4548302e+01 1.4125502e+01 1.4550392e+01 1.3723805e+01 1.4565452e+01 1.4611928e+01 1.4603456e+01 1.4029158e+01 1.3334850e+01 1.2844944e+01 1.2213584e+01 1.1479630e+01 1.0930245e+01 1.0544515e+01 1.0095872e+01 9.4523640e+00 9.4907686e+00 9.1736138e+00 8.8069298e+00
2.2757218e+01 2.2497256e+01 2.2164513e+01 2.1506936e+01 2.0374442e+01 2.1065065e+01 2.0359380e+01 1.9809095e+01 1.9631281e+01 1.9280518e+01 1.9360089e+01 1.9322005e+01 1.9049256e+01 1.8893967e+01 1.8422298e+01 1.8245862e+01 1.7754456e+01 1.6737914e+01 1.6870483e+01 1.7484613e+01 1.6866692e+01 1.6516009e+01 1.6487128e+01 1.6224628e+01 1.6159317e+01 1.5364913e+01 1.4975862e+01 1.5549537e+01 1.5832924e+01 1.5214994e+01 1.4938356e+01 1.4927863e+01 1.3825819e+01 1.3478642e+01 1.4623330e+01 1.4893247e+01 1.4859976e+01 1.4549477e+01 1.4131876e+01 1.3635912e+01 1.3057848e+01 1.2460423e+01 1.1964305e+01 1.1544874e+01 1.1155737e+01 1.0858012e+01 1.0610798e+01 1.0216998e+01 9.7419544e+00 9.3643714e+00
2.2467080e+01 2.2324669e+01 2.1574471e+01 2.1566665e+01 2.1561091e+01 2.0918983e+01 2.1401594e+01 2.0882528e+01 2.0570593e+01 2.0513145e+01 2.0151051e+01 1.9732283e+01 1.9369539e+01 1.9368661e+01 1.8926437e+01 1.8356583e+01 1.7345050e+01 1.6265948e+01 1.7239564e+01 1.8029069e+01 1.7482602e+01 1.7221140e+01 1.7107230e+01 1.6646494e+01 1.6438757e+01 1.5680384e+01 1.5824297e+01 1.5942076e+01 1.5349687e+01 1.5615109e+01 1.4529768e+01 1.3576237e+01 1.3333327e+01 1.2868887e+01 1.3496399e+01 1.4297468e+01 1.4156340e+01 1.4007772e+01 1.4177254e+01 1.4116508e+01 1.3393366e+01 1.2868807e+01 1.2414122e+01 1.2028233e+01 1.1698829e+01 1.1433416e+01 1.1157383e+01 1.0843799e+01 1.0383664e+01 9.9191830e+00
2.1876968e+01 2.1833439e+01 2.2169209e+01 2.1788538e+01 2.1663271e+01 2.1637635e+01 2.1499927e+01 2.1372744e+01 2.1211682e+01 2.0936965e+01 2.0543730e+01 1.9935338e+01 1.9805668e+01 1.9214234e+01 1.8911031e+01 1.9401343e+01 1.8584799e+01 1.8146674e+01 1.8612298e+01 1.8502440e+01 1.8103538e+01 1.7758750e+01 1.7453452e+01 1.7196473e+01 1.6841887e+01 1.6598051e+01 1.5519353e+01 1.6392804e+01 1.6730589e+01 1.5263377e+01 1.5343313e+01 1.4840532e+01 1.4225227e+01 1.4138581e+01 1.3856875e+01 1.4020303e+01 1.3360647e+01 1.2382861e+01 1.4371002e+01 1.4389924e+01 1.3812476e+01 1.3346160e+01 1.2777035e+01 1.2404761e+01 1.2181748e+01 1.1985944e+01 1.1787952e+01 1.1517858e+01 1.1081627e+01 1.0592096e+01
2.2961097e+01 2.2839445e+01 2.2510217e+01 2.2081456e+01 2.1882842e+01 2.1353247e+01 2.1406372e+01 2.1470787e+01 2.1392770e+01 2.1159935e+01 2.0804097e+01 2.0426310e+01 2.0189917e+01 1.9820061e+01 1.9615812e+01 1.9652669e+01 1.9556869e+01 1.9356699e+01 1.9604847e+01 1.9123018e+01 1.8622770e+01 1.8312627e+01 1.8157361e+01 1.7823656e+01 1.7628749e+01 1.7474657e+01 1.7029607e+01 1.6514194e+01 1.6061061e+01 1.3380818e+01 1.4025859e+01 1.4362212e+01 1.4494111e+01 1.4858068e+01 1.4424345e+01 1.3905593e+01 1.3774745e+01 1.3685508e+01 1.3199764e+01 1.3725187e+01 1.2775592e+01 1.2347905e+01 1.2721860e+01 1.2792055e+01 1.2620207e+01 1.2521530e+01 1.2409295e+01 1.2202781e+01 1.1794072e+01 1.1327091e+01
2.2261877e+01 2.2923549e+01 2.2778870e+01 2.2444204e+01 2.2247712e+01 2.2178581e+01 2.2011033e+01 2.1819079e+01 2.1428621e+01 2.1203759e+01 2.1016680e+01 2.0896484e+01 2.0992763e+01 2.0476733e+01 1.9482858e+01 2.0072868e+01 1.9945072e+01 1.9238994e+01 1.9626593e+01 1.9688447e+01 1.9273360e+01 1.9229771e+01 1.8617647e+01 1.8405469e+01 1.7968464e+01 1.7728810e+01 1.7852037e+01 1.7736022e+01 1.7350539e+01 1.5169535e+01 1.6211810e+01 1.6113597e+01 1.5558463e+01 1.5159671e+01 1.4841786e+01 1.4383662e+01 1.4069992e+01 1.3417402e+01 1.3152591e+01 1.1785425e+01 5.5503147e+00 5.8992512e+00 1.2012827e+01 1.3147751e+01 1.2920398e+01 1.2961051e+01 1.2919864e+01 1.2763521e+01 1.2402602e+01 1.1945795e+01
