ahotovec/data/depth_0014.asc
ncols     164
nrows     146
xllcorner -1.242151388888889e+02
yllcorner  4.172986111111111e+01
cellsize  2.777777777820000e-04
nodata_value       -9999
[rows 110 to 131 of 146, columns 50 to 99 of 164]
9.7481091e+00 9.2041168e+00 8.1157693e+00 6.0737519e+00 4.4345307e+00 3.1075506e+00 2.4472458e+00 2.8857814e+00 2.9918053e+00 4.6953183e+00 6.1916284e+00 6.6901815e+00 6.9504203e+00 5.3607141e+00 4.9437885e+00 4.6142319e+00 9.0759042e-01 1.1450288e+00 6.4599226e+00 7.1668411e+00 7.3995267e+00 7.7832361e+00 8.1012593e+00 8.3552710e+00 8.5242122e+00 8.5730115e+00 8.4965954e+00 8.6231988e+00 9.0678533e+00 9.4403781e+00 9.8043887e+00 9.9344385e+00 1.0250890e+01 1.0328379e+01 1.0442246e+01 1.0562594e+01 1.0701338e+01 1.0789662e+01 1.0841445e+01 1.0867393e+01 1.0905973e+01 1.0897418e+01 1.0856063e+01 1.0744496e+01 1.0664692e+01 1.0592725e+01 1.0602199e+01 1.0628422e+01 1.0645613e+01 1.0671920e+01
1.1192099e+01 1.1192561e+01 9.9858881e+00 6.9381568e+00 3.5826828e+00 1.8832605e+00 2.6167040e+00 3.1477013e+00 4.7329920e+00 6.0666824e+00 7.2050274e+00 8.2280381e+00 9.0198832e+00 4.8495644e+00 5.5322601e+00 6.6471128e+00 2.9775987e+00 9.7267197e-01 3.1786239e+00 6.4638034e+00 7.0180474e+00 7.3754973e+00 7.7131669e+00 7.9785384e+00 8.1905482e+00 8.3160466e+00 8.3611256e+00 8.2965350e+00 8.5174042e+00 9.0380126e+00 9.4329705e+00 9.7579364e+00 9.9735571e+00 1.0256274e+01 1.0359993e+01 1.0473047e+01 1.0574945e+01 1.0670730e+01 1.0719996e+01 1.0754437e+01 1.0746567e+01 1.0700345e+01 1.0617525e+01 1.0535832e+01 1.0494174e+01 1.0498898e+01 1.0565512e+01 1.0643689e+01 1.0714967e+01 1.0762361e+01
1.2408179e+01 1.2628720e+01 1.1831669e+01 7.8141151e+00 2.0619527e-02 0.0000000e+00 4.4353411e-04 3.7234029e+00 5.4186226e+00 7.0179915e+00 8.4498359e+00 9.5384779e+00 1.0455656e+01 1.0675520e+01 1.0941736e+01 1.0612398e+01 9.0977195e+00 2.4148859e+00 5.1396339e-01 4.1618421e+00 6.7989710e+00 7.1013315e+00 7.3940883e+00 7.6691834e+00 7.8988001e+00 8.0710167e+00 8.1856389e+00 8.2114708e+00 8.2395978e+00 8.6387395e+00 9.1024715e+00 9.4601968e+00 9.7408129e+00 9.9665595e+00 1.0118649e+01 1.0168674e+01 1.0108208e+01 1.0201074e+01 1.0251051e+01 1.0289779e+01 1.0326904e+01 1.0311644e+01 1.0308756e+01 1.0300995e+01 1.0324281e+01 1.0409385e+01 1.0573919e+01 1.0697748e+01 1.0809370e+01 1.0908704e+01
1.3335517e+01 1.2291532e+01 1.2265462e+01 8.6515002e+00 3.5309039e-01 0.0000000e+00 0.0000000e+00 3.7825197e-04 7.6139079e+00 8.7845084e+00 1.0083441e+01 1.0527024e+01 1.1116366e+01 1.1551825e+01 1.1977624e+01 1.1452063e+01 1.1034814e+01 9.4859856e+00 8.5606914e-01 1.3611922e+00 6.2272825e+00 6.9116493e+00 7.0893174e+00 7.3840425e+00 7.6231094e+00 7.8308974e+00 7.9929066e+00 8.1402043e+00 8.3340636e+00 8.4732569e+00 8.8950668e+00 9.2450799e+00 9.5110799e+00 9.6660894e+00 9.6247055e+00 9.3963428e+00 9.2706169e+00 9.3480395e+00 9.5503618e+00 9.6913779e+00 9.8028985e+00 9.9021545e+00 1.0035345e+01 1.0176520e+01 1.0268189e+01 1.0410902e+01 1.0572232e+01 1.0776595e+01 1.0951576e+01 1.1076044e+01
1.3948744e+01 1.4309712e+01 1.3869295e+01 1.1573242e+01 7.8497415e+00 3.5140311e+00 2.5193712e+00 3.9630348e+00 1.0971132e+01 1.0325765e+01 1.1423236e+01 1.0087365e+01 1.1208496e+01 1.1722991e+01 1.2173437e+01 1.2059617e+01 1.1372882e+01 1.0914106e+01 7.0832613e+00 9.3894098e-01 3.3162898e+00 6.8609318e+00 6.8944323e+00 7.1166574e+00 7.3781900e+00 7.6149908e+00 7.8044539e+00 8.0240119e+00 8.3537115e+00 8.6863932e+00 8.7907835e+00 9.0184571e+00 9.1719758e+00 9.0854360e+00 8.7911084e+00 8.5882940e+00 8.6089457e+00 9.0132888e+00 9.3029008e+00 9.3764153e+00 9.5296384e+00 9.6568705e+00 9.8898932e+00 1.0128591e+01 1.0311192e+01 1.0475231e+01 1.0710237e+01 1.0965855e+01 1.1214899e+01 1.1324234e+01
1.4107519e+01 1.4594644e+01 1.4221558e+01 1.0678638e+01 1.2072581e+01 1.1713043e+01 1.0892762e+01 1.1796637e+01 1.2455862e+01 1.2397589e+01 1.1977871e+01 1.1701543e+01 1.3126198e+01 1.3094798e+01 1.2441959e+01 1.2437174e+01 1.2479418e+01 1.1594870e+01 9.2626495e+00 3.4162852e+00 1.4725751e+00 5.5818279e+00 6.9329897e+00 6.9542628e+00 7.1883185e+00 7.4032547e+00 7.6127453e+00 7.8517269e+00 8.2065554e+00 8.5699765e+00 8.8261449e+00 8.7645276e+00 8.6870223e+00 8.3676337e+00 8.1807520e+00 8.1464238e+00 8.2729419e+00 8.7430613e+00 9.1913336e+00 9.2317737e+00 9.4231601e+00 9.6613695e+00 9.9233589e+00 1.0161937e+01 1.0370109e+01 1.0591240e+01 1.0877213e+01 1.1202394e+01 1.1532179e+01 1.1625285e+01
1.4550582e+01 1.4705282e+01 1.4748608e+01 1.5259276e+01 1.4593680e+01 1.4383007e+01 1.4437461e+01 1.4320442e+01 1.3914789e+01 1.3349016e+01 1.3317237e+01 1.3438415e+01 1.3477655e+01 1.3343805e+01 1.2925419e+01 1.3177495e+01 1.3012502e+01 1.2246158e+01 1.1160071e+01 7.9677572e+00 1.4005308e+00 1.3735315e+00 6.0304750e+00 6.9618734e+00 7.0595760e+00 7.2650715e+00 7.4792663e+00 7.6966014e+00 8.0000668e+00 8.2910640e+00 8.5737691e+00 8.5218477e+00 8.1869674e+00 7.9819077e+00 7.8978681e+00 8.0059455e+00 8.1439164e+00 8.3786810e+00 8.6943047e+00 9.0605711e+00 9.3933647e+00 9.7160264e+00 1.0014252e+01 1.0240333e+01 1.0448563e+01 1.0698143e+01 1.1050589e+01 1.1776839e+01 1.1810273e+01 1.1711201e+01
1.5835374e+01 1.5724585e+01 1.5411513e+01 1.4796006e+01 1.5284887e+01 1.5149253e+01 1.4834302e+01 1.4857705e+01 1.4124453e+01 1.4023318e+01 1.3934601e+01 1.4170271e+01 1.4216560e+01 1.3931888e+01 1.3084658e+01 1.3127575e+01 1.2812158e+01 1.2171201e+01 1.2365921e+01 1.1800616e+01 7.1762686e+00 7.7085986e-01 3.0133669e+00 6.4850764e+00 6.9664514e+00 7.0447568e+00 7.1750353e+00 7.3181379e+00 7.4849599e+00 7.6466130e+00 7.8225102e+00 7.9243000e+00 7.8587465e+00 7.7436844e+00 7.7068869e+00 7.7695015e+00 7.9813297e+00 8.2966030e+00 8.6381702e+00 9.1261275e+00 9.5023169e+00 9.7738542e+00 1.0105485e+01 1.0365198e+01 1.0580446e+01 1.0804636e+01 1.0795974e+01 1.1141982e+01 1.1846861e+01 1.1858456e+01
1.6174360e+01 1.6669440e+01 1.6442028e+01 1.6127740e+01 1.5778388e+01 1.5149956e+01 1.5036638e+01 1.4934710e+01 1.4930707e+01 1.4605747e+01 1.4132175e+01 1.4452039e+01 1.4387869e+01 1.4346620e+01 1.3568799e+01 1.2617289e+01 1.3370719e+01 1.2322494e+01 1.1667166e+01 1.2143588e+01 9.9392673e+00 5.3402001e-01 5.7340570e-01 4.3604965e+00 6.5936897e+00 7.0075450e+00 7.1382013e+00 7.0589327e+00 7.0708175e+00 7.0569432e+00 7.0055786e+00 7.1728080e+00 7.3354670e+00 7.4656065e+00 7.4149982e+00 7.5121175e+00 7.7947345e+00 8.2019770e+00 8.6969472e+00 9.1930627e+00 9.7201670e+00 9.9992402e+00 1.0314791e+01 1.0554207e+01 1.0818930e+01 1.1068947e+01 1.1254972e+01 1.1447401e+01 1.1849498e+01 1.2087433e+01
1.6288305e+01 1.5962189e+01 1.6468048e+01 1.6198959e+01 1.5723642e+01 1.4915609e+01 1.5298422e+01 1.5279636e+01 1.5556304e+01 1.5220866e+01 1.4272661e+01 1.4195338e+01 1.3830468e+01 1.4794235e+01 1.4760677e+01 1.3827266e+01 1.3773350e+01 1.2609665e+01 1.3050559e+01 1.2521458e+01 1.2015250e+01 4.3928147e+00 1.3103334e-01 7.1672789e-01 3.6285909e+00 6.3885307e+00 6.4341683e+00 6.6591391e+00 6.4738865e+00 6.6098043e+00 6.5117482e+00 6.5076869e+00 6.7350585e+00 6.9730204e+00 7.2804712e+00 7.3309702e+00 7.6057253e+00 8.2545945e+00 8.9191805e+00 9.5258372e+00 1.0006822e+01 1.0312967e+01 1.0636454e+01 1.0897114e+01 1.1169574e+01 1.1429485e+01 1.1734987e+01 1.2013967e+01 1.2184481e+01 1.2354526e+01
1.6511839e+01 1.6659197e+01 1.6537589e+01 1.6017947e+01 1.5783257e+01 1.5702289e+01 1.5819601e+01 1.5487542e+01 1.4566881e+01 1.5587448e+01 1.4753367e+01 1.4386309e+01 1.4424949e+01 1.4559314e+01 1.5109857e+01 1.5062569e+01 1.4541488e+01 1.4058768e+01 1.3259918e+01 1.1796734e+01 1.2308380e+01 1.0115703e+01 9.1762649e-01 1.2483480e-01 5.9085678e-01 1.2189781e+00 1.1844539e+00 1.4993250e+00 2.0276627e+00 2.9177520e+00 5.6477842e+00 5.1332600e+00 6.5298586e+00 6.4879520e+00 6.6166740e+00 7.4509233e+00 7.6746966e+00 8.2235312e+00 9.3592217e+00 1.0227439e+01 1.0589734e+01 1.0822622e+01 1.1117774e+01 1.1390606e+01 1.1660136e+01 1.1890036e+01 1.2155010e+01 1.2392218e+01 1.2578801e+01 1.2712189e+01
1.6871723e+01 1.6722744e+01 1.6884085e+01 1.6480003e+01 1.5980533e+01 1.5897348e+01 1.5727475e+01 1.5715023e+01 1.5513065e+01 1.6125026e+01 1.5230973e+01 1.4786840e+01 1.4572591e+01 1.4742165e+01 1.5289762e+01 1.4834762e+01 1.5124663e+01 1.4311189e+01 1.3413791e+01 1.2961206e+01 1.2611459e+01 1.2854028e+01 9.4370374e+00 1.9577717e+00 1.5511237e-01 4.2271235e-01 4.5714001e-01 4.9114967e-01 4.8457515e-01 9.3441040e-01 1.4711223e+00 1.1775507e+00 1.4713143e+00 1.8205026e+00 2.3423928e+00 3.3267134e+00 4.4718119e+00 6.1569805e+00 1.0642630e+01 1.1116059e+01 1.1323661e+01 1.1538864e+01 1.1798156e+01 1.2019132e+01 1.2243873e+01 1.2429914e+01 1.2629016e+01 1.2761065e+01 1.2914280e+01 1.3096401e+01
1.7334129e+01 1.7276866e+01 1.7182949e+01 1.6755283e+01 1.6324486e+01 1.6147551e+01 1.6090848e+01 1.6108464e+01 1.6175109e+01 1.5981444e+01 1.5525967e+01 1.5280502e+01 1.5213531e+01 1.5261229e+01 1.5642749e+01 1.5514163e+01 1.4162947e+01 1.4289940e+01 1.3944049e+01 1.3308127e+01 1.2220711e+01 1.2960238e+01 1.2399691e+01 9.7884118e+00 7.8825159e+00 2.3483629e+00 1.6676514e+00 3.8257471e+00 8.2347861e+00 8.1666126e+00 8.3577028e+00 8.0454635e+00 6.8654894e+00 5.6911187e+00 3.8309545e+00 3.1029497e+00 2.1767677e+00 3.7075489e+00 1.2232047e+01 1.2520257e+01 1.2302017e+01 1.2396013e+01 1.2555817e+01 1.2711668e+01 1.2843298e+01 1.2981953e+01 1.3070378e+01 1.3135020e+01 1.3125146e+01 1.3344000e+01
1.7129812e+01 1.7305154e+01 1.7331434e+01 1.7026652e+01 1.6859964e+01 1.5336279e+01 1.6215180e+01 1.6673420e+01 1.6358686e+01 1.6130287e+01 1.5914572e+01 1.5876710e+01 1.5758150e+01 1.5873424e+01 1.5808816e+01 1.5566134e+01 1.5685107e+01 1.4148530e+01 1.4447202e+01 1.4033588e+01 1.3660266e+01 1.3323799e+01 1.2966016e+01 1.2743867e+01 1.1356954e+01 6.1795760e+00 4.7406114e+00 7.0895157e+00 9.8978236e+00 1.2753095e+01 1.2825335e+01 1.2599594e+01 1.2824536e+01 1.2505214e+01 1.2379110e+01 1.3167737e+01 1.2881992e+01 1.2288847e+01 1.3371372e+01 1.3204054e+01 1.3155884e+01 1.3190223e+01 1.3255941e+01 1.3304748e+01 1.3346981e+01 1.3429385e+01 1.3501652e+01 1.3510846e+01 1.3359118e+01 1.3336628e+01
1.7825145e+01 1.7789650e+01 1.7629271e+01 1.7449195e+01 1.7153515e+01 1.3486505e+01 1.6254943e+01 1.7225127e+01 1.6865681e+01 1.6670164e+01 1.6522098e+01 1.6465169e+01 1.6240764e+01 1.6230256e+01 1.6169492e+01 1.5865533e+01 1.5654626e+01 1.4414310e+01 1.4536586e+01 1.4964339e+01 1.4842124e+01 1.4142347e+01 1.3301129e+01 1.3144733e+01 1.2823623e+01 9.7808000e+00 5.8544680e+00 7.1192222e+00 1.0088485e+01 1.3011389e+01 1.2253807e+01 1.2954361e+01 1.2755993e+01 1.3271233e+01 1.3820212e+01 1.4103203e+01 1.3320912e+01 1.3880294e+01 1.3773907e+01 1.3721575e+01 1.3705266e+01 1.3702284e+01 1.3688667e+01 1.3707378e+01 1.3719456e+01 1.3750564e+01 1.3823687e+01 1.3126565e+01 1.3566255e+01 1.3676957e+01
1.8136179e+01 1.8074816e+01 1.8045089e+01 1.7830150e+01 1.7863743e+01 1.7843990e+01 1.7843398e+01 1.7777307e+01 1.7702572e+01 1.7503523e+01 1.7236026e+01 1.7183052e+01 1.6866693e+01 1.6915678e+01 1.6674884e+01 1.6297055e+01 1.4454871e+01 1.5591151e+01 1.5546185e+01 1.5011043e+01 1.4883798e+01 1.5242064e+01 1.4446785e+01 1.3927795e+01 1.3530932e+01 1.2901461e+01 9.4106316e+00 9.6418002e+00 1.3521069e+01 1.3138570e+01 1.2408004e+01 1.3155621e+01 1.2369177e+01 1.2812953e+01 1.3973634e+01 1.4234987e+01 1.4665064e+01 1.4217005e+01 1.4041348e+01 1.4034422e+01 1.3999655e+01 1.3977143e+01 1.3978402e+01 1.3971280e+01 1.3994785e+01 1.3969297e+01 1.3927036e+01 1.2681787e+01 1.3073200e+01 1.3882742e+01
1.8468291e+01 1.8400567e+01 1.8380816e+01 1.8369280e+01 1.8285585e+01 1.8166691e+01 1.8153162e+01 1.7868749e+01 1.8132555e+01 1.7916908e+01 1.7947378e+01 1.7486837e+01 1.7380238e+01 1.7229039e+01 1.7092454e+01 1.6608841e+01 1.5933891e+01 1.6306571e+01 1.6249002e+01 1.6133671e+01 1.5604724e+01 1.6105610e+01 1.5540803e+01 1.4808087e+01 1.4471479e+01 1.3520660e+01 1.3643976e+01 1.4260300e+01 1.4024488e+01 1.3523598e+01 1.3358465e+01 1.3442263e+01 1.3336349e+01 1.3783638e+01 1.4242742e+01 1.4778032e+01 1.4841946e+01 1.4683307e+01 1.4272037e+01 1.4191139e+01 1.4157037e+01 1.4124300e+01 1.4109986e+01 1.4082597e+01 1.4090127e+01 1.4076525e+01 1.4026358e+01 1.4077306e+01 1.4152499e+01 1.4147482e+01
1.8842819e+01 1.8769985e+01 1.8722592e+01 1.8765447e+01 1.8661377e+01 1.8530352e+01 1.8373925e+01 1.8276642e+01 1.8263948e+01 1.8136487e+01 1.8001103e+01 1.7972207e+01 1.7756357e+01 1.7516748e+01 1.7462407e+01 1.7343186e+01 1.6948449e+01 1.6642462e+01 1.6702886e+01 1.6604105e+01 1.6612051e+01 1.6650692e+01 1.6436904e+01 1.5535928e+01 1.5092272e+01 1.4241967e+01 1.5113464e+01 1.4798607e+01 1.4456701e+01 1.3984433e+01 1.3897478e+01 1.3448427e+01 1.2868779e+01 1.3841230e+01 1.2757341e+01 1.4562308e+01 1.5043715e+01 1.4820562e+01 1.4487399e+01 1.4316409e+01 1.4242298e+01 1.4186414e+01 1.4157073e+01 1.4114276e+01 1.4107059e+01 1.4131787e+01 1.4074643e+01 1.4117605e+01 1.4121110e+01 1.4147134e+01
1.9183978e+01 1.9106271e+01 1.9037957e+01 1.9003245e+01 1.9069510e+01 1.8921295e+01 1.8690772e+01 1.8515652e+01 1.8433494e+01 1.8381467e+01 1.8221306e+01 1.8176715e+01 1.8045257e+01 1.7956177e+01 1.7703538e+01 1.7295932e+01 1.7090158e+01 1.6706423e+01 1.6995264e+01 1.7014777e+01 1.7003951e+01 1.6839013e+01 1.6779629e+01 1.6023798e+01 1.5943135e+01 1.5727959e+01 1.5504755e+01 1.5142952e+01 1.5123997e+01 1.4585398e+01 1.4616634e+01 1.4309365e+01 1.3651026e+01 1.3918661e+01 1.4161265e+01 1.5092615e+01 1.5218378e+01 1.4824129e+01 1.4576758e+01 1.4441062e+01 1.4346511e+01 1.4273338e+01 1.4239858e+01 1.4189420e+01 1.4175709e+01 1.4181819e+01 1.4173122e+01 1.4228028e+01 1.4268011e+01 1.4245829e+01
1.9515868e+01 1.9582938e+01 1.9417262e+01 1.9163866e+01 1.9079448e+01 1.9003644e+01 1.8932260e+01 1.8754556e+01 1.8635878e+01 1.8625674e+01 1.8490173e+01 1.8399693e+01 1.8336592e+01 1.8422564e+01 1.8089490e+01 1.8119879e+01 1.7514986e+01 1.6752546e+01 1.7232410e+01 1.7434576e+01 1.7396045e+01 1.7181049e+01 1.6615841e+01 1.6364216e+01 1.6313724e+01 1.6318047e+01 1.5838054e+01 1.5017992e+01 1.5582515e+01 1.5719670e+01 1.4733790e+01 1.4692852e+01 1.4645683e+01 1.4207665e+01 1.4963610e+01 1.5105758e+01 1.4167502e+01 1.4785195e+01 1.4778692e+01 1.4611128e+01 1.4497167e+01 1.4420633e+01 1.4381200e+01 1.4339102e+01 1.4331738e+01 1.4361811e+01 1.4395780e+01 1.4029809e+01 1.4557387e+01 1.4515538e+01
1.9766769e+01 1.9586547e+01 1.9612784e+01 1.9404769e+01 1.9222704e+01 1.9200155e+01 1.9235842e+01 1.9071904e+01 1.8978232e+01 1.8946714e+01 1.8898897e+01 1.8832221e+01 1.8795855e+01 1.8778504e+01 1.8506334e+01 1.8398887e+01 1.7845161e+01 1.4709804e+01 1.6818962e+01 1.7316036e+01 1.7103250e+01 1.7050403e+01 1.7070628e+01 1.6968153e+01 1.6839008e+01 1.6942780e+01 1.6182851e+01 1.5779123e+01 1.4363362e+01 1.5259628e+01 1.5801424e+01 1.5525152e+01 1.5121395e+01 1.3869877e+01 1.4462433e+01 1.4295930e+01 1.3911702e+01 1.4864617e+01 1.4915112e+01 1.4761476e+01 1.4628145e+01 1.4546197e+01 1.4527301e+01 1.4535176e+01 1.4608301e+01 1.4706566e+01 1.4655605e+01 1.4282576e+01 1.4637297e+01 1.4852186e+01
1.9887784e+01 1.9810904e+01 1.9693326e+01 1.9616382e+01 1.9455967e+01 1.9425796e+01 1.9459054e+01 1.9491892e+01 1.9467568e+01 1.9414692e+01 1.9365735e+01 1.9273063e+01 1.9144768e+01 1.8937645e+01 1.8857871e+01 1.8453702e+01 1.8151592e+01 1.7705540e+01 1.8067689e+01 1.7683297e+01 1.7506051e+01 1.6961375e+01 1.6647418e+01 1.7160213e+01 1.7267413e+01 1.7382260e+01 1.6747795e+01 1.6295428e+01 1.6001716e+01 1.6047383e+01 1.5914787e+01 1.5556009e+01 1.5353263e+01 1.5394227e+01 1.5341330e+01 1.5376102e+01 1.5250216e+01 1.5212823e+01 1.5040610e+01 1.4905420e+01 1.4796052e+01 1.4719772e+01 1.4709177e+01 1.4757483e+01 1.4675079e+01 1.4688570e+01 1.4786484e+01 1.2675117e+01 1.2193967e+01 1.3689212e+01
