ahotovec/data/depth_0048.asc
ncols     164
nrows     146
xllcorner -1.242151388888889e+02
yllcorner  4.172986111111111e+01
cellsize  2.777777777820000e-04
nodata_value       -9999
[rows 110 to 131 of 146, columns 100 to 149 of 164]
1.0246212e+01 1.0235304e+01 1.0259172e+01 1.0242711e+01 1.0156377e+01 1.0204038e+01 7.1904731e+00 4.3556441e+00 3.2681983e+00 2.8274747e+00 8.6815834e-01 8.0320505e-04 8.1545112e-01 3.6087305e+00 4.8575031e+00 5.4905633e+00 5.7821983e+00 5.5469206e+00 5.6322682e+00 7.1875151e+00 8.0778753e+00 8.2800973e+00 8.4561013e+00 8.3725635e+00 7.8608370e+00 8.0034841e+00 7.9968278e+00 8.1418511e+00 8.1999204e+00 8.4270653e+00 8.2864147e+00 7.6818677e+00 7.9790754e+00 8.5731574e+00 9.1081382e+00 9.2849019e+00 9.2964679e+00 9.0382023e+00 8.9988263e+00 9.1139834e+00 9.2701741e+00 9.3242574e+00 9.3910054e+00 9.5785105e+00 9.6560901e+00 9.7184178e+00 9.7559496e+00 9.6302243e+00 9.5255951e+00 9.3475472e+00
1.0315467e+01 1.0361612e+01 1.0333161e+01 1.0292357e+01 1.0184210e+01 1.0254973e+01 1.0121506e+01 8.0709442e+00 6.5246371e+00 6.3024166e+00 4.5003032e+00 4.8115741e+00 5.4210450e+00 5.7794405e+00 5.7141216e+00 5.7531073e+00 6.2372659e+00 6.2674324e+00 6.1276438e+00 7.3424252e+00 8.1317512e+00 8.2794499e+00 8.4891767e+00 8.5125161e+00 7.9672047e+00 7.7638574e+00 7.6812478e+00 8.1373313e+00 8.3376467e+00 8.6045743e+00 8.6929844e+00 8.5460159e+00 8.5270708e+00 8.7660523e+00 9.4467824e+00 9.7450609e+00 9.6524809e+00 9.4370169e+00 9.2369215e+00 9.2879670e+00 9.4872997e+00 9.5369737e+00 9.4766225e+00 9.5536805e+00 9.6477180e+00 9.7351877e+00 9.8901703e+00 9.8286186e+00 9.6523485e+00 9.5333367e+00
1.0391795e+01 1.0468135e+01 1.0500387e+01 1.0450140e+01 1.0391347e+01 1.0278752e+01 1.0362231e+01 1.0662613e+01 1.0316038e+01 9.1946245e+00 8.1340998e+00 8.0251227e+00 8.2686120e+00 7.8020846e+00 6.6578170e+00 6.3124408e+00 6.8346116e+00 6.9886067e+00 7.1977372e+00 8.0052708e+00 8.3672269e+00 8.1795633e+00 8.2878904e+00 8.3508638e+00 8.1625970e+00 8.1291966e+00 7.6333910e+00 8.2800237e+00 8.6437478e+00 8.9900961e+00 9.3456559e+00 9.5056016e+00 9.1841329e+00 8.8992705e+00 9.4219367e+00 9.8796603e+00 9.9048203e+00 9.6864907e+00 9.4099768e+00 9.3789157e+00 9.6335595e+00 9.6093235e+00 9.5724924e+00 9.5690157e+00 9.6116717e+00 9.6669097e+00 9.8254792e+00 9.8716129e+00 9.7896953e+00 9.7496758e+00
1.0536236e+01 1.0608496e+01 1.0646795e+01 1.0648263e+01 1.0623726e+01 1.0554747e+01 1.0478755e+01 1.0438908e+01 1.0217794e+01 9.6729864e+00 1.0018610e+01 9.8177540e+00 9.5765966e+00 8.9721196e+00 7.9800478e+00 7.6884586e+00 7.8711762e+00 8.1667075e+00 8.5922227e+00 9.0051962e+00 8.9412782e+00 8.5706320e+00 8.3650796e+00 8.4300878e+00 8.5606414e+00 8.9430149e+00 8.5423455e+00 8.8216930e+00 9.0715715e+00 9.3577865e+00 9.7910820e+00 1.0328673e+01 9.7714231e+00 9.4443708e+00 9.7959787e+00 1.0183797e+01 1.0263043e+01 9.9905059e+00 9.7104598e+00 9.6193768e+00 9.6979338e+00 9.6617426e+00 9.6251119e+00 9.6038382e+00 9.6556974e+00 9.7476503e+00 9.8835203e+00 9.9403688e+00 9.9160404e+00 9.9042663e+00
1.0702290e+01 1.0794033e+01 1.0833646e+01 1.0881203e+01 1.0894198e+01 1.0838309e+01 1.0768587e+01 1.0676620e+01 1.0549464e+01 1.0476378e+01 1.0940917e+01 1.0580060e+01 1.0506154e+01 1.0276509e+01 9.7671968e+00 9.4166775e+00 9.4453879e+00 9.4644442e+00 9.7710702e+00 9.9430532e+00 9.7905151e+00 9.2311772e+00 8.7644799e+00 8.8271340e+00 9.1471631e+00 9.3976601e+00 9.3698325e+00 9.4832461e+00 9.6272959e+00 9.6491563e+00 9.6629194e+00 1.0057673e+01 9.9278509e+00 9.8953222e+00 1.0227277e+01 1.0663432e+01 1.0884391e+01 1.0420382e+01 9.9302723e+00 9.8493060e+00 9.8201308e+00 9.7266830e+00 9.7341094e+00 9.7081518e+00 9.7609249e+00 9.8921003e+00 1.0000881e+01 1.0076181e+01 1.0031275e+01 9.9489245e+00
1.0939534e+01 1.1017671e+01 1.1056552e+01 1.1083357e+01 1.1112571e+01 1.1076595e+01 1.1050145e+01 1.0961041e+01 1.0849985e+01 1.0828694e+01 1.0785117e+01 1.1021675e+01 1.1648142e+01 1.1531252e+01 1.1256150e+01 1.1002251e+01 1.0621825e+01 1.0562018e+01 1.0951546e+01 1.1039841e+01 1.0774902e+01 1.0131528e+01 9.6113828e+00 9.5381489e+00 9.7773574e+00 9.9838630e+00 1.0041727e+01 1.0166147e+01 1.0243333e+01 1.0034431e+01 9.8732707e+00 9.9939281e+00 1.0038024e+01 1.0171926e+01 1.0503529e+01 1.1030217e+01 1.1375228e+01 1.0843900e+01 1.0259029e+01 1.0183567e+01 1.0114033e+01 9.9635360e+00 9.9299753e+00 9.8786038e+00 9.9390364e+00 1.0089659e+01 1.0166853e+01 1.0239714e+01 1.0158778e+01 1.0023688e+01
1.1150337e+01 1.1142168e+01 1.1224695e+01 1.1354843e+01 1.1393947e+01 1.1446205e+01 1.1316933e+01 1.1259275e+01 1.1118733e+01 1.1202553e+01 1.1280646e+01 1.1863444e+01 1.2625955e+01 1.2346359e+01 1.2054352e+01 1.1529804e+01 1.0785904e+01 1.0870036e+01 1.1783255e+01 1.1757904e+01 1.1263083e+01 1.0712539e+01 1.0293003e+01 1.0209758e+01 1.0360202e+01 1.0480108e+01 1.0783283e+01 1.0494156e+01 1.0448408e+01 1.0212132e+01 1.0032765e+01 9.9969230e+00 1.0053016e+01 1.0254442e+01 1.0503064e+01 1.0967563e+01 1.1219180e+01 1.0903930e+01 1.0463293e+01 1.0421908e+01 1.0467107e+01 1.0345268e+01 1.0112701e+01 9.9990321e+00 1.0149955e+01 1.0387692e+01 1.0286715e+01 1.0274315e+01 1.0196618e+01 1.0098544e+01
1.1179436e+01 1.1353456e+01 1.1421609e+01 1.1525924e+01 1.1636244e+01 1.1630128e+01 1.1582509e+01 1.1426456e+01 1.1263256e+01 1.1499379e+01 1.1870119e+01 1.2058707e+01 1.1819080e+01 1.1771523e+01 1.1674415e+01 1.1363910e+01 1.0502345e+01 9.6817572e+00 1.1440278e+01 1.1725620e+01 1.1465839e+01 1.1189618e+01 1.1054768e+01 1.1070845e+01 1.1208433e+01 1.1323899e+01 1.1351868e+01 1.0936625e+01 1.0786457e+01 1.0508593e+01 1.0203695e+01 1.0014065e+01 9.9809974e+00 1.0200083e+01 1.0488879e+01 1.0724716e+01 1.0849549e+01 1.0703409e+01 1.0472717e+01 1.0309143e+01 1.0488731e+01 1.0523945e+01 1.0490712e+01 1.0298589e+01 1.0373285e+01 1.0531236e+01 1.0397629e+01 1.0296980e+01 1.0231111e+01 1.0178967e+01
1.1477540e+01 1.1646788e+01 1.1753052e+01 1.1738244e+01 1.1761005e+01 1.1888582e+01 1.1825855e+01 1.1550702e+01 1.1789652e+01 1.2384850e+01 1.2595618e+01 1.2670665e+01 1.2097571e+01 1.1865646e+01 1.1154292e+01 1.1780162e+01 1.1841944e+01 1.0845400e+01 1.1049771e+01 1.1176985e+01 1.1249304e+01 1.1349710e+01 1.1504440e+01 1.1731281e+01 1.1746454e+01 1.1765524e+01 1.1652532e+01 1.1426183e+01 1.1169679e+01 1.0766358e+01 1.0376489e+01 1.0102925e+01 9.9851471e+00 1.0224644e+01 1.0458401e+01 1.0566058e+01 1.0631027e+01 1.0585993e+01 1.0517345e+01 1.0417551e+01 1.0529922e+01 1.0657309e+01 1.0798338e+01 1.0630372e+01 1.0565621e+01 1.0559555e+01 1.0428235e+01 1.0291002e+01 1.0251738e+01 1.0252556e+01
1.1798364e+01 1.1488277e+01 1.1897095e+01 1.2406982e+01 1.2623861e+01 1.2257607e+01 1.2070340e+01 1.1522848e+01 1.1516909e+01 1.2827447e+01 1.2690070e+01 1.2624117e+01 1.2876655e+01 1.3169029e+01 1.2596231e+01 1.2770262e+01 1.2497214e+01 1.1593173e+01 1.0330835e+01 1.0345871e+01 1.0913774e+01 1.1326223e+01 1.1703081e+01 1.2069271e+01 1.2016512e+01 1.1961256e+01 1.1891593e+01 1.1758402e+01 1.1563499e+01 1.1089128e+01 1.0605265e+01 1.0390108e+01 1.0339404e+01 1.0518729e+01 1.0690025e+01 1.0634729e+01 1.0598774e+01 1.0577005e+01 1.0541997e+01 1.0477992e+01 1.0531216e+01 1.0590634e+01 1.0742829e+01 1.0734677e+01 1.0661816e+01 1.0576774e+01 1.0440607e+01 1.0294260e+01 1.0276802e+01 1.0330324e+01
1.1937911e+01 1.2023810e+01 1.2208358e+01 1.3100668e+01 1.4116211e+01 1.3801606e+01 1.3799927e+01 1.2406282e+01 1.1331892e+01 1.2394287e+01 1.2126943e+01 1.2388329e+01 1.2988716e+01 1.3240238e+01 1.3267157e+01 1.3080129e+01 1.2531729e+01 1.1271894e+01 9.5112962e+00 1.0100352e+01 1.1064740e+01 1.1465971e+01 1.1868785e+01 1.2194994e+01 1.2176724e+01 1.2084203e+01 1.2025072e+01 1.1996770e+01 1.1974215e+01 1.1496178e+01 1.0996963e+01 1.0807669e+01 1.0779689e+01 1.0916902e+01 1.1100036e+01 1.0964850e+01 1.0800545e+01 1.0718797e+01 1.0666627e+01 1.0620685e+01 1.0596766e+01 1.0709028e+01 1.0795092e+01 1.0805832e+01 1.0747254e+01 1.0663240e+01 1.0572083e+01 1.0461066e+01 1.0444819e+01 1.0465584e+01
1.2705944e+01 1.2493489e+01 1.2700686e+01 1.3319128e+01 1.3710440e+01 1.4514357e+01 1.5471512e+01 1.4862988e+01 1.4067807e+01 1.3578677e+01 1.2923063e+01 1.2993313e+01 1.3117695e+01 1.3064363e+01 1.3183444e+01 1.3158857e+01 1.2936883e+01 1.2480738e+01 1.2105555e+01 1.1653881e+01 1.1531813e+01 1.1820587e+01 1.2149935e+01 1.2356888e+01 1.2326544e+01 1.2164454e+01 1.2054836e+01 1.2037769e+01 1.1975054e+01 1.1649415e+01 1.1342567e+01 1.1177583e+01 1.1180011e+01 1.1201655e+01 1.1227800e+01 1.1148721e+01 1.1049343e+01 1.0975298e+01 1.0866141e+01 1.0817088e+01 1.0774955e+01 1.0864995e+01 1.0930046e+01 1.0946187e+01 1.0873903e+01 1.0802004e+01 1.0726534e+01 1.0659791e+01 1.0647542e+01 1.0634579e+01
1.3390130e+01 1.3349431e+01 1.3400091e+01 1.3574113e+01 1.3496111e+01 1.3731365e+01 1.3950282e+01 1.4346076e+01 1.4027709e+01 1.3594647e+01 1.3275901e+01 1.3292884e+01 1.3130895e+01 1.3022351e+01 1.3030735e+01 1.3121453e+01 1.3221069e+01 1.3158161e+01 1.2986328e+01 1.2485581e+01 1.2164911e+01 1.2289986e+01 1.2500081e+01 1.2614226e+01 1.2535522e+01 1.2455652e+01 1.2201238e+01 1.2033551e+01 1.1921849e+01 1.1719586e+01 1.1549923e+01 1.1449536e+01 1.1465140e+01 1.1396671e+01 1.1349147e+01 1.1329076e+01 1.1299585e+01 1.1174170e+01 1.1045587e+01 1.0969967e+01 1.0969979e+01 1.1020094e+01 1.1089816e+01 1.1141613e+01 1.1053932e+01 1.0987029e+01 1.0912021e+01 1.0861096e+01 1.0838124e+01 1.0827674e+01
1.3848437e+01 1.4022680e+01 1.3839327e+01 1.3733351e+01 1.2914597e+01 1.2664407e+01 1.3711719e+01 1.3600259e+01 1.3480193e+01 1.3249018e+01 1.3105027e+01 1.3450026e+01 1.3125707e+01 1.2934099e+01 1.2823767e+01 1.2744214e+01 1.3253777e+01 1.3270303e+01 1.3047549e+01 1.2745800e+01 1.2578046e+01 1.2655656e+01 1.2856560e+01 1.2949680e+01 1.2732436e+01 1.2629735e+01 1.2351314e+01 1.2077339e+01 1.1934288e+01 1.1795511e+01 1.1698782e+01 1.1637181e+01 1.1593752e+01 1.1487208e+01 1.1431568e+01 1.1451740e+01 1.1469986e+01 1.1294233e+01 1.1170093e+01 1.1116579e+01 1.1124286e+01 1.1153985e+01 1.1211474e+01 1.1244156e+01 1.1167311e+01 1.1103540e+01 1.1049053e+01 1.1022405e+01 1.0987322e+01 1.0964527e+01
1.3796970e+01 1.4035292e+01 1.3918963e+01 1.3711770e+01 1.3211290e+01 1.2907291e+01 1.3298068e+01 1.3372263e+01 1.3130226e+01 1.3037167e+01 1.3133374e+01 1.3308629e+01 1.2904086e+01 1.2628195e+01 1.2495598e+01 1.2504556e+01 1.3013364e+01 1.3137183e+01 1.3029334e+01 1.2832296e+01 1.2746348e+01 1.2914145e+01 1.3167095e+01 1.3112793e+01 1.2822155e+01 1.2605461e+01 1.2383172e+01 1.2267296e+01 1.2096331e+01 1.1926800e+01 1.1860469e+01 1.1833367e+01 1.1847560e+01 1.1676912e+01 1.1474615e+01 1.1468054e+01 1.1467173e+01 1.1387228e+01 1.1308834e+01 1.1329250e+01 1.1331848e+01 1.1268685e+01 1.1292955e+01 1.1305787e+01 1.1275803e+01 1.1241627e+01 1.1201424e+01 1.1181105e+01 1.1168031e+01 1.1125588e+01
1.3577703e+01 1.3744316e+01 1.3776273e+01 1.3871463e+01 1.3982034e+01 1.4245253e+01 1.3801471e+01 1.3387091e+01 1.3285993e+01 1.3250929e+01 1.3234931e+01 1.2966347e+01 1.2535633e+01 1.2219538e+01 1.2296497e+01 1.2490882e+01 1.2795751e+01 1.2966776e+01 1.2955443e+01 1.2840604e+01 1.2769222e+01 1.3011870e+01 1.3210424e+01 1.3086658e+01 1.2872603e+01 1.2700756e+01 1.2547132e+01 1.2405662e+01 1.2280784e+01 1.2215784e+01 1.2158764e+01 1.2061065e+01 1.2045724e+01 1.1844430e+01 1.1626856e+01 1.1562272e+01 1.1507599e+01 1.1448715e+01 1.1453136e+01 1.1487180e+01 1.1475932e+01 1.1450619e+01 1.1460381e+01 1.1462860e+01 1.1449319e+01 1.1425157e+01 1.1385531e+01 1.1369360e+01 1.1429233e+01 1.1405724e+01
1.3608155e+01 1.3494220e+01 1.3520653e+01 1.3868392e+01 1.4285060e+01 1.4576059e+01 1.4308756e+01 1.3883972e+01 1.3803807e+01 1.3907187e+01 1.3399389e+01 1.2978454e+01 1.2657233e+01 1.2493624e+01 1.2523107e+01 1.2658219e+01 1.2883740e+01 1.3020389e+01 1.3032821e+01 1.2983998e+01 1.2975599e+01 1.3120832e+01 1.3230429e+01 1.3131698e+01 1.2983571e+01 1.2722094e+01 1.2673666e+01 1.2593487e+01 1.2505947e+01 1.2464463e+01 1.2377580e+01 1.2142716e+01 1.2064838e+01 1.1935115e+01 1.1788906e+01 1.1694470e+01 1.1604964e+01 1.1519396e+01 1.1557380e+01 1.1595635e+01 1.1599383e+01 1.1576486e+01 1.1581983e+01 1.1578938e+01 1.1588838e+01 1.1590841e+01 1.1517445e+01 1.1464183e+01 1.1524687e+01 1.1545459e+01
1.3564775e+01 1.3506739e+01 1.3432643e+01 1.3875383e+01 1.4210621e+01 1.4554571e+01 1.4649027e+01 1.4285358e+01 1.3995048e+01 1.3705567e+01 1.3084055e+01 1.3067771e+01 1.3013061e+01 1.2941592e+01 1.2938803e+01 1.3031278e+01 1.3111125e+01 1.3187790e+01 1.3213803e+01 1.3195487e+01 1.3229529e+01 1.3348255e+01 1.3386714e+01 1.3290276e+01 1.3108661e+01 1.2971080e+01 1.2951195e+01 1.2896373e+01 1.2745358e+01 1.2651573e+01 1.2503625e+01 1.2282418e+01 1.2145664e+01 1.2033415e+01 1.1937173e+01 1.1858704e+01 1.1805810e+01 1.1727251e+01 1.1732963e+01 1.1760947e+01 1.1748181e+01 1.1722839e+01 1.1691184e+01 1.1668881e+01 1.1701324e+01 1.1735218e+01 1.1643036e+01 1.1579084e+01 1.1604276e+01 1.1649468e+01
1.3636381e+01 1.3529882e+01 1.3499582e+01 1.3835251e+01 1.4006501e+01 1.4390902e+01 1.4566513e+01 1.4384645e+01 1.4016757e+01 1.3628690e+01 1.3324045e+01 1.3399746e+01 1.3499340e+01 1.3449187e+01 1.3396305e+01 1.3422608e+01 1.3423877e+01 1.3429269e+01 1.3420376e+01 1.3406003e+01 1.3476222e+01 1.3619069e+01 1.3617518e+01 1.3504186e+01 1.3348070e+01 1.3232010e+01 1.3251245e+01 1.3249746e+01 1.3027049e+01 1.2835742e+01 1.2649300e+01 1.2441074e+01 1.2273749e+01 1.2174936e+01 1.2126371e+01 1.2079910e+01 1.2011737e+01 1.1974921e+01 1.1959434e+01 1.1937746e+01 1.1910710e+01 1.1896195e+01 1.1823064e+01 1.1760550e+01 1.1765745e+01 1.1777188e+01 1.1731136e+01 1.1689246e+01 1.1688639e+01 1.1773311e+01
1.3811151e+01 1.3888719e+01 1.4170715e+01 1.4412883e+01 1.4139516e+01 1.4344037e+01 1.4705751e+01 1.4424921e+01 1.4142154e+01 1.3892801e+01 1.3745518e+01 1.3793143e+01 1.3987552e+01 1.3973623e+01 1.3947908e+01 1.3916359e+01 1.3805008e+01 1.3713996e+01 1.3679685e+01 1.3688402e+01 1.3689726e+01 1.3835516e+01 1.3851780e+01 1.3775921e+01 1.3560878e+01 1.3332271e+01 1.3326755e+01 1.3321725e+01 1.3171422e+01 1.2985294e+01 1.2819097e+01 1.2631903e+01 1.2455632e+01 1.2410744e+01 1.2384386e+01 1.2347822e+01 1.2294819e+01 1.2231183e+01 1.2190718e+01 1.2171124e+01 1.2101870e+01 1.2062406e+01 1.2002740e+01 1.1910475e+01 1.1868859e+01 1.1867067e+01 1.1883609e+01 1.1831023e+01 1.1773977e+01 1.1901506e+01
1.4089874e+01 1.4075555e+01 1.3754781e+01 1.4687778e+01 1.4567635e+01 1.4225096e+01 1.4626625e+01 1.4598560e+01 1.4368117e+01 1.4304088e+01 1.4327364e+01 1.4137370e+01 1.4187063e+01 1.4291287e+01 1.4449058e+01 1.4533368e+01 1.4256229e+01 1.3974659e+01 1.3894666e+01 1.3954589e+01 1.4041331e+01 1.4164820e+01 1.4082176e+01 1.3965205e+01 1.3768171e+01 1.3326527e+01 1.3317334e+01 1.3343383e+01 1.3249216e+01 1.3139049e+01 1.3037827e+01 1.2961471e+01 1.2775995e+01 1.2713448e+01 1.2695975e+01 1.2663577e+01 1.2584850e+01 1.2505045e+01 1.2420108e+01 1.2381277e+01 1.2268777e+01 1.2184458e+01 1.2161228e+01 1.2101061e+01 1.1983952e+01 1.1994444e+01 1.2054534e+01 1.2070274e+01 1.2029204e+01 1.2033953e+01
1.4312653e+01 1.4509275e+01 1.4395586e+01 1.4091922e+01 1.4516765e+01 1.4668204e+01 1.4940882e+01 1.4617001e+01 1.4388112e+01 1.4239542e+01 1.4142548e+01 1.4085835e+01 1.4224922e+01 1.4397616e+01 1.4698092e+01 1.4958280e+01 1.4560398e+01 1.4076755e+01 1.3957743e+01 1.4045284e+01 1.4314155e+01 1.4507700e+01 1.4212076e+01 1.3953590e+01 1.3737134e+01 1.3421123e+01 1.3379815e+01 1.3439488e+01 1.3358557e+01 1.3289120e+01 1.3209426e+01 1.3136892e+01 1.3049535e+01 1.2996341e+01 1.2963511e+01 1.3031494e+01 1.2833827e+01 1.2688357e+01 1.2597041e+01 1.2494478e+01 1.2372663e+01 1.2283688e+01 1.2322283e+01 1.2341648e+01 1.2101768e+01 1.2134919e+01 1.2248569e+01 1.2303623e+01 1.2248582e+01 1.2082874e+01
