ahotovec/data/depth_0003.asc
ncols     164
nrows     146
xllcorner -1.242151388888889e+02
yllcorner  4.172986111111111e+01
cellsize  2.777777777820000e-04
nodata_value       -9999
[rows 88 to 109 of 146, columns 50 to 99 of 164]
0.0000000e+00 0.0000000e+00 0.0000000e+00 0.0000000e+00 0.0000000e+00 0.0000000e+00 6.2352822e-01 2.2394348e+00 2.3412468e+00 2.2974659e+00 2.4581304e+00 2.7438265e+00 3.1046954e+00 3.4373411e+00 3.7160858e+00 3.8782152e+00 4.2193854e+00 4.6927735e+00 4.9221393e+00 5.1663661e+00 5.1455295e+00 5.3353494e+00 5.3799833e+00 5.2802474e+00 5.4105175e+00 5.2967385e+00 5.4127146e+00 4.9551469e+00 3.8224919e+00 4.8505709e+00 5.1941540e+00 4.7794223e+00 4.9176333e+00 5.1561152e+00 5.2589182e+00 5.1520640e+00 5.2495355e+00 5.3169801e+00 5.3105575e+00 5.2497714e+00 5.3283083e+00 5.3318024e+00 5.2812750e+00 5.2780113e+00 5.3443662e+00 5.3854638e+00 5.6164769e+00 4.7514649e+00 4.7594143e+00 5.3419571e+00
8.8057015e-04 2.1929149e-01 4.3652002e-02 0.0000000e+00 0.0000000e+00 0.0000000e+00 0.0000000e+00 9.2329382e-04 2.1741797e+00 2.5275109e+00 2.6012736e+00 2.8018554e+00 3.1367625e+00 3.7224632e+00 3.9567898e+00 4.1865562e+00 4.5727722e+00 4.7937633e+00 4.8033125e+00 5.1840313e+00 5.5590505e+00 5.6746938e+00 5.5099488e+00 5.3739156e+00 5.3709261e+00 4.8601870e+00 4.4199147e+00 4.2334100e+00 3.9584906e+00 4.4894198e+00 4.9642424e+00 5.1337505e+00 5.2308531e+00 5.3254257e+00 5.4086977e+00 5.4232686e+00 5.4155349e+00 5.5065975e+00 5.5313755e+00 5.5429800e+00 5.5553337e+00 5.5618867e+00 5.6075452e+00 5.5441696e+00 5.5159755e+00 5.5298794e+00 5.6684370e+00 5.2519695e+00 4.9373811e+00 4.9004232e+00
2.1750851e+00 1.8338110e+00 9.3934329e-01 5.7505050e-01 0.0000000e+00 0.0000000e+00 0.0000000e+00 0.0000000e+00 0.0000000e+00 2.3616707e+00 2.7329767e+00 2.8187415e+00 3.0698551e+00 3.4940579e+00 3.7364618e+00 4.0491879e+00 4.3018052e+00 4.4875168e+00 4.5931164e+00 4.8156898e+00 5.0439924e+00 5.1212203e+00 4.9148642e+00 4.7696472e+00 4.6598271e+00 4.1165509e+00 3.6042345e+00 4.2077721e+00 4.6559293e+00 4.9610791e+00 5.2558229e+00 5.4202776e+00 5.5205213e+00 5.5426511e+00 5.5819318e+00 5.6470720e+00 5.6810319e+00 5.6887487e+00 5.7608615e+00 5.7835505e+00 5.7929100e+00 5.7518485e+00 5.8441016e+00 5.8667767e+00 5.8014609e+00 5.8053770e+00 5.7371277e+00 5.6818451e+00 5.1348504e+00 5.1373007e+00
2.1638629e+00 2.1820032e+00 1.9631060e+00 1.7255608e+00 0.0000000e+00 0.0000000e+00 0.0000000e+00 0.0000000e+00 0.0000000e+00 0.0000000e+00 2.5357605e+00 2.8966723e+00 2.9107801e+00 3.0943785e+00 3.0701858e+00 2.9827464e+00 3.6701223e+00 3.9437508e+00 4.0747661e+00 4.2061128e+00 4.2706814e+00 4.2171130e+00 4.0385988e+00 3.8702034e+00 3.9840883e+00 4.0554154e+00 4.1727567e+00 4.7091089e+00 5.1273674e+00 5.3620689e+00 5.5033600e+00 5.6178367e+00 5.6854519e+00 5.7517410e+00 5.7724710e+00 5.8235919e+00 5.8919886e+00 5.9347177e+00 5.9304630e+00 5.9982133e+00 5.9832603e+00 5.9831916e+00 6.0939260e+00 6.1067296e+00 6.0675805e+00 6.0617361e+00 5.9930486e+00 5.8869845e+00 5.7564520e+00 5.6705221e+00
2.0576663e+00 2.2053970e+00 1.2888720e+00 2.1267138e+00 1.3291221e+00 0.0000000e+00 0.0000000e+00 0.0000000e+00 0.0000000e+00 0.0000000e+00 0.0000000e+00 2.4899437e+00 2.8886090e+00 2.9704451e+00 1.3367153e+00 0.0000000e+00 2.9081474e+00 3.4275642e+00 3.5183094e+00 3.5853491e+00 3.5238506e+00 3.3906440e+00 3.3057924e+00 3.2238175e+00 3.7523964e+00 4.3685937e+00 4.7618083e+00 5.1156218e+00 5.4351808e+00 5.6194571e+00 5.7248243e+00 5.7754245e+00 5.8304883e+00 5.8836921e+00 5.9279240e+00 5.9776684e+00 6.0449099e+00 6.1140038e+00 6.1518726e+00 6.1381144e+00 6.1563902e+00 6.1947392e+00 6.2852441e+00 6.2666983e+00 6.2795017e+00 6.2107603e+00 6.0711099e+00 5.9109877e+00 5.7103883e+00 5.5950255e+00
1.8853427e+00 2.0309981e+00 2.1800820e+00 2.4234686e+00 2.2831174e+00 8.2423828e-04 0.0000000e+00 0.0000000e+00 0.0000000e+00 7.2384142e-01 0.0000000e+00 0.0000000e+00 2.1004799e+00 2.6812766e+00 1.9602877e+00 1.8953648e+00 2.9833352e+00 3.0650436e+00 3.1230541e+00 3.1277418e+00 3.0093596e+00 2.9495514e+00 3.3384728e+00 3.7065776e+00 4.3622060e+00 4.9112906e+00 5.3023553e+00 5.5199650e+00 5.6684501e+00 5.7794218e+00 5.8765427e+00 5.9576051e+00 5.9851962e+00 6.0316629e+00 6.0859182e+00 6.1109473e+00 6.1720255e+00 6.2394503e+00 6.2496045e+00 6.2846001e+00 6.3502208e+00 6.4109558e+00 6.4473445e+00 6.4455085e+00 6.4099885e+00 6.3032605e+00 6.0385783e+00 5.6173908e+00 5.3063483e+00 5.1305372e+00
1.9205432e+00 2.0790155e+00 2.3833233e+00 2.4054541e+00 2.3893829e+00 1.5886103e+00 0.0000000e+00 0.0000000e+00 1.7553076e+00 2.4550782e+00 2.0372787e+00 0.0000000e+00 0.0000000e+00 0.0000000e+00 1.3037537e+00 3.1143702e+00 2.8904882e+00 2.9178192e+00 2.9618463e+00 2.9500493e+00 2.9466948e+00 3.4345427e+00 4.0610702e+00 4.6199002e+00 5.0237931e+00 5.3338334e+00 5.5916741e+00 5.7923598e+00 5.8999003e+00 5.9328547e+00 5.9977168e+00 6.0759869e+00 6.1502968e+00 6.1758685e+00 6.2319776e+00 6.2756613e+00 6.3188247e+00 6.3344215e+00 6.3659975e+00 6.4540564e+00 6.5263368e+00 6.5766750e+00 6.6275188e+00 6.6277521e+00 6.6084550e+00 6.4498723e+00 5.6574200e+00 4.8870292e+00 4.6835885e+00 4.4610763e+00
2.1394543e+00 2.2369797e+00 2.3379185e+00 2.3942018e+00 2.4482024e+00 2.3031464e+00 1.0671420e+00 0.0000000e+00 1.2472140e+00 2.7219123e+00 1.4498048e+00 1.5239020e+00 0.0000000e+00 0.0000000e+00 6.9331198e-04 3.0273019e+00 2.9201126e+00 2.9521765e+00 2.9822331e+00 3.2310526e+00 3.5812296e+00 4.2168766e+00 4.7720531e+00 5.1289291e+00 5.4434923e+00 5.6347201e+00 5.8014157e+00 5.9359644e+00 6.0570528e+00 6.1182477e+00 6.1439416e+00 6.1968682e+00 6.2677421e+00 6.3297179e+00 6.3688567e+00 6.4009822e+00 6.4047456e+00 6.4312537e+00 6.4801043e+00 6.5734606e+00 6.6650827e+00 6.7313839e+00 6.8172518e+00 6.8928230e+00 6.9974368e+00 6.9164518e+00 5.0006945e+00 3.5368464e+00 3.3502859e+00 3.6738156e+00
2.3363164e+00 2.4017945e+00 2.4370120e+00 2.4662206e+00 2.4723896e+00 2.4638952e+00 2.1779693e+00 3.5778992e-01 0.0000000e+00 1.8573621e+00 2.2214633e+00 2.3350223e+00 1.6668286e+00 1.5339192e+00 2.5642129e+00 3.0956390e+00 3.1840054e+00 3.2533835e+00 3.3178593e+00 3.8704786e+00 4.5606233e+00 4.9988928e+00 5.2428390e+00 5.4532692e+00 5.6512204e+00 5.8333476e+00 5.9425808e+00 6.0539852e+00 6.1409965e+00 6.2225771e+00 6.2690921e+00 6.3102016e+00 6.3706850e+00 6.4074492e+00 6.4227005e+00 6.4453446e+00 6.4755174e+00 6.4949059e+00 6.5579089e+00 6.6509681e+00 6.7304232e+00 6.8235672e+00 6.9264226e+00 7.0549300e+00 7.1992529e+00 6.5395526e+00 3.5615764e-01 0.0000000e+00 1.2905558e-01 1.2153032e+00
2.5378805e+00 2.5638644e+00 2.5774683e+00 2.5804968e+00 2.5589665e+00 2.4914745e+00 2.4726415e+00 2.1292271e+00 0.0000000e+00 0.0000000e+00 2.1965874e+00 2.5985961e+00 2.8947826e+00 3.1519946e+00 3.1566684e+00 3.3134933e+00 3.6318509e+00 3.8698798e+00 4.0774435e+00 4.5675891e+00 5.0141549e+00 5.3403296e+00 5.5773438e+00 5.6658090e+00 5.8017716e+00 5.9307361e+00 6.0484553e+00 6.1347621e+00 6.2030609e+00 6.2822975e+00 6.3321215e+00 6.3775591e+00 6.4199367e+00 6.4027476e+00 6.4730377e+00 6.5114271e+00 6.5771846e+00 6.5946219e+00 6.6529223e+00 6.7060221e+00 6.7794978e+00 6.8693270e+00 6.9352713e+00 6.9814532e+00 6.9446947e+00 6.5803267e+00 4.5622271e+00 3.2053839e+00 1.6690179e+00 4.6224577e-01
2.7892256e+00 2.7774956e+00 2.7601328e+00 2.7302463e+00 2.6631682e+00 2.5841230e+00 2.5228946e+00 2.5806773e+00 1.6004258e+00 0.0000000e+00 1.3632351e+00 2.9636768e+00 2.7575183e+00 2.9389138e+00 3.1998170e+00 3.5109799e+00 3.8955551e+00 4.1164267e+00 4.3453462e+00 4.8242736e+00 5.1894202e+00 5.5340735e+00 5.7641203e+00 5.8420368e+00 5.8963092e+00 5.9986967e+00 6.0847680e+00 6.1912237e+00 6.2511906e+00 6.3299104e+00 6.3880675e+00 6.4113987e+00 6.3914989e+00 6.4797914e+00 6.5478191e+00 6.5783866e+00 6.6608926e+00 6.6756950e+00 6.7240667e+00 6.7697314e+00 6.8345602e+00 6.8886314e+00 6.9061109e+00 6.8588257e+00 6.7458382e+00 6.4955149e+00 6.1471022e+00 5.8231314e+00 5.6012517e+00 5.2979110e+00
3.0437854e+00 2.9893149e+00 2.9579234e+00 2.8902320e+00 2.7867850e+00 2.7047505e+00 2.5928204e+00 2.5668412e+00 2.3304982e+00 9.3155363e-04 0.0000000e+00 2.2890650e+00 2.8202167e+00 3.0745619e+00 3.2813353e+00 3.5872403e+00 3.8428347e+00 4.0362118e+00 4.5615753e+00 4.9431675e+00 5.2889267e+00 5.5847484e+00 5.7797291e+00 5.8465375e+00 5.9350511e+00 6.0301080e+00 6.1183358e+00 6.2085638e+00 6.3017158e+00 6.3548313e+00 6.4087197e+00 6.4524674e+00 6.4544900e+00 6.5209551e+00 6.6052451e+00 6.6480640e+00 6.7212160e+00 6.7389914e+00 6.7812186e+00 6.8319845e+00 6.8759834e+00 6.9051007e+00 6.8808812e+00 6.8082967e+00 6.7240529e+00 6.5396758e+00 6.3752389e+00 6.3513856e+00 6.1977126e+00 6.0382482e+00
3.2835495e+00 3.1895819e+00 3.1387192e+00 3.0269243e+00 2.8844059e+00 2.7845071e+00 2.6664698e+00 2.5711255e+00 2.4677615e+00 1.5910108e+00 0.0000000e+00 0.0000000e+00 2.3910869e+00 3.0964546e+00 3.3166436e+00 3.6617810e+00 4.0076172e+00 4.2680321e+00 4.7396727e+00 5.0505159e+00 5.3177229e+00 5.5337383e+00 5.6775449e+00 5.8177020e+00 5.9542585e+00 6.0578899e+00 6.1538231e+00 6.2413545e+00 6.3286126e+00 6.4146083e+00 6.4637106e+00 6.4647582e+00 6.5097098e+00 6.5643242e+00 6.6428201e+00 6.7055292e+00 6.7780888e+00 6.7959888e+00 6.8334408e+00 6.8751310e+00 6.9261790e+00 6.9159539e+00 6.8789131e+00 6.8104530e+00 6.7877371e+00 6.7765352e+00 6.6634140e+00 6.4994231e+00 6.3451085e+00 6.3142083e+00
3.6546762e+00 3.5131205e+00 3.3898014e+00 3.2165465e+00 3.0304570e+00 2.8906002e+00 2.7561952e+00 2.6377578e+00 2.5838000e+00 2.5788944e+00 1.3395872e+00 0.0000000e+00 1.2479549e+00 3.2590082e+00 3.3005072e+00 3.7271048e+00 4.1848447e+00 4.5223817e+00 4.7574144e+00 5.1028906e+00 5.3349062e+00 5.4894326e+00 5.6557879e+00 5.7980694e+00 5.9403583e+00 6.0685958e+00 6.1615078e+00 6.2636648e+00 6.3589721e+00 6.4470742e+00 6.4902203e+00 6.4830966e+00 6.5517449e+00 6.6082406e+00 6.6956833e+00 6.7584411e+00 6.8140480e+00 6.8182946e+00 6.8605709e+00 6.9252575e+00 6.9383774e+00 6.9375021e+00 6.9125380e+00 6.8505519e+00 6.8764754e+00 6.8893479e+00 6.8185225e+00 6.6608037e+00 6.6191104e+00 6.5605335e+00
4.1220495e+00 3.9094103e+00 3.7150117e+00 3.4852263e+00 3.2448009e+00 3.0279468e+00 2.8646338e+00 2.7406978e+00 2.6256045e+00 2.6341894e+00 2.2400387e+00 0.0000000e+00 0.0000000e+00 2.9713852e+00 3.2738067e+00 3.6469265e+00 4.1143741e+00 4.5358635e+00 4.8258119e+00 5.0343939e+00 5.2689676e+00 5.4648994e+00 5.6237318e+00 5.7930054e+00 5.9248502e+00 6.0505126e+00 6.1767239e+00 6.2861348e+00 6.3780870e+00 6.4404219e+00 6.4760640e+00 6.5337389e+00 6.6078012e+00 6.6519858e+00 6.7225415e+00 6.7780158e+00 6.8443166e+00 6.8421419e+00 6.8736411e+00 6.9410641e+00 6.9713727e+00 6.9772427e+00 6.9674715e+00 6.8891419e+00 6.8748868e+00 6.8920494e+00 6.8701938e+00 6.8617913e+00 6.8209066e+00 6.7431461e+00
4.5493376e+00 4.2707617e+00 4.0138218e+00 3.7040606e+00 3.3920441e+00 3.1222734e+00 2.9202035e+00 2.7875582e+00 2.6845325e+00 2.6316227e+00 2.4948360e+00 1.0368535e+00 0.0000000e+00 5.3154808e-01 3.3137989e+00 3.4838765e+00 3.9411523e+00 4.3633262e+00 4.7040183e+00 5.0225018e+00 5.1680299e+00 5.3815146e+00 5.5835757e+00 5.7453870e+00 5.9067612e+00 6.0307275e+00 6.1665487e+00 6.2945256e+00 6.3774562e+00 6.3831035e+00 6.4836224e+00 6.6104606e+00 6.6450297e+00 6.6483532e+00 6.7372315e+00 6.7833193e+00 6.8446393e+00 6.8865882e+00 6.8916498e+00 6.9292324e+00 6.9842167e+00 7.0006936e+00 7.0186145e+00 6.9739368e+00 6.9762459e+00 7.0012038e+00 6.9796225e+00 6.9602626e+00 6.9177636e+00 6.8023324e+00
4.9854556e+00 4.6047593e+00 4.2816503e+00 3.8719447e+00 3.4785925e+00 3.1631971e+00 2.9428821e+00 2.8071791e+00 2.7236247e+00 2.6505867e+00 2.5924629e+00 2.5394774e+00 9.3899220e-02 0.0000000e+00 2.2885288e+00 3.3974578e+00 3.7097778e+00 4.1313521e+00 4.4581770e+00 4.8454964e+00 5.1147555e+00 5.2381227e+00 5.4897946e+00 5.6602782e+00 5.8185544e+00 5.9963114e+00 6.1200079e+00 6.2591245e+00 6.3569473e+00 6.3659821e+00 6.5229687e+00 6.6315789e+00 6.6673574e+00 6.6694397e+00 6.7301325e+00 6.8070888e+00 6.8522851e+00 6.9321493e+00 6.9248776e+00 6.9480324e+00 6.9990769e+00 7.0397936e+00 7.0576899e+00 7.0487886e+00 7.0697495e+00 7.0845209e+00 7.0456437e+00 6.9967765e+00 6.9496294e+00 6.8932194e+00
5.4731674e+00 4.9980215e+00 4.5641380e+00 4.0461122e+00 3.5386545e+00 3.1538942e+00 2.9254949e+00 2.8519516e+00 2.8352872e+00 2.7410840e+00 2.6715508e+00 2.7316997e+00 2.2855584e+00 0.0000000e+00 0.0000000e+00 3.1023223e+00 3.5356258e+00 3.8546058e+00 4.1970913e+00 4.5929354e+00 4.9307781e+00 5.1641183e+00 5.3149697e+00 5.5587515e+00 5.7263886e+00 5.8893876e+00 6.0598636e+00 6.1988204e+00 6.3228454e+00 6.3728782e+00 6.5322449e+00 6.6465718e+00 6.7113559e+00 6.6949251e+00 6.7513347e+00 6.8192837e+00 6.8731219e+00 6.9376840e+00 6.9153470e+00 6.9827655e+00 7.0363539e+00 7.0769711e+00 7.0928454e+00 7.1020728e+00 7.1132301e+00 7.1196612e+00 7.0820891e+00 7.0576949e+00 7.0288640e+00 6.9912489e+00
6.0017460e+00 5.4477318e+00 4.8890251e+00 4.2128331e+00 3.5411329e+00 3.0191629e+00 2.7745771e+00 2.6439471e+00 2.3514154e+00 2.7894994e+00 2.8703606e+00 2.8099439e+00 2.7262771e+00 1.0011797e+00 0.0000000e+00 8.9207176e-04 3.3609033e+00 3.5711517e+00 3.9339881e+00 4.3850419e+00 4.7898509e+00 5.1334883e+00 5.2080558e+00 5.3395930e+00 5.5477482e+00 5.7425320e+00 5.9653861e+00 6.1038919e+00 6.2560652e+00 6.3549241e+00 6.4718933e+00 6.6114856e+00 6.7292458e+00 6.7419321e+00 6.7784841e+00 6.8573022e+00 6.8881458e+00 6.9579471e+00 6.9482448e+00 7.0052846e+00 7.0514846e+00 7.1061909e+00 7.1346931e+00 7.1380065e+00 7.1339170e+00 7.1379076e+00 7.1457911e+00 7.1124298e+00 7.0861956e+00 7.0578805e+00
6.5930161e+00 5.9883949e+00 5.2971226e+00 4.3902670e+00 3.4967872e+00 2.6541233e+00 1.8064489e+00 1.7408115e+00 2.6045127e-01 2.5477301e+00 3.2004585e+00 3.1140059e+00 2.9895671e+00 2.3811929e+00 0.0000000e+00 0.0000000e+00 2.6658113e+00 3.3746585e+00 3.6736415e+00 4.1183832e+00 4.5666962e+00 4.9682761e+00 5.1762585e+00 5.2192206e+00 5.3426243e+00 5.5435267e+00 5.7729838e+00 5.9884745e+00 6.1645143e+00 6.3342417e+00 6.5049454e+00 6.5601632e+00 6.6729509e+00 6.7252089e+00 6.8013557e+00 6.8710451e+00 6.9079422e+00 6.9887159e+00 6.9871591e+00 7.0583231e+00 7.1185448e+00 7.1475301e+00 7.1871979e+00 7.1784642e+00 7.1516949e+00 7.1525383e+00 7.1824705e+00 7.1639021e+00 7.1038762e+00 7.0773784e+00
7.2989615e+00 6.6007420e+00 5.7870362e+00 4.6574640e+00 3.4881372e+00 2.4402113e+00 1.7079967e+00 2.2418430e+00 2.1038000e+00 2.8283801e+00 3.6177544e+00 3.5988231e+00 3.4065968e+00 2.8858443e+00 1.4657908e+00 0.0000000e+00 0.0000000e+00 3.4552823e+00 3.5296678e+00 3.8288521e+00 4.2845478e+00 4.6990169e+00 5.0187725e+00 5.1841234e+00 5.1474973e+00 5.2303087e+00 5.4556176e+00 5.7355891e+00 5.9870073e+00 6.2882076e+00 6.5882343e+00 6.6324554e+00 6.6430584e+00 6.7120212e+00 6.7900841e+00 6.8739060e+00 6.9304257e+00 7.0126178e+00 7.0170541e+00 7.0622983e+00 7.1241616e+00 7.1796241e+00 7.2340932e+00 7.1924559e+00 7.1571588e+00 7.1402093e+00 7.1630360e+00 7.1710040e+00 7.1585448e+00 7.1096867e+00
7.9767035e+00 7.2294111e+00 6.3230428e+00 5.0220299e+00 3.6466902e+00 2.6965121e+00 2.5224456e+00 2.4696054e+00 1.0356000e+00 3.2507117e+00 4.1227153e+00 4.1544323e+00 3.9985499e+00 3.5379358e+00 2.9825963e+00 1.6523732e+00 0.0000000e+00 1.5141668e+00 3.3773395e+00 3.5983332e+00 4.0286328e+00 4.4439913e+00 4.7765406e+00 5.0121728e+00 5.0704125e+00 4.9555285e+00 5.0402072e+00 5.3474519e+00 5.6915810e+00 6.0279015e+00 6.1685549e+00 6.4433525e+00 6.5748846e+00 6.6120246e+00 6.7314582e+00 6.8381933e+00 6.9250882e+00 7.0176971e+00 7.0499143e+00 7.1001523e+00 7.1497687e+00 7.2050567e+00 7.2510756e+00 7.1643530e+00 7.1143859e+00 7.0762353e+00 7.0961081e+00 7.1244733e+00 7.1481590e+00 7.1579384e+00
