ahotovec/data/depth_0050.asc
ncols     164
nrows     146
xllcorner -1.242151388888889e+02
yllcorner  4.172986111111111e+01
cellsize  2.777777777820000e-04
nodata_value       -9999
[rows 88 to 109 of 146, columns 100 to 149 of 164]
8.0109843e+00 7.0264388e+00 6.0394402e+00 6.4800813e+00 6.2107874e+00 5.5089879e+00 5.2884655e+00 5.1945833e+00 5.4736555e+00 6.9211047e+00 7.2956124e+00 6.3401033e+00 4.8796242e+00 4.4088003e+00 1.5911667e+00 1.6795083e+00 4.8778361e+00 5.9985076e+00 3.7205543e+00 1.5223390e+00 3.7783449e-01 1.0337478e-01 6.9581043e-02 3.5762691e-01 6.4244685e-01 8.8140049e-01 8.5514105e-01 7.7697574e-01 6.3795077e-01 4.2629468e-01 4.8261103e-01 4.7867930e-01 1.4923307e+00 2.3124713e+00 2.4561211e+00 2.1961487e+00 1.9245251e+00 5.6612262e-01 7.2410364e-02 1.6024501e-02 7.8775135e-02 3.4055988e-01 4.7899206e-01 3.0572098e-01 3.8881468e-01 2.2033053e-02 9.7413053e-04 6.7568804e-01 5.7061853e-01 6.3032413e-01
8.1026879e+00 7.8161598e+00 6.7440160e+00 6.4588087e+00 6.3064000e+00 6.0959559e+00 6.0344344e+00 6.7646125e+00 6.5292878e+00 6.5913448e+00 6.0682445e+00 6.1983965e+00 6.6645974e+00 6.9350434e+00 6.0892685e+00 5.4557964e+00 5.6040149e+00 6.1742734e+00 6.4514770e+00 5.1132993e+00 3.5115185e+00 1.2203050e+00 1.9900616e-01 4.8440990e-01 3.5833198e-01 6.1185014e-01 8.0653046e-01 8.8896229e-01 1.0120873e+00 1.0469684e+00 1.0582472e+00 1.8570801e+00 2.8972393e+00 2.9302975e+00 2.9751693e+00 2.9005697e+00 2.6016006e+00 2.0152318e+00 5.0444177e-01 8.4285660e-04 9.4706995e-04 1.4314989e-01 1.5505142e-01 1.3731559e-01 2.7934190e-01 3.1264488e-01 3.3377905e-01 3.5652759e-01 2.9380648e-01 3.5434237e-01
7.5432196e+00 7.5521648e+00 7.3229397e+00 7.1636809e+00 7.1118285e+00 7.4898950e+00 7.8064168e+00 7.5137767e+00 5.5952280e+00 5.1744008e+00 4.9257291e+00 5.2240831e+00 7.6139038e+00 8.0370207e+00 7.5946875e+00 7.4192428e+00 6.8741885e+00 6.5975699e+00 6.5757027e+00 6.4259483e+00 6.3233272e+00 5.7998274e+00 3.7186486e+00 7.8901400e-01 2.5898910e-01 6.0384966e-01 9.2906859e-01 9.7787254e-01 1.0051325e+00 1.1025707e+00 1.8223075e+00 3.0204996e+00 3.0925042e+00 3.1453087e+00 3.1205132e+00 3.0334058e+00 2.9166932e+00 2.6984180e+00 1.9308696e+00 9.0041641e-01 7.8052587e-01 7.5760835e-01 9.2270264e-01 2.4941206e-01 8.0335956e-04 9.4570650e-04 4.5856245e-02 3.8574332e-02 5.1032040e-02 7.5409344e-02
7.9830306e+00 8.1199816e+00 7.9821283e+00 7.9109242e+00 8.1444823e+00 7.7948395e+00 7.8255989e+00 8.2717223e+00 6.3081970e+00 5.4851119e+00 5.9900642e+00 5.0077000e+00 4.6963364e+00 6.8941863e+00 8.0701495e+00 7.7455613e+00 7.3046203e+00 7.2243782e+00 6.9769726e+00 6.6334640e+00 6.6590863e+00 6.4114966e+00 5.7080182e+00 5.5358200e+00 3.8811866e+00 5.8801490e-01 8.3085951e-01 9.8565950e-01 9.7692414e-01 1.7552215e+00 3.0128909e+00 3.1184805e+00 3.1553723e+00 3.2077580e+00 3.1094214e+00 3.0366142e+00 2.9767810e+00 2.9373086e+00 2.8245136e+00 2.6551165e+00 2.4682638e+00 2.2483313e+00 1.9528567e+00 1.6096665e+00 1.2632671e+00 8.7145316e-01 5.6492476e-01 7.8565181e-04 1.8783676e-02 1.4113446e-01
7.9959685e+00 8.0702437e+00 8.1252527e+00 8.3765353e+00 8.1658341e+00 7.7597971e+00 7.5782196e+00 7.6629615e+00 7.7687794e+00 6.7998383e+00 5.9581902e+00 6.6183859e+00 5.8070600e+00 7.3163349e+00 8.0043112e+00 7.8302606e+00 7.5219329e+00 7.5143907e+00 6.7296334e+00 6.5663515e+00 6.6515233e+00 6.0336858e+00 5.8995917e+00 6.2965485e+00 4.8570974e+00 1.0420816e+00 8.4953884e-01 8.8098640e-01 1.6701680e+00 2.7996765e+00 2.9521410e+00 3.0327971e+00 3.0894132e+00 3.1862308e+00 3.2403392e+00 3.1028761e+00 2.9806295e+00 2.8912556e+00 2.8354718e+00 2.7962124e+00 2.7976737e+00 2.7204691e+00 2.6871076e+00 2.6186890e+00 2.5542788e+00 2.5298383e+00 2.3604039e+00 2.0770944e+00 1.6871318e+00 8.4886493e-01
7.5053608e+00 7.5885934e+00 7.7646856e+00 8.0715145e+00 8.2331267e+00 7.6203772e+00 7.2247352e+00 7.6209065e+00 8.0565452e+00 8.5726793e+00 7.8236700e+00 8.1305268e+00 8.8153537e+00 8.8055986e+00 8.5586665e+00 8.0978319e+00 7.4423064e+00 6.9844081e+00 6.8057082e+00 6.6091446e+00 6.5194834e+00 5.0469723e+00 2.6143962e+00 3.8639480e+00 1.0499526e+00 5.5861221e-01 1.0202131e+00 1.7624242e+00 2.7731608e+00 2.8646650e+00 2.9171481e+00 2.8918168e+00 2.8751058e+00 2.8741365e+00 2.8763277e+00 2.9339104e+00 3.0115142e+00 3.0218005e+00 3.0597105e+00 3.0517038e+00 3.0118882e+00 2.9380364e+00 2.8971677e+00 2.8376648e+00 2.7701410e+00 2.6755761e+00 2.6396935e+00 2.6303322e+00 2.6394411e+00 2.5897588e+00
6.9637172e+00 7.2329337e+00 7.5044642e+00 7.8455024e+00 8.2471948e+00 8.5144934e+00 2.7288296e+00 4.9210435e+00 6.9967463e+00 9.0632448e+00 9.0277343e+00 8.7941690e+00 8.8751678e+00 9.0037212e+00 8.7737225e+00 8.4812213e+00 7.7516908e+00 7.1915673e+00 7.0295271e+00 6.8321835e+00 6.2689802e+00 5.6730003e+00 4.2654427e+00 5.3618590e-01 5.7210267e-01 8.4734564e-01 1.9267684e+00 4.7147318e+00 4.8920399e+00 4.2661439e+00 4.2005632e+00 3.8727658e+00 3.7327154e+00 3.7595152e+00 3.6213455e+00 3.5563461e+00 3.3656045e+00 3.3273001e+00 3.2815045e+00 3.2571987e+00 3.1554865e+00 3.1429134e+00 3.1623963e+00 3.2141557e+00 3.2954530e+00 3.2336109e+00 3.0856852e+00 2.9790245e+00 2.8563688e+00 2.7058744e+00
6.6277787e+00 6.9405632e+00 7.2802863e+00 7.6345828e+00 8.0517390e+00 8.6078673e+00 8.4504730e+00 7.5190408e+00 6.9222717e+00 8.3903620e+00 9.3653488e+00 9.5044077e+00 9.3169535e+00 9.0740357e+00 8.8657157e+00 8.6694441e+00 8.4399666e+00 8.0974282e+00 7.5877233e+00 6.9609970e+00 6.7108472e+00 4.7332035e+00 1.1909547e+00 4.5156059e-01 8.1551685e-01 1.7025390e+00 4.4763103e+00 6.8070489e+00 6.5767189e+00 6.2518569e+00 6.2701096e+00 6.2169892e+00 6.1599725e+00 6.2439560e+00 6.1960318e+00 6.1305612e+00 5.9310851e+00 5.9739213e+00 5.9755643e+00 5.6177367e+00 4.8274620e+00 4.4391011e+00 4.4048774e+00 4.5028246e+00 4.3645979e+00 4.3569199e+00 4.4070215e+00 4.5166315e+00 4.2973135e+00 3.9085038e+00
4.7746959e+00 5.3440523e+00 6.5868502e+00 7.5076035e+00 7.8482259e+00 8.3601875e+00 8.5891178e+00 8.4058229e+00 7.5456563e+00 6.9988342e+00 8.4521335e+00 9.2495019e+00 9.5684274e+00 9.2112845e+00 9.0381004e+00 8.9725174e+00 8.6932327e+00 8.3587878e+00 8.0329696e+00 7.1380135e+00 5.3055024e+00 1.5456369e+00 4.1305293e-01 8.5736303e-01 1.8475990e+00 5.2037349e+00 6.5336743e+00 6.7361015e+00 6.7044800e+00 6.6542073e+00 6.8027865e+00 6.8381282e+00 6.7209178e+00 6.6999437e+00 6.8251625e+00 6.8296608e+00 6.8720409e+00 6.8693000e+00 6.9402143e+00 6.8415401e+00 6.6455097e+00 6.4925228e+00 6.5181017e+00 6.5347095e+00 6.5068457e+00 6.5093990e+00 6.5353206e+00 6.5385287e+00 6.4674331e+00 6.3088690e+00
2.0277408e+00 9.5815573e-01 1.8385315e+00 6.2547742e+00 7.5980292e+00 8.2922666e+00 8.6046196e+00 8.6979744e+00 8.5484560e+00 7.5339872e+00 7.6758421e+00 8.6163883e+00 9.0348817e+00 9.0430660e+00 9.0375665e+00 9.0008353e+00 8.5453980e+00 7.8823268e+00 7.5523225e+00 6.2051106e+00 2.3588046e+00 3.2493283e-01 8.3032662e-01 1.5567253e+00 5.1538116e+00 7.0294403e+00 7.1063947e+00 7.1814089e+00 7.1044317e+00 7.0204576e+00 7.0559924e+00 7.0525150e+00 6.9219109e+00 6.8921231e+00 6.9910220e+00 7.0553881e+00 7.0903721e+00 7.1044659e+00 7.2096412e+00 7.1855255e+00 7.1400416e+00 7.0679569e+00 7.0223731e+00 6.9740651e+00 6.9557188e+00 6.9571488e+00 6.9678886e+00 6.9617045e+00 6.9423986e+00 6.8700975e+00
7.4686989e+00 6.3994596e+00 2.1253027e+00 2.1319814e+00 5.4933311e+00 7.9741082e+00 8.7791615e+00 8.8404715e+00 8.8233017e+00 8.3794965e+00 7.5904345e+00 7.7459067e+00 8.9269897e+00 9.0656362e+00 8.8918444e+00 8.7521097e+00 8.3680141e+00 7.6993533e+00 6.5223303e+00 2.7886916e+00 3.0577297e-01 6.8720945e-01 1.3968922e+00 4.8335130e+00 6.6721809e+00 6.9495292e+00 7.3655131e+00 7.5908739e+00 7.5042026e+00 7.5020143e+00 7.4702351e+00 7.2862794e+00 7.1093136e+00 7.1162498e+00 7.3024318e+00 7.3900739e+00 7.3969447e+00 7.4680491e+00 7.6682556e+00 7.5321350e+00 7.3895368e+00 7.2461464e+00 7.1390737e+00 7.0287853e+00 6.9867460e+00 7.0103350e+00 7.0534650e+00 7.0542719e+00 7.0384909e+00 6.9788304e+00
8.4016729e+00 8.2391222e+00 7.2370035e+00 2.6458498e+00 2.2722415e+00 6.8930090e+00 8.7272783e+00 8.7675454e+00 8.4418613e+00 7.9855017e+00 7.5672595e+00 8.0026251e+00 9.8957378e+00 9.4701086e+00 8.8228801e+00 8.6026032e+00 8.2145994e+00 6.5202635e+00 3.1109880e+00 3.7092142e-01 8.0680261e-01 1.3781395e+00 4.6015688e+00 6.8379783e+00 6.7965353e+00 6.8489545e+00 7.2934101e+00 7.4759552e+00 7.6865926e+00 7.9134597e+00 7.8926605e+00 7.6735574e+00 7.4084248e+00 7.3834812e+00 7.6346431e+00 7.7839668e+00 7.8714194e+00 7.8862928e+00 7.9780452e+00 7.8242661e+00 7.6188048e+00 7.4871011e+00 7.3214742e+00 7.1504291e+00 7.0635439e+00 7.0991051e+00 7.1784900e+00 7.2326734e+00 7.2309023e+00 7.1805106e+00
8.8583667e+00 8.6038369e+00 8.1416807e+00 6.9618575e+00 1.9251255e+00 2.5215744e+00 7.7900589e+00 8.6168807e+00 8.1008210e+00 7.8868877e+00 7.6690730e+00 8.6707963e+00 9.7284660e+00 9.4237282e+00 8.8298958e+00 8.5640515e+00 7.5178076e+00 3.1493239e+00 3.3425412e-01 8.5635949e-01 1.2018533e+00 4.2728892e+00 6.5886314e+00 6.9401098e+00 6.9194390e+00 6.9839108e+00 7.1964660e+00 7.4529629e+00 8.0618363e+00 8.1537947e+00 8.0746937e+00 7.9222121e+00 7.7374874e+00 7.6806666e+00 7.8078434e+00 8.0009369e+00 8.2181167e+00 8.1245456e+00 8.0303957e+00 7.9606786e+00 7.8317977e+00 7.7180345e+00 7.4865294e+00 7.3639311e+00 7.2004113e+00 7.1753661e+00 7.3167859e+00 7.3965143e+00 7.4023282e+00 7.3447734e+00
9.0013512e+00 8.8234029e+00 8.5239667e+00 8.0798996e+00 6.6486321e+00 1.4957074e+00 2.5684103e+00 5.9418542e+00 8.4252162e+00 7.7459111e+00 7.3176471e+00 7.8336095e+00 9.0283385e+00 9.0161798e+00 8.3045518e+00 7.8999389e+00 3.7290452e+00 2.0365726e-01 8.0426469e-01 1.2337765e+00 3.5698383e+00 6.3945070e+00 6.9505932e+00 6.9447307e+00 6.9142501e+00 6.9924035e+00 7.4039977e+00 7.8149543e+00 8.0061117e+00 8.1862841e+00 8.2761379e+00 8.0707906e+00 8.1236456e+00 8.0490104e+00 8.0346764e+00 8.1043317e+00 8.2213560e+00 8.2235636e+00 8.1901386e+00 8.3583930e+00 8.1862040e+00 7.9964312e+00 7.8047813e+00 7.6110542e+00 7.4599221e+00 7.4838650e+00 7.5926026e+00 7.6216464e+00 7.6659884e+00 7.5978097e+00
9.0991896e+00 8.9937799e+00 8.8074053e+00 8.4737181e+00 7.8643178e+00 5.3570680e+00 8.3652786e-01 1.2927875e+00 4.9118393e+00 6.0995724e+00 7.0814614e+00 7.1261075e+00 7.2085708e+00 7.8305661e+00 6.8436235e+00 3.6420937e+00 1.9031557e+00 1.0866370e+00 1.1932197e+00 3.3618918e+00 5.9237267e+00 6.4805884e+00 6.8631481e+00 7.2003744e+00 7.2920733e+00 7.4806536e+00 7.8941493e+00 8.1104617e+00 8.0539949e+00 8.4153407e+00 8.5049757e+00 8.2515047e+00 8.1951485e+00 8.3344346e+00 8.5063283e+00 8.6266367e+00 8.5339338e+00 8.3701776e+00 8.5384121e+00 9.1132087e+00 8.7288383e+00 8.4512703e+00 8.0640851e+00 7.9716823e+00 7.9946785e+00 8.0699966e+00 8.0722619e+00 8.0048418e+00 7.9665015e+00 7.9112778e+00
9.2306196e+00 9.1105113e+00 8.9599966e+00 8.7345644e+00 8.3406419e+00 7.7173231e+00 5.2528909e+00 5.0644574e-01 3.8185089e-01 1.0620568e+00 2.0538732e+00 4.7389418e+00 6.8317339e+00 7.0102451e+00 4.3411934e+00 4.1566980e+00 1.8772006e+00 1.2491470e+00 3.3174608e+00 5.8733281e+00 6.2771760e+00 6.5448241e+00 7.0887912e+00 7.4752732e+00 7.7775037e+00 7.9175172e+00 8.2061357e+00 8.2889307e+00 8.4877760e+00 8.8528601e+00 9.0577044e+00 8.6877236e+00 8.3346421e+00 8.8437871e+00 9.0865868e+00 9.2078265e+00 9.0006905e+00 8.8501823e+00 8.9359902e+00 9.0608719e+00 8.9210598e+00 8.7332149e+00 8.5103027e+00 8.4549862e+00 8.5486410e+00 8.6285903e+00 8.5051228e+00 8.3465989e+00 8.2440870e+00 8.1652771e+00
9.3309315e+00 9.2505154e+00 9.1191881e+00 8.9493976e+00 8.7401926e+00 8.3877870e+00 7.5279374e+00 3.9870194e+00 3.1055083e-04 5.7625998e-01 8.1959205e-01 1.0580912e+00 5.9346732e+00 3.9334962e+00 1.6231181e+00 3.0367454e+00 1.0962086e+00 2.7482872e+00 5.7807762e+00 6.5177405e+00 6.7745477e+00 7.1938670e+00 7.6909539e+00 7.9726833e+00 8.0439413e+00 8.1925256e+00 8.3841078e+00 8.4310675e+00 8.6316557e+00 9.2416377e+00 9.1887756e+00 8.9311830e+00 8.8796908e+00 9.2037317e+00 9.3154259e+00 9.1944838e+00 9.1341378e+00 9.2529608e+00 9.4362295e+00 9.3352183e+00 9.1892788e+00 9.0989604e+00 9.0349352e+00 8.9566003e+00 8.9736199e+00 8.9593972e+00 8.8180966e+00 8.6642601e+00 8.4894906e+00 8.3738241e+00
9.5004930e+00 9.3493125e+00 9.2843306e+00 9.1316468e+00 8.9524845e+00 8.5036247e+00 7.7199271e+00 5.0384624e+00 2.7079978e+00 3.1279241e-02 3.2324222e-01 8.5407459e-01 2.2813338e+00 4.9429815e-01 5.2856923e-01 1.1615581e+00 2.9536372e+00 5.5181931e+00 6.1217034e+00 6.7130135e+00 7.3702807e+00 7.7852671e+00 8.0912037e+00 8.1076022e+00 8.1205026e+00 8.4833116e+00 8.7479213e+00 8.6667719e+00 8.5157179e+00 9.1096742e+00 9.2558893e+00 9.2235072e+00 9.3917443e+00 9.3836948e+00 8.9393906e+00 8.4965073e+00 8.8105520e+00 9.1943518e+00 9.5027616e+00 9.4893063e+00 9.4406204e+00 9.4121852e+00 9.4788824e+00 9.4183403e+00 9.3662418e+00 9.2997901e+00 9.1907228e+00 9.0050347e+00 8.8866015e+00 8.6836552e+00
9.5907422e+00 9.5491771e+00 9.3863896e+00 9.2926413e+00 9.1169846e+00 8.9534888e+00 8.0711457e+00 5.8884348e+00 4.3750628e+00 1.0527097e+00 8.5381152e-04 1.3373412e-01 2.6617650e-01 5.1119654e-01 8.8542265e-01 2.9909045e+00 5.6497888e+00 6.0448294e+00 6.0537834e+00 6.5335035e+00 7.3043833e+00 7.9737570e+00 8.3403284e+00 8.4390056e+00 8.4420869e+00 8.7174924e+00 9.2446278e+00 9.0993246e+00 9.0963824e+00 9.4815702e+00 9.6153534e+00 9.6467781e+00 9.6713829e+00 9.4688919e+00 8.6326978e+00 7.7794835e+00 8.3209958e+00 8.9743132e+00 9.4701729e+00 9.6700242e+00 9.6790642e+00 9.5726266e+00 9.7110460e+00 9.7511137e+00 9.7359376e+00 9.6894539e+00 9.6199835e+00 9.4903264e+00 9.3116506e+00 9.0874838e+00
9.6434461e+00 9.6588423e+00 9.6222213e+00 9.3918380e+00 9.2723655e+00 9.2339248e+00 6.9497107e+00 4.5153375e+00 1.6551664e+00 9.7224724e-04 6.2025189e-03 8.2894159e-02 1.6021295e-01 4.0859582e-01 1.7708668e+00 4.7514385e+00 5.8410906e+00 5.6102895e+00 4.7456912e+00 3.0540439e+00 3.2544018e+00 7.1158812e+00 8.4137278e+00 8.7948813e+00 8.8757868e+00 8.7386186e+00 9.0604961e+00 9.2143792e+00 9.5127206e+00 9.8593383e+00 9.7751243e+00 9.6201089e+00 9.6681613e+00 9.6605479e+00 8.9974233e+00 8.2947722e+00 8.5054700e+00 8.9855481e+00 9.5223064e+00 9.8252128e+00 1.0055889e+01 9.9271802e+00 1.0014367e+01 1.0077974e+01 1.0080020e+01 1.0092888e+01 1.0159689e+01 9.9064109e+00 9.6563706e+00 9.5027960e+00
9.6575580e+00 9.7054641e+00 9.7530381e+00 9.7155028e+00 9.5422629e+00 9.1038057e+00 1.1064617e+00 0.0000000e+00 8.5107101e-04 9.7229550e-04 9.9944967e-04 0.0000000e+00 0.0000000e+00 2.2102571e-01 1.0987876e+00 2.4294883e+00 2.9557990e+00 2.0705222e+00 1.9889962e+00 2.8237345e+00 4.3825728e+00 7.3742228e+00 8.5933569e+00 9.1616863e+00 9.1050697e+00 8.9783490e+00 9.0149350e+00 9.1109326e+00 9.5745532e+00 9.7923428e+00 9.4755420e+00 8.8111016e+00 9.1542531e+00 9.4575296e+00 9.2218063e+00 8.9468604e+00 8.9624323e+00 9.1823486e+00 9.5642726e+00 9.8734468e+00 1.0121435e+01 1.0177757e+01 1.0262193e+01 1.0382521e+01 1.0401126e+01 1.0410527e+01 1.0422860e+01 1.0209170e+01 1.0029779e+01 9.8962941e+00
9.7042090e+00 9.7075632e+00 9.7977687e+00 9.8411009e+00 9.8636651e+00 9.5550226e+00 4.1404936e+00 9.3276836e-04 9.6835592e-04 9.1076040e-04 9.9921001e-04 0.0000000e+00 0.0000000e+00 1.2924960e+00 2.7701351e+00 5.0747469e+00 6.1194775e+00 5.6942943e+00 5.4495379e+00 6.7106010e+00 7.9559950e+00 8.5111246e+00 8.9094351e+00 9.1603490e+00 9.0745625e+00 9.1340347e+00 9.0807386e+00 9.0990574e+00 9.4113835e+00 9.6185332e+00 9.1636903e+00 7.9324695e+00 8.5477293e+00 9.2952867e+00 9.4623122e+00 9.4371094e+00 9.3752679e+00 9.3930548e+00 9.6563825e+00 9.9346870e+00 1.0137914e+01 1.0274385e+01 1.0411547e+01 1.0598851e+01 1.0620853e+01 1.0595617e+01 1.0566276e+01 1.0426435e+01 1.0292189e+01 1.0245769e+01
