ahotovec/data/depth_0033.asc
ncols     164
nrows     146
xllcorner -1.242151388888889e+02
yllcorner  4.172986111111111e+01
cellsize  2.777777777820000e-04
nodata_value       -9999
[rows 44 to 65 of 146, columns 100 to 149 of 164]
8.0074725e-01 7.9536877e-01 8.2427438e-01 1.3551333e+00 1.6966965e+00 1.3570524e+00 1.1442681e+00 1.1147410e+00 8.3389661e-01 7.6703772e-01 7.5076960e-01 7.2871905e-01 7.0437964e-01 6.9402271e-01 6.8517722e-01 7.4914670e-01 1.1808086e+00 1.8307392e+00 1.6462397e+00 1.0189945e+00 7.5154890e-01 7.2588415e-01 6.3854591e-01 4.9548700e-01 3.4481606e-01 1.7297603e-01 5.5767863e-03 9.9533078e-04 9.9876607e-04 9.9624982e-04 9.8633309e-04 9.9997394e-04 9.5575894e-04 0.0000000e+00 0.0000000e+00 0.0000000e+00 0.0000000e+00 0.0000000e+00 0.0000000e+00 0.0000000e+00 0.0000000e+00 0.0000000e+00 0.0000000e+00 0.0000000e+00 0.0000000e+00 0.0000000e+00 0.0000000e+00 0.0000000e+00 0.0000000e+00 0.0000000e+00
8.0369224e-01 8.1122724e-01 1.2581131e+00 1.7854661e+00 1.1847431e+00 9.4007000e-01 9.5963658e-01 8.4090291e-01 7.6896377e-01 7.6587910e-01 7.5323163e-01 7.3397619e-01 7.1657725e-01 7.0931178e-01 7.1449655e-01 9.8230770e-01 1.6447133e+00 1.8607438e+00 1.1994359e+00 7.9252764e-01 7.4682932e-01 7.2651205e-01 5.8862198e-01 4.4258175e-01 2.9419724e-01 1.0136804e-01 9.9792939e-04 9.9673939e-04 9.9874694e-04 0.0000000e+00 0.0000000e+00 0.0000000e+00 0.0000000e+00 0.0000000e+00 0.0000000e+00 0.0000000e+00 0.0000000e+00 0.0000000e+00 0.0000000e+00 0.0000000e+00 0.0000000e+00 0.0000000e+00 0.0000000e+00 0.0000000e+00 0.0000000e+00 0.0000000e+00 0.0000000e+00 0.0000000e+00 0.0000000e+00 0.0000000e+00
8.2114936e-01 1.0933091e+00 1.7700956e+00 1.6613345e+00 9.6661845e-01 8.9851661e-01 8.4050515e-01 7.8399882e-01 7.8480155e-01 7.7402981e-01 7.5879212e-01 7.3818404e-01 7.2967294e-01 7.4012574e-01 8.9072798e-01 1.3733697e+00 1.9603241e+00 1.4868318e+00 9.0306359e-01 7.5110990e-01 7.6402481e-01 7.2509980e-01 5.9760400e-01 4.3646305e-01 2.6919917e-01 6.8064164e-02 9.9732138e-04 9.9605186e-04 9.9938701e-04 0.0000000e+00 0.0000000e+00 0.0000000e+00 0.0000000e+00 0.0000000e+00 0.0000000e+00 0.0000000e+00 0.0000000e+00 0.0000000e+00 0.0000000e+00 0.0000000e+00 0.0000000e+00 0.0000000e+00 0.0000000e+00 0.0000000e+00 0.0000000e+00 0.0000000e+00 0.0000000e+00 0.0000000e+00 0.0000000e+00 0.0000000e+00
1.2727768e+00 1.8244833e+00 1.8798001e+00 1.3117859e+00 9.4644283e-01 8.8204409e-01 8.1166092e-01 8.0035264e-01 7.9599478e-01 7.8133018e-01 7.6147097e-01 7.4488250e-01 7.9843671e-01 1.1012101e+00 1.5430484e+00 1.9040114e+00 1.6805426e+00 1.0794371e+00 7.7905253e-01 7.5928212e-01 7.7737776e-01 7.8010373e-01 7.0472589e-01 5.3570149e-01 3.2743239e-01 1.2763014e-01 9.9734616e-04 9.9729294e-04 9.9817111e-04 0.0000000e+00 0.0000000e+00 0.0000000e+00 0.0000000e+00 0.0000000e+00 0.0000000e+00 0.0000000e+00 0.0000000e+00 0.0000000e+00 0.0000000e+00 0.0000000e+00 0.0000000e+00 0.0000000e+00 0.0000000e+00 0.0000000e+00 0.0000000e+00 0.0000000e+00 0.0000000e+00 0.0000000e+00 0.0000000e+00 0.0000000e+00
1.7751669e+00 1.9087290e+00 1.4577375e+00 1.0483328e+00 9.7270130e-01 8.4020520e-01 8.1728132e-01 8.1100576e-01 7.9934771e-01 7.8499080e-01 7.6484206e-01 8.2276198e-01 1.1255183e+00 1.6879634e+00 1.9057888e+00 1.4208112e+00 1.0521345e+00 8.0399239e-01 7.4259592e-01 7.5547084e-01 7.7326298e-01 7.7174719e-01 7.3808186e-01 6.2941480e-01 4.1460435e-01 1.7693881e-01 9.9394833e-04 9.9944596e-04 9.9856510e-04 0.0000000e+00 0.0000000e+00 0.0000000e+00 0.0000000e+00 0.0000000e+00 0.0000000e+00 0.0000000e+00 0.0000000e+00 0.0000000e+00 0.0000000e+00 0.0000000e+00 0.0000000e+00 0.0000000e+00 0.0000000e+00 0.0000000e+00 0.0000000e+00 0.0000000e+00 0.0000000e+00 0.0000000e+00 0.0000000e+00 0.0000000e+00
1.6972537e+00 1.3308704e+00 1.0185451e+00 1.0375443e+00 9.8775005e-01 8.4811917e-01 8.2735549e-01 8.1998161e-01 8.1052697e-01 7.8851978e-01 8.1870187e-01 1.1097970e+00 1.7084015e+00 1.9066048e+00 1.3416983e+00 8.7941937e-01 7.3434858e-01 7.3173585e-01 7.4058140e-01 7.5726972e-01 7.6782916e-01 6.9524045e-01 5.7290579e-01 4.9182338e-01 3.2979858e-01 1.2438175e-01 9.6986136e-04 9.9624472e-04 0.0000000e+00 0.0000000e+00 0.0000000e+00 0.0000000e+00 0.0000000e+00 0.0000000e+00 0.0000000e+00 0.0000000e+00 0.0000000e+00 0.0000000e+00 0.0000000e+00 0.0000000e+00 0.0000000e+00 0.0000000e+00 0.0000000e+00 0.0000000e+00 0.0000000e+00 0.0000000e+00 0.0000000e+00 0.0000000e+00 0.0000000e+00 0.0000000e+00
9.6550887e-01 8.3539855e-01 8.9904983e-01 1.0082852e+00 1.0341360e+00 9.3776014e-01 8.4186581e-01 8.2970592e-01 8.1711626e-01 8.2525661e-01 1.0812809e+00 1.6518622e+00 1.9351126e+00 1.3697822e+00 8.7819451e-01 7.2558829e-01 7.1808545e-01 7.2845158e-01 7.3885729e-01 7.5528299e-01 7.7254909e-01 7.2121567e-01 5.6836543e-01 3.9291504e-01 2.4143062e-01 4.9343995e-02 9.7488450e-04 9.9541006e-04 6.8451353e-05 0.0000000e+00 0.0000000e+00 0.0000000e+00 0.0000000e+00 0.0000000e+00 0.0000000e+00 0.0000000e+00 0.0000000e+00 0.0000000e+00 0.0000000e+00 0.0000000e+00 0.0000000e+00 0.0000000e+00 0.0000000e+00 0.0000000e+00 0.0000000e+00 0.0000000e+00 0.0000000e+00 0.0000000e+00 0.0000000e+00 0.0000000e+00
8.2419000e-01 8.2730722e-01 8.4148189e-01 8.9392835e-01 9.4205402e-01 9.5760458e-01 8.6936040e-01 8.3510509e-01 8.3478668e-01 1.0368518e+00 1.5616625e+00 1.9995525e+00 1.4449181e+00 9.3376439e-01 7.3577893e-01 7.1641356e-01 7.1722630e-01 7.2691212e-01 7.3672281e-01 7.5025743e-01 7.5538258e-01 6.6516106e-01 5.3707821e-01 3.5950975e-01 1.8220434e-01 1.0735790e-03 1.5994011e-03 1.0004218e-03 9.9811223e-04 2.7640186e-04 0.0000000e+00 0.0000000e+00 0.0000000e+00 0.0000000e+00 0.0000000e+00 0.0000000e+00 0.0000000e+00 0.0000000e+00 0.0000000e+00 0.0000000e+00 0.0000000e+00 0.0000000e+00 0.0000000e+00 0.0000000e+00 0.0000000e+00 0.0000000e+00 0.0000000e+00 0.0000000e+00 0.0000000e+00 0.0000000e+00
8.2614277e-01 8.2922969e-01 8.3200042e-01 8.4162493e-01 8.4997754e-01 8.6357531e-01 8.5427142e-01 8.4545832e-01 9.7990429e-01 1.4915802e+00 2.0133583e+00 1.5746911e+00 9.9157141e-01 7.4730360e-01 7.2273118e-01 7.1667879e-01 7.1615207e-01 7.1743973e-01 7.0209897e-01 6.6663049e-01 6.1001575e-01 5.1267135e-01 3.8100594e-01 2.3814694e-01 5.4257740e-02 1.6727370e-03 3.0812907e-03 1.9195851e-03 1.1861471e-03 9.9733610e-04 4.2994548e-04 0.0000000e+00 0.0000000e+00 0.0000000e+00 0.0000000e+00 0.0000000e+00 0.0000000e+00 0.0000000e+00 0.0000000e+00 0.0000000e+00 0.0000000e+00 0.0000000e+00 0.0000000e+00 0.0000000e+00 0.0000000e+00 0.0000000e+00 0.0000000e+00 0.0000000e+00 0.0000000e+00 0.0000000e+00
8.2749716e-01 8.3171464e-01 8.3568573e-01 8.4461480e-01 8.4630914e-01 8.5184085e-01 8.6492441e-01 1.0136275e+00 1.4202769e+00 2.0011421e+00 1.7211592e+00 1.0847237e+00 7.7743377e-01 7.0160841e-01 6.6824555e-01 6.3536761e-01 5.9546260e-01 5.6738818e-01 5.0944391e-01 4.5485857e-01 3.8134572e-01 2.9125693e-01 1.7998951e-01 4.0127237e-02 2.5650018e-03 3.9048089e-03 3.2070436e-03 2.6267793e-03 1.8779298e-03 1.1028794e-03 9.9581343e-04 2.0593577e-05 3.6915611e-04 0.0000000e+00 0.0000000e+00 0.0000000e+00 0.0000000e+00 0.0000000e+00 0.0000000e+00 0.0000000e+00 0.0000000e+00 0.0000000e+00 0.0000000e+00 0.0000000e+00 0.0000000e+00 0.0000000e+00 0.0000000e+00 0.0000000e+00 0.0000000e+00 0.0000000e+00
8.2601190e-01 8.2961910e-01 8.3387408e-01 8.3789895e-01 8.4546122e-01 8.5770291e-01 1.0579874e+00 1.5714566e+00 2.0005962e+00 1.8437651e+00 1.2153064e+00 8.3272847e-01 6.7589546e-01 5.8192899e-01 5.0345147e-01 4.3143652e-01 3.6629945e-01 2.9559473e-01 2.5967171e-01 1.8893806e-01 1.1887210e-01 2.3528522e-02 1.6352895e-03 4.0589309e-03 4.8061153e-03 3.7581100e-03 3.1175520e-03 2.6293163e-03 2.0377204e-03 1.2612704e-03 9.9813545e-04 9.9927392e-04 9.9720736e-04 6.3052046e-04 2.5297531e-04 0.0000000e+00 0.0000000e+00 0.0000000e+00 0.0000000e+00 0.0000000e+00 0.0000000e+00 0.0000000e+00 0.0000000e+00 0.0000000e+00 0.0000000e+00 0.0000000e+00 0.0000000e+00 0.0000000e+00 0.0000000e+00 0.0000000e+00
8.1919773e-01 8.2241213e-01 8.2616939e-01 8.2954311e-01 8.5701363e-01 1.0914117e+00 1.6328532e+00 2.1257143e+00 2.0216997e+00 1.4275742e+00 9.2025019e-01 7.1904084e-01 6.0627793e-01 5.1008183e-01 4.0341513e-01 3.3016137e-01 2.4192189e-01 1.6036474e-01 5.3599452e-02 7.8970395e-03 1.9286159e-03 4.8353457e-03 5.5149860e-03 5.2184967e-03 4.6045377e-03 3.9365433e-03 3.1832737e-03 2.5116571e-03 1.8409973e-03 1.1045554e-03 9.9755981e-04 9.9734034e-04 9.9896841e-04 9.9772629e-04 9.9769818e-04 0.0000000e+00 0.0000000e+00 0.0000000e+00 0.0000000e+00 0.0000000e+00 0.0000000e+00 0.0000000e+00 0.0000000e+00 0.0000000e+00 0.0000000e+00 0.0000000e+00 0.0000000e+00 0.0000000e+00 0.0000000e+00 0.0000000e+00
8.1085874e-01 8.1522869e-01 8.2093018e-01 8.5596016e-01 1.1192158e+00 1.6484520e+00 2.1125647e+00 2.0102679e+00 1.4609214e+00 1.0072640e+00 8.1416990e-01 7.2931314e-01 6.4907303e-01 5.6387937e-01 4.6682006e-01 3.5606550e-01 2.4165844e-01 1.2520972e-01 2.8432094e-02 1.5510668e-02 3.7860275e-03 5.4275895e-03 4.3811923e-03 4.8734214e-03 4.6426874e-03 4.0651695e-03 3.5100902e-03 2.7937378e-03 1.9539800e-03 1.1284921e-03 1.0005974e-03 9.9848142e-04 9.9865896e-04 9.9924376e-04 9.9893915e-04 0.0000000e+00 0.0000000e+00 0.0000000e+00 0.0000000e+00 0.0000000e+00 0.0000000e+00 0.0000000e+00 0.0000000e+00 0.0000000e+00 0.0000000e+00 0.0000000e+00 0.0000000e+00 0.0000000e+00 0.0000000e+00 0.0000000e+00
1.1234055e+00 1.1249786e+00 1.1663675e+00 1.3680683e+00 1.7863288e+00 2.1216090e+00 1.9623814e+00 1.5018979e+00 1.1173762e+00 9.3862215e-01 8.5731914e-01 7.9448880e-01 7.3992643e-01 6.2556796e-01 5.1730637e-01 4.0307247e-01 2.8513673e-01 1.5488264e-01 2.9250782e-02 9.5136453e-03 1.6224171e-03 4.7309901e-03 5.5193171e-03 4.4035013e-03 4.3542543e-03 4.1177283e-03 3.8738057e-03 3.3281414e-03 2.4562630e-03 1.4669962e-03 9.9765759e-04 9.9929957e-04 9.9895086e-04 9.9874017e-04 9.9881575e-04 0.0000000e+00 0.0000000e+00 0.0000000e+00 0.0000000e+00 0.0000000e+00 0.0000000e+00 0.0000000e+00 0.0000000e+00 0.0000000e+00 0.0000000e+00 0.0000000e+00 0.0000000e+00 0.0000000e+00 0.0000000e+00 0.0000000e+00
2.0006602e+00 2.0108228e+00 2.0269365e+00 2.0958608e+00 2.1284583e+00 1.8661593e+00 1.4612947e+00 1.1891557e+00 1.0842336e+00 9.8450562e-01 8.9091953e-01 8.0973202e-01 7.6931623e-01 6.6192856e-01 5.4940335e-01 4.3025923e-01 3.0394735e-01 1.7390826e-01 7.7034642e-02 3.4975942e-02 1.6881894e-02 1.0830504e-03 2.9193523e-03 3.5680648e-03 3.5405934e-03 3.5812152e-03 3.5853804e-03 3.3570508e-03 2.8964599e-03 2.0631106e-03 1.1629623e-03 9.9930407e-04 9.9874644e-04 9.9798748e-04 9.9832948e-04 9.9954235e-04 0.0000000e+00 0.0000000e+00 0.0000000e+00 0.0000000e+00 0.0000000e+00 0.0000000e+00 0.0000000e+00 0.0000000e+00 0.0000000e+00 0.0000000e+00 0.0000000e+00 0.0000000e+00 0.0000000e+00 0.0000000e+00
1.7436741e+00 1.7752841e+00 1.7786814e+00 1.7478797e+00 1.6125799e+00 1.3811195e+00 1.1777149e+00 1.1237194e+00 1.0357879e+00 9.5896338e-01 8.8519285e-01 8.0828656e-01 7.7648356e-01 6.8071365e-01 5.6966377e-01 4.5093838e-01 3.3279604e-01 2.1471416e-01 9.3222257e-02 3.1236640e-02 2.0703699e-02 2.5192509e-03 3.8003405e-03 2.9882422e-03 2.5332336e-03 2.4316013e-03 2.2210001e-03 2.2908503e-03 2.4479924e-03 2.4110319e-03 1.8213593e-03 9.9892858e-04 9.9869560e-04 9.9885540e-04 9.9921032e-04 9.9945887e-04 9.9960406e-04 9.9923996e-04 0.0000000e+00 0.0000000e+00 0.0000000e+00 0.0000000e+00 0.0000000e+00 0.0000000e+00 0.0000000e+00 0.0000000e+00 0.0000000e+00 0.0000000e+00 0.0000000e+00 0.0000000e+00
1.1068004e+00 1.1744547e+00 1.2141969e+00 1.2177805e+00 1.1981770e+00 1.1616913e+00 1.1017783e+00 1.0815323e+00 1.0046632e+00 9.6174258e-01 8.8072150e-01 8.2651869e-01 7.8115377e-01 7.1849693e-01 6.0483099e-01 4.7996697e-01 3.6190591e-01 2.2492763e-01 8.5310884e-02 2.9089524e-02 2.1621542e-02 4.2245610e-03 5.2615913e-03 3.7222028e-03 3.1012205e-03 2.0500941e-03 1.1334292e-03 1.0713341e-03 1.1072090e-03 1.3768313e-03 1.9318816e-03 2.2655006e-03 9.9897322e-04 9.9989956e-04 9.9961584e-04 9.9862913e-04 9.9996865e-04 9.9986279e-04 9.9992806e-04 2.2313424e-04 0.0000000e+00 0.0000000e+00 0.0000000e+00 0.0000000e+00 0.0000000e+00 0.0000000e+00 0.0000000e+00 0.0000000e+00 0.0000000e+00 0.0000000e+00
9.7396758e-01 1.0173144e+00 1.0101276e+00 1.0445214e+00 1.0597409e+00 1.0693871e+00 1.0639076e+00 1.0148272e+00 9.6801867e-01 9.4461156e-01 8.7024643e-01 8.3250554e-01 7.7817022e-01 7.1874513e-01 6.0213433e-01 4.8537499e-01 3.4333880e-01 2.1293194e-01 7.4721779e-02 2.7825631e-02 1.2911795e-02 1.0010511e-03 1.5830266e-03 1.3609285e-03 1.0464265e-03 1.6947794e-03 2.4712625e-03 2.5574095e-03 2.6642964e-03 2.6653616e-03 2.3058537e-03 1.3332243e-03 1.5390416e-03 9.9938908e-04 9.9941156e-04 9.9952388e-04 9.9992678e-04 9.9948228e-04 9.9875047e-04 9.9903756e-04 9.9874011e-04 0.0000000e+00 0.0000000e+00 0.0000000e+00 0.0000000e+00 0.0000000e+00 0.0000000e+00 0.0000000e+00 0.0000000e+00 0.0000000e+00
8.1405697e-01 8.1524040e-01 8.4503402e-01 8.9818892e-01 9.2334320e-01 9.4785530e-01 9.5312913e-01 9.4192540e-01 9.3689181e-01 8.9975831e-01 8.5278842e-01 7.9302908e-01 7.6758136e-01 7.0654474e-01 5.8722703e-01 4.4678560e-01 3.1909597e-01 1.9142591e-01 4.1870930e-02 1.2920280e-02 3.3867533e-03 1.0019323e-03 1.5163124e-03 2.3660365e-03 3.0412233e-03 3.3441230e-03 3.4290689e-03 3.4681516e-03 3.3573910e-03 3.1437130e-03 2.8946503e-03 2.7790459e-03 2.5513338e-03 1.6205942e-03 9.9843733e-04 9.9918770e-04 9.9996939e-04 9.9957635e-04 9.9987114e-04 9.9893518e-04 9.9964180e-04 9.9882149e-04 0.0000000e+00 0.0000000e+00 0.0000000e+00 0.0000000e+00 0.0000000e+00 0.0000000e+00 0.0000000e+00 0.0000000e+00
7.2026318e-01 7.2415829e-01 7.2983456e-01 7.4302663e-01 7.7307116e-01 7.9742413e-01 8.1257264e-01 8.4499256e-01 8.5448552e-01 8.4056974e-01 8.3133444e-01 7.7041616e-01 7.5389482e-01 6.6539825e-01 5.4243548e-01 4.2294801e-01 2.9181057e-01 1.5119986e-01 4.1654647e-02 2.6003272e-02 6.0873331e-03 2.4539282e-03 1.4695170e-03 3.9571638e-03 3.9789495e-03 4.1857413e-03 4.2556604e-03 4.2709844e-03 4.0732613e-03 3.9091059e-03 3.7524307e-03 3.5445639e-03 3.0777901e-03 2.4204378e-03 1.4652306e-03 9.9946154e-04 9.9881797e-04 9.9895823e-04 9.9933228e-04 9.9927531e-04 9.9930095e-04 9.9939033e-04 9.9908701e-04 9.9979627e-04 0.0000000e+00 0.0000000e+00 0.0000000e+00 0.0000000e+00 0.0000000e+00 0.0000000e+00
6.8508909e-01 6.8861863e-01 6.8900560e-01 6.8746335e-01 6.8357050e-01 6.8530359e-01 6.9513549e-01 7.2313115e-01 7.4622135e-01 7.5886832e-01 7.5494873e-01 7.4687026e-01 7.4332112e-01 6.5431712e-01 5.2946696e-01 4.1561874e-01 2.8721460e-01 1.6145875e-01 9.0975191e-02 7.6652110e-02 5.1339698e-02 2.9709849e-02 1.5996913e-02 2.0782024e-03 1.2190480e-03 4.1767715e-03 5.6194700e-03 5.3953060e-03 4.9657647e-03 4.5154460e-03 4.0052181e-03 3.4427176e-03 2.9428163e-03 2.5533028e-03 2.2656074e-03 1.5468090e-03 9.9972992e-04 9.9981862e-04 9.9941824e-04 9.9878351e-04 9.9966341e-04 9.9869913e-04 9.9874252e-04 9.9886671e-04 9.9934818e-04 9.9930312e-04 9.9984279e-04 0.0000000e+00 0.0000000e+00 0.0000000e+00
6.4382461e-01 6.4586470e-01 6.4375276e-01 6.4115708e-01 6.4112770e-01 6.4886150e-01 6.6228337e-01 6.8011903e-01 7.0045429e-01 7.1448839e-01 7.1668686e-01 6.9909939e-01 6.3892549e-01 5.3615200e-01 4.1850555e-01 2.8178352e-01 1.4993139e-01 6.1466934e-02 6.5871182e-02 6.3028712e-02 6.0360566e-02 5.2694000e-02 3.9703339e-02 2.8620334e-02 1.9239480e-02 1.2617095e-02 8.1875690e-03 6.9139656e-03 5.6837371e-03 4.3735285e-03 3.1868146e-03 2.4777293e-03 2.1721581e-03 2.2508306e-03 2.4654911e-03 2.4574967e-03 1.8931604e-03 1.1932256e-03 9.9922004e-04 9.9989966e-04 9.9964072e-04 9.9902962e-04 9.9848992e-04 9.9860767e-04 9.9881250e-04 9.9872891e-04 9.9957152e-04 9.9959450e-04 0.0000000e+00 0.0000000e+00
