ahotovec/data/depth_0002.asc
ncols     164
nrows     146
xllcorner -1.242151388888889e+02
yllcorner  4.172986111111111e+01
cellsize  2.777777777820000e-04
nodata_value       -9999
[rows 110 to 131 of 146, columns 0 to 49 of 164]
2.0257607e+01 2.0312734e+01 1.9639917e+01 1.9910046e+01 1.9625688e+01 1.9508923e+01 1.9393402e+01 1.8890013e+01 1.8630114e+01 1.8303690e+01 1.8172395e+01 1.8261569e+01 1.8120712e+01 1.7046319e+01 1.7964261e+01 1.8132219e+01 1.7452505e+01 1.6770266e+01 1.6945020e+01 1.6919546e+01 1.6823403e+01 1.5532144e+01 1.4939257e+01 1.5319678e+01 1.5387444e+01 1.5129624e+01 1.5054421e+01 1.4439095e+01 1.4686579e+01 1.4253245e+01 1.3758688e+01 1.3147562e+01 1.3026588e+01 1.2645869e+01 1.2004253e+01 1.1594527e+01 1.1329693e+01 1.0520134e+01 1.0156315e+01 9.1872511e+00 5.5364651e+00 5.6222267e+00 9.7932840e+00 1.0042297e+01 1.0086930e+01 1.0395518e+01 1.0701013e+01 1.0431627e+01 1.0219257e+01 9.7873061e+00
2.0224415e+01 2.0174849e+01 2.0074027e+01 2.0066600e+01 1.9788957e+01 1.9096570e+01 1.8902153e+01 1.9078893e+01 1.8917095e+01 1.8659160e+01 1.8549547e+01 1.8496519e+01 1.8325791e+01 1.7747376e+01 1.8711147e+01 1.8808557e+01 1.8175208e+01 1.8226695e+01 1.7849661e+01 1.7594275e+01 1.7062034e+01 1.5756155e+01 1.6114153e+01 1.6446360e+01 1.6284061e+01 1.5862969e+01 1.5602026e+01 1.5237899e+01 1.4999092e+01 1.5000658e+01 1.4935435e+01 1.3842025e+01 1.3682236e+01 1.3173606e+01 1.2718206e+01 1.2077662e+01 1.1623660e+01 1.1410572e+01 1.0654192e+01 1.0842740e+01 1.0652071e+01 9.9101646e+00 1.0073414e+01 1.0178473e+01 1.0379106e+01 1.1205950e+01 1.1604518e+01 1.1156246e+01 1.0842635e+01 1.0328602e+01
2.0274900e+01 2.0176326e+01 2.0160457e+01 1.9975012e+01 1.9980161e+01 1.9786856e+01 1.9585321e+01 1.9378573e+01 1.9221812e+01 1.9012353e+01 1.8919452e+01 1.8878426e+01 1.8941158e+01 1.8990582e+01 1.8962497e+01 1.8975693e+01 1.8648281e+01 1.8469083e+01 1.7846013e+01 1.7720032e+01 1.6940608e+01 1.7546566e+01 1.7670520e+01 1.7511738e+01 1.7069550e+01 1.6735874e+01 1.6518540e+01 1.5986078e+01 1.5478570e+01 1.5166167e+01 1.5055246e+01 1.5035145e+01 1.4401960e+01 1.3238247e+01 1.2881105e+01 1.2696063e+01 1.1676129e+01 1.0825086e+01 1.0279642e+01 1.0867261e+01 1.0693327e+01 1.0058388e+01 9.9873650e+00 1.0362477e+01 1.1069027e+01 1.2117274e+01 1.2024239e+01 1.0749538e+01 9.8569508e+00 1.0015857e+01
2.0419668e+01 2.0318438e+01 2.0260435e+01 2.0242597e+01 2.0074162e+01 1.9892174e+01 1.9753797e+01 1.9622344e+01 1.9507978e+01 1.9424330e+01 1.9347188e+01 1.9339902e+01 1.9318902e+01 1.9267279e+01 1.9159926e+01 1.9140104e+01 1.8927607e+01 1.8617175e+01 1.8512620e+01 1.8531098e+01 1.8624940e+01 1.8521122e+01 1.8225565e+01 1.7923611e+01 1.7719022e+01 1.7426103e+01 1.6332679e+01 1.4891626e+01 1.6208315e+01 1.5665495e+01 1.5262919e+01 1.5101065e+01 1.4260409e+01 1.4200093e+01 1.4028947e+01 1.3001119e+01 1.1789293e+01 1.0438050e+01 9.4315639e+00 9.5317743e+00 9.8214081e+00 9.1965800e+00 9.0175537e+00 1.0317234e+01 1.1986195e+01 1.2464285e+01 1.2554384e+01 1.2364022e+01 1.1816886e+01 1.2562449e+01
2.0520050e+01 2.0441178e+01 2.0371568e+01 2.0308545e+01 2.0203295e+01 2.0080727e+01 1.9994420e+01 1.9937824e+01 1.9917282e+01 1.9860572e+01 1.9724352e+01 1.9673670e+01 1.8241563e+01 1.6852703e+01 1.9709557e+01 1.9258202e+01 1.9045795e+01 1.8985579e+01 1.8927769e+01 1.8898577e+01 1.9001652e+01 1.8886182e+01 1.8635108e+01 1.8372461e+01 1.8171069e+01 1.7947135e+01 1.7543225e+01 1.7181717e+01 1.7175012e+01 1.5747906e+01 1.5858291e+01 1.4610537e+01 1.4775103e+01 1.4268668e+01 1.4326640e+01 1.0973085e+01 1.1294429e+01 1.0124176e+01 6.5862526e+00 1.0260867e+01 1.0411397e+01 1.0123255e+01 9.1698500e+00 1.1440874e+01 1.2793721e+01 1.3057946e+01 1.2189844e+01 1.3142919e+01 1.3209401e+01 1.3217813e+01
2.0652204e+01 2.0578524e+01 2.0518415e+01 2.0430037e+01 2.0373916e+01 2.0302775e+01 2.0233326e+01 2.0170434e+01 1.9682232e+01 1.4337581e+01 1.9896757e+01 1.9971875e+01 2.0006852e+01 1.9819668e+01 1.9862849e+01 1.9630419e+01 1.9441668e+01 1.9355927e+01 1.9344281e+01 1.9433496e+01 1.9545466e+01 1.9483076e+01 1.9282546e+01 1.8737749e+01 1.8737391e+01 1.8170710e+01 1.8459635e+01 1.8466101e+01 1.8334613e+01 1.7154328e+01 1.6681115e+01 1.4418849e+01 1.5163716e+01 1.6066484e+01 1.4542405e+01 9.9022082e+00 9.2403568e+00 1.0676654e+01 1.1463562e+01 1.0543282e+01 1.0871354e+01 1.1338942e+01 1.2071657e+01 1.2997140e+01 1.2936121e+01 1.3764828e+01 1.3285499e+01 1.3626103e+01 1.3641432e+01 1.3836357e+01
2.0777598e+01 2.0731138e+01 2.0679098e+01 2.0600079e+01 2.0539794e+01 2.0491160e+01 2.0448066e+01 2.0377337e+01 2.0212415e+01 1.7883097e+01 2.0160862e+01 2.0289276e+01 2.0153002e+01 2.0033316e+01 1.9899433e+01 1.9789326e+01 1.9704731e+01 1.9636375e+01 1.9586728e+01 1.9791102e+01 1.8885678e+01 1.9661049e+01 1.9473159e+01 1.9256881e+01 1.8824868e+01 1.8856451e+01 1.8052086e+01 1.8849590e+01 1.8792279e+01 1.8636298e+01 1.7497312e+01 1.7361141e+01 1.7157831e+01 1.6688236e+01 1.5898037e+01 1.1964190e+01 1.1609016e+01 1.0765390e+01 1.1022263e+01 1.1644048e+01 1.1951087e+01 1.2164139e+01 1.2782571e+01 1.3494262e+01 1.3497058e+01 1.4017074e+01 1.4227649e+01 1.3985510e+01 1.4225191e+01 1.4441232e+01
2.0942331e+01 2.0873609e+01 2.0825851e+01 2.0744946e+01 2.0685010e+01 2.0636086e+01 2.0604401e+01 2.0589645e+01 2.0588834e+01 2.0599182e+01 2.0510603e+01 2.0381545e+01 2.0279643e+01 2.0169585e+01 2.0050045e+01 1.9950524e+01 1.9900653e+01 1.9701407e+01 1.9696607e+01 1.9924118e+01 1.9740923e+01 2.0175772e+01 1.9857905e+01 1.9940377e+01 1.9265790e+01 1.9069709e+01 1.6465473e+01 1.8220929e+01 1.9007761e+01 1.8600210e+01 1.7873591e+01 1.6717889e+01 1.7587945e+01 1.6594005e+01 1.6264945e+01 1.5747724e+01 1.5902946e+01 1.4077957e+01 1.2440149e+01 1.2824131e+01 1.2397170e+01 1.2531826e+01 1.3712019e+01 1.3857117e+01 1.4065586e+01 1.4820838e+01 1.4878593e+01 1.4792040e+01 1.4734790e+01 1.4817724e+01
2.1178675e+01 2.1109549e+01 2.1024767e+01 2.0941736e+01 2.0834430e+01 2.0798264e+01 2.0719968e+01 2.0731215e+01 2.0690235e+01 2.0643457e+01 2.0587301e+01 2.0504685e+01 2.0399773e+01 2.0315990e+01 2.0228134e+01 2.0127984e+01 2.0066158e+01 2.0004003e+01 1.9962802e+01 1.9943573e+01 1.9997657e+01 1.9994879e+01 1.9898114e+01 1.9814421e+01 1.9658696e+01 1.9696541e+01 1.8718030e+01 1.9111841e+01 1.9612546e+01 1.9179414e+01 1.8676370e+01 1.8333155e+01 1.8308466e+01 1.7378694e+01 1.6003033e+01 1.5956847e+01 1.5601272e+01 1.4905049e+01 1.4935554e+01 1.4240668e+01 1.3390535e+01 1.3913437e+01 1.4568296e+01 1.4700469e+01 1.4884403e+01 1.4977321e+01 1.4357097e+01 1.5237650e+01 1.5156275e+01 1.5276722e+01
2.1329954e+01 2.1255561e+01 2.1193327e+01 2.1137297e+01 2.1090869e+01 2.0993780e+01 2.0921473e+01 2.0873816e+01 2.0810074e+01 2.0755359e+01 2.0682460e+01 2.0620677e+01 2.0567942e+01 2.0472974e+01 2.0384448e+01 2.0294435e+01 2.0215176e+01 2.0151219e+01 2.0100480e+01 2.0046201e+01 2.0017457e+01 2.0065687e+01 2.0203856e+01 1.9729355e+01 1.9734611e+01 1.9836588e+01 1.9974888e+01 2.0095617e+01 1.9845070e+01 1.9485999e+01 1.9170665e+01 1.8632249e+01 1.8624865e+01 1.8648084e+01 1.6397597e+01 1.6738500e+01 1.6765532e+01 1.5730027e+01 1.5495026e+01 1.5289625e+01 1.4319850e+01 1.3787005e+01 1.5494467e+01 1.5206715e+01 1.5281480e+01 1.5981808e+01 1.6164554e+01 1.5607947e+01 1.5505379e+01 1.5485089e+01
2.1492456e+01 2.1443189e+01 2.1383240e+01 2.1317670e+01 2.1237287e+01 2.1140154e+01 2.1090104e+01 2.1066790e+01 2.1026247e+01 2.0991924e+01 2.0883611e+01 2.0743989e+01 2.0680060e+01 2.0639947e+01 2.0559334e+01 2.0487712e+01 2.0409409e+01 2.0323338e+01 2.0231442e+01 2.0116928e+01 2.0162199e+01 2.0148080e+01 2.0181261e+01 2.0233491e+01 2.0060623e+01 1.9536364e+01 1.7854429e+01 1.6966595e+01 1.9902546e+01 1.9411632e+01 1.9656261e+01 1.9533672e+01 1.9321606e+01 1.7666673e+01 1.8307291e+01 1.7342712e+01 1.6165333e+01 1.5743379e+01 1.3932606e+01 1.3519132e+01 1.4655351e+01 1.4691693e+01 1.6252188e+01 1.5253758e+01 1.4903558e+01 1.6208557e+01 1.6270008e+01 1.6075758e+01 1.5887868e+01 1.5797308e+01
2.1694156e+01 2.1615464e+01 2.1559497e+01 2.1494544e+01 2.1440568e+01 2.1381639e+01 2.1293661e+01 2.1226195e+01 2.1179817e+01 2.1189532e+01 2.1156636e+01 2.0983654e+01 2.0873253e+01 2.0788447e+01 2.0739212e+01 2.0678767e+01 2.0615175e+01 2.0528534e+01 2.0405960e+01 2.0292724e+01 2.0340405e+01 2.0310454e+01 2.0295225e+01 2.0296741e+01 2.0247967e+01 2.0231370e+01 2.0304822e+01 1.9456867e+01 1.9685694e+01 2.0319978e+01 1.9924256e+01 1.9821306e+01 1.9410214e+01 1.8731087e+01 1.9115196e+01 1.7368285e+01 1.5970456e+01 1.6016822e+01 1.5558224e+01 1.4030125e+01 1.1174525e+01 1.0569617e+01 1.5943057e+01 1.6836291e+01 1.5686073e+01 1.6834200e+01 1.6495278e+01 1.6321212e+01 1.6219048e+01 1.6136290e+01
2.1883376e+01 2.1823451e+01 2.1771316e+01 2.1703283e+01 2.1615324e+01 2.1534601e+01 2.1452452e+01 2.1400122e+01 2.1370486e+01 2.1302920e+01 2.1222412e+01 2.1149407e+01 2.1083294e+01 2.0992466e+01 2.0905363e+01 2.0834844e+01 2.0768500e+01 2.0704362e+01 2.0634415e+01 2.0549212e+01 2.0499742e+01 2.0460372e+01 2.0445978e+01 2.0409453e+01 2.0305371e+01 2.0538778e+01 2.0678027e+01 2.0313719e+01 2.0884328e+01 2.0403676e+01 2.0154541e+01 2.0093648e+01 1.9683249e+01 1.8609226e+01 1.8852963e+01 1.7452438e+01 1.6186458e+01 1.6531129e+01 1.4743702e+01 1.2856034e+01 1.1799224e+01 9.7894037e+00 1.5923174e+01 1.8058428e+01 1.6817024e+01 1.7101857e+01 1.6805144e+01 1.6643336e+01 1.6572311e+01 1.6539898e+01
2.2030341e+01 2.1989882e+01 2.1944864e+01 2.1909780e+01 2.1839618e+01 2.1741973e+01 2.1658229e+01 2.1571226e+01 2.1520262e+01 2.1455081e+01 2.1398830e+01 2.1327208e+01 2.1251272e+01 2.1176221e+01 2.1107322e+01 2.1043822e+01 2.0987807e+01 2.0904499e+01 2.0834401e+01 2.0761162e+01 2.0690349e+01 2.0644113e+01 2.0617935e+01 2.0615482e+01 2.0654466e+01 2.0668941e+01 2.0455937e+01 2.0160854e+01 2.0587145e+01 2.0619556e+01 2.0291724e+01 2.0217566e+01 1.9922946e+01 2.0206810e+01 1.9585202e+01 1.9004432e+01 1.7835105e+01 1.5685635e+01 1.4385268e+01 1.1686755e+01 9.8696231e+00 1.2566895e+01 1.7763321e+01 1.8061162e+01 1.7551193e+01 1.7256616e+01 1.7097013e+01 1.6971820e+01 1.6887988e+01 1.6848280e+01
2.2253844e+01 2.2179400e+01 2.2126975e+01 2.2061198e+01 2.2011822e+01 2.1932262e+01 2.1868178e+01 2.1795064e+01 2.1720811e+01 2.1649165e+01 2.1582506e+01 2.1524193e+01 2.1440303e+01 2.1373550e+01 2.1289901e+01 2.1244837e+01 2.1184840e+01 2.1120406e+01 2.1052927e+01 2.0937058e+01 2.0858908e+01 2.0841823e+01 2.0821283e+01 2.0789738e+01 2.0781071e+01 2.0808388e+01 2.0933122e+01 2.1000418e+01 2.1067735e+01 2.0884956e+01 2.0528209e+01 2.0385481e+01 2.0192661e+01 2.0485902e+01 2.0495344e+01 1.9463451e+01 1.8318943e+01 1.7853513e+01 1.7019079e+01 1.4042111e+01 1.4982691e+01 1.6053329e+01 1.8504914e+01 1.8092094e+01 1.7765208e+01 1.7555494e+01 1.7441906e+01 1.7293970e+01 1.7180644e+01 1.7060331e+01
2.2492759e+01 2.2382137e+01 2.2339390e+01 2.2254888e+01 2.2194563e+01 2.2114693e+01 2.2036968e+01 2.1971668e+01 2.1900586e+01 2.1834475e+01 2.1776107e+01 2.1741204e+01 2.1664506e+01 2.1577223e+01 2.1477247e+01 2.1420065e+01 2.1360191e+01 2.1306754e+01 2.1213834e+01 2.1122112e+01 2.1073623e+01 2.1044679e+01 2.1015975e+01 2.0961605e+01 2.0933137e+01 2.0945150e+01 2.0982594e+01 2.1023430e+01 2.1075480e+01 2.1056165e+01 2.0268161e+01 2.0626807e+01 2.0603937e+01 2.0578768e+01 2.0513578e+01 2.0057476e+01 1.9151538e+01 1.8167527e+01 1.8747476e+01 1.9243654e+01 1.7827979e+01 1.8596636e+01 1.8697608e+01 1.8379748e+01 1.8111082e+01 1.7894860e+01 1.7734463e+01 1.7584804e+01 1.7464364e+01 1.7329520e+01
2.2709202e+01 2.2583135e+01 2.2533246e+01 2.2456438e+01 2.2420185e+01 2.2372364e+01 2.2255885e+01 2.2165187e+01 2.2068946e+01 2.1999374e+01 2.1935093e+01 2.1910510e+01 2.1867912e+01 2.1785512e+01 2.1692091e+01 2.1610610e+01 2.1538294e+01 2.1448578e+01 2.1371673e+01 2.1332266e+01 2.1286442e+01 2.1230214e+01 2.1178671e+01 2.1142668e+01 2.1104516e+01 2.1075587e+01 2.1049921e+01 2.1036386e+01 2.1044571e+01 2.1012377e+01 2.0899554e+01 2.0791800e+01 2.0706094e+01 2.0656763e+01 2.0608410e+01 2.0499921e+01 2.0647658e+01 2.0397983e+01 2.0276761e+01 1.9888759e+01 1.9753458e+01 1.9422394e+01 1.9050094e+01 1.8732403e+01 1.8480103e+01 1.8267728e+01 1.8076003e+01 1.7910638e+01 1.7778174e+01 1.7645664e+01
2.2915757e+01 2.2813487e+01 2.2695044e+01 2.2670627e+01 2.2597241e+01 2.2590651e+01 2.2523775e+01 2.2372000e+01 2.2282236e+01 2.2175681e+01 2.2103193e+01 2.2046065e+01 2.2015014e+01 2.1959210e+01 2.1893470e+01 2.1808756e+01 2.1735478e+01 2.1652377e+01 2.1596640e+01 2.1524168e+01 2.1464687e+01 2.1408575e+01 2.1342816e+01 2.1300819e+01 2.1257226e+01 2.1219220e+01 2.1164804e+01 2.1137029e+01 2.1092582e+01 2.1032675e+01 2.0939211e+01 2.0874851e+01 2.0831238e+01 2.0793627e+01 2.0743069e+01 2.0708802e+01 2.0719689e+01 2.0580542e+01 2.0439156e+01 2.0216536e+01 1.9919338e+01 1.9573941e+01 1.9311264e+01 1.9074142e+01 1.8845089e+01 1.8624599e+01 1.8414562e+01 1.8238302e+01 1.8084152e+01 1.7957107e+01
2.3094246e+01 2.3034489e+01 2.2895653e+01 2.2842104e+01 2.2787441e+01 2.2739790e+01 2.2741026e+01 2.2609032e+01 2.2470829e+01 2.2381145e+01 2.2278766e+01 2.2237301e+01 2.2180790e+01 2.2109653e+01 2.2045423e+01 2.1984438e+01 2.1899043e+01 2.1850724e+01 2.1799060e+01 2.1738471e+01 2.1663459e+01 2.1591984e+01 2.1514672e+01 2.1444803e+01 2.1394893e+01 2.1348238e+01 2.1306227e+01 2.1257090e+01 2.1189670e+01 2.1116181e+01 2.1032082e+01 2.0957681e+01 2.0914909e+01 2.0922505e+01 2.0797197e+01 2.0801893e+01 2.0667230e+01 2.0601021e+01 2.0411426e+01 2.0185806e+01 2.0164375e+01 1.9789304e+01 1.9517777e+01 1.9306370e+01 1.9106247e+01 1.8918018e+01 1.8731720e+01 1.8537203e+01 1.8386832e+01 1.8250939e+01
2.3251215e+01 2.3236634e+01 2.3116586e+01 2.3014321e+01 2.2997493e+01 2.2913102e+01 2.2894022e+01 2.2843173e+01 2.2696782e+01 2.2601777e+01 2.2531001e+01 2.2452165e+01 2.2353128e+01 2.2302940e+01 2.2226100e+01 2.2119023e+01 2.2062371e+01 2.2001085e+01 2.1943342e+01 2.1887544e+01 2.1834536e+01 2.1767431e+01 2.1704982e+01 2.1627690e+01 2.1555256e+01 2.1493748e+01 2.1444830e+01 2.1383523e+01 2.1310243e+01 2.1236973e+01 2.1169065e+01 2.1081493e+01 2.1019071e+01 2.1020982e+01 2.1026659e+01 2.0384846e+01 2.0853029e+01 2.0673832e+01 2.0475860e+01 2.0363200e+01 2.0208681e+01 1.9974491e+01 1.9719719e+01 1.9520441e+01 1.9319673e+01 1.9131757e+01 1.8951272e+01 1.8800951e+01 1.8673051e+01 1.8568864e+01
2.3415657e+01 2.3413793e+01 2.3362851e+01 2.3221110e+01 2.3152082e+01 2.3109919e+01 2.3047259e+01 2.3047582e+01 2.2945837e+01 2.2811575e+01 2.2742386e+01 2.2672656e+01 2.2589908e+01 2.2457830e+01 2.2360397e+01 2.2293251e+01 2.2212515e+01 2.2161397e+01 2.2081527e+01 2.2016935e+01 2.1966325e+01 2.1900547e+01 2.1855370e+01 2.1810484e+01 2.1734785e+01 2.1665600e+01 2.1599621e+01 2.1527781e+01 2.1450505e+01 2.1354503e+01 2.1289070e+01 2.1211316e+01 2.1148656e+01 2.1104725e+01 2.1109884e+01 2.1175811e+01 2.1167052e+01 2.0885715e+01 2.0644934e+01 2.0483827e+01 2.0354599e+01 2.0106554e+01 1.9895022e+01 1.9724285e+01 1.9544568e+01 1.9350898e+01 1.9163361e+01 1.9005664e+01 1.8861954e+01 1.8614595e+01
2.3598156e+01 2.3582279e+01 2.3562745e+01 2.3466854e+01 2.3339043e+01 2.3312365e+01 2.3221632e+01 2.3217665e+01 2.3181204e+01 2.3029610e+01 2.2933247e+01 2.2858747e+01 2.2823940e+01 2.2679145e+01 2.2555674e+01 2.2478675e+01 2.2400182e+01 2.2324203e+01 2.2241690e+01 2.2145453e+01 2.2111179e+01 2.2034529e+01 2.1976837e+01 2.1920686e+01 2.1875004e+01 2.1814949e+01 2.1765664e+01 2.1696977e+01 2.1617911e+01 2.1521373e+01 2.1426626e+01 2.1356406e+01 2.1284268e+01 2.1241569e+01 2.1218308e+01 2.1170424e+01 2.1226810e+01 2.1039856e+01 2.0905161e+01 2.0484203e+01 2.0500834e+01 2.0274806e+01 2.0080984e+01 1.9893450e+01 1.9712409e+01 1.9533189e+01 1.9343554e+01 1.9194328e+01 1.9034985e+01 1.8858111e+01
