ahotovec/data/depth_0056.asc
ncols     164
nrows     146
xllcorner -1.242151388888889e+02
yllcorner  4.172986111111111e+01
cellsize  2.777777777820000e-04
nodata_value       -9999
[rows 110 to 131 of 146, columns 0 to 49 of 164]
2.1363981e+01 2.1414609e+01 2.0737749e+01 2.1002682e+01 2.0712051e+01 2.0588472e+01 2.0463765e+01 1.9949209e+01 1.9677550e+01 1.9340514e+01 1.9203177e+01 1.9279152e+01 1.9130231e+01 1.8047305e+01 1.8956716e+01 1.9117549e+01 1.8431132e+01 1.7742393e+01 1.7912126e+01 1.7881413e+01 1.7779568e+01 1.6480529e+01 1.5878142e+01 1.6248314e+01 1.6306188e+01 1.6039007e+01 1.5955840e+01 1.5334329e+01 1.5576416e+01 1.5136660e+01 1.4635841e+01 1.4019717e+01 1.3893852e+01 1.3508669e+01 1.2861440e+01 1.2447203e+01 1.2175752e+01 1.1358469e+01 1.0989449e+01 1.0012312e+01 6.3483784e+00 6.4274557e+00 1.0607767e+01 1.0851317e+01 1.0892740e+01 1.1199113e+01 1.1502214e+01 1.1232439e+01 1.1017692e+01 1.0584502e+01
2.1324857e+01 2.1271100e+01 2.1165890e+01 2.1152576e+01 2.0868342e+01 2.0168243e+01 1.9964057e+01 2.0129755e+01 1.9956365e+01 1.9688658e+01 1.9573014e+01 1.9507172e+01 1.9328457e+01 1.8741364e+01 1.9696588e+01 1.9786739e+01 1.9146449e+01 1.9191770e+01 1.8809368e+01 1.8548577e+01 1.8010597e+01 1.6696784e+01 1.7046302e+01 1.7368832e+01 1.7196610e+01 1.6765756e+01 1.6496448e+01 1.6125807e+01 1.5880600e+01 1.5876603e+01 1.5805660e+01 1.4706646e+01 1.4541471e+01 1.4027869e+01 1.3567327e+01 1.2923186e+01 1.2462683e+01 1.2243769e+01 1.1483800e+01 1.1665806e+01 1.1476318e+01 1.0724196e+01 1.0884681e+01 1.0983601e+01 1.1178385e+01 1.2002395e+01 1.2399137e+01 1.1949679e+01 1.1634595e+01 1.1116569e+01
2.1369913e+01 2.1267075e+01 2.1246201e+01 2.1054196e+01 2.1052444e+01 2.0850959e+01 2.0639291e+01 2.0421311e+01 2.0252766e+01 2.0034698e+01 1.9935618e+01 1.9881971e+01 1.9936790e+01 1.9977821e+01 1.9940610e+01 1.9946430e+01 1.9612013e+01 1.9426504e+01 1.8797644e+01 1.8666077e+01 1.7880423e+01 1.8479474e+01 1.8595455e+01 1.8427506e+01 1.7975529e+01 1.7632024e+01 1.7406241e+01 1.6866575e+01 1.6352097e+01 1.6034012e+01 1.5917380e+01 1.5892841e+01 1.5253800e+01 1.4084121e+01 1.3721661e+01 1.3534577e+01 1.2507141e+01 1.1649163e+01 1.1100467e+01 1.1680924e+01 1.1508728e+01 1.0863251e+01 1.0789401e+01 1.1156937e+01 1.1859205e+01 1.2905041e+01 1.2810369e+01 1.1532101e+01 1.0636439e+01 1.0790733e+01
2.1509541e+01 2.1403606e+01 2.1339780e+01 2.1314982e+01 2.1139216e+01 2.0948397e+01 2.0799412e+01 2.0656578e+01 2.0530548e+01 2.0439468e+01 2.0355765e+01 2.0336068e+01 2.0307362e+01 2.0247488e+01 2.0130968e+01 2.0103565e+01 1.9883973e+01 1.9566990e+01 1.9456519e+01 1.9469131e+01 1.9556949e+01 1.9445968e+01 1.9142420e+01 1.8831499e+01 1.8617548e+01 1.8315072e+01 1.7213085e+01 1.5762983e+01 1.7073635e+01 1.6524770e+01 1.6116593e+01 1.5950585e+01 1.5103701e+01 1.5037838e+01 1.4861558e+01 1.3831226e+01 1.2611150e+01 1.1251175e+01 1.0240831e+01 1.0332866e+01 1.0624754e+01 9.9883484e+00 9.8058005e+00 1.1099874e+01 1.2765950e+01 1.3240745e+01 1.3329758e+01 1.3137086e+01 1.2587453e+01 1.3330571e+01
2.1604857e+01 2.1520807e+01 2.1444644e+01 2.1374068e+01 2.1260863e+01 2.1128684e+01 2.1031190e+01 2.0963132e+01 2.0931320e+01 2.0867297e+01 2.0725104e+01 2.0662268e+01 1.9221977e+01 1.7823699e+01 2.0672796e+01 2.0213701e+01 1.9994182e+01 1.9927575e+01 1.9863752e+01 1.9828450e+01 1.9925433e+01 1.9802530e+01 1.9543397e+01 1.9271944e+01 1.9061612e+01 1.8828293e+01 1.8416513e+01 1.8046502e+01 1.8032997e+01 1.6598680e+01 1.6703997e+01 1.5450463e+01 1.5609007e+01 1.5096396e+01 1.5148850e+01 1.1789605e+01 1.2104403e+01 1.0926856e+01 7.3745033e+00 1.1052058e+01 1.1204102e+01 1.0905947e+01 9.9469462e+00 1.2216055e+01 1.3565011e+01 1.3824971e+01 1.2953007e+01 1.3903742e+01 1.3966062e+01 1.3969704e+01
2.1731934e+01 2.1652542e+01 2.1585292e+01 2.1488910e+01 2.1424196e+01 2.1342599e+01 2.1261469e+01 2.1187062e+01 2.0688179e+01 1.5331431e+01 2.0889167e+01 2.0952368e+01 2.0979846e+01 2.0784203e+01 2.0819073e+01 2.0579024e+01 2.0382931e+01 2.0290748e+01 2.0272949e+01 2.0355849e+01 2.0461550e+01 2.0391513e+01 2.0182748e+01 1.9628979e+01 1.9619977e+01 1.9043904e+01 1.9325818e+01 1.9324090e+01 1.9185443e+01 1.7998091e+01 1.7519604e+01 1.5250045e+01 1.5988870e+01 1.6887027e+01 1.5356446e+01 1.0705731e+01 1.0034689e+01 1.1469181e+01 1.2251541e+01 1.1327633e+01 1.1659041e+01 1.2117630e+01 1.2846221e+01 1.3768739e+01 1.3701702e+01 1.4525621e+01 1.4041708e+01 1.4378135e+01 1.4388089e+01 1.4576445e+01
2.1851954e+01 2.1799155e+01 2.1739465e+01 2.1652218e+01 2.1582700e+01 2.1523013e+01 2.1468194e+01 2.1386197e+01 2.1211452e+01 1.8871011e+01 2.1145911e+01 2.1262623e+01 2.1118609e+01 2.0990458e+01 2.0848284e+01 2.0730620e+01 2.0638719e+01 2.0563962e+01 2.0508208e+01 2.0706182e+01 1.9793728e+01 2.0561594e+01 2.0365092e+01 2.0139811e+01 1.9699005e+01 1.9721710e+01 1.8909974e+01 1.9700038e+01 1.9635477e+01 1.9473262e+01 1.8328343e+01 1.8186629e+01 1.7977456e+01 1.7502381e+01 1.6706145e+01 1.2761942e+01 1.2400691e+01 1.1551017e+01 1.1802939e+01 1.2421212e+01 1.2731933e+01 1.2936038e+01 1.3550025e+01 1.4258880e+01 1.4255953e+01 1.4770405e+01 1.4976657e+01 1.4729489e+01 1.4964786e+01 1.5173509e+01
2.2010827e+01 2.1935123e+01 2.1879343e+01 2.1789952e+01 2.1719948e+01 2.1659576e+01 2.1616250e+01 2.1590553e+01 2.1580340e+01 2.1581283e+01 2.1489082e+01 2.1348101e+01 2.1238061e+01 2.1119313e+01 2.0991429e+01 2.0884306e+01 2.0827233e+01 2.0621602e+01 2.0610834e+01 2.0832036e+01 2.0641722e+01 2.1069025e+01 2.0742149e+01 2.0815537e+01 2.0131905e+01 1.9927385e+01 1.7313965e+01 1.9063023e+01 1.9842754e+01 1.9428792e+01 1.8696099e+01 1.7534086e+01 1.8399116e+01 1.7399757e+01 1.7065659e+01 1.6541754e+01 1.6692125e+01 1.4860926e+01 1.3217469e+01 1.3597821e+01 1.3172808e+01 1.3298278e+01 1.4472820e+01 1.4614273e+01 1.4817685e+01 1.5567326e+01 1.5620065e+01 1.5528033e+01 1.5465088e+01 1.5542110e+01
2.2240926e+01 2.2164262e+01 2.2071310e+01 2.1979285e+01 2.1861177e+01 2.1813433e+01 2.1723717e+01 2.1724452e+01 2.1674337e+01 2.1618433e+01 2.1558675e+01 2.1464034e+01 2.1350715e+01 2.1258022e+01 2.1161820e+01 2.1054019e+01 2.0985045e+01 2.0916727e+01 2.0869754e+01 2.0844361e+01 2.0891183e+01 2.0880671e+01 2.0774747e+01 2.0681690e+01 2.0517078e+01 2.0546957e+01 1.9560365e+01 1.9947703e+01 2.0441246e+01 2.0001484e+01 1.9492232e+01 1.9142877e+01 1.9112888e+01 1.8177668e+01 1.6795669e+01 1.6743543e+01 1.6382793e+01 1.5680665e+01 1.5706894e+01 1.5008581e+01 1.4159761e+01 1.4674378e+01 1.5321497e+01 1.5449954e+01 1.5629825e+01 1.5716741e+01 1.5090407e+01 1.5965930e+01 1.5878550e+01 1.5992540e+01
2.2385402e+01 2.2303116e+01 2.2232576e+01 2.2166829e+01 2.2109285e+01 2.2000736e+01 2.1917448e+01 2.1859775e+01 2.1787183e+01 2.1723516e+01 2.1646867e+01 2.1572852e+01 2.1511410e+01 2.1407310e+01 2.1310425e+01 2.1212716e+01 2.1126321e+01 2.1056423e+01 2.1000108e+01 2.0939785e+01 2.0903713e+01 2.0944075e+01 2.1073003e+01 2.0588604e+01 2.0584958e+01 2.0679090e+01 2.0810270e+01 2.0924822e+01 2.0667135e+01 2.0301459e+01 1.9980052e+01 1.9435168e+01 1.9422439e+01 1.9440771e+01 1.7183246e+01 1.7518737e+01 1.7540897e+01 1.6498974e+01 1.6259372e+01 1.6050594e+01 1.5081456e+01 1.4540346e+01 1.6239491e+01 1.5947767e+01 1.6019159e+01 1.6714358e+01 1.6892177e+01 1.6329654e+01 1.6220735e+01 1.6193484e+01
2.2540739e+01 2.2483399e+01 2.2414702e+01 2.2338797e+01 2.2247220e+01 2.2138948e+01 2.2078477e+01 2.2045695e+01 2.1996576e+01 2.1953525e+01 2.1841245e+01 2.1689199e+01 2.1616216e+01 2.1566782e+01 2.1477680e+01 2.1398297e+01 2.1312878e+01 2.1221121e+01 2.1123863e+01 2.1003317e+01 2.1041395e+01 2.1019184e+01 2.1042810e+01 2.1084999e+01 2.0903147e+01 2.0370811e+01 1.8680897e+01 1.7785839e+01 2.0716715e+01 2.0219443e+01 2.0458422e+01 2.0329707e+01 2.0112314e+01 1.8451266e+01 1.9086362e+01 1.8115829e+01 1.6932857e+01 1.6504461e+01 1.4687224e+01 1.4269333e+01 1.5406871e+01 1.5435911e+01 1.6987040e+01 1.5983960e+01 1.5630534e+01 1.6931835e+01 1.6988416e+01 1.6789158e+01 1.6595500e+01 1.6498293e+01
2.2735272e+01 2.2648250e+01 2.2582828e+01 2.2507215e+01 2.2442210e+01 2.2372637e+01 2.2274821e+01 2.2198371e+01 2.2143655e+01 2.2144848e+01 2.2107733e+01 2.1922198e+01 2.1802508e+01 2.1708256e+01 2.1650304e+01 2.1582086e+01 2.1511488e+01 2.1419325e+01 2.1291375e+01 2.1171980e+01 2.1212477e+01 2.1174384e+01 2.1149146e+01 2.1140382e+01 2.1082768e+01 2.1058220e+01 2.1124571e+01 2.0270205e+01 2.0493289e+01 2.1121760e+01 2.0720089e+01 2.0610989e+01 2.0194204e+01 1.9508979e+01 1.9887831e+01 1.8134338e+01 1.6730566e+01 1.6770837e+01 1.6306165e+01 1.4772910e+01 1.1913751e+01 1.1296432e+01 1.6665186e+01 1.7555772e+01 1.6402104e+01 1.7547631e+01 1.7204260e+01 1.7025239e+01 1.6917259e+01 1.6828308e+01
2.2917380e+01 2.2848573e+01 2.2786361e+01 2.2707565e+01 2.2608876e+01 2.2518033e+01 2.2426593e+01 2.2365741e+01 2.2328027e+01 2.2252130e+01 2.2167064e+01 2.2081413e+01 2.2005909e+01 2.1905625e+01 2.1809698e+01 2.1731350e+01 2.1658049e+01 2.1588597e+01 2.1513244e+01 2.1421660e+01 2.1364960e+01 2.1317326e+01 2.1292536e+01 2.1245471e+01 2.1132491e+01 2.1357942e+01 2.1490243e+01 2.1119856e+01 2.1685194e+01 2.1198593e+01 2.0943703e+01 2.0876706e+01 2.0460507e+01 1.9379908e+01 1.9618186e+01 1.8210948e+01 1.6938805e+01 1.7277859e+01 1.5482497e+01 1.3587997e+01 1.2528935e+01 1.0502221e+01 1.6636476e+01 1.8768934e+01 1.7523615e+01 1.7805597e+01 1.7504641e+01 1.7338321e+01 1.7262016e+01 1.7223841e+01
2.3057357e+01 2.3007258e+01 2.2951748e+01 2.2905969e+01 2.2825492e+01 2.2718258e+01 2.2625693e+01 2.2530501e+01 2.2471579e+01 2.2398167e+01 2.2337074e+01 2.2252845e+01 2.2167505e+01 2.2083087e+01 2.2005447e+01 2.1934044e+01 2.1871246e+01 2.1782843e+01 2.1707039e+01 2.1627137e+01 2.1549061e+01 2.1494098e+01 2.1457434e+01 2.1444228e+01 2.1474129e+01 2.1480613e+01 2.1260376e+01 2.0959045e+01 2.1380182e+01 2.1407135e+01 2.1073869e+01 2.0993648e+01 2.0693121e+01 2.0971152e+01 2.0343923e+01 1.9757100e+01 1.8581734e+01 1.6425030e+01 1.5116290e+01 1.2408357e+01 1.0585470e+01 1.3272312e+01 1.8467933e+01 1.8762340e+01 1.8248019e+01 1.7950096e+01 1.7786291e+01 1.7656783e+01 1.7568075e+01 1.7523203e+01
2.3274000e+01 2.3189252e+01 2.3126111e+01 2.3049791e+01 2.2990515e+01 2.2901832e+01 2.2829300e+01 2.2748244e+01 2.2666109e+01 2.2586278e+01 2.2514509e+01 2.2443699e+01 2.2350518e+01 2.2274586e+01 2.2182386e+01 2.2129441e+01 2.2063033e+01 2.1993565e+01 2.1919844e+01 2.1797080e+01 2.1711333e+01 2.1685105e+01 2.1654065e+01 2.1611699e+01 2.1593465e+01 2.1612921e+01 2.1730429e+01 2.1791499e+01 2.1853617e+01 2.1665514e+01 2.1303544e+01 2.1154934e+01 2.0956193e+01 2.1243352e+01 2.1247024e+01 2.0208966e+01 1.9058205e+01 1.8586637e+01 1.7745483e+01 1.4759770e+01 1.5698358e+01 1.6757699e+01 1.9205570e+01 1.8786847e+01 1.8454687e+01 1.8240847e+01 1.8122719e+01 1.7970130e+01 1.7851933e+01 1.7726384e+01
2.3506096e+01 2.3384758e+01 2.3331283e+01 2.3236490e+01 2.3166638e+01 2.3077980e+01 2.2992029e+01 2.2918863e+01 2.2839899e+01 2.2765574e+01 2.2701885e+01 2.2654679e+01 2.2568894e+01 2.2472755e+01 2.2364424e+01 2.2299572e+01 2.2233858e+01 2.2175272e+01 2.2075615e+01 2.1976684e+01 2.1920218e+01 2.1881738e+01 2.1842365e+01 2.1777302e+01 2.1738985e+01 2.1742989e+01 2.1773215e+01 2.1807546e+01 2.1854168e+01 2.1829645e+01 2.1036367e+01 2.1389574e+01 2.1360872e+01 2.1329467e+01 2.1258435e+01 2.0796651e+01 1.9884550e+01 1.8894543e+01 1.9468555e+01 1.9958278e+01 1.8540000e+01 1.9296826e+01 1.9392530e+01 1.9067796e+01 1.8793176e+01 1.8572111e+01 1.8406680e+01 1.8252048e+01 1.8126549e+01 1.7986398e+01
2.3715764e+01 2.3578833e+01 2.3518383e+01 2.3431618e+01 2.3386186e+01 2.3329816e+01 2.3205175e+01 2.3106535e+01 2.3002314e+01 2.2924409e+01 2.2854645e+01 2.2817960e+01 2.2766598e+01 2.2675715e+01 2.2574111e+01 2.2485526e+01 2.2407680e+01 2.2312492e+01 2.2228486e+01 2.2181584e+01 2.2127422e+01 2.2061285e+01 2.1998864e+01 2.1952217e+01 2.1904329e+01 2.1867148e+01 2.1834287e+01 2.1814091e+01 2.1816463e+01 2.1779197e+01 2.1661552e+01 2.1548604e+01 2.1457158e+01 2.1401572e+01 2.1347225e+01 2.1232792e+01 2.1374865e+01 2.1119756e+01 2.0992587e+01 2.0597877e+01 2.0459714e+01 2.0116513e+01 1.9738531e+01 1.9413776e+01 1.9155052e+01 1.8937466e+01 1.8740471e+01 1.8569936e+01 1.8432213e+01 1.8294283e+01
2.3915480e+01 2.3802475e+01 2.3673770e+01 2.3639794e+01 2.3557495e+01 2.3542492e+01 2.3467438e+01 2.3307552e+01 2.3209636e+01 2.3094598e+01 2.3016502e+01 2.2947501e+01 2.2908075e+01 2.2844044e+01 2.2770600e+01 2.2679603e+01 2.2601032e+01 2.2512173e+01 2.2448936e+01 2.2368527e+01 2.2300365e+01 2.2233980e+01 2.2157184e+01 2.2104563e+01 2.2051363e+01 2.2005079e+01 2.1943403e+01 2.1908802e+01 2.1858256e+01 2.1793305e+01 2.1695234e+01 2.1625923e+01 2.1576683e+01 2.1532858e+01 2.1476262e+01 2.1435966e+01 2.1440822e+01 2.1295905e+01 2.1148406e+01 2.0918917e+01 2.0618489e+01 2.0260940e+01 1.9992439e+01 1.9748269e+01 1.9512855e+01 1.9287086e+01 1.9071753e+01 1.8890203e+01 1.8730618e+01 1.8598010e+01
2.4086928e+01 2.4016812e+01 2.3868146e+01 2.3805431e+01 2.3742087e+01 2.3686045e+01 2.3679036e+01 2.3538740e+01 2.3392141e+01 2.3293837e+01 2.3185778e+01 2.3132738e+01 2.3068132e+01 2.2989063e+01 2.2917957e+01 2.2851374e+01 2.2760782e+01 2.2706400e+01 2.2646981e+01 2.2578162e+01 2.2494102e+01 2.2411930e+01 2.2323440e+01 2.2243040e+01 2.2183670e+01 2.2128836e+01 2.2079491e+01 2.2023269e+01 2.1949576e+01 2.1871113e+01 2.1782632e+01 2.1703547e+01 2.1655297e+01 2.1656673e+01 2.1524966e+01 2.1523298e+01 2.1382237e+01 2.1309914e+01 2.1113953e+01 2.0881288e+01 2.0856420e+01 2.0469606e+01 2.0191721e+01 1.9973264e+01 1.9766914e+01 1.9573451e+01 1.9381958e+01 1.9182126e+01 1.9026210e+01 1.8884613e+01
2.4236590e+01 2.4212194e+01 2.4082824e+01 2.3971755e+01 2.3946459e+01 2.3853679e+01 2.3826237e+01 2.3766908e+01 2.3611879e+01 2.3508128e+01 2.3431673e+01 2.3341536e+01 2.3234545e+01 2.3176907e+01 2.3094047e+01 2.2981829e+01 2.2919966e+01 2.2852292e+01 2.2786600e+01 2.2722396e+01 2.2659991e+01 2.2581881e+01 2.2508263e+01 2.2420607e+01 2.2338885e+01 2.2269341e+01 2.2212989e+01 2.2144407e+01 2.2064767e+01 2.1986647e+01 2.1914572e+01 2.1822513e+01 2.1754677e+01 2.1750388e+01 2.1749620e+01 2.1100872e+01 2.1562464e+01 2.1376690e+01 2.1171921e+01 2.1052052e+01 2.0893736e+01 2.0647937e+01 2.0386345e+01 2.0180156e+01 1.9973335e+01 1.9780323e+01 1.9594781e+01 1.9439169e+01 1.9305685e+01 1.9195764e+01
2.4393478e+01 2.4382422e+01 2.4322685e+01 2.4172451e+01 2.4095124e+01 2.4044622e+01 2.3973488e+01 2.3965180e+01 2.3854630e+01 2.3711534e+01 2.3636653e+01 2.3555860e+01 2.3465286e+01 2.3326377e+01 2.3223570e+01 2.3151555e+01 2.3065459e+01 2.3007666e+01 2.2919746e+01 2.2846675e+01 2.2786305e+01 2.2709345e+01 2.2653114e+01 2.2598079e+01 2.2513295e+01 2.2436221e+01 2.2362701e+01 2.2283470e+01 2.2199856e+01 2.2099161e+01 2.2029787e+01 2.1947741e+01 2.1879753e+01 2.1829558e+01 2.1828005e+01 2.1886973e+01 2.1871319e+01 2.1582945e+01 2.1334950e+01 2.1166355e+01 2.1032935e+01 2.0773143e+01 2.0554545e+01 2.0376968e+01 2.0191322e+01 1.9992649e+01 1.9800150e+01 1.9637233e+01 1.9487927e+01 1.9234677e+01
2.4568267e+01 2.4543795e+01 2.4515921e+01 2.4411814e+01 2.4275862e+01 2.4240935e+01 2.4141662e+01 2.4128969e+01 2.4083651e+01 2.3923225e+01 2.3821126e+01 2.3735794e+01 2.3693387e+01 2.3542415e+01 2.3413916e+01 2.3332075e+01 2.3247991e+01 2.3165076e+01 2.3074480e+01 2.2969709e+01 2.2925336e+01 2.2837490e+01 2.2768944e+01 2.2702835e+01 2.2648305e+01 2.2580453e+01 2.2523544e+01 2.2447443e+01 2.2362183e+01 2.2261139e+01 2.2162685e+01 2.2088357e+01 2.2010964e+01 2.1961942e+01 2.1931731e+01 2.1876519e+01 2.1925653e+01 2.1731286e+01 2.1589062e+01 2.1160228e+01 2.1172383e+01 2.0934410e+01 2.0733259e+01 2.0538834e+01 2.0351986e+01 2.0167866e+01 1.9973409e+01 1.9819086e+01 1.9654214e+01 1.9471396e+01
