ahotovec/data/depth_0008.asc
ncols     164
nrows     146
xllcorner -1.242151388888889e+02
yllcorner  4.172986111111111e+01
cellsize  2.777777777820000e-04
nodata_value       -9999
[rows 110 to 131 of 146, columns 50 to 99 of 164]
8.9116395e+00 8.3059810e+00 7.0925329e+00 5.2323795e+00 3.4627952e+00 2.5952534e+00 2.1094021e+00 2.1594004e+00 1.6965704e+00 2.9722492e+00 4.3394905e+00 4.7931568e+00 4.9513510e+00 3.4390017e+00 2.9209658e+00 2.6846847e+00 9.4285877e-04 0.0000000e+00 1.4546812e+00 2.1471280e+00 2.4033109e+00 2.7916019e+00 3.1247792e+00 3.3911033e+00 3.5647746e+00 3.6050280e+00 3.5133081e+00 3.6222173e+00 4.0551828e+00 4.4177295e+00 4.7830842e+00 4.9121766e+00 5.2329583e+00 5.3113461e+00 5.4307324e+00 5.5347817e+00 5.6683374e+00 5.7566234e+00 5.8157192e+00 5.8574174e+00 5.9171763e+00 5.9326258e+00 5.9169438e+00 5.8313635e+00 5.7804156e+00 5.7395290e+00 5.7812348e+00 5.8414935e+00 5.8948819e+00 5.9604578e+00
1.0427070e+01 1.0415567e+01 9.1460049e+00 6.2757963e+00 2.8962390e+00 1.5094036e+00 2.3136272e+00 2.1444733e+00 3.1638918e+00 4.2950295e+00 5.3304307e+00 6.2655438e+00 6.9497175e+00 2.9080635e+00 3.3727530e+00 4.3301724e+00 2.0822735e+00 0.0000000e+00 0.0000000e+00 1.4994329e+00 2.0666312e+00 2.4116522e+00 2.7460865e+00 3.0085547e+00 3.2154923e+00 3.3289637e+00 3.3567629e+00 3.2762063e+00 3.4868013e+00 4.0021984e+00 4.4012128e+00 4.7236170e+00 4.9365018e+00 5.2233084e+00 5.3270146e+00 5.4317893e+00 5.5327507e+00 5.6313679e+00 5.6895704e+00 5.7404441e+00 5.7523929e+00 5.7299593e+00 5.6721016e+00 5.6163916e+00 5.6032221e+00 5.6365822e+00 5.7311028e+00 5.8357354e+00 5.9324918e+00 6.0070701e+00
1.1533340e+01 1.1753159e+01 1.0894120e+01 7.6236213e+00 0.0000000e+00 0.0000000e+00 0.0000000e+00 2.0478702e+00 3.5925431e+00 5.1258911e+00 6.5015725e+00 7.5245853e+00 8.3980183e+00 8.5663189e+00 8.7854469e+00 8.4525062e+00 7.0113605e+00 9.9589558e-01 0.0000000e+00 7.8593687e-04 1.8248001e+00 2.1213347e+00 2.4084490e+00 2.6749340e+00 2.8942325e+00 3.0511724e+00 3.1476649e+00 3.1645184e+00 3.1890928e+00 3.5917955e+00 4.0566243e+00 4.4125992e+00 4.6984622e+00 4.9269048e+00 5.0783784e+00 5.1217187e+00 5.0589329e+00 5.1550097e+00 5.2137754e+00 5.2684389e+00 5.3259177e+00 5.3346668e+00 5.3564095e+00 5.3743664e+00 5.4250564e+00 5.5360111e+00 5.7251576e+00 5.8700724e+00 5.9994845e+00 6.1158244e+00
1.2550317e+01 1.1628477e+01 1.1663553e+01 8.8312518e+00 9.3426578e-04 0.0000000e+00 0.0000000e+00 0.0000000e+00 5.8046251e+00 6.7267249e+00 8.0090896e+00 8.4449185e+00 9.0402912e+00 9.4322349e+00 9.8618967e+00 9.3845416e+00 9.0868901e+00 7.5370790e+00 5.3116605e-04 0.0000000e+00 1.2910125e+00 1.9217657e+00 2.0896775e+00 2.3673482e+00 2.5907277e+00 2.7861601e+00 2.9376441e+00 3.0795020e+00 3.2738614e+00 3.4196392e+00 3.8480404e+00 4.2018300e+00 4.4714628e+00 4.6203903e+00 4.5775667e+00 4.3388050e+00 4.2094143e+00 4.2914187e+00 4.5049674e+00 4.6622058e+00 4.7928872e+00 4.9146935e+00 5.0714026e+00 5.2379091e+00 5.3560404e+00 5.5230646e+00 5.7079613e+00 5.9288666e+00 6.1172835e+00 6.2561971e+00
1.3053517e+01 1.3420130e+01 1.3050417e+01 1.1220519e+01 7.7582157e+00 4.7329439e+00 1.1803955e+00 2.7401431e+00 9.0932949e+00 8.4032595e+00 9.4486098e+00 8.1428911e+00 9.2068615e+00 9.6617353e+00 1.0099475e+01 9.9935011e+00 9.3531775e+00 8.9006176e+00 6.0708913e+00 0.0000000e+00 9.6305466e-04 1.8837351e+00 1.8842005e+00 2.0766215e+00 2.3184032e+00 2.5418416e+00 2.7246476e+00 2.9459746e+00 3.2828554e+00 3.6292675e+00 3.7433864e+00 3.9751988e+00 4.1238122e+00 4.0319415e+00 3.7294804e+00 3.5127147e+00 3.5319649e+00 3.9508923e+00 4.2587731e+00 4.3482971e+00 4.5180352e+00 4.6651664e+00 4.9213954e+00 5.1842949e+00 5.3907170e+00 5.5752431e+00 5.8296629e+00 6.0953504e+00 6.3516393e+00 6.4720141e+00
1.3189803e+01 1.3671881e+01 1.3392239e+01 1.0146562e+01 1.1210640e+01 1.0910904e+01 9.8549278e+00 1.0597274e+01 1.0902642e+01 1.0695837e+01 1.0176635e+01 9.8242976e+00 1.1167653e+01 1.1102301e+01 1.0451208e+01 1.0425090e+01 1.0438578e+01 9.5441586e+00 7.1636827e+00 2.8627973e+00 0.0000000e+00 5.3778387e-01 1.8304285e+00 1.8619939e+00 2.0829245e+00 2.2959973e+00 2.5088284e+00 2.7591689e+00 3.1283022e+00 3.5105289e+00 3.7791956e+00 3.7209296e+00 3.6354734e+00 3.2996353e+00 3.0991541e+00 3.0555624e+00 3.1915052e+00 3.6848409e+00 4.1520004e+00 4.2062557e+00 4.4151771e+00 4.6763302e+00 4.9609165e+00 5.2220934e+00 5.4510091e+00 5.6881382e+00 5.9899681e+00 6.3183670e+00 6.6497676e+00 6.7523908e+00
1.3540731e+01 1.3677628e+01 1.3749597e+01 1.4251720e+01 1.3545660e+01 1.3235320e+01 1.3103400e+01 1.2850668e+01 1.2265964e+01 1.1592768e+01 1.1472979e+01 1.1536738e+01 1.1531925e+01 1.1373685e+01 1.0943438e+01 1.1183370e+01 1.0998340e+01 1.0243125e+01 9.1550389e+00 6.1632295e+00 4.6507849e-01 0.0000000e+00 9.0505808e-01 1.7924831e+00 1.8982679e+00 2.1048500e+00 2.3305303e+00 2.5714174e+00 2.8999068e+00 3.2187012e+00 3.5186700e+00 3.4725828e+00 3.1234010e+00 2.8974117e+00 2.8016566e+00 2.9118388e+00 3.0673303e+00 3.3274478e+00 3.6595283e+00 4.0442973e+00 4.4009484e+00 4.7456188e+00 5.0633834e+00 5.3088502e+00 5.5340129e+00 5.7959101e+00 6.1591675e+00 6.8866301e+00 6.9226717e+00 6.8313457e+00
1.4767046e+01 1.4616332e+01 1.4272334e+01 1.3638795e+01 1.4050289e+01 1.3832919e+01 1.3412454e+01 1.3319294e+01 1.2463345e+01 1.2253611e+01 1.2086110e+01 1.2258951e+01 1.2261874e+01 1.1951568e+01 1.1078380e+01 1.1098777e+01 1.0756345e+01 1.0082179e+01 1.0221010e+01 9.5910229e+00 5.9771088e+00 0.0000000e+00 0.0000000e+00 1.2962984e+00 1.7784498e+00 1.8603865e+00 1.9975401e+00 2.1714086e+00 2.3726633e+00 2.5679756e+00 2.7643948e+00 2.8677479e+00 2.7879289e+00 2.6550917e+00 2.6095926e+00 2.6744534e+00 2.9068053e+00 3.2585713e+00 3.6272244e+00 4.1428280e+00 4.5421308e+00 4.8318654e+00 5.1785111e+00 5.4526716e+00 5.6792623e+00 5.9122696e+00 5.9081820e+00 6.2550048e+00 6.9526480e+00 6.9690063e+00
1.5061434e+01 1.5503222e+01 1.5231723e+01 1.4864096e+01 1.4463028e+01 1.3775476e+01 1.3572035e+01 1.3366058e+01 1.3254601e+01 1.2834237e+01 1.2286848e+01 1.2536321e+01 1.2433605e+01 1.2364519e+01 1.1567284e+01 1.0604552e+01 1.1337017e+01 1.0300294e+01 9.6489574e+00 1.0108310e+01 8.1187394e+00 0.0000000e+00 0.0000000e+00 9.8144298e-04 1.3374188e+00 1.7734922e+00 1.9200416e+00 1.8889546e+00 1.9347279e+00 1.9668866e+00 1.9556297e+00 2.1099343e+00 2.2672573e+00 2.3937870e+00 2.3357221e+00 2.4428063e+00 2.7547174e+00 3.2072990e+00 3.7334932e+00 4.2518715e+00 4.7954123e+00 5.0864793e+00 5.4116527e+00 5.6620819e+00 5.9364462e+00 6.1939191e+00 6.3817203e+00 6.5731978e+00 6.9697488e+00 7.2031163e+00
1.5143584e+01 1.4765834e+01 1.5204058e+01 1.4884244e+01 1.4360505e+01 1.3497904e+01 1.3780074e+01 1.3674407e+01 1.3869916e+01 1.3456321e+01 1.2452043e+01 1.2304249e+01 1.1886803e+01 1.2784243e+01 1.2721232e+01 1.1769424e+01 1.1717792e+01 1.0562431e+01 1.0988451e+01 1.0441630e+01 1.0008678e+01 3.2684441e+00 0.0000000e+00 0.0000000e+00 0.0000000e+00 1.1407163e+00 1.1955643e+00 1.4690329e+00 1.3314925e+00 1.5491322e+00 1.5336021e+00 1.4652360e+00 1.6891372e+00 1.9116403e+00 2.2197923e+00 2.2777634e+00 2.5661228e+00 3.2992382e+00 4.0226603e+00 4.6546309e+00 5.1475347e+00 5.4577101e+00 5.7811032e+00 6.0451629e+00 6.3212319e+00 6.5837307e+00 6.8886630e+00 7.1655837e+00 7.3302554e+00 7.4915882e+00
1.5332331e+01 1.5420056e+01 1.5241318e+01 1.4671154e+01 1.4380577e+01 1.4235530e+01 1.4275271e+01 1.3880519e+01 1.2910845e+01 1.3819746e+01 1.2943416e+01 1.2519160e+01 1.2485866e+01 1.2558127e+01 1.3041174e+01 1.2977867e+01 1.2471009e+01 1.2004068e+01 1.1297396e+01 9.9261818e+00 1.0540117e+01 8.3751750e+00 9.1296584e-04 0.0000000e+00 0.0000000e+00 0.0000000e+00 0.0000000e+00 0.0000000e+00 0.0000000e+00 0.0000000e+00 8.1753713e-01 1.2132136e-01 1.4690024e+00 1.4577553e+00 1.5758145e+00 2.4281054e+00 2.7306333e+00 3.3459554e+00 4.5675086e+00 5.4111086e+00 5.7760395e+00 6.0209875e+00 6.3199090e+00 6.5939447e+00 6.8600954e+00 7.0844531e+00 7.3404342e+00 7.5720596e+00 7.7506358e+00 7.8767456e+00
1.5656360e+01 1.5448322e+01 1.5547454e+01 1.5091508e+01 1.4540506e+01 1.4401224e+01 1.4164037e+01 1.4086238e+01 1.3821860e+01 1.4356051e+01 1.3426734e+01 1.2930573e+01 1.2660172e+01 1.2763925e+01 1.3231944e+01 1.2739544e+01 1.3018107e+01 1.2269866e+01 1.1462084e+01 1.1077353e+01 1.0846743e+01 1.1307688e+01 7.9146227e+00 1.1174364e+00 0.0000000e+00 0.0000000e+00 0.0000000e+00 0.0000000e+00 0.0000000e+00 0.0000000e+00 0.0000000e+00 0.0000000e+00 0.0000000e+00 0.0000000e+00 0.0000000e+00 3.5380242e-04 6.7606174e-02 1.5218867e+00 6.0628823e+00 6.4212636e+00 6.5843989e+00 6.7953055e+00 7.0607852e+00 7.2831548e+00 7.5024987e+00 7.6795878e+00 7.8661403e+00 7.9871452e+00 8.1279899e+00 8.2955840e+00
1.6081154e+01 1.5964999e+01 1.5811712e+01 1.5331615e+01 1.4840656e+01 1.4625435e+01 1.4509139e+01 1.4463230e+01 1.4466465e+01 1.4222864e+01 1.3730645e+01 1.3439071e+01 1.3322463e+01 1.3314780e+01 1.3640532e+01 1.3493060e+01 1.2188705e+01 1.2332899e+01 1.2056408e+01 1.1560251e+01 1.0671369e+01 1.1534636e+01 1.1177027e+01 8.7696204e+00 7.2817055e+00 2.6553799e+00 1.5048293e+00 3.1154979e+00 7.7105688e+00 7.6973928e+00 8.0692603e+00 7.6094179e+00 6.3153533e+00 5.0302716e+00 3.0390624e+00 1.1101968e+00 9.2522502e-04 9.1939779e-04 7.8600566e+00 8.0049369e+00 7.7249884e+00 7.7808034e+00 7.9191306e+00 8.0521432e+00 8.1623175e+00 8.2827213e+00 8.3522864e+00 8.4064007e+00 8.3807357e+00 8.5803010e+00
1.5845903e+01 1.5959150e+01 1.5927654e+01 1.5571464e+01 1.5343199e+01 1.3813362e+01 1.4622501e+01 1.5011945e+01 1.4648351e+01 1.4378850e+01 1.4119768e+01 1.4029526e+01 1.3862222e+01 1.3922164e+01 1.3818717e+01 1.3566947e+01 1.3656396e+01 1.2230380e+01 1.2541811e+01 1.2203804e+01 1.1886846e+01 1.1666761e+01 1.1509151e+01 1.1415016e+01 1.0187835e+01 5.1951600e+00 3.7528840e+00 5.3858264e+00 7.9590071e+00 1.0698750e+01 1.0542552e+01 1.0177433e+01 1.0373683e+01 9.9384832e+00 9.6177552e+00 1.0174257e+01 9.7985343e+00 9.1347425e+00 9.5481750e+00 9.0176697e+00 8.7778085e+00 8.7134142e+00 8.7235981e+00 8.7283432e+00 8.7392311e+00 8.7938862e+00 8.8394257e+00 8.8341351e+00 8.6616529e+00 8.6156169e+00
1.6498442e+01 1.6408717e+01 1.6197843e+01 1.5969862e+01 1.5632616e+01 1.1976943e+01 1.4616873e+01 1.5525582e+01 1.5129710e+01 1.4895644e+01 1.4706728e+01 1.4605864e+01 1.4343678e+01 1.4288329e+01 1.4189153e+01 1.3855031e+01 1.3670303e+01 1.2484266e+01 1.2587293e+01 1.3012812e+01 1.2948183e+01 1.2325094e+01 1.1600702e+01 1.1484749e+01 1.1186613e+01 8.5228290e+00 5.5080113e+00 5.6669309e+00 7.9387620e+00 1.0673557e+01 9.9054330e+00 1.0475690e+01 1.0198613e+01 1.0538908e+01 1.0764614e+01 1.0625311e+01 9.5606030e+00 9.9293140e+00 9.6631999e+00 9.4751605e+00 9.3623414e+00 9.2896009e+00 9.2200921e+00 9.1909414e+00 9.1658105e+00 9.1639764e+00 9.2076995e+00 8.5016923e+00 8.9059546e+00 8.9864226e+00
1.6765960e+01 1.6654071e+01 1.6575359e+01 1.6315771e+01 1.6307265e+01 1.6234789e+01 1.6182332e+01 1.6072677e+01 1.5951208e+01 1.5707333e+01 1.5394357e+01 1.5295061e+01 1.4939942e+01 1.4946872e+01 1.4675388e+01 1.4278774e+01 1.2491778e+01 1.3547653e+01 1.3480553e+01 1.2964573e+01 1.2862421e+01 1.3184455e+01 1.2439035e+01 1.1966011e+01 1.1609130e+01 1.1055493e+01 8.2760212e+00 7.9618454e+00 1.0985894e+01 1.0664420e+01 9.9883083e+00 1.0518147e+01 9.7575197e+00 9.9511156e+00 1.0743058e+01 1.0699862e+01 1.0891924e+01 1.0305284e+01 9.9636415e+00 9.8421958e+00 9.7177238e+00 9.6235004e+00 9.5704918e+00 9.5187771e+00 9.5015889e+00 9.4392883e+00 9.3637066e+00 8.1169074e+00 8.4576691e+00 9.2144530e+00
1.7056617e+01 1.6941118e+01 1.6875432e+01 1.6818792e+01 1.6690697e+01 1.6526980e+01 1.6464073e+01 1.6135801e+01 1.6346885e+01 1.6086052e+01 1.6067354e+01 1.5566220e+01 1.5413695e+01 1.5222828e+01 1.5052367e+01 1.4551613e+01 1.3859348e+01 1.4187069e+01 1.4103689e+01 1.3966770e+01 1.3432916e+01 1.3872193e+01 1.3318499e+01 1.2620431e+01 1.2277731e+01 1.1448098e+01 1.1621526e+01 1.1988203e+01 1.1590748e+01 1.1023158e+01 1.0746664e+01 1.0660256e+01 1.0447063e+01 1.0670775e+01 1.0860725e+01 1.1136497e+01 1.1020425e+01 1.0733113e+01 1.0214596e+01 1.0044773e+01 9.9353783e+00 9.8407780e+00 9.7689607e+00 9.6916169e+00 9.6534256e+00 9.5994085e+00 9.5126388e+00 9.5345431e+00 9.5717681e+00 9.5292677e+00
1.7389087e+01 1.7270688e+01 1.7179141e+01 1.7177786e+01 1.7029907e+01 1.6854030e+01 1.6651292e+01 1.6507219e+01 1.6445683e+01 1.6269430e+01 1.6085148e+01 1.6006203e+01 1.5744600e+01 1.5461537e+01 1.5366520e+01 1.5215779e+01 1.4794350e+01 1.4467534e+01 1.4485501e+01 1.4353407e+01 1.4317850e+01 1.4316150e+01 1.4078537e+01 1.3205243e+01 1.2753155e+01 1.1937105e+01 1.2664646e+01 1.2262956e+01 1.1820538e+01 1.1285135e+01 1.1071546e+01 1.0539733e+01 9.8789100e+00 1.0576226e+01 9.3774079e+00 1.0862372e+01 1.1198034e+01 1.0878676e+01 1.0467620e+01 1.0225370e+01 1.0082269e+01 9.9607287e+00 9.8723318e+00 9.7790262e+00 9.7236041e+00 9.7047089e+00 9.6099795e+00 9.6180218e+00 9.5781914e+00 9.5628419e+00
1.7690851e+01 1.7567937e+01 1.7455382e+01 1.7377423e+01 1.7398064e+01 1.7206082e+01 1.6929560e+01 1.6706298e+01 1.6573756e+01 1.6469654e+01 1.6258538e+01 1.6163399e+01 1.5984183e+01 1.5847091e+01 1.5554360e+01 1.5110599e+01 1.4865372e+01 1.4466885e+01 1.4701964e+01 1.4677026e+01 1.4623299e+01 1.4423402e+01 1.4335695e+01 1.3586457e+01 1.3460039e+01 1.3199873e+01 1.2907589e+01 1.2486823e+01 1.2363343e+01 1.1749706e+01 1.1654899e+01 1.1254311e+01 1.0539855e+01 1.0613562e+01 1.0697222e+01 1.1438115e+01 1.1439401e+01 1.0950258e+01 1.0618694e+01 1.0406770e+01 1.0239673e+01 1.0099448e+01 1.0005627e+01 9.9022725e+00 9.8400670e+00 9.8018539e+00 9.7523634e+00 9.7710388e+00 9.7636649e+00 9.6956889e+00
1.7986323e+01 1.8006808e+01 1.7798008e+01 1.7502067e+01 1.7371714e+01 1.7248128e+01 1.7126235e+01 1.6898529e+01 1.6728654e+01 1.6665151e+01 1.6478834e+01 1.6338601e+01 1.6225478e+01 1.6260091e+01 1.5887177e+01 1.5868735e+01 1.5226731e+01 1.4470104e+01 1.4890285e+01 1.5033458e+01 1.4952329e+01 1.4704551e+01 1.4121833e+01 1.3832998e+01 1.3730302e+01 1.3659172e+01 1.3134117e+01 1.2281797e+01 1.2729638e+01 1.2765234e+01 1.1736066e+01 1.1576341e+01 1.1426878e+01 1.0891623e+01 1.1478153e+01 1.1488338e+01 1.0472702e+01 1.0952591e+01 1.0858728e+01 1.0618656e+01 1.0433577e+01 1.0290278e+01 1.0190128e+01 1.0093894e+01 1.0037235e+01 1.0020476e+01 1.0011113e+01 9.6225290e+00 1.0088887e+01 9.9973824e+00
1.8203651e+01 1.7978064e+01 1.7957166e+01 1.7704189e+01 1.7474945e+01 1.7400447e+01 1.7382419e+01 1.7167300e+01 1.7021993e+01 1.6938134e+01 1.6840721e+01 1.6725160e+01 1.6641020e+01 1.6577970e+01 1.6265461e+01 1.6115414e+01 1.5529149e+01 1.2439387e+01 1.4401266e+01 1.4842486e+01 1.4601452e+01 1.4517434e+01 1.4505023e+01 1.4360185e+01 1.4179950e+01 1.4204826e+01 1.3414278e+01 1.2958353e+01 1.1536053e+01 1.2265353e+01 1.2690505e+01 1.2344067e+01 1.1868544e+01 1.0580153e+01 1.0996534e+01 1.0714773e+01 1.0246622e+01 1.1058197e+01 1.1027231e+01 1.0803459e+01 1.0601283e+01 1.0453097e+01 1.0371897e+01 1.0322864e+01 1.0343832e+01 1.0394220e+01 1.0296134e+01 9.9096802e+00 1.0211880e+01 1.0363631e+01
1.8295132e+01 1.8169106e+01 1.8003058e+01 1.7877052e+01 1.7666998e+01 1.7582239e+01 1.7559282e+01 1.7536735e+01 1.7463565e+01 1.7360595e+01 1.7263634e+01 1.7123618e+01 1.6949983e+01 1.6702101e+01 1.6581344e+01 1.6141864e+01 1.5807528e+01 1.5329937e+01 1.5622159e+01 1.5199886e+01 1.4978759e+01 1.4403695e+01 1.4050732e+01 1.4490523e+01 1.4542523e+01 1.4588466e+01 1.3920582e+01 1.3418615e+01 1.3066731e+01 1.3023828e+01 1.2807544e+01 1.2374722e+01 1.2082934e+01 1.2035394e+01 1.1877565e+01 1.1813515e+01 1.1601972e+01 1.1460666e+01 1.1203520e+01 1.0985311e+01 1.0800832e+01 1.0656107e+01 1.0580511e+01 1.0568627e+01 1.0435688e+01 1.0400232e+01 1.0445547e+01 8.3744771e+00 7.8502767e+00 9.2188998e+00
