ahotovec/data/depth_0015.asc
ncols     164
nrows     146
xllcorner -1.242151388888889e+02
yllcorner  4.172986111111111e+01
cellsize  2.777777777820000e-04
nodata_value       -9999
[rows 110 to 131 of 146, columns 0 to 49 of 164]
2.1908866e+01 2.1956483e+01 2.1271857e+01 2.1552957e+01 2.1273315e+01 2.1162145e+01 2.1049013e+01 2.0544010e+01 2.0290404e+01 1.9964490e+01 1.9834123e+01 1.9952041e+01 1.9817260e+01 1.8724390e+01 1.9690886e+01 1.9882833e+01 1.9203199e+01 1.8535733e+01 1.8736594e+01 1.8733167e+01 1.8659546e+01 1.7346720e+01 1.6762479e+01 1.7186297e+01 1.7290437e+01 1.7057045e+01 1.7004143e+01 1.6389348e+01 1.6651882e+01 1.6244554e+01 1.5761533e+01 1.5150342e+01 1.5042733e+01 1.4657479e+01 1.3999510e+01 1.3562403e+01 1.3262942e+01 1.2380785e+01 1.1930309e+01 1.0677646e+01 6.6449887e+00 7.3820396e+00 1.1865504e+01 1.2041323e+01 1.2003471e+01 1.2330702e+01 1.2678448e+01 1.2411768e+01 1.2192921e+01 1.1738766e+01
2.1909249e+01 2.1847607e+01 2.1744495e+01 2.1737324e+01 2.1461416e+01 2.0767535e+01 2.0581298e+01 2.0773781e+01 2.0620832e+01 2.0359345e+01 2.0253294e+01 2.0224011e+01 2.0055064e+01 1.9486838e+01 2.0489161e+01 2.0597558e+01 1.9963865e+01 2.0039468e+01 1.9667003e+01 1.9423206e+01 1.8882900e+01 1.7570576e+01 1.7977000e+01 1.8348156e+01 1.8206961e+01 1.7800779e+01 1.7555986e+01 1.7204308e+01 1.6978902e+01 1.7000234e+01 1.6947489e+01 1.5848974e+01 1.5710034e+01 1.5194230e+01 1.4731048e+01 1.4070314e+01 1.3594370e+01 1.3339127e+01 1.2412102e+01 1.2502171e+01 1.2434560e+01 1.1844220e+01 1.1993199e+01 1.2068681e+01 1.2289655e+01 1.3201905e+01 1.3644788e+01 1.3163794e+01 1.2785085e+01 1.2203948e+01
2.1999728e+01 2.1889570e+01 2.1869729e+01 2.1680091e+01 2.1688585e+01 2.1500949e+01 2.1308990e+01 2.1111559e+01 2.0965526e+01 2.0751487e+01 2.0661784e+01 2.0645834e+01 2.0717248e+01 2.0780068e+01 2.0764463e+01 2.0785105e+01 2.0464555e+01 2.0294189e+01 1.9669617e+01 1.9552649e+01 1.8771490e+01 1.9427920e+01 1.9580934e+01 1.9437844e+01 1.9006814e+01 1.8690477e+01 1.8490467e+01 1.7948287e+01 1.7452676e+01 1.7154283e+01 1.7055546e+01 1.7050585e+01 1.6406661e+01 1.5223718e+01 1.4890064e+01 1.4692780e+01 1.3639973e+01 1.2734840e+01 1.2071493e+01 1.2643998e+01 1.2492727e+01 1.1883040e+01 1.1753327e+01 1.2161192e+01 1.2978278e+01 1.4110177e+01 1.3991603e+01 1.2635754e+01 1.1658000e+01 1.1861672e+01
2.2186800e+01 2.2077388e+01 2.2013025e+01 2.1991656e+01 2.1820541e+01 2.1641694e+01 2.1511083e+01 2.1390404e+01 2.1293501e+01 2.1199931e+01 2.1129708e+01 2.1152005e+01 2.1140149e+01 2.1068689e+01 2.0972568e+01 2.0969940e+01 2.0764250e+01 2.0456209e+01 2.0362396e+01 2.0393376e+01 2.0508980e+01 2.0424670e+01 2.0141447e+01 1.9848489e+01 1.9657568e+01 1.9375113e+01 1.8269710e+01 1.6821743e+01 1.8204887e+01 1.7660780e+01 1.7271093e+01 1.7100205e+01 1.6243186e+01 1.6199201e+01 1.6083209e+01 1.4980804e+01 1.3693236e+01 1.2298962e+01 1.1044134e+01 1.1186741e+01 1.1580804e+01 1.0944025e+01 1.0736856e+01 1.2183779e+01 1.4002537e+01 1.4514077e+01 1.4542290e+01 1.4310560e+01 1.3730260e+01 1.4514512e+01
2.2327437e+01 2.2244657e+01 2.2170531e+01 2.2102946e+01 2.1994723e+01 2.1873841e+01 2.1794628e+01 2.1751895e+01 2.1763750e+01 2.1639949e+01 2.1501371e+01 2.1483857e+01 2.0038924e+01 1.8642130e+01 2.1575048e+01 2.1117854e+01 2.0906182e+01 2.0850975e+01 2.0802428e+01 2.0785976e+01 2.0902332e+01 2.0801900e+01 2.0561717e+01 2.0306787e+01 2.0115492e+01 1.9895056e+01 1.9486007e+01 1.9153248e+01 1.9165702e+01 1.7724027e+01 1.7864443e+01 1.6568924e+01 1.6747535e+01 1.6258183e+01 1.6375111e+01 1.2825322e+01 1.3051727e+01 1.1769736e+01 7.9925996e+00 1.2127420e+01 1.2244011e+01 1.1922488e+01 1.0947681e+01 1.3456686e+01 1.4870854e+01 1.5124680e+01 1.4171065e+01 1.5164323e+01 1.5218291e+01 1.5210829e+01
2.2496414e+01 2.2423356e+01 2.2360830e+01 2.2266756e+01 2.2204738e+01 2.2129121e+01 2.2057408e+01 2.1998887e+01 2.1505390e+01 1.6039091e+01 2.1746940e+01 2.1835051e+01 2.1871258e+01 2.1702559e+01 2.1745310e+01 2.1512625e+01 2.1326251e+01 2.1246261e+01 2.1242800e+01 2.1348427e+01 2.1464876e+01 2.1412451e+01 2.1219337e+01 2.0679384e+01 2.0687774e+01 2.0128597e+01 2.0418222e+01 2.0444030e+01 2.0312258e+01 1.9129343e+01 1.8653114e+01 1.6340790e+01 1.7138660e+01 1.8076071e+01 1.6507530e+01 1.1648672e+01 1.0943756e+01 1.2456996e+01 1.3323642e+01 1.2355040e+01 1.2723865e+01 1.3217256e+01 1.4049425e+01 1.5044602e+01 1.4979370e+01 1.5833698e+01 1.5329763e+01 1.5675276e+01 1.5668221e+01 1.5855376e+01
2.2654280e+01 2.2616372e+01 2.2568154e+01 2.2487206e+01 2.2420682e+01 2.2364114e+01 2.2313399e+01 2.2237535e+01 2.2046586e+01 1.9739714e+01 2.2043797e+01 2.2188135e+01 2.2049118e+01 2.1936005e+01 2.1799649e+01 2.1691962e+01 2.1611425e+01 2.1547503e+01 2.1503143e+01 2.1718544e+01 2.0802891e+01 2.1605888e+01 2.1422939e+01 2.1218844e+01 2.0788515e+01 2.0846202e+01 2.0005826e+01 2.0818697e+01 2.0772036e+01 2.0629681e+01 1.9469565e+01 1.9340451e+01 1.9147018e+01 1.8653199e+01 1.7790593e+01 1.3736769e+01 1.3447302e+01 1.2621563e+01 1.2899882e+01 1.3569779e+01 1.3888502e+01 1.4100183e+01 1.4789531e+01 1.5538207e+01 1.5541541e+01 1.6084902e+01 1.6303752e+01 1.6048139e+01 1.6292088e+01 1.6501175e+01
2.2841771e+01 2.2786204e+01 2.2749814e+01 2.2674481e+01 2.2612308e+01 2.2555384e+01 2.2513312e+01 2.2489961e+01 2.2474156e+01 2.2519185e+01 2.2414808e+01 2.2298146e+01 2.2197953e+01 2.2091819e+01 2.1972657e+01 2.1875699e+01 2.1829154e+01 2.1631476e+01 2.1633120e+01 2.1865484e+01 2.1690029e+01 2.2134989e+01 2.1815626e+01 2.1902254e+01 2.1221819e+01 2.1028019e+01 1.8381967e+01 2.0188613e+01 2.1003930e+01 2.0588879e+01 1.9850959e+01 1.8683618e+01 1.9587809e+01 1.8567890e+01 1.8189284e+01 1.7679805e+01 1.7856673e+01 1.5985885e+01 1.4318852e+01 1.4761844e+01 1.4316266e+01 1.4474919e+01 1.5748533e+01 1.5897501e+01 1.6123775e+01 1.6918162e+01 1.6963097e+01 1.6871487e+01 1.6817754e+01 1.6899536e+01
2.3095111e+01 2.3041517e+01 2.2970559e+01 2.2898669e+01 2.2796477e+01 2.2757592e+01 2.2669755e+01 2.2672691e+01 2.2622117e+01 2.2582717e+01 2.2514034e+01 2.2444741e+01 2.2341272e+01 2.2260580e+01 2.2174291e+01 2.2076295e+01 2.2016636e+01 2.1957886e+01 2.1921321e+01 2.1903404e+01 2.1965652e+01 2.1963018e+01 2.1871951e+01 2.1787956e+01 2.1632432e+01 2.1667498e+01 2.0696115e+01 2.1100838e+01 2.1620202e+01 2.1177197e+01 2.0667679e+01 2.0333767e+01 2.0308474e+01 1.9369418e+01 1.7950489e+01 1.7915201e+01 1.7563209e+01 1.6860256e+01 1.6904619e+01 1.6193631e+01 1.5318753e+01 1.5871898e+01 1.6597523e+01 1.6741234e+01 1.6938443e+01 1.7049703e+01 1.6431662e+01 1.7359802e+01 1.7284328e+01 1.7419770e+01
2.3256297e+01 2.3199385e+01 2.3154389e+01 2.3113274e+01 2.3077232e+01 2.2983544e+01 2.2907681e+01 2.2852194e+01 2.2779778e+01 2.2722617e+01 2.2634969e+01 2.2585715e+01 2.2533544e+01 2.2439898e+01 2.2352623e+01 2.2264254e+01 2.2186594e+01 2.2124915e+01 2.2076785e+01 2.2023499e+01 2.1998459e+01 2.2049885e+01 2.2194851e+01 2.1717879e+01 2.1735088e+01 2.1846973e+01 2.1993992e+01 2.2086897e+01 2.1836673e+01 2.1483224e+01 2.1172002e+01 2.0640233e+01 2.0648081e+01 2.0659682e+01 1.8373068e+01 1.8752284e+01 1.8781155e+01 1.7733930e+01 1.7487281e+01 1.7247543e+01 1.6242313e+01 1.5691963e+01 1.7536297e+01 1.7259569e+01 1.7338500e+01 1.8078281e+01 1.8289311e+01 1.7736797e+01 1.7652804e+01 1.7656125e+01
2.3424159e+01 2.3392376e+01 2.3351926e+01 2.3304555e+01 2.3238463e+01 2.3149940e+01 2.3102966e+01 2.3077178e+01 2.3029861e+01 2.2989908e+01 2.2863800e+01 2.2734807e+01 2.2670217e+01 2.2630800e+01 2.2550597e+01 2.2479860e+01 2.2402183e+01 2.2316562e+01 2.2224582e+01 2.2108778e+01 2.2156400e+01 2.2143002e+01 2.2176153e+01 2.2229075e+01 2.2053393e+01 2.1518371e+01 1.9817537e+01 1.8921184e+01 2.1927477e+01 2.1429633e+01 2.1682010e+01 2.1564660e+01 2.1352908e+01 1.9656474e+01 2.0350368e+01 1.9382203e+01 1.8166662e+01 1.7749522e+01 1.5898659e+01 1.5486673e+01 1.6636428e+01 1.6560821e+01 1.8230170e+01 1.7265222e+01 1.6947884e+01 1.8328327e+01 1.8415996e+01 1.8237519e+01 1.8071406e+01 1.8008159e+01
2.3630471e+01 2.3566857e+01 2.3530054e+01 2.3485779e+01 2.3449892e+01 2.3404946e+01 2.3324406e+01 2.3258283e+01 2.3210162e+01 2.3216356e+01 2.3165369e+01 2.3000835e+01 2.2888253e+01 2.2802695e+01 2.2753692e+01 2.2693506e+01 2.2630010e+01 2.2542865e+01 2.2419067e+01 2.2305160e+01 2.2354270e+01 2.2324197e+01 2.2308712e+01 2.2310244e+01 2.2259080e+01 2.2236547e+01 2.2318788e+01 2.1469491e+01 2.1711506e+01 2.2364917e+01 2.1962128e+01 2.1862461e+01 2.1444686e+01 2.0760542e+01 2.1169397e+01 1.9392061e+01 1.7963556e+01 1.8033837e+01 1.7589597e+01 1.5990166e+01 1.2994622e+01 1.2289361e+01 1.7973876e+01 1.8939157e+01 1.7793293e+01 1.8988426e+01 1.8664055e+01 1.8510362e+01 1.8437037e+01 1.8385543e+01
2.3826044e+01 2.3778723e+01 2.3742822e+01 2.3695032e+01 2.3627222e+01 2.3562966e+01 2.3493236e+01 2.3447739e+01 2.3419236e+01 2.3349900e+01 2.3254875e+01 2.3190481e+01 2.3121659e+01 2.3028623e+01 2.2940078e+01 2.2869033e+01 2.2802576e+01 2.2738248e+01 2.2667976e+01 2.2582609e+01 2.2532600e+01 2.2492979e+01 2.2478424e+01 2.2440629e+01 2.2335512e+01 2.2574297e+01 2.2713983e+01 2.2348042e+01 2.2932676e+01 2.2445361e+01 2.2192361e+01 2.2133565e+01 2.1715572e+01 2.0638011e+01 2.0898155e+01 1.9477835e+01 1.8209234e+01 1.8576638e+01 1.6744160e+01 1.4750565e+01 1.3556001e+01 1.1477571e+01 1.8024572e+01 2.0234741e+01 1.8982604e+01 1.9285534e+01 1.9002386e+01 1.8865306e+01 1.8825221e+01 1.8825615e+01
2.3983145e+01 2.3952276e+01 2.3920362e+01 2.3902518e+01 2.3852138e+01 2.3772719e+01 2.3703781e+01 2.3627799e+01 2.3582814e+01 2.3518112e+01 2.3451915e+01 2.3388495e+01 2.3310649e+01 2.3233084e+01 2.3161892e+01 2.3096996e+01 2.3040458e+01 2.2956634e+01 2.2886452e+01 2.2812929e+01 2.2741154e+01 2.2694329e+01 2.2667658e+01 2.2664555e+01 2.2704385e+01 2.2718439e+01 2.2499578e+01 2.2207793e+01 2.2646060e+01 2.2681580e+01 2.2345575e+01 2.2268707e+01 2.1963155e+01 2.2259503e+01 2.1628152e+01 2.1041260e+01 1.9854512e+01 1.7644698e+01 1.6323762e+01 1.3487672e+01 1.1577162e+01 1.4595566e+01 1.9983349e+01 2.0274675e+01 1.9756369e+01 1.9463092e+01 1.9322234e+01 1.9223725e+01 1.9167430e+01 1.9150742e+01
2.4220713e+01 2.4153147e+01 2.4110623e+01 2.4057963e+01 2.4025727e+01 2.3964144e+01 2.3916314e+01 2.3855794e+01 2.3791406e+01 2.3724589e+01 2.3651418e+01 2.3600947e+01 2.3516601e+01 2.3448652e+01 2.3362533e+01 2.3315717e+01 2.3254577e+01 2.3190041e+01 2.3122777e+01 2.3006312e+01 2.2928126e+01 2.2911798e+01 2.2891785e+01 2.2860192e+01 2.2851514e+01 2.2878623e+01 2.3004517e+01 2.3076517e+01 2.3145010e+01 2.2961798e+01 2.2594737e+01 2.2447799e+01 2.2255878e+01 2.2556939e+01 2.2562351e+01 2.1506310e+01 2.0330437e+01 1.9841621e+01 1.8975814e+01 1.5936691e+01 1.6990724e+01 1.8188777e+01 2.0721844e+01 2.0305749e+01 1.9987083e+01 1.9790939e+01 1.9697772e+01 1.9571600e+01 1.9478649e+01 1.9368690e+01
2.4477397e+01 2.4370465e+01 2.4335490e+01 2.4260537e+01 2.4213184e+01 2.4149047e+01 2.4087028e+01 2.4034917e+01 2.3974659e+01 2.3916879e+01 2.3858460e+01 2.3831271e+01 2.3755179e+01 2.3667295e+01 2.3565666e+01 2.3506672e+01 2.3445371e+01 2.3391455e+01 2.3298137e+01 2.3206944e+01 2.3160009e+01 2.3132367e+01 2.3104327e+01 2.3049945e+01 2.3021838e+01 2.3034744e+01 2.3072627e+01 2.3115054e+01 2.3166639e+01 2.3144857e+01 2.2343666e+01 2.2711154e+01 2.2690375e+01 2.2664527e+01 2.2591815e+01 2.2118718e+01 2.1195872e+01 2.0192726e+01 2.0794912e+01 2.1333297e+01 1.9912841e+01 2.0769620e+01 2.0898456e+01 2.0591076e+01 2.0346434e+01 2.0153418e+01 2.0014539e+01 1.9883728e+01 1.9777211e+01 1.9649996e+01
2.4715269e+01 2.4590453e+01 2.4545135e+01 2.4475519e+01 2.4448795e+01 2.4412858e+01 2.4309477e+01 2.4231372e+01 2.4145532e+01 2.4085646e+01 2.4026601e+01 2.4010304e+01 2.3971461e+01 2.3889893e+01 2.3795600e+01 2.3712464e+01 2.3638449e+01 2.3547395e+01 2.3470643e+01 2.3432894e+01 2.3388864e+01 2.3334157e+01 2.3283762e+01 2.3248862e+01 2.3211475e+01 2.3183069e+01 2.3157197e+01 2.3143574e+01 2.3150786e+01 2.3114728e+01 2.3001951e+01 2.2893508e+01 2.2807639e+01 2.2758004e+01 2.2706382e+01 2.2592188e+01 2.2745435e+01 2.2497061e+01 2.2388115e+01 2.2010124e+01 2.1899191e+01 2.1609658e+01 2.1261491e+01 2.0965019e+01 2.0739642e+01 2.0550888e+01 2.0378429e+01 2.0227025e+01 2.0101433e+01 1.9968569e+01
2.4944233e+01 2.4843127e+01 2.4726469e+01 2.4706714e+01 2.4639658e+01 2.4641266e+01 2.4584258e+01 2.4442230e+01 2.4362540e+01 2.4264935e+01 2.4200811e+01 2.4152305e+01 2.4128064e+01 2.4076459e+01 2.4011887e+01 2.3925719e+01 2.3850266e+01 2.3765604e+01 2.3710195e+01 2.3639059e+01 2.3581688e+01 2.3527661e+01 2.3463601e+01 2.3423245e+01 2.3380760e+01 2.3343364e+01 2.3288656e+01 2.3260454e+01 2.3214342e+01 2.3151634e+01 2.3056801e+01 2.2992298e+01 2.2949230e+01 2.2913134e+01 2.2863226e+01 2.2829596e+01 2.2845350e+01 2.2711610e+01 2.2581398e+01 2.2371409e+01 2.2087958e+01 2.1778924e+01 2.1540997e+01 2.1331894e+01 2.1129097e+01 2.0929673e+01 2.0734846e+01 2.0566428e+01 2.0413235e+01 2.0281969e+01
2.5144493e+01 2.5086846e+01 2.4949656e+01 2.4898181e+01 2.4846995e+01 2.4804378e+01 2.4811712e+01 2.4686618e+01 2.4556044e+01 2.4474789e+01 2.4381188e+01 2.4349290e+01 2.4301389e+01 2.4236792e+01 2.4176374e+01 2.4115721e+01 2.4028358e+01 2.3978606e+01 2.3926463e+01 2.3866780e+01 2.3793793e+01 2.3724775e+01 2.3649903e+01 2.3582172e+01 2.3534038e+01 2.3488348e+01 2.3446682e+01 2.3396860e+01 2.3327723e+01 2.3251988e+01 2.3166610e+01 2.3091834e+01 2.3049760e+01 2.3059925e+01 2.2937876e+01 2.2943516e+01 2.2813217e+01 2.2757502e+01 2.2579439e+01 2.2367553e+01 2.2358795e+01 2.2017035e+01 2.1771724e+01 2.1588769e+01 2.1413701e+01 2.1244487e+01 2.1068086e+01 2.0876363e+01 2.0723768e+01 2.0580921e+01
2.5321935e+01 2.5311117e+01 2.5193884e+01 2.5093061e+01 2.5077607e+01 2.4994838e+01 2.4978806e+01 2.4931609e+01 2.4790173e+01 2.4701998e+01 2.4639415e+01 2.4569635e+01 2.4479798e+01 2.4438664e+01 2.4368049e+01 2.4263104e+01 2.4206241e+01 2.4143469e+01 2.4084734e+01 2.4029220e+01 2.3978156e+01 2.3913625e+01 2.3854179e+01 2.3779697e+01 2.3709532e+01 2.3649500e+01 2.3601285e+01 2.3539404e+01 2.3464659e+01 2.3389429e+01 2.3319930e+01 2.3231166e+01 2.3169065e+01 2.3173319e+01 2.3183143e+01 2.2537230e+01 2.3027999e+01 2.2857127e+01 2.2671282e+01 2.2576558e+01 2.2431123e+01 2.2236608e+01 2.2007873e+01 2.1833710e+01 2.1652499e+01 2.1477390e+01 2.1302273e+01 2.1151757e+01 2.1019407e+01 2.0905871e+01
2.5505978e+01 2.5509388e+01 2.5462981e+01 2.5323249e+01 2.5254454e+01 2.5212083e+01 2.5149255e+01 2.5151034e+01 2.5051152e+01 2.4920751e+01 2.4857260e+01 2.4796257e+01 2.4723241e+01 2.4600273e+01 2.4510806e+01 2.4449735e+01 2.4370906e+01 2.4319376e+01 2.4238238e+01 2.4173470e+01 2.4124466e+01 2.4061300e+01 2.4019449e+01 2.3977860e+01 2.3904626e+01 2.3837274e+01 2.3772303e+01 2.3700356e+01 2.3622088e+01 2.3524365e+01 2.3457420e+01 2.3378443e+01 2.3315941e+01 2.3273693e+01 2.3281957e+01 2.3357697e+01 2.3359967e+01 2.3087941e+01 2.2864997e+01 2.2724411e+01 2.2606275e+01 2.2399071e+01 2.2212159e+01 2.2063402e+01 2.1899005e+01 2.1712483e+01 2.1526497e+01 2.1366105e+01 2.1215454e+01 2.0955164e+01
2.5707546e+01 2.5697996e+01 2.5684200e+01 2.5591853e+01 2.5464425e+01 2.5436784e+01 2.5343675e+01 2.5338332e+01 2.5301564e+01 2.5150653e+01 2.5056189e+01 2.4990327e+01 2.4964553e+01 2.4829089e+01 2.4714737e+01 2.4645501e+01 2.4572227e+01 2.4497467e+01 2.4414332e+01 2.4317657e+01 2.4284905e+01 2.4210579e+01 2.4156125e+01 2.4103194e+01 2.4060579e+01 2.4002718e+01 2.3954868e+01 2.3886253e+01 2.3806301e+01 2.3708448e+01 2.3612158e+01 2.3540841e+01 2.3468421e+01 2.3427382e+01 2.3408208e+01 2.3368238e+01 2.3438059e+01 2.3265237e+01 2.3152049e+01 2.2750258e+01 2.2782872e+01 2.2596755e+01 2.2424338e+01 2.2253225e+01 2.2082711e+01 2.1908014e+01 2.1717596e+01 2.1564195e+01 2.1396091e+01 2.1209073e+01
