ahotovec/data/depth_0017.asc
ncols     164
nrows     146
xllcorner -1.242151388888889e+02
yllcorner  4.172986111111111e+01
cellsize  2.777777777820000e-04
nodata_value       -9999
[rows 44 to 65 of 146, columns 50 to 99 of 164]
0.0000000e+00 0.0000000e+00 0.0000000e+00 0.0000000e+00 0.0000000e+00 0.0000000e+00 0.0000000e+00 0.0000000e+00 0.0000000e+00 0.0000000e+00 0.0000000e+00 0.0000000e+00 0.0000000e+00 0.0000000e+00 0.0000000e+00 0.0000000e+00 1.7265078e-01 8.0146145e-01 8.4529273e-01 8.3906348e-01 8.3596497e-01 8.3344052e-01 8.3516769e-01 8.4183279e-01 8.5506605e-01 8.7578039e-01 9.0531556e-01 9.3145589e-01 9.5791990e-01 9.8173595e-01 1.0016569e+00 1.0037420e+00 9.2371204e-01 8.4383894e-01 8.5055744e-01 8.5444390e-01 9.0009997e-01 9.3188103e-01 1.0325802e+00 1.3062001e+00 1.4623965e+00 1.4930034e+00 1.5077169e+00 1.5131782e+00 1.5183625e+00 1.5163914e+00 1.4999824e+00 1.3186918e+00 1.2143692e+00 1.2038069e+00
0.0000000e+00 0.0000000e+00 0.0000000e+00 0.0000000e+00 0.0000000e+00 0.0000000e+00 0.0000000e+00 0.0000000e+00 0.0000000e+00 0.0000000e+00 0.0000000e+00 0.0000000e+00 0.0000000e+00 0.0000000e+00 0.0000000e+00 0.0000000e+00 0.0000000e+00 3.6832890e-02 7.8745264e-01 8.3796039e-01 8.3703483e-01 8.2975660e-01 8.2369777e-01 8.2270399e-01 8.3280484e-01 8.5852704e-01 8.9004660e-01 9.2829539e-01 9.6074864e-01 9.8752036e-01 9.9381269e-01 9.1574944e-01 7.8490192e-01 7.4123187e-01 7.4103450e-01 7.6513066e-01 7.9229444e-01 8.4009746e-01 9.8590318e-01 1.4533340e+00 1.5195147e+00 1.5339497e+00 1.5464126e+00 1.5535414e+00 1.5481062e+00 1.4686296e+00 1.3386026e+00 1.2554630e+00 1.2543642e+00 1.2516893e+00
0.0000000e+00 0.0000000e+00 0.0000000e+00 0.0000000e+00 0.0000000e+00 0.0000000e+00 0.0000000e+00 0.0000000e+00 0.0000000e+00 0.0000000e+00 0.0000000e+00 0.0000000e+00 0.0000000e+00 0.0000000e+00 0.0000000e+00 0.0000000e+00 0.0000000e+00 0.0000000e+00 0.0000000e+00 2.1975227e-01 7.2239329e-01 8.1774299e-01 8.1521222e-01 8.0456584e-01 8.0970496e-01 8.4605765e-01 8.8766511e-01 9.4258636e-01 9.7664799e-01 9.8073046e-01 9.3245677e-01 8.0326189e-01 7.6688059e-01 7.8679985e-01 8.1418780e-01 8.4430277e-01 9.0391501e-01 1.0646691e+00 1.3522954e+00 1.5301881e+00 1.5661195e+00 1.5750577e+00 1.5845841e+00 1.5884730e+00 1.5818044e+00 1.4878732e+00 1.3020625e+00 1.2929455e+00 1.2900231e+00 1.2939236e+00
0.0000000e+00 0.0000000e+00 0.0000000e+00 0.0000000e+00 0.0000000e+00 0.0000000e+00 0.0000000e+00 0.0000000e+00 0.0000000e+00 0.0000000e+00 0.0000000e+00 0.0000000e+00 0.0000000e+00 0.0000000e+00 0.0000000e+00 0.0000000e+00 0.0000000e+00 0.0000000e+00 0.0000000e+00 0.0000000e+00 0.0000000e+00 1.4068185e-01 7.3006492e-01 7.7912677e-01 7.9200768e-01 8.3536059e-01 8.2145030e-01 7.8379524e-01 7.8627521e-01 7.6534753e-01 7.9289147e-01 8.4892112e-01 9.0455645e-01 9.5126603e-01 1.0037225e+00 1.0681187e+00 1.1390202e+00 1.3311965e+00 1.4366075e+00 1.5559828e+00 1.5622077e+00 1.4956957e+00 1.4614462e+00 1.3873138e+00 1.3776647e+00 1.3256641e+00 1.3189711e+00 1.3151703e+00 1.3138843e+00 1.3462633e+00
0.0000000e+00 0.0000000e+00 0.0000000e+00 0.0000000e+00 0.0000000e+00 0.0000000e+00 0.0000000e+00 0.0000000e+00 0.0000000e+00 0.0000000e+00 0.0000000e+00 0.0000000e+00 0.0000000e+00 0.0000000e+00 0.0000000e+00 0.0000000e+00 0.0000000e+00 0.0000000e+00 0.0000000e+00 0.0000000e+00 0.0000000e+00 0.0000000e+00 0.0000000e+00 3.0745179e-01 4.1775668e-01 4.7478158e-01 5.1049125e-01 5.9336238e-01 7.3587355e-01 8.8550045e-01 1.0092017e+00 1.1206975e+00 1.1299981e+00 1.1187017e+00 1.1855003e+00 1.2575260e+00 1.2928422e+00 1.2899132e+00 1.2827853e+00 1.3128220e+00 1.3318020e+00 1.3015832e+00 1.3029425e+00 1.3104027e+00 1.3210453e+00 1.3443705e+00 1.3651299e+00 1.5156203e+00 1.5298246e+00 1.5367792e+00
0.0000000e+00 0.0000000e+00 0.0000000e+00 0.0000000e+00 0.0000000e+00 0.0000000e+00 0.0000000e+00 0.0000000e+00 0.0000000e+00 0.0000000e+00 0.0000000e+00 0.0000000e+00 0.0000000e+00 0.0000000e+00 0.0000000e+00 0.0000000e+00 0.0000000e+00 0.0000000e+00 0.0000000e+00 0.0000000e+00 0.0000000e+00 0.0000000e+00 0.0000000e+00 3.1788219e-03 1.5463445e-01 4.2873577e-01 5.7622597e-01 7.6006969e-01 9.5347940e-01 1.1639251e+00 1.3362483e+00 1.3846889e+00 1.3902749e+00 1.3719554e+00 1.3764049e+00 1.3889756e+00 1.3975207e+00 1.3925236e+00 1.3825938e+00 1.3717451e+00 1.3678210e+00 1.3677835e+00 1.3714826e+00 1.3784461e+00 1.3843859e+00 1.4177760e+00 1.8010317e+00 2.3760174e+00 2.4381130e+00 2.3759570e+00
0.0000000e+00 0.0000000e+00 0.0000000e+00 0.0000000e+00 0.0000000e+00 0.0000000e+00 0.0000000e+00 0.0000000e+00 0.0000000e+00 0.0000000e+00 0.0000000e+00 0.0000000e+00 0.0000000e+00 0.0000000e+00 0.0000000e+00 0.0000000e+00 0.0000000e+00 0.0000000e+00 0.0000000e+00 0.0000000e+00 0.0000000e+00 0.0000000e+00 0.0000000e+00 5.7297073e-02 2.7696882e-01 5.4057576e-01 7.6651336e-01 1.0479248e+00 1.3218037e+00 1.4565965e+00 1.4719572e+00 1.4775400e+00 1.4742510e+00 1.4704849e+00 1.4611677e+00 1.4518602e+00 1.4454344e+00 1.4407177e+00 1.4368339e+00 1.4340112e+00 1.4379365e+00 1.4261139e+00 1.4345673e+00 1.5013039e+00 1.7431026e+00 2.1189225e+00 2.4874465e+00 2.5397206e+00 2.4569942e+00 2.1121055e+00
0.0000000e+00 0.0000000e+00 0.0000000e+00 0.0000000e+00 0.0000000e+00 0.0000000e+00 0.0000000e+00 0.0000000e+00 0.0000000e+00 0.0000000e+00 0.0000000e+00 0.0000000e+00 0.0000000e+00 0.0000000e+00 0.0000000e+00 0.0000000e+00 0.0000000e+00 0.0000000e+00 0.0000000e+00 0.0000000e+00 0.0000000e+00 0.0000000e+00 0.0000000e+00 2.7572193e-01 5.2577467e-01 7.9466894e-01 1.1146989e+00 1.4231430e+00 1.5336004e+00 1.5292950e+00 1.5188099e+00 1.5094533e+00 1.5001514e+00 1.4938727e+00 1.4857994e+00 1.4831280e+00 1.4785683e+00 1.4777818e+00 1.4797237e+00 1.4866722e+00 1.7763348e+00 2.1430581e+00 2.2152495e+00 2.4338495e+00 2.5203275e+00 2.4461098e+00 2.2217039e+00 1.9535957e+00 1.5870668e+00 1.3738526e+00
0.0000000e+00 0.0000000e+00 0.0000000e+00 0.0000000e+00 0.0000000e+00 0.0000000e+00 0.0000000e+00 0.0000000e+00 0.0000000e+00 0.0000000e+00 0.0000000e+00 0.0000000e+00 0.0000000e+00 0.0000000e+00 0.0000000e+00 0.0000000e+00 0.0000000e+00 0.0000000e+00 0.0000000e+00 0.0000000e+00 0.0000000e+00 0.0000000e+00 2.4363915e-01 8.7566468e-01 1.2061395e+00 1.3654259e+00 1.5006915e+00 1.6033333e+00 1.5922607e+00 1.5717399e+00 1.5526840e+00 1.5338272e+00 1.5258603e+00 1.5160453e+00 1.5070332e+00 1.5052802e+00 1.4935297e+00 1.4855081e+00 1.4781023e+00 1.4743060e+00 1.7728746e+00 2.3056228e+00 2.3187065e+00 2.0626396e+00 1.7582099e+00 1.5207894e+00 1.4018704e+00 1.3448262e+00 1.3470491e+00 1.3451077e+00
0.0000000e+00 0.0000000e+00 0.0000000e+00 0.0000000e+00 0.0000000e+00 0.0000000e+00 0.0000000e+00 0.0000000e+00 0.0000000e+00 0.0000000e+00 0.0000000e+00 0.0000000e+00 0.0000000e+00 0.0000000e+00 0.0000000e+00 0.0000000e+00 0.0000000e+00 0.0000000e+00 0.0000000e+00 0.0000000e+00 0.0000000e+00 0.0000000e+00 6.8965529e-01 1.4044263e+00 1.6871200e+00 1.6940767e+00 1.6776975e+00 1.6446552e+00 1.6186686e+00 1.5953049e+00 1.5736920e+00 1.5611275e+00 1.5615879e+00 1.5537075e+00 1.5323789e+00 1.5204759e+00 1.5093692e+00 1.4961677e+00 1.4785197e+00 1.4399264e+00 1.3777253e+00 1.4180449e+00 1.4349978e+00 1.3966956e+00 1.3860273e+00 1.3847589e+00 1.3798725e+00 1.3704518e+00 1.3696529e+00 1.3705614e+00
0.0000000e+00 0.0000000e+00 0.0000000e+00 0.0000000e+00 0.0000000e+00 0.0000000e+00 0.0000000e+00 0.0000000e+00 0.0000000e+00 0.0000000e+00 0.0000000e+00 0.0000000e+00 0.0000000e+00 0.0000000e+00 0.0000000e+00 0.0000000e+00 0.0000000e+00 0.0000000e+00 0.0000000e+00 0.0000000e+00 0.0000000e+00 2.9573244e-01 1.0261973e+00 1.5565374e+00 1.7199051e+00 1.7026162e+00 1.6796768e+00 1.6512942e+00 1.6282924e+00 1.6147421e+00 1.6426115e+00 1.7093093e+00 1.7835525e+00 1.8166946e+00 1.7052100e+00 1.6348095e+00 1.6097877e+00 1.5245557e+00 1.3822617e+00 1.3354410e+00 1.3501211e+00 1.3704126e+00 1.4068794e+00 1.4085091e+00 1.4065618e+00 1.4082806e+00 1.4056429e+00 1.3981309e+00 1.3911740e+00 1.3888246e+00
0.0000000e+00 0.0000000e+00 0.0000000e+00 0.0000000e+00 0.0000000e+00 0.0000000e+00 0.0000000e+00 0.0000000e+00 0.0000000e+00 0.0000000e+00 0.0000000e+00 0.0000000e+00 0.0000000e+00 0.0000000e+00 0.0000000e+00 0.0000000e+00 0.0000000e+00 0.0000000e+00 0.0000000e+00 0.0000000e+00 0.0000000e+00 5.5189676e-01 1.1041362e+00 1.4880237e+00 1.6944465e+00 1.6932601e+00 1.6757988e+00 1.6785033e+00 1.7184766e+00 1.8005638e+00 1.8999321e+00 1.9972521e+00 2.0578545e+00 2.1063994e+00 1.9532272e+00 1.7953572e+00 1.6996805e+00 1.5648621e+00 1.4274435e+00 1.5485007e+00 1.6522642e+00 1.6729936e+00 1.5728802e+00 1.4899682e+00 1.4460551e+00 1.4286602e+00 1.4226975e+00 1.4167343e+00 1.4109519e+00 1.4126355e+00
0.0000000e+00 0.0000000e+00 0.0000000e+00 0.0000000e+00 0.0000000e+00 0.0000000e+00 0.0000000e+00 0.0000000e+00 0.0000000e+00 0.0000000e+00 0.0000000e+00 0.0000000e+00 0.0000000e+00 0.0000000e+00 0.0000000e+00 0.0000000e+00 0.0000000e+00 0.0000000e+00 0.0000000e+00 0.0000000e+00 1.6560159e-01 6.2524924e-01 1.0683280e+00 1.3686273e+00 1.5750303e+00 1.6983778e+00 1.7953434e+00 1.9036143e+00 2.0794896e+00 2.1461097e+00 2.1698387e+00 2.2548183e+00 2.3142403e+00 2.3330719e+00 2.1876669e+00 2.1290463e+00 1.9676097e+00 1.8145265e+00 2.0108583e+00 2.3996163e+00 2.6561834e+00 2.6036997e+00 2.4214548e+00 2.1158771e+00 1.7930024e+00 1.5715967e+00 1.4964981e+00 1.4609585e+00 1.4423488e+00 1.4301712e+00
0.0000000e+00 0.0000000e+00 0.0000000e+00 0.0000000e+00 0.0000000e+00 0.0000000e+00 0.0000000e+00 0.0000000e+00 0.0000000e+00 0.0000000e+00 0.0000000e+00 0.0000000e+00 0.0000000e+00 0.0000000e+00 0.0000000e+00 0.0000000e+00 0.0000000e+00 0.0000000e+00 0.0000000e+00 0.0000000e+00 2.2239528e-01 5.7370236e-01 9.0373593e-01 1.2293802e+00 1.5284378e+00 1.7890729e+00 1.9975754e+00 2.1837798e+00 2.4348514e+00 2.5692193e+00 2.6079645e+00 2.4963734e+00 2.4924192e+00 2.5375684e+00 2.4822324e+00 2.4519273e+00 2.3189320e+00 2.3713395e+00 2.7309202e+00 2.8568252e+00 2.6517382e+00 2.6675172e+00 2.8037041e+00 2.8468284e+00 2.6363880e+00 2.3554859e+00 2.1295290e+00 1.9442700e+00 1.8377445e+00 1.7934351e+00
0.0000000e+00 0.0000000e+00 0.0000000e+00 0.0000000e+00 0.0000000e+00 0.0000000e+00 0.0000000e+00 0.0000000e+00 0.0000000e+00 0.0000000e+00 0.0000000e+00 0.0000000e+00 0.0000000e+00 0.0000000e+00 0.0000000e+00 0.0000000e+00 0.0000000e+00 0.0000000e+00 0.0000000e+00 4.3340479e-02 2.8479360e-01 5.8611318e-01 9.2414391e-01 1.2936041e+00 1.6340782e+00 1.9345580e+00 2.1874120e+00 2.4776280e+00 2.8217507e+00 2.9444293e+00 2.9983948e+00 3.0759259e+00 2.9541728e+00 2.9048790e+00 2.8797507e+00 2.7424103e+00 2.6327432e+00 2.8198442e+00 2.8127625e+00 2.3327044e+00 1.8650311e+00 1.7856551e+00 1.9797799e+00 2.3328657e+00 2.6283032e+00 2.7477842e+00 2.7807436e+00 2.7421287e+00 2.7026699e+00 2.6633655e+00
0.0000000e+00 0.0000000e+00 0.0000000e+00 0.0000000e+00 0.0000000e+00 0.0000000e+00 0.0000000e+00 0.0000000e+00 0.0000000e+00 0.0000000e+00 0.0000000e+00 0.0000000e+00 0.0000000e+00 0.0000000e+00 0.0000000e+00 0.0000000e+00 0.0000000e+00 0.0000000e+00 0.0000000e+00 1.4154158e-01 2.9750312e-01 5.9751941e-01 9.5107662e-01 1.3006514e+00 1.6464437e+00 1.9445805e+00 2.2415305e+00 2.6007939e+00 2.9497119e+00 3.1272678e+00 3.3187408e+00 3.4483791e+00 3.5290880e+00 3.3846872e+00 3.2039080e+00 3.2063303e+00 2.8561774e+00 2.8937004e+00 2.4128169e+00 1.8330983e+00 1.6260125e+00 1.5873547e+00 1.5495438e+00 1.6131121e+00 1.7252113e+00 1.8976628e+00 2.0905096e+00 2.2359043e+00 2.3101848e+00 2.3356748e+00
0.0000000e+00 0.0000000e+00 0.0000000e+00 0.0000000e+00 0.0000000e+00 0.0000000e+00 0.0000000e+00 0.0000000e+00 0.0000000e+00 0.0000000e+00 0.0000000e+00 0.0000000e+00 0.0000000e+00 0.0000000e+00 0.0000000e+00 0.0000000e+00 0.0000000e+00 0.0000000e+00 6.1328083e-02 1.4363712e-01 2.7961200e-01 6.1523492e-01 1.0342549e+00 1.4214421e+00 1.7833525e+00 2.1229166e+00 2.4658191e+00 2.9170014e+00 3.3789865e+00 3.5206394e+00 3.5633473e+00 3.5661594e+00 3.5634137e+00 3.5596423e+00 3.5418937e+00 3.2323882e+00 2.9030051e+00 2.8856039e+00 2.4060327e+00 1.7965543e+00 1.6809806e+00 1.6454932e+00 1.5902138e+00 1.5526396e+00 1.5214823e+00 1.5077708e+00 1.5313574e+00 1.5382170e+00 1.6157273e+00 1.6600470e+00
0.0000000e+00 0.0000000e+00 0.0000000e+00 0.0000000e+00 0.0000000e+00 0.0000000e+00 0.0000000e+00 0.0000000e+00 0.0000000e+00 0.0000000e+00 0.0000000e+00 0.0000000e+00 0.0000000e+00 0.0000000e+00 0.0000000e+00 0.0000000e+00 0.0000000e+00 3.9502875e-02 1.4929378e-01 2.8813969e-01 4.1542790e-01 7.4968285e-01 1.1751780e+00 1.6225458e+00 1.9996595e+00 2.3971717e+00 2.8696988e+00 3.3528666e+00 3.5385396e+00 3.5416330e+00 3.5363871e+00 3.5337147e+00 3.5293395e+00 3.5262141e+00 3.4800987e+00 3.1280277e+00 2.9791966e+00 2.8062351e+00 2.3323638e+00 1.8148606e+00 1.6745973e+00 1.6504310e+00 1.5818356e+00 1.5398346e+00 1.4954825e+00 1.4908423e+00 1.4914806e+00 1.5181031e+00 1.5160760e+00 1.5208805e+00
0.0000000e+00 0.0000000e+00 0.0000000e+00 0.0000000e+00 0.0000000e+00 0.0000000e+00 0.0000000e+00 0.0000000e+00 0.0000000e+00 0.0000000e+00 0.0000000e+00 0.0000000e+00 0.0000000e+00 0.0000000e+00 0.0000000e+00 0.0000000e+00 8.9910729e-02 2.2338018e-01 3.3934588e-01 4.6257073e-01 6.1118699e-01 9.5632452e-01 1.3425912e+00 1.7465259e+00 2.2348048e+00 2.8275848e+00 3.3206496e+00 3.5192918e+00 3.5155944e+00 3.5077953e+00 3.5008097e+00 3.4964682e+00 3.4932574e+00 3.4899025e+00 3.4634518e+00 3.3361124e+00 3.1460153e+00 2.7377900e+00 2.1810832e+00 1.8028331e+00 1.6342789e+00 1.5519215e+00 1.4883193e+00 1.4288373e+00 1.3990310e+00 1.3977092e+00 1.3751212e+00 1.3779166e+00 1.3830354e+00 1.4058010e+00
0.0000000e+00 0.0000000e+00 0.0000000e+00 0.0000000e+00 0.0000000e+00 0.0000000e+00 0.0000000e+00 0.0000000e+00 0.0000000e+00 0.0000000e+00 0.0000000e+00 0.0000000e+00 0.0000000e+00 0.0000000e+00 0.0000000e+00 9.4895628e-02 3.4572162e-01 4.6964414e-01 5.3428563e-01 5.8586033e-01 7.3546292e-01 1.0760268e+00 1.5251880e+00 1.9576096e+00 2.3472424e+00 3.0441364e+00 3.4999616e+00 3.4939842e+00 3.4811049e+00 3.4715495e+00 3.4641263e+00 3.4638492e+00 3.4560301e+00 3.4370255e+00 3.4426469e+00 3.3974855e+00 3.0306960e+00 2.4735671e+00 2.0464476e+00 1.7074016e+00 1.5285237e+00 1.4358691e+00 1.3772648e+00 1.3635563e+00 1.3542934e+00 1.3393278e+00 1.3279061e+00 1.3203712e+00 1.3162168e+00 1.3185972e+00
0.0000000e+00 0.0000000e+00 0.0000000e+00 0.0000000e+00 0.0000000e+00 0.0000000e+00 0.0000000e+00 0.0000000e+00 0.0000000e+00 0.0000000e+00 0.0000000e+00 0.0000000e+00 0.0000000e+00 0.0000000e+00 0.0000000e+00 1.5931088e-01 5.4816669e-01 6.4988778e-01 6.1491462e-01 5.7814748e-01 6.5295510e-01 1.0487003e+00 1.6493689e+00 2.1542417e+00 2.5410058e+00 2.9193567e+00 3.2137934e+00 3.3994340e+00 3.4419819e+00 3.4069839e+00 3.4056123e+00 3.2382289e+00 3.0159422e+00 4.1049743e+00 3.5234632e+00 3.2115415e+00 2.7581457e+00 2.3189565e+00 1.9364972e+00 1.5735885e+00 1.4038201e+00 1.3368463e+00 1.3222153e+00 1.3120136e+00 1.3049696e+00 1.2933867e+00 1.2860799e+00 1.2808324e+00 1.2790381e+00 1.2791773e+00
0.0000000e+00 0.0000000e+00 0.0000000e+00 0.0000000e+00 0.0000000e+00 0.0000000e+00 0.0000000e+00 0.0000000e+00 0.0000000e+00 0.0000000e+00 0.0000000e+00 0.0000000e+00 0.0000000e+00 0.0000000e+00 0.0000000e+00 2.3546420e-01 5.4531389e-01 6.2640385e-01 5.9133687e-01 5.4752052e-01 5.9269653e-01 1.0419259e+00 1.7251303e+00 2.2344003e+00 2.4890929e+00 2.5420719e+00 2.5163070e+00 2.7884453e+00 2.8495386e+00 2.5929426e+00 2.5215263e+00 2.7729279e+00 4.8772539e+00 5.2237743e+00 2.7639171e+00 2.8720635e+00 2.5595272e+00 2.2048085e+00 1.8214162e+00 1.4764742e+00 1.3101441e+00 1.2782058e+00 1.2668201e+00 1.2567128e+00 1.2510173e+00 1.2421396e+00 1.2366915e+00 1.2346965e+00 1.2363947e+00 1.2391779e+00
