ahotovec/data/depth_0011.asc
ncols     164
nrows     146
xllcorner -1.242151388888889e+02
yllcorner  4.172986111111111e+01
cellsize  2.777777777820000e-04
nodata_value       -9999
[rows 66 to 87 of 146, columns 50 to 99 of 164]
0.0000000e+00 0.0000000e+00 0.0000000e+00 0.0000000e+00 0.0000000e+00 0.0000000e+00 0.0000000e+00 0.0000000e+00 0.0000000e+00 0.0000000e+00 0.0000000e+00 0.0000000e+00 0.0000000e+00 0.0000000e+00 0.0000000e+00 0.0000000e+00 0.0000000e+00 0.0000000e+00 0.0000000e+00 0.0000000e+00 0.0000000e+00 0.0000000e+00 0.0000000e+00 0.0000000e+00 0.0000000e+00 0.0000000e+00 0.0000000e+00 0.0000000e+00 1.6439564e-02 1.5259582e-02 4.4062684e-02 1.0605207e+00 9.1141047e-04 0.0000000e+00 0.0000000e+00 0.0000000e+00 0.0000000e+00 0.0000000e+00 0.0000000e+00 0.0000000e+00 0.0000000e+00 0.0000000e+00 0.0000000e+00 0.0000000e+00 0.0000000e+00 0.0000000e+00 0.0000000e+00 0.0000000e+00 0.0000000e+00 0.0000000e+00
0.0000000e+00 0.0000000e+00 0.0000000e+00 0.0000000e+00 0.0000000e+00 0.0000000e+00 0.0000000e+00 0.0000000e+00 0.0000000e+00 0.0000000e+00 0.0000000e+00 0.0000000e+00 0.0000000e+00 0.0000000e+00 0.0000000e+00 0.0000000e+00 0.0000000e+00 0.0000000e+00 0.0000000e+00 0.0000000e+00 0.0000000e+00 0.0000000e+00 0.0000000e+00 0.0000000e+00 0.0000000e+00 0.0000000e+00 0.0000000e+00 0.0000000e+00 1.8918791e+00 2.3555520e+00 1.3381455e+00 0.0000000e+00 0.0000000e+00 0.0000000e+00 0.0000000e+00 0.0000000e+00 0.0000000e+00 0.0000000e+00 0.0000000e+00 0.0000000e+00 0.0000000e+00 0.0000000e+00 0.0000000e+00 0.0000000e+00 0.0000000e+00 0.0000000e+00 0.0000000e+00 0.0000000e+00 0.0000000e+00 0.0000000e+00
0.0000000e+00 0.0000000e+00 0.0000000e+00 0.0000000e+00 0.0000000e+00 0.0000000e+00 0.0000000e+00 0.0000000e+00 0.0000000e+00 0.0000000e+00 0.0000000e+00 0.0000000e+00 0.0000000e+00 0.0000000e+00 0.0000000e+00 0.0000000e+00 0.0000000e+00 0.0000000e+00 0.0000000e+00 0.0000000e+00 0.0000000e+00 0.0000000e+00 0.0000000e+00 0.0000000e+00 0.0000000e+00 0.0000000e+00 0.0000000e+00 7.0129600e-01 2.7946511e+00 1.0778428e+00 6.4685868e-06 0.0000000e+00 0.0000000e+00 2.1866624e-08 1.9018394e-07 0.0000000e+00 0.0000000e+00 0.0000000e+00 1.2733978e-03 1.5672288e-03 7.0385529e-04 0.0000000e+00 0.0000000e+00 0.0000000e+00 0.0000000e+00 0.0000000e+00 0.0000000e+00 0.0000000e+00 0.0000000e+00 0.0000000e+00
0.0000000e+00 0.0000000e+00 0.0000000e+00 0.0000000e+00 0.0000000e+00 0.0000000e+00 6.1702903e-07 0.0000000e+00 0.0000000e+00 0.0000000e+00 0.0000000e+00 0.0000000e+00 0.0000000e+00 0.0000000e+00 0.0000000e+00 0.0000000e+00 0.0000000e+00 0.0000000e+00 0.0000000e+00 0.0000000e+00 0.0000000e+00 0.0000000e+00 0.0000000e+00 0.0000000e+00 0.0000000e+00 0.0000000e+00 0.0000000e+00 1.2463316e+00 2.9394074e+00 1.3730933e+00 7.1286481e-03 0.0000000e+00 3.4798203e-05 1.2864666e-03 1.7910870e-03 7.9068772e-05 2.7436197e-03 6.2511420e-02 1.6670333e-01 1.8521343e-01 1.7891855e-01 1.3471823e-01 8.9715981e-02 5.5799567e-02 6.3042916e-02 4.4195187e-02 1.7912567e-02 2.0812189e-03 0.0000000e+00 0.0000000e+00
0.0000000e+00 0.0000000e+00 0.0000000e+00 0.0000000e+00 0.0000000e+00 0.0000000e+00 5.4602226e-03 3.5061671e-02 1.5179763e-03 1.9254161e-08 0.0000000e+00 0.0000000e+00 0.0000000e+00 0.0000000e+00 0.0000000e+00 0.0000000e+00 0.0000000e+00 0.0000000e+00 0.0000000e+00 0.0000000e+00 0.0000000e+00 0.0000000e+00 0.0000000e+00 0.0000000e+00 0.0000000e+00 0.0000000e+00 0.0000000e+00 4.5616890e-01 3.2685388e+00 3.0473033e+00 1.4105645e+00 9.3504890e-04 1.4431357e-02 1.3607286e-01 1.4434724e-01 7.0198581e-02 2.1927064e-01 4.1676349e-01 4.9104222e-01 5.3798963e-01 5.6546747e-01 5.7829040e-01 5.6921971e-01 5.5902904e-01 5.7515093e-01 5.1924321e-01 4.4835875e-01 3.5482279e-01 2.3848156e-01 1.5549525e-01
0.0000000e+00 0.0000000e+00 0.0000000e+00 0.0000000e+00 0.0000000e+00 0.0000000e+00 2.9901919e-01 1.9661361e-01 2.2600228e-02 2.2608631e-05 0.0000000e+00 0.0000000e+00 0.0000000e+00 4.1126788e-08 0.0000000e+00 0.0000000e+00 0.0000000e+00 0.0000000e+00 0.0000000e+00 0.0000000e+00 0.0000000e+00 0.0000000e+00 0.0000000e+00 0.0000000e+00 0.0000000e+00 0.0000000e+00 0.0000000e+00 6.1055436e-05 1.1066194e+00 3.3367373e+00 1.3456363e+00 7.0494197e-02 2.6944191e-01 4.4941192e-01 4.4928689e-01 4.6651171e-01 5.7771792e-01 6.5539351e-01 6.5850830e-01 6.9698320e-01 7.4842397e-01 7.9916429e-01 8.6387032e-01 9.3781652e-01 9.5294492e-01 9.0541657e-01 8.6836288e-01 8.4378164e-01 8.1937157e-01 8.0752829e-01
5.8668707e-02 0.0000000e+00 7.2490827e-02 2.1905485e-01 6.3059789e-01 7.9877780e-01 7.5651931e-01 2.2402014e-01 4.0597431e-02 1.6904033e-03 8.4145046e-02 2.0478051e-01 1.3072649e-01 3.0895904e-03 0.0000000e+00 0.0000000e+00 0.0000000e+00 0.0000000e+00 0.0000000e+00 0.0000000e+00 0.0000000e+00 0.0000000e+00 0.0000000e+00 0.0000000e+00 0.0000000e+00 0.0000000e+00 0.0000000e+00 3.3805808e-02 9.8692912e-01 2.8242089e+00 1.2977508e+00 1.1693147e-01 4.5614525e-01 5.6757390e-01 8.2472124e-01 7.2718539e-01 8.0909002e-01 9.0260177e-01 8.7219262e-01 8.5504419e-01 8.8534291e-01 9.3318719e-01 1.0095760e+00 1.0875164e+00 1.1310618e+00 1.1285924e+00 1.1376222e+00 1.1523510e+00 1.1787394e+00 1.2086937e+00
7.2314685e-01 7.4121928e-01 9.1025342e-01 8.6292451e-01 7.0233802e-01 7.8350404e-01 8.9427777e-01 4.3771587e-01 5.6659429e-02 1.3976189e-01 4.5779902e-01 6.9054477e-01 5.6128486e-01 1.6387580e-01 7.3446628e-04 0.0000000e+00 0.0000000e+00 0.0000000e+00 0.0000000e+00 0.0000000e+00 0.0000000e+00 0.0000000e+00 0.0000000e+00 0.0000000e+00 0.0000000e+00 0.0000000e+00 0.0000000e+00 1.4550395e-01 1.6661431e+00 3.1725862e+00 1.7867026e+00 7.7829000e-01 8.0057497e-01 6.1264084e-01 1.0274589e+00 1.1288461e+00 1.2857831e+00 1.7829442e+00 1.8691993e+00 1.5309805e+00 1.5595980e+00 1.6095636e+00 1.7111692e+00 1.8164836e+00 1.9403812e+00 1.7250230e+00 1.4861106e+00 1.4567463e+00 1.4736562e+00 1.5034480e+00
8.5520085e-01 1.1642002e+00 9.3152735e-01 6.1616245e-01 7.0999736e-01 8.9833068e-01 9.7976905e-01 1.1052800e+00 8.9060195e-01 9.7874086e-01 8.5284342e-01 7.1953504e-01 5.5579588e-01 3.2330036e-01 1.7651960e-02 0.0000000e+00 0.0000000e+00 0.0000000e+00 0.0000000e+00 0.0000000e+00 0.0000000e+00 0.0000000e+00 0.0000000e+00 0.0000000e+00 0.0000000e+00 0.0000000e+00 0.0000000e+00 1.7325710e-01 2.7346303e+00 4.3236805e+00 3.7969857e+00 2.6569379e+00 3.4025046e+00 3.6430808e+00 3.0020377e+00 3.0025437e+00 2.9792808e+00 3.9944496e+00 4.7795232e+00 4.8542942e+00 4.9126462e+00 4.9929223e+00 5.0965679e+00 5.1398372e+00 5.2093985e+00 4.7111150e+00 4.4500736e+00 3.8354161e+00 3.3169654e+00 2.9091186e+00
1.1859277e+00 1.1244776e+00 9.4095558e-01 9.9791679e-01 1.1997112e+00 1.2441816e+00 1.4022257e+00 1.6456626e+00 1.5774329e+00 1.1716548e+00 9.7855359e-01 8.0558244e-01 7.1302721e-01 4.5897131e-01 5.9810265e-02 2.1252824e-04 0.0000000e+00 0.0000000e+00 0.0000000e+00 0.0000000e+00 0.0000000e+00 0.0000000e+00 0.0000000e+00 0.0000000e+00 0.0000000e+00 0.0000000e+00 5.9142141e-01 3.3665523e+00 4.5595034e+00 4.7084303e+00 4.9294485e+00 4.7496272e+00 4.9363092e+00 4.8568649e+00 4.7495284e+00 4.8165749e+00 4.8309203e+00 4.9677904e+00 5.1968038e+00 5.3518093e+00 5.3971686e+00 5.4233129e+00 5.3142014e+00 5.2896346e+00 5.5891359e+00 5.8199339e+00 5.9608030e+00 6.0036082e+00 5.8055790e+00 5.5680198e+00
1.0350713e+00 7.5412143e-01 5.7113279e-01 1.1391449e+00 1.6956358e+00 1.8476384e+00 1.7237373e+00 1.4813195e+00 1.3915967e+00 1.0335497e+00 8.7890781e-01 7.3409050e-01 6.2778154e-01 3.5643983e-01 4.1637541e-02 1.3705294e-04 0.0000000e+00 0.0000000e+00 0.0000000e+00 0.0000000e+00 0.0000000e+00 0.0000000e+00 0.0000000e+00 0.0000000e+00 0.0000000e+00 2.8575148e+00 3.9219309e+00 4.5637861e+00 4.7897888e+00 4.7891001e+00 5.0417719e+00 5.1284429e+00 4.9848633e+00 4.8586833e+00 4.8469958e+00 4.9539505e+00 5.0439005e+00 5.0332832e+00 5.1614257e+00 5.2997995e+00 5.3700298e+00 5.3529843e+00 5.0974037e+00 4.8448299e+00 5.4933139e+00 5.9004066e+00 6.1568609e+00 6.2755909e+00 6.2816564e+00 6.2399456e+00
1.5594004e+00 1.3149569e+00 1.0596483e+00 1.1557552e+00 1.3905303e+00 1.9468488e+00 1.5651794e+00 1.2878875e+00 1.1188180e+00 9.9419453e-01 9.4124170e-01 7.4452915e-01 6.4003949e-01 4.1043004e-01 7.9203976e-02 1.8111668e-03 3.2618346e-08 0.0000000e+00 0.0000000e+00 0.0000000e+00 0.0000000e+00 0.0000000e+00 0.0000000e+00 1.7665620e+00 3.6915452e+00 4.5652572e+00 4.1798742e+00 4.3148007e+00 4.7222944e+00 4.9909158e+00 5.2032196e+00 5.3005252e+00 5.2997877e+00 5.2639054e+00 5.2605280e+00 5.3368067e+00 5.3261581e+00 5.1663440e+00 5.2898908e+00 5.4938737e+00 5.5738502e+00 5.6322855e+00 5.6603730e+00 5.7076554e+00 5.8378452e+00 6.1471882e+00 6.4297471e+00 6.5104732e+00 6.4608569e+00 6.3693380e+00
1.7754198e+00 1.6518337e+00 1.3597643e+00 1.2048798e+00 1.3165032e+00 1.9174033e+00 1.4175195e+00 1.1669280e+00 1.0160115e+00 8.8805330e-01 8.4293237e-01 6.9393758e-01 5.9050586e-01 3.7595674e-01 7.5599858e-02 1.4775246e-03 0.0000000e+00 0.0000000e+00 0.0000000e+00 0.0000000e+00 0.0000000e+00 2.0816160e+00 3.3747074e+00 4.2974049e+00 4.6980473e+00 4.4943981e+00 4.1495903e+00 4.5518964e+00 5.0950461e+00 5.1914443e+00 5.4565814e+00 5.5027153e+00 5.4944158e+00 5.5504988e+00 5.5933568e+00 5.6079977e+00 5.4633894e+00 5.4550019e+00 5.6185572e+00 5.7224433e+00 5.8147597e+00 5.9357040e+00 6.0665328e+00 6.2435739e+00 6.3625307e+00 6.3196243e+00 6.5425107e+00 6.6420754e+00 6.4401110e+00 6.1916665e+00
1.7699658e+00 1.2392687e+00 1.1053202e+00 9.0562810e-01 9.2495404e-01 1.1492509e+00 9.2453022e-01 9.3455758e-01 7.8158472e-01 6.6095051e-01 5.9882991e-01 5.4650385e-01 4.7404504e-01 2.2917454e-01 6.2550576e-03 0.0000000e+00 0.0000000e+00 0.0000000e+00 0.0000000e+00 1.6307044e+00 3.5275670e+00 4.9477426e+00 4.6802781e+00 4.5423201e+00 4.9417745e+00 4.8094474e+00 4.7869601e+00 5.1748474e+00 5.7946379e+00 5.8319175e+00 5.9962379e+00 5.7979539e+00 5.6736280e+00 5.6308991e+00 5.7344451e+00 6.0077980e+00 5.8541414e+00 5.6417611e+00 5.7753943e+00 5.9903941e+00 6.2285818e+00 6.2655655e+00 6.3428008e+00 6.2656130e+00 6.2617035e+00 6.1524356e+00 5.8891647e+00 5.8226612e+00 5.9412072e+00 5.7376232e+00
1.0548114e+00 8.5491181e-01 8.6661370e-01 7.4681334e-01 5.1173059e-01 4.5624487e-01 9.3577805e-01 5.2047217e-01 5.9802226e-01 2.9159675e-01 2.9054726e-01 2.8506314e-01 1.0699866e-01 1.0541719e-03 0.0000000e+00 0.0000000e+00 0.0000000e+00 1.7525940e+00 3.8230002e+00 4.5801996e+00 5.1499953e+00 5.1974477e+00 5.3055144e+00 5.5537732e+00 5.6780397e+00 5.8074459e+00 5.9298181e+00 6.3203880e+00 6.4173978e+00 6.2315118e+00 6.2385573e+00 6.1496885e+00 5.9825725e+00 5.8126551e+00 5.9192758e+00 6.1667251e+00 6.2806714e+00 6.2829523e+00 6.1953313e+00 6.2350894e+00 6.2535362e+00 6.2980238e+00 6.4706793e+00 6.4986347e+00 6.3198965e+00 6.0712196e+00 6.0712261e+00 5.9649005e+00 6.0217186e+00 6.0107900e+00
7.1337519e-01 5.7311384e-01 5.4136340e-01 4.9780785e-01 2.5711671e-01 2.6914278e-01 8.1057040e-01 6.4458650e-01 1.9280731e-01 2.6390535e-01 2.1371730e-01 1.0010113e-02 0.0000000e+00 0.0000000e+00 0.0000000e+00 6.3509379e-01 3.2076687e+00 4.2738525e+00 4.5974575e+00 4.9371164e+00 5.2931665e+00 5.5056500e+00 5.8155288e+00 6.0541143e+00 6.0803529e+00 6.1864175e+00 6.4636933e+00 6.8745545e+00 6.8894298e+00 6.5595869e+00 6.4302104e+00 6.5020099e+00 6.3554015e+00 6.0203526e+00 6.0358224e+00 6.1784178e+00 6.2809029e+00 6.4842264e+00 6.5362668e+00 6.4141272e+00 6.3151627e+00 6.2029448e+00 6.2076942e+00 6.5738438e+00 6.7417255e+00 6.5361433e+00 6.5019152e+00 6.4926441e+00 6.5531774e+00 6.5997147e+00
3.3499367e-01 2.9074015e-01 3.2092713e-01 3.1093539e-01 1.9960576e-01 6.7871523e-02 7.5810967e-01 1.0689409e+00 5.1729312e-01 0.0000000e+00 0.0000000e+00 0.0000000e+00 0.0000000e+00 0.0000000e+00 2.3052433e+00 3.5623764e+00 3.9154905e+00 4.3313913e+00 4.6927311e+00 5.1208932e+00 5.5143026e+00 5.7417824e+00 5.9830515e+00 6.0469831e+00 6.2991547e+00 6.6290776e+00 6.7102760e+00 6.5686935e+00 6.7735157e+00 6.5257378e+00 6.4849985e+00 6.5337527e+00 6.6124570e+00 6.6222771e+00 6.4813501e+00 6.2440328e+00 6.0880745e+00 6.1821974e+00 6.3675548e+00 6.5201722e+00 6.5568382e+00 6.4096274e+00 6.3071714e+00 6.4713086e+00 6.8002727e+00 6.9132000e+00 6.8974462e+00 6.9124806e+00 6.9682607e+00 6.9620870e+00
0.0000000e+00 1.8404059e-01 1.4083029e-01 0.0000000e+00 0.0000000e+00 0.0000000e+00 0.0000000e+00 3.5470726e-01 0.0000000e+00 0.0000000e+00 0.0000000e+00 0.0000000e+00 1.7087486e+00 3.0790836e+00 3.3560129e+00 3.7276607e+00 4.1297361e+00 4.6075290e+00 4.8325619e+00 5.1915496e+00 5.6541948e+00 5.8335669e+00 5.9572690e+00 6.1003458e+00 6.3365872e+00 6.9100673e+00 6.9644292e+00 6.6857218e+00 6.8915566e+00 6.4099655e+00 6.3564839e+00 6.4457165e+00 6.6122275e+00 6.8437394e+00 6.8578546e+00 6.4706853e+00 6.2159190e+00 6.1507093e+00 6.1421383e+00 6.5513328e+00 6.8442218e+00 6.7699231e+00 6.6749907e+00 6.7122702e+00 6.9370656e+00 7.1661159e+00 7.2168466e+00 7.2758338e+00 7.2874436e+00 7.1435265e+00
0.0000000e+00 2.4811577e-02 1.0202462e-02 0.0000000e+00 0.0000000e+00 0.0000000e+00 0.0000000e+00 4.1614500e-03 0.0000000e+00 0.0000000e+00 0.0000000e+00 0.0000000e+00 1.6302586e+00 3.6105268e+00 3.8320015e+00 3.9207753e+00 4.3066788e+00 4.6336963e+00 4.8281693e+00 5.0833364e+00 5.4571103e+00 5.6889114e+00 5.9384220e+00 6.1662761e+00 6.3594028e+00 6.6438280e+00 6.4197321e+00 6.2767928e+00 7.1883766e+00 6.9222231e+00 6.6525693e+00 6.7710523e+00 6.4015413e+00 6.7457652e+00 6.8202373e+00 6.7099543e+00 6.8484526e+00 7.1669800e+00 6.5222062e+00 6.6168773e+00 6.7349405e+00 6.8648245e+00 6.9664226e+00 7.0454669e+00 7.1231847e+00 7.1667862e+00 7.2196268e+00 7.3818931e+00 7.5527723e+00 7.4217719e+00
0.0000000e+00 0.0000000e+00 4.0574843e-02 1.5695531e-02 0.0000000e+00 0.0000000e+00 0.0000000e+00 3.3876508e-07 0.0000000e+00 0.0000000e+00 0.0000000e+00 1.2969913e+00 2.8801991e+00 3.1681346e+00 3.8918738e+00 4.1994087e+00 4.5238819e+00 4.6177107e+00 4.8752158e+00 5.2253824e+00 5.4898728e+00 5.7013687e+00 6.0807995e+00 6.3404227e+00 6.4894945e+00 6.5288071e+00 6.2690523e+00 5.9223626e+00 6.0946230e+00 6.9269227e+00 6.8881660e+00 6.7909527e+00 6.5570517e+00 6.6297911e+00 6.7574017e+00 6.9133619e+00 7.1751314e+00 7.4661977e+00 7.3483608e+00 7.1915968e+00 7.0651604e+00 7.0052878e+00 7.0333748e+00 7.2676867e+00 7.3749144e+00 7.3357937e+00 7.2345867e+00 7.3471982e+00 7.5386670e+00 7.5471817e+00
0.0000000e+00 0.0000000e+00 7.9635774e-02 6.9781357e-02 2.8568269e-01 6.1157301e-01 7.4417984e-01 2.0000045e+00 1.3768602e+00 9.9102810e-01 1.0554555e+00 2.8762131e+00 3.5427805e+00 3.4193621e+00 3.6754235e+00 4.2042651e+00 4.6728592e+00 4.9521850e+00 5.1728476e+00 5.4180709e+00 5.6720960e+00 6.0309081e+00 6.4297376e+00 6.6021231e+00 6.6918360e+00 6.5978495e+00 6.4572212e+00 6.1460839e+00 6.1801420e+00 6.8217012e+00 7.0049345e+00 7.1144814e+00 7.0742518e+00 6.7824115e+00 6.8226356e+00 7.0179313e+00 7.2021372e+00 7.3577680e+00 7.4574920e+00 7.3360416e+00 7.3914205e+00 7.4248081e+00 7.0407104e+00 7.1203036e+00 7.4704550e+00 7.2645953e+00 7.2392412e+00 7.2030699e+00 7.4221764e+00 7.4989284e+00
5.9532338e-03 3.8652246e-03 8.5097718e-02 4.6847001e-01 8.2126823e-01 8.4842336e-01 7.7024521e-01 1.9334693e+00 2.9030033e+00 2.4617569e+00 1.9754153e+00 2.3705220e+00 3.4651102e+00 3.7028678e+00 3.9910087e+00 4.4015305e+00 4.6637378e+00 5.3963619e+00 5.6143018e+00 5.8356697e+00 6.1708625e+00 6.4935822e+00 6.7467095e+00 6.5407273e+00 6.7049955e+00 6.8128091e+00 6.8787471e+00 6.7500546e+00 6.5919537e+00 7.0857812e+00 7.0468665e+00 6.8377225e+00 6.8856944e+00 6.8879545e+00 7.0863595e+00 6.8912527e+00 6.9379850e+00 7.0427605e+00 7.0645055e+00 6.6140135e+00 6.7297453e+00 6.7214620e+00 6.3326260e+00 6.4426342e+00 6.9267744e+00 6.2627174e+00 5.7915693e+00 5.5092019e+00 6.4250975e+00 7.2247520e+00
