ahotovec/data/depth_0048.asc
ncols     164
nrows     146
xllcorner -1.242151388888889e+02
yllcorner  4.172986111111111e+01
cellsize  2.777777777820000e-04
nodata_value       -9999
[rows 110 to 131 of 146, columns 50 to 99 of 164]
1.2681114e+01 1.2097715e+01 1.0904559e+01 9.0686129e+00 7.3601891e+00 6.4986096e+00 6.0032862e+00 6.0536493e+00 5.5455810e+00 6.8894820e+00 8.2793969e+00 8.7311130e+00 8.9102286e+00 7.3990859e+00 6.8693699e+00 6.6109841e+00 3.5584031e+00 5.9612684e-01 5.3383020e+00 6.2252574e+00 6.4811566e+00 6.8912440e+00 7.2364483e+00 7.5143060e+00 7.6979060e+00 7.7470666e+00 7.6628900e+00 7.7788153e+00 8.2201013e+00 8.5869645e+00 8.9544521e+00 9.0802730e+00 9.3967050e+00 9.4647708e+00 9.5711003e+00 9.6589667e+00 9.7747698e+00 9.8458722e+00 9.8902931e+00 9.9222066e+00 9.9792918e+00 9.9957213e+00 9.9923566e+00 9.9198495e+00 9.8895564e+00 9.8732594e+00 9.9426409e+00 1.0029561e+01 1.0107108e+01 1.0191701e+01
1.4170351e+01 1.4180619e+01 1.2927260e+01 1.0070004e+01 6.7717602e+00 5.3554947e+00 6.1323324e+00 6.0107843e+00 7.0074152e+00 8.1878215e+00 9.2430541e+00 1.0196965e+01 1.0894529e+01 6.7997145e+00 7.2882101e+00 8.2825369e+00 6.0289134e+00 9.6796663e-01 1.9480776e+00 5.5910510e+00 6.1666199e+00 6.5334662e+00 6.8704475e+00 7.1385532e+00 7.3500548e+00 7.4684196e+00 7.5036528e+00 7.4275299e+00 7.6439195e+00 8.1657485e+00 8.5678085e+00 8.8908239e+00 9.1010172e+00 9.3830011e+00 9.4778233e+00 9.5695746e+00 9.6558896e+00 9.7407967e+00 9.7885457e+00 9.8317757e+00 9.8418261e+00 9.8202995e+00 9.7703053e+00 9.7237392e+00 9.7243258e+00 9.7745107e+00 9.8889220e+00 1.0014325e+01 1.0130613e+01 1.0219487e+01
1.5268494e+01 1.5504402e+01 1.4654424e+01 1.1411208e+01 2.1421299e+00 0.0000000e+00 4.4353411e-04 5.8743340e+00 7.3686476e+00 8.9322493e+00 1.0334659e+01 1.1393758e+01 1.2291080e+01 1.2483335e+01 1.2746064e+01 1.2431095e+01 1.0998713e+01 4.9394150e+00 1.9211480e-02 3.1368292e+00 5.8893451e+00 6.2276538e+00 6.5127007e+00 6.7844769e+00 7.0095914e+00 7.1725751e+00 7.2774965e+00 7.3004365e+00 7.3323060e+00 7.7414756e+00 8.2123864e+00 8.5717095e+00 8.8593000e+00 9.0863359e+00 9.2336294e+00 9.2680667e+00 9.1940054e+00 9.2827295e+00 9.3370555e+00 9.3866682e+00 9.4442697e+00 9.4546091e+00 9.4816331e+00 9.5033633e+00 9.5592918e+00 9.6782519e+00 9.8788280e+00 1.0037483e+01 1.0180560e+01 1.0305877e+01
1.6263405e+01 1.5339127e+01 1.5371951e+01 1.2542194e+01 3.1548490e+00 0.0000000e+00 0.0000000e+00 6.9027058e-04 9.6213288e+00 1.0558522e+01 1.1854652e+01 1.2305815e+01 1.2916280e+01 1.3316239e+01 1.3764616e+01 1.3293235e+01 1.2995549e+01 1.1426289e+01 3.6868694e+00 9.4344182e-01 5.3180492e+00 6.0555465e+00 6.2158860e+00 6.4999221e+00 6.7321320e+00 6.9305038e+00 7.0862669e+00 7.2307568e+00 7.4228003e+00 7.5688107e+00 7.9994229e+00 8.3557733e+00 8.6282256e+00 8.7785088e+00 8.7342858e+00 8.4896104e+00 8.3553930e+00 8.4368426e+00 8.6520435e+00 8.8059970e+00 8.9341511e+00 9.0528283e+00 9.2089345e+00 9.3744395e+00 9.4898444e+00 9.6582090e+00 9.8478699e+00 1.0076964e+01 1.0275142e+01 1.0419389e+01
1.6739056e+01 1.7114436e+01 1.6748552e+01 1.4914988e+01 1.1419265e+01 8.3878183e+00 4.8679127e+00 6.5127300e+00 1.2914373e+01 1.2253243e+01 1.3312265e+01 1.2015007e+01 1.3089881e+01 1.3548325e+01 1.4000080e+01 1.3898704e+01 1.3261168e+01 1.2806138e+01 9.9763955e+00 1.9712919e+00 2.5258384e+00 5.9944537e+00 5.9993659e+00 6.2128180e+00 6.4667381e+00 6.6912478e+00 6.8781934e+00 7.0999916e+00 7.4389101e+00 7.7855254e+00 7.8993034e+00 8.1304693e+00 8.2791266e+00 8.1867458e+00 7.8844533e+00 7.6691792e+00 7.6916677e+00 8.1160606e+00 8.4259439e+00 8.5121598e+00 8.6793454e+00 8.8206034e+00 9.0705074e+00 9.3259412e+00 9.5231947e+00 9.7008257e+00 9.9538756e+00 1.0224481e+01 1.0482096e+01 1.0605339e+01
1.6853722e+01 1.7340383e+01 1.7062200e+01 1.3790967e+01 1.4861731e+01 1.4517407e+01 1.3549728e+01 1.4333606e+01 1.4678612e+01 1.4492982e+01 1.4001429e+01 1.3669223e+01 1.5035236e+01 1.4974632e+01 1.4334577e+01 1.4315223e+01 1.4329006e+01 1.3432608e+01 1.1045725e+01 6.7430544e+00 1.0508138e+00 4.4093085e+00 5.9223705e+00 5.9772596e+00 6.2121182e+00 6.4232283e+00 6.6395562e+00 6.8917621e+00 7.2631005e+00 7.6494283e+00 7.9217714e+00 7.8655279e+00 7.7834492e+00 7.4522332e+00 7.2619360e+00 7.2281684e+00 7.3726116e+00 7.8726453e+00 8.3428718e+00 8.3938728e+00 8.5959775e+00 8.8446644e+00 9.1174960e+00 9.3653776e+00 9.5793844e+00 9.8065602e+00 1.0100551e+01 1.0429518e+01 1.0757999e+01 1.0865294e+01
1.7187500e+01 1.7333461e+01 1.7411962e+01 1.7919643e+01 1.7231158e+01 1.6905998e+01 1.6819244e+01 1.6596499e+01 1.6044621e+01 1.5393074e+01 1.5295897e+01 1.5374290e+01 1.5387514e+01 1.5234729e+01 1.4815278e+01 1.5066043e+01 1.4881190e+01 1.4134870e+01 1.3051749e+01 1.0042392e+01 4.3586389e+00 7.1611309e-01 4.8559679e+00 5.9050482e+00 6.0223961e+00 6.2264835e+00 6.4554397e+00 6.6938445e+00 7.0227870e+00 7.3451458e+00 7.6475170e+00 7.6043877e+00 7.2639840e+00 7.0510973e+00 6.9754960e+00 7.0962064e+00 7.2646428e+00 7.5300934e+00 7.8642268e+00 8.2457395e+00 8.5919528e+00 8.9219384e+00 9.2245851e+00 9.4538191e+00 9.6641558e+00 9.9122990e+00 1.0264035e+01 1.0986961e+01 1.1015981e+01 1.0917860e+01
1.8407425e+01 1.8268607e+01 1.7934794e+01 1.7305046e+01 1.7736114e+01 1.7518728e+01 1.7124243e+01 1.7055752e+01 1.6225839e+01 1.6037357e+01 1.5891334e+01 1.6082496e+01 1.6100597e+01 1.5798574e+01 1.4934799e+01 1.4967114e+01 1.4630017e+01 1.3964906e+01 1.4113020e+01 1.3477709e+01 9.8515362e+00 6.6376331e-01 1.6554452e+00 5.4210114e+00 5.9092200e+00 5.9838528e+00 6.1230488e+00 6.2932436e+00 6.4949541e+00 6.6941108e+00 6.8897012e+00 7.0013563e+00 6.9362086e+00 6.8187450e+00 6.7988323e+00 6.8800991e+00 7.1288380e+00 7.4795531e+00 7.8469399e+00 8.3539678e+00 8.7392142e+00 9.0100251e+00 9.3396129e+00 9.5973349e+00 9.8096255e+00 1.0025230e+01 1.0008106e+01 1.0345720e+01 1.1035665e+01 1.1043752e+01
1.8690828e+01 1.9147302e+01 1.8887953e+01 1.8532025e+01 1.8148578e+01 1.7465814e+01 1.7281502e+01 1.7095200e+01 1.7008686e+01 1.6606810e+01 1.6078108e+01 1.6345751e+01 1.6257657e+01 1.6197787e+01 1.5409658e+01 1.4456385e+01 1.5198840e+01 1.4166158e+01 1.3521316e+01 1.3979725e+01 1.2011462e+01 2.6531317e+00 7.4882695e-04 3.1114216e+00 5.4471451e+00 5.8904631e+00 6.0374797e+00 5.9970953e+00 6.0407656e+00 6.0800061e+00 6.0705100e+00 6.2505533e+00 6.4304093e+00 6.5651711e+00 6.5420452e+00 6.6576292e+00 6.9839605e+00 7.4266755e+00 7.9500468e+00 8.4580480e+00 8.9856419e+00 9.2590208e+00 9.5673078e+00 9.8024220e+00 1.0062477e+01 1.0304886e+01 1.0480719e+01 1.0661065e+01 1.1048893e+01 1.1276705e+01
1.8764253e+01 1.8399002e+01 1.8853543e+01 1.8545351e+01 1.8036324e+01 1.7181490e+01 1.7485342e+01 1.7396688e+01 1.7614434e+01 1.7215857e+01 1.6227211e+01 1.6095606e+01 1.5691388e+01 1.6603105e+01 1.6550612e+01 1.5608952e+01 1.5568884e+01 1.4416828e+01 1.4854196e+01 1.4312241e+01 1.3892802e+01 7.0137752e+00 0.0000000e+00 8.9422842e-04 2.5125314e+00 5.2513228e+00 5.3225090e+00 5.5822261e+00 5.4474580e+00 5.6706275e+00 5.6365391e+00 5.6196772e+00 5.8665929e+00 6.0831479e+00 6.4264208e+00 6.4929117e+00 6.8235953e+00 7.5249981e+00 8.2416691e+00 8.8560537e+00 9.3274311e+00 9.6187726e+00 9.9269377e+00 1.0177117e+01 1.0439889e+01 1.0689343e+01 1.0982801e+01 1.1248505e+01 1.1406379e+01 1.1561201e+01
1.8941947e+01 1.9045171e+01 1.8881439e+01 1.8322645e+01 1.8047946e+01 1.7915178e+01 1.7975665e+01 1.7594830e+01 1.6640233e+01 1.7569271e+01 1.6706972e+01 1.6297893e+01 1.6280497e+01 1.6367022e+01 1.6862455e+01 1.6812130e+01 1.6316483e+01 1.5857333e+01 1.5156951e+01 1.3774069e+01 1.4386008e+01 1.2203047e+01 3.1375859e+00 8.4468448e-04 9.5671527e-04 1.7665420e-01 2.0308304e-01 6.8794530e-01 1.5761217e+00 2.3842114e+00 4.9227775e+00 4.3565775e+00 5.7398644e+00 5.6766683e+00 5.8647516e+00 6.6944205e+00 7.0027876e+00 7.5842282e+00 8.7797762e+00 9.5948473e+00 9.9356027e+00 1.0153925e+01 1.0436421e+01 1.0701916e+01 1.0962649e+01 1.1181927e+01 1.1435097e+01 1.1659195e+01 1.1831690e+01 1.1947764e+01
1.9255896e+01 1.9062351e+01 1.9177687e+01 1.8734202e+01 1.8198467e+01 1.8073812e+01 1.7851902e+01 1.7789989e+01 1.7543042e+01 1.8097155e+01 1.7178628e+01 1.6696851e+01 1.6440975e+01 1.6559181e+01 1.7040855e+01 1.6556943e+01 1.6847114e+01 1.6101846e+01 1.5295560e+01 1.4910658e+01 1.4675585e+01 1.5122839e+01 1.1661367e+01 4.9473915e+00 2.4263503e+00 3.8118410e-01 2.0807668e-01 4.7374633e-01 2.9906449e-01 5.7748149e-01 9.2985831e-01 6.5277128e-01 9.0679122e-01 1.3339621e+00 1.9233853e+00 3.3697839e+00 4.3657287e+00 5.8481426e+00 1.0270037e+01 1.0590791e+01 1.0721673e+01 1.0903259e+01 1.1149845e+01 1.1363901e+01 1.1579811e+01 1.1754964e+01 1.1941071e+01 1.2058318e+01 1.2194263e+01 1.2357108e+01
1.9672281e+01 1.9571099e+01 1.9433574e+01 1.8965763e+01 1.8488896e+01 1.8291674e+01 1.8185891e+01 1.8159598e+01 1.8180454e+01 1.7953047e+01 1.7472225e+01 1.7195522e+01 1.7093969e+01 1.7100393e+01 1.7440008e+01 1.7300673e+01 1.6001737e+01 1.6151437e+01 1.5875512e+01 1.5375164e+01 1.4469277e+01 1.5325031e+01 1.4937291e+01 1.2494592e+01 1.1062966e+01 6.3561846e+00 5.2690875e+00 6.9920798e+00 1.1630237e+01 1.1644577e+01 1.2064150e+01 1.1571483e+01 1.0338402e+01 9.0208702e+00 7.0551931e+00 5.1382630e+00 2.9969926e+00 3.6812010e+00 1.1956733e+01 1.2124134e+01 1.1837300e+01 1.1876296e+01 1.2005697e+01 1.2133920e+01 1.2239900e+01 1.2357070e+01 1.2427261e+01 1.2472388e+01 1.2439750e+01 1.2635628e+01
1.9425838e+01 1.9555107e+01 1.9540455e+01 1.9197345e+01 1.8983908e+01 1.7467473e+01 1.8289092e+01 1.8700465e+01 1.8351656e+01 1.8097348e+01 1.7851105e+01 1.7776028e+01 1.7622659e+01 1.7696321e+01 1.7605763e+01 1.7360997e+01 1.7460116e+01 1.6033942e+01 1.6350218e+01 1.6012984e+01 1.5697326e+01 1.5480044e+01 1.5310665e+01 1.5216118e+01 1.4011960e+01 8.9290847e+00 7.4743397e+00 9.2327768e+00 1.1893711e+01 1.4678665e+01 1.4563695e+01 1.4191474e+01 1.4410334e+01 1.3980058e+01 1.3646164e+01 1.4197122e+01 1.3808498e+01 1.3137037e+01 1.3601178e+01 1.3073022e+01 1.2832911e+01 1.2769516e+01 1.2779617e+01 1.2789178e+01 1.2803429e+01 1.2859338e+01 1.2906930e+01 1.2891596e+01 1.2716654e+01 1.2668983e+01
2.0073813e+01 2.0001128e+01 1.9806435e+01 1.9593374e+01 1.9270249e+01 1.5609680e+01 1.8279945e+01 1.9208933e+01 1.8824707e+01 1.8605540e+01 1.8429875e+01 1.8343579e+01 1.8094292e+01 1.8052860e+01 1.7965588e+01 1.7639898e+01 1.7464416e+01 1.6276071e+01 1.6390354e+01 1.6823483e+01 1.6765894e+01 1.6148522e+01 1.5419597e+01 1.5309528e+01 1.5020162e+01 1.2328102e+01 9.2738440e+00 9.5116916e+00 1.1868055e+01 1.4662105e+01 1.3917707e+01 1.4501718e+01 1.4242875e+01 1.4604536e+01 1.4841609e+01 1.4698033e+01 1.3628085e+01 1.3991554e+01 1.3745269e+01 1.3551308e+01 1.3424080e+01 1.3342821e+01 1.3272709e+01 1.3246472e+01 1.3222403e+01 1.3221849e+01 1.3263761e+01 1.2544548e+01 1.2952395e+01 1.3032013e+01
2.0332464e+01 2.0235914e+01 2.0172203e+01 1.9925245e+01 1.9932891e+01 1.9871288e+01 1.9846215e+01 1.9751255e+01 1.9641323e+01 1.9412444e+01 1.9112328e+01 1.9027401e+01 1.8684069e+01 1.8705449e+01 1.8445625e+01 1.8057944e+01 1.6272088e+01 1.7339590e+01 1.7284323e+01 1.6773530e+01 1.6677002e+01 1.7012956e+01 1.6268538e+01 1.5801014e+01 1.5452686e+01 1.4899452e+01 1.2090658e+01 1.1833220e+01 1.4943119e+01 1.4646456e+01 1.3990039e+01 1.4543388e+01 1.3792420e+01 1.4007238e+01 1.4822990e+01 1.4782399e+01 1.4980141e+01 1.4385224e+01 1.4045367e+01 1.3914011e+01 1.3780677e+01 1.3682221e+01 1.3623379e+01 1.3568830e+01 1.3551360e+01 1.3490375e+01 1.3412749e+01 1.2149292e+01 1.2494291e+01 1.3257771e+01
2.0615172e+01 2.0515581e+01 2.0465903e+01 2.0424534e+01 2.0313740e+01 2.0160136e+01 2.0117858e+01 1.9804327e+01 2.0029791e+01 1.9782535e+01 1.9778067e+01 1.9289296e+01 1.9149524e+01 1.8971248e+01 1.8811894e+01 1.8319289e+01 1.7635315e+01 1.7977793e+01 1.7903306e+01 1.7775722e+01 1.7249086e+01 1.7704348e+01 1.7155177e+01 1.6460803e+01 1.6127213e+01 1.5303430e+01 1.5484819e+01 1.5901510e+01 1.5533988e+01 1.4984546e+01 1.4732610e+01 1.4665599e+01 1.4469278e+01 1.4715689e+01 1.4928696e+01 1.5211273e+01 1.5101952e+01 1.4811689e+01 1.4290308e+01 1.4108941e+01 1.3988808e+01 1.3885038e+01 1.3810451e+01 1.3730587e+01 1.3690694e+01 1.3635369e+01 1.3545560e+01 1.3566422e+01 1.3609100e+01 1.3567028e+01
2.0939059e+01 2.0837600e+01 2.0762960e+01 2.0777958e+01 2.0646744e+01 2.0482986e+01 2.0298059e+01 2.0169603e+01 2.0121904e+01 1.9958911e+01 1.9787763e+01 1.9721844e+01 1.9472236e+01 1.9200582e+01 1.9117794e+01 1.8978063e+01 1.8565342e+01 1.8251188e+01 1.8278166e+01 1.8156782e+01 1.8132550e+01 1.8146037e+01 1.7918011e+01 1.7050985e+01 1.6609459e+01 1.5801344e+01 1.6548213e+01 1.6166901e+01 1.5749270e+01 1.5236180e+01 1.5044638e+01 1.4529973e+01 1.3883749e+01 1.4606661e+01 1.3419527e+01 1.4922179e+01 1.5261858e+01 1.4943298e+01 1.4526435e+01 1.4274249e+01 1.4122917e+01 1.3998396e+01 1.3908136e+01 1.3812679e+01 1.3755571e+01 1.3735047e+01 1.3638515e+01 1.3642509e+01 1.3604071e+01 1.3590855e+01
2.1231018e+01 2.1125974e+01 2.1031057e+01 2.0970177e+01 2.1008404e+01 2.0829613e+01 2.0569393e+01 2.0361370e+01 2.0243208e+01 2.0152921e+01 1.9955302e+01 1.9873302e+01 1.9706358e+01 1.9582027e+01 1.9301401e+01 1.8867406e+01 1.8631112e+01 1.8245283e+01 1.8490262e+01 1.8477265e+01 1.8433994e+01 1.8246670e+01 1.8169265e+01 1.7426675e+01 1.7317025e+01 1.7071780e+01 1.6795728e+01 1.6390660e+01 1.6288452e+01 1.5690672e+01 1.5615057e+01 1.5228842e+01 1.4527602e+01 1.4617648e+01 1.4722229e+01 1.5473675e+01 1.5477854e+01 1.4989694e+01 1.4654794e+01 1.4437190e+01 1.4267417e+01 1.4126725e+01 1.4032112e+01 1.3927561e+01 1.3864406e+01 1.3824440e+01 1.3774967e+01 1.3788616e+01 1.3782058e+01 1.3715464e+01
2.1515367e+01 2.1555156e+01 2.1364301e+01 2.1085510e+01 2.0972441e+01 2.0864357e+01 2.0757869e+01 2.0545543e+01 2.0390179e+01 2.0340702e+01 2.0167755e+01 2.0040518e+01 1.9939902e+01 1.9987787e+01 1.9626735e+01 1.9621095e+01 1.8987364e+01 1.8242853e+01 1.8674091e+01 1.8831928e+01 1.8762199e+01 1.8526641e+01 1.7953445e+01 1.7675053e+01 1.7590058e+01 1.7535240e+01 1.7022786e+01 1.6179461e+01 1.6649720e+01 1.6700792e+01 1.5680733e+01 1.5534404e+01 1.5396728e+01 1.4875857e+01 1.5486130e+01 1.5500226e+01 1.4484900e+01 1.4968902e+01 1.4874973e+01 1.4634319e+01 1.4449898e+01 1.4307826e+01 1.4207711e+01 1.4111165e+01 1.4054126e+01 1.4035826e+01 1.4027180e+01 1.3629629e+01 1.4097696e+01 1.4007404e+01
2.1720597e+01 2.1513963e+01 2.1511844e+01 2.1276585e+01 2.1065056e+01 2.1007675e+01 2.1005910e+01 2.0806342e+01 2.0676484e+01 2.0607049e+01 2.0523802e+01 2.0421665e+01 2.0350828e+01 2.0300937e+01 2.0000541e+01 1.9863797e+01 1.9287341e+01 1.6192975e+01 1.8178124e+01 1.8634824e+01 1.8403448e+01 1.8331495e+01 1.8332338e+01 1.8199471e+01 1.8036611e+01 1.8077731e+01 1.7300052e+01 1.6855520e+01 1.5441416e+01 1.6188301e+01 1.6627418e+01 1.6293839e+01 1.5827362e+01 1.4543928e+01 1.4983177e+01 1.4697614e+01 1.4231533e+01 1.5054522e+01 1.5024521e+01 1.4803866e+01 1.4604093e+01 1.4458296e+01 1.4378439e+01 1.4330679e+01 1.4352976e+01 1.4403264e+01 1.4306910e+01 1.3913241e+01 1.4215253e+01 1.4368480e+01
2.1798500e+01 2.1692088e+01 2.1545067e+01 2.1437355e+01 2.1245953e+01 2.1179858e+01 2.1172734e+01 2.1166318e+01 2.1109229e+01 2.1020723e+01 2.0938617e+01 2.0812234e+01 2.0651781e+01 2.0416359e+01 2.0307360e+01 1.9877714e+01 1.9553092e+01 1.9084943e+01 1.9400427e+01 1.8988289e+01 1.8777914e+01 1.8212624e+01 1.7871097e+01 1.8325901e+01 1.8393403e+01 1.8454781e+01 1.7797450e+01 1.7306686e+01 1.6967985e+01 1.6941673e+01 1.6734776e+01 1.6308843e+01 1.6023325e+01 1.5986563e+01 1.5845680e+01 1.5782055e+01 1.5579457e+01 1.5446524e+01 1.5191151e+01 1.4977568e+01 1.4796808e+01 1.4655794e+01 1.4583394e+01 1.4574887e+01 1.4444331e+01 1.4410254e+01 1.4456869e+01 1.2370415e+01 1.1833130e+01 1.3208984e+01
