ahotovec/data/depth_0058.asc
ncols     164
nrows     146
xllcorner -1.242151388888889e+02
yllcorner  4.172986111111111e+01
cellsize  2.777777777820000e-04
nodata_value       -9999
[rows 66 to 87 of 146, columns 0 to 49 of 164]
5.6818162e-03 5.2782457e-03 2.5334119e-03 9.9875369e-04 8.9694585e-04 0.0000000e+00 0.0000000e+00 0.0000000e+00 0.0000000e+00 0.0000000e+00 0.0000000e+00 0.0000000e+00 0.0000000e+00 0.0000000e+00 0.0000000e+00 0.0000000e+00 0.0000000e+00 0.0000000e+00 0.0000000e+00 0.0000000e+00 0.0000000e+00 0.0000000e+00 0.0000000e+00 0.0000000e+00 0.0000000e+00 0.0000000e+00 0.0000000e+00 0.0000000e+00 0.0000000e+00 0.0000000e+00 0.0000000e+00 0.0000000e+00 0.0000000e+00 0.0000000e+00 0.0000000e+00 0.0000000e+00 0.0000000e+00 0.0000000e+00 0.0000000e+00 0.0000000e+00 0.0000000e+00 0.0000000e+00 0.0000000e+00 0.0000000e+00 0.0000000e+00 0.0000000e+00 0.0000000e+00 0.0000000e+00 0.0000000e+00 0.0000000e+00
5.4852181e-03 4.2864848e-03 9.2398069e-03 9.2917256e-04 9.6925011e-04 8.9680224e-04 7.8601789e-04 0.0000000e+00 0.0000000e+00 0.0000000e+00 0.0000000e+00 0.0000000e+00 0.0000000e+00 0.0000000e+00 0.0000000e+00 0.0000000e+00 0.0000000e+00 0.0000000e+00 0.0000000e+00 0.0000000e+00 0.0000000e+00 0.0000000e+00 0.0000000e+00 0.0000000e+00 0.0000000e+00 0.0000000e+00 0.0000000e+00 0.0000000e+00 0.0000000e+00 0.0000000e+00 0.0000000e+00 0.0000000e+00 0.0000000e+00 0.0000000e+00 0.0000000e+00 0.0000000e+00 0.0000000e+00 0.0000000e+00 0.0000000e+00 0.0000000e+00 0.0000000e+00 0.0000000e+00 0.0000000e+00 0.0000000e+00 0.0000000e+00 0.0000000e+00 0.0000000e+00 0.0000000e+00 0.0000000e+00 0.0000000e+00
4.7054368e-03 5.9473186e-03 1.4505763e-03 8.4237787e-04 6.1491577e-02 8.6231366e-04 8.1071175e-04 9.1861306e-04 8.4144253e-04 0.0000000e+00 0.0000000e+00 0.0000000e+00 0.0000000e+00 0.0000000e+00 0.0000000e+00 0.0000000e+00 0.0000000e+00 0.0000000e+00 0.0000000e+00 0.0000000e+00 0.0000000e+00 0.0000000e+00 0.0000000e+00 0.0000000e+00 0.0000000e+00 0.0000000e+00 0.0000000e+00 0.0000000e+00 0.0000000e+00 0.0000000e+00 0.0000000e+00 0.0000000e+00 0.0000000e+00 0.0000000e+00 0.0000000e+00 0.0000000e+00 0.0000000e+00 0.0000000e+00 0.0000000e+00 0.0000000e+00 0.0000000e+00 0.0000000e+00 0.0000000e+00 0.0000000e+00 0.0000000e+00 0.0000000e+00 0.0000000e+00 0.0000000e+00 0.0000000e+00 0.0000000e+00
4.6617808e-03 8.4483967e-04 1.1565809e+00 1.5908229e+00 1.6619051e+00 1.7272591e+00 1.2257694e+00 2.9840940e-01 9.0958948e-04 9.4988195e-04 8.7637530e-04 7.5009878e-04 0.0000000e+00 0.0000000e+00 0.0000000e+00 0.0000000e+00 0.0000000e+00 0.0000000e+00 0.0000000e+00 0.0000000e+00 0.0000000e+00 0.0000000e+00 0.0000000e+00 0.0000000e+00 0.0000000e+00 0.0000000e+00 0.0000000e+00 0.0000000e+00 0.0000000e+00 0.0000000e+00 0.0000000e+00 0.0000000e+00 0.0000000e+00 0.0000000e+00 0.0000000e+00 0.0000000e+00 0.0000000e+00 0.0000000e+00 0.0000000e+00 0.0000000e+00 0.0000000e+00 0.0000000e+00 0.0000000e+00 0.0000000e+00 0.0000000e+00 0.0000000e+00 0.0000000e+00 0.0000000e+00 0.0000000e+00 0.0000000e+00
1.0642266e-03 1.6614967e+00 1.8608507e+00 1.9156057e+00 1.9763644e+00 1.8965379e+00 1.4762785e+00 1.0925918e+00 1.8051241e+00 1.2581631e+00 9.1243166e-04 9.6423945e-04 0.0000000e+00 0.0000000e+00 0.0000000e+00 0.0000000e+00 0.0000000e+00 0.0000000e+00 0.0000000e+00 0.0000000e+00 0.0000000e+00 0.0000000e+00 0.0000000e+00 0.0000000e+00 0.0000000e+00 0.0000000e+00 0.0000000e+00 0.0000000e+00 0.0000000e+00 0.0000000e+00 0.0000000e+00 0.0000000e+00 0.0000000e+00 0.0000000e+00 0.0000000e+00 0.0000000e+00 0.0000000e+00 0.0000000e+00 0.0000000e+00 0.0000000e+00 0.0000000e+00 0.0000000e+00 0.0000000e+00 0.0000000e+00 0.0000000e+00 0.0000000e+00 0.0000000e+00 0.0000000e+00 0.0000000e+00 0.0000000e+00
1.6331237e+00 5.5836444e-04 8.8672452e-01 1.8265637e+00 2.0059871e+00 6.6868891e-01 1.1009228e+00 1.2401969e+00 2.0492451e+00 1.3984374e+00 8.8206975e-04 5.8395253e-04 0.0000000e+00 0.0000000e+00 0.0000000e+00 0.0000000e+00 0.0000000e+00 0.0000000e+00 0.0000000e+00 0.0000000e+00 0.0000000e+00 0.0000000e+00 0.0000000e+00 0.0000000e+00 0.0000000e+00 0.0000000e+00 0.0000000e+00 0.0000000e+00 0.0000000e+00 0.0000000e+00 0.0000000e+00 0.0000000e+00 0.0000000e+00 0.0000000e+00 0.0000000e+00 0.0000000e+00 0.0000000e+00 0.0000000e+00 0.0000000e+00 0.0000000e+00 0.0000000e+00 0.0000000e+00 0.0000000e+00 0.0000000e+00 0.0000000e+00 0.0000000e+00 0.0000000e+00 0.0000000e+00 0.0000000e+00 0.0000000e+00
1.8239345e+00 5.6703211e-01 1.2904162e+00 1.0531226e+00 2.0823004e+00 2.1789707e+00 2.0885245e+00 2.0770920e+00 2.0764466e+00 1.1523140e+00 9.9819721e-04 8.7839071e-04 0.0000000e+00 0.0000000e+00 0.0000000e+00 0.0000000e+00 0.0000000e+00 0.0000000e+00 0.0000000e+00 0.0000000e+00 0.0000000e+00 0.0000000e+00 0.0000000e+00 0.0000000e+00 0.0000000e+00 0.0000000e+00 0.0000000e+00 0.0000000e+00 0.0000000e+00 0.0000000e+00 0.0000000e+00 0.0000000e+00 0.0000000e+00 0.0000000e+00 0.0000000e+00 0.0000000e+00 0.0000000e+00 0.0000000e+00 0.0000000e+00 0.0000000e+00 0.0000000e+00 0.0000000e+00 0.0000000e+00 0.0000000e+00 0.0000000e+00 9.9969551e-04 0.0000000e+00 0.0000000e+00 9.9632269e-04 9.9975429e-04
2.0594277e+00 1.8477603e+00 1.9823428e+00 1.8735195e+00 2.1475433e+00 2.2010594e+00 2.2129892e+00 2.2369427e+00 2.0009234e+00 4.3034384e-01 9.9563793e-04 9.7704237e-04 9.9958831e-04 9.8558822e-04 9.9954422e-04 9.8395394e-04 9.8705003e-04 9.9075898e-04 8.8111071e-04 9.2954551e-04 9.5040976e-04 9.8524701e-04 0.0000000e+00 0.0000000e+00 0.0000000e+00 0.0000000e+00 0.0000000e+00 0.0000000e+00 0.0000000e+00 0.0000000e+00 0.0000000e+00 0.0000000e+00 0.0000000e+00 0.0000000e+00 0.0000000e+00 0.0000000e+00 0.0000000e+00 0.0000000e+00 0.0000000e+00 0.0000000e+00 0.0000000e+00 0.0000000e+00 0.0000000e+00 0.0000000e+00 9.9979242e-04 9.9688757e-04 9.9848744e-04 9.8613259e-04 9.9756050e-04 9.9947222e-04
2.8825736e+00 2.1626547e+00 2.0111436e+00 2.0475323e+00 2.1828897e+00 2.3586041e+00 2.4516008e+00 2.4880623e+00 2.3670507e+00 2.0368170e+00 1.7579784e+00 1.6130451e+00 1.5303876e+00 1.6133160e+00 1.7969468e+00 1.6403219e+00 1.6313431e+00 1.5961175e+00 1.3040380e+00 9.1331923e-01 5.4601653e-01 9.0214691e-04 9.9140143e-04 8.6324815e-04 9.5463979e-04 9.0063514e-04 0.0000000e+00 0.0000000e+00 0.0000000e+00 0.0000000e+00 0.0000000e+00 0.0000000e+00 0.0000000e+00 0.0000000e+00 0.0000000e+00 0.0000000e+00 0.0000000e+00 0.0000000e+00 0.0000000e+00 0.0000000e+00 0.0000000e+00 0.0000000e+00 0.0000000e+00 9.9482613e-04 9.9870596e-04 9.9754497e-04 8.2737234e-03 9.9838780e-04 9.9319418e-04 9.9898683e-04
3.9073027e+00 2.6452299e+00 1.8842253e+00 2.0428816e+00 2.3240285e+00 2.6593283e+00 2.8603014e+00 2.9054171e+00 2.8409659e+00 2.6984866e+00 2.5012163e+00 2.3863151e+00 2.2773916e+00 2.2135965e+00 1.8173243e+00 9.4322875e-01 1.7534232e+00 1.9530301e+00 1.8953955e+00 1.7633589e+00 1.8087150e+00 1.4303057e+00 1.3119921e+00 6.0949535e-01 1.2603032e+00 8.9370177e-04 9.9498809e-04 0.0000000e+00 0.0000000e+00 0.0000000e+00 0.0000000e+00 0.0000000e+00 0.0000000e+00 0.0000000e+00 0.0000000e+00 0.0000000e+00 0.0000000e+00 0.0000000e+00 0.0000000e+00 0.0000000e+00 0.0000000e+00 0.0000000e+00 3.7113552e-06 9.9419864e-04 9.9747937e-04 9.8366817e-04 7.1629200e-04 9.9997198e-04 9.8924549e-04 9.6259031e-04
5.0804023e+00 3.1603649e+00 1.8307114e+00 1.3109794e+00 1.9806994e+00 3.2945763e+00 3.4976794e+00 3.5304369e+00 3.4256921e+00 3.2012698e+00 2.8995489e+00 2.6133741e+00 2.3647541e+00 2.1768535e+00 1.3721996e+00 7.9607658e-01 1.2659111e+00 1.7834098e+00 1.3308018e+00 1.3974785e+00 1.5021122e+00 1.0948685e+00 1.6339722e+00 1.5594336e+00 1.6659708e+00 1.6199653e+00 3.1361313e-01 9.9929780e-04 9.5092692e-04 0.0000000e+00 0.0000000e+00 0.0000000e+00 0.0000000e+00 0.0000000e+00 0.0000000e+00 0.0000000e+00 0.0000000e+00 0.0000000e+00 0.0000000e+00 0.0000000e+00 0.0000000e+00 0.0000000e+00 9.7540778e-04 9.9240860e-04 9.7476642e-04 8.4804774e-04 9.8666792e-04 9.9343541e-04 9.9595614e-04 9.8646664e-04
7.2436609e+00 4.6514362e+00 2.3454795e+00 1.6708573e+00 3.2042699e+00 4.2552102e+00 4.3597119e+00 4.3386288e+00 4.1598548e+00 3.8370965e+00 3.4355729e+00 2.9876626e+00 2.5813900e+00 2.2988283e+00 1.8941038e+00 1.3387996e+00 1.8892861e+00 2.0204911e+00 1.7833115e+00 1.5956378e+00 1.8517569e+00 1.5760357e+00 1.6525852e+00 1.5801845e+00 1.6772110e+00 1.8700650e+00 6.5107215e-01 1.0773068e+00 8.1634855e-04 9.6772493e-04 8.3663426e-04 0.0000000e+00 0.0000000e+00 0.0000000e+00 0.0000000e+00 0.0000000e+00 0.0000000e+00 0.0000000e+00 0.0000000e+00 9.9876021e-04 9.9952697e-04 0.0000000e+00 9.8455479e-04 9.6162352e-04 1.4025487e-01 1.2336908e-01 8.2286236e-02 1.2102211e-02 1.9366982e-01 1.3163089e-01
9.1129475e+00 7.2792191e+00 6.3863816e+00 4.8213966e+00 5.4491246e+00 5.3243162e+00 5.2652866e+00 5.1262057e+00 4.8278015e+00 4.4232188e+00 3.8871175e+00 3.2929997e+00 2.7324336e+00 2.3639689e+00 1.9859691e+00 1.2196885e+00 1.9605351e+00 2.0111858e+00 2.3748026e+00 2.1501210e+00 1.6020992e+00 1.6572233e+00 1.0593077e+00 1.4972973e+00 1.2172205e+00 8.1622802e-01 1.4165447e+00 1.6018536e+00 1.7664373e+00 3.5533245e-01 8.3698786e-04 8.1798794e-04 0.0000000e+00 0.0000000e+00 0.0000000e+00 0.0000000e+00 9.9959158e-04 9.9884596e-04 9.9882070e-04 9.9586693e-04 9.9996703e-04 9.8721785e-04 9.8211491e-04 9.8165058e-04 2.6632484e-01 3.9255000e-01 2.5692887e-01 1.6192314e-01 3.2947756e-01 3.1916621e-01
9.6703830e+00 8.9963434e+00 8.9294766e+00 7.4011412e+00 7.6728576e+00 6.7722119e+00 6.4067840e+00 6.1215189e+00 5.7412102e+00 5.2158125e+00 4.4580419e+00 3.6299877e+00 2.8789080e+00 2.2292657e+00 1.7781879e+00 1.6526001e+00 1.7518870e+00 1.8709345e+00 2.4179674e+00 1.8046026e+00 1.0388506e+00 1.7660841e+00 1.8150535e+00 1.8613310e+00 1.6140457e+00 1.7241034e+00 1.5749705e+00 1.4611156e+00 1.5027734e+00 1.9790970e+00 9.7476262e-01 8.1006123e-04 7.6359624e-04 9.4286185e-04 8.8507855e-04 9.9044681e-04 9.7103878e-04 9.9921124e-04 9.9876747e-04 9.9614498e-04 9.9603983e-04 9.9413583e-04 1.9288809e-03 5.7618715e-03 6.6439890e-02 1.1959272e-01 3.8400040e-01 2.5854697e-01 5.3991102e-01 7.9038212e-01
1.0365684e+01 1.0124406e+01 9.8238525e+00 9.2515084e+00 8.7727401e+00 8.1243129e+00 7.7196467e+00 7.3205112e+00 7.0460096e+00 6.4899680e+00 5.2979222e+00 4.0165618e+00 3.1359377e+00 2.4286352e+00 1.8652881e+00 1.7346599e+00 1.6146528e+00 1.7224021e+00 5.2833361e-04 3.8889682e-01 1.8862083e+00 1.7661394e+00 1.9989252e+00 1.8588251e+00 8.5247810e-01 1.5204619e+00 1.7923958e+00 1.4886231e+00 1.5299481e+00 5.0644487e-01 1.9096398e+00 1.9138066e+00 1.1831478e+00 9.3809398e-04 8.7323489e-04 9.5303444e-04 9.5064136e-04 9.8569964e-04 9.7633673e-04 9.9554779e-04 9.9284974e-04 5.5011747e-02 1.8524956e-03 9.6186256e-04 9.8423250e-04 9.9312141e-04 9.4709900e-04 1.5785759e-02 3.7832384e-01 2.7390678e-01
1.0344447e+01 1.0239016e+01 1.0035537e+01 9.6194190e+00 9.1667368e+00 8.6264172e+00 8.2121832e+00 8.0656671e+00 7.9673576e+00 7.4934946e+00 6.0688952e+00 4.2581948e+00 3.4934793e+00 2.9263381e+00 1.9869810e+00 1.0177732e+00 1.8334192e+00 1.7998092e+00 1.9350517e+00 1.9551469e+00 2.1736216e+00 1.9994389e+00 2.2057395e+00 1.7959870e+00 5.5678294e-05 5.9351365e-01 1.8286142e+00 1.5725650e+00 1.5991770e+00 1.7496822e+00 1.8861274e+00 2.0577643e+00 2.1093129e+00 1.7914152e+00 1.6440549e+00 1.0022081e+00 7.9550767e-02 8.2070319e-04 9.1363091e-04 4.0578579e-04 9.9402977e-04 9.9375183e-04 1.1329687e-03 9.9746780e-04 9.8989610e-04 9.8123988e-04 9.4210249e-04 8.7964982e-04 9.7022452e-04 9.7688293e-04
1.0187554e+01 1.0031006e+01 9.9000452e+00 9.6309034e+00 9.3122171e+00 8.9365086e+00 8.6379390e+00 8.4489236e+00 8.2598246e+00 7.7841534e+00 6.5828123e+00 4.5758199e+00 4.4415558e+00 4.2276553e+00 2.6358586e+00 2.1714883e+00 2.6429819e+00 2.7845287e+00 2.9554878e+00 2.7736028e+00 2.5100242e+00 2.2716666e+00 2.1378617e+00 2.0498126e+00 5.7549046e-04 1.4245547e+00 1.1848326e+00 1.9007403e+00 1.8993686e+00 1.7142569e+00 1.1931465e+00 1.9369443e+00 2.0307587e+00 2.0778897e+00 2.1184433e+00 2.1367417e+00 1.7454477e+00 1.3265953e+00 1.4170759e+00 8.2754272e-04 9.3616618e-04 9.7708189e-04 9.9759112e-04 9.9950060e-04 9.9814541e-04 9.9857304e-04 9.9817081e-04 9.6829180e-04 9.8314220e-04 9.9251549e-04
1.0104496e+01 9.7725053e+00 9.7104013e+00 9.6305731e+00 9.4053606e+00 9.1433587e+00 8.8690837e+00 8.6813755e+00 8.4276976e+00 7.9619889e+00 7.0198045e+00 6.0799386e+00 6.4978109e+00 7.0823337e+00 5.5696664e+00 4.5891642e+00 4.4963369e+00 4.3652823e+00 4.0224785e+00 3.6634942e+00 3.1678072e+00 2.5869170e+00 2.0632572e+00 1.7046222e+00 1.6801319e+00 1.9508475e+00 1.2258269e+00 2.0039881e+00 1.9171279e+00 1.0797792e+00 1.6434301e+00 1.9904615e+00 1.9521290e+00 1.8853112e+00 1.8006618e+00 1.7070397e+00 1.5979145e+00 1.8126503e+00 1.9835148e+00 1.2249017e+00 1.1658189e+00 8.7711756e-04 8.6193336e-04 9.9836578e-04 9.9774880e-04 9.9925733e-04 9.9879861e-04 9.9866229e-04 9.9866510e-04 9.9620669e-04
1.0107221e+01 9.5971395e+00 9.7479177e+00 9.6949907e+00 9.4601934e+00 9.2683064e+00 9.0558848e+00 8.8647332e+00 8.6054935e+00 8.2340155e+00 7.7151287e+00 7.3474776e+00 7.5701264e+00 7.6545499e+00 6.7739908e+00 6.3897464e+00 6.3351348e+00 5.9174326e+00 5.3522106e+00 4.6078501e+00 3.8448619e+00 3.0998386e+00 2.4113876e+00 1.9768172e+00 1.7956665e+00 2.0641647e+00 1.3395149e+00 1.4360746e+00 1.6326602e+00 1.5107842e+00 1.8141907e+00 1.8515981e+00 1.8411037e+00 1.7726545e+00 1.6870793e+00 1.5864185e+00 1.5612913e+00 1.7215015e+00 1.9929078e+00 1.7530356e+00 1.2272594e+00 8.3124493e-01 7.1889381e-04 8.1416309e-04 0.0000000e+00 0.0000000e+00 9.9749328e-04 9.9946624e-04 9.9946535e-04 9.9999585e-04
1.0172561e+01 9.7396426e+00 9.5901730e+00 9.5755411e+00 9.6337091e+00 9.3740390e+00 9.2363326e+00 9.0301166e+00 8.7836459e+00 8.5041331e+00 8.1878643e+00 7.9797801e+00 7.9595428e+00 7.8135653e+00 7.3249021e+00 7.1319694e+00 7.1478986e+00 6.8193592e+00 6.3940182e+00 5.5904615e+00 4.6481599e+00 3.5964442e+00 2.8763237e+00 2.3181425e+00 1.2219960e+00 1.7286218e+00 1.6503485e+00 1.3259515e+00 8.3054879e-01 1.4447019e+00 1.6898722e+00 1.7751732e+00 1.8183755e+00 1.7103845e+00 1.6214521e+00 1.5989039e+00 1.6268976e+00 1.7552104e+00 1.9772977e+00 1.9539674e+00 1.5461596e+00 1.9352273e+00 1.1804782e+00 8.2672824e-04 0.0000000e+00 0.0000000e+00 8.6781785e-04 9.7570967e-04 0.0000000e+00 0.0000000e+00
1.0574526e+01 9.0216140e+00 9.5484494e+00 9.2178194e+00 9.8234839e+00 9.4417150e+00 9.3457781e+00 9.1645189e+00 8.9406535e+00 8.7009060e+00 8.4580441e+00 8.2753513e+00 8.1617720e+00 8.0072854e+00 7.7335723e+00 7.5397088e+00 7.4154322e+00 7.1399158e+00 6.7013448e+00 6.3361873e+00 5.4136659e+00 3.9460305e+00 3.1711105e+00 2.5667236e+00 1.8399197e+00 1.4038973e+00 1.4812647e+00 1.9872022e+00 1.6025475e+00 1.6062365e+00 1.6954936e+00 1.7995398e+00 1.9429422e+00 1.7072029e+00 1.5932473e+00 1.5953988e+00 1.6411576e+00 1.7560891e+00 1.8800043e+00 1.9958989e+00 1.9703031e+00 2.1561147e+00 1.1067990e+00 9.3874959e-04 8.8458379e-04 9.6315078e-04 9.1800652e-04 9.6592503e-04 9.9061204e-04 0.0000000e+00
1.1324365e+01 1.0641626e+01 1.0158381e+01 9.7009014e+00 9.6698980e+00 9.6821045e+00 9.5121705e+00 9.4101273e+00 9.2314357e+00 9.0121282e+00 8.7824514e+00 8.5801770e+00 8.3967875e+00 8.1747920e+00 7.9208388e+00 7.6917194e+00 7.4823411e+00 7.1838327e+00 6.7091487e+00 6.0487458e+00 5.0628774e+00 4.1338541e+00 3.3750142e+00 2.8457227e+00 2.2516718e+00 1.4990572e+00 1.9368222e+00 2.0523375e+00 2.0816192e+00 1.7436379e+00 1.7786516e+00 2.1779292e+00 5.7257577e-01 4.5183062e-01 1.5560540e+00 1.5486871e+00 1.6112794e+00 1.6972131e+00 1.7535697e+00 1.8072674e+00 1.8753006e+00 9.5109598e-01 5.8153220e-04 9.8051376e-04 8.7069819e-01 1.6681262e-02 9.8949647e-04 8.9309291e-04 8.6891114e-04 9.9040996e-04
