ahotovec/data/depth_0010.asc
ncols     164
nrows     146
xllcorner -1.242151388888889e+02
yllcorner  4.172986111111111e+01
cellsize  2.777777777820000e-04
nodata_value       -9999
[rows 110 to 131 of 146, columns 0 to 49 of 164]
2.6070081e+01 2.6144721e+01 2.5480322e+01 2.5767743e+01 2.5493599e+01 2.5387917e+01 2.5282403e+01 2.4785492e+01 2.4537083e+01 2.4223302e+01 2.4089369e+01 2.4215119e+01 2.4088023e+01 2.3010982e+01 2.3954024e+01 2.4141700e+01 2.3464168e+01 2.2783163e+01 2.2973734e+01 2.2959166e+01 2.2870129e+01 2.1570077e+01 2.0973787e+01 2.1361619e+01 2.1429820e+01 2.1166030e+01 2.1081592e+01 2.0447005e+01 2.0683570e+01 2.0227734e+01 1.9722787e+01 1.9089228e+01 1.8952003e+01 1.8550639e+01 1.7884279e+01 1.7452287e+01 1.7166675e+01 1.6328481e+01 1.5948664e+01 1.4934364e+01 1.1111058e+01 1.1229782e+01 1.5540735e+01 1.5768538e+01 1.5799471e+01 1.6107178e+01 1.6410134e+01 1.6130512e+01 1.5907612e+01 1.5465590e+01
2.5986290e+01 2.5952532e+01 2.5866629e+01 2.5875019e+01 2.5607869e+01 2.4919028e+01 2.4731795e+01 2.4921598e+01 2.4772509e+01 2.4527041e+01 2.4415054e+01 2.4396685e+01 2.4237132e+01 2.3661503e+01 2.4652217e+01 2.4762267e+01 2.4129997e+01 2.4191129e+01 2.3821839e+01 2.3572311e+01 2.3037884e+01 2.1716760e+01 2.2083452e+01 2.2423055e+01 2.2257552e+01 2.1828083e+01 2.1557166e+01 2.1178743e+01 2.0929870e+01 2.0916009e+01 2.0844068e+01 1.9726692e+01 1.9555136e+01 1.9027091e+01 1.8552981e+01 1.7883716e+01 1.7401490e+01 1.7157244e+01 1.6358712e+01 1.6517344e+01 1.6270625e+01 1.5563507e+01 1.5755399e+01 1.5845798e+01 1.6042007e+01 1.6879278e+01 1.7278364e+01 1.6815548e+01 1.6489297e+01 1.5961366e+01
2.5987402e+01 2.5900957e+01 2.5898415e+01 2.5725538e+01 2.5742676e+01 2.5559211e+01 2.5367627e+01 2.5170536e+01 2.5025055e+01 2.4825407e+01 2.4728759e+01 2.4723976e+01 2.4801067e+01 2.4862468e+01 2.4850124e+01 2.4872417e+01 2.4547529e+01 2.4372599e+01 2.3747951e+01 2.3623559e+01 2.2833770e+01 2.3445668e+01 2.3575654e+01 2.3416761e+01 2.2968124e+01 2.2628583e+01 2.2405553e+01 2.1860713e+01 2.1344059e+01 2.1017440e+01 2.0899601e+01 2.0871195e+01 2.0225749e+01 1.9037011e+01 1.8665942e+01 1.8456100e+01 1.7402536e+01 1.6513238e+01 1.5926296e+01 1.6511965e+01 1.6297892e+01 1.5656595e+01 1.5595140e+01 1.5977344e+01 1.6694809e+01 1.7758415e+01 1.7659245e+01 1.6357372e+01 1.5444250e+01 1.5601957e+01
2.6083336e+01 2.5991321e+01 2.5944270e+01 2.5939509e+01 2.5781383e+01 2.5607622e+01 2.5478287e+01 2.5355645e+01 2.5252439e+01 2.5177420e+01 2.5097490e+01 2.5129716e+01 2.5123120e+01 2.5081836e+01 2.4984922e+01 2.4972869e+01 2.4761088e+01 2.4449899e+01 2.4345844e+01 2.4366607e+01 2.4461951e+01 2.4357741e+01 2.4059389e+01 2.3754093e+01 2.3546588e+01 2.3249483e+01 2.2139872e+01 2.0674576e+01 2.2006643e+01 2.1453446e+01 2.1043844e+01 2.0873020e+01 2.0016795e+01 1.9951111e+01 1.9774678e+01 1.8715611e+01 1.7475649e+01 1.6082766e+01 1.5032327e+01 1.5124212e+01 1.5388807e+01 1.4742731e+01 1.4552836e+01 1.5872055e+01 1.7567312e+01 1.8046515e+01 1.8126117e+01 1.7924070e+01 1.7369769e+01 1.8131124e+01
2.6131482e+01 2.6059355e+01 2.5997733e+01 2.5944254e+01 2.5848544e+01 2.5735099e+01 2.5659147e+01 2.5614260e+01 2.5607200e+01 2.5560754e+01 2.5423024e+01 2.5411600e+01 2.3972476e+01 2.2572146e+01 2.5471589e+01 2.5021308e+01 2.4809154e+01 2.4750212e+01 2.4692492e+01 2.4664059e+01 2.4766134e+01 2.4648827e+01 2.4393020e+01 2.4125499e+01 2.3919150e+01 2.3690355e+01 2.3278077e+01 2.2913835e+01 2.2912804e+01 2.1468023e+01 2.1580287e+01 2.0314593e+01 2.0482089e+01 1.9971582e+01 2.0027698e+01 1.6603112e+01 1.6924635e+01 1.5709553e+01 1.2030940e+01 1.5809494e+01 1.5937686e+01 1.5630468e+01 1.4649590e+01 1.6966396e+01 1.8334798e+01 1.8589982e+01 1.7692816e+01 1.8639272e+01 1.8693041e+01 1.8689689e+01
2.6210763e+01 2.6141923e+01 2.6087847e+01 2.6007055e+01 2.5960708e+01 2.5900652e+01 2.5844191e+01 2.5795500e+01 2.5313709e+01 1.9886092e+01 2.5518995e+01 2.5628082e+01 2.5674009e+01 2.5496145e+01 2.5554014e+01 2.5320889e+01 2.5133074e+01 2.5048255e+01 2.5037260e+01 2.5128434e+01 2.5240285e+01 2.5176466e+01 2.4971459e+01 2.4418305e+01 2.4414561e+01 2.3839323e+01 2.4127754e+01 2.4135914e+01 2.4008955e+01 2.2817027e+01 2.2340727e+01 2.0047086e+01 2.0808753e+01 2.1727886e+01 2.0183934e+01 1.5435468e+01 1.4751808e+01 1.6181019e+01 1.6957418e+01 1.6040830e+01 1.6337900e+01 1.6806992e+01 1.7545141e+01 1.8490700e+01 1.8417388e+01 1.9242596e+01 1.8741925e+01 1.9072200e+01 1.9065952e+01 1.9242430e+01
2.6277835e+01 2.6234979e+01 2.6186436e+01 2.6112218e+01 2.6059244e+01 2.6018828e+01 2.5984732e+01 2.5922684e+01 2.5763203e+01 2.3406994e+01 2.5719807e+01 2.5879061e+01 2.5749926e+01 2.5635849e+01 2.5511897e+01 2.5404569e+01 2.5322986e+01 2.5257228e+01 2.5209654e+01 2.5417149e+01 2.4500809e+01 2.5283328e+01 2.5092178e+01 2.4872215e+01 2.4435066e+01 2.4465233e+01 2.3649616e+01 2.4453983e+01 2.4397122e+01 2.4236134e+01 2.3083755e+01 2.2943859e+01 2.2746023e+01 2.2271977e+01 2.1464610e+01 1.7450696e+01 1.7092091e+01 1.6221235e+01 1.6459903e+01 1.7087743e+01 1.7376797e+01 1.7591981e+01 1.8210371e+01 1.8929202e+01 1.8919660e+01 1.9433883e+01 1.9627779e+01 1.9367204e+01 1.9586245e+01 1.9778341e+01
2.6382294e+01 2.6317157e+01 2.6271801e+01 2.6193702e+01 2.6138684e+01 2.6095767e+01 2.6071108e+01 2.6063872e+01 2.6071793e+01 2.6085743e+01 2.5997832e+01 2.5899753e+01 2.5804520e+01 2.5699854e+01 2.5587724e+01 2.5492470e+01 2.5446550e+01 2.5248677e+01 2.5246781e+01 2.5478490e+01 2.5294713e+01 2.5737411e+01 2.5417702e+01 2.5502851e+01 2.4824704e+01 2.4623766e+01 2.1985845e+01 2.3763466e+01 2.4556817e+01 2.4142630e+01 2.3404103e+01 2.2228699e+01 2.3106226e+01 2.2093554e+01 2.1741899e+01 2.1192944e+01 2.1361560e+01 1.9511605e+01 1.7835144e+01 1.8220916e+01 1.7756577e+01 1.7896807e+01 1.9091211e+01 1.9231180e+01 1.9428504e+01 2.0183504e+01 2.0223208e+01 2.0116493e+01 2.0032975e+01 2.0088695e+01
2.6557705e+01 2.6493277e+01 2.6411113e+01 2.6330094e+01 2.6225414e+01 2.6194430e+01 2.6121741e+01 2.6140751e+01 2.6108665e+01 2.6066007e+01 2.6003788e+01 2.5952871e+01 2.5855598e+01 2.5777727e+01 2.5696229e+01 2.5601003e+01 2.5543868e+01 2.5485675e+01 2.5448397e+01 2.5432580e+01 2.5489097e+01 2.5490137e+01 2.5392921e+01 2.5308708e+01 2.5151244e+01 2.5187971e+01 2.4196334e+01 2.4600598e+01 2.5106947e+01 2.4665278e+01 2.4152341e+01 2.3801319e+01 2.3775427e+01 2.2825232e+01 2.1423455e+01 2.1356125e+01 2.0984649e+01 2.0261623e+01 2.0286178e+01 1.9575715e+01 1.8682385e+01 1.9228008e+01 1.9894432e+01 2.0021644e+01 2.0196502e+01 2.0279229e+01 1.9631478e+01 2.0497788e+01 2.0389002e+01 2.0482368e+01
2.6649204e+01 2.6579688e+01 2.6521429e+01 2.6467890e+01 2.6423969e+01 2.6330206e+01 2.6263798e+01 2.6223731e+01 2.6168736e+01 2.6120385e+01 2.6038404e+01 2.6005936e+01 2.5961748e+01 2.5873004e+01 2.5790228e+01 2.5705139e+01 2.5630553e+01 2.5570711e+01 2.5523816e+01 2.5473084e+01 2.5446404e+01 2.5498986e+01 2.5639803e+01 2.5161027e+01 2.5166732e+01 2.5268397e+01 2.5406221e+01 2.5534166e+01 2.5283820e+01 2.4916786e+01 2.4592116e+01 2.4040668e+01 2.4028801e+01 2.4040141e+01 2.1753801e+01 2.2086259e+01 2.2102088e+01 2.1036910e+01 2.0786580e+01 2.0566223e+01 1.9546541e+01 1.9016549e+01 2.0760824e+01 2.0463002e+01 2.0525155e+01 2.1223930e+01 2.1392351e+01 2.0809156e+01 2.0678658e+01 2.0632162e+01
2.6756571e+01 2.6713053e+01 2.6657987e+01 2.6595876e+01 2.6516988e+01 2.6421587e+01 2.6376527e+01 2.6360706e+01 2.6329037e+01 2.6303409e+01 2.6186710e+01 2.6072865e+01 2.6017467e+01 2.5984605e+01 2.5909689e+01 2.5842953e+01 2.5769170e+01 2.5687059e+01 2.5598595e+01 2.5487384e+01 2.5536870e+01 2.5527496e+01 2.5565027e+01 2.5622249e+01 2.5452595e+01 2.4925295e+01 2.3218334e+01 2.2315331e+01 2.5285999e+01 2.4783936e+01 2.5025241e+01 2.4895775e+01 2.4676059e+01 2.2990519e+01 2.3630900e+01 2.2650501e+01 2.1444627e+01 2.1003167e+01 1.9141827e+01 1.8694314e+01 1.9807574e+01 1.9863927e+01 2.1468039e+01 2.0446379e+01 2.0075376e+01 2.1384354e+01 2.1427414e+01 2.1209146e+01 2.0995720e+01 2.0879628e+01
2.6908769e+01 2.6836319e+01 2.6785592e+01 2.6725065e+01 2.6673319e+01 2.6615478e+01 2.6530466e+01 2.6469470e+01 2.6431142e+01 2.6450812e+01 2.6412472e+01 2.6262805e+01 2.6160616e+01 2.6082892e+01 2.6039348e+01 2.5983065e+01 2.5923022e+01 2.5839239e+01 2.5718532e+01 2.5607268e+01 2.5658178e+01 2.5630906e+01 2.5618105e+01 2.5621302e+01 2.5573526e+01 2.5557572e+01 2.5630062e+01 2.4772799e+01 2.5009561e+01 2.5644481e+01 2.5239320e+01 2.5128291e+01 2.4705381e+01 2.4011100e+01 2.4393836e+01 2.2617164e+01 2.1190590e+01 2.1227868e+01 2.0754742e+01 1.9187329e+01 1.6217555e+01 1.5590676e+01 2.1087655e+01 2.1979473e+01 2.0798034e+01 2.1949149e+01 2.1586358e+01 2.1388706e+01 2.1262293e+01 2.1154494e+01
2.7054059e+01 2.7001097e+01 2.6954703e+01 2.6891410e+01 2.6806132e+01 2.6725419e+01 2.6644458e+01 2.6597772e+01 2.6576081e+01 2.6517341e+01 2.6432889e+01 2.6382415e+01 2.6324890e+01 2.6241538e+01 2.6159710e+01 2.6092362e+01 2.6028221e+01 2.5965936e+01 2.5897376e+01 2.5813378e+01 2.5765402e+01 2.5727551e+01 2.5714924e+01 2.5678566e+01 2.5573881e+01 2.5809999e+01 2.5948966e+01 2.5579291e+01 2.6160860e+01 2.5672100e+01 2.5415245e+01 2.5348627e+01 2.4927114e+01 2.3832962e+01 2.4073492e+01 2.2642276e+01 2.1348604e+01 2.1692296e+01 1.9864211e+01 1.7919685e+01 1.6794802e+01 1.4743444e+01 2.1013946e+01 2.3158185e+01 2.1876597e+01 2.2152518e+01 2.1830888e+01 2.1645984e+01 2.1551396e+01 2.1494886e+01
2.7161979e+01 2.7128333e+01 2.7089261e+01 2.7058939e+01 2.6992127e+01 2.6893965e+01 2.6809704e+01 2.6726350e+01 2.6682404e+01 2.6625300e+01 2.6566736e+01 2.6516743e+01 2.6449210e+01 2.6381368e+01 2.6318233e+01 2.6257406e+01 2.6202596e+01 2.6119723e+01 2.6049808e+01 2.5976589e+01 2.5906040e+01 2.5860408e+01 2.5835414e+01 2.5834123e+01 2.5874543e+01 2.5890134e+01 2.5672879e+01 2.5370405e+01 2.5802202e+01 2.5831371e+01 2.5494398e+01 2.5413747e+01 2.5108659e+01 2.5388778e+01 2.4757979e+01 2.4163485e+01 2.2977854e+01 2.0798363e+01 1.9464008e+01 1.6675128e+01 1.4730754e+01 1.7507682e+01 2.2815802e+01 2.3096508e+01 2.2555491e+01 2.2240778e+01 2.2058774e+01 2.1911694e+01 2.1805504e+01 2.1742670e+01
2.7351359e+01 2.7282615e+01 2.7235543e+01 2.7173717e+01 2.7127727e+01 2.7047441e+01 2.6981725e+01 2.6910469e+01 2.6842035e+01 2.6777382e+01 2.6708627e+01 2.6671256e+01 2.6595983e+01 2.6536179e+01 2.6458142e+01 2.6415870e+01 2.6356103e+01 2.6291166e+01 2.6222797e+01 2.6105203e+01 2.6025836e+01 2.6008342e+01 2.5987736e+01 2.5955988e+01 2.5946794e+01 2.5974068e+01 2.6098710e+01 2.6163878e+01 2.6231754e+01 2.6043038e+01 2.5676165e+01 2.5525236e+01 2.5321550e+01 2.5608831e+01 2.5611233e+01 2.4555126e+01 2.3381872e+01 2.2895775e+01 2.2030026e+01 1.8964994e+01 1.9894341e+01 2.0998406e+01 2.3496909e+01 2.3064913e+01 2.2710072e+01 2.2479358e+01 2.2344699e+01 2.2174586e+01 2.2038897e+01 2.1895017e+01
2.7559060e+01 2.7452583e+01 2.7414210e+01 2.7333036e+01 2.7275607e+01 2.7194799e+01 2.7114591e+01 2.7049217e+01 2.6982401e+01 2.6922131e+01 2.6861216e+01 2.6846555e+01 2.6778597e+01 2.6697993e+01 2.6603377e+01 2.6549173e+01 2.6489042e+01 2.6434326e+01 2.6339318e+01 2.6245239e+01 2.6195040e+01 2.6164836e+01 2.6135173e+01 2.6079757e+01 2.6050172e+01 2.6061601e+01 2.6098274e+01 2.6136420e+01 2.6187160e+01 2.6162889e+01 2.5359589e+01 2.5715425e+01 2.5684293e+01 2.5649888e+01 2.5573674e+01 2.5096548e+01 2.4160983e+01 2.3141671e+01 2.3708650e+01 2.4190279e+01 2.2732568e+01 2.3519763e+01 2.3625309e+01 2.3292658e+01 2.3001827e+01 2.2764238e+01 2.2582598e+01 2.2410293e+01 2.2267078e+01 2.2108317e+01
2.7745892e+01 2.7622174e+01 2.7575263e+01 2.7500996e+01 2.7467294e+01 2.7419132e+01 2.7299986e+01 2.7207538e+01 2.7113096e+01 2.7048236e+01 2.6980020e+01 2.6974417e+01 2.6940431e+01 2.6864641e+01 2.6776323e+01 2.6698053e+01 2.6625289e+01 2.6533271e+01 2.6453722e+01 2.6411899e+01 2.6363753e+01 2.6305297e+01 2.6251819e+01 2.6214339e+01 2.6174575e+01 2.6144054e+01 2.6116515e+01 2.6099380e+01 2.6104127e+01 2.6066124e+01 2.5944945e+01 2.5829788e+01 2.5732900e+01 2.5672469e+01 2.5611454e+01 2.5486478e+01 2.5620155e+01 2.5353374e+01 2.5215723e+01 2.4805053e+01 2.4640272e+01 2.4311859e+01 2.3928253e+01 2.3594638e+01 2.3322162e+01 2.3088553e+01 2.2874761e+01 2.2687028e+01 2.2531212e+01 2.2374975e+01
2.7923575e+01 2.7822464e+01 2.7705125e+01 2.7682820e+01 2.7610719e+01 2.7604521e+01 2.7536058e+01 2.7381547e+01 2.7291405e+01 2.7187677e+01 2.7109821e+01 2.7069662e+01 2.7046130e+01 2.6996873e+01 2.6935848e+01 2.6854382e+01 2.6780953e+01 2.6695463e+01 2.6637035e+01 2.6561438e+01 2.6499008e+01 2.6440160e+01 2.6371817e+01 2.6327750e+01 2.6282048e+01 2.6241836e+01 2.6184789e+01 2.6153314e+01 2.6104407e+01 2.6038653e+01 2.5936832e+01 2.5864802e+01 2.5811337e+01 2.5763886e+01 2.5701770e+01 2.5654298e+01 2.5652742e+01 2.5497765e+01 2.5341429e+01 2.5101727e+01 2.4771353e+01 2.4423324e+01 2.4145637e+01 2.3891137e+01 2.3642408e+01 2.3400617e+01 2.3168085e+01 2.2969294e+01 2.2791344e+01 2.2640561e+01
2.8072804e+01 2.8013830e+01 2.7875015e+01 2.7822484e+01 2.7768670e+01 2.7721330e+01 2.7722265e+01 2.7587816e+01 2.7447449e+01 2.7358368e+01 2.7248905e+01 2.7222942e+01 2.7172256e+01 2.7106596e+01 2.7046547e+01 2.6988643e+01 2.6903140e+01 2.6852833e+01 2.6798396e+01 2.6734602e+01 2.6656236e+01 2.6581540e+01 2.6501155e+01 2.6428492e+01 2.6375946e+01 2.6326435e+01 2.6281350e+01 2.6228109e+01 2.6155612e+01 2.6076374e+01 2.5984115e+01 2.5901466e+01 2.5849496e+01 2.5848201e+01 2.5711472e+01 2.5705628e+01 2.5558611e+01 2.5479082e+01 2.5274844e+01 2.5032862e+01 2.4981466e+01 2.4602071e+01 2.4312522e+01 2.4082390e+01 2.3862298e+01 2.3652929e+01 2.3444278e+01 2.3226839e+01 2.3052492e+01 2.2892359e+01
2.8199468e+01 2.8185773e+01 2.8065553e+01 2.7963461e+01 2.7947680e+01 2.7863546e+01 2.7844575e+01 2.7792342e+01 2.7643135e+01 2.7546890e+01 2.7467088e+01 2.7401957e+01 2.7306746e+01 2.7261045e+01 2.7187703e+01 2.7082782e+01 2.7026248e+01 2.6963041e+01 2.6902384e+01 2.6843186e+01 2.6786773e+01 2.6716194e+01 2.6650538e+01 2.6570068e+01 2.6494465e+01 2.6429581e+01 2.6377033e+01 2.6311192e+01 2.6232436e+01 2.6153240e+01 2.6078044e+01 2.5982131e+01 2.5910845e+01 2.5904335e+01 2.5900063e+01 2.5240394e+01 2.5704130e+01 2.5511614e+01 2.5299114e+01 2.5172154e+01 2.4987824e+01 2.4749594e+01 2.4475819e+01 2.4257384e+01 2.4036315e+01 2.3827283e+01 2.3624612e+01 2.3451346e+01 2.3300005e+01 2.3171896e+01
2.8332371e+01 2.8331688e+01 2.8281600e+01 2.8139844e+01 2.8071570e+01 2.8030396e+01 2.7968009e+01 2.7967934e+01 2.7863670e+01 2.7726749e+01 2.7646265e+01 2.7588756e+01 2.7508432e+01 2.7378669e+01 2.7283613e+01 2.7218226e+01 2.7137333e+01 2.7084659e+01 2.7001737e+01 2.6933583e+01 2.6879359e+01 2.6809764e+01 2.6761166e+01 2.6713061e+01 2.6633845e+01 2.6560912e+01 2.6490764e+01 2.6413964e+01 2.6330822e+01 2.6228254e+01 2.6155588e+01 2.6069230e+01 2.5997340e+01 2.5943698e+01 2.5938919e+01 2.5996107e+01 2.5979184e+01 2.5683682e+01 2.5428792e+01 2.5253064e+01 2.5095396e+01 2.4842802e+01 2.4612693e+01 2.4423428e+01 2.4224316e+01 2.4010241e+01 2.3801048e+01 2.3621171e+01 2.3454267e+01 2.3181154e+01
2.8482296e+01 2.8467905e+01 2.8450307e+01 2.8355657e+01 2.8228652e+01 2.8203635e+01 2.8113431e+01 2.8109506e+01 2.8071311e+01 2.7916307e+01 2.7806746e+01 2.7742928e+01 2.7709327e+01 2.7565295e+01 2.7442839e+01 2.7366669e+01 2.7287858e+01 2.7210187e+01 2.7124735e+01 2.7024716e+01 2.6987000e+01 2.6906272e+01 2.6844694e+01 2.6784756e+01 2.6735408e+01 2.6671332e+01 2.6617752e+01 2.6543944e+01 2.6458899e+01 2.6355590e+01 2.6253273e+01 2.6174863e+01 2.6093514e+01 2.6041412e+01 2.6008569e+01 2.5950298e+01 2.5998348e+01 2.5798919e+01 2.5651773e+01 2.5212992e+01 2.5203467e+01 2.4973219e+01 2.4761514e+01 2.4555728e+01 2.4355931e+01 2.4156873e+01 2.3946387e+01 2.3775848e+01 2.3593801e+01 2.3392856e+01
