ahotovec/data/depth_0028.asc
ncols     164
nrows     146
xllcorner -1.242151388888889e+02
yllcorner  4.172986111111111e+01
cellsize  2.777777777820000e-04
nodata_value       -9999
[rows 44 to 65 of 146, columns 50 to 99 of 164]
0.0000000e+00 0.0000000e+00 0.0000000e+00 0.0000000e+00 0.0000000e+00 0.0000000e+00 0.0000000e+00 0.0000000e+00 0.0000000e+00 0.0000000e+00 0.0000000e+00 0.0000000e+00 0.0000000e+00 0.0000000e+00 0.0000000e+00 0.0000000e+00 9.4484487e-04 4.5788424e-01 5.0353694e-01 4.9998458e-01 4.9875168e-01 4.9841146e-01 4.9641777e-01 4.9670940e-01 4.9647497e-01 4.9590878e-01 4.9922586e-01 4.9462339e-01 4.9275414e-01 4.9095949e-01 4.8943522e-01 4.7950929e-01 3.9325759e-01 3.0569721e-01 3.0022225e-01 2.8838273e-01 3.1226261e-01 3.1701748e-01 3.7900860e-01 5.9497384e-01 7.4930825e-01 7.6297631e-01 7.6136387e-01 7.5725701e-01 7.5841399e-01 7.5302025e-01 7.3794837e-01 5.6110567e-01 4.5063781e-01 4.5470500e-01
0.0000000e+00 0.0000000e+00 0.0000000e+00 0.0000000e+00 0.0000000e+00 0.0000000e+00 0.0000000e+00 0.0000000e+00 0.0000000e+00 0.0000000e+00 0.0000000e+00 0.0000000e+00 0.0000000e+00 0.0000000e+00 0.0000000e+00 0.0000000e+00 0.0000000e+00 8.4698458e-04 4.4620892e-01 4.9685065e-01 4.9772260e-01 4.9795419e-01 4.9543979e-01 4.9840511e-01 4.9872413e-01 4.9877281e-01 4.9819467e-01 4.9679391e-01 4.9492239e-01 4.9235076e-01 4.7969191e-01 3.9326509e-01 2.6171643e-01 1.9875751e-01 1.8165509e-01 1.7622244e-01 1.7468169e-01 1.7698304e-01 2.8668952e-01 7.0500375e-01 7.5297360e-01 7.5011464e-01 7.4926781e-01 7.4815507e-01 7.3924475e-01 6.6293752e-01 5.4288151e-01 4.4878056e-01 4.4285321e-01 4.4574338e-01
0.0000000e+00 0.0000000e+00 0.0000000e+00 0.0000000e+00 0.0000000e+00 0.0000000e+00 0.0000000e+00 0.0000000e+00 0.0000000e+00 0.0000000e+00 0.0000000e+00 0.0000000e+00 0.0000000e+00 0.0000000e+00 0.0000000e+00 0.0000000e+00 0.0000000e+00 0.0000000e+00 0.0000000e+00 9.8516263e-04 3.8734668e-01 4.9276425e-01 4.9603388e-01 5.0011570e-01 5.0037563e-01 5.0005194e-01 4.9613306e-01 4.9681323e-01 4.8816308e-01 4.6868901e-01 4.0760061e-01 2.6188041e-01 1.7023059e-01 1.3560525e-01 1.1806490e-01 1.1448311e-01 1.5038329e-01 2.8325543e-01 5.4664903e-01 7.2144749e-01 7.4581853e-01 7.4429080e-01 7.4295924e-01 7.3962285e-01 7.2707361e-01 6.3100373e-01 4.4703014e-01 4.3443100e-01 4.3487218e-01 4.3996546e-01
0.0000000e+00 0.0000000e+00 0.0000000e+00 0.0000000e+00 0.0000000e+00 0.0000000e+00 0.0000000e+00 0.0000000e+00 0.0000000e+00 0.0000000e+00 0.0000000e+00 0.0000000e+00 0.0000000e+00 0.0000000e+00 0.0000000e+00 0.0000000e+00 0.0000000e+00 0.0000000e+00 0.0000000e+00 0.0000000e+00 0.0000000e+00 8.6037718e-04 4.3780173e-01 4.9732974e-01 5.0097980e-01 4.9981050e-01 4.7526850e-01 4.4176746e-01 3.9251295e-01 3.2495280e-01 2.3464732e-01 1.7121917e-01 1.3964573e-01 1.3712374e-01 1.6079676e-01 2.0800601e-01 2.7561638e-01 4.6540531e-01 5.7007043e-01 6.9802367e-01 6.9858273e-01 6.3750563e-01 6.0354903e-01 5.3012187e-01 5.1453347e-01 4.5340890e-01 4.2767345e-01 4.2322194e-01 4.2589390e-01 4.6089210e-01
0.0000000e+00 0.0000000e+00 0.0000000e+00 0.0000000e+00 0.0000000e+00 0.0000000e+00 0.0000000e+00 0.0000000e+00 0.0000000e+00 0.0000000e+00 0.0000000e+00 0.0000000e+00 0.0000000e+00 0.0000000e+00 0.0000000e+00 0.0000000e+00 0.0000000e+00 0.0000000e+00 0.0000000e+00 0.0000000e+00 0.0000000e+00 0.0000000e+00 9.1553751e-04 1.4210890e-01 2.9897988e-01 3.0262242e-01 2.2416893e-01 1.4358554e-01 1.3392793e-01 1.3105156e-01 1.5456095e-01 2.0610360e-01 1.9300074e-01 1.7258556e-01 2.3561386e-01 3.0994205e-01 3.5203360e-01 3.7870045e-01 3.9365202e-01 4.4009538e-01 4.5930499e-01 4.3120746e-01 4.2631176e-01 4.2207217e-01 4.1910785e-01 4.1777738e-01 4.2363764e-01 5.8033933e-01 6.0663272e-01 6.3243064e-01
0.0000000e+00 0.0000000e+00 0.0000000e+00 0.0000000e+00 0.0000000e+00 0.0000000e+00 0.0000000e+00 0.0000000e+00 0.0000000e+00 0.0000000e+00 0.0000000e+00 0.0000000e+00 0.0000000e+00 0.0000000e+00 0.0000000e+00 0.0000000e+00 0.0000000e+00 0.0000000e+00 0.0000000e+00 0.0000000e+00 0.0000000e+00 0.0000000e+00 0.0000000e+00 9.6155635e-04 9.3693385e-04 9.5581516e-04 9.9557779e-04 9.9390906e-04 1.8924922e-02 1.4282223e-01 2.9957208e-01 3.3862553e-01 3.3773027e-01 3.2080657e-01 3.3812598e-01 3.6301068e-01 3.8681315e-01 3.9905893e-01 4.0506445e-01 4.0929348e-01 4.1289965e-01 4.0892249e-01 4.0878534e-01 4.0743680e-01 4.0766219e-01 4.4195181e-01 8.0301874e-01 1.3775286e+00 1.4376463e+00 1.3875697e+00
0.0000000e+00 0.0000000e+00 0.0000000e+00 0.0000000e+00 0.0000000e+00 0.0000000e+00 0.0000000e+00 0.0000000e+00 0.0000000e+00 0.0000000e+00 0.0000000e+00 0.0000000e+00 0.0000000e+00 0.0000000e+00 0.0000000e+00 0.0000000e+00 0.0000000e+00 0.0000000e+00 0.0000000e+00 0.0000000e+00 0.0000000e+00 0.0000000e+00 0.0000000e+00 9.9976153e-04 9.8381191e-04 9.9904202e-04 9.9965834e-04 9.9521238e-04 1.5746894e-01 3.1320011e-01 3.4361377e-01 3.5710259e-01 3.5916734e-01 3.6323451e-01 3.6908266e-01 3.7285988e-01 3.8122044e-01 3.8794391e-01 3.9320851e-01 3.9889196e-01 4.0333648e-01 4.0298792e-01 4.2208924e-01 4.9441957e-01 7.2962858e-01 1.0958140e+00 1.4543647e+00 1.5069474e+00 1.4264144e+00 1.1006451e+00
0.0000000e+00 0.0000000e+00 0.0000000e+00 0.0000000e+00 0.0000000e+00 0.0000000e+00 0.0000000e+00 0.0000000e+00 0.0000000e+00 0.0000000e+00 0.0000000e+00 0.0000000e+00 0.0000000e+00 0.0000000e+00 0.0000000e+00 0.0000000e+00 0.0000000e+00 0.0000000e+00 0.0000000e+00 0.0000000e+00 0.0000000e+00 0.0000000e+00 0.0000000e+00 9.9929054e-04 9.9637974e-04 9.9955794e-04 9.8596699e-04 1.5330639e-01 2.9546482e-01 3.1318038e-01 3.2156872e-01 3.3054794e-01 3.3452238e-01 3.4097571e-01 3.4903135e-01 3.5840943e-01 3.6678607e-01 3.7631887e-01 3.8577530e-01 3.9849489e-01 6.7937637e-01 1.0397706e+00 1.1191992e+00 1.3440306e+00 1.4336775e+00 1.3689758e+00 1.1702073e+00 9.3060726e-01 6.0341994e-01 4.4125283e-01
0.0000000e+00 0.0000000e+00 0.0000000e+00 0.0000000e+00 0.0000000e+00 0.0000000e+00 0.0000000e+00 0.0000000e+00 0.0000000e+00 0.0000000e+00 0.0000000e+00 0.0000000e+00 0.0000000e+00 0.0000000e+00 0.0000000e+00 0.0000000e+00 0.0000000e+00 0.0000000e+00 0.0000000e+00 0.0000000e+00 0.0000000e+00 0.0000000e+00 9.9832461e-04 9.9908049e-04 9.4045930e-04 9.8144424e-04 1.0646932e-01 2.4961774e-01 2.7546471e-01 2.8228623e-01 2.8733205e-01 2.9021141e-01 2.9517099e-01 3.0288581e-01 3.1518104e-01 3.3259442e-01 3.4130979e-01 3.5465773e-01 3.6755983e-01 3.8196335e-01 6.8693706e-01 1.1989430e+00 1.2072373e+00 9.7087798e-01 7.0319469e-01 5.1250293e-01 4.3049565e-01 4.0261526e-01 3.9909290e-01 3.9925975e-01
0.0000000e+00 0.0000000e+00 0.0000000e+00 0.0000000e+00 0.0000000e+00 0.0000000e+00 0.0000000e+00 0.0000000e+00 0.0000000e+00 0.0000000e+00 0.0000000e+00 0.0000000e+00 0.0000000e+00 0.0000000e+00 0.0000000e+00 0.0000000e+00 0.0000000e+00 0.0000000e+00 0.0000000e+00 0.0000000e+00 0.0000000e+00 0.0000000e+00 9.9867368e-04 9.5477664e-04 1.7816358e-01 2.1174923e-01 2.2812310e-01 2.3389893e-01 2.3942767e-01 2.3867793e-01 2.3181421e-01 2.2507095e-01 2.2599132e-01 2.3481608e-01 2.4821612e-01 2.7414284e-01 2.9530356e-01 3.1681776e-01 3.3654044e-01 3.3130878e-01 3.2041107e-01 3.9669426e-01 4.1910250e-01 3.8629383e-01 3.8232961e-01 3.8449289e-01 3.8411860e-01 3.8551246e-01 3.8448190e-01 3.8791083e-01
0.0000000e+00 0.0000000e+00 0.0000000e+00 0.0000000e+00 0.0000000e+00 0.0000000e+00 0.0000000e+00 0.0000000e+00 0.0000000e+00 0.0000000e+00 0.0000000e+00 0.0000000e+00 0.0000000e+00 0.0000000e+00 0.0000000e+00 0.0000000e+00 0.0000000e+00 0.0000000e+00 0.0000000e+00 0.0000000e+00 0.0000000e+00 9.9668674e-04 9.4462672e-04 3.6617058e-02 2.0247941e-01 2.0332869e-01 2.0700957e-01 1.9548872e-01 1.8083082e-01 1.6698150e-01 1.6948966e-01 1.9741245e-01 2.4182122e-01 2.7693941e-01 2.3007636e-01 2.4429587e-01 2.7955956e-01 2.5308056e-01 1.7704597e-01 1.7069260e-01 1.9256556e-01 2.3553094e-01 3.1041756e-01 3.2792461e-01 3.3888139e-01 3.5063746e-01 3.5820798e-01 3.6405283e-01 3.6723154e-01 3.7188753e-01
0.0000000e+00 0.0000000e+00 0.0000000e+00 0.0000000e+00 0.0000000e+00 0.0000000e+00 0.0000000e+00 0.0000000e+00 0.0000000e+00 0.0000000e+00 0.0000000e+00 0.0000000e+00 0.0000000e+00 0.0000000e+00 0.0000000e+00 0.0000000e+00 0.0000000e+00 0.0000000e+00 0.0000000e+00 0.0000000e+00 0.0000000e+00 9.9975874e-04 2.0272671e-03 3.8779754e-03 1.6491300e-01 1.7379686e-01 1.4969524e-01 1.3256030e-01 1.1116752e-01 1.1167146e-01 1.7048683e-01 2.7323828e-01 3.6670328e-01 4.3393225e-01 2.9822463e-01 1.8260705e-01 1.8789462e-01 1.3617848e-01 5.8221446e-02 1.4298095e-01 2.7987482e-01 3.7300978e-01 3.3850981e-01 3.0393478e-01 3.0047524e-01 3.1438749e-01 3.2922929e-01 3.4090835e-01 3.4789868e-01 3.6007317e-01
0.0000000e+00 0.0000000e+00 0.0000000e+00 0.0000000e+00 0.0000000e+00 0.0000000e+00 0.0000000e+00 0.0000000e+00 0.0000000e+00 0.0000000e+00 0.0000000e+00 0.0000000e+00 0.0000000e+00 0.0000000e+00 0.0000000e+00 0.0000000e+00 0.0000000e+00 0.0000000e+00 0.0000000e+00 0.0000000e+00 9.9865818e-04 9.9784441e-04 9.9253650e-04 9.9772556e-04 5.5809299e-02 9.6587574e-02 1.1338206e-01 1.4466589e-01 2.9477415e-01 3.8272836e-01 4.1761226e-01 5.1456256e-01 5.8356407e-01 6.1305751e-01 4.7309159e-01 4.2787320e-01 2.9049496e-01 2.1328455e-01 4.7322329e-01 9.5759371e-01 1.2603919e+00 1.2448805e+00 1.0909166e+00 8.2186596e-01 5.4186519e-01 3.7130262e-01 3.3820419e-01 3.3389266e-01 3.3685168e-01 3.4304967e-01
0.0000000e+00 0.0000000e+00 0.0000000e+00 0.0000000e+00 0.0000000e+00 0.0000000e+00 0.0000000e+00 0.0000000e+00 0.0000000e+00 0.0000000e+00 0.0000000e+00 0.0000000e+00 0.0000000e+00 0.0000000e+00 0.0000000e+00 0.0000000e+00 0.0000000e+00 0.0000000e+00 0.0000000e+00 0.0000000e+00 9.9852659e-04 9.9897102e-04 9.9976083e-04 9.9958857e-04 2.1691598e-02 4.3235520e-02 2.3809060e-01 4.2983485e-01 6.8586398e-01 8.2206708e-01 8.6214036e-01 7.5702036e-01 7.6101151e-01 8.2238909e-01 7.7495908e-01 7.6395982e-01 6.4873892e-01 7.2127142e-01 1.1893705e+00 1.3572365e+00 1.2068217e+00 1.2831900e+00 1.4666607e+00 1.5461464e+00 1.3617244e+00 1.1106333e+00 9.1877279e-01 7.6317153e-01 6.8887033e-01 6.7151199e-01
0.0000000e+00 0.0000000e+00 0.0000000e+00 0.0000000e+00 0.0000000e+00 0.0000000e+00 0.0000000e+00 0.0000000e+00 0.0000000e+00 0.0000000e+00 0.0000000e+00 0.0000000e+00 0.0000000e+00 0.0000000e+00 0.0000000e+00 0.0000000e+00 0.0000000e+00 0.0000000e+00 0.0000000e+00 9.9885409e-04 9.9934248e-04 9.9787439e-04 9.9965106e-04 1.7282646e-03 5.4569686e-03 1.4244705e-01 4.3637805e-01 7.3005856e-01 1.0793970e+00 1.2092109e+00 1.2695127e+00 1.3559815e+00 1.2418077e+00 1.2019316e+00 1.1807802e+00 1.0406808e+00 9.3649723e-01 1.1417872e+00 1.1795118e+00 6.8639743e-01 3.9452389e-01 4.4337097e-01 7.0667740e-01 1.0947779e+00 1.4090768e+00 1.5465345e+00 1.5962341e+00 1.5730794e+00 1.5500249e+00 1.5284151e+00
0.0000000e+00 0.0000000e+00 0.0000000e+00 0.0000000e+00 0.0000000e+00 0.0000000e+00 0.0000000e+00 0.0000000e+00 0.0000000e+00 0.0000000e+00 0.0000000e+00 0.0000000e+00 0.0000000e+00 0.0000000e+00 0.0000000e+00 0.0000000e+00 0.0000000e+00 0.0000000e+00 0.0000000e+00 9.9859336e-04 9.9945290e-04 9.9748342e-04 9.9999585e-04 2.5651073e-03 1.0048048e-03 1.8655780e-01 5.0438980e-01 8.7318257e-01 1.2387762e+00 1.4249429e+00 1.6221614e+00 1.7587184e+00 1.8441276e+00 1.7014732e+00 1.5153889e+00 1.5193725e+00 1.1540226e+00 1.1919340e+00 6.6740695e-01 1.8117289e-01 1.9850562e-01 2.5661786e-01 2.9719905e-01 4.0583559e-01 5.4729685e-01 7.4030208e-01 9.4839462e-01 1.1041208e+00 1.1915709e+00 1.2306655e+00
0.0000000e+00 0.0000000e+00 0.0000000e+00 0.0000000e+00 0.0000000e+00 0.0000000e+00 0.0000000e+00 0.0000000e+00 0.0000000e+00 0.0000000e+00 0.0000000e+00 0.0000000e+00 0.0000000e+00 0.0000000e+00 0.0000000e+00 0.0000000e+00 0.0000000e+00 0.0000000e+00 9.9989469e-04 9.9920650e-04 9.9818987e-04 9.9901747e-04 1.0457700e-03 1.3170253e-03 2.8583163e-02 3.8357779e-01 7.5142843e-01 1.2199746e+00 1.6969232e+00 1.8459489e+00 1.8921749e+00 1.8983945e+00 1.8968429e+00 1.8934341e+00 1.8686573e+00 1.5621800e+00 1.2255752e+00 1.2275383e+00 7.2148307e-01 1.6271023e-01 2.7013575e-01 3.1478712e-01 3.2386990e-01 3.3829262e-01 3.4878257e-01 3.6882017e-01 4.1589804e-01 4.4357238e-01 5.3983086e-01 5.9979177e-01
0.0000000e+00 0.0000000e+00 0.0000000e+00 0.0000000e+00 0.0000000e+00 0.0000000e+00 0.0000000e+00 0.0000000e+00 0.0000000e+00 0.0000000e+00 0.0000000e+00 0.0000000e+00 0.0000000e+00 0.0000000e+00 0.0000000e+00 0.0000000e+00 0.0000000e+00 9.9888492e-04 9.9880953e-04 9.9890817e-04 9.9646421e-04 1.2767966e-03 1.8533994e-03 1.5956279e-03 2.7213165e-01 7.0622364e-01 1.1915496e+00 1.6879031e+00 1.8852075e+00 1.8929392e+00 1.8900788e+00 1.8882559e+00 1.8839088e+00 1.8784956e+00 1.8298535e+00 1.4745459e+00 1.3277351e+00 1.1659920e+00 6.5878791e-01 1.7833437e-01 2.7701072e-01 3.3500883e-01 3.2522887e-01 3.3524826e-01 3.3625293e-01 3.7030069e-01 4.0036039e-01 4.4992128e-01 4.6591548e-01 4.8570609e-01
0.0000000e+00 0.0000000e+00 0.0000000e+00 0.0000000e+00 0.0000000e+00 0.0000000e+00 0.0000000e+00 0.0000000e+00 0.0000000e+00 0.0000000e+00 0.0000000e+00 0.0000000e+00 0.0000000e+00 0.0000000e+00 0.0000000e+00 0.0000000e+00 9.9912844e-04 9.9943958e-04 9.9980414e-04 9.9976962e-04 9.9401938e-04 1.3517315e-03 1.0282233e-03 4.8994439e-02 5.5526535e-01 1.1693790e+00 1.6776564e+00 1.8847746e+00 1.8901340e+00 1.8873809e+00 1.8819660e+00 1.8789009e+00 1.8731150e+00 1.8625345e+00 1.8425871e+00 1.7099005e+00 1.5221351e+00 1.1170887e+00 5.3166568e-01 1.8080272e-01 2.5435483e-01 2.5970610e-01 2.6199097e-01 2.5632736e-01 2.7250703e-01 3.0700638e-01 3.1247771e-01 3.3913783e-01 3.6270122e-01 3.9795841e-01
0.0000000e+00 0.0000000e+00 0.0000000e+00 0.0000000e+00 0.0000000e+00 0.0000000e+00 0.0000000e+00 0.0000000e+00 0.0000000e+00 0.0000000e+00 0.0000000e+00 0.0000000e+00 0.0000000e+00 0.0000000e+00 0.0000000e+00 9.9850691e-04 9.9896472e-04 9.9500548e-04 9.9713399e-04 1.5059578e-03 4.0990678e-03 3.8149386e-03 9.9459202e-04 2.9174739e-01 7.0660753e-01 1.4198528e+00 1.8927738e+00 1.8907410e+00 1.8852000e+00 1.8826000e+00 1.8750543e+00 1.8747586e+00 1.8594986e+00 1.8300215e+00 1.8490365e+00 1.7986015e+00 1.4291178e+00 8.6797842e-01 4.3015852e-01 1.2538061e-01 1.9194228e-01 1.8853398e-01 2.0074562e-01 2.3762694e-01 2.6455683e-01 2.8251358e-01 2.9846515e-01 3.1244219e-01 3.2466184e-01 3.3890826e-01
0.0000000e+00 0.0000000e+00 0.0000000e+00 0.0000000e+00 0.0000000e+00 0.0000000e+00 0.0000000e+00 0.0000000e+00 0.0000000e+00 0.0000000e+00 0.0000000e+00 0.0000000e+00 0.0000000e+00 0.0000000e+00 0.0000000e+00 9.9927604e-04 9.9709243e-04 4.0318523e-03 6.1421466e-03 5.6524738e-03 4.3930551e-03 2.4263486e-03 2.2375119e-02 5.3320661e-01 9.2801650e-01 1.3275379e+00 1.6346233e+00 1.8279819e+00 1.8741626e+00 1.8468927e+00 1.8408164e+00 1.6683591e+00 1.4207451e+00 2.5421480e+00 1.9645255e+00 1.6428704e+00 1.1873808e+00 7.4498701e-01 3.6096273e-01 5.4250741e-02 1.3263589e-01 1.5094196e-01 1.9422745e-01 2.2536223e-01 2.5280065e-01 2.7000156e-01 2.8726319e-01 3.0273200e-01 3.1644271e-01 3.2797361e-01
0.0000000e+00 0.0000000e+00 0.0000000e+00 0.0000000e+00 0.0000000e+00 0.0000000e+00 0.0000000e+00 0.0000000e+00 0.0000000e+00 0.0000000e+00 0.0000000e+00 0.0000000e+00 0.0000000e+00 0.0000000e+00 0.0000000e+00 9.9852299e-04 1.2957718e-03 1.3950862e-03 3.1301419e-03 5.5042713e-03 4.0222365e-03 1.0810316e-03 7.0565107e-02 6.3130505e-01 8.9949780e-01 9.6751164e-01 9.4107787e-01 1.2115860e+00 1.2347781e+00 9.4679897e-01 8.7694944e-01 1.1550952e+00 3.3405107e+00 3.6890367e+00 1.2262079e+00 1.3344158e+00 1.0218346e+00 6.6364462e-01 2.7968978e-01 1.9652861e-02 7.2242470e-02 1.1762754e-01 1.6436897e-01 1.9570414e-01 2.2478177e-01 2.4507440e-01 2.6612922e-01 2.8548708e-01 3.0315399e-01 3.1805174e-01
