ahotovec/data/depth_0050.asc
ncols     164
nrows     146
xllcorner -1.242151388888889e+02
yllcorner  4.172986111111111e+01
cellsize  2.777777777820000e-04
nodata_value       -9999
[rows 88 to 109 of 146, columns 0 to 49 of 164]
1.0982430e+01 1.1009949e+01 1.0899000e+01 1.0483115e+01 1.0367423e+01 1.0568229e+01 1.0147129e+01 1.0042827e+01 9.8643337e+00 9.6603893e+00 9.4306604e+00 9.2044998e+00 8.9880694e+00 8.7568927e+00 8.4939872e+00 8.2197331e+00 7.9137179e+00 7.4961249e+00 6.8897037e+00 6.2577821e+00 5.4408706e+00 4.6057523e+00 3.9296055e+00 3.3920573e+00 2.8582407e+00 2.4190652e+00 2.0461711e+00 7.9099150e-02 0.0000000e+00 2.3685077e+00 2.5750085e+00 2.8176724e+00 2.5374488e+00 2.0142719e+00 2.2394021e+00 2.2294623e+00 2.2692540e+00 2.2919756e+00 2.2710230e+00 2.2396181e+00 2.2677240e+00 1.6323695e+00 1.5262667e+00 4.9358313e-01 2.7093693e+00 2.5459212e+00 1.8567717e+00 7.5518993e-04 9.5960170e-04 9.5159739e-04
1.1397076e+01 1.0886894e+01 1.0687037e+01 1.0440356e+01 1.0436562e+01 1.0594444e+01 1.0420598e+01 1.0291928e+01 1.0090879e+01 9.8727586e+00 9.6159967e+00 9.3863880e+00 9.1448212e+00 8.8807454e+00 8.5805124e+00 8.2324710e+00 7.8520668e+00 7.3368877e+00 6.6356656e+00 6.0082559e+00 5.2695248e+00 4.5488514e+00 3.9495601e+00 3.4717212e+00 2.9926808e+00 2.6435408e+00 2.3539606e+00 2.1128728e+00 6.7888696e-01 2.6794424e+00 2.6841067e+00 2.7337807e+00 2.7164340e+00 2.4480509e+00 2.3283560e+00 2.3094425e+00 2.3065705e+00 2.2824438e+00 2.2500976e+00 2.2191039e+00 2.2745939e+00 2.4720402e+00 2.3922426e+00 2.3182294e+00 2.3149211e+00 2.5361985e+00 2.4410365e+00 1.2267339e+00 7.6856003e-04 9.8643278e-04
1.1640336e+01 1.1065262e+01 1.0621415e+01 1.0388588e+01 1.0709894e+01 1.0738665e+01 1.0674291e+01 1.0552983e+01 1.0315029e+01 1.0058875e+01 9.8008232e+00 9.5656926e+00 9.3083249e+00 9.0338991e+00 8.6858527e+00 8.2815514e+00 7.8095313e+00 7.2181154e+00 6.4252921e+00 5.7776736e+00 5.0490001e+00 4.3907937e+00 3.8777771e+00 3.4670903e+00 3.0630379e+00 2.7846043e+00 2.7132985e+00 2.7843996e+00 2.7518245e+00 2.7748259e+00 2.8228672e+00 2.8464581e+00 2.7498547e+00 2.5827059e+00 2.4950640e+00 2.4287718e+00 2.3707933e+00 2.3205519e+00 2.2809577e+00 2.2568760e+00 2.3085849e+00 2.4201135e+00 2.3769116e+00 2.2034008e+00 2.3123947e+00 2.4170170e+00 2.5279665e+00 2.4052159e+00 1.0089494e+00 1.3529126e+00
1.1526010e+01 1.1159608e+01 1.0873089e+01 1.0797243e+01 1.0882156e+01 1.1035223e+01 1.1045062e+01 1.0905036e+01 1.0583134e+01 1.0232077e+01 9.9871562e+00 9.7489124e+00 9.5212978e+00 9.2277961e+00 8.8478879e+00 8.3724327e+00 7.8142388e+00 7.1361460e+00 6.2633949e+00 5.5517586e+00 4.8168329e+00 4.1780047e+00 3.6787225e+00 3.3709019e+00 3.0701544e+00 2.8769485e+00 2.8113875e+00 2.8476855e+00 2.9092315e+00 2.9598862e+00 2.9907882e+00 2.9957418e+00 2.9373960e+00 2.7975600e+00 2.6610152e+00 2.5405086e+00 2.4446213e+00 2.3629577e+00 2.3268642e+00 2.2834220e+00 2.3352708e+00 2.4653227e+00 2.8359131e+00 3.0247356e+00 2.3890074e+00 1.9195208e+00 9.5374797e-01 1.3063193e+00 2.5530227e+00 2.5362152e+00
1.1707510e+01 1.1659563e+01 1.1553339e+01 1.1452577e+01 1.1377038e+01 1.1420340e+01 1.1164417e+01 1.1050813e+01 1.0784931e+01 1.0646404e+01 1.0256431e+01 1.0139197e+01 9.8586456e+00 9.5134980e+00 9.0771390e+00 8.5230749e+00 7.8837665e+00 7.0963166e+00 6.1340561e+00 5.3111628e+00 4.5413173e+00 3.8845084e+00 3.4153649e+00 3.1910054e+00 3.0178384e+00 2.9292016e+00 2.8991949e+00 2.8859943e+00 2.9809201e+00 3.0908303e+00 3.1645472e+00 3.1997823e+00 3.1507927e+00 3.0015502e+00 2.8446439e+00 2.6460574e+00 2.4990542e+00 2.3883422e+00 2.3276342e+00 2.2731399e+00 2.2987316e+00 2.2626022e+00 1.3132072e+00 7.9618729e-04 8.2696958e-04 8.6483737e-04 9.4536052e-04 3.2252856e-01 1.7416227e+00 2.4552648e+00
1.2681584e+01 1.2591480e+01 1.2453566e+01 1.2285290e+01 1.2135824e+01 1.1988958e+01 1.1996041e+01 1.1818210e+01 1.1158597e+01 1.0849191e+01 1.1084750e+01 1.0750518e+01 1.0548231e+01 9.9205744e+00 9.3680362e+00 8.7094122e+00 8.0121686e+00 7.1220536e+00 6.0249608e+00 5.0812123e+00 4.2064902e+00 3.5272734e+00 3.1297552e+00 2.9858308e+00 2.8338905e+00 2.6650603e+00 2.6731280e+00 2.9077829e+00 3.0402422e+00 3.1993170e+00 3.3456136e+00 3.4237862e+00 3.3811542e+00 3.2197858e+00 3.0057762e+00 2.7341347e+00 2.5257397e+00 2.4264493e+00 2.4239581e+00 2.3387923e+00 2.3892132e+00 7.1158992e-01 0.0000000e+00 0.0000000e+00 0.0000000e+00 0.0000000e+00 0.0000000e+00 4.5201502e-01 2.5174117e+00 2.3434173e+00
1.3811121e+01 1.3607612e+01 1.3385634e+01 1.3172625e+01 1.2969445e+01 1.2794614e+01 1.2837902e+01 1.2598594e+01 1.2254303e+01 1.2055355e+01 1.1925099e+01 1.1797913e+01 1.1126076e+01 1.0378308e+01 9.6315534e+00 8.9025597e+00 8.1527852e+00 7.1750982e+00 5.9722368e+00 4.9110006e+00 3.9242870e+00 3.1704905e+00 2.8915771e+00 2.8957923e+00 2.4871042e+00 1.8004542e+00 1.9896982e+00 2.8794382e+00 3.1034185e+00 3.3264791e+00 3.5470277e+00 3.6796684e+00 3.6450847e+00 3.4500482e+00 3.1554634e+00 2.8172722e+00 2.5222371e+00 2.4777776e+00 2.5003501e+00 2.2751426e+00 2.5249480e+00 1.2291214e+00 7.2686686e-04 0.0000000e+00 0.0000000e+00 0.0000000e+00 8.3952089e-04 8.2322312e-01 2.5909344e+00 2.4210160e+00
1.4667215e+01 1.4432760e+01 1.4195429e+01 1.3990525e+01 1.3820092e+01 1.3683013e+01 1.3553915e+01 1.3434536e+01 1.3211788e+01 1.2736265e+01 1.1335522e+01 1.1698268e+01 1.1272127e+01 1.0642162e+01 9.9099320e+00 9.1656102e+00 8.4385703e+00 7.4816942e+00 6.1108606e+00 4.8545832e+00 3.6283479e+00 2.1429597e+00 2.0441494e+00 1.7743140e+00 2.1622370e+00 2.1620193e+00 2.2730967e+00 2.4431950e+00 3.1687297e+00 3.7073821e+00 4.0640370e+00 4.2598714e+00 4.2584873e+00 4.0038508e+00 3.6287663e+00 3.0735724e+00 2.5089681e+00 2.4119296e+00 1.5295045e+00 1.3397148e+00 2.5572689e+00 1.8348103e+00 8.3713343e-04 9.5977383e-04 7.7203221e-04 8.0228791e-04 7.0833494e-01 2.3496296e+00 2.4614629e+00 2.5116589e+00
1.5410138e+01 1.5230962e+01 1.5071744e+01 1.4977421e+01 1.4812243e+01 1.4619689e+01 1.4509474e+01 1.3993998e+01 1.2715695e+01 1.1855098e+01 1.1148015e+01 1.1166300e+01 1.0950004e+01 1.0508090e+01 1.0017297e+01 9.4187021e+00 8.7888423e+00 7.9176515e+00 6.5123701e+00 5.0816661e+00 3.5132920e+00 2.6164749e+00 1.3194382e+00 3.7376134e-01 2.2141515e+00 2.5603778e+00 2.6406171e+00 2.6797629e+00 3.6434016e+00 4.3221468e+00 4.7450440e+00 4.9733325e+00 4.9773315e+00 4.6971115e+00 4.2601549e+00 3.6187173e+00 2.8415873e+00 2.4214793e+00 2.6054947e+00 2.7379464e+00 2.7573645e+00 2.5254519e+00 2.2889607e+00 2.3420651e+00 1.8333072e+00 1.3254928e+00 1.7209750e+00 1.7120160e+00 2.6840586e+00 2.6940184e+00
1.6044416e+01 1.6286868e+01 1.6040157e+01 1.5593943e+01 1.5227762e+01 1.5335420e+01 1.4823196e+01 1.4696524e+01 1.2649185e+01 1.1122705e+01 1.1108569e+01 1.0967032e+01 1.0662327e+01 1.0445174e+01 1.0142014e+01 9.7000948e+00 9.2549384e+00 8.6237900e+00 7.3050709e+00 5.8514807e+00 3.8196226e+00 2.5959470e+00 2.2891361e+00 1.9646394e+00 1.8309501e+00 3.1442362e+00 3.7731041e+00 4.1870832e+00 4.7328026e+00 5.2639020e+00 5.6466033e+00 5.8618317e+00 5.8540548e+00 5.5854873e+00 5.1833440e+00 4.6049556e+00 3.9360005e+00 3.4582203e+00 3.5085724e+00 3.5243636e+00 3.3231891e+00 3.0822332e+00 3.0056431e+00 2.7821273e+00 2.4448548e+00 1.5461324e+00 1.9291164e+00 2.5938430e+00 2.8699636e+00 2.9068696e+00
1.7240275e+01 1.7356859e+01 1.6465111e+01 1.6359989e+01 1.5383826e+01 1.5696442e+01 1.5137726e+01 1.2803097e+01 1.1265730e+01 1.1508927e+01 1.1189180e+01 1.0850690e+01 1.0662594e+01 1.0572810e+01 1.0352860e+01 9.9966376e+00 9.7953392e+00 9.7102448e+00 8.7908324e+00 7.7945139e+00 6.3374819e+00 4.0199767e+00 2.7995355e+00 2.6901204e+00 2.9585524e+00 4.3916525e+00 5.3645118e+00 5.7964586e+00 6.1647242e+00 6.5204064e+00 6.7985465e+00 6.9414419e+00 6.9184745e+00 6.6865356e+00 6.3583242e+00 5.8991317e+00 5.3615297e+00 4.9459673e+00 4.7010848e+00 4.4719728e+00 4.2081830e+00 3.8430696e+00 3.4512374e+00 3.0401272e+00 2.5667767e+00 2.4642703e+00 2.7526321e+00 3.0077073e+00 3.1314121e+00 3.1895842e+00
1.7573935e+01 1.8101234e+01 1.7643081e+01 1.6983530e+01 1.6829540e+01 1.5450080e+01 1.3884935e+01 9.1977233e+00 9.6376462e+00 9.7890510e+00 1.0916217e+01 1.1431896e+01 1.0776801e+01 1.0810708e+01 1.0749914e+01 1.0390091e+01 9.9790342e+00 1.0595475e+01 1.0835618e+01 1.0230481e+01 9.8174853e+00 7.8003717e+00 6.3876909e+00 6.6599971e+00 7.2348888e+00 7.9632072e+00 7.7886518e+00 7.5831979e+00 7.6388053e+00 7.8421017e+00 8.0319717e+00 8.1083120e+00 8.0745380e+00 7.8987613e+00 7.6265954e+00 7.2628827e+00 6.7777172e+00 6.5929822e+00 6.3601945e+00 5.7305287e+00 5.1611998e+00 4.7207283e+00 4.2779423e+00 3.8031915e+00 3.3321060e+00 3.0839696e+00 3.1953478e+00 3.3888583e+00 3.5167359e+00 3.5325665e+00
1.7728469e+01 1.6316929e+01 1.8027696e+01 1.7501505e+01 1.7258361e+01 1.6374662e+01 1.2589028e+01 1.0548683e+01 7.8590396e+00 6.8602504e+00 9.6206301e+00 1.1758789e+01 1.0712006e+01 1.0946947e+01 1.1291396e+01 1.1226838e+01 1.0326426e+01 1.1176361e+01 1.2283087e+01 1.2420947e+01 1.1573975e+01 1.1124639e+01 1.0300808e+01 1.0508738e+01 1.0950023e+01 1.1351855e+01 9.8838684e+00 8.8917657e+00 8.7489272e+00 8.9002868e+00 9.0400356e+00 9.0579090e+00 9.0030087e+00 8.8860770e+00 8.6948588e+00 8.3659712e+00 8.0828335e+00 7.0316855e+00 7.4358853e+00 6.8267007e+00 6.0394735e+00 5.5049568e+00 5.0200084e+00 4.5547591e+00 4.1191859e+00 3.8344500e+00 3.7899416e+00 3.8784148e+00 3.9132745e+00 3.8862091e+00
1.9005812e+01 1.8030359e+01 1.8392263e+01 1.7517320e+01 1.7362688e+01 1.6477764e+01 1.4623004e+01 1.3639791e+01 1.1226679e+01 1.2406951e+01 1.2987514e+01 1.3107648e+01 1.2358325e+01 1.2299040e+01 1.2122063e+01 1.2172403e+01 1.2747178e+01 1.2897659e+01 1.2973730e+01 1.1946912e+01 1.2045095e+01 1.2395238e+01 1.2393745e+01 1.2125754e+01 1.2300028e+01 1.1801699e+01 1.0046735e+01 9.5847932e+00 9.9785950e+00 1.0166140e+01 1.0225281e+01 1.0106018e+01 1.0029298e+01 1.0013415e+01 9.8702679e+00 9.6539340e+00 9.7106675e+00 5.9742842e+00 2.0133089e+00 6.8318805e+00 7.3725088e+00 6.5874655e+00 5.9520685e+00 5.4254410e+00 5.0158811e+00 4.7391595e+00 4.6962649e+00 4.5238384e+00 4.3878047e+00 4.3062729e+00
1.9050012e+01 1.8464736e+01 1.7557833e+01 1.7925274e+01 1.7680676e+01 1.6971634e+01 1.7370848e+01 1.5485650e+01 1.5097390e+01 1.4916908e+01 1.3258411e+01 9.8518243e+00 1.4037788e+01 1.3693140e+01 1.3153958e+01 1.3521452e+01 1.3698918e+01 1.3623738e+01 1.3509727e+01 1.3154015e+01 1.2922367e+01 1.2272178e+01 1.2343751e+01 1.1705417e+01 1.2733900e+01 1.2712635e+01 1.1142270e+01 1.0687288e+01 1.1175637e+01 1.1360428e+01 1.1570658e+01 1.1304252e+01 1.1144523e+01 1.1481164e+01 1.1561389e+01 1.1225518e+01 1.1475001e+01 9.6222657e+00 8.5959213e+00 8.4894277e+00 3.4650121e+00 3.0279277e+00 6.7668154e+00 6.6917848e+00 6.2992207e+00 5.1051542e+00 2.1314570e+00 4.4398069e+00 5.2091203e+00 4.9351112e+00
1.8933442e+01 1.8477774e+01 1.7627004e+01 1.8647089e+01 1.8261584e+01 1.7635981e+01 1.6525107e+01 1.5572631e+01 1.6057387e+01 1.3250694e+01 1.4041380e+01 1.0768827e+01 1.3716468e+01 1.4803579e+01 1.4436828e+01 1.4260919e+01 1.4121434e+01 1.4123136e+01 1.3696758e+01 1.3406153e+01 1.3253663e+01 1.2898821e+01 1.2759263e+01 1.1380226e+01 1.2426989e+01 1.2667451e+01 1.2803601e+01 1.2065867e+01 1.2589297e+01 1.2028659e+01 1.1883785e+01 1.1780424e+01 1.1615932e+01 1.1844833e+01 1.2278404e+01 1.1663470e+01 1.1780232e+01 1.2079723e+01 1.1263634e+01 1.0027819e+01 7.2593868e+00 6.7820284e+00 7.9501506e+00 7.5163238e+00 7.1998806e+00 5.8838698e+00 2.3841371e+00 4.9212888e+00 5.8807727e+00 5.4885577e+00
1.9662990e+01 1.8797198e+01 1.9041580e+01 1.9066828e+01 1.5916149e+01 1.8257044e+01 1.6977528e+01 1.6383290e+01 1.6378820e+01 1.4608828e+01 1.5327273e+01 1.4520652e+01 1.4639756e+01 1.5689642e+01 1.5009088e+01 1.4757662e+01 1.4713872e+01 1.4758148e+01 1.4476154e+01 1.3856375e+01 1.3601355e+01 1.3329085e+01 1.3062563e+01 1.2577256e+01 1.3089420e+01 1.2974328e+01 1.2850824e+01 1.2654889e+01 1.2788432e+01 1.2315079e+01 1.2121564e+01 1.1786279e+01 1.1364325e+01 1.1789752e+01 1.0968847e+01 1.1809290e+01 1.1852801e+01 1.1848013e+01 1.1278154e+01 1.0581975e+01 1.0098196e+01 9.4692295e+00 8.7334766e+00 8.1962851e+00 7.8152887e+00 7.3739870e+00 6.7253819e+00 6.7410734e+00 6.4276209e+00 6.0628356e+00
1.9949997e+01 1.9694118e+01 1.9364850e+01 1.8713240e+01 1.7586898e+01 1.8275965e+01 1.7577276e+01 1.7030477e+01 1.6854107e+01 1.6506017e+01 1.6575460e+01 1.6546504e+01 1.6269003e+01 1.6115342e+01 1.5646651e+01 1.5472003e+01 1.4983355e+01 1.3971999e+01 1.4112088e+01 1.4729221e+01 1.4113731e+01 1.3767695e+01 1.3741565e+01 1.3482057e+01 1.3416306e+01 1.2625813e+01 1.2239358e+01 1.2812055e+01 1.3093837e+01 1.2477283e+01 1.2201089e+01 1.2192245e+01 1.1095176e+01 1.0751169e+01 1.1895215e+01 1.2163313e+01 1.2128624e+01 1.1822276e+01 1.1411002e+01 1.0915231e+01 1.0338008e+01 9.7550582e+00 9.2624951e+00 8.8513011e+00 8.4658759e+00 8.1714344e+00 7.9235779e+00 7.5211346e+00 7.0498216e+00 6.6757337e+00
1.9681081e+01 1.9544297e+01 1.8798629e+01 1.8794134e+01 1.8791997e+01 1.8152025e+01 1.8637663e+01 1.8121160e+01 1.7810550e+01 1.7754579e+01 1.7385839e+01 1.6976527e+01 1.6612831e+01 1.6612597e+01 1.6174772e+01 1.5609442e+01 1.4603078e+01 1.3531205e+01 1.4505854e+01 1.5295598e+01 1.4753137e+01 1.4495162e+01 1.4384417e+01 1.3928449e+01 1.3721905e+01 1.2967918e+01 1.3110931e+01 1.3229354e+01 1.2639163e+01 1.2900836e+01 1.1823302e+01 1.0874605e+01 1.0635273e+01 1.0172929e+01 1.0798763e+01 1.1600519e+01 1.1460313e+01 1.1316097e+01 1.1491372e+01 1.1431394e+01 1.0707106e+01 1.0197074e+01 9.7542592e+00 9.3770943e+00 9.0524668e+00 8.7896544e+00 8.5159260e+00 8.1986462e+00 7.7401446e+00 7.2791270e+00
1.9111947e+01 1.9073842e+01 1.9411834e+01 1.9034672e+01 1.8913644e+01 1.8889075e+01 1.8754954e+01 1.8630783e+01 1.8470832e+01 1.8199158e+01 1.7801488e+01 1.7202732e+01 1.7073337e+01 1.6483993e+01 1.6185761e+01 1.6679370e+01 1.5867060e+01 1.5431656e+01 1.5897426e+01 1.5790650e+01 1.5396916e+01 1.5056284e+01 1.4755053e+01 1.4502998e+01 1.4150863e+01 1.3909891e+01 1.2835253e+01 1.3706967e+01 1.4046133e+01 1.2579999e+01 1.2669187e+01 1.2168198e+01 1.1556144e+01 1.1470654e+01 1.1188903e+01 1.1354641e+01 1.0701838e+01 9.7331836e+00 1.1720164e+01 1.1741592e+01 1.1159662e+01 1.0710598e+01 1.0168822e+01 9.7969870e+00 9.5782202e+00 9.3846345e+00 9.1901832e+00 8.9187927e+00 8.4843630e+00 7.9973924e+00
2.0213034e+01 2.0095455e+01 1.9769282e+01 1.9345118e+01 1.9150680e+01 1.8623955e+01 1.8680537e+01 1.8747698e+01 1.8671941e+01 1.8442874e+01 1.8083998e+01 1.7715171e+01 1.7480217e+01 1.7112102e+01 1.6911960e+01 1.6953496e+01 1.6860810e+01 1.6663855e+01 1.6914096e+01 1.6436736e+01 1.5941628e+01 1.5634628e+01 1.5482936e+01 1.5154572e+01 1.4961856e+01 1.4810748e+01 1.4368779e+01 1.3854498e+01 1.3407450e+01 1.0739011e+01 1.1389573e+01 1.1727763e+01 1.1862654e+01 1.2227984e+01 1.1798378e+01 1.1285191e+01 1.1158845e+01 1.1067511e+01 1.0581834e+01 1.1109264e+01 1.0150190e+01 9.7559200e+00 1.0164393e+01 1.0221285e+01 1.0058728e+01 9.9644684e+00 9.8574346e+00 9.6493110e+00 9.2421023e+00 8.7762933e+00
1.9532707e+01 2.0197711e+01 2.0056443e+01 1.9726094e+01 1.9533394e+01 1.9466174e+01 1.9301610e+01 1.9112897e+01 1.8726280e+01 1.8505563e+01 1.8317246e+01 1.8205065e+01 1.8303315e+01 1.7789827e+01 1.6805123e+01 1.7396609e+01 1.7272158e+01 1.6572734e+01 1.6962524e+01 1.7028364e+01 1.6618115e+01 1.6576217e+01 1.5970465e+01 1.5763710e+01 1.5330124e+01 1.5094558e+01 1.5222038e+01 1.5107842e+01 1.4729000e+01 1.2557906e+01 1.3595915e+01 1.3500542e+01 1.2951583e+01 1.2557292e+01 1.2245845e+01 1.1792399e+01 1.1481888e+01 1.0831467e+01 1.0566570e+01 9.2068644e+00 3.0554525e+00 3.4575930e+00 9.5261926e+00 1.0645358e+01 1.0417007e+01 1.0455731e+01 1.0419116e+01 1.0263226e+01 9.9048198e+00 9.4491938e+00
