ahotovec/data/depth_0020.asc
ncols     164
nrows     146
xllcorner -1.242151388888889e+02
yllcorner  4.172986111111111e+01
cellsize  2.777777777820000e-04
nodata_value       -9999
[rows 44 to 65 of 146, columns 50 to 99 of 164]
0.0000000e+00 0.0000000e+00 0.0000000e+00 0.0000000e+00 0.0000000e+00 0.0000000e+00 0.0000000e+00 0.0000000e+00 0.0000000e+00 0.0000000e+00 0.0000000e+00 0.0000000e+00 0.0000000e+00 0.0000000e+00 0.0000000e+00 0.0000000e+00 2.6550029e-01 8.8085391e-01 9.2864437e-01 9.2371516e-01 9.2169259e-01 9.1886708e-01 9.1409234e-01 9.1131689e-01 9.0676781e-01 9.0209721e-01 9.0111393e-01 8.9200404e-01 8.8605580e-01 8.8012916e-01 8.7457160e-01 8.6023702e-01 7.6626145e-01 6.6700279e-01 6.5081687e-01 6.2626962e-01 6.3847740e-01 6.3111894e-01 6.8534884e-01 9.0485359e-01 1.0665341e+00 1.0810240e+00 1.0797083e+00 1.0757491e+00 1.0775280e+00 1.0727875e+00 1.0573875e+00 8.7745510e-01 7.6151687e-01 7.6269773e-01
0.0000000e+00 0.0000000e+00 0.0000000e+00 0.0000000e+00 0.0000000e+00 0.0000000e+00 0.0000000e+00 0.0000000e+00 0.0000000e+00 0.0000000e+00 0.0000000e+00 0.0000000e+00 0.0000000e+00 0.0000000e+00 0.0000000e+00 0.0000000e+00 0.0000000e+00 1.4750127e-01 8.6760256e-01 9.2404194e-01 9.2154769e-01 9.1849719e-01 9.1297679e-01 9.1397614e-01 9.0905677e-01 9.0428075e-01 8.9922188e-01 8.9187025e-01 8.8589057e-01 8.7972985e-01 8.6211786e-01 7.7002935e-01 6.2607046e-01 5.4888081e-01 5.1942786e-01 4.9889076e-01 4.8409349e-01 4.7427619e-01 5.8790866e-01 1.0169628e+00 1.0698658e+00 1.0677858e+00 1.0673539e+00 1.0663337e+00 1.0582643e+00 9.8172460e-01 8.5908505e-01 7.5998286e-01 7.5037170e-01 7.5110962e-01
0.0000000e+00 0.0000000e+00 0.0000000e+00 0.0000000e+00 0.0000000e+00 0.0000000e+00 0.0000000e+00 0.0000000e+00 0.0000000e+00 0.0000000e+00 0.0000000e+00 0.0000000e+00 0.0000000e+00 0.0000000e+00 0.0000000e+00 0.0000000e+00 0.0000000e+00 0.0000000e+00 0.0000000e+00 3.1360288e-01 8.0342961e-01 9.1502950e-01 9.1232701e-01 9.1175350e-01 9.0925924e-01 9.0471722e-01 8.9776494e-01 8.9189080e-01 8.7842642e-01 8.5247438e-01 7.8495584e-01 6.2484489e-01 5.1784046e-01 4.7255002e-01 4.4183876e-01 4.2280028e-01 4.4570002e-01 5.8059662e-01 8.5561386e-01 1.0370049e+00 1.0628945e+00 1.0632116e+00 1.0626729e+00 1.0592388e+00 1.0466262e+00 9.4947912e-01 7.6177621e-01 7.4708796e-01 7.4393617e-01 7.4752316e-01
0.0000000e+00 0.0000000e+00 0.0000000e+00 0.0000000e+00 0.0000000e+00 0.0000000e+00 0.0000000e+00 0.0000000e+00 0.0000000e+00 0.0000000e+00 0.0000000e+00 0.0000000e+00 0.0000000e+00 0.0000000e+00 0.0000000e+00 0.0000000e+00 0.0000000e+00 0.0000000e+00 0.0000000e+00 0.0000000e+00 0.0000000e+00 2.7317962e-01 8.4385235e-01 9.0848417e-01 9.1081941e-01 9.0283849e-01 8.7291952e-01 8.2842788e-01 7.6854974e-01 6.8806278e-01 5.8397118e-01 5.0963957e-01 4.6932738e-01 4.5449441e-01 4.6500784e-01 5.0527792e-01 5.7823037e-01 7.7468003e-01 8.8557559e-01 1.0158422e+00 1.0179490e+00 9.5757689e-01 9.2392560e-01 8.4967619e-01 8.3325923e-01 7.6908123e-01 7.4185183e-01 7.3661497e-01 7.3675955e-01 7.6874019e-01
0.0000000e+00 0.0000000e+00 0.0000000e+00 0.0000000e+00 0.0000000e+00 0.0000000e+00 0.0000000e+00 0.0000000e+00 0.0000000e+00 0.0000000e+00 0.0000000e+00 0.0000000e+00 0.0000000e+00 0.0000000e+00 0.0000000e+00 0.0000000e+00 0.0000000e+00 0.0000000e+00 0.0000000e+00 0.0000000e+00 0.0000000e+00 0.0000000e+00 9.1553751e-04 5.4899011e-01 6.9747021e-01 7.0255366e-01 6.1601277e-01 5.0934627e-01 4.6682901e-01 4.4248020e-01 4.6018074e-01 5.1224895e-01 4.9792117e-01 4.7202541e-01 5.3607581e-01 6.1423068e-01 6.6246832e-01 6.8998899e-01 7.0536350e-01 7.5208695e-01 7.7190497e-01 7.4368079e-01 7.3990359e-01 7.3674377e-01 7.3462288e-01 7.3229973e-01 7.3756846e-01 8.9651791e-01 9.2413432e-01 9.4882415e-01
0.0000000e+00 0.0000000e+00 0.0000000e+00 0.0000000e+00 0.0000000e+00 0.0000000e+00 0.0000000e+00 0.0000000e+00 0.0000000e+00 0.0000000e+00 0.0000000e+00 0.0000000e+00 0.0000000e+00 0.0000000e+00 0.0000000e+00 0.0000000e+00 0.0000000e+00 0.0000000e+00 0.0000000e+00 0.0000000e+00 0.0000000e+00 0.0000000e+00 0.0000000e+00 9.6155635e-04 8.1321583e-03 1.1248208e-01 1.8006337e-01 2.0850364e-01 2.4085634e-01 3.9891915e-01 5.6847775e-01 6.2451536e-01 6.3074433e-01 6.1918780e-01 6.4354158e-01 6.7025443e-01 6.9623552e-01 7.0858922e-01 7.1479435e-01 7.2051531e-01 7.2390978e-01 7.1926371e-01 7.2081175e-01 7.2133411e-01 7.2027439e-01 7.5759277e-01 1.1228403e+00 1.6980955e+00 1.7588100e+00 1.7065754e+00
0.0000000e+00 0.0000000e+00 0.0000000e+00 0.0000000e+00 0.0000000e+00 0.0000000e+00 0.0000000e+00 0.0000000e+00 0.0000000e+00 0.0000000e+00 0.0000000e+00 0.0000000e+00 0.0000000e+00 0.0000000e+00 0.0000000e+00 0.0000000e+00 0.0000000e+00 0.0000000e+00 0.0000000e+00 0.0000000e+00 0.0000000e+00 0.0000000e+00 0.0000000e+00 9.9976153e-04 9.8381191e-04 6.4500010e-03 6.3703850e-02 9.8572664e-02 3.7521010e-01 5.5447338e-01 6.0635941e-01 6.3213856e-01 6.4275241e-01 6.5502808e-01 6.6669792e-01 6.7301094e-01 6.8344503e-01 6.9177323e-01 6.9852657e-01 7.0539173e-01 7.0615023e-01 7.0259699e-01 7.2820147e-01 8.0614570e-01 1.0467150e+00 1.4176577e+00 1.7786124e+00 1.8300179e+00 1.7492702e+00 1.4215684e+00
0.0000000e+00 0.0000000e+00 0.0000000e+00 0.0000000e+00 0.0000000e+00 0.0000000e+00 0.0000000e+00 0.0000000e+00 0.0000000e+00 0.0000000e+00 0.0000000e+00 0.0000000e+00 0.0000000e+00 0.0000000e+00 0.0000000e+00 0.0000000e+00 0.0000000e+00 0.0000000e+00 0.0000000e+00 0.0000000e+00 0.0000000e+00 0.0000000e+00 0.0000000e+00 1.9801674e-03 3.2902775e-03 8.4123025e-03 2.1076437e-02 3.2551987e-01 5.0098608e-01 5.3757277e-01 5.6339131e-01 5.8726567e-01 6.0167427e-01 6.1697154e-01 6.3202193e-01 6.4548802e-01 6.5770124e-01 6.7043705e-01 6.8280740e-01 6.9833631e-01 9.8467167e-01 1.3521620e+00 1.4377052e+00 1.6664095e+00 1.7577828e+00 1.6940868e+00 1.4952179e+00 1.2548320e+00 9.2543881e-01 7.5875002e-01
0.0000000e+00 0.0000000e+00 0.0000000e+00 0.0000000e+00 0.0000000e+00 0.0000000e+00 0.0000000e+00 0.0000000e+00 0.0000000e+00 0.0000000e+00 0.0000000e+00 0.0000000e+00 0.0000000e+00 0.0000000e+00 0.0000000e+00 0.0000000e+00 0.0000000e+00 0.0000000e+00 0.0000000e+00 0.0000000e+00 0.0000000e+00 0.0000000e+00 1.5121790e-03 2.5886760e-03 1.0070547e-03 7.8657321e-02 2.6835778e-01 4.3471796e-01 4.7197172e-01 4.9507068e-01 5.1554135e-01 5.3033089e-01 5.4339286e-01 5.6032352e-01 5.8106762e-01 6.0597808e-01 6.2263462e-01 6.4379073e-01 6.6465907e-01 6.8407807e-01 9.9139736e-01 1.5093316e+00 1.5220109e+00 1.2882473e+00 1.0222833e+00 8.3144857e-01 7.4775030e-01 7.1906139e-01 7.1183154e-01 7.1011525e-01
0.0000000e+00 0.0000000e+00 0.0000000e+00 0.0000000e+00 0.0000000e+00 0.0000000e+00 0.0000000e+00 0.0000000e+00 0.0000000e+00 0.0000000e+00 0.0000000e+00 0.0000000e+00 0.0000000e+00 0.0000000e+00 0.0000000e+00 0.0000000e+00 0.0000000e+00 0.0000000e+00 0.0000000e+00 0.0000000e+00 0.0000000e+00 0.0000000e+00 1.3108068e-03 4.8192125e-02 3.6303554e-01 3.9661748e-01 4.0753342e-01 4.1513653e-01 4.2840278e-01 4.3513332e-01 4.3764308e-01 4.3799270e-01 4.5064147e-01 4.7045504e-01 4.9606912e-01 5.3015697e-01 5.6064034e-01 5.8987784e-01 6.1576450e-01 6.1356020e-01 6.0026163e-01 6.8118084e-01 7.0828959e-01 6.8057817e-01 6.7905875e-01 6.8506719e-01 6.8873511e-01 6.9101215e-01 6.9168110e-01 6.9403093e-01
0.0000000e+00 0.0000000e+00 0.0000000e+00 0.0000000e+00 0.0000000e+00 0.0000000e+00 0.0000000e+00 0.0000000e+00 0.0000000e+00 0.0000000e+00 0.0000000e+00 0.0000000e+00 0.0000000e+00 0.0000000e+00 0.0000000e+00 0.0000000e+00 0.0000000e+00 0.0000000e+00 0.0000000e+00 0.0000000e+00 0.0000000e+00 1.3719559e-03 9.8457235e-04 2.0719291e-01 3.9467517e-01 3.8837478e-01 3.8451133e-01 3.6814653e-01 3.5049828e-01 3.3698431e-01 3.5214878e-01 4.1110957e-01 5.0259406e-01 5.4781982e-01 4.8945155e-01 4.8857214e-01 5.2547591e-01 5.0290721e-01 4.2201525e-01 4.0318431e-01 4.2906532e-01 4.9977047e-01 5.8225615e-01 6.0890955e-01 6.2864432e-01 6.4703976e-01 6.5846378e-01 6.6598110e-01 6.7035388e-01 6.7271572e-01
0.0000000e+00 0.0000000e+00 0.0000000e+00 0.0000000e+00 0.0000000e+00 0.0000000e+00 0.0000000e+00 0.0000000e+00 0.0000000e+00 0.0000000e+00 0.0000000e+00 0.0000000e+00 0.0000000e+00 0.0000000e+00 0.0000000e+00 0.0000000e+00 0.0000000e+00 0.0000000e+00 0.0000000e+00 0.0000000e+00 0.0000000e+00 1.7164048e-03 3.3080799e-03 1.0921023e-01 3.5516405e-01 3.4293377e-01 3.1481707e-01 2.9448667e-01 3.0651618e-01 3.7818219e-01 4.8634958e-01 5.9813058e-01 6.7774379e-01 7.4184531e-01 6.0618185e-01 4.7403781e-01 4.3801742e-01 3.6261292e-01 2.6643148e-01 4.0168608e-01 5.6094963e-01 6.4673444e-01 6.0701448e-01 5.7795490e-01 5.8193205e-01 6.0293045e-01 6.2320004e-01 6.3727626e-01 6.4475932e-01 6.5415054e-01
0.0000000e+00 0.0000000e+00 0.0000000e+00 0.0000000e+00 0.0000000e+00 0.0000000e+00 0.0000000e+00 0.0000000e+00 0.0000000e+00 0.0000000e+00 0.0000000e+00 0.0000000e+00 0.0000000e+00 0.0000000e+00 0.0000000e+00 0.0000000e+00 0.0000000e+00 0.0000000e+00 0.0000000e+00 0.0000000e+00 2.2653809e-03 6.4254286e-03 7.0461638e-03 1.2835886e-02 1.8749968e-01 2.7244768e-01 3.4411889e-01 4.5039794e-01 6.2174607e-01 6.9874813e-01 7.3053930e-01 8.2985968e-01 9.0398368e-01 9.4036894e-01 8.0847265e-01 7.7112868e-01 6.4023678e-01 5.3398185e-01 7.8410060e-01 1.2531965e+00 1.5637791e+00 1.5513968e+00 1.3984455e+00 1.1269060e+00 8.4026840e-01 6.6278862e-01 6.2939235e-01 6.2461210e-01 6.2782262e-01 6.2851163e-01
0.0000000e+00 0.0000000e+00 0.0000000e+00 0.0000000e+00 0.0000000e+00 0.0000000e+00 0.0000000e+00 0.0000000e+00 0.0000000e+00 0.0000000e+00 0.0000000e+00 0.0000000e+00 0.0000000e+00 0.0000000e+00 0.0000000e+00 0.0000000e+00 0.0000000e+00 0.0000000e+00 0.0000000e+00 0.0000000e+00 2.9620274e-03 2.5452064e-03 3.6210675e-03 1.6698795e-03 6.2696908e-02 3.1296184e-01 5.2620105e-01 7.2316677e-01 9.8326975e-01 1.1281541e+00 1.1745782e+00 1.0722105e+00 1.0814577e+00 1.1483294e+00 1.1078872e+00 1.1050585e+00 1.0054057e+00 1.0758287e+00 1.4922364e+00 1.6752807e+00 1.5235736e+00 1.5995851e+00 1.7776425e+00 1.8552007e+00 1.6676288e+00 1.4116194e+00 1.2126052e+00 1.0529481e+00 9.7021668e-01 9.4366906e-01
0.0000000e+00 0.0000000e+00 0.0000000e+00 0.0000000e+00 0.0000000e+00 0.0000000e+00 0.0000000e+00 0.0000000e+00 0.0000000e+00 0.0000000e+00 0.0000000e+00 0.0000000e+00 0.0000000e+00 0.0000000e+00 0.0000000e+00 0.0000000e+00 0.0000000e+00 0.0000000e+00 0.0000000e+00 1.9551253e-03 3.8217052e-03 5.6779050e-03 7.8460421e-03 3.0912567e-03 1.1668010e-01 4.6326252e-01 7.2701659e-01 1.0334715e+00 1.3897604e+00 1.5236489e+00 1.5881911e+00 1.6784769e+00 1.5660336e+00 1.5299870e+00 1.5154045e+00 1.3820438e+00 1.2919452e+00 1.4934357e+00 1.5238165e+00 1.0736712e+00 6.6508572e-01 7.2106771e-01 1.0011543e+00 1.3901801e+00 1.7050938e+00 1.8393765e+00 1.8837921e+00 1.8546225e+00 1.8227706e+00 1.7905808e+00
0.0000000e+00 0.0000000e+00 0.0000000e+00 0.0000000e+00 0.0000000e+00 0.0000000e+00 0.0000000e+00 0.0000000e+00 0.0000000e+00 0.0000000e+00 0.0000000e+00 0.0000000e+00 0.0000000e+00 0.0000000e+00 0.0000000e+00 0.0000000e+00 0.0000000e+00 0.0000000e+00 0.0000000e+00 2.8905929e-03 4.8400345e-03 7.0899011e-03 9.6419618e-03 3.6998530e-03 1.5357619e-01 4.9270009e-01 8.0259567e-01 1.1835243e+00 1.5499861e+00 1.7405611e+00 1.9422235e+00 2.0830085e+00 2.1722258e+00 2.0327071e+00 1.8500678e+00 1.8585722e+00 1.5017103e+00 1.5517849e+00 1.0697623e+00 4.9581633e-01 4.3075898e-01 5.0547160e-01 5.4909244e-01 6.6737415e-01 8.1389839e-01 1.0107057e+00 1.2165854e+00 1.3694527e+00 1.4483958e+00 1.4786572e+00
0.0000000e+00 0.0000000e+00 0.0000000e+00 0.0000000e+00 0.0000000e+00 0.0000000e+00 0.0000000e+00 0.0000000e+00 0.0000000e+00 0.0000000e+00 0.0000000e+00 0.0000000e+00 0.0000000e+00 0.0000000e+00 0.0000000e+00 0.0000000e+00 0.0000000e+00 0.0000000e+00 2.1694225e-03 3.9839171e-03 5.2711418e-03 7.1851691e-03 8.9711933e-03 1.5153818e-03 3.3683368e-01 6.9458876e-01 1.0597777e+00 1.5307913e+00 2.0112754e+00 2.1627796e+00 2.2117652e+00 2.2216195e+00 2.2244220e+00 2.2246926e+00 2.2041350e+00 1.8987382e+00 1.5634773e+00 1.5674515e+00 1.0853530e+00 4.3290052e-01 4.6294153e-01 5.3431984e-01 5.5207340e-01 5.7693450e-01 5.9230275e-01 6.1254946e-01 6.6125823e-01 6.8443858e-01 7.7563522e-01 8.2993454e-01
0.0000000e+00 0.0000000e+00 0.0000000e+00 0.0000000e+00 0.0000000e+00 0.0000000e+00 0.0000000e+00 0.0000000e+00 0.0000000e+00 0.0000000e+00 0.0000000e+00 0.0000000e+00 0.0000000e+00 0.0000000e+00 0.0000000e+00 0.0000000e+00 0.0000000e+00 2.1164065e-03 3.6858467e-03 5.5575239e-03 6.5556430e-03 8.2998212e-03 4.4171030e-03 1.4903257e-01 5.9314356e-01 1.0112491e+00 1.5001003e+00 2.0000746e+00 2.1990310e+00 2.2089756e+00 2.2091148e+00 2.2111021e+00 2.2100345e+00 2.2068574e+00 2.1605520e+00 1.8076392e+00 1.6546712e+00 1.4977192e+00 1.0147074e+00 4.6087300e-01 4.5017861e-01 5.3212768e-01 5.3093186e-01 5.4940372e-01 5.5263260e-01 5.8620722e-01 6.1838742e-01 6.6774239e-01 6.8243435e-01 7.0118606e-01
0.0000000e+00 0.0000000e+00 0.0000000e+00 0.0000000e+00 0.0000000e+00 0.0000000e+00 0.0000000e+00 0.0000000e+00 0.0000000e+00 0.0000000e+00 0.0000000e+00 0.0000000e+00 0.0000000e+00 0.0000000e+00 0.0000000e+00 0.0000000e+00 2.1303155e-03 3.6442336e-03 5.4736282e-03 4.7731035e-03 2.9604340e-03 6.7635814e-03 9.6463867e-04 3.5177002e-01 8.6842157e-01 1.4786608e+00 1.9872626e+00 2.1946468e+00 2.2012193e+00 2.2007850e+00 2.1988519e+00 2.1983067e+00 2.1936948e+00 2.1867356e+00 2.1680965e+00 2.0373537e+00 1.8465763e+00 1.4401570e+00 8.6841467e-01 4.7526476e-01 4.0948349e-01 4.3200335e-01 4.4074665e-01 4.4014920e-01 4.5839415e-01 4.9742784e-01 5.0713838e-01 5.3681676e-01 5.6338601e-01 6.0110845e-01
0.0000000e+00 0.0000000e+00 0.0000000e+00 0.0000000e+00 0.0000000e+00 0.0000000e+00 0.0000000e+00 0.0000000e+00 0.0000000e+00 0.0000000e+00 0.0000000e+00 0.0000000e+00 0.0000000e+00 0.0000000e+00 0.0000000e+00 2.0632047e-03 3.2134067e-03 2.1464112e-03 1.6260004e-03 1.5496158e-02 3.5284530e-02 1.9354680e-02 1.2268739e-01 6.0741988e-01 1.0112351e+00 1.7262549e+00 2.2002837e+00 2.2000794e+00 2.1946918e+00 2.1922111e+00 2.1870018e+00 2.1895404e+00 2.1756861e+00 2.1479307e+00 2.1677190e+00 2.1200333e+00 1.7470547e+00 1.1832419e+00 7.4601767e-01 4.0191976e-01 3.1343469e-01 3.2773633e-01 3.4537497e-01 3.9036941e-01 4.2662800e-01 4.5172739e-01 4.7378234e-01 4.9273809e-01 5.0958704e-01 5.2773802e-01
0.0000000e+00 0.0000000e+00 0.0000000e+00 0.0000000e+00 0.0000000e+00 0.0000000e+00 0.0000000e+00 0.0000000e+00 0.0000000e+00 0.0000000e+00 0.0000000e+00 0.0000000e+00 0.0000000e+00 0.0000000e+00 0.0000000e+00 3.9721326e-03 4.5175437e-03 4.1353065e-02 4.4667011e-02 3.9514497e-02 3.1880215e-02 1.3046783e-02 2.4272902e-01 8.4848842e-01 1.2425449e+00 1.6371367e+00 1.9427190e+00 2.1325607e+00 2.1795220e+00 2.1499421e+00 2.1470180e+00 1.9772077e+00 1.7328592e+00 2.8531681e+00 2.2726119e+00 1.9484555e+00 1.4871262e+00 1.0361713e+00 6.4194301e-01 2.7420581e-01 2.1254953e-01 2.6047014e-01 3.1770489e-01 3.6050814e-01 3.9669672e-01 4.2175702e-01 4.4605187e-01 4.6773917e-01 4.8705551e-01 5.0353999e-01
0.0000000e+00 0.0000000e+00 0.0000000e+00 0.0000000e+00 0.0000000e+00 0.0000000e+00 0.0000000e+00 0.0000000e+00 0.0000000e+00 0.0000000e+00 0.0000000e+00 0.0000000e+00 0.0000000e+00 0.0000000e+00 0.0000000e+00 6.1295335e-03 9.6919631e-03 3.8746064e-02 4.0698670e-02 4.1933413e-02 3.4192665e-02 1.1223984e-02 3.4068580e-01 9.4221566e-01 1.2070403e+00 1.2760316e+00 1.2454925e+00 1.5137197e+00 1.5488501e+00 1.2632303e+00 1.2054642e+00 1.4823483e+00 3.6529980e+00 3.9984924e+00 1.5242639e+00 1.6308126e+00 1.2995998e+00 9.2764570e-01 5.2492092e-01 1.9003461e-01 1.1609773e-01 2.0909928e-01 2.7067227e-01 3.1312972e-01 3.5065236e-01 3.7888689e-01 4.0763038e-01 4.3402201e-01 4.5807602e-01 4.7878576e-01
