ahotovec/data/depth_0003.asc
ncols     164
nrows     146
xllcorner -1.242151388888889e+02
yllcorner  4.172986111111111e+01
cellsize  2.777777777820000e-04
nodata_value       -9999
[rows 110 to 131 of 146, columns 100 to 149 of 164]
7.2449411e+00 7.2219729e+00 7.2391312e+00 7.2281367e+00 7.1584872e+00 7.2178880e+00 4.3231013e+00 1.6310154e+00 3.9998655e-01 2.4372425e-03 0.0000000e+00 0.0000000e+00 0.0000000e+00 1.2592044e+00 2.4178264e+00 2.9748536e+00 3.2257092e+00 3.0056870e+00 3.1121201e+00 4.6153266e+00 5.4803122e+00 5.6875073e+00 5.8512524e+00 5.7640888e+00 5.2598336e+00 5.3941690e+00 5.3833214e+00 5.5199913e+00 5.5771215e+00 5.8021212e+00 5.6686295e+00 5.0775007e+00 5.3822768e+00 5.9688814e+00 6.4969172e+00 6.6758405e+00 6.6929850e+00 6.4432998e+00 6.4095658e+00 6.5253366e+00 6.6810020e+00 6.7373425e+00 6.8056734e+00 6.9918643e+00 7.0699024e+00 7.1329187e+00 7.1720351e+00 7.0512835e+00 6.9527902e+00 6.7824363e+00
7.3367428e+00 7.3769614e+00 7.3506918e+00 7.3192999e+00 7.2414559e+00 7.3460581e+00 7.2696705e+00 5.3689150e+00 3.8063351e+00 3.5913870e+00 1.9397400e+00 2.3129063e+00 2.8636996e+00 3.2195386e+00 3.1713598e+00 3.2083564e+00 3.6612447e+00 3.7005787e+00 3.5901596e+00 4.7667896e+00 5.5371534e+00 5.6900236e+00 5.8849671e+00 5.8998106e+00 5.3604657e+00 5.1614414e+00 5.0815720e+00 5.5258336e+00 5.7276797e+00 5.9953873e+00 6.0886401e+00 5.9529202e+00 5.9479452e+00 6.1851759e+00 6.8533194e+00 7.1481350e+00 7.0593449e+00 6.8500357e+00 6.6563556e+00 6.7057296e+00 6.9008915e+00 6.9509001e+00 6.8921855e+00 6.9687446e+00 7.0621255e+00 7.1493465e+00 7.3038410e+00 7.2461037e+00 7.0764639e+00 6.9642991e+00
7.4375504e+00 7.5125592e+00 7.5506585e+00 7.5129887e+00 7.4859863e+00 7.4005580e+00 7.5196276e+00 7.8730805e+00 7.5473009e+00 6.4646942e+00 5.4717863e+00 5.3607761e+00 5.5854591e+00 5.1364803e+00 4.0547655e+00 3.7344853e+00 4.2353931e+00 4.3963820e+00 4.6148803e+00 5.4081600e+00 5.7669384e+00 5.5868669e+00 5.6894537e+00 5.7446761e+00 5.5562401e+00 5.5280502e+00 5.0513818e+00 5.6919003e+00 6.0548660e+00 6.4020840e+00 6.7570349e+00 6.9197205e+00 6.6133614e+00 6.3349292e+00 6.8441393e+00 7.2920620e+00 7.3164138e+00 7.1036450e+00 6.8346514e+00 6.8018865e+00 7.0498308e+00 7.0243372e+00 6.9872720e+00 6.9832203e+00 7.0249000e+00 7.0797685e+00 7.2375436e+00 7.2858585e+00 7.2093911e+00 7.1751853e+00
7.6052803e+00 7.6774247e+00 7.7221891e+00 7.7358485e+00 7.7308997e+00 7.6851441e+00 7.6260197e+00 7.6268093e+00 7.4417164e+00 6.9324196e+00 7.2896471e+00 7.0953199e+00 6.8606105e+00 6.2818334e+00 5.3357914e+00 5.0713810e+00 5.2607875e+00 5.5594606e+00 5.9823908e+00 6.3945965e+00 6.3374842e+00 5.9819226e+00 5.7829181e+00 5.8440022e+00 5.9718359e+00 6.3505330e+00 5.9652972e+00 6.2509924e+00 6.5022588e+00 6.7895107e+00 7.2162378e+00 7.7456292e+00 7.1994046e+00 6.8780864e+00 7.2208312e+00 7.5990061e+00 7.6755591e+00 7.4089384e+00 7.1347616e+00 7.0436927e+00 7.1183913e+00 7.0794175e+00 7.0402169e+00 7.0171426e+00 7.0662270e+00 7.1558107e+00 7.2911420e+00 7.3500027e+00 7.3308198e+00 7.3248181e+00
7.7960500e+00 7.8857343e+00 7.9282138e+00 7.9830348e+00 8.0082649e+00 7.9734075e+00 7.9203453e+00 7.8564658e+00 7.7560469e+00 7.7002620e+00 8.1701424e+00 7.8336687e+00 7.7734064e+00 7.5644873e+00 7.0873457e+00 6.7626968e+00 6.8075611e+00 6.8383876e+00 7.1443842e+00 7.3218124e+00 7.1798098e+00 6.6398287e+00 6.1883814e+00 6.2509149e+00 6.5653077e+00 6.8144641e+00 6.7940132e+00 6.9149066e+00 7.0616218e+00 7.0887232e+00 7.1031497e+00 7.4891250e+00 7.3618471e+00 7.3291189e+00 7.6518021e+00 8.0762430e+00 8.2913163e+00 7.8361542e+00 7.3545719e+00 7.2724929e+00 7.2403366e+00 7.1451206e+00 7.1489944e+00 7.1206481e+00 7.1697971e+00 7.2978358e+00 7.4066291e+00 7.4835305e+00 7.4436494e+00 7.3672429e+00
8.0418685e+00 8.1194352e+00 8.1644236e+00 8.2003586e+00 8.2386589e+00 8.2189247e+00 8.2048700e+00 8.1365234e+00 8.0484555e+00 8.0462424e+00 8.0219396e+00 8.2724382e+00 8.9032863e+00 8.8076686e+00 8.5577505e+00 8.3281227e+00 7.9743249e+00 7.9299937e+00 8.3180041e+00 8.4149432e+00 8.1613537e+00 7.5353955e+00 7.0295581e+00 6.9592900e+00 7.1952130e+00 7.4007257e+00 7.4625135e+00 7.5924092e+00 7.6708988e+00 7.4692516e+00 7.3133714e+00 7.4307781e+00 7.4726756e+00 7.6026732e+00 7.9250006e+00 8.4396102e+00 8.7760787e+00 8.2518958e+00 7.6760001e+00 7.6004272e+00 7.5293129e+00 7.3794279e+00 7.3440465e+00 7.2912204e+00 7.3481303e+00 7.4954284e+00 7.5726249e+00 7.6464326e+00 7.5699043e+00 7.4407590e+00
8.2778856e+00 8.2702509e+00 8.3535614e+00 8.4862890e+00 8.5299058e+00 8.5921823e+00 8.4749619e+00 8.4353897e+00 8.3170017e+00 8.4188022e+00 8.5132527e+00 9.1032740e+00 9.8689580e+00 9.6105749e+00 9.3432459e+00 8.8461199e+00 8.1390449e+00 8.2416473e+00 9.1454580e+00 9.1265110e+00 8.6437536e+00 8.1060198e+00 7.6974311e+00 7.6190927e+00 7.7703882e+00 7.8903952e+00 8.1908848e+00 7.9117947e+00 7.8688443e+00 7.6399028e+00 7.4660137e+00 7.4299281e+00 7.4827165e+00 7.6772910e+00 7.9179403e+00 8.3724246e+00 8.6167598e+00 8.3058476e+00 7.8730203e+00 7.8320365e+00 7.8752133e+00 7.7545184e+00 7.5249481e+00 7.4130051e+00 7.5603536e+00 7.7939172e+00 7.6947410e+00 7.6836036e+00 7.6090581e+00 7.5155244e+00
8.3112420e+00 8.4840017e+00 8.5529931e+00 8.6598953e+00 8.7738983e+00 8.7792326e+00 8.7432774e+00 8.6056879e+00 8.4646238e+00 8.7105772e+00 9.0889347e+00 9.2899221e+00 9.0694148e+00 9.0399278e+00 8.9626908e+00 8.6729915e+00 7.8539803e+00 7.0803243e+00 8.8125325e+00 9.1000993e+00 8.8453531e+00 8.5774830e+00 8.4479011e+00 8.4650966e+00 8.6024746e+00 8.7163646e+00 8.7449550e+00 8.3375962e+00 8.1911467e+00 7.9204022e+00 7.6227236e+00 7.4355536e+00 7.4003860e+00 7.6115917e+00 7.8925462e+00 8.1227002e+00 8.2433287e+00 8.0996030e+00 7.8751804e+00 7.7167436e+00 7.8939409e+00 7.9293173e+00 7.8982700e+00 7.7105890e+00 7.7842127e+00 7.9395906e+00 7.8080051e+00 7.7094713e+00 7.6456800e+00 7.5963674e+00
8.6044344e+00 8.7749446e+00 8.8843614e+00 8.8745245e+00 8.9036739e+00 9.0425170e+00 8.9929836e+00 8.7399668e+00 8.9970698e+00 9.5969791e+00 9.8184379e+00 9.9059905e+00 9.3526257e+00 9.1427570e+00 8.4630318e+00 9.0931767e+00 9.1728070e+00 8.2119673e+00 8.4248960e+00 8.5499122e+00 8.6231026e+00 8.7261206e+00 8.8796275e+00 9.1044038e+00 9.1222058e+00 9.1401511e+00 9.0282339e+00 8.8050942e+00 8.5528782e+00 8.1583690e+00 7.7771133e+00 7.5083986e+00 7.3912209e+00 7.6238824e+00 7.8520018e+00 7.9582817e+00 8.0220173e+00 7.9792733e+00 7.9151787e+00 7.8203594e+00 7.9334178e+00 8.0606713e+00 8.2009633e+00 8.0374754e+00 7.9747718e+00 7.9691734e+00 7.8404429e+00 7.7059666e+00 7.6680554e+00 7.6702700e+00
8.9213145e+00 8.6187988e+00 9.0324760e+00 9.5454374e+00 9.7693620e+00 9.4183621e+00 9.2477193e+00 8.7247302e+00 8.7382751e+00 1.0048469e+01 9.9275285e+00 9.8765714e+00 1.0138380e+01 1.0439989e+01 9.8853667e+00 1.0066688e+01 9.8082540e+00 8.9305021e+00 7.7011353e+00 7.7177415e+00 8.2781167e+00 8.6881824e+00 9.0611052e+00 9.4235202e+00 9.3746355e+00 9.3198832e+00 9.2506673e+00 9.1187024e+00 8.9267317e+00 8.4621905e+00 7.9887164e+00 7.7783212e+00 7.7282924e+00 7.9035753e+00 8.0716124e+00 8.0184562e+00 7.9839313e+00 7.9638997e+00 7.9327825e+00 7.8735309e+00 7.9288368e+00 7.9898626e+00 8.1425466e+00 8.1375103e+00 8.0684000e+00 7.9860337e+00 7.8535364e+00 7.7108820e+00 7.6947528e+00 7.7487104e+00
9.0568851e+00 9.1533522e+00 9.3478687e+00 1.0243611e+01 1.1262877e+01 1.0961860e+01 1.0972183e+01 9.6071280e+00 8.5609387e+00 9.6226430e+00 9.3748228e+00 9.6456222e+00 1.0248428e+01 1.0507102e+01 1.0542798e+01 1.0361050e+01 9.8222993e+00 8.5908539e+00 6.8737423e+00 7.4653858e+00 8.4175240e+00 8.8152058e+00 9.2143042e+00 9.5379063e+00 9.5213732e+00 9.4309023e+00 9.3725680e+00 9.3440924e+00 9.3216771e+00 8.8521291e+00 8.3630928e+00 8.1793145e+00 8.1531593e+00 8.2884781e+00 8.4685676e+00 8.3362842e+00 8.1759977e+00 8.0977898e+00 8.0496999e+00 8.0079347e+00 7.9875087e+00 8.1009364e+00 8.1890961e+00 8.2038546e+00 8.1504382e+00 8.0710591e+00 7.9842398e+00 7.8772414e+00 7.8628209e+00 7.8842211e+00
9.8257695e+00 9.6286555e+00 9.8487938e+00 1.0475043e+01 1.0877691e+01 1.1687928e+01 1.2645759e+01 1.2053644e+01 1.1274320e+01 1.0796087e+01 1.0160269e+01 1.0238277e+01 1.0370694e+01 1.0326545e+01 1.0452417e+01 1.0433871e+01 1.0219844e+01 9.7780404e+00 9.4194664e+00 8.9796399e+00 8.8646230e+00 9.1520157e+00 9.4780810e+00 9.6830973e+00 9.6554820e+00 9.4968989e+00 9.3896828e+00 9.3723841e+00 9.3100423e+00 8.9903676e+00 8.6907063e+00 8.5311135e+00 8.5353035e+00 8.5583289e+00 8.5852138e+00 8.5089348e+00 8.4134206e+00 8.3435528e+00 8.2393153e+00 8.1947459e+00 8.1568297e+00 8.2492840e+00 8.3171833e+00 8.3379080e+00 8.2724946e+00 8.2068188e+00 8.1371494e+00 8.0749557e+00 8.0649676e+00 8.0531585e+00
1.0513434e+01 1.0484078e+01 1.0544715e+01 1.0726151e+01 1.0660192e+01 1.0902579e+01 1.1131537e+01 1.1537836e+01 1.1234758e+01 1.0813294e+01 1.0506936e+01 1.0530156e+01 1.0378360e+01 1.0278811e+01 1.0294400e+01 1.0390199e+01 1.0493041e+01 1.0437446e+01 1.0277655e+01 9.7899218e+00 9.4784657e+00 9.6046051e+00 9.8138901e+00 9.9277963e+00 9.8514611e+00 9.7726231e+00 9.5220794e+00 9.3564399e+00 9.2459834e+00 9.0479673e+00 8.8831176e+00 8.7866577e+00 8.8043008e+00 8.7394351e+00 8.6948393e+00 8.6772713e+00 8.6512698e+00 8.5317966e+00 8.4091147e+00 8.3388508e+00 8.3435198e+00 8.3978246e+00 8.4712309e+00 8.5277644e+00 8.4475337e+00 8.3875264e+00 8.3191542e+00 8.2737481e+00 8.2543441e+00 8.2458012e+00
1.0961557e+01 1.1143245e+01 1.0968735e+01 1.0871109e+01 1.0070369e+01 9.8363972e+00 1.0876704e+01 1.0780874e+01 1.0674669e+01 1.0456227e+01 1.0322283e+01 1.0669056e+01 1.0356231e+01 1.0174753e+01 1.0074105e+01 1.0001847e+01 1.0510338e+01 1.0533689e+01 1.0322678e+01 1.0033993e+01 9.8755041e+00 9.9555160e+00 1.0156044e+01 1.0249673e+01 1.0036107e+01 9.9346044e+00 9.6590115e+00 9.3877148e+00 9.2461203e+00 9.1098783e+00 9.0160326e+00 8.9581402e+00 8.9183114e+00 8.8173804e+00 8.7659903e+00 8.7885418e+00 8.8100325e+00 8.6415739e+00 8.5242597e+00 8.4768047e+00 8.4903805e+00 8.5255233e+00 8.5877579e+00 8.6261508e+00 8.5571431e+00 8.5009173e+00 8.4534066e+00 8.4324441e+00 8.4016223e+00 8.3816845e+00
1.0918747e+01 1.1162280e+01 1.1053430e+01 1.0853130e+01 1.0363251e+01 1.0068379e+01 1.0461905e+01 1.0545870e+01 1.0317006e+01 1.0234355e+01 1.0337023e+01 1.0516658e+01 1.0125275e+01 9.8601596e+00 9.7372750e+00 9.7525114e+00 1.0261095e+01 1.0390939e+01 1.0292714e+01 1.0107618e+01 1.0030570e+01 1.0200324e+01 1.0453073e+01 1.0400324e+01 1.0113991e+01 9.9000338e+00 9.6798113e+00 9.5644355e+00 9.3951846e+00 9.2283743e+00 9.1648229e+00 9.1407455e+00 9.1569722e+00 8.9927783e+00 8.7978854e+00 8.7952862e+00 8.7991290e+00 8.7261346e+00 8.6548581e+00 8.6812033e+00 8.6904630e+00 8.6350918e+00 8.6657970e+00 8.6854445e+00 8.6631998e+00 8.6364508e+00 8.6032385e+00 8.5885450e+00 8.5796322e+00 8.5409588e+00
1.0701976e+01 1.0873315e+01 1.0911379e+01 1.1011358e+01 1.1124787e+01 1.1388062e+01 1.0952645e+01 1.0550396e+01 1.0459795e+01 1.0431647e+01 1.0422996e+01 1.0164422e+01 9.7479706e+00 9.4447330e+00 9.5281350e+00 9.7267004e+00 1.0034330e+01 1.0210684e+01 1.0208097e+01 1.0103693e+01 1.0040574e+01 1.0284756e+01 1.0484695e+01 1.0363658e+01 1.0153681e+01 9.9842001e+00 9.8318694e+00 9.6914644e+00 9.5681682e+00 9.5046511e+00 9.4501691e+00 9.3560654e+00 9.3434304e+00 9.1486917e+00 8.9386794e+00 8.8798269e+00 8.8316021e+00 8.7804202e+00 8.7918601e+00 8.8326963e+00 8.8293360e+00 8.8124923e+00 8.8301403e+00 8.8403969e+00 8.8345903e+00 8.8181475e+00 8.7857539e+00 8.7749985e+00 8.8378986e+00 8.8178326e+00
1.0731757e+01 1.0624016e+01 1.0657056e+01 1.1005386e+01 1.1422791e+01 1.1715390e+01 1.1455157e+01 1.1040617e+01 1.0968018e+01 1.1076450e+01 1.0580822e+01 1.0171606e+01 9.8612543e+00 9.7066321e+00 9.7429831e+00 9.8834430e+00 1.0113122e+01 1.0255563e+01 1.0276010e+01 1.0235777e+01 1.0234245e+01 1.0381942e+01 1.0493801e+01 1.0398048e+01 1.0253523e+01 9.9956772e+00 9.9474486e+00 9.8678273e+00 9.7814360e+00 9.7408223e+00 9.6564332e+00 9.4275604e+00 9.3534677e+00 9.2293486e+00 9.0900345e+00 9.0023721e+00 8.9208605e+00 8.8444630e+00 8.8900677e+00 8.9362419e+00 8.9487799e+00 8.9351013e+00 8.9491365e+00 8.9542638e+00 8.9715571e+00 8.9805166e+00 8.9146288e+00 8.8673342e+00 8.9307800e+00 8.9538960e+00
1.0688347e+01 1.0635061e+01 1.0566129e+01 1.1007939e+01 1.1344940e+01 1.1691416e+01 1.1789982e+01 1.1434658e+01 1.1152782e+01 1.0872845e+01 1.0266488e+01 1.0256883e+01 1.0208472e+01 1.0144642e+01 1.0148258e+01 1.0246161e+01 1.0332425e+01 1.0415830e+01 1.0448958e+01 1.0437594e+01 1.0476985e+01 1.0598253e+01 1.0639544e+01 1.0546693e+01 1.0368746e+01 1.0233617e+01 1.0213172e+01 1.0158473e+01 1.0009635e+01 9.9176850e+00 9.7730354e+00 9.5572658e+00 9.4256438e+00 9.3189802e+00 9.2294708e+00 9.1584606e+00 9.1139040e+00 9.0449223e+00 9.0596046e+00 9.0963511e+00 9.0931708e+00 9.0776304e+00 9.0556680e+00 9.0420067e+00 9.0815413e+00 9.1214515e+00 9.0362362e+00 8.9780314e+00 9.0065522e+00 9.0534330e+00
1.0757259e+01 1.0654988e+01 1.0628715e+01 1.0963347e+01 1.1137706e+01 1.1524353e+01 1.1704207e+01 1.1530852e+01 1.1173214e+01 1.0796576e+01 1.0501934e+01 1.0582129e+01 1.0686084e+01 1.0642344e+01 1.0595700e+01 1.0627766e+01 1.0636707e+01 1.0649929e+01 1.0647880e+01 1.0639896e+01 1.0714551e+01 1.0858737e+01 1.0860523e+01 1.0751012e+01 1.0598493e+01 1.0485194e+01 1.0502978e+01 1.0500472e+01 1.0280278e+01 1.0091737e+01 9.9091740e+00 9.7065854e+00 9.5454128e+00 9.4524658e+00 9.4104692e+00 9.3715240e+00 9.3128191e+00 9.2858385e+00 9.2800552e+00 9.2681046e+00 9.2510320e+00 9.2460377e+00 9.1828816e+00 9.1297218e+00 9.1426249e+00 9.1603585e+00 9.1205510e+00 9.0841216e+00 9.0871191e+00 9.1728221e+00
1.0932286e+01 1.1012814e+01 1.1295670e+01 1.1537710e+01 1.1270976e+01 1.1479831e+01 1.1843612e+01 1.1572044e+01 1.1299000e+01 1.1058209e+01 1.0919263e+01 1.0971466e+01 1.1167694e+01 1.1158639e+01 1.1137232e+01 1.1111660e+01 1.1009373e+01 1.0926505e+01 1.0898479e+01 1.0912456e+01 1.0918247e+01 1.1065064e+01 1.1084502e+01 1.1011055e+01 1.0799936e+01 1.0575364e+01 1.0569087e+01 1.0563192e+01 1.0414737e+01 1.0232046e+01 1.0070016e+01 9.8889043e+00 9.7197100e+00 9.6806733e+00 9.6608022e+00 9.6324231e+00 9.5892674e+00 9.5361425e+00 9.5060878e+00 9.4963076e+00 9.4376864e+00 9.4080834e+00 9.3576343e+00 9.2746590e+00 9.2413403e+00 9.2451430e+00 9.2664790e+00 9.2196589e+00 9.1673956e+00 9.2959970e+00
1.1205423e+01 1.1194903e+01 1.0879437e+01 1.1810183e+01 1.1695878e+01 1.1360188e+01 1.1762857e+01 1.1743282e+01 1.1521162e+01 1.1463860e+01 1.1493249e+01 1.1310299e+01 1.1362173e+01 1.1469664e+01 1.1629159e+01 1.1718519e+01 1.1451635e+01 1.1179782e+01 1.1105978e+01 1.1169897e+01 1.1259298e+01 1.1383506e+01 1.1304905e+01 1.1190196e+01 1.0995761e+01 1.0559864e+01 1.0550641e+01 1.0576054e+01 1.0484589e+01 1.0378723e+01 1.0281714e+01 1.0210272e+01 1.0032011e+01 9.9757301e+00 9.9651677e+00 9.9416198e+00 9.8734340e+00 9.8043744e+00 9.7302459e+00 9.7013733e+00 9.5997481e+00 9.5257066e+00 9.5107436e+00 9.4593155e+00 9.3513003e+00 9.3668267e+00 9.4310757e+00 9.4515562e+00 9.4147830e+00 9.4219981e+00
1.1426047e+01 1.1626608e+01 1.1515110e+01 1.1218271e+01 1.1646953e+01 1.1799838e+01 1.2072955e+01 1.1759333e+01 1.1538257e+01 1.1397077e+01 1.1308277e+01 1.1258133e+01 1.1396145e+01 1.1570723e+01 1.1873087e+01 1.2135106e+01 1.1746452e+01 1.1274132e+01 1.1162240e+01 1.1253393e+01 1.1522368e+01 1.1714717e+01 1.1424468e+01 1.1168846e+01 1.0955105e+01 1.0643789e+01 1.0603852e+01 1.0663323e+01 1.0585158e+01 1.0520975e+01 1.0446173e+01 1.0379391e+01 1.0298489e+01 1.0252745e+01 1.0227992e+01 1.0303660e+01 1.0117101e+01 9.9829601e+00 9.9019551e+00 9.8098654e+00 9.6992617e+00 9.6205446e+00 9.6660573e+00 9.6923293e+00 9.4627839e+00 9.5009989e+00 9.6188602e+00 9.6774991e+00 9.6263926e+00 9.4653120e+00
