ahotovec/data/depth_0040.asc
ncols     164
nrows     146
xllcorner -1.242151388888889e+02
yllcorner  4.172986111111111e+01
cellsize  2.777777777820000e-04
nodata_value       -9999
[rows 88 to 109 of 146, columns 0 to 49 of 164]
1.1585339e+01 1.1632235e+01 1.1538513e+01 1.1145330e+01 1.1051586e+01 1.1278264e+01 1.0881299e+01 1.0805841e+01 1.0658330e+01 1.0468320e+01 1.0291330e+01 1.0096534e+01 9.9075281e+00 9.7010589e+00 9.4641435e+00 9.2114632e+00 8.9208269e+00 8.5195544e+00 7.9259090e+00 7.3031665e+00 6.4998755e+00 5.6823462e+00 5.0160143e+00 4.4777043e+00 3.9086085e+00 3.4001821e+00 2.7185957e+00 7.9298962e-01 3.8532034e-01 3.4255302e+00 3.6583001e+00 3.8232228e+00 3.6154339e+00 3.0404285e+00 3.1251433e+00 2.9724490e+00 2.8771801e+00 2.8385797e+00 3.0209870e+00 3.7900409e+00 4.1697373e+00 3.6090564e+00 3.9977885e+00 2.9262962e+00 5.7202953e+00 4.2922120e+00 9.3917485e-01 5.7093145e-01 1.1051084e+00 1.0452486e+00
1.2013010e+01 1.1514583e+01 1.1332864e+01 1.1108266e+01 1.1124941e+01 1.1305300e+01 1.1156249e+01 1.1053784e+01 1.0881327e+01 1.0675877e+01 1.0466815e+01 1.0264867e+01 1.0046762e+01 9.8044799e+00 9.5257518e+00 9.1974421e+00 8.8365367e+00 8.3414383e+00 7.6570716e+00 7.0440264e+00 6.3261941e+00 5.6189018e+00 5.0376487e+00 4.5794745e+00 4.1073458e+00 3.7326697e+00 3.3945540e+00 3.3102633e+00 2.2079437e+00 4.0378931e+00 4.0025655e+00 3.9724550e+00 3.9458976e+00 3.6445802e+00 3.3730171e+00 3.2158117e+00 3.0476313e+00 2.9082644e+00 2.8938243e+00 3.4163342e+00 4.1203669e+00 4.8866123e+00 4.9213072e+00 4.7756315e+00 4.5757986e+00 4.2752976e+00 2.7940901e+00 2.7253368e+00 2.4503732e+00 2.6222765e+00
1.2266384e+01 1.1703496e+01 1.1273629e+01 1.1061924e+01 1.1405477e+01 1.1453539e+01 1.1413108e+01 1.1316192e+01 1.1104433e+01 1.0859147e+01 1.0643363e+01 1.0432370e+01 1.0197060e+01 9.9445730e+00 9.6183573e+00 9.2366080e+00 8.7869446e+00 8.2182908e+00 7.4474667e+00 6.8246145e+00 6.1231677e+00 5.4808438e+00 4.9981820e+00 4.6270213e+00 4.2592673e+00 3.9963971e+00 3.9895963e+00 4.1473745e+00 4.3537444e+00 4.2152552e+00 4.2274219e+00 4.1820509e+00 4.0345431e+00 3.8061500e+00 3.6201343e+00 3.4107999e+00 3.1918953e+00 2.9754279e+00 2.8619361e+00 2.9162528e+00 3.4166621e+00 4.1975898e+00 4.2156001e+00 4.1543788e+00 4.2482960e+00 3.6969200e+00 3.3499603e+00 4.4343771e+00 4.0379463e+00 5.0046776e+00
1.2148824e+01 1.1800331e+01 1.1531424e+01 1.1474946e+01 1.1578246e+01 1.1756811e+01 1.1786059e+01 1.1670302e+01 1.1372810e+01 1.1031134e+01 1.0827312e+01 1.0614018e+01 1.0409258e+01 1.0139236e+01 9.7828653e+00 9.3328629e+00 8.8007798e+00 8.1514332e+00 7.3101206e+00 6.6358463e+00 5.9352988e+00 5.3123361e+00 4.8471028e+00 4.5704725e+00 4.3090002e+00 4.1577840e+00 4.1486018e+00 4.2565277e+00 4.3925862e+00 4.3984948e+00 4.4051369e+00 4.3617093e+00 4.2500923e+00 4.0365931e+00 3.7968901e+00 3.5532775e+00 3.3236953e+00 3.0744673e+00 2.8428012e+00 2.5835116e+00 2.5881719e+00 3.1220406e+00 3.7916779e+00 4.2295368e+00 3.4271870e+00 3.0958610e+00 2.1221467e+00 3.5397215e+00 5.7237752e+00 6.1186107e+00
1.2323691e+01 1.2303950e+01 1.2221303e+01 1.2141627e+01 1.2083259e+01 1.2148729e+01 1.1912967e+01 1.1821234e+01 1.1579459e+01 1.1450674e+01 1.1102673e+01 1.1011971e+01 1.0755405e+01 1.0435415e+01 1.0025183e+01 9.4994099e+00 8.8910012e+00 8.1364737e+00 7.2149501e+00 6.4403160e+00 5.7140024e+00 5.0740952e+00 4.6195224e+00 4.4118162e+00 4.2904562e+00 4.2251926e+00 4.2160154e+00 4.2386594e+00 4.3690938e+00 4.4913107e+00 4.5636028e+00 4.5744609e+00 4.4797305e+00 4.2628462e+00 4.0291807e+00 3.7331477e+00 3.4769106e+00 3.2310828e+00 2.9938039e+00 2.6747396e+00 2.2638474e+00 1.3965060e+00 1.1436573e+00 2.6949064e-02 1.0974520e-03 9.0708775e-04 8.7134453e-04 2.5871630e+00 4.7461396e+00 5.8377737e+00
1.3328181e+01 1.3260834e+01 1.3144052e+01 1.2994737e+01 1.2862138e+01 1.2733427e+01 1.2761405e+01 1.2605160e+01 1.1968869e+01 1.1668295e+01 1.1948501e+01 1.1642966e+01 1.1467333e+01 1.0866312e+01 1.0341765e+01 9.7105702e+00 9.0437293e+00 8.1909471e+00 7.1399376e+00 6.2474717e+00 5.4068615e+00 4.7448549e+00 4.3382323e+00 4.2073720e+00 4.1044452e+00 3.8585009e+00 3.8300143e+00 4.1501386e+00 4.3485287e+00 4.5482305e+00 4.7178098e+00 4.7933134e+00 4.7253098e+00 4.5194530e+00 4.2459189e+00 3.8946559e+00 3.6005912e+00 3.4530911e+00 3.4077096e+00 3.0950095e+00 2.7927181e+00 1.0407980e+00 0.0000000e+00 0.0000000e+00 0.0000000e+00 0.0000000e+00 0.0000000e+00 2.7001781e+00 5.1692455e+00 5.2875172e+00
1.4476270e+01 1.4292351e+01 1.4089659e+01 1.3895653e+01 1.3710394e+01 1.3554024e+01 1.3615788e+01 1.3400449e+01 1.3082528e+01 1.2895251e+01 1.2813868e+01 1.2717972e+01 1.2074991e+01 1.1357631e+01 1.0640975e+01 9.9420090e+00 9.2215406e+00 8.2751486e+00 7.1123166e+00 6.0897741e+00 5.1320896e+00 4.3699173e+00 4.0710788e+00 3.9612160e+00 3.4018239e+00 2.6132820e+00 3.0477586e+00 4.0663154e+00 4.3224413e+00 4.6118134e+00 4.8840171e+00 5.0435121e+00 5.0125266e+00 4.7998896e+00 4.4712577e+00 4.0576431e+00 3.6100383e+00 3.3256659e+00 2.8313119e+00 2.2615210e+00 2.7046008e+00 1.5752494e+00 7.2686686e-04 0.0000000e+00 0.0000000e+00 0.0000000e+00 2.2730149e-01 3.1298940e+00 5.1347075e+00 5.2002437e+00
1.5349295e+01 1.5131561e+01 1.4912882e+01 1.4726085e+01 1.4573902e+01 1.4457639e+01 1.4348658e+01 1.4255236e+01 1.4061784e+01 1.3599066e+01 1.2253490e+01 1.2648660e+01 1.2252424e+01 1.1654172e+01 1.0951664e+01 1.0234899e+01 9.5313179e+00 8.5960955e+00 7.2549838e+00 6.0210019e+00 4.8118738e+00 3.2930212e+00 2.9053833e+00 2.1732983e+00 2.9142190e+00 3.1211769e+00 3.4367255e+00 3.5916448e+00 4.4617319e+00 5.0944629e+00 5.5242052e+00 5.7592144e+00 5.7775388e+00 5.5163057e+00 5.1140601e+00 4.4801612e+00 3.8032134e+00 3.5174499e+00 2.6235987e+00 2.5049471e+00 3.4713689e+00 2.4107553e+00 7.9485918e-04 9.5977383e-04 8.3878543e-02 2.1091307e+00 3.2696320e+00 4.8078076e+00 4.9575247e+00 5.2069463e+00
1.6101917e+01 1.5941039e+01 1.5800460e+01 1.5724958e+01 1.5578458e+01 1.5408663e+01 1.5324126e+01 1.4831294e+01 1.3585501e+01 1.2741083e+01 1.2092504e+01 1.2144194e+01 1.1956813e+01 1.1543216e+01 1.1082035e+01 1.0512212e+01 9.9066139e+00 9.0598067e+00 7.6694693e+00 6.2216826e+00 4.5653382e+00 3.3881133e+00 1.3766560e+00 1.4441815e+00 3.1814863e+00 3.6824991e+00 3.8592342e+00 4.0040363e+00 5.1140822e+00 5.8605400e+00 6.3282267e+00 6.5838892e+00 6.5984793e+00 6.3167941e+00 5.8696338e+00 5.2046377e+00 4.4131751e+00 3.9859851e+00 4.2961985e+00 4.5151940e+00 4.5063425e+00 4.2492161e+00 4.3797822e+00 4.5595496e+00 4.1926608e+00 3.8886537e+00 4.2602427e+00 4.2087276e+00 5.1792821e+00 5.3301561e+00
1.6749532e+01 1.7009373e+01 1.6781226e+01 1.6352532e+01 1.6007005e+01 1.6139531e+01 1.5653698e+01 1.5552937e+01 1.3541709e+01 1.2034044e+01 1.2079234e+01 1.1970200e+01 1.1695719e+01 1.1502902e+01 1.1220792e+01 1.0795593e+01 1.0367336e+01 9.7564153e+00 8.4429857e+00 6.9476216e+00 4.8101277e+00 3.2913530e+00 2.8955572e+00 2.9854174e+00 2.8429554e+00 4.5192865e+00 5.2440567e+00 5.7525236e+00 6.3397882e+00 6.9052930e+00 7.3204127e+00 7.5597409e+00 7.5651895e+00 7.3006339e+00 6.9002545e+00 6.3298478e+00 5.6909303e+00 5.2744043e+00 5.4120693e+00 5.4853823e+00 5.3312265e+00 5.1998657e+00 5.2727212e+00 5.1175335e+00 4.8576346e+00 4.0221422e+00 4.4054289e+00 5.0646644e+00 5.3668720e+00 5.4755951e+00
1.7958188e+01 1.8090891e+01 1.7216132e+01 1.7131523e+01 1.6174545e+01 1.6511356e+01 1.5981296e+01 1.3676353e+01 1.2178023e+01 1.2438385e+01 1.2168064e+01 1.1856195e+01 1.1692097e+01 1.1618363e+01 1.1412285e+01 1.1068333e+01 1.0883958e+01 1.0813573e+01 9.8857199e+00 8.8049976e+00 7.3086350e+00 4.6967588e+00 3.3414962e+00 3.6405007e+00 4.2025862e+00 5.8531428e+00 6.9111405e+00 7.3973505e+00 7.8044539e+00 8.1925449e+00 8.5014427e+00 8.6688152e+00 8.6683675e+00 8.4594463e+00 8.1588036e+00 7.7361764e+00 7.2483218e+00 6.8959389e+00 6.7006257e+00 6.5316292e+00 6.3243133e+00 6.0100826e+00 5.6910870e+00 5.3207802e+00 4.9064910e+00 4.8532307e+00 5.1607115e+00 5.4241322e+00 5.5735557e+00 5.6785308e+00
1.8301586e+01 1.8844892e+01 1.8405521e+01 1.7761613e+01 1.7628181e+01 1.6270622e+01 1.4735982e+01 1.0087594e+01 1.0573361e+01 1.0752375e+01 1.1932675e+01 1.2481816e+01 1.1858487e+01 1.1913726e+01 1.1861567e+01 1.1485581e+01 1.1036134e+01 1.1616983e+01 1.1804432e+01 1.1116726e+01 1.0658999e+01 8.5555589e+00 7.1975098e+00 7.7497360e+00 8.5517023e+00 9.4282245e+00 9.3242818e+00 9.1746472e+00 9.2785236e+00 9.5200629e+00 9.7452173e+00 9.8495845e+00 9.8411644e+00 9.6934283e+00 9.4538583e+00 9.1323577e+00 8.7045559e+00 8.5806219e+00 8.3776230e+00 7.8009948e+00 7.2701289e+00 6.8604641e+00 6.4684591e+00 6.0319746e+00 5.6117693e+00 5.4121077e+00 5.5418001e+00 5.7380697e+00 5.8813122e+00 5.9302368e+00
1.8463439e+01 1.7068047e+01 1.8800090e+01 1.8290444e+01 1.8065578e+01 1.7203240e+01 1.3434786e+01 1.1431984e+01 8.7844385e+00 7.8206337e+00 1.0620941e+01 1.2787087e+01 1.1779417e+01 1.2047394e+01 1.2408378e+01 1.2337945e+01 1.1397356e+01 1.2200322e+01 1.3240060e+01 1.3297772e+01 1.2391466e+01 1.2014488e+01 1.1272870e+01 1.1643430e+01 1.2228761e+01 1.2748932e+01 1.1353253e+01 1.0426072e+01 1.0344439e+01 1.0542363e+01 1.0722238e+01 1.0774763e+01 1.0751407e+01 1.0666648e+01 1.0510154e+01 1.0219338e+01 9.9945566e+00 9.0119261e+00 9.4220593e+00 8.8540942e+00 8.1055880e+00 7.5947482e+00 7.1409323e+00 6.7057294e+00 6.3092182e+00 6.0678972e+00 6.0489280e+00 6.1350942e+00 6.1802910e+00 6.1615026e+00
1.9742705e+01 1.8786046e+01 1.9166791e+01 1.8312084e+01 1.8176900e+01 1.7312520e+01 1.5480255e+01 1.4526690e+01 1.2151216e+01 1.3358006e+01 1.3975004e+01 1.4111616e+01 1.3383007e+01 1.3331350e+01 1.3149097e+01 1.3194326e+01 1.3747092e+01 1.3856008e+01 1.3884110e+01 1.2818762e+01 1.2925741e+01 1.3343653e+01 1.3433975e+01 1.3264703e+01 1.3532601e+01 1.3113651e+01 1.1430338e+01 1.1050784e+01 1.1516653e+01 1.1758495e+01 1.1865652e+01 1.1787062e+01 1.1744614e+01 1.1758231e+01 1.1640951e+01 1.1456279e+01 1.1530278e+01 7.8158693e+00 3.8277471e+00 8.7944315e+00 9.3833692e+00 8.5981015e+00 7.9879830e+00 7.4830639e+00 7.1009796e+00 6.8603618e+00 6.8374591e+00 6.6647968e+00 6.5307984e+00 6.4401962e+00
1.9776623e+01 1.9211679e+01 1.8322458e+01 1.8711285e+01 1.8485384e+01 1.7796127e+01 1.8217153e+01 1.6356918e+01 1.5997538e+01 1.5841721e+01 1.4206186e+01 1.0825427e+01 1.5024718e+01 1.4697244e+01 1.4160815e+01 1.4525378e+01 1.4688812e+01 1.4591101e+01 1.4453674e+01 1.4080085e+01 1.3831836e+01 1.3237365e+01 1.3392152e+01 1.2848928e+01 1.3973120e+01 1.4030157e+01 1.2531825e+01 1.2153945e+01 1.2705012e+01 1.2940078e+01 1.3193594e+01 1.2966923e+01 1.2842258e+01 1.3208845e+01 1.3311284e+01 1.3000072e+01 1.3264129e+01 1.1424695e+01 1.0437661e+01 1.0363780e+01 5.3237331e+00 4.9336106e+00 8.7101982e+00 8.6493514e+00 8.2727964e+00 7.1082151e+00 4.1621002e+00 6.4413570e+00 7.1997083e+00 6.9183880e+00
1.9661508e+01 1.9228803e+01 1.8398938e+01 1.9439988e+01 1.9074019e+01 1.8469294e+01 1.7378142e+01 1.6444663e+01 1.6950061e+01 1.4160204e+01 1.4962017e+01 1.1714030e+01 1.4671621e+01 1.5774588e+01 1.5419223e+01 1.5251570e+01 1.5113800e+01 1.5112088e+01 1.4685537e+01 1.4393152e+01 1.4259741e+01 1.3941812e+01 1.3861397e+01 1.2543836e+01 1.3667364e+01 1.3977071e+01 1.4186599e+01 1.3506048e+01 1.4079915e+01 1.3560331e+01 1.3457250e+01 1.3390037e+01 1.3257998e+01 1.3516206e+01 1.3976327e+01 1.3381204e+01 1.3506677e+01 1.3831457e+01 1.3043908e+01 1.1794977e+01 9.0474017e+00 8.5874470e+00 9.7681126e+00 9.3452138e+00 9.0404327e+00 7.7324683e+00 4.2349559e+00 6.7635224e+00 7.7188356e+00 7.3241432e+00
2.0382557e+01 1.9539628e+01 1.9806232e+01 1.9852540e+01 1.6720888e+01 1.9081419e+01 1.7818407e+01 1.7240500e+01 1.7251489e+01 1.5497466e+01 1.6224879e+01 1.5440616e+01 1.5570425e+01 1.6635131e+01 1.5969652e+01 1.5732261e+01 1.5700786e+01 1.5755235e+01 1.5486194e+01 1.4879424e+01 1.4647303e+01 1.4405569e+01 1.4194014e+01 1.3761582e+01 1.4329650e+01 1.4269766e+01 1.4206910e+01 1.4064537e+01 1.4236657e+01 1.3798996e+01 1.3641273e+01 1.3337762e+01 1.2944100e+01 1.3397258e+01 1.2594730e+01 1.3457748e+01 1.3512565e+01 1.3524276e+01 1.2972935e+01 1.2267358e+01 1.1808702e+01 1.1181653e+01 1.0453096e+01 9.9197759e+00 9.5404914e+00 9.0936341e+00 8.4542570e+00 8.4597708e+00 8.1452581e+00 7.7805065e+00
2.0658774e+01 2.0426186e+01 2.0119483e+01 1.9488512e+01 1.8382961e+01 1.9088971e+01 1.8407144e+01 1.7874084e+01 1.7710366e+01 1.7376606e+01 1.7454959e+01 1.7444712e+01 1.7179414e+01 1.7040333e+01 1.6587898e+01 1.6430316e+01 1.5957890e+01 1.4962693e+01 1.5121964e+01 1.5761987e+01 1.5175469e+01 1.4858030e+01 1.4884380e+01 1.4667032e+01 1.4645751e+01 1.3899184e+01 1.3561108e+01 1.4179339e+01 1.4493548e+01 1.3909890e+01 1.3664360e+01 1.3684507e+01 1.2613583e+01 1.2292563e+01 1.3461464e+01 1.3748349e+01 1.3725210e+01 1.3429030e+01 1.3027125e+01 1.2524241e+01 1.1966360e+01 1.1379922e+01 1.0884525e+01 1.0475845e+01 1.0088902e+01 9.7928317e+00 9.5543488e+00 9.1304535e+00 8.6521384e+00 8.2727190e+00
2.0377497e+01 2.0264023e+01 1.9540742e+01 1.9557947e+01 1.9577579e+01 1.8954192e+01 1.9456067e+01 1.8952474e+01 1.8654242e+01 1.8609634e+01 1.8248215e+01 1.7855743e+01 1.7504999e+01 1.7518798e+01 1.7098023e+01 1.6549666e+01 1.5560048e+01 1.4506774e+01 1.5504047e+01 1.6319966e+01 1.5807882e+01 1.5579354e+01 1.5516299e+01 1.5097194e+01 1.4931262e+01 1.4215422e+01 1.4397929e+01 1.4552104e+01 1.3988636e+01 1.4281793e+01 1.3228055e+01 1.2301679e+01 1.2088325e+01 1.1646632e+01 1.2296557e+01 1.3118416e+01 1.2989383e+01 1.2851926e+01 1.3034904e+01 1.2965263e+01 1.2254126e+01 1.1733409e+01 1.1284183e+01 1.0905406e+01 1.0576331e+01 1.0310413e+01 1.0041994e+01 9.7052889e+00 9.2395375e+00 8.7705557e+00
1.9796574e+01 1.9780402e+01 2.0140554e+01 1.9785551e+01 1.9685864e+01 1.9679469e+01 1.9561472e+01 1.9450163e+01 1.9302432e+01 1.9040184e+01 1.8648924e+01 1.8064541e+01 1.7948181e+01 1.7372294e+01 1.7091358e+01 1.7602624e+01 1.6808456e+01 1.6393230e+01 1.6880873e+01 1.6798630e+01 1.6431693e+01 1.6123707e+01 1.5862270e+01 1.5645573e+01 1.5331190e+01 1.5126371e+01 1.4082418e+01 1.4986669e+01 1.5352285e+01 1.3909384e+01 1.4023840e+01 1.3540614e+01 1.2948094e+01 1.2882158e+01 1.2617418e+01 1.2799866e+01 1.2159091e+01 1.1197244e+01 1.3191899e+01 1.3208879e+01 1.2638307e+01 1.2174279e+01 1.1619261e+01 1.1243833e+01 1.1014642e+01 1.0814278e+01 1.0616112e+01 1.0329997e+01 9.8867137e+00 9.3897534e+00
2.0888512e+01 2.0791183e+01 2.0485916e+01 2.0083293e+01 1.9909771e+01 1.9401628e+01 1.9473828e+01 1.9554195e+01 1.9490593e+01 1.9270112e+01 1.8917163e+01 1.8562038e+01 1.8338684e+01 1.7983907e+01 1.7800743e+01 1.7858247e+01 1.7783546e+01 1.7606632e+01 1.7877093e+01 1.7424200e+01 1.6957210e+01 1.6683157e+01 1.6566398e+01 1.6269950e+01 1.6112022e+01 1.5992685e+01 1.5578675e+01 1.5086965e+01 1.4661865e+01 1.2009717e+01 1.2683202e+01 1.3038480e+01 1.3189376e+01 1.3573127e+01 1.3156471e+01 1.2653993e+01 1.2538030e+01 1.2455945e+01 1.1975385e+01 1.2506051e+01 1.1557935e+01 1.1142215e+01 1.1534180e+01 1.1581742e+01 1.1404879e+01 1.1299716e+01 1.1183762e+01 1.0965076e+01 1.0551029e+01 1.0075803e+01
2.0198802e+01 2.0882966e+01 2.0761912e+01 2.0452321e+01 2.0279623e+01 2.0230809e+01 2.0081764e+01 1.9906003e+01 1.9530989e+01 1.9318066e+01 1.9135269e+01 1.9036604e+01 1.9145260e+01 1.8644440e+01 1.7674903e+01 1.8281116e+01 1.8173328e+01 1.7493392e+01 1.7906202e+01 1.7997150e+01 1.7612047e+01 1.7599141e+01 1.7025188e+01 1.6849553e+01 1.6447929e+01 1.6241987e+01 1.6395445e+01 1.6302103e+01 1.5941109e+01 1.3783691e+01 1.4835941e+01 1.4753279e+01 1.4217427e+01 1.3837861e+01 1.3537718e+01 1.3092832e+01 1.2792029e+01 1.2147248e+01 1.1882239e+01 1.0526912e+01 4.3751722e+00 4.7481177e+00 1.0803651e+01 1.1909291e+01 1.1669562e+01 1.1697592e+01 1.1651417e+01 1.1487813e+01 1.1121115e+01 1.0656577e+01
