ahotovec/data/depth_0043.asc
ncols     164
nrows     146
xllcorner -1.242151388888889e+02
yllcorner  4.172986111111111e+01
cellsize  2.777777777820000e-04
nodata_value       -9999
[rows 66 to 87 of 146, columns 100 to 149 of 164]
1.9903255e-01 2.1521683e-01 2.2010011e-01 2.3717326e-01 2.5115882e-01 2.5971478e-01 2.7356574e-01 2.8963089e-01 2.9680174e-01 2.6421998e-01 2.0463645e-01 1.4217418e-01 7.6094457e-02 2.9437335e-02 4.8531676e-02 5.3448052e-02 5.0838780e-02 4.7069142e-02 4.5302589e-02 4.3621094e-02 3.8308677e-02 2.8738519e-02 2.7930253e-02 2.4732928e-02 1.4514223e-02 7.3613793e-03 2.6667525e-03 2.4078819e-03 1.9282617e-03 1.8351389e-03 1.8377071e-03 1.1804826e-03 9.9999835e-04 9.8276370e-04 9.9973317e-04 9.9935765e-04 9.9769617e-04 9.9912507e-04 9.9928385e-04 9.9966300e-04 9.9919002e-04 9.9987941e-04 9.9886800e-04 9.9878776e-04 9.9855903e-04 9.9988141e-04 9.9979051e-04 9.9843761e-04 9.9957594e-04 9.9986276e-04
8.6403239e-02 8.0792029e-02 4.8258140e-02 6.5408393e-02 1.1949215e-01 1.6903217e-01 1.8421643e-01 1.9989171e-01 2.0345565e-01 1.7015274e-01 5.8319201e-02 3.1245932e-03 3.1008926e-02 5.4330682e-02 5.0671130e-02 4.2933744e-02 3.7516764e-02 3.0362548e-02 2.7640594e-02 2.4741868e-02 2.3382742e-02 2.5812627e-02 1.7360345e-02 1.2924755e-02 1.3234831e-02 1.2593492e-02 8.5794904e-03 7.6442139e-03 8.8628730e-03 7.0991278e-03 7.5233012e-03 8.7923583e-03 9.2488895e-03 6.7021279e-03 3.8269480e-03 1.5246269e-02 2.8975932e-03 7.7534504e-03 1.1806589e-03 9.9854162e-04 9.9948690e-04 9.9960371e-04 9.9973642e-04 9.9993098e-04 9.9966481e-04 9.9910325e-04 9.9926664e-04 9.9891201e-04 9.9890443e-04 9.9915003e-04
4.3121650e-01 3.2168612e-01 2.0599532e-01 1.4191383e-01 1.1173480e-01 8.5339883e-02 5.8534673e-02 3.2683065e-02 3.7077408e-02 1.2313376e-02 3.3974240e-03 1.1215266e-02 2.8354739e-02 5.1908614e-02 6.0892645e-02 7.3966370e-02 7.3998047e-02 7.2364551e-02 5.4259693e-02 3.9845283e-02 3.5283956e-02 4.2771140e-02 2.2223849e-02 1.2891755e-02 1.0522660e-02 9.1811698e-03 6.6049688e-03 5.0921178e-03 6.7159846e-03 4.3786552e-03 4.9860159e-03 6.2094102e-03 6.9690580e-03 9.7957145e-03 1.5637462e-02 1.7393367e-02 9.2005893e-03 1.8456692e-02 7.7310582e-03 9.0308838e-03 6.9099739e-03 5.0090432e-03 3.3234749e-03 9.9969774e-04 9.9997446e-04 9.9964749e-04 9.9787216e-04 9.9888940e-04 9.9892627e-04 9.9995495e-04
7.7785271e-01 7.2244288e-01 6.2662253e-01 5.4130235e-01 4.5442332e-01 3.1342160e-01 2.5479589e-01 1.2844396e-01 5.6946639e-02 1.6300753e-02 3.9304010e-03 1.7141525e-02 5.2548880e-02 7.3812656e-02 9.1252600e-02 1.0483016e-01 1.0426540e-01 9.0493068e-02 7.9860755e-02 8.4483691e-02 5.8432264e-02 7.9288210e-02 8.2707800e-02 7.5211238e-02 9.2976097e-02 7.1170988e-02 8.3715863e-02 9.3870761e-02 1.0952945e-01 8.8171612e-02 1.1151792e-01 9.7371067e-02 6.4944355e-02 2.4556938e-02 4.3910092e-03 3.7322839e-03 2.6763091e-03 5.0495399e-03 2.8347103e-03 5.0874106e-03 6.8440760e-03 9.3397703e-03 8.4392546e-03 6.5836060e-03 5.1629401e-03 4.2509907e-03 2.9225889e-03 9.9997974e-04 9.9945013e-04 9.9958013e-04
8.3608647e-01 7.8854568e-01 7.1663812e-01 6.4664669e-01 5.9763806e-01 6.6066616e-01 7.6568001e-01 7.4388851e-01 6.0297217e-01 4.6706536e-01 3.0124580e-01 1.0673659e-01 5.5261917e-02 7.5455664e-02 1.0326567e-01 1.1140895e-01 1.1768308e-01 1.4049367e-01 1.8161721e-01 2.5593838e-01 3.0129991e-01 3.5515728e-01 4.0062085e-01 4.3327512e-01 4.3252190e-01 4.2640213e-01 4.4996781e-01 4.8139250e-01 5.0273591e-01 5.1551386e-01 4.9133548e-01 4.8273578e-01 4.5360673e-01 3.7464958e-01 3.1650915e-01 3.1032644e-01 2.8833118e-01 3.0003109e-01 2.3730448e-01 1.0431134e-01 5.4020456e-02 6.1147389e-03 3.2680696e-03 5.4638240e-03 8.5233152e-03 8.3562256e-03 7.3585378e-03 5.5126194e-03 3.8284678e-03 9.9939759e-04
8.7101980e-01 8.0715285e-01 6.9994698e-01 6.0936848e-01 6.0318912e-01 6.8136707e-01 7.5376105e-01 8.4814453e-01 9.6269432e-01 1.0089363e+00 8.9666526e-01 6.5241022e-01 4.8067134e-01 4.5957674e-01 2.4128084e-01 1.0925528e-01 1.6706129e-01 2.2435673e-01 3.2449165e-01 4.3036972e-01 5.3939012e-01 6.0165568e-01 6.6875204e-01 6.8692997e-01 6.7074287e-01 7.0139054e-01 7.3705578e-01 7.6675642e-01 7.8271644e-01 7.8206006e-01 7.6066896e-01 7.6499763e-01 7.3057646e-01 6.6815982e-01 6.7292891e-01 7.0675571e-01 6.8777940e-01 6.8024969e-01 5.9404662e-01 5.0668474e-01 4.3500653e-01 3.3353253e-01 2.3408800e-01 8.7668595e-02 3.2029659e-03 5.0663876e-03 8.4912507e-03 1.0039510e-02 8.7672001e-03 6.6395616e-03
8.8955503e-01 8.8820832e-01 7.9134714e-01 6.4009407e-01 6.1960994e-01 7.5790745e-01 8.2127262e-01 8.2821701e-01 9.1932000e-01 1.1369483e+00 1.1782610e+00 1.1801140e+00 1.2418667e+00 1.0354395e+00 9.0558829e-01 5.5816947e-01 3.6428675e-01 3.0196331e-01 3.3549930e-01 4.8382588e-01 5.2238089e-01 6.0878841e-01 7.0869661e-01 7.7369921e-01 8.0877409e-01 8.4119120e-01 8.8281247e-01 9.0538136e-01 9.3473156e-01 9.5658443e-01 9.9388207e-01 9.5176739e-01 8.6078438e-01 9.5468156e-01 1.0285506e+00 1.0680034e+00 1.0548683e+00 9.7996596e-01 8.9316777e-01 8.1468699e-01 7.0971591e-01 6.2623715e-01 5.2594486e-01 4.1605240e-01 3.1907892e-01 2.0570223e-01 4.5288395e-02 9.9125766e-03 1.3242276e-02 9.9470066e-03
8.6921109e-01 8.8835730e-01 8.8911824e-01 7.1742428e-01 6.0820280e-01 7.0132917e-01 8.1019574e-01 9.1656113e-01 1.0019953e+00 1.1412341e+00 1.5179337e+00 3.6195266e+00 5.4802250e+00 2.9758550e+00 1.1600234e+00 1.0640465e+00 9.6098447e-01 8.3758786e-01 6.2909534e-01 3.4745204e-01 2.9473211e-01 2.6011583e-01 4.0030980e-01 5.5521775e-01 6.7734817e-01 6.3989547e-01 6.0481429e-01 6.3858646e-01 7.4199962e-01 8.3725690e-01 9.1716771e-01 1.0082563e+00 1.1135030e+00 1.2248898e+00 1.2764917e+00 1.2956306e+00 1.2926596e+00 1.2215860e+00 1.1392063e+00 1.0663552e+00 9.7081741e-01 8.7958004e-01 7.9392746e-01 6.8407724e-01 5.9176513e-01 4.4656745e-01 2.8602512e-01 7.4268785e-02 1.1272320e-02 1.6014847e-02
1.6537711e+00 9.9965730e-01 9.1523759e-01 7.9763619e-01 4.1604878e-01 1.8259390e-01 3.1452506e-01 7.6156762e-01 1.1102976e+00 1.8556407e+00 4.9267660e+00 7.0260280e+00 7.4066774e+00 6.0422288e+00 3.5331840e+00 1.3406919e+00 1.0376557e+00 1.0037069e+00 7.9335807e-01 1.3334516e-01 3.2724085e-02 2.1246505e-02 6.3800359e-02 1.5716461e-01 1.9872802e-01 1.7048085e-01 1.3254529e-01 1.6819073e-01 2.7244221e-01 3.9907467e-01 6.0190332e-01 9.3016223e-01 1.2879447e+00 1.3988304e+00 1.4523679e+00 1.4666672e+00 1.4291049e+00 1.4051107e+00 1.3329495e+00 1.2653609e+00 1.1827105e+00 1.1179775e+00 1.0445938e+00 9.5465289e-01 7.9850793e-01 5.5979035e-01 3.7867898e-01 1.2998539e-01 8.3813766e-03 1.7441384e-02
4.2268745e+00 3.2162870e+00 1.4858720e+00 9.0371551e-01 3.5191508e-01 3.5017877e-03 9.3880654e-04 5.8536161e-01 2.2687775e+00 5.7739722e+00 7.2874981e+00 7.5846092e+00 7.6081081e+00 7.6804111e+00 7.5749779e+00 5.0335251e+00 2.0961053e+00 1.0757070e+00 7.4716643e-01 3.7973578e-02 3.5227058e-02 4.0058566e-03 1.0491897e-02 2.9040086e-02 2.9914238e-02 2.2051595e-02 1.3217283e-03 1.6361584e-03 1.3278673e-02 1.0759742e-01 4.1433785e-01 8.6738517e-01 1.3747254e+00 1.6156834e+00 1.6303054e+00 1.6112512e+00 1.6122560e+00 1.5368285e+00 1.4878996e+00 1.4195312e+00 1.3494457e+00 1.2835239e+00 1.2082238e+00 1.0915084e+00 8.5484198e-01 5.7720674e-01 3.5289273e-01 1.1840122e-01 7.3754411e-03 1.0191932e-02
4.9096331e+00 4.8304517e+00 3.9030983e+00 2.0010104e+00 1.2066607e+00 8.2982472e-04 9.9218736e-04 2.2098253e+00 6.7523159e+00 7.5205355e+00 7.6627080e+00 7.8188615e+00 7.9110513e+00 8.0048170e+00 8.0315732e+00 6.8505148e+00 5.5853429e+00 2.8943060e+00 3.2991277e-01 7.3473971e-02 1.3797665e-01 2.7949290e-01 1.6952798e-01 1.9496969e-01 3.5272261e-01 3.4241528e-01 1.6229568e-01 6.4217793e-02 2.4658849e-02 4.5734304e-02 2.7411071e-01 7.4283200e-01 1.3546405e+00 1.7815877e+00 1.9186547e+00 1.8806764e+00 1.7889385e+00 1.7047240e+00 1.6260520e+00 1.5461728e+00 1.4643525e+00 1.3674202e+00 1.2538839e+00 1.0963561e+00 8.6088129e-01 6.0864859e-01 3.7591048e-01 2.0353773e-01 1.0947941e-01 9.9639909e-02
5.1913627e+00 4.8577154e+00 4.5795287e+00 3.9442268e+00 1.9818746e+00 3.6782496e-01 1.9535018e+00 6.3161730e+00 7.4207376e+00 7.5410806e+00 7.6794988e+00 7.7871659e+00 7.9210092e+00 8.1298874e+00 8.2887130e+00 8.0455531e+00 8.1857916e+00 6.2156185e+00 2.0721361e+00 5.6262842e-02 2.0657169e-01 3.0544651e-01 3.4218683e-01 5.2361283e-01 7.6858206e-01 7.9518712e-01 5.2453070e-01 5.2399743e-01 2.3819820e-01 1.2565056e-01 2.1476398e-01 5.3008651e-01 1.1630650e+00 1.8028826e+00 2.1261865e+00 2.1699857e+00 2.0267573e+00 1.8763629e+00 1.7793134e+00 1.6750485e+00 1.5319406e+00 1.3906514e+00 1.2666507e+00 1.1091273e+00 8.6984946e-01 6.4932239e-01 4.8036478e-01 3.9951666e-01 3.5828889e-01 4.4977188e-01
5.6960223e+00 5.4799670e+00 4.8247509e+00 3.9884436e+00 1.1245825e+00 2.9404365e+00 6.5595373e+00 7.0545642e+00 7.0321727e+00 6.9863531e+00 7.2118421e+00 7.3953753e+00 7.8672942e+00 8.1219723e+00 8.2910380e+00 8.3200175e+00 8.0229380e+00 5.6435110e+00 1.2795768e+00 3.3886938e-02 1.4034550e-01 1.0570066e-01 4.1790502e-01 5.0235926e-01 5.4564773e-01 4.8132104e-01 8.3293302e-01 6.7546216e-01 5.7899979e-01 4.9158221e-01 3.3666546e-01 4.1208208e-01 9.9438943e-01 1.7546004e+00 2.1887382e+00 2.3432485e+00 2.2437740e+00 2.0650636e+00 1.9131637e+00 1.8187686e+00 1.6498669e+00 1.4711323e+00 1.2874236e+00 1.1198388e+00 8.7471630e-01 7.3707683e-01 6.6798736e-01 6.4125725e-01 7.2131128e-01 8.0862838e-01
5.9966101e+00 5.8031341e+00 3.5111623e+00 1.2717436e+00 4.4800772e+00 6.8576199e+00 6.9776924e+00 6.8803589e+00 6.7952773e+00 6.6792660e+00 6.6295414e+00 7.1040652e+00 7.8268356e+00 8.0142351e+00 8.3093441e+00 7.6518690e+00 4.0875581e+00 5.6993478e-01 9.1874892e-03 3.6213446e-02 7.8989886e-02 3.5788628e-01 4.9893276e-01 5.3781495e-01 6.0386941e-01 5.1442832e-01 2.9755131e-01 1.9158869e-01 9.3575724e-01 8.2519120e-01 7.4366247e-01 6.2419537e-01 1.0226747e+00 1.6794317e+00 2.1030385e+00 2.2965986e+00 2.3503828e+00 2.2592822e+00 2.1386493e+00 2.0193237e+00 1.8381597e+00 1.6114923e+00 1.3927144e+00 1.1626594e+00 9.9541163e-01 8.6512755e-01 8.7343764e-01 9.2326831e-01 9.7778273e-01 1.0323599e+00
6.4829348e+00 4.9750095e+00 1.4294079e+00 2.1757327e+00 6.3595230e+00 7.0761157e+00 6.7002324e+00 6.6293646e+00 6.5754253e+00 6.6413529e+00 7.2440009e+00 7.2686160e+00 7.1568334e+00 7.4721957e+00 6.2386541e+00 3.1744912e+00 1.9022927e-03 7.0400646e-02 1.8354827e-01 2.8558482e-01 7.1499228e-01 5.4485379e-01 7.7333524e-01 6.4517587e-01 6.2126586e-01 5.4022964e-01 1.6954841e-01 3.5675151e-01 2.2294275e-01 9.3678368e-01 9.9787684e-01 9.9918516e-01 1.1593786e+00 1.5570019e+00 1.9035012e+00 2.1239968e+00 2.2406497e+00 2.2748999e+00 2.2678442e+00 2.2002982e+00 2.0491245e+00 1.7967122e+00 1.5085538e+00 1.2964747e+00 1.1361116e+00 1.0623136e+00 1.0791234e+00 1.0988909e+00 1.1444395e+00 1.1753094e+00
6.9741201e+00 6.5851934e+00 5.7476984e+00 2.8423212e+00 1.8931945e+00 5.5297823e+00 6.4887390e+00 6.3554068e+00 6.8452651e+00 7.1792897e+00 7.2367249e+00 7.1376597e+00 6.7143443e+00 5.3779568e+00 1.7038520e+00 1.1253029e-03 1.5286185e-02 1.0121013e-03 9.4835998e-01 1.3289055e+00 9.7630887e-01 3.9159124e-01 7.6363191e-01 7.0322438e-01 5.0616983e-01 3.2299623e-01 4.0197974e-01 2.4171975e-01 4.2241332e-01 7.6843194e-01 1.0255252e+00 1.0045979e+00 1.0620779e+00 1.3213244e+00 1.7349244e+00 1.9518157e+00 1.9819892e+00 1.9462216e+00 1.9008832e+00 1.9357051e+00 1.9535839e+00 1.8483071e+00 1.6554811e+00 1.3900558e+00 1.2192379e+00 1.1736855e+00 1.1843122e+00 1.1961129e+00 1.2136606e+00 1.2236866e+00
7.1988547e+00 7.1265595e+00 7.0078081e+00 7.0911412e+00 5.1885599e+00 1.5768363e+00 4.2837333e+00 6.5973091e+00 7.0190231e+00 6.9098959e+00 7.1923624e+00 6.9369098e+00 4.1223424e+00 2.7181519e-01 1.3308192e-03 8.4466786e-03 1.1649433e-02 6.6959358e-01 1.2694020e+00 1.4712294e+00 1.4764259e+00 9.6111695e-01 6.3106143e-01 4.6262466e-01 1.8316237e-01 2.3701551e-01 2.2528830e-01 2.5110036e-01 2.2270457e-01 6.1167252e-01 3.4454353e-01 7.7238092e-01 9.9573602e-01 1.0824359e+00 1.5957004e+00 1.7768093e+00 1.5863204e+00 1.2863368e+00 1.1381906e+00 1.2086496e+00 1.3492882e+00 1.4696638e+00 1.5651010e+00 1.5332379e+00 1.3226782e+00 1.1511423e+00 1.1735449e+00 1.1946618e+00 1.2121389e+00 1.2218372e+00
7.2518507e+00 7.3331159e+00 7.4420339e+00 7.2217756e+00 6.5915954e+00 6.7410825e+00 2.7140707e+00 2.7157902e+00 6.3435058e+00 7.0190960e+00 7.4486506e+00 6.1142145e+00 1.2698532e+00 1.1309307e-03 2.4849652e-02 5.6704000e-02 7.9520136e-01 1.1234790e+00 1.2063899e+00 1.2298506e+00 6.8608511e-01 7.0469317e-01 5.0086233e-01 1.5661460e-01 3.2911403e-02 4.5720139e-03 1.9733008e-01 2.7920482e-02 9.6946497e-04 3.2270087e-03 1.8579971e-01 3.9503747e-01 6.8724683e-01 9.0828408e-01 1.2538556e+00 1.4263051e+00 1.0506275e+00 6.4586647e-01 4.6200544e-01 4.5195589e-01 5.8699206e-01 7.8336399e-01 1.0764723e+00 1.3018362e+00 1.2304551e+00 9.0187334e-01 8.9706075e-01 1.0870110e+00 1.1738402e+00 1.2293388e+00
7.4798474e+00 7.5583629e+00 7.8152280e+00 7.6472375e+00 6.9695224e+00 7.0031357e+00 6.3880465e+00 3.1112405e+00 1.9395972e+00 5.1467131e+00 6.2326326e+00 7.4632740e+00 4.7808377e+00 1.3724745e+00 9.0235113e-02 5.0887763e-01 1.1989410e+00 1.1882569e+00 1.3072226e+00 1.6712141e+00 8.5219949e-04 0.0000000e+00 9.5116155e-04 6.7933396e-02 3.0659855e-03 7.6664630e-03 3.0552325e-02 8.1990679e-03 9.9651235e-04 4.3742238e-02 1.6694061e-01 9.4836592e-04 8.6515908e-04 3.2371442e-01 6.7193059e-01 9.6493255e-01 7.8224918e-01 4.9779649e-01 2.6494833e-01 1.1335433e-01 1.4155780e-01 3.2330206e-01 5.3714074e-01 7.5377633e-01 8.2920326e-01 6.2275111e-01 4.6880418e-01 5.5477689e-01 7.7529171e-01 1.0632185e+00
7.7433827e+00 7.7705250e+00 7.9886503e+00 8.0920927e+00 7.8675179e+00 7.6063047e+00 7.6225261e+00 7.1349670e+00 4.8661699e+00 1.5974302e+00 5.6081261e+00 6.9584973e+00 6.0950670e+00 3.2038633e+00 2.2216078e-01 6.8116058e-01 9.5003632e-01 9.6061044e-01 1.2029733e+00 1.1311295e+00 9.3253477e-04 0.0000000e+00 3.3625217e-01 3.1987184e-01 3.4660839e-02 9.8587604e-03 2.3551104e-02 2.2884120e-02 6.6943564e-03 1.4844140e-01 9.7450570e-02 9.1435272e-02 5.2221134e-02 8.9600679e-04 1.2182175e-01 7.2586082e-01 6.7112817e-01 6.5919814e-01 4.5592435e-01 8.6933421e-02 1.4799178e-01 2.7209864e-01 3.1402934e-01 2.9152006e-01 3.3827701e-01 3.7897710e-01 3.0761587e-01 2.6956413e-01 4.2633670e-01 6.6307858e-01
7.8623103e+00 7.7727935e+00 7.9584951e+00 8.1609645e+00 7.8969604e+00 7.7652307e+00 7.3744184e+00 5.5850055e+00 4.8311001e+00 4.7584879e+00 7.6442867e+00 8.2057998e+00 4.7514908e+00 4.2594829e-01 1.4861327e-01 3.3069760e-01 6.4017374e-01 5.6225895e-01 4.7031491e-01 6.0675576e-01 6.3542574e-01 1.1065189e-01 2.2525543e-02 8.2206681e-02 1.6581838e-01 7.1824516e-02 1.3270665e-02 9.8626943e-04 9.6365931e-04 1.8464856e-01 1.9553550e-01 1.7185331e-01 1.5615417e-01 5.8452467e-02 3.9035329e-01 6.4985447e-01 8.6500579e-01 5.0676030e-01 4.3540244e-01 2.8507397e-01 5.1460433e-01 4.4856754e-01 3.2424402e-01 1.4519264e-01 5.5140434e-02 6.5287671e-02 2.8177774e-01 4.5261348e-01 5.8828105e-01 6.8554379e-01
7.7835727e+00 7.2799550e+00 6.8806348e+00 7.4218524e+00 7.0078788e+00 5.8561490e+00 4.9378699e+00 4.3063159e+00 4.6978460e+00 5.4810379e+00 7.5496928e+00 6.6694904e+00 7.6951467e-01 2.0152567e-01 1.9426179e-01 6.7620935e-02 9.0699032e-01 8.8560689e-01 1.8466002e-01 2.4444754e-01 4.3532492e-01 5.0841656e-02 1.4429707e-01 9.4160718e-02 1.5892880e-01 2.1760663e-01 1.6279945e-01 2.2793476e-03 9.1469801e-03 5.4047763e-02 1.4104417e-01 7.0281541e-02 8.8900719e-04 1.2731397e-01 2.5752330e-01 3.9724419e-02 6.0074061e-01 5.5973581e-02 2.6693927e-01 3.3708037e-01 5.3779487e-01 7.1595893e-01 3.4034552e-01 2.1085471e-01 1.2458417e-01 9.9496952e-04 9.8294626e-04 8.3229001e-01 8.3790282e-01 9.3765269e-01
