ahotovec/data/depth_0020.asc
ncols     164
nrows     146
xllcorner -1.242151388888889e+02
yllcorner  4.172986111111111e+01
cellsize  2.777777777820000e-04
nodata_value       -9999
[rows 88 to 109 of 146, columns 0 to 49 of 164]
1.0713203e+01 1.0734785e+01 1.0619050e+01 1.0197957e+01 1.0078488e+01 1.0275427e+01 9.8496373e+00 9.7413498e+00 9.5598517e+00 9.3541841e+00 9.1231249e+00 8.8961072e+00 8.6809423e+00 8.4521701e+00 8.1937400e+00 7.9253933e+00 7.6267236e+00 7.2191394e+00 6.6235315e+00 6.0038782e+00 5.2020449e+00 4.3884544e+00 3.7341821e+00 3.2184669e+00 2.7069701e+00 2.2809686e+00 1.9686375e+00 3.8219766e-02 5.0069410e-04 1.8761812e+00 2.0843238e+00 2.3721348e+00 2.0976688e+00 1.6265306e+00 1.8845932e+00 1.8700245e+00 1.9215747e+00 1.9604478e+00 1.9523571e+00 1.9335451e+00 1.9554908e+00 1.2802622e+00 1.1665515e+00 2.0789712e-01 2.3787757e+00 2.1757060e+00 1.5432771e+00 8.6088618e-04 4.1473497e-03 3.3615834e-03
1.1115959e+01 1.0600841e+01 1.0392820e+01 1.0137960e+01 1.0129019e+01 1.0281896e+01 1.0103009e+01 9.9698151e+00 9.7660161e+00 9.5462925e+00 9.2874023e+00 9.0570819e+00 8.8165856e+00 8.5556890e+00 8.2598895e+00 7.9178084e+00 7.5453380e+00 7.0408147e+00 6.3507662e+00 5.7344951e+00 5.0098145e+00 4.3013283e+00 3.7108944e+00 3.2355596e+00 2.7493305e+00 2.3757396e+00 2.0106017e+00 1.5432197e+00 3.1990541e-01 2.2566049e+00 2.2477091e+00 2.2977330e+00 2.2843233e+00 2.0276957e+00 1.9219475e+00 1.9114449e+00 1.9217966e+00 1.9155533e+00 1.9000290e+00 1.8884713e+00 1.9514896e+00 2.1524041e+00 2.0663037e+00 2.0123780e+00 1.9906688e+00 2.1915899e+00 2.1145246e+00 8.3920099e-01 9.3575173e-04 1.0039226e-03
1.1339894e+01 1.0758473e+01 1.0308220e+01 1.0067393e+01 1.0383073e+01 1.0405387e+01 1.0335508e+01 1.0209226e+01 9.9673869e+00 9.7089033e+00 9.4464366e+00 9.2088136e+00 8.9525139e+00 8.6818546e+00 8.3385987e+00 7.9413964e+00 7.4779246e+00 6.8974511e+00 6.1180743e+00 5.4841890e+00 4.7704314e+00 4.1253940e+00 3.6189864e+00 3.2049037e+00 2.7867058e+00 2.4828803e+00 2.3686975e+00 2.4061086e+00 2.3526190e+00 2.3763781e+00 2.4195655e+00 2.4121276e+00 2.2949961e+00 2.1368166e+00 2.0573064e+00 2.0027376e+00 1.9568097e+00 1.9251678e+00 1.9025881e+00 1.9030934e+00 1.9751384e+00 2.0971525e+00 2.0445938e+00 1.8605842e+00 1.9225272e+00 2.0033098e+00 2.1145036e+00 1.9147524e+00 4.5413382e-01 4.0319916e-01
1.1209132e+01 1.0833932e+01 1.0540425e+01 1.0456975e+01 1.0535003e+01 1.0680245e+01 1.0683123e+01 1.0536892e+01 1.0209712e+01 9.8545031e+00 9.6041084e+00 9.3634260e+00 9.1329268e+00 8.8438901e+00 8.4681825e+00 7.9999423e+00 7.4504134e+00 6.7851965e+00 5.9298204e+00 5.2342994e+00 4.5203304e+00 3.8991594e+00 3.3995135e+00 3.0835135e+00 2.7635356e+00 2.5466874e+00 2.4310619e+00 2.4256580e+00 2.4343593e+00 2.4731541e+00 2.4924397e+00 2.4804377e+00 2.4107030e+00 2.2843569e+00 2.1641986e+00 2.0633799e+00 1.9852357e+00 1.9274674e+00 1.9141471e+00 1.9016301e+00 1.9819487e+00 2.1475660e+00 2.5080711e+00 2.6795212e+00 2.0411546e+00 1.5744489e+00 5.8319103e-01 5.5390548e-01 1.7937293e+00 1.7363150e+00
1.1367402e+01 1.1312559e+01 1.1201048e+01 1.1092592e+01 1.1009977e+01 1.1045031e+01 1.0779758e+01 1.0657996e+01 1.0384710e+01 1.0240323e+01 9.8429331e+00 9.7226787e+00 9.4391496e+00 9.0944469e+00 8.6597392e+00 8.1097478e+00 7.4783247e+00 6.7041216e+00 5.7631310e+00 4.9602306e+00 4.2196828e+00 3.5915950e+00 3.1167751e+00 2.8808759e+00 2.6819498e+00 2.5591255e+00 2.4563658e+00 2.3718951e+00 2.4045026e+00 2.4949556e+00 2.5631633e+00 2.5907629e+00 2.5364098e+00 2.4060949e+00 2.2782763e+00 2.1129293e+00 1.9985270e+00 1.9116512e+00 1.8699568e+00 1.8481514e+00 1.8955471e+00 1.9673016e+00 1.0057431e+00 7.0083574e-04 8.9387152e-04 8.7059718e-04 8.7134453e-04 8.1932739e-04 7.7345976e-01 1.5392535e+00
1.2335754e+01 1.2234807e+01 1.2089149e+01 1.1910910e+01 1.1752077e+01 1.1594808e+01 1.1591803e+01 1.1405240e+01 1.0736219e+01 1.0418020e+01 1.0646577e+01 1.0306407e+01 1.0100227e+01 9.4646710e+00 8.9111739e+00 8.2503087e+00 7.5544068e+00 6.6724077e+00 5.5967839e+00 4.6757123e+00 3.8510531e+00 3.2283555e+00 2.8249559e+00 2.6831935e+00 2.4825393e+00 2.2608791e+00 2.1084543e+00 2.2016609e+00 2.2910607e+00 2.4308019e+00 2.5809131e+00 2.6694118e+00 2.6345119e+00 2.4996712e+00 2.3256837e+00 2.1020545e+00 1.9454664e+00 1.8711802e+00 1.8875380e+00 1.8174202e+00 1.8106038e+00 1.8474192e-01 0.0000000e+00 0.0000000e+00 0.0000000e+00 0.0000000e+00 0.0000000e+00 9.3420986e-04 1.6254292e+00 1.4575730e+00
1.3455232e+01 1.3238477e+01 1.3006815e+01 1.2782950e+01 1.2569172e+01 1.2383777e+01 1.2416607e+01 1.2167778e+01 1.1814263e+01 1.1606836e+01 1.1468335e+01 1.1329421e+01 1.0648521e+01 9.8898328e+00 9.1323561e+00 8.3920070e+00 7.6324517e+00 6.6513474e+00 5.4624683e+00 4.4213615e+00 3.4952672e+00 2.8378390e+00 2.5653070e+00 2.6217429e+00 2.1006250e+00 1.1901965e+00 1.0029687e+00 1.9010606e+00 2.0592694e+00 2.2520441e+00 2.5363241e+00 2.7128796e+00 2.7039862e+00 2.5410536e+00 2.2849819e+00 1.9993859e+00 1.7936111e+00 1.8058409e+00 1.8968345e+00 1.6483979e+00 1.7693481e+00 3.2391941e-01 7.2686686e-04 0.0000000e+00 0.0000000e+00 0.0000000e+00 6.9816174e-04 9.2719568e-03 1.6675254e+00 1.5063046e+00
1.4294914e+01 1.4047741e+01 1.3799890e+01 1.3584494e+01 1.3403897e+01 1.3256840e+01 1.3118276e+01 1.2990220e+01 1.2758406e+01 1.2270119e+01 1.0855377e+01 1.1199697e+01 1.0758337e+01 1.0111337e+01 9.3607608e+00 8.5943354e+00 7.8391849e+00 6.8573939e+00 5.4700450e+00 4.1947011e+00 3.0237906e+00 1.5832084e+00 1.5964219e+00 1.4093064e+00 1.4726336e+00 1.1642410e+00 1.0880224e+00 1.2221143e+00 1.8310650e+00 2.4439173e+00 2.9340781e+00 3.1931994e+00 3.2253863e+00 2.9810401e+00 2.5957729e+00 2.0268980e+00 1.5263476e+00 1.4976583e+00 7.6874949e-01 5.7387427e-01 1.6502573e+00 8.1663027e-01 7.9485918e-04 9.5977383e-04 7.4756249e-04 8.4184557e-04 8.0266864e-04 1.3090635e+00 1.5080556e+00 1.5693400e+00
1.5019907e+01 1.4828533e+01 1.4659766e+01 1.4555912e+01 1.4381205e+01 1.4179039e+01 1.4061901e+01 1.3534492e+01 1.2243203e+01 1.1362607e+01 1.0636749e+01 1.0637679e+01 1.0400455e+01 9.9349859e+00 9.4213951e+00 8.7928515e+00 8.1315832e+00 7.2045083e+00 5.7403727e+00 4.2476810e+00 2.6697706e+00 1.8701949e+00 8.0747606e-01 1.5826951e-01 1.0443963e+00 1.5018133e+00 1.4563487e+00 1.3075162e+00 2.4687584e+00 3.2555962e+00 3.7104005e+00 3.9519944e+00 3.9590539e+00 3.6676728e+00 3.2022258e+00 2.5025993e+00 1.5916455e+00 1.1157580e+00 1.1530265e+00 1.3406351e+00 1.6337021e+00 1.5794114e+00 1.4030543e+00 1.4780641e+00 9.9492267e-01 5.5161856e-01 8.2676867e-01 8.4328061e-01 1.7889083e+00 1.8028183e+00
1.5638437e+01 1.5869844e+01 1.5612802e+01 1.5156821e+01 1.4780804e+01 1.4878907e+01 1.4359676e+01 1.4222543e+01 1.2156991e+01 1.0605685e+01 1.0571062e+01 1.0408761e+01 1.0080712e+01 9.8358224e+00 9.5028179e+00 9.0207951e+00 8.5304031e+00 7.8169529e+00 6.3930377e+00 4.7820692e+00 2.4495312e+00 1.4278835e+00 9.3398687e-01 8.1079649e-01 7.6066515e-01 2.0468451e+00 2.6693692e+00 3.1647365e+00 3.8033618e+00 4.3287012e+00 4.7120294e+00 4.9201202e+00 4.8985287e+00 4.6142238e+00 4.1958258e+00 3.6091084e+00 2.9398580e+00 2.4599157e+00 2.5400260e+00 2.5477766e+00 2.3956905e+00 2.1748500e+00 2.1080773e+00 1.9174071e+00 1.5950178e+00 6.4606713e-01 1.0653662e+00 1.7285776e+00 1.9900994e+00 2.0227507e+00
1.6818515e+01 1.6924059e+01 1.6021648e+01 1.5907969e+01 1.4921849e+01 1.5225354e+01 1.4660275e+01 1.2310656e+01 1.0743107e+01 1.0965063e+01 1.0620182e+01 1.0261723e+01 1.0053180e+01 9.9346223e+00 9.6835791e+00 9.2855137e+00 9.0312273e+00 8.8809754e+00 7.8701549e+00 6.7950456e+00 5.1973286e+00 2.5523518e+00 1.5375575e+00 1.5743132e+00 1.9013258e+00 3.3943786e+00 4.3861555e+00 4.8389288e+00 5.2441484e+00 5.6192253e+00 5.9059624e+00 6.0444317e+00 6.0092453e+00 5.7625995e+00 5.4218299e+00 4.9582975e+00 4.4248615e+00 4.0209974e+00 3.7828473e+00 3.5317470e+00 3.3036717e+00 2.9355441e+00 2.5445296e+00 2.1362996e+00 1.6497966e+00 1.5261899e+00 1.8373805e+00 2.0938079e+00 2.2118740e+00 2.2718587e+00
1.7136364e+01 1.7651667e+01 1.7181705e+01 1.6511798e+01 1.6348707e+01 1.4960842e+01 1.3385582e+01 8.6732224e+00 9.0905799e+00 9.2135566e+00 1.0316139e+01 1.0819302e+01 1.0146024e+01 1.0152017e+01 1.0064456e+01 9.6706491e+00 9.2172497e+00 9.7928865e+00 1.0022016e+01 9.3949619e+00 8.9795639e+00 6.8656075e+00 5.4168277e+00 5.6278086e+00 6.2544306e+00 7.0140206e+00 6.8591473e+00 6.6625913e+00 6.7373763e+00 6.9572090e+00 7.1622233e+00 7.2385403e+00 7.1865151e+00 7.0029903e+00 6.7202331e+00 6.3517102e+00 5.8606077e+00 5.6895035e+00 5.4722080e+00 4.8081542e+00 4.2559537e+00 3.7809451e+00 3.2982402e+00 2.8127041e+00 2.3182179e+00 2.0728192e+00 2.2157915e+00 2.4261435e+00 2.5550704e+00 2.5698358e+00
1.7275472e+01 1.5850301e+01 1.7550861e+01 1.7012377e+01 1.6758733e+01 1.5864885e+01 1.2061583e+01 1.0004606e+01 7.2991732e+00 6.2560567e+00 8.9976932e+00 1.1127324e+01 1.0056376e+01 1.0269173e+01 1.0593429e+01 1.0504632e+01 9.5659259e+00 1.0401614e+01 1.1508845e+01 1.1653160e+01 1.0772403e+01 1.0262845e+01 9.3785761e+00 9.5997108e+00 1.0095850e+01 1.0508671e+01 9.0334536e+00 8.0469154e+00 7.9004063e+00 8.0541297e+00 8.1893807e+00 8.2037949e+00 8.1337973e+00 8.0005040e+00 7.8038499e+00 7.4611452e+00 7.1554316e+00 6.0803145e+00 6.5218472e+00 5.8547440e+00 5.0932883e+00 4.5256203e+00 3.9788987e+00 3.4937422e+00 3.0376245e+00 2.7658361e+00 2.7372450e+00 2.8517893e+00 2.8970939e+00 2.8725580e+00
1.8535151e+01 1.7547668e+01 1.7898252e+01 1.7007065e+01 1.6839257e+01 1.5936917e+01 1.4062015e+01 1.3060481e+01 1.0629887e+01 1.1810469e+01 1.2387932e+01 1.2489825e+01 1.1705297e+01 1.1628436e+01 1.1426815e+01 1.1451784e+01 1.2015229e+01 1.2165056e+01 1.2231953e+01 1.1170948e+01 1.1248789e+01 1.1601246e+01 1.1570187e+01 1.1294739e+01 1.1479254e+01 1.0990843e+01 9.2355729e+00 8.7722786e+00 9.1534934e+00 9.3391404e+00 9.3921012e+00 9.2646292e+00 9.1734440e+00 9.1408040e+00 8.9844456e+00 8.7406034e+00 8.7649685e+00 4.9439817e+00 1.0490164e+00 5.8130723e+00 6.3649200e+00 5.5413035e+00 4.8470909e+00 4.3274860e+00 3.9046373e+00 3.6435248e+00 3.5930108e+00 3.4367588e+00 3.3150019e+00 3.2496708e+00
1.8565137e+01 1.7967412e+01 1.7045935e+01 1.7398706e+01 1.7142254e+01 1.6417169e+01 1.6803923e+01 1.4903756e+01 1.4504569e+01 1.4315969e+01 1.2640297e+01 9.2008463e+00 1.3371137e+01 1.3015158e+01 1.2460457e+01 1.2813683e+01 1.2975106e+01 1.2890570e+01 1.2766720e+01 1.2401995e+01 1.2170823e+01 1.1512372e+01 1.1571081e+01 1.0913850e+01 1.1940874e+01 1.1915414e+01 1.0338879e+01 9.8810545e+00 1.0361678e+01 1.0543346e+01 1.0744755e+01 1.0465726e+01 1.0291191e+01 1.0606934e+01 1.0672998e+01 1.0311517e+01 1.0537348e+01 8.6154366e+00 7.4807447e+00 7.4331960e+00 2.3000372e+00 1.8255484e+00 5.5969377e+00 5.4950008e+00 5.1118112e+00 3.9265191e+00 9.1993220e-01 3.3336890e+00 4.1136764e+00 3.8482426e+00
1.8433271e+01 1.7965706e+01 1.7100873e+01 1.8109634e+01 1.7714331e+01 1.7073946e+01 1.5949451e+01 1.4979584e+01 1.5452725e+01 1.2629407e+01 1.3403837e+01 1.0110820e+01 1.3052512e+01 1.4126791e+01 1.3748303e+01 1.3559574e+01 1.3403912e+01 1.3399483e+01 1.2961092e+01 1.2659684e+01 1.2506699e+01 1.2147126e+01 1.2008990e+01 1.0606262e+01 1.1649144e+01 1.1881290e+01 1.2009980e+01 1.1262812e+01 1.1783129e+01 1.1211634e+01 1.1056625e+01 1.0941542e+01 1.0762537e+01 1.0971287e+01 1.1387457e+01 1.0737315e+01 1.0833567e+01 1.1113947e+01 1.0267370e+01 9.0168440e+00 6.1781064e+00 5.6470054e+00 6.7750942e+00 6.3068756e+00 5.9944415e+00 4.6941903e+00 1.2408373e+00 3.7791278e+00 4.7575895e+00 4.3793578e+00
1.9151201e+01 1.8273033e+01 1.8506735e+01 1.8520566e+01 1.5351664e+01 1.7680664e+01 1.6386372e+01 1.5778591e+01 1.5760831e+01 1.3975240e+01 1.4681777e+01 1.3862286e+01 1.3975689e+01 1.5013115e+01 1.4319497e+01 1.4056303e+01 1.3999835e+01 1.4039064e+01 1.3746391e+01 1.3114969e+01 1.2859539e+01 1.2581313e+01 1.2309569e+01 1.1816894e+01 1.2319849e+01 1.2192796e+01 1.2058067e+01 1.1852030e+01 1.1978794e+01 1.1494681e+01 1.1289250e+01 1.0937591e+01 1.0498846e+01 1.0906777e+01 1.0051332e+01 1.0874135e+01 1.0898851e+01 1.0868819e+01 1.0264136e+01 9.5331921e+00 9.0132804e+00 8.3496770e+00 7.5726332e+00 7.0038504e+00 6.6255780e+00 6.2034853e+00 5.5908057e+00 5.6206217e+00 5.3231869e+00 4.9753093e+00
1.9428271e+01 1.9159334e+01 1.8818406e+01 1.8153332e+01 1.7012704e+01 1.7692706e+01 1.6978692e+01 1.6419956e+01 1.6230913e+01 1.5870753e+01 1.5928867e+01 1.5887959e+01 1.5602673e+01 1.5437412e+01 1.4956677e+01 1.4771062e+01 1.4271916e+01 1.3248970e+01 1.3378927e+01 1.3992250e+01 1.3374583e+01 1.3023311e+01 1.2993754e+01 1.2726629e+01 1.2647728e+01 1.1843872e+01 1.1444883e+01 1.2007359e+01 1.2279120e+01 1.1648681e+01 1.1360804e+01 1.1334781e+01 1.0217979e+01 9.8499114e+00 1.0979771e+01 1.1232145e+01 1.1178844e+01 1.0840882e+01 1.0396651e+01 9.8700232e+00 9.2628259e+00 8.6453515e+00 8.1155041e+00 7.6897012e+00 7.3045659e+00 7.0231743e+00 6.8053710e+00 6.4077404e+00 5.9448666e+00 5.5789662e+00
1.9148743e+01 1.8998655e+01 1.8240277e+01 1.8224102e+01 1.8210076e+01 1.7559657e+01 1.8033073e+01 1.7506328e+01 1.7185038e+01 1.7118115e+01 1.6737233e+01 1.6317462e+01 1.5944706e+01 1.5933913e+01 1.5485088e+01 1.4907517e+01 1.3891883e+01 1.2806501e+01 1.3777385e+01 1.4563097e+01 1.4014790e+01 1.3752219e+01 1.3636502e+01 1.3168374e+01 1.2949556e+01 1.2182009e+01 1.2315066e+01 1.2421269e+01 1.1818819e+01 1.2070794e+01 1.0974400e+01 1.0002198e+01 9.7435293e+00 9.2623558e+00 9.8760104e+00 1.0665193e+01 1.0507535e+01 1.0336569e+01 1.0482779e+01 1.0408279e+01 9.6538414e+00 9.1125779e+00 8.6309274e+00 8.2418491e+00 7.9147617e+00 7.6597182e+00 7.4039142e+00 7.0938472e+00 6.6423425e+00 6.1854255e+00
1.8569143e+01 1.8518497e+01 1.8846192e+01 1.8458247e+01 1.8325545e+01 1.8291581e+01 1.8146329e+01 1.8012028e+01 1.7842475e+01 1.7560173e+01 1.7150462e+01 1.6542736e+01 1.6405261e+01 1.5805835e+01 1.5497337e+01 1.5981728e+01 1.5161806e+01 1.4717427e+01 1.5177928e+01 1.5063775e+01 1.4661027e+01 1.4313108e+01 1.4004977e+01 1.3737929e+01 1.3375784e+01 1.3123169e+01 1.2034198e+01 1.2895610e+01 1.3221861e+01 1.1743131e+01 1.1812163e+01 1.1296595e+01 1.0669061e+01 1.0569812e+01 1.0275718e+01 1.0425507e+01 9.7480559e+00 8.7423507e+00 1.0725888e+01 1.0728254e+01 1.0119120e+01 9.6333381e+00 9.0378184e+00 8.6664476e+00 8.4484565e+00 8.2619245e+00 8.0829068e+00 7.8215452e+00 7.3950763e+00 6.9124099e+00
1.9662854e+01 1.9534488e+01 1.9198409e+01 1.8763652e+01 1.8558491e+01 1.8022086e+01 1.8068677e+01 1.8126335e+01 1.8041488e+01 1.7802105e+01 1.7431404e+01 1.7055429e+01 1.6812789e+01 1.6436253e+01 1.6227447e+01 1.6259262e+01 1.6159937e+01 1.5954461e+01 1.6197434e+01 1.5710775e+01 1.5205489e+01 1.4890489e+01 1.4730266e+01 1.4386494e+01 1.4184217e+01 1.4021341e+01 1.3567598e+01 1.3042241e+01 1.2580660e+01 9.8886721e+00 1.0521828e+01 1.0846075e+01 1.0966045e+01 1.1319941e+01 1.0876176e+01 1.0345687e+01 1.0201737e+01 1.0102573e+01 9.5997878e+00 1.0111538e+01 9.1440913e+00 8.6610473e+00 9.0136540e+00 9.1180197e+00 8.9506414e+00 8.8539929e+00 8.7493455e+00 8.5426921e+00 8.1449916e+00 7.6876963e+00
1.8974273e+01 1.9629639e+01 1.9478964e+01 1.9138745e+01 1.8936461e+01 1.8860727e+01 1.8687596e+01 1.8490278e+01 1.8094729e+01 1.7864419e+01 1.7664333e+01 1.7546356e+01 1.7637417e+01 1.7115949e+01 1.6121170e+01 1.6704551e+01 1.6573864e+01 1.5863446e+01 1.6245134e+01 1.6301500e+01 1.5881054e+01 1.5830683e+01 1.5212278e+01 1.4991885e+01 1.4547989e+01 1.4300498e+01 1.4416134e+01 1.4290809e+01 1.3897840e+01 1.1709076e+01 1.2739763e+01 1.2632784e+01 1.2067920e+01 1.1659231e+01 1.1331780e+01 1.0862653e+01 1.0539583e+01 9.8849579e+00 9.6284192e+00 8.2687167e+00 1.7590628e+00 1.9076630e+00 8.3307917e+00 9.4873411e+00 9.2658873e+00 9.3142372e+00 9.2852534e+00 9.1347495e+00 8.7775122e+00 8.3277638e+00
