ahotovec/data/depth_0026.asc
ncols     164
nrows     146
xllcorner -1.242151388888889e+02
yllcorner  4.172986111111111e+01
cellsize  2.777777777820000e-04
nodata_value       -9999
[rows 88 to 109 of 146, columns 100 to 149 of 164]
7.5704333e+00 6.5787958e+00 5.5787543e+00 6.0009170e+00 5.7141305e+00 4.9960429e+00 4.7670327e+00 4.6817962e+00 4.9797685e+00 6.4437884e+00 6.8349796e+00 5.8947013e+00 4.4342754e+00 3.9510548e+00 1.0447205e+00 1.0919108e+00 4.3559407e+00 5.4976729e+00 3.1908661e+00 8.8253507e-01 2.9388400e-02 1.2486402e-02 9.5658138e-04 5.6427196e-02 2.0404232e-01 3.9488285e-01 3.3610657e-01 2.2837816e-01 3.0776642e-02 4.2787005e-02 7.8027910e-02 1.9205942e-02 7.3224935e-03 6.6391186e-02 1.8209109e-01 1.9452027e-01 3.1374489e-01 1.9762651e-02 9.7928776e-04 9.8937006e-04 6.1038797e-02 2.9693633e-01 4.1672114e-01 2.5847735e-01 3.7641145e-01 4.3426259e-02 7.9786202e-04 6.8148525e-01 5.7879041e-01 6.3952521e-01
7.6260751e+00 7.3281161e+00 6.2488010e+00 5.9513210e+00 5.7855736e+00 5.5702941e+00 5.5177786e+00 6.2585344e+00 6.0342400e+00 6.1051931e+00 5.5972631e+00 5.7416841e+00 6.2066230e+00 6.4703687e+00 5.6025370e+00 4.9567350e+00 5.0997730e+00 5.6704170e+00 5.9519510e+00 4.6004663e+00 2.9757729e+00 7.2324325e-01 9.0231628e-04 4.4712195e-02 2.2436469e-02 1.1218523e-01 1.5107894e-01 1.4739659e-01 1.5707343e-01 1.0468765e-01 3.8626052e-02 1.8067572e-02 1.3159123e-01 2.9966405e-01 4.0232455e-01 3.2122550e-01 1.4530298e-01 9.9854680e-04 9.9950656e-04 9.5296618e-04 7.9335013e-04 9.7174288e-04 1.2172478e-02 7.8036006e-02 2.8310842e-01 3.3583376e-01 3.5278655e-01 3.6897071e-01 3.0124964e-01 3.5539272e-01
7.0373988e+00 7.0311292e+00 6.7970016e+00 6.6328635e+00 6.5840276e+00 6.9595937e+00 7.2907364e+00 6.9932179e+00 5.0724159e+00 4.6572107e+00 4.4141242e+00 4.7069188e+00 7.1298937e+00 7.5357834e+00 7.0919228e+00 6.9265521e+00 6.3770481e+00 6.1053936e+00 6.0857294e+00 5.9429796e+00 5.8430757e+00 5.3309165e+00 3.2506590e+00 4.6808878e-01 2.6689907e-03 8.2823616e-02 2.4381151e-01 2.0511846e-01 1.5246234e-01 9.3015551e-02 5.7800204e-02 2.4502641e-01 5.2642619e-01 5.8399844e-01 5.7464924e-01 4.6759427e-01 2.9526921e-01 3.0976094e-02 1.7635859e-03 3.5260602e-03 4.7002700e-03 1.2835923e-02 5.0539133e-02 2.9335163e-02 9.3860316e-04 9.3249657e-04 9.7263844e-04 4.3859669e-02 6.9375622e-02 5.3927389e-02
7.4474036e+00 7.5757841e+00 7.4360687e+00 7.3593673e+00 7.5984262e+00 7.2527674e+00 7.3018346e+00 7.7394089e+00 5.7636941e+00 4.9305667e+00 5.4576009e+00 4.4459845e+00 4.1758497e+00 6.3825943e+00 7.5639525e+00 7.2488315e+00 6.8062318e+00 6.7204282e+00 6.4720347e+00 6.1265415e+00 6.1478610e+00 5.9112597e+00 5.2141366e+00 5.0641597e+00 3.5250044e+00 2.3258935e-01 9.5171312e-02 1.7734945e-01 3.6371555e-02 4.2054144e-02 2.3375802e-01 5.3039913e-01 5.7795232e-01 6.3678280e-01 5.2843745e-01 4.4634618e-01 3.7368100e-01 2.9583208e-01 1.5155316e-01 9.8790144e-03 9.8094836e-03 2.7665418e-02 3.5316853e-02 1.5742220e-02 3.1098634e-03 2.9407521e-03 2.0571526e-03 8.8645417e-04 9.7354762e-04 8.5052177e-03
7.4321253e+00 7.5000436e+00 7.5535594e+00 7.8089684e+00 7.6005021e+00 7.2012534e+00 7.0544671e+00 7.1285889e+00 7.2438130e+00 6.2655457e+00 5.4350553e+00 6.1033245e+00 5.2790815e+00 6.7985394e+00 7.4975932e+00 7.3333636e+00 7.0319412e+00 7.0240663e+00 6.2471475e+00 6.0897477e+00 6.1772327e+00 5.5586559e+00 5.4358255e+00 5.8301370e+00 4.4102896e+00 8.2549457e-01 4.0142962e-02 4.7808215e-02 4.1940250e-02 1.0503251e-01 3.8608643e-01 4.6117358e-01 5.2446870e-01 6.2158052e-01 6.7302426e-01 5.1693892e-01 3.7315542e-01 2.5337393e-01 1.9798521e-01 1.0009444e-01 5.3508539e-02 2.6574671e-02 3.4993279e-02 1.2484358e-02 4.0048852e-03 6.4621543e-03 1.5943762e-02 2.3393358e-02 2.4358605e-02 3.5859093e-02
6.9106087e+00 6.9958899e+00 7.1774327e+00 7.4979090e+00 7.6654736e+00 7.0580670e+00 6.6963620e+00 7.0914202e+00 7.5409013e+00 8.0703599e+00 7.3238598e+00 7.6377251e+00 8.3128100e+00 8.2969706e+00 8.0656799e+00 7.6072522e+00 6.9593210e+00 6.5011121e+00 6.3341287e+00 6.1444141e+00 6.0597799e+00 4.5882131e+00 2.1790903e+00 3.4437907e+00 9.1641279e-01 6.8429598e-03 1.9969940e-02 5.6753880e-03 1.9506503e-02 9.2782219e-02 2.1641170e-01 2.1419473e-01 2.1830403e-01 2.2468491e-01 2.4542500e-01 2.4296396e-01 2.9563375e-01 2.6656719e-01 2.5487705e-01 1.9638788e-01 1.0343907e-01 3.8626941e-02 2.6861037e-02 1.4421633e-02 1.0911230e-02 1.4913741e-02 2.0647862e-02 2.3993376e-02 3.6104945e-02 4.9556193e-02
6.3210700e+00 6.6014406e+00 6.8857198e+00 7.2556153e+00 7.6672802e+00 7.9481087e+00 2.1804870e+00 4.3788213e+00 6.4712143e+00 8.5590077e+00 8.5282930e+00 8.2928560e+00 8.3740292e+00 8.5082650e+00 8.2916351e+00 8.0029626e+00 7.2815037e+00 6.7260987e+00 6.5746697e+00 6.3829460e+00 5.8250623e+00 5.2343536e+00 3.8700630e+00 2.0300200e-01 9.6908898e-04 5.9819568e-03 9.9222464e-04 9.9301939e-01 1.6274421e+00 8.7167506e-01 7.1970882e-01 4.4492632e-01 3.1917571e-01 3.4205462e-01 2.5974663e-01 2.3440734e-01 1.1825903e-01 9.1617188e-02 5.8427004e-02 7.0719131e-02 4.1883838e-02 1.5238984e-02 1.7206380e-03 1.0895935e-03 1.0376469e-03 1.1709853e-03 2.6436608e-03 1.4728511e-02 4.0751252e-02 5.9198148e-02
5.9568890e+00 6.2863087e+00 6.6444888e+00 7.0494013e+00 7.5013794e+00 8.0871354e+00 7.9274444e+00 6.9974335e+00 6.4112809e+00 7.9008538e+00 8.8943770e+00 9.0361183e+00 8.8348006e+00 8.6009702e+00 8.3998790e+00 8.2021229e+00 7.9763521e+00 7.6343120e+00 7.1316202e+00 6.4989284e+00 6.2530490e+00 4.3028473e+00 1.3162622e+00 9.0603898e-04 1.0751584e-02 8.4352973e-04 1.0382119e+00 3.4290781e+00 3.2352766e+00 2.9027994e+00 2.9410824e+00 2.8970080e+00 2.8274307e+00 2.9050020e+00 2.8599853e+00 2.7930971e+00 2.5822040e+00 2.6445220e+00 2.6603796e+00 2.3150199e+00 1.2621244e+00 9.3699291e-01 9.1953903e-01 1.0508299e+00 9.0927394e-01 8.9434853e-01 9.2376831e-01 1.0062678e+00 7.3401174e-01 3.1136819e-01
4.0983431e+00 4.5731711e+00 5.9071626e+00 6.9093577e+00 7.2885353e+00 7.8479375e+00 8.1079156e+00 7.9304334e+00 7.0706284e+00 6.5224082e+00 7.9947855e+00 8.7968440e+00 9.1005640e+00 8.7488167e+00 8.5838158e+00 8.5193319e+00 8.2418003e+00 7.9051943e+00 7.5898841e+00 6.6871674e+00 4.8633201e+00 1.5206886e+00 8.9974103e-04 6.1398657e-03 9.5294964e-04 1.8776855e+00 3.2410238e+00 3.4051267e+00 3.3952465e+00 3.3167685e+00 3.4820288e+00 3.5088484e+00 3.3907028e+00 3.3625266e+00 3.4830562e+00 3.4892046e+00 3.5288438e+00 3.5194832e+00 3.5749500e+00 3.4484121e+00 3.2125806e+00 3.1061430e+00 3.0902012e+00 3.1168015e+00 3.0850397e+00 3.0847207e+00 3.1029052e+00 3.0887913e+00 2.9929766e+00 2.7673723e+00
9.7558022e-01 3.2623387e-01 1.3670312e+00 5.7855003e+00 7.1126415e+00 7.8248251e+00 8.1594793e+00 8.2560038e+00 8.1059151e+00 7.0828348e+00 7.2351915e+00 8.1837481e+00 8.5853058e+00 8.5965015e+00 8.5927975e+00 8.5593171e+00 8.1061402e+00 7.4427235e+00 7.1130364e+00 5.7448864e+00 2.1006985e+00 7.1420851e-04 7.6291634e-03 8.3134222e-04 1.9271200e+00 3.7398696e+00 3.7962402e+00 3.8544823e+00 3.7821511e+00 3.6819951e+00 3.7324468e+00 3.7214210e+00 3.5887596e+00 3.5514048e+00 3.6396835e+00 3.7006668e+00 3.7307115e+00 3.7377973e+00 3.8278312e+00 3.7793229e+00 3.7107429e+00 3.6521864e+00 3.5899633e+00 3.5254884e+00 3.4977849e+00 3.4900139e+00 3.4895557e+00 3.4720256e+00 3.4360168e+00 3.3276243e+00
6.5046744e+00 5.2097617e+00 1.1699898e+00 1.7425791e+00 5.0227494e+00 7.5522823e+00 8.3839020e+00 8.4472437e+00 8.4277520e+00 7.9765974e+00 7.1867315e+00 7.3366240e+00 8.5027633e+00 8.6388589e+00 8.4609424e+00 8.3304067e+00 7.9503881e+00 7.2741211e+00 6.0956375e+00 2.4265119e+00 9.2437692e-03 9.9363970e-04 2.9361979e-03 1.1181321e+00 3.4575596e+00 3.6754664e+00 4.0644495e+00 4.2650937e+00 4.1736036e+00 4.1613312e+00 4.1359948e+00 3.9489645e+00 3.7675195e+00 3.7661869e+00 3.9384600e+00 4.0170643e+00 4.0148793e+00 4.0778109e+00 4.2670927e+00 4.1133382e+00 3.9634415e+00 3.8090001e+00 3.6829006e+00 3.5528369e+00 3.4933288e+00 3.5016952e+00 3.5310201e+00 3.5202965e+00 3.4904594e+00 3.4100097e+00
7.3592429e+00 7.1945872e+00 5.8686847e+00 1.4264471e+00 1.8877003e+00 6.4765513e+00 8.3557536e+00 8.4211026e+00 8.0872543e+00 7.6249656e+00 7.2093282e+00 7.6336435e+00 9.5062514e+00 9.0695148e+00 8.4206802e+00 8.1937907e+00 7.7993594e+00 6.0742554e+00 2.8155759e+00 6.6309083e-02 6.3174695e-03 6.7708065e-03 7.9957186e-01 3.4734239e+00 3.4545770e+00 3.4995103e+00 3.9438030e+00 4.1224474e+00 4.3354007e+00 4.5667987e+00 4.5542263e+00 4.3341056e+00 4.0623859e+00 4.0245505e+00 4.2586794e+00 4.3948240e+00 4.4700451e+00 4.4738799e+00 4.5550023e+00 4.3936713e+00 4.1781348e+00 4.0274882e+00 3.8409155e+00 3.6446178e+00 3.5313116e+00 3.5491491e+00 3.6162355e+00 3.6599448e+00 3.6451876e+00 3.5763160e+00
7.7842538e+00 7.4980719e+00 7.0394826e+00 5.3786007e+00 1.1246402e+00 2.0141357e+00 7.4706348e+00 8.3027309e+00 7.7935231e+00 7.5698720e+00 7.3514239e+00 8.3413908e+00 9.3834269e+00 9.0812698e+00 8.4834483e+00 8.2072615e+00 7.1380122e+00 2.7827123e+00 5.4615710e-02 2.0294741e-02 2.9464117e-02 5.7073461e-01 3.2098765e+00 3.5665260e+00 3.5586580e+00 3.6269310e+00 3.8504846e+00 4.1022235e+00 4.7114989e+00 4.8070832e+00 4.7308196e+00 4.5758214e+00 4.3824092e+00 4.3118910e+00 4.4220522e+00 4.5989859e+00 4.8008104e+00 4.6940382e+00 4.5857424e+00 4.5053424e+00 4.3627607e+00 4.2296609e+00 3.9754029e+00 3.8277782e+00 3.6383247e+00 3.5906646e+00 3.7138648e+00 3.7788470e+00 3.7671619e+00 3.6891501e+00
7.8931729e+00 7.6758403e+00 7.3446882e+00 6.8814087e+00 5.0031092e+00 8.2158722e-01 2.1630577e+00 5.6352094e+00 8.1270047e+00 7.4330301e+00 7.0206376e+00 7.5337464e+00 8.7367150e+00 8.7506448e+00 8.0456905e+00 7.6604944e+00 3.4759305e+00 9.8887172e-04 1.0234505e-02 2.9608954e-02 1.4738254e-01 2.9931480e+00 3.5689276e+00 3.5608989e+00 3.5375181e+00 3.6275590e+00 4.0470406e+00 4.4589764e+00 4.6542172e+00 4.8385968e+00 4.9293046e+00 4.7208611e+00 4.7656396e+00 4.6780683e+00 4.6475026e+00 4.6988143e+00 4.7958662e+00 4.7798581e+00 4.7267940e+00 4.8790825e+00 4.6891416e+00 4.4797636e+00 4.2666085e+00 4.0506560e+00 3.8757208e+00 3.8751709e+00 3.9608498e+00 3.9661651e+00 3.9854139e+00 3.8917689e+00
7.9527517e+00 7.7962701e+00 7.5689219e+00 7.2003655e+00 6.5926033e+00 3.5702730e+00 2.5812263e-01 9.9026507e-01 4.6087201e+00 5.7689020e+00 6.7623355e+00 6.8259097e+00 6.8978552e+00 7.5325118e+00 6.5689857e+00 3.4279761e+00 2.0229091e+00 9.7485422e-01 2.2276076e-01 5.1646626e-02 2.5411744e+00 3.0984274e+00 3.4916318e+00 3.8284128e+00 3.9276890e+00 4.1242105e+00 4.5426058e+00 4.7605348e+00 4.7042892e+00 5.0654820e+00 5.1533005e+00 4.8949653e+00 4.8308111e+00 4.9576412e+00 5.1134257e+00 5.2141531e+00 5.1005975e+00 4.9146407e+00 5.0589870e+00 5.6134088e+00 5.2087782e+00 4.9110279e+00 4.5028741e+00 4.3896784e+00 4.3899504e+00 4.4395566e+00 4.4140784e+00 4.3162660e+00 4.2458821e+00 4.1599025e+00
8.0813056e+00 7.9271072e+00 7.7435451e+00 7.5011047e+00 7.0981347e+00 6.5085317e+00 3.6212964e+00 7.6687674e-02 1.5850020e-01 8.3677363e-01 1.7807958e+00 4.4020462e+00 6.4597394e+00 6.6551149e+00 4.1191726e+00 3.9447051e+00 2.6943249e+00 4.2581561e-01 1.0811254e-01 2.5048162e+00 2.9270868e+00 3.1746271e+00 3.7269921e+00 4.1146825e+00 4.4229441e+00 4.5672663e+00 4.8617007e+00 4.9474901e+00 5.1480067e+00 5.5112540e+00 5.7125799e+00 5.3374955e+00 4.9763838e+00 5.4721086e+00 5.6979906e+00 5.8009528e+00 5.5742227e+00 5.4016863e+00 5.4626862e+00 5.5650108e+00 5.4030025e+00 5.1942055e+00 4.9505301e+00 4.8744323e+00 4.9466474e+00 5.0032323e+00 4.8534966e+00 4.6651299e+00 4.5313864e+00 4.4230771e+00
8.1361261e+00 8.0305815e+00 7.8676156e+00 7.6892008e+00 7.4847216e+00 7.1591714e+00 6.3240869e+00 2.6826287e+00 8.0969392e-04 2.9370439e-01 4.4343257e-01 6.8106285e-01 5.4453388e+00 3.5739089e+00 1.4118968e+00 3.0169477e+00 5.4375584e-01 1.8094990e-01 2.1036159e+00 3.2337148e+00 3.4844681e+00 3.8949800e+00 4.3859857e+00 4.6586424e+00 4.7242030e+00 4.8679589e+00 5.0554477e+00 5.0972907e+00 5.2959888e+00 5.9060699e+00 5.8483624e+00 5.5821785e+00 5.5208235e+00 5.8312535e+00 5.9271207e+00 5.7880492e+00 5.7077066e+00 5.8046140e+00 5.9636618e+00 5.8398920e+00 5.6720585e+00 5.5604800e+00 5.4763448e+00 5.3774489e+00 5.3729513e+00 5.3364367e+00 5.1705616e+00 4.9898246e+00 4.7872272e+00 4.6456189e+00
8.3193573e+00 8.1525177e+00 8.0699974e+00 7.9414522e+00 7.7832088e+00 7.3424553e+00 6.5385293e+00 3.9601952e+00 1.3188460e+00 4.3378971e-03 2.3006414e-02 4.0334258e-01 1.8812005e+00 2.8773769e-01 3.7547356e-02 3.4280774e-01 1.5593303e-01 1.8951505e+00 2.8402809e+00 3.4396046e+00 4.0962244e+00 4.5204454e+00 4.8160943e+00 4.8265445e+00 4.8302607e+00 5.1837216e+00 5.4424804e+00 5.3558109e+00 5.1964539e+00 5.7820179e+00 5.9183230e+00 5.8725956e+00 6.0267665e+00 6.0019268e+00 5.5398145e+00 5.0808852e+00 5.3772827e+00 5.7406920e+00 6.0263611e+00 5.9916539e+00 5.9226858e+00 5.8747497e+00 5.9229818e+00 5.8430038e+00 5.7703772e+00 5.6829041e+00 5.5520588e+00 5.3430535e+00 5.2016808e+00 4.9766778e+00
8.4038684e+00 8.3469343e+00 8.1657394e+00 8.0818589e+00 7.9267164e+00 7.7632871e+00 6.8993103e+00 4.8015727e+00 3.1659985e+00 7.5868968e-04 1.0041995e-03 1.1613126e-02 3.2491579e-03 3.1859132e-03 3.9647742e-02 5.8661009e-02 2.2875054e+00 2.8595976e+00 2.8226660e+00 3.3251845e+00 4.0864455e+00 4.7777008e+00 5.1204361e+00 5.2091186e+00 5.1950105e+00 5.4552842e+00 5.9741558e+00 5.8180144e+00 5.8068578e+00 6.1793220e+00 6.3025262e+00 6.3199251e+00 6.3305053e+00 6.1097378e+00 5.2491554e+00 4.3659262e+00 4.8859565e+00 5.5203702e+00 5.9956004e+00 6.1756747e+00 6.1657544e+00 6.0403070e+00 6.1610595e+00 6.1832725e+00 6.1493518e+00 6.0837945e+00 5.9951441e+00 5.8455942e+00 5.6476588e+00 5.4048495e+00
8.4500087e+00 8.4473331e+00 8.3934914e+00 8.1712385e+00 8.0755503e+00 8.0229928e+00 5.8462519e+00 3.3996565e+00 4.6300765e-01 9.9848556e-04 1.4888723e-03 2.7318149e-03 5.4053865e-03 5.0327929e-03 1.2626065e-02 9.4939267e-01 2.6306127e+00 2.4513903e+00 1.5627362e+00 0.0000000e+00 1.7435135e-01 3.9322809e+00 5.2257940e+00 5.6050365e+00 5.6776789e+00 5.5265675e+00 5.8300174e+00 5.9703758e+00 6.2564571e+00 6.5871624e+00 6.4829380e+00 6.3058463e+00 6.3373500e+00 6.3098383e+00 5.6228905e+00 4.8921300e+00 5.0774939e+00 5.5371589e+00 6.0550801e+00 6.3395004e+00 6.5525962e+00 6.4054247e+00 6.4750926e+00 6.5219975e+00 6.5067668e+00 6.5026253e+00 6.5531832e+00 6.2821217e+00 6.0144662e+00 5.8443220e+00
8.4620868e+00 8.4921361e+00 8.5173788e+00 8.4928552e+00 8.3278869e+00 7.7727065e+00 3.7616376e-03 0.0000000e+00 8.5107101e-04 9.7229550e-04 9.9946853e-04 0.0000000e+00 0.0000000e+00 6.1754949e-03 5.9785571e-03 9.7496523e-04 2.1105400e-01 6.1825719e-04 8.2886177e-04 8.5531285e-03 1.0984898e+00 4.1163752e+00 5.3959423e+00 6.0141960e+00 5.9755896e+00 5.8453279e+00 5.8619106e+00 5.9355699e+00 6.3771257e+00 6.5688366e+00 6.2220014e+00 5.5233702e+00 5.8481520e+00 6.1295124e+00 5.8687240e+00 5.5685380e+00 5.5559149e+00 5.7523983e+00 6.1135576e+00 6.4034513e+00 6.6330158e+00 6.6711638e+00 6.7378651e+00 6.8420562e+00 6.8443791e+00 6.8380889e+00 6.8354876e+00 6.6060463e+00 6.4108135e+00 6.2619003e+00
8.4987460e+00 8.4707609e+00 8.5254864e+00 8.5365721e+00 8.5185750e+00 8.1368993e+00 2.0714275e+00 9.7579709e-04 9.9647466e-04 9.8100050e-04 9.9921001e-04 0.0000000e+00 0.0000000e+00 9.8539283e-04 3.3558912e-02 2.1608819e+00 3.3315871e+00 2.8224310e+00 2.4122480e+00 3.7247124e+00 4.9824087e+00 5.5037126e+00 5.8972078e+00 6.1545028e+00 6.0420617e+00 6.0780986e+00 5.9839085e+00 5.9682067e+00 6.2583552e+00 6.4454656e+00 5.9620041e+00 4.6868307e+00 5.2784682e+00 6.0020589e+00 6.1434478e+00 6.0929665e+00 6.0025810e+00 5.9932511e+00 6.2316794e+00 6.4883989e+00 6.6709102e+00 6.7874961e+00 6.9060881e+00 7.0770925e+00 7.0830372e+00 7.0423709e+00 6.9982416e+00 6.8433780e+00 6.6938796e+00 6.6334507e+00
