ahotovec/data/depth_0020.asc
ncols     164
nrows     146
xllcorner -1.242151388888889e+02
yllcorner  4.172986111111111e+01
cellsize  2.777777777820000e-04
nodata_value       -9999
[rows 110 to 131 of 146, columns 0 to 49 of 164]
2.0084483e+01 2.0134121e+01 1.9454323e+01 1.9719280e+01 1.9429171e+01 1.9307262e+01 1.9186105e+01 1.8676892e+01 1.8411929e+01 1.8081258e+01 1.7946580e+01 1.8032097e+01 1.7889202e+01 1.6810865e+01 1.7728013e+01 1.7895713e+01 1.7213853e+01 1.6527827e+01 1.6701303e+01 1.6671856e+01 1.6571816e+01 1.5273992e+01 1.4673015e+01 1.5049480e+01 1.5113705e+01 1.4850648e+01 1.4770457e+01 1.4148821e+01 1.4391420e+01 1.3953899e+01 1.3456799e+01 1.2840471e+01 1.2713177e+01 1.2326954e+01 1.1677397e+01 1.1259685e+01 1.0984304e+01 1.0156731e+01 9.7741216e+00 8.7644376e+00 4.9815348e+00 5.1498433e+00 9.4445888e+00 9.6563642e+00 9.6893156e+00 1.0001403e+01 1.0312664e+01 1.0051840e+01 9.8440899e+00 9.4203019e+00
2.0063431e+01 2.0008356e+01 1.9901719e+01 1.9889459e+01 1.9606231e+01 1.8908174e+01 1.8708502e+01 1.8880949e+01 1.8714797e+01 1.8453418e+01 1.8340309e+01 1.8284178e+01 1.8111493e+01 1.7530691e+01 1.8493863e+01 1.8590998e+01 1.7954135e+01 1.8003933e+01 1.7624376e+01 1.7364367e+01 1.6827300e+01 1.5512795e+01 1.5867591e+01 1.6197140e+01 1.6029710e+01 1.5602761e+01 1.5337261e+01 1.4968604e+01 1.4724542e+01 1.4722693e+01 1.4654701e+01 1.3555926e+01 1.3390881e+01 1.2875243e+01 1.2411490e+01 1.1762287e+01 1.1295499e+01 1.1066437e+01 1.0287123e+01 1.0458030e+01 1.0232391e+01 9.5190555e+00 9.7189956e+00 9.7957515e+00 9.9977095e+00 1.0839147e+01 1.1242782e+01 1.0798025e+01 1.0486255e+01 9.9722543e+00
2.0126298e+01 2.0022538e+01 2.0001327e+01 1.9810803e+01 1.9811078e+01 1.9613246e+01 1.9407611e+01 1.9196729e+01 1.9036322e+01 1.8825005e+01 1.8727570e+01 1.8683936e+01 1.8745231e+01 1.8793399e+01 1.8762579e+01 1.8775241e+01 1.8443945e+01 1.8262081e+01 1.7634774e+01 1.7504688e+01 1.6719833e+01 1.7322957e+01 1.7444687e+01 1.7281417e+01 1.6833276e+01 1.6494539e+01 1.6273270e+01 1.5735702e+01 1.5222707e+01 1.4907601e+01 1.4792409e+01 1.4769256e+01 1.4129871e+01 1.2956806e+01 1.2593040e+01 1.2401599e+01 1.1367244e+01 1.0496943e+01 9.9378345e+00 1.0518937e+01 1.0319977e+01 9.6836652e+00 9.6315173e+00 9.9964063e+00 1.0711739e+01 1.1773911e+01 1.1681215e+01 1.0394100e+01 9.4948373e+00 9.6592498e+00
2.0283838e+01 2.0177692e+01 2.0114690e+01 2.0092254e+01 1.9918980e+01 1.9732422e+01 1.9589952e+01 1.9454390e+01 1.9336964e+01 1.9253028e+01 1.9170063e+01 1.9161187e+01 1.9138581e+01 1.9084984e+01 1.8973917e+01 1.8954205e+01 1.8737534e+01 1.8423868e+01 1.8316122e+01 1.8331329e+01 1.8422451e+01 1.8315466e+01 1.8015369e+01 1.7708651e+01 1.7499175e+01 1.7201981e+01 1.6102623e+01 1.4653167e+01 1.5970195e+01 1.5422866e+01 1.5015341e+01 1.4849351e+01 1.3999855e+01 1.3933822e+01 1.3758217e+01 1.2722455e+01 1.1494727e+01 1.0126428e+01 9.1099480e+00 9.1917430e+00 9.4767923e+00 8.8398707e+00 8.6688824e+00 9.9703020e+00 1.1650993e+01 1.2129183e+01 1.2216616e+01 1.2019011e+01 1.1475799e+01 1.2240549e+01
2.0396198e+01 2.0312595e+01 2.0238184e+01 2.0170554e+01 2.0060629e+01 1.9933717e+01 1.9843682e+01 1.9783513e+01 1.9760612e+01 1.9704343e+01 1.9560959e+01 1.9511101e+01 1.8075635e+01 1.6681351e+01 1.9539451e+01 1.9085526e+01 1.8869122e+01 1.8805628e+01 1.8744422e+01 1.8711744e+01 1.8811640e+01 1.8692177e+01 1.8437373e+01 1.8170585e+01 1.7964416e+01 1.7735913e+01 1.7327378e+01 1.6962158e+01 1.6954918e+01 1.5519831e+01 1.5628089e+01 1.4372556e+01 1.4531454e+01 1.4019053e+01 1.4073636e+01 1.0701298e+01 1.1012735e+01 9.8251720e+00 6.2386512e+00 9.9491165e+00 1.0096621e+01 9.7960974e+00 8.8397852e+00 1.1121647e+01 1.2479553e+01 1.2739975e+01 1.1862899e+01 1.2815381e+01 1.2886696e+01 1.2901160e+01
2.0540034e+01 2.0461757e+01 2.0397064e+01 2.0304263e+01 2.0243832e+01 2.0168823e+01 2.0096019e+01 2.0029895e+01 1.9538924e+01 1.4179291e+01 1.9743290e+01 1.9817600e+01 1.9850762e+01 1.9663150e+01 1.9705926e+01 1.9469280e+01 1.9276932e+01 1.9187874e+01 1.9172724e+01 1.9258672e+01 1.9367618e+01 1.9300796e+01 1.9097074e+01 1.8548019e+01 1.8544246e+01 1.7972482e+01 1.8259636e+01 1.8260398e+01 1.8126287e+01 1.6939125e+01 1.6462554e+01 1.4188376e+01 1.4931602e+01 1.5833556e+01 1.4301798e+01 9.6303891e+00 8.9486522e+00 1.0379730e+01 1.1169474e+01 1.0258962e+01 1.0574426e+01 1.1036504e+01 1.1772915e+01 1.2704830e+01 1.2640144e+01 1.3466377e+01 1.2981038e+01 1.3322114e+01 1.3331762e+01 1.3526971e+01
2.0675466e+01 2.0624340e+01 2.0567656e+01 2.0484138e+01 2.0419424e+01 2.0366633e+01 2.0319716e+01 2.0245432e+01 2.0077259e+01 1.7742339e+01 2.0027879e+01 2.0150661e+01 2.0011341e+01 1.9888560e+01 1.9752227e+01 1.9638215e+01 1.9550130e+01 1.9478453e+01 1.9425245e+01 1.9626640e+01 1.8716085e+01 1.9488901e+01 1.9297760e+01 1.9078233e+01 1.8642745e+01 1.8670644e+01 1.7862445e+01 1.8653532e+01 1.8592358e+01 1.8431718e+01 1.7286494e+01 1.7145790e+01 1.6939320e+01 1.6465337e+01 1.5665905e+01 1.1709308e+01 1.1357594e+01 1.0506787e+01 1.0752317e+01 1.1377469e+01 1.1679769e+01 1.1886830e+01 1.2506732e+01 1.3219867e+01 1.3218873e+01 1.3736528e+01 1.3942569e+01 1.3696542e+01 1.3934903e+01 1.4156574e+01
2.0848906e+01 2.0775499e+01 2.0723187e+01 2.0637949e+01 2.0573873e+01 2.0521069e+01 2.0485941e+01 2.0468217e+01 2.0465063e+01 2.0471742e+01 2.0386593e+01 2.0251472e+01 2.0146503e+01 2.0033397e+01 1.9911236e+01 1.9807988e+01 1.9754682e+01 1.9551766e+01 1.9543478e+01 1.9767844e+01 1.9581020e+01 2.0013918e+01 1.9692512e+01 1.9772871e+01 1.9095239e+01 1.8895826e+01 1.6281426e+01 1.8034861e+01 1.8817777e+01 1.8404079e+01 1.7670763e+01 1.6506463e+01 1.7374438e+01 1.6373997e+01 1.6038226e+01 1.5511950e+01 1.5673050e+01 1.3842606e+01 1.2192179e+01 1.2576889e+01 1.2141976e+01 1.2270631e+01 1.3452598e+01 1.3597101e+01 1.3803608e+01 1.4558049e+01 1.4612677e+01 1.4523507e+01 1.4472189e+01 1.4556793e+01
2.1092354e+01 2.1018652e+01 2.0929493e+01 2.0842444e+01 2.0731355e+01 2.0691792e+01 2.0610390e+01 2.0619037e+01 2.0575684e+01 2.0525014e+01 2.0470118e+01 2.0381778e+01 2.0273659e+01 2.0186678e+01 2.0096085e+01 1.9992464e+01 1.9927258e+01 1.9861720e+01 1.9817231e+01 1.9794622e+01 1.9845237e+01 1.9839460e+01 1.9739201e+01 1.9652584e+01 1.9493433e+01 1.9527966e+01 1.8544250e+01 1.8937843e+01 1.9432939e+01 1.8993923e+01 1.8485087e+01 1.8136865e+01 1.8110101e+01 1.7174676e+01 1.5791570e+01 1.5738820e+01 1.5381959e+01 1.4679729e+01 1.4704642e+01 1.4005610e+01 1.3147720e+01 1.3668962e+01 1.4323597e+01 1.4456289e+01 1.4639906e+01 1.4731852e+01 1.4108155e+01 1.4989251e+01 1.4915984e+01 1.5037911e+01
2.1249452e+01 2.1170575e+01 2.1104203e+01 2.1044496e+01 2.0994748e+01 2.0894594e+01 2.0819518e+01 2.0769397e+01 2.0703162e+01 2.0644667e+01 2.0571729e+01 2.0504658e+01 2.0448431e+01 2.0349880e+01 2.0258281e+01 2.0164780e+01 2.0082081e+01 2.0014654e+01 1.9960491e+01 1.9902745e+01 1.9870367e+01 1.9915776e+01 2.0051209e+01 1.9573353e+01 1.9575883e+01 1.9674885e+01 1.9809617e+01 1.9928494e+01 1.9670827e+01 1.9307365e+01 1.8987309e+01 1.8444060e+01 1.8434686e+01 1.8455533e+01 1.6195078e+01 1.6536745e+01 1.6562682e+01 1.5521094e+01 1.5279983e+01 1.5068535e+01 1.4089814e+01 1.3550940e+01 1.5261895e+01 1.4974494e+01 1.5049574e+01 1.5750777e+01 1.5934333e+01 1.5379651e+01 1.5283007e+01 1.5265254e+01
2.1417504e+01 2.1363932e+01 2.1300090e+01 2.1231112e+01 2.1147642e+01 2.1047702e+01 2.0995123e+01 2.0969437e+01 2.0926358e+01 2.0888426e+01 2.0778835e+01 2.0634260e+01 2.0566523e+01 2.0522558e+01 2.0438508e+01 2.0363290e+01 2.0281449e+01 2.0191802e+01 2.0096337e+01 1.9978220e+01 2.0020115e+01 2.0003204e+01 2.0033577e+01 2.0083685e+01 1.9909227e+01 1.9381723e+01 1.7691921e+01 1.6796750e+01 1.9733202e+01 1.9237458e+01 1.9478806e+01 1.9352549e+01 1.9138809e+01 1.7477384e+01 1.8116683e+01 1.7152552e+01 1.5969694e+01 1.5543342e+01 1.3721133e+01 1.3301277e+01 1.4435371e+01 1.4465779e+01 1.6029095e+01 1.5031490e+01 1.4682217e+01 1.5990463e+01 1.6051804e+01 1.5862104e+01 1.5677091e+01 1.5589850e+01
2.1625349e+01 2.1542429e+01 2.1482767e+01 2.1414616e+01 2.1357806e+01 2.1296310e+01 2.1205861e+01 2.1135936e+01 2.1086896e+01 2.1093092e+01 2.1057872e+01 2.0880084e+01 2.0765552e+01 2.0676488e+01 2.0623466e+01 2.0559211e+01 2.0491898e+01 2.0401470e+01 2.0275056e+01 2.0158074e+01 2.0202312e+01 2.0169265e+01 2.0151004e+01 2.0149595e+01 2.0097816e+01 2.0078153e+01 2.0148349e+01 1.9297891e+01 1.9524750e+01 2.0154866e+01 1.9755099e+01 1.9648225e+01 1.9234136e+01 1.8550977e+01 1.8935139e+01 1.7183492e+01 1.5780288e+01 1.5825723e+01 1.5364934e+01 1.3833405e+01 1.0957983e+01 1.0336754e+01 1.5726529e+01 1.6624736e+01 1.5473741e+01 1.6625424e+01 1.6286939e+01 1.6114968e+01 1.6014790e+01 1.5936003e+01
2.1821840e+01 2.1757787e+01 2.1702126e+01 2.1631057e+01 2.1540369e+01 2.1457114e+01 2.1372466e+01 2.1317594e+01 2.1285115e+01 2.1213753e+01 2.1129855e+01 2.1052285e+01 2.0981767e+01 2.0886337e+01 2.0795020e+01 2.0720344e+01 2.0650037e+01 2.0582030e+01 2.0508288e+01 2.0419445e+01 2.0366471e+01 2.0323979e+01 2.0306710e+01 2.0267494e+01 2.0160673e+01 2.0392127e+01 2.0527553e+01 2.0159596e+01 2.0729199e+01 2.0243785e+01 1.9990535e+01 1.9925917e+01 1.9512189e+01 1.8433065e+01 1.8676523e+01 1.7270851e+01 1.6001086e+01 1.6346719e+01 1.4550407e+01 1.2653017e+01 1.1586518e+01 9.5569785e+00 1.5722501e+01 1.7860059e+01 1.6615090e+01 1.6900921e+01 1.6603019e+01 1.6442829e+01 1.6373813e+01 1.6344767e+01
2.1977323e+01 2.1932838e+01 2.1884392e+01 2.1846384e+01 2.1773553e+01 2.1673361e+01 2.1587048e+01 2.1497287e+01 2.1443243e+01 2.1374018e+01 2.1313540e+01 2.1237471e+01 2.1156729e+01 2.1076732e+01 2.1003305e+01 2.0935463e+01 2.0875320e+01 2.0787966e+01 2.0714021e+01 2.0637194e+01 2.0563004e+01 2.0513781e+01 2.0484927e+01 2.0480045e+01 2.0516777e+01 2.0529086e+01 2.0311932e+01 2.0012954e+01 2.0437114e+01 2.0465025e+01 2.0132804e+01 2.0054581e+01 1.9756125e+01 2.0037636e+01 1.9414736e+01 1.8831239e+01 1.7659346e+01 1.5504984e+01 1.4197228e+01 1.1483872e+01 9.6492356e+00 1.2359253e+01 1.7580066e+01 1.7871880e+01 1.7356880e+01 1.7061389e+01 1.6899591e+01 1.6775707e+01 1.6693834e+01 1.6657140e+01
2.2210258e+01 2.2131926e+01 2.2076196e+01 2.2007537e+01 2.1955505e+01 2.1873341e+01 2.1806572e+01 2.1730496e+01 2.1652924e+01 2.1577007e+01 2.1505484e+01 2.1442688e+01 2.1353667e+01 2.1281692e+01 2.1193154e+01 2.1143549e+01 2.1079342e+01 2.1010929e+01 2.0939664e+01 2.0820105e+01 2.0738548e+01 2.0718627e+01 2.0695645e+01 2.0661740e+01 2.0650670e+01 2.0675692e+01 2.0797146e+01 2.0861231e+01 2.0926057e+01 2.0738604e+01 2.0377056e+01 2.0229547e+01 2.0032671e+01 2.0323151e+01 2.0330043e+01 1.9293277e+01 1.8143031e+01 1.7674622e+01 1.6834466e+01 1.3845011e+01 1.4798327e+01 1.5873866e+01 1.8333183e+01 1.7912233e+01 1.7580341e+01 1.7368656e+01 1.7253038e+01 1.7104802e+01 1.6991567e+01 1.6872810e+01
2.2458900e+01 2.2344491e+01 2.2298574e+01 2.2211248e+01 2.2148293e+01 2.2065767e+01 2.1985215e+01 2.1916735e+01 2.1842108e+01 2.1771561e+01 2.1708092e+01 2.1668484e+01 2.1586461e+01 2.1493773e+01 2.1388692e+01 2.1326798e+01 2.1262599e+01 2.1205187e+01 2.1108532e+01 2.1013402e+01 2.0961895e+01 2.0930314e+01 2.0899312e+01 2.0842806e+01 2.0812255e+01 2.0822308e+01 2.0856681e+01 2.0893822e+01 2.0942693e+01 2.0918874e+01 2.0124948e+01 2.0479630e+01 2.0452592e+01 2.0423512e+01 2.0354451e+01 1.9893659e+01 1.8982724e+01 1.7994589e+01 1.8573336e+01 1.9070408e+01 1.7657490e+01 1.8425717e+01 1.8529310e+01 1.8205404e+01 1.7932580e+01 1.7713713e+01 1.7550525e+01 1.7400941e+01 1.7279708e+01 1.7145458e+01
2.2684946e+01 2.2555073e+01 2.2502019e+01 2.2422362e+01 2.2383491e+01 2.2332986e+01 2.2213555e+01 2.2119542e+01 2.2019575e+01 2.1945472e+01 2.1876326e+01 2.1846578e+01 2.1798618e+01 2.1710791e+01 2.1612233e+01 2.1525994e+01 2.1449322e+01 2.1355609e+01 2.1275075e+01 2.1232492e+01 2.1183888e+01 2.1125294e+01 2.1071697e+01 2.1033864e+01 2.0993788e+01 2.0962883e+01 2.0934348e+01 2.0917097e+01 2.0921786e+01 2.0884859e+01 2.0767257e+01 2.0655181e+01 2.0564559e+01 2.0510911e+01 2.0458674e+01 2.0346171e+01 2.0491099e+01 2.0239887e+01 2.0118174e+01 1.9727427e+01 1.9593871e+01 1.9258638e+01 1.8886875e+01 1.8565084e+01 1.8309256e+01 1.8094305e+01 1.7900179e+01 1.7733522e+01 1.7600486e+01 1.7468062e+01
2.2900846e+01 2.2794585e+01 2.2672751e+01 2.2645381e+01 2.2569190e+01 2.2559809e+01 2.2489886e+01 2.2334634e+01 2.2241104e+01 2.2130023e+01 2.2053331e+01 2.1990459e+01 2.1954167e+01 2.1893089e+01 2.1822337e+01 2.1732944e+01 2.1655387e+01 2.1568400e+01 2.1509240e+01 2.1433742e+01 2.1371642e+01 2.1313341e+01 2.1245741e+01 2.1202127e+01 2.1156846e+01 2.1117034e+01 2.1059938e+01 2.1028675e+01 2.0980637e+01 2.0916142e+01 2.0817643e+01 2.0748621e+01 2.0700373e+01 2.0658628e+01 2.0604599e+01 2.0566915e+01 2.0574930e+01 2.0433674e+01 2.0290590e+01 2.0065168e+01 1.9768457e+01 1.9417514e+01 1.9154633e+01 1.8914792e+01 1.8682369e+01 1.8459142e+01 1.8246608e+01 1.8068677e+01 1.7913965e+01 1.7786971e+01
2.3088507e+01 2.3024393e+01 2.2881801e+01 2.2824975e+01 2.2767236e+01 2.2716546e+01 2.2714603e+01 2.2579017e+01 2.2436979e+01 2.2342878e+01 2.2237053e+01 2.2189424e+01 2.2127899e+01 2.2051728e+01 2.1982712e+01 2.1917256e+01 2.1827718e+01 2.1775707e+01 2.1720775e+01 2.1657331e+01 2.1579873e+01 2.1506386e+01 2.1427386e+01 2.1356009e+01 2.1304465e+01 2.1256033e+01 2.1211526e+01 2.1158915e+01 2.1087750e+01 2.1009774e+01 2.0920757e+01 2.0841684e+01 2.0794406e+01 2.0798101e+01 2.0669452e+01 2.0671014e+01 2.0532894e+01 2.0464704e+01 2.0272761e+01 2.0044017e+01 2.0022802e+01 1.9641322e+01 1.9368052e+01 1.9154687e+01 1.8951738e+01 1.8761420e+01 1.8573422e+01 1.8378031e+01 1.8227058e+01 1.8091064e+01
2.3254769e+01 2.3235419e+01 2.3111164e+01 2.3005176e+01 2.2984933e+01 2.2897158e+01 2.2874663e+01 2.2820121e+01 2.2669848e+01 2.2570535e+01 2.2496939e+01 2.2411693e+01 2.2307856e+01 2.2252972e+01 2.2171616e+01 2.2060261e+01 2.1999725e+01 2.1934921e+01 2.1874037e+01 2.1815496e+01 2.1760174e+01 2.1691184e+01 2.1627183e+01 2.1548480e+01 2.1474454e+01 2.1411093e+01 2.1359616e+01 2.1294757e+01 2.1217487e+01 2.1139652e+01 2.1066824e+01 2.0974562e+01 2.0907807e+01 2.0906036e+01 2.0908857e+01 2.0263034e+01 2.0729464e+01 2.0547840e+01 2.0347229e+01 2.0231695e+01 2.0077059e+01 1.9836416e+01 1.9579961e+01 1.9379057e+01 1.9176396e+01 1.8987100e+01 1.8805153e+01 1.8653301e+01 1.8524122e+01 1.8419680e+01
2.3428966e+01 2.3422020e+01 2.3366514e+01 2.3220615e+01 2.3147746e+01 2.3101876e+01 2.3035522e+01 2.3032024e+01 2.2926336e+01 2.2787802e+01 2.2715961e+01 2.2639920e+01 2.2552623e+01 2.2416025e+01 2.2314278e+01 2.2243138e+01 2.2158717e+01 2.2104265e+01 2.2021343e+01 2.1954058e+01 2.1901155e+01 2.1833498e+01 2.1786790e+01 2.1740507e+01 2.1663158e+01 2.1591971e+01 2.1523239e+01 2.1447636e+01 2.1366039e+01 2.1265219e+01 2.1194738e+01 2.1112214e+01 2.1045283e+01 2.0997740e+01 2.1000082e+01 2.1063756e+01 2.1053311e+01 2.0768997e+01 2.0525502e+01 2.0361496e+01 2.0232060e+01 1.9977921e+01 1.9765189e+01 1.9593316e+01 1.9412315e+01 1.9217419e+01 1.9028654e+01 1.8869949e+01 1.8725486e+01 1.8477555e+01
2.3621930e+01 2.3600869e+01 2.3576566e+01 2.3476264e+01 2.3344293e+01 2.3313649e+01 2.3218948e+01 2.3210999e+01 2.3170504e+01 2.3014612e+01 2.2915299e+01 2.2834889e+01 2.2795696e+01 2.2646509e+01 2.2518900e+01 2.2438060e+01 2.2356008e+01 2.2276770e+01 2.2191231e+01 2.2092232e+01 2.2055594e+01 2.1976913e+01 2.1917538e+01 2.1859810e+01 2.1812331e+01 2.1750044e+01 2.1697778e+01 2.1625081e+01 2.1541351e+01 2.1439734e+01 2.1339795e+01 2.1264737e+01 2.1188349e+01 2.1142181e+01 2.1116317e+01 2.1066284e+01 2.1121247e+01 2.0932218e+01 2.0795698e+01 2.0372128e+01 2.0389608e+01 2.0158018e+01 1.9962568e+01 1.9773903e+01 1.9591836e+01 1.9411775e+01 1.9221285e+01 1.9071329e+01 1.8911310e+01 1.8734049e+01
