ahotovec/data/depth_0006.asc
ncols     164
nrows     146
xllcorner -1.242151388888889e+02
yllcorner  4.172986111111111e+01
cellsize  2.777777777820000e-04
nodata_value       -9999
[rows 88 to 109 of 146, columns 0 to 49 of 164]
1.0200705e+01 1.0221679e+01 1.0102973e+01 9.6797995e+00 9.5560101e+00 9.7483131e+00 9.3196169e+00 9.2071267e+00 9.0209060e+00 8.8055387e+00 8.5733485e+00 8.3415400e+00 8.1195277e+00 7.8832250e+00 7.6175221e+00 7.3401912e+00 7.0309483e+00 6.6114580e+00 6.0041315e+00 5.3714249e+00 4.5560215e+00 3.7274488e+00 3.0583210e+00 2.5262657e+00 1.9998765e+00 1.5554064e+00 1.2346719e+00 9.0106217e-04 0.0000000e+00 1.4057198e+00 1.6056414e+00 1.8517500e+00 1.5816819e+00 1.0741876e+00 1.3015771e+00 1.2919794e+00 1.3327352e+00 1.3590312e+00 1.3469896e+00 1.3294098e+00 1.3645849e+00 7.4578928e-01 6.3767878e-01 3.4308449e-04 1.8078397e+00 1.6042230e+00 9.8340508e-01 0.0000000e+00 0.0000000e+00 0.0000000e+00
1.0598523e+01 1.0081819e+01 9.8737392e+00 9.6193572e+00 9.6075349e+00 9.7572417e+00 9.5760291e+00 9.4399593e+00 9.2317748e+00 9.0028982e+00 8.7440499e+00 8.5091744e+00 8.2625272e+00 7.9944295e+00 7.6911553e+00 7.3405088e+00 6.9580592e+00 6.4422470e+00 5.7402263e+00 5.1107069e+00 4.3710018e+00 3.6474935e+00 3.0446154e+00 2.5619737e+00 2.0790998e+00 1.7185178e+00 1.4164285e+00 1.1754743e+00 6.6941772e-04 1.7418718e+00 1.7431200e+00 1.7798222e+00 1.7558955e+00 1.4921731e+00 1.3738294e+00 1.3567347e+00 1.3571914e+00 1.3394005e+00 1.3192917e+00 1.3030066e+00 1.3644410e+00 1.5643244e+00 1.4872529e+00 1.4285190e+00 1.4143182e+00 1.6067481e+00 1.5444353e+00 2.8196016e-01 0.0000000e+00 0.0000000e+00
1.0821030e+01 1.0239607e+01 9.7882137e+00 9.5483314e+00 9.8620662e+00 9.8835289e+00 9.8123864e+00 9.6845774e+00 9.4402383e+00 9.1740091e+00 8.9144794e+00 8.6743874e+00 8.4123724e+00 8.1343651e+00 7.7831461e+00 7.3764582e+00 6.9021637e+00 6.3089044e+00 5.5150595e+00 4.8660768e+00 4.1369152e+00 3.4764368e+00 2.9574757e+00 2.5413094e+00 2.1310699e+00 1.8423772e+00 1.7576623e+00 1.8174616e+00 1.7852822e+00 1.8011604e+00 1.8468540e+00 1.8665446e+00 1.7709707e+00 1.6076145e+00 1.5229065e+00 1.4612818e+00 1.4100408e+00 1.3667308e+00 1.3377567e+00 1.3270620e+00 1.3852186e+00 1.5060792e+00 1.4540722e+00 1.2789619e+00 1.3601530e+00 1.4415785e+00 1.5770221e+00 1.4002119e+00 2.3096581e-02 1.6948821e-01
1.0687901e+01 1.0314946e+01 1.0021821e+01 9.9394452e+00 1.0017371e+01 1.0163479e+01 1.0167090e+01 1.0021015e+01 9.6932233e+00 9.3328292e+00 9.0865661e+00 8.8439818e+00 8.6119052e+00 8.3151185e+00 7.9319222e+00 7.4543619e+00 6.8940237e+00 6.2150796e+00 5.3427282e+00 4.6310029e+00 3.8955058e+00 3.2528000e+00 2.7453211e+00 2.4247766e+00 2.1122516e+00 1.9055048e+00 1.8275591e+00 1.8565790e+00 1.9103164e+00 1.9550192e+00 1.9853205e+00 1.9893733e+00 1.9331210e+00 1.7969637e+00 1.6641873e+00 1.5495902e+00 1.4630694e+00 1.3927065e+00 1.3701223e+00 1.3418695e+00 1.3989830e+00 1.5451116e+00 1.9068957e+00 2.0913184e+00 1.4589645e+00 9.9344769e-01 7.7878421e-02 1.6445469e-01 1.3477483e+00 1.3853769e+00
1.0853266e+01 1.0798586e+01 1.0686161e+01 1.0578424e+01 1.0496209e+01 1.0532658e+01 1.0270994e+01 1.0151807e+01 9.8808280e+00 9.7328923e+00 9.3422609e+00 9.2211949e+00 8.9362400e+00 8.5874716e+00 8.1473561e+00 7.5900387e+00 6.9489133e+00 6.1610437e+00 5.2007846e+00 4.3784741e+00 3.6089571e+00 2.9502828e+00 2.4706417e+00 2.2262246e+00 2.0367522e+00 1.9300707e+00 1.8853197e+00 1.8655849e+00 1.9544982e+00 2.0576492e+00 2.1318211e+00 2.1689182e+00 2.1240170e+00 1.9824935e+00 1.8364374e+00 1.6498725e+00 1.5147262e+00 1.4134914e+00 1.3631306e+00 1.3216607e+00 1.3584636e+00 1.3516338e+00 4.0790507e-01 0.0000000e+00 0.0000000e+00 0.0000000e+00 0.0000000e+00 8.1712469e-04 5.6545828e-01 1.2861565e+00
1.1808595e+01 1.1710821e+01 1.1566864e+01 1.1391929e+01 1.1236051e+01 1.1083296e+01 1.1085011e+01 1.0902303e+01 1.0239238e+01 9.9218535e+00 1.0156407e+01 9.8196673e+00 9.6131309e+00 8.9817468e+00 8.4261159e+00 7.7637564e+00 7.0632591e+00 6.1722669e+00 5.0771445e+00 4.1366941e+00 3.2648335e+00 2.5853517e+00 2.1756742e+00 2.0032674e+00 1.8346436e+00 1.6430995e+00 1.6305243e+00 1.8565351e+00 1.9879691e+00 2.1453576e+00 2.2984244e+00 2.3805116e+00 2.3442667e+00 2.1899478e+00 1.9852160e+00 1.7254735e+00 1.5282253e+00 1.4344803e+00 1.4355325e+00 1.3535269e+00 1.4113570e+00 5.0480071e-04 0.0000000e+00 0.0000000e+00 0.0000000e+00 0.0000000e+00 0.0000000e+00 9.3928580e-04 1.4355583e+00 1.2627529e+00
1.2921002e+01 1.2710190e+01 1.2482744e+01 1.2263451e+01 1.2053562e+01 1.1873321e+01 1.1911106e+01 1.1667076e+01 1.1319927e+01 1.1114566e+01 1.0985007e+01 1.0853869e+01 1.0178675e+01 9.4267794e+00 8.6760054e+00 7.9420295e+00 7.1873869e+00 6.2073618e+00 5.0056562e+00 3.9496413e+00 2.9664832e+00 2.2163816e+00 1.9282024e+00 1.8916853e+00 1.4728960e+00 7.5715048e-01 9.2551884e-01 1.8054457e+00 2.0298911e+00 2.2568665e+00 2.4836990e+00 2.6219037e+00 2.5943409e+00 2.4089795e+00 2.1278908e+00 1.8034296e+00 1.5183349e+00 1.4778348e+00 1.5023587e+00 1.2752859e+00 1.5274040e+00 2.3121027e-01 0.0000000e+00 0.0000000e+00 0.0000000e+00 0.0000000e+00 0.0000000e+00 7.1753266e-04 1.5417988e+00 1.3703664e+00
1.3761263e+01 1.3519619e+01 1.3276629e+01 1.3066094e+01 1.2889599e+01 1.2748341e+01 1.2615048e+01 1.2491985e+01 1.2267278e+01 1.1784366e+01 1.0387961e+01 1.0743268e+01 1.0311761e+01 9.6770410e+00 8.9401330e+00 8.1902743e+00 7.4574918e+00 6.4970477e+00 5.1267414e+00 3.8730283e+00 2.6575361e+00 1.1941889e+00 1.0744582e+00 7.5831588e-01 1.1141832e+00 1.1022122e+00 1.2047678e+00 1.3665410e+00 2.0912012e+00 2.6308481e+00 2.9922075e+00 3.1932106e+00 3.1964296e+00 2.9494540e+00 2.5822524e+00 2.0382279e+00 1.4862855e+00 1.3931125e+00 5.2460322e-01 3.2522559e-01 1.5520869e+00 8.2510409e-01 0.0000000e+00 0.0000000e+00 0.0000000e+00 0.0000000e+00 8.3311441e-04 1.3635390e+00 1.4563322e+00 1.4994483e+00
1.4488410e+01 1.4302580e+01 1.4138438e+01 1.4039310e+01 1.3869001e+01 1.3673227e+01 1.3560411e+01 1.3038566e+01 1.1758704e+01 1.0890106e+01 1.0186800e+01 1.0200206e+01 9.9780626e+00 9.5305871e+00 9.0351630e+00 8.4307515e+00 7.7937543e+00 6.9170886e+00 5.5093763e+00 4.0775899e+00 2.5141778e+00 1.6197865e+00 4.1872822e-01 6.5145290e-04 1.1052590e+00 1.4779551e+00 1.5653125e+00 1.6044840e+00 2.5621647e+00 3.2402188e+00 3.6639782e+00 3.8937479e+00 3.8987194e+00 3.6204646e+00 3.1867917e+00 2.5512503e+00 1.7828862e+00 1.3667817e+00 1.5511521e+00 1.6887310e+00 1.7241981e+00 1.5137692e+00 1.3140214e+00 1.3948351e+00 9.3071451e-01 5.4645863e-01 8.7314454e-01 7.9665144e-01 1.7221761e+00 1.7173203e+00
1.5107908e+01 1.5344260e+01 1.5092638e+01 1.4642270e+01 1.4272114e+01 1.4377035e+01 1.3862966e+01 1.3729651e+01 1.1681086e+01 1.0146751e+01 1.0136807e+01 9.9902928e+00 9.6808460e+00 9.4572363e+00 9.1489016e+00 8.7000547e+00 8.2485735e+00 7.6110929e+00 6.2885550e+00 4.8316602e+00 2.7998731e+00 1.5804010e+00 1.2595615e+00 9.4001737e-01 7.5926002e-01 2.0655987e+00 2.6914986e+00 3.1028552e+00 3.6445697e+00 4.1724136e+00 4.5519525e+00 4.7656169e+00 4.7546250e+00 4.4840083e+00 4.0810619e+00 3.5037691e+00 2.8416735e+00 2.3740542e+00 2.4281954e+00 2.4526773e+00 2.2693647e+00 2.0487978e+00 1.9958074e+00 1.8011025e+00 1.4997536e+00 6.4014227e-01 9.9340348e-01 1.6330080e+00 1.8999012e+00 1.9259334e+00
1.6289014e+01 1.6398913e+01 1.5503686e+01 1.5395066e+01 1.4416504e+01 1.4726895e+01 1.4167150e+01 1.1826835e+01 1.0284754e+01 1.0516439e+01 1.0199578e+01 9.8572092e+00 9.6657717e+00 9.5699205e+00 9.3445014e+00 8.9813716e+00 8.7725790e+00 8.6794820e+00 7.7546044e+00 6.7527699e+00 5.2946858e+00 2.9856852e+00 1.7684993e+00 1.6434509e+00 1.8820456e+00 3.3038604e+00 4.2700851e+00 4.6991519e+00 5.0641804e+00 5.4164507e+00 5.6908233e+00 5.8308872e+00 5.8021607e+00 5.5669833e+00 5.2363767e+00 4.7787940e+00 4.2501898e+00 3.8484686e+00 3.6064055e+00 3.3917808e+00 3.1364116e+00 2.7838663e+00 2.4070895e+00 2.0132684e+00 1.5599024e+00 1.4705872e+00 1.7560857e+00 2.0045109e+00 2.1238267e+00 2.1782021e+00
1.6608624e+01 1.7128724e+01 1.6666394e+01 1.6002902e+01 1.5846522e+01 1.4467478e+01 1.2900847e+01 8.2151525e+00 8.6492408e+00 8.7871037e+00 9.9138048e+00 1.0424674e+01 9.7680401e+00 9.7957693e+00 9.7286469e+00 9.3623730e+00 8.9441174e+00 9.5522247e+00 9.7848040e+00 9.1729029e+00 8.7562444e+00 6.7357245e+00 5.3181260e+00 5.5816404e+00 6.1454905e+00 6.8693747e+00 6.6892425e+00 6.4790607e+00 6.5286321e+00 6.7247502e+00 6.9081944e+00 6.9794238e+00 6.9384952e+00 6.7587905e+00 6.4848738e+00 6.1240711e+00 5.6499573e+00 5.4790003e+00 5.2447455e+00 4.6303070e+00 4.0658289e+00 3.6316875e+00 3.1944604e+00 2.7309114e+00 2.2739663e+00 2.0386134e+00 2.1467659e+00 2.3346911e+00 2.4619615e+00 2.4750957e+00
1.6747262e+01 1.5330116e+01 1.7036364e+01 1.6506606e+01 1.6259638e+01 1.5373994e+01 1.1584838e+01 9.5447974e+00 6.8554703e+00 5.8551460e+00 8.6075179e+00 1.0738703e+01 9.6935844e+00 9.9221848e+00 1.0260060e+01 1.0189407e+01 9.2820446e+00 1.0124738e+01 1.1224508e+01 1.1355108e+01 1.0500440e+01 1.0041647e+01 9.2127774e+00 9.4128063e+00 9.8440658e+00 1.0241316e+01 8.7679026e+00 7.7703672e+00 7.6213451e+00 7.7665744e+00 7.9009816e+00 7.9142715e+00 7.8553963e+00 7.7345086e+00 7.5412329e+00 7.2123145e+00 6.9365982e+00 5.9035960e+00 6.2988975e+00 5.6949431e+00 4.9095166e+00 4.3744098e+00 3.8853126e+00 3.4227633e+00 2.9966174e+00 2.7255880e+00 2.6867899e+00 2.7723452e+00 2.8049711e+00 2.7733490e+00
1.8009061e+01 1.7028844e+01 1.7384936e+01 1.6505534e+01 1.6344965e+01 1.5454381e+01 1.3593813e+01 1.2604330e+01 1.0192550e+01 1.1371668e+01 1.1957093e+01 1.2068680e+01 1.1318823e+01 1.1255725e+01 1.1073010e+01 1.1117905e+01 1.1688085e+01 1.1832617e+01 1.1901401e+01 1.0866432e+01 1.0956504e+01 1.1298917e+01 1.1288986e+01 1.1014246e+01 1.1179379e+01 1.0675427e+01 8.9144034e+00 8.4458480e+00 8.8330030e+00 9.0141857e+00 9.0679007e+00 8.9428664e+00 8.8604810e+00 8.8404809e+00 8.6959874e+00 8.4804454e+00 8.5356771e+00 4.8049729e+00 8.5400640e-01 5.6786619e+00 6.2248409e+00 5.4320066e+00 4.7881311e+00 4.2569572e+00 3.8461048e+00 3.5756734e+00 3.5396869e+00 3.3610130e+00 3.2238217e+00 3.1373879e+00
1.8035184e+01 1.7445011e+01 1.6532080e+01 1.6894786e+01 1.6644951e+01 1.5930856e+01 1.6325363e+01 1.4435694e+01 1.4046930e+01 1.3863722e+01 1.2203024e+01 8.7908991e+00 1.2973971e+01 1.2626698e+01 1.2083600e+01 1.2446574e+01 1.2618804e+01 1.2537563e+01 1.2417172e+01 1.2054372e+01 1.1814334e+01 1.1155517e+01 1.1219099e+01 1.0573908e+01 1.1595015e+01 1.1567510e+01 9.9890939e+00 9.5291629e+00 1.0011752e+01 1.0190987e+01 1.0396098e+01 1.0123482e+01 9.9580815e+00 1.0288694e+01 1.0365069e+01 1.0026645e+01 1.0274584e+01 8.4169478e+00 7.3973131e+00 7.2920251e+00 2.2513189e+00 1.8223856e+00 5.5539470e+00 5.4784100e+00 5.0852239e+00 3.8887313e+00 9.4914814e-01 3.2235419e+00 3.9877812e+00 3.7121865e+00
1.7906487e+01 1.7446189e+01 1.6590145e+01 1.7605489e+01 1.7215529e+01 1.6584917e+01 1.5468595e+01 1.4510982e+01 1.4992081e+01 1.2182322e+01 1.2964205e+01 9.6942805e+00 1.2638188e+01 1.3722558e+01 1.3352110e+01 1.3172051e+01 1.3026446e+01 1.3021959e+01 1.2589010e+01 1.2291097e+01 1.2130834e+01 1.1767934e+01 1.1620323e+01 1.0233460e+01 1.1273424e+01 1.1507759e+01 1.1636581e+01 1.0893507e+01 1.1410862e+01 1.0843822e+01 1.0693282e+01 1.0583635e+01 1.0413210e+01 1.0636097e+01 1.1065484e+01 1.0446547e+01 1.0560302e+01 1.0853611e+01 1.0035224e+01 8.7962297e+00 6.0173256e+00 5.5327967e+00 6.6944222e+00 6.2534485e+00 5.9337190e+00 4.6091422e+00 1.1046389e+00 3.6479437e+00 4.6067869e+00 4.2099817e+00
1.8621625e+01 1.7751065e+01 1.7990634e+01 1.8010523e+01 1.4854567e+01 1.7190302e+01 1.5905193e+01 1.5305758e+01 1.5295951e+01 1.3521845e+01 1.4233121e+01 1.3427013e+01 1.3543081e+01 1.4589391e+01 1.3904536e+01 1.3648583e+01 1.3599251e+01 1.3637377e+01 1.3349120e+01 1.2721646e+01 1.2459527e+01 1.2179573e+01 1.1905572e+01 1.1413667e+01 1.1919570e+01 1.1798169e+01 1.1667193e+01 1.1466355e+01 1.1593765e+01 1.1114080e+01 1.0914623e+01 1.0572636e+01 1.0144394e+01 1.0563544e+01 9.7368938e+00 1.0572762e+01 1.0612336e+01 1.0600287e+01 1.0026832e+01 9.3241751e+00 8.8264342e+00 8.1905195e+00 7.4476343e+00 6.8998976e+00 6.5125979e+00 6.0633881e+00 5.4128954e+00 5.4248730e+00 5.1079446e+00 4.7378656e+00
1.8894151e+01 1.8633374e+01 1.8298848e+01 1.7641160e+01 1.6510223e+01 1.7193797e+01 1.6489426e+01 1.5937280e+01 1.5755463e+01 1.5403511e+01 1.5466559e+01 1.5436497e+01 1.5155644e+01 1.4997179e+01 1.4523682e+01 1.4344200e+01 1.3849188e+01 1.2830715e+01 1.2964393e+01 1.3575555e+01 1.2953504e+01 1.2600254e+01 1.2567390e+01 1.2301326e+01 1.2229582e+01 1.1432613e+01 1.1039491e+01 1.1607926e+01 1.1884043e+01 1.1260912e+01 1.0978909e+01 1.0963243e+01 9.8590900e+00 9.5081506e+00 1.0646330e+01 1.0909163e+01 1.0868922e+01 1.0554200e+01 1.0137105e+01 9.6324989e+00 9.0423128e+00 8.4497603e+00 7.9496095e+00 7.5270307e+00 7.1334608e+00 6.8289492e+00 6.5773200e+00 6.1686280e+00 5.6898022e+00 5.3069626e+00
1.8610405e+01 1.8468337e+01 1.7717368e+01 1.7707457e+01 1.7700577e+01 1.7055061e+01 1.7534952e+01 1.7013829e+01 1.6698342e+01 1.6637779e+01 1.6262298e+01 1.5851528e+01 1.5483662e+01 1.5478511e+01 1.5035183e+01 1.4463668e+01 1.3449818e+01 1.2370740e+01 1.3340034e+01 1.4124425e+01 1.3575792e+01 1.3311277e+01 1.3194028e+01 1.2731517e+01 1.2519037e+01 1.1758973e+01 1.1896679e+01 1.2009848e+01 1.1414098e+01 1.1669880e+01 1.0585070e+01 9.6284471e+00 9.3817091e+00 8.9122966e+00 9.5318243e+00 1.0326922e+01 1.0180021e+01 1.0026820e+01 1.0195070e+01 1.0125794e+01 9.3879107e+00 8.8699582e+00 8.4177962e+00 8.0264473e+00 7.6913757e+00 7.4180486e+00 7.1382119e+00 6.8124427e+00 6.3450747e+00 5.8743490e+00
1.8026185e+01 1.7983190e+01 1.8316298e+01 1.7934170e+01 1.7808201e+01 1.7778646e+01 1.7639037e+01 1.7509846e+01 1.7345480e+01 1.7068622e+01 1.6664051e+01 1.6063338e+01 1.5929268e+01 1.5334094e+01 1.5030122e+01 1.5517338e+01 1.4697660e+01 1.4255303e+01 1.4714882e+01 1.4602094e+01 1.4201925e+01 1.3854923e+01 1.3547445e+01 1.3289226e+01 1.2931443e+01 1.2684383e+01 1.1604017e+01 1.2471363e+01 1.2805561e+01 1.1332963e+01 1.1414608e+01 1.0906123e+01 1.0286102e+01 1.0192493e+01 9.9029779e+00 1.0059801e+01 9.3979798e+00 8.4199310e+00 1.0399357e+01 1.0411686e+01 9.8160612e+00 9.3589605e+00 8.8037076e+00 8.4186329e+00 8.1877736e+00 7.9830580e+00 7.7804876e+00 7.5006796e+00 7.0560305e+00 6.5594555e+00
1.9112876e+01 1.8990552e+01 1.8659434e+01 1.8230412e+01 1.8031044e+01 1.7499439e+01 1.7551108e+01 1.7613461e+01 1.7533526e+01 1.7298973e+01 1.6933076e+01 1.6562064e+01 1.6321724e+01 1.5947574e+01 1.5741684e+01 1.5775785e+01 1.5675984e+01 1.5471837e+01 1.5715505e+01 1.5231689e+01 1.4729942e+01 1.4416823e+01 1.4259248e+01 1.3924669e+01 1.3726471e+01 1.3569480e+01 1.3121784e+01 1.2601609e+01 1.2147422e+01 9.4711549e+00 1.0113873e+01 1.0444898e+01 1.0571974e+01 1.0928431e+01 1.0489380e+01 9.9658045e+00 9.8304777e+00 9.7313483e+00 9.2371867e+00 9.7585169e+00 8.7887611e+00 8.3804245e+00 8.7740278e+00 8.8187400e+00 8.6423667e+00 8.5355930e+00 8.4175561e+00 8.2009959e+00 7.7823726e+00 7.3072708e+00
1.8418104e+01 1.9078354e+01 1.8932292e+01 1.8597160e+01 1.8399769e+01 1.8328014e+01 1.8158926e+01 1.7965571e+01 1.7574615e+01 1.7348324e+01 1.7152832e+01 1.7038403e+01 1.7130820e+01 1.6610700e+01 1.5619266e+01 1.6203615e+01 1.6072007e+01 1.5365068e+01 1.5748158e+01 1.5807472e+01 1.5390670e+01 1.5342867e+01 1.4730777e+01 1.4517547e+01 1.4077957e+01 1.3836131e+01 1.3957027e+01 1.3836992e+01 1.3450598e+01 1.1271932e+01 1.2302564e+01 1.2198884e+01 1.1640790e+01 1.1236523e+01 1.0914657e+01 1.0450271e+01 1.0130658e+01 9.4708199e+00 9.1967510e+00 7.8256976e+00 1.6188204e+00 2.0422302e+00 8.1111715e+00 9.2188353e+00 8.9776943e+00 9.0026507e+00 8.9545297e+00 8.7885652e+00 8.4179789e+00 7.9529563e+00
