ahotovec/data/depth_0053.asc
ncols     164
nrows     146
xllcorner -1.242151388888889e+02
yllcorner  4.172986111111111e+01
cellsize  2.777777777820000e-04
nodata_value       -9999
[rows 44 to 65 of 146, columns 100 to 149 of 164]
5.5243207e-01 5.5041941e-01 5.9184670e-01 1.1258952e+00 1.4759102e+00 1.1449785e+00 9.3964901e-01 9.0875264e-01 6.3274011e-01 5.5657734e-01 5.5327421e-01 5.5215385e-01 5.5046676e-01 5.5007536e-01 5.4996715e-01 6.1715325e-01 1.0380930e+00 1.6830927e+00 1.5077690e+00 8.6870580e-01 5.8615366e-01 5.5577173e-01 4.7236994e-01 3.3774825e-01 2.0278115e-01 6.0372593e-02 1.0586918e-03 3.4055841e-03 1.5125431e-03 9.8782883e-04 9.6650632e-04 9.6981399e-04 9.5845263e-04 0.0000000e+00 0.0000000e+00 0.0000000e+00 0.0000000e+00 0.0000000e+00 0.0000000e+00 0.0000000e+00 0.0000000e+00 0.0000000e+00 0.0000000e+00 0.0000000e+00 0.0000000e+00 0.0000000e+00 0.0000000e+00 0.0000000e+00 0.0000000e+00 0.0000000e+00
5.3604039e-01 5.5172677e-01 1.0013787e+00 1.5335926e+00 9.6198048e-01 7.1640663e-01 7.3315726e-01 6.1799756e-01 5.3921870e-01 5.3367914e-01 5.3415391e-01 5.3365548e-01 5.3364402e-01 5.3618638e-01 5.5308219e-01 8.2135497e-01 1.4735478e+00 1.6944617e+00 1.0368121e+00 6.0936416e-01 5.4749282e-01 5.1939171e-01 3.8097548e-01 2.4166440e-01 1.0568116e-01 1.5707097e-03 4.3638659e-03 2.3357398e-03 9.9874694e-04 0.0000000e+00 0.0000000e+00 0.0000000e+00 0.0000000e+00 0.0000000e+00 0.0000000e+00 0.0000000e+00 0.0000000e+00 0.0000000e+00 0.0000000e+00 0.0000000e+00 0.0000000e+00 0.0000000e+00 0.0000000e+00 0.0000000e+00 0.0000000e+00 0.0000000e+00 0.0000000e+00 0.0000000e+00 0.0000000e+00 0.0000000e+00
5.3844751e-01 8.1969996e-01 1.4927595e+00 1.3937203e+00 7.1245706e-01 6.3981733e-01 5.8698536e-01 5.2836399e-01 5.2601804e-01 5.2039263e-01 5.1790462e-01 5.1522286e-01 5.1836114e-01 5.4055622e-01 7.1060480e-01 1.1913146e+00 1.7708780e+00 1.3015353e+00 7.0930203e-01 5.3523637e-01 5.3327012e-01 4.8141894e-01 3.4417718e-01 1.8226556e-01 2.6610956e-02 3.2074861e-03 3.9421675e-03 9.9779267e-04 9.9938701e-04 0.0000000e+00 0.0000000e+00 0.0000000e+00 0.0000000e+00 0.0000000e+00 0.0000000e+00 0.0000000e+00 0.0000000e+00 0.0000000e+00 0.0000000e+00 0.0000000e+00 0.0000000e+00 0.0000000e+00 0.0000000e+00 0.0000000e+00 0.0000000e+00 0.0000000e+00 0.0000000e+00 0.0000000e+00 0.0000000e+00 0.0000000e+00
9.7657156e-01 1.5246757e+00 1.5861773e+00 1.0267313e+00 6.5329103e-01 5.9307290e-01 5.2571577e-01 5.1472491e-01 5.1421905e-01 5.0823651e-01 5.0561867e-01 5.0494206e-01 5.6989785e-01 8.8796911e-01 1.3354439e+00 1.6984717e+00 1.4735835e+00 8.7067887e-01 5.5250396e-01 5.1828141e-01 5.2215654e-01 5.1044785e-01 4.2235748e-01 2.4385890e-01 2.8010056e-02 2.3096683e-03 3.5183126e-03 9.9912889e-04 9.9817111e-04 0.0000000e+00 0.0000000e+00 0.0000000e+00 0.0000000e+00 0.0000000e+00 0.0000000e+00 0.0000000e+00 0.0000000e+00 0.0000000e+00 0.0000000e+00 0.0000000e+00 0.0000000e+00 0.0000000e+00 0.0000000e+00 0.0000000e+00 0.0000000e+00 0.0000000e+00 0.0000000e+00 0.0000000e+00 0.0000000e+00 0.0000000e+00
1.4751065e+00 1.5994890e+00 1.1542271e+00 7.3966870e-01 6.5523890e-01 5.2841438e-01 5.0635537e-01 5.0248604e-01 4.9750480e-01 4.9702709e-01 4.9514611e-01 5.7091906e-01 8.9227684e-01 1.4628362e+00 1.6855312e+00 1.2083000e+00 8.3810634e-01 5.7721541e-01 5.0172694e-01 5.0176926e-01 5.0443900e-01 4.9026651e-01 4.4403908e-01 3.2538262e-01 8.3968665e-02 1.6290941e-03 1.8227531e-03 9.9688187e-04 9.9856510e-04 0.0000000e+00 0.0000000e+00 0.0000000e+00 0.0000000e+00 0.0000000e+00 0.0000000e+00 0.0000000e+00 0.0000000e+00 0.0000000e+00 0.0000000e+00 0.0000000e+00 0.0000000e+00 0.0000000e+00 0.0000000e+00 0.0000000e+00 0.0000000e+00 0.0000000e+00 0.0000000e+00 0.0000000e+00 0.0000000e+00 0.0000000e+00
1.3910699e+00 1.0131194e+00 6.9562749e-01 7.0010516e-01 6.4902131e-01 5.1192942e-01 4.9507634e-01 4.9083969e-01 4.9018485e-01 4.8491180e-01 5.3853814e-01 8.5056634e-01 1.4589933e+00 1.6681481e+00 1.1166582e+00 6.5926640e-01 5.1023836e-01 4.9528687e-01 4.9128974e-01 4.9180650e-01 4.8676698e-01 4.0273366e-01 2.7177112e-01 1.8618161e-01 1.8608063e-02 4.6431631e-03 7.0904352e-03 9.9936882e-04 0.0000000e+00 0.0000000e+00 0.0000000e+00 0.0000000e+00 0.0000000e+00 0.0000000e+00 0.0000000e+00 0.0000000e+00 0.0000000e+00 0.0000000e+00 0.0000000e+00 0.0000000e+00 0.0000000e+00 0.0000000e+00 0.0000000e+00 0.0000000e+00 0.0000000e+00 0.0000000e+00 0.0000000e+00 0.0000000e+00 0.0000000e+00 0.0000000e+00
6.5067962e-01 5.1426398e-01 5.7171902e-01 6.6908854e-01 6.8638959e-01 5.8267479e-01 4.8826201e-01 4.8021592e-01 4.7979225e-01 5.0845639e-01 7.8872663e-01 1.3732870e+00 1.6741150e+00 1.1265594e+00 6.4411021e-01 4.8954041e-01 4.8185421e-01 4.8528662e-01 4.8277021e-01 4.8340851e-01 4.8464742e-01 4.2055970e-01 2.6126726e-01 7.9933409e-02 3.6257830e-03 5.7415241e-03 2.5113882e-03 9.9545770e-04 2.2179379e-04 0.0000000e+00 0.0000000e+00 0.0000000e+00 0.0000000e+00 0.0000000e+00 0.0000000e+00 0.0000000e+00 0.0000000e+00 0.0000000e+00 0.0000000e+00 0.0000000e+00 0.0000000e+00 0.0000000e+00 0.0000000e+00 0.0000000e+00 0.0000000e+00 0.0000000e+00 0.0000000e+00 0.0000000e+00 0.0000000e+00 0.0000000e+00
4.9884029e-01 4.9354378e-01 5.0196375e-01 5.4607118e-01 5.8268535e-01 5.8705536e-01 4.9498564e-01 4.6848351e-01 4.8591340e-01 7.1121719e-01 1.2543223e+00 1.7109427e+00 1.1801020e+00 6.8049220e-01 4.8615178e-01 4.7214260e-01 4.7350549e-01 4.7688408e-01 4.7507399e-01 4.7580819e-01 4.6605713e-01 3.6364948e-01 2.2989663e-01 4.2620782e-02 5.0180275e-03 5.7984735e-03 2.5306424e-03 9.9888727e-04 9.9681786e-04 3.5961031e-04 0.0000000e+00 0.0000000e+00 0.0000000e+00 0.0000000e+00 0.0000000e+00 0.0000000e+00 0.0000000e+00 0.0000000e+00 0.0000000e+00 0.0000000e+00 0.0000000e+00 0.0000000e+00 0.0000000e+00 0.0000000e+00 0.0000000e+00 0.0000000e+00 0.0000000e+00 0.0000000e+00 0.0000000e+00 0.0000000e+00
4.8282267e-01 4.7975615e-01 4.7648611e-01 4.7885913e-01 4.7702973e-01 4.7786945e-01 4.6402365e-01 4.6246565e-01 6.2498671e-01 1.1524577e+00 1.6951997e+00 1.2862741e+00 7.1574315e-01 4.7929119e-01 4.6282703e-01 4.6336218e-01 4.6444692e-01 4.5907964e-01 4.3278060e-01 3.8732205e-01 3.1747165e-01 2.1183656e-01 7.2591130e-02 2.0495926e-03 6.4565289e-03 4.0571979e-03 9.9579817e-04 9.9737877e-04 9.9923649e-04 9.9896903e-04 4.3798407e-04 0.0000000e+00 0.0000000e+00 0.0000000e+00 0.0000000e+00 0.0000000e+00 0.0000000e+00 0.0000000e+00 0.0000000e+00 0.0000000e+00 0.0000000e+00 0.0000000e+00 0.0000000e+00 0.0000000e+00 0.0000000e+00 0.0000000e+00 0.0000000e+00 0.0000000e+00 0.0000000e+00 0.0000000e+00
4.6615936e-01 4.6401177e-01 4.6122041e-01 4.6248410e-01 4.5540279e-01 4.5013440e-01 4.6065386e-01 6.2618178e-01 1.0503863e+00 1.6511562e+00 1.3963150e+00 7.8199030e-01 4.8264306e-01 4.1760472e-01 3.9569145e-01 3.6839797e-01 3.3509649e-01 2.9964288e-01 2.3138675e-01 1.5340329e-01 7.5982581e-02 6.4993003e-03 2.6288582e-03 5.6546724e-03 4.1481321e-03 2.7124902e-03 9.9851285e-04 9.9883434e-04 9.9636413e-04 9.9933799e-04 9.9754849e-04 2.0593577e-05 3.6915611e-04 0.0000000e+00 0.0000000e+00 0.0000000e+00 0.0000000e+00 0.0000000e+00 0.0000000e+00 0.0000000e+00 0.0000000e+00 0.0000000e+00 0.0000000e+00 0.0000000e+00 0.0000000e+00 0.0000000e+00 0.0000000e+00 0.0000000e+00 0.0000000e+00 0.0000000e+00
4.4676955e-01 4.4630442e-01 4.4492344e-01 4.4373701e-01 4.3969882e-01 4.4840266e-01 6.5370880e-01 1.1726295e+00 1.6195500e+00 1.4818010e+00 8.7954634e-01 5.0658876e-01 3.6095367e-01 2.7815146e-01 2.1227001e-01 1.4931631e-01 9.0971438e-02 3.1026867e-02 6.1259752e-03 1.4824552e-03 2.5069494e-03 4.0551410e-03 4.2080426e-03 2.7976219e-03 9.9689663e-04 9.9913783e-04 9.9762452e-04 9.9953277e-04 9.9916865e-04 9.9605985e-04 9.9931214e-04 9.9927392e-04 9.9720736e-04 6.3052046e-04 2.5297531e-04 0.0000000e+00 0.0000000e+00 0.0000000e+00 0.0000000e+00 0.0000000e+00 0.0000000e+00 0.0000000e+00 0.0000000e+00 0.0000000e+00 0.0000000e+00 0.0000000e+00 0.0000000e+00 0.0000000e+00 0.0000000e+00 0.0000000e+00
4.2283409e-01 4.2555077e-01 4.2713665e-01 4.2493225e-01 4.4783348e-01 6.8407412e-01 1.2220415e+00 1.7217465e+00 1.6291977e+00 1.0543692e+00 5.5918411e-01 3.7334033e-01 2.6574448e-01 1.7344443e-01 7.5581416e-02 2.0427644e-02 2.1731008e-03 6.7045216e-03 1.0381615e-02 8.3846647e-03 5.9766928e-03 3.2544412e-03 1.1863838e-03 9.9943290e-04 9.9953651e-04 9.9958356e-04 9.9919993e-04 9.9968449e-04 9.9894563e-04 9.9901936e-04 9.9907078e-04 9.9734034e-04 9.9896841e-04 9.9772629e-04 9.9769818e-04 0.0000000e+00 0.0000000e+00 0.0000000e+00 0.0000000e+00 0.0000000e+00 0.0000000e+00 0.0000000e+00 0.0000000e+00 0.0000000e+00 0.0000000e+00 0.0000000e+00 0.0000000e+00 0.0000000e+00 0.0000000e+00 0.0000000e+00
4.0018962e-01 4.0594040e-01 4.1214722e-01 4.5462741e-01 7.1700115e-01 1.2384218e+00 1.7012217e+00 1.6075005e+00 1.0682567e+00 6.2273943e-01 4.4015191e-01 3.6813559e-01 2.8302734e-01 1.9567852e-01 9.2332505e-02 6.3475239e-03 5.7023467e-03 5.7784855e-03 6.6320837e-03 6.1597036e-03 4.6150341e-03 2.8965024e-03 9.9934434e-04 9.9974698e-04 9.9878679e-04 9.9865921e-04 9.9926074e-04 9.9891449e-04 9.9853649e-04 9.9974247e-04 9.9878197e-04 9.9848142e-04 9.9865896e-04 9.9924376e-04 9.9893915e-04 0.0000000e+00 0.0000000e+00 0.0000000e+00 0.0000000e+00 0.0000000e+00 0.0000000e+00 0.0000000e+00 0.0000000e+00 0.0000000e+00 0.0000000e+00 0.0000000e+00 0.0000000e+00 0.0000000e+00 0.0000000e+00 0.0000000e+00
7.1751581e-01 7.2206752e-01 7.6938899e-01 9.7002284e-01 1.3794072e+00 1.7100085e+00 1.5524267e+00 1.0966128e+00 7.1750755e-01 5.4675819e-01 4.7782158e-01 4.2138372e-01 3.6171084e-01 2.4274227e-01 1.3015921e-01 2.1618936e-02 1.5020227e-02 1.0759182e-02 4.2047338e-03 2.6146379e-03 2.3949316e-03 2.0055534e-03 9.9853007e-04 9.9855154e-04 9.9909076e-04 9.9932947e-04 9.9946553e-04 9.9987658e-04 9.9915822e-04 9.9961600e-04 9.9826264e-04 9.9929957e-04 9.9895086e-04 9.9874017e-04 9.9881575e-04 0.0000000e+00 0.0000000e+00 0.0000000e+00 0.0000000e+00 0.0000000e+00 0.0000000e+00 0.0000000e+00 0.0000000e+00 0.0000000e+00 0.0000000e+00 0.0000000e+00 0.0000000e+00 0.0000000e+00 0.0000000e+00 0.0000000e+00
1.5935078e+00 1.6014317e+00 1.6162425e+00 1.6819780e+00 1.7121690e+00 1.4504741e+00 1.0500146e+00 7.8543821e-01 6.8870452e-01 5.9735835e-01 5.1206315e-01 4.3151878e-01 3.8643867e-01 2.7352273e-01 1.5741742e-01 3.9128597e-02 1.1808032e-02 1.3211229e-02 1.1498304e-02 8.9748130e-03 5.3860368e-03 9.9807953e-04 9.9892165e-04 9.9924171e-04 9.9983335e-04 9.9910751e-04 9.9990296e-04 9.9873620e-04 9.9979748e-04 9.9854495e-04 9.9819140e-04 9.9930407e-04 9.9874644e-04 9.9798748e-04 9.9832948e-04 9.9954235e-04 0.0000000e+00 0.0000000e+00 0.0000000e+00 0.0000000e+00 0.0000000e+00 0.0000000e+00 0.0000000e+00 0.0000000e+00 0.0000000e+00 0.0000000e+00 0.0000000e+00 0.0000000e+00 0.0000000e+00 0.0000000e+00
1.3482644e+00 1.3778143e+00 1.3785851e+00 1.3453381e+00 1.2086843e+00 9.8050967e-01 7.8286041e-01 7.3599680e-01 6.5486631e-01 5.8470077e-01 5.1469271e-01 4.3427680e-01 3.9729704e-01 2.9581719e-01 1.8202237e-01 6.1170226e-02 1.4320534e-02 2.7720119e-02 2.1745590e-02 1.4288144e-02 8.4770780e-03 5.0938756e-03 9.9841122e-04 9.9977314e-04 9.9944789e-04 9.9941948e-04 9.9885772e-04 9.9956853e-04 9.9889357e-04 9.9904850e-04 9.9875355e-04 9.9892858e-04 9.9869560e-04 9.9885540e-04 9.9921032e-04 9.9945887e-04 9.9960406e-04 9.9923996e-04 0.0000000e+00 0.0000000e+00 0.0000000e+00 0.0000000e+00 0.0000000e+00 0.0000000e+00 0.0000000e+00 0.0000000e+00 0.0000000e+00 0.0000000e+00 0.0000000e+00 0.0000000e+00
7.2213394e-01 7.8958721e-01 8.2969310e-01 8.3388543e-01 8.1606862e-01 7.8341157e-01 7.2650487e-01 7.1041223e-01 6.3759640e-01 5.9803806e-01 5.1708486e-01 4.5734359e-01 4.0619143e-01 3.3782818e-01 2.2212676e-01 9.6714625e-02 2.0832657e-02 2.6615178e-02 1.6819269e-02 1.3954885e-02 9.9894298e-03 6.4999045e-03 9.9995169e-04 9.9713765e-04 9.9915425e-04 9.9831191e-04 9.9808397e-04 9.9889750e-04 9.9638173e-04 9.9632476e-04 9.9609489e-04 9.9823838e-04 9.9897322e-04 9.9989956e-04 9.9961584e-04 9.9862913e-04 9.9996865e-04 9.9986279e-04 9.9992806e-04 2.2313424e-04 0.0000000e+00 0.0000000e+00 0.0000000e+00 0.0000000e+00 0.0000000e+00 0.0000000e+00 0.0000000e+00 0.0000000e+00 0.0000000e+00 0.0000000e+00
5.9777687e-01 6.4120105e-01 6.3550346e-01 6.7174807e-01 6.9073577e-01 7.0500672e-01 7.0378148e-01 6.5950029e-01 6.1586136e-01 5.9305905e-01 5.1545490e-01 4.7027909e-01 4.0938786e-01 3.4401605e-01 2.2763907e-01 1.0530453e-01 1.3122076e-02 2.2753658e-02 1.5420710e-02 9.3631958e-03 2.6080248e-03 1.5293049e-03 9.9997521e-04 9.9783878e-04 9.9706535e-04 9.9860886e-04 9.9839279e-04 9.9877089e-04 9.9975603e-04 9.9941542e-04 9.9981661e-04 9.9779838e-04 9.9962799e-04 9.9938908e-04 9.9941156e-04 9.9952388e-04 9.9992678e-04 9.9948228e-04 9.9875047e-04 9.9903756e-04 9.9874011e-04 0.0000000e+00 0.0000000e+00 0.0000000e+00 0.0000000e+00 0.0000000e+00 0.0000000e+00 0.0000000e+00 0.0000000e+00 0.0000000e+00
4.5304478e-01 4.5748910e-01 4.9040074e-01 5.4700296e-01 5.7639633e-01 6.0599423e-01 6.1533363e-01 6.0729184e-01 6.0227934e-01 5.6141618e-01 5.0665077e-01 4.3826949e-01 4.0581626e-01 3.3911239e-01 2.1938702e-01 7.2533203e-02 1.2203562e-02 1.7021628e-02 6.6072236e-03 2.0151362e-03 2.5442593e-03 1.3206808e-03 9.9870002e-04 9.9481503e-04 9.9918167e-04 9.9966108e-04 9.9954512e-04 9.9941194e-04 9.9942415e-04 9.9945676e-04 9.9988539e-04 9.9919247e-04 9.9941582e-04 9.9833391e-04 9.9843733e-04 9.9918770e-04 9.9996939e-04 9.9957635e-04 9.9987114e-04 9.9893518e-04 9.9964180e-04 9.9882149e-04 0.0000000e+00 0.0000000e+00 0.0000000e+00 0.0000000e+00 0.0000000e+00 0.0000000e+00 0.0000000e+00 0.0000000e+00
3.7898056e-01 3.8673322e-01 3.9584582e-01 4.1508701e-01 4.5193737e-01 4.8174110e-01 4.9947754e-01 5.3117016e-01 5.3472628e-01 5.1199119e-01 4.9270725e-01 4.2238974e-01 3.9837698e-01 3.0506600e-01 1.8043729e-01 5.7480261e-02 1.2644626e-02 1.2903336e-02 7.8239710e-03 3.0675933e-03 1.0018543e-03 1.1421734e-03 9.9915433e-04 9.9762082e-04 9.9914535e-04 9.9963414e-04 9.9928371e-04 9.9999224e-04 9.9982704e-04 9.9946009e-04 9.9971023e-04 9.9965141e-04 9.9943300e-04 9.9935368e-04 9.9929834e-04 9.9946154e-04 9.9881797e-04 9.9895823e-04 9.9933228e-04 9.9927531e-04 9.9930095e-04 9.9939033e-04 9.9908701e-04 9.9979627e-04 0.0000000e+00 0.0000000e+00 0.0000000e+00 0.0000000e+00 0.0000000e+00 0.0000000e+00
3.6758272e-01 3.7571301e-01 3.8260848e-01 3.9021531e-01 3.9385238e-01 3.9867724e-01 4.0605965e-01 4.2674366e-01 4.3706101e-01 4.3615224e-01 4.2083514e-01 4.0311314e-01 3.9188865e-01 2.9929517e-01 1.7281946e-01 6.0984858e-02 3.7265176e-02 3.9474999e-02 3.0738704e-02 2.3143681e-02 1.3993831e-02 6.1561725e-03 9.9767291e-04 9.9801212e-04 9.9794781e-04 9.9879938e-04 9.9853486e-04 9.9912036e-04 9.9964643e-04 9.9953941e-04 9.9963039e-04 9.9997387e-04 9.9892368e-04 9.9960822e-04 9.9952655e-04 9.9914773e-04 9.9972992e-04 9.9981862e-04 9.9941824e-04 9.9878351e-04 9.9966341e-04 9.9869913e-04 9.9874252e-04 9.9886671e-04 9.9934818e-04 9.9930312e-04 9.9984279e-04 0.0000000e+00 0.0000000e+00 0.0000000e+00
3.5419411e-01 3.6373849e-01 3.7264669e-01 3.8062793e-01 3.8478481e-01 3.8934178e-01 3.9324548e-01 3.9630004e-01 3.9930068e-01 3.9766218e-01 3.8696588e-01 3.5791501e-01 2.9104532e-01 1.8706079e-01 6.0286906e-02 3.5873065e-03 8.7249066e-03 5.7721696e-03 5.5652390e-03 6.6710246e-03 9.4251625e-03 1.2010319e-02 8.3438850e-03 4.7251741e-03 3.1292930e-03 1.4519591e-03 9.9992982e-04 9.9960712e-04 9.9934671e-04 9.9875808e-04 9.9975196e-04 9.9861382e-04 9.9935766e-04 9.9937845e-04 9.9888459e-04 9.9970035e-04 9.9957585e-04 9.9887893e-04 9.9922004e-04 9.9989966e-04 9.9964072e-04 9.9902962e-04 9.9848992e-04 9.9860767e-04 9.9881250e-04 9.9872891e-04 9.9957152e-04 9.9959450e-04 0.0000000e+00 0.0000000e+00
