ahotovec/data/depth_0047.asc
ncols     164
nrows     146
xllcorner -1.242151388888889e+02
yllcorner  4.172986111111111e+01
cellsize  2.777777777820000e-04
nodata_value       -9999
[rows 88 to 109 of 146, columns 0 to 49 of 164]
1.5702062e+01 1.5732158e+01 1.5624064e+01 1.5211167e+01 1.5097526e+01 1.5298842e+01 1.4878659e+01 1.4774408e+01 1.4595960e+01 1.4386933e+01 1.4163460e+01 1.3939378e+01 1.3726547e+01 1.3501053e+01 1.3246781e+01 1.2984357e+01 1.2692402e+01 1.2291299e+01 1.1704854e+01 1.1093537e+01 1.0299840e+01 9.4937969e+00 8.8460191e+00 8.3335537e+00 7.8251887e+00 7.3954229e+00 7.0837389e+00 5.0232715e+00 3.8107096e+00 7.2079943e+00 7.3940655e+00 7.6368328e+00 7.3632424e+00 6.8460701e+00 7.0458042e+00 7.0157662e+00 7.0359313e+00 7.0451724e+00 7.0180365e+00 6.9797384e+00 6.9963022e+00 6.3313865e+00 6.1892970e+00 5.1986479e+00 7.3189002e+00 7.1001499e+00 6.4489831e+00 4.0729396e+00 1.9769528e+00 1.6481900e+00
1.6076839e+01 1.5569061e+01 1.5370851e+01 1.5125939e+01 1.5123348e+01 1.5282073e+01 1.5109340e+01 1.4980744e+01 1.4779707e+01 1.4557134e+01 1.4307037e+01 1.4079803e+01 1.3841298e+01 1.3582025e+01 1.3289362e+01 1.2950569e+01 1.2583777e+01 1.2086285e+01 1.1403860e+01 1.0797235e+01 1.0082015e+01 9.3849993e+00 8.8074157e+00 8.3482772e+00 7.8867862e+00 7.5453129e+00 7.2571459e+00 7.0223384e+00 5.6467950e+00 7.5353107e+00 7.5158615e+00 7.5501287e+00 7.5225989e+00 7.2438434e+00 7.1073074e+00 7.0685784e+00 7.0471543e+00 7.0093854e+00 6.9704963e+00 6.9346719e+00 6.9747986e+00 7.1486595e+00 7.0473389e+00 6.9660454e+00 6.9076597e+00 7.0634477e+00 6.9551609e+00 5.6085704e+00 3.3677991e+00 3.0441446e+00
1.6276675e+01 1.5703704e+01 1.5261724e+01 1.5029817e+01 1.5352164e+01 1.5381627e+01 1.5317857e+01 1.5197520e+01 1.4961466e+01 1.4701554e+01 1.4449478e+01 1.4215303e+01 1.3960023e+01 1.3689732e+01 1.3349037e+01 1.2955010e+01 1.2496782e+01 1.1921811e+01 1.1149322e+01 1.0524324e+01 9.8207819e+00 9.1868133e+00 8.6928686e+00 8.2984563e+00 7.9088712e+00 7.6378528e+00 7.5620354e+00 7.6281356e+00 7.6113543e+00 7.6057954e+00 7.6329450e+00 7.6366117e+00 7.5252831e+00 7.3457321e+00 7.2424002e+00 7.1588496e+00 7.0832194e+00 7.0167463e+00 6.9658916e+00 6.9346139e+00 6.9750909e+00 7.0663127e+00 7.0147412e+00 6.8028402e+00 6.8365823e+00 6.8689467e+00 6.9359447e+00 6.6902661e+00 5.1790332e+00 5.5055059e+00
1.6118875e+01 1.5753681e+01 1.5468292e+01 1.5395019e+01 1.5481975e+01 1.5636135e+01 1.5647440e+01 1.5508524e+01 1.5187755e+01 1.4833088e+01 1.4593840e+01 1.4357678e+01 1.4132826e+01 1.3843842e+01 1.3468774e+01 1.3004099e+01 1.2457506e+01 1.1795488e+01 1.0943994e+01 1.0256331e+01 9.5436092e+00 8.9306462e+00 8.4494344e+00 8.1533658e+00 7.8625158e+00 7.6731112e+00 7.6025404e+00 7.6358868e+00 7.6863478e+00 7.7183574e+00 7.7360039e+00 7.7272704e+00 7.6557497e+00 7.5039089e+00 7.3545456e+00 7.2204448e+00 7.1123274e+00 7.0208487e+00 6.9759219e+00 6.9323511e+00 6.9785780e+00 7.0924743e+00 7.4779463e+00 7.6171979e+00 6.9508025e+00 6.4235918e+00 5.4105840e+00 5.4675438e+00 6.6936680e+00 6.6939195e+00
1.6251438e+01 1.6203927e+01 1.6101104e+01 1.6003182e+01 1.5930696e+01 1.5975735e+01 1.5721972e+01 1.5610137e+01 1.5346049e+01 1.5204091e+01 1.4820182e+01 1.4706246e+01 1.4429366e+01 1.4089525e+01 1.3656196e+01 1.3113688e+01 1.2485133e+01 1.1712464e+01 1.0770435e+01 9.9710432e+00 9.2260794e+00 8.5957815e+00 8.1423736e+00 7.9233201e+00 7.7527307e+00 7.6657621e+00 7.6247506e+00 7.6082587e+00 7.6880298e+00 7.7826030e+00 7.8469097e+00 7.8712088e+00 7.8129824e+00 7.6562768e+00 7.4937883e+00 7.2895600e+00 7.1344833e+00 7.0135264e+00 6.9450481e+00 6.8886036e+00 6.9214821e+00 6.9008701e+00 5.9830001e+00 3.0471008e+00 3.0544365e+00 2.0081303e+00 5.7436984e-01 4.2091224e+00 5.8046595e+00 6.5435521e+00
1.7190022e+01 1.7099545e+01 1.6962862e+01 1.6796252e+01 1.6649536e+01 1.6504039e+01 1.6513631e+01 1.6338786e+01 1.5682310e+01 1.5371321e+01 1.5613287e+01 1.5282459e+01 1.5083515e+01 1.4460550e+01 1.3911580e+01 1.3260533e+01 1.2571096e+01 1.1692702e+01 1.0613126e+01 9.6910138e+00 8.8424795e+00 8.1908761e+00 7.8061572e+00 7.6596425e+00 7.5033751e+00 7.3346641e+00 7.3284180e+00 7.5471778e+00 7.6691908e+00 7.8200399e+00 7.9623207e+00 8.0321309e+00 7.9826934e+00 7.8150804e+00 7.5964795e+00 7.3206304e+00 7.1046660e+00 6.9913953e+00 6.9763386e+00 6.8815541e+00 6.9337304e+00 5.2191930e+00 0.0000000e+00 0.0000000e+00 0.0000000e+00 0.0000000e+00 0.0000000e+00 4.5095464e+00 6.5641838e+00 6.4292962e+00
1.8282473e+01 1.8077608e+01 1.7856038e+01 1.7644951e+01 1.7443747e+01 1.7269605e+01 1.7315356e+01 1.7079104e+01 1.6738811e+01 1.6540720e+01 1.6417929e+01 1.6291982e+01 1.5623995e+01 1.4878046e+01 1.4135084e+01 1.3410488e+01 1.2665849e+01 1.1695905e+01 1.0506352e+01 9.4627614e+00 8.5021114e+00 7.7767091e+00 7.5109683e+00 7.5077407e+00 7.0960637e+00 6.4153671e+00 6.5632387e+00 7.4229573e+00 7.6432526e+00 7.8661515e+00 8.0852789e+00 8.2132920e+00 8.1743117e+00 7.9764554e+00 7.6823353e+00 7.3444178e+00 7.0437686e+00 6.9842288e+00 6.9888663e+00 6.7426774e+00 6.9808301e+00 5.6364694e+00 7.2686686e-04 0.0000000e+00 0.0000000e+00 0.0000000e+00 2.0800909e+00 4.9624432e+00 6.6964942e+00 6.5283501e+00
1.9100904e+01 1.8864570e+01 1.8628045e+01 1.8423808e+01 1.8255063e+01 1.8121449e+01 1.7995409e+01 1.7880433e+01 1.7662627e+01 1.7186187e+01 1.5792789e+01 1.6153411e+01 1.5728327e+01 1.5095971e+01 1.4367321e+01 1.3624676e+01 1.2900413e+01 1.1947623e+01 1.0585615e+01 9.3413162e+00 8.1390712e+00 6.6944802e+00 6.6020824e+00 6.3239986e+00 6.6737050e+00 6.6613124e+00 6.7641361e+00 6.9243752e+00 7.6396420e+00 8.1755520e+00 8.5317305e+00 8.7236971e+00 8.7169495e+00 8.4572259e+00 8.0756931e+00 7.5164826e+00 6.9484351e+00 6.8369281e+00 5.9471622e+00 5.7232296e+00 6.9295981e+00 6.1754993e+00 3.8840135e-01 9.5977383e-04 1.7502142e+00 3.8387107e+00 4.9215596e+00 6.4630197e+00 6.5750634e+00 6.6144700e+00
1.9808660e+01 1.9627470e+01 1.9469007e+01 1.9375737e+01 1.9211786e+01 1.9023242e+01 1.8917238e+01 1.8403266e+01 1.7128505e+01 1.6264654e+01 1.5562248e+01 1.5580646e+01 1.5362360e+01 1.4918087e+01 1.4429041e+01 1.3830951e+01 1.3200737e+01 1.2330843e+01 1.0929718e+01 9.5060341e+00 7.9510559e+00 7.0708820e+00 5.8744198e+00 4.8126558e+00 6.5908948e+00 6.9484514e+00 7.0345298e+00 7.0790060e+00 8.0376320e+00 8.7149887e+00 9.1360587e+00 9.3597458e+00 9.3551491e+00 9.0656065e+00 8.6183586e+00 7.9671434e+00 7.1812676e+00 6.7415204e+00 6.8936572e+00 7.0065430e+00 7.0032976e+00 6.7374649e+00 6.4173272e+00 6.5309615e+00 6.0474869e+00 5.6358521e+00 5.9566312e+00 5.8867218e+00 6.8157890e+00 6.8104264e+00
2.0407785e+01 2.0648719e+01 2.0401524e+01 1.9956100e+01 1.9591051e+01 1.9701064e+01 1.9194015e+01 1.9070036e+01 1.7023005e+01 1.5491697e+01 1.5481856e+01 1.5339127e+01 1.5032270e+01 1.4810270e+01 1.4506627e+01 1.4061866e+01 1.3616240e+01 1.2982298e+01 1.1663425e+01 1.0212733e+01 8.1835379e+00 6.9718893e+00 6.6685051e+00 6.3457971e+00 6.1940345e+00 7.4767862e+00 8.1046570e+00 8.5224220e+00 9.0687539e+00 9.5965171e+00 9.9732136e+00 1.0180092e+01 1.0160224e+01 9.8780950e+00 9.4614880e+00 8.8697996e+00 8.1921783e+00 7.7069284e+00 7.7367398e+00 7.7357177e+00 7.5282279e+00 7.2846895e+00 7.1742023e+00 6.9324566e+00 6.6297204e+00 5.7425658e+00 6.0831292e+00 6.7255579e+00 6.9928588e+00 7.0166458e+00
2.1569135e+01 2.1683356e+01 2.0790857e+01 2.0686955e+01 1.9712022e+01 2.0026969e+01 1.9472292e+01 1.7140487e+01 1.5597759e+01 1.5834380e+01 1.5515525e+01 1.5176387e+01 1.4987233e+01 1.4892891e+01 1.4670190e+01 1.4310519e+01 1.4104695e+01 1.4015750e+01 1.3091408e+01 1.2094918e+01 1.0637367e+01 8.3356205e+00 7.1298775e+00 6.9862681e+00 7.2381860e+00 8.6601140e+00 9.6332276e+00 1.0068332e+01 1.0436899e+01 1.0789648e+01 1.1061553e+01 1.1195117e+01 1.1158889e+01 1.0913121e+01 1.0570255e+01 1.0099732e+01 9.5570016e+00 9.1422541e+00 8.8840603e+00 8.6451081e+00 8.3714472e+00 8.0016543e+00 7.5872256e+00 7.1600676e+00 6.6873927e+00 6.5790139e+00 6.8523832e+00 7.0964003e+00 7.2120337e+00 7.2607681e+00
2.1868320e+01 2.2392913e+01 2.1932159e+01 2.1272231e+01 2.1119134e+01 1.9742710e+01 1.8179549e+01 1.3495133e+01 1.3930960e+01 1.4075325e+01 1.5198176e+01 1.5713095e+01 1.5056565e+01 1.5085872e+01 1.5020615e+01 1.4655738e+01 1.4239531e+01 1.4850782e+01 1.5083786e+01 1.4475469e+01 1.4060190e+01 1.2039928e+01 1.0629248e+01 1.0896855e+01 1.1468404e+01 1.2199411e+01 1.2025388e+01 1.1818737e+01 1.1869822e+01 1.2065623e+01 1.2246107e+01 1.2311188e+01 1.2262296e+01 1.2071922e+01 1.1786555e+01 1.1413760e+01 1.0926193e+01 1.0743536e+01 1.0499075e+01 9.8617131e+00 9.2837539e+00 8.8349239e+00 8.3692049e+00 7.8832888e+00 7.4083795e+00 7.1560198e+00 7.2514290e+00 7.4299863e+00 7.5498934e+00 7.5569894e+00
2.1987887e+01 2.0573604e+01 2.2282804e+01 2.1753894e+01 2.1509029e+01 2.0623979e+01 1.6834402e+01 1.4793790e+01 1.2106440e+01 1.1105110e+01 1.3855940e+01 1.5993704e+01 1.4944823e+01 1.5176873e+01 1.5518016e+01 1.5449106e+01 1.4543304e+01 1.5390453e+01 1.6493511e+01 1.6628827e+01 1.5774882e+01 1.5319228e+01 1.4494710e+01 1.4701776e+01 1.5138511e+01 1.5539614e+01 1.4070708e+01 1.3076410e+01 1.2927214e+01 1.3071272e+01 1.3202918e+01 1.3212287e+01 1.3147147e+01 1.3017711e+01 1.2814137e+01 1.2474057e+01 1.2185690e+01 1.1139754e+01 1.1526370e+01 1.0902622e+01 1.0107287e+01 9.5581078e+00 9.0486776e+00 8.5706834e+00 8.1305131e+00 7.8461022e+00 7.7962403e+00 7.8696636e+00 7.8946953e+00 7.8568733e+00
2.3225476e+01 2.2247722e+01 2.2607268e+01 2.1727220e+01 2.1568662e+01 2.0677540e+01 1.8814609e+01 1.7826157e+01 1.5411928e+01 1.6597417e+01 1.7186858e+01 1.7306999e+01 1.6548948e+01 1.6489129e+01 1.6308063e+01 1.6354279e+01 1.6927592e+01 1.7077164e+01 1.7149018e+01 1.6115989e+01 1.6208350e+01 1.6554389e+01 1.6548055e+01 1.6278277e+01 1.6447260e+01 1.5946174e+01 1.4187389e+01 1.3720892e+01 1.4108326e+01 1.4289588e+01 1.4341821e+01 1.4214078e+01 1.4126979e+01 1.4099818e+01 1.3946995e+01 1.3722607e+01 1.3768172e+01 1.0027098e+01 6.0608737e+00 1.0845649e+01 1.1385214e+01 1.0582463e+01 9.9232382e+00 9.3837916e+00 8.9625605e+00 8.6838406e+00 8.6455365e+00 8.4569709e+00 8.3158662e+00 8.2241497e+00
2.3231703e+01 2.2643759e+01 2.1732883e+01 2.2095153e+01 2.1847910e+01 2.1132232e+01 2.1527838e+01 1.9638359e+01 1.9250296e+01 1.9071032e+01 1.7409543e+01 1.4000611e+01 1.8180067e+01 1.7833999e+01 1.7293453e+01 1.7659301e+01 1.7834554e+01 1.7757247e+01 1.7640702e+01 1.7280846e+01 1.7044110e+01 1.6389021e+01 1.6455139e+01 1.5812814e+01 1.6836616e+01 1.6810106e+01 1.5231956e+01 1.4773659e+01 1.5256778e+01 1.5435801e+01 1.5639469e+01 1.5364061e+01 1.5194306e+01 1.5518989e+01 1.5587694e+01 1.5239899e+01 1.5479834e+01 1.3609193e+01 1.2582288e+01 1.2480817e+01 7.4229298e+00 6.9578514e+00 1.0677796e+01 1.0596553e+01 1.0195503e+01 8.9944942e+00 6.0551945e+00 8.3037156e+00 9.0688404e+00 8.7894615e+00
2.3077147e+01 2.2619298e+01 2.1765288e+01 2.2782473e+01 2.2395888e+01 2.1763269e+01 2.0647704e+01 1.9688726e+01 2.0170322e+01 1.7359166e+01 1.8144926e+01 1.4866828e+01 1.7818186e+01 1.8902948e+01 1.8535220e+01 1.8358669e+01 1.8216200e+01 1.8215999e+01 1.7786266e+01 1.7491284e+01 1.7335163e+01 1.6975773e+01 1.6831374e+01 1.5445496e+01 1.6488582e+01 1.6723857e+01 1.6853568e+01 1.6110839e+01 1.6629615e+01 1.6062371e+01 1.5910657e+01 1.5798498e+01 1.5624113e+01 1.5841931e+01 1.6264256e+01 1.5635915e+01 1.5740437e+01 1.6023349e+01 1.5195312e+01 1.3947796e+01 1.1154927e+01 1.0663875e+01 1.1821270e+01 1.1369370e+01 1.1041826e+01 9.7065319e+00 6.2075755e+00 8.7234070e+00 9.6785694e+00 9.2773008e+00
2.3769117e+01 2.2900937e+01 2.3143739e+01 2.3166253e+01 2.0009398e+01 2.2346170e+01 2.1060601e+01 2.0460267e+01 2.0451113e+01 1.8673481e+01 1.9389842e+01 1.8577820e+01 1.8699988e+01 1.9747474e+01 1.9064333e+01 1.8810806e+01 1.8764613e+01 1.8807103e+01 1.8521284e+01 1.7896773e+01 1.7638653e+01 1.7361891e+01 1.7090772e+01 1.6600474e+01 1.7110500e+01 1.6990450e+01 1.6860293e+01 1.6658662e+01 1.6786610e+01 1.6306064e+01 1.6105255e+01 1.5760809e+01 1.5329181e+01 1.5744545e+01 1.4909425e+01 1.5737021e+01 1.5768662e+01 1.5746545e+01 1.5161827e+01 1.4450742e+01 1.3943336e+01 1.3298653e+01 1.2549505e+01 1.1992399e+01 1.1595119e+01 1.1137306e+01 1.0478752e+01 1.0492652e+01 1.0170776e+01 9.7964398e+00
2.4019393e+01 2.3760960e+01 2.3429506e+01 2.2773785e+01 2.1642525e+01 2.2329584e+01 2.1623817e+01 2.1071514e+01 2.0889724e+01 2.0534644e+01 2.0602495e+01 2.0567832e+01 2.0290975e+01 2.0133595e+01 1.9660664e+01 1.9483379e+01 1.8990763e+01 1.7975301e+01 1.8110592e+01 1.8724995e+01 1.8106450e+01 1.7756408e+01 1.7727180e+01 1.7463479e+01 1.7395176e+01 1.6598927e+01 1.6205987e+01 1.6773402e+01 1.7049415e+01 1.6425132e+01 1.6141484e+01 1.6123661e+01 1.5015738e+01 1.4660580e+01 1.5793059e+01 1.6049226e+01 1.6002302e+01 1.5678411e+01 1.5250594e+01 1.4737653e+01 1.4140159e+01 1.3535883e+01 1.3027655e+01 1.2598283e+01 1.2196307e+01 1.1885313e+01 1.1626010e+01 1.1213150e+01 1.0731504e+01 1.0345215e+01
2.3713065e+01 2.3573068e+01 2.2824387e+01 2.2817193e+01 2.2811404e+01 2.2168892e+01 2.2649209e+01 2.2128400e+01 2.1813675e+01 2.1751220e+01 2.1378551e+01 2.0963082e+01 2.0596556e+01 2.0592202e+01 2.0149112e+01 1.9578626e+01 1.8565446e+01 1.7487703e+01 1.8460297e+01 1.9248471e+01 1.8702493e+01 1.8441368e+01 1.8327688e+01 1.7867141e+01 1.7657508e+01 1.6897758e+01 1.7036716e+01 1.7149432e+01 1.6552117e+01 1.6807939e+01 1.5719964e+01 1.4760136e+01 1.4509067e+01 1.4035494e+01 1.4651109e+01 1.5440488e+01 1.5286729e+01 1.5125341e+01 1.5283159e+01 1.5207773e+01 1.4464767e+01 1.3931512e+01 1.3471935e+01 1.3075261e+01 1.2732482e+01 1.2452632e+01 1.2164014e+01 1.1832054e+01 1.1361782e+01 1.0888941e+01
2.3105871e+01 2.3064808e+01 2.3401109e+01 2.3022028e+01 2.2897549e+01 2.2871361e+01 2.2732902e+01 2.2604196e+01 2.2440637e+01 2.2162314e+01 2.1758786e+01 2.1153762e+01 2.1019265e+01 2.0423549e+01 2.0118319e+01 2.0606444e+01 1.9787746e+01 1.9347490e+01 1.9810926e+01 1.9700962e+01 1.9302911e+01 1.8958711e+01 1.8654040e+01 1.8397339e+01 1.8041623e+01 1.7795594e+01 1.6714867e+01 1.7581998e+01 1.7914880e+01 1.6440790e+01 1.6518846e+01 1.6008128e+01 1.5384851e+01 1.5288004e+01 1.4995077e+01 1.5146730e+01 1.4476911e+01 1.3489395e+01 1.5462984e+01 1.5467725e+01 1.4873278e+01 1.4398540e+01 1.3833326e+01 1.3443908e+01 1.3205663e+01 1.2994707e+01 1.2784020e+01 1.2497689e+01 1.2050311e+01 1.1550610e+01
2.4171546e+01 2.4051604e+01 2.3723391e+01 2.3296876e+01 2.3099354e+01 2.2570341e+01 2.2623665e+01 2.2686909e+01 2.2607769e+01 2.2372051e+01 2.2005710e+01 2.1630995e+01 2.1389505e+01 2.1014382e+01 2.0807157e+01 2.0841661e+01 2.0742578e+01 2.0540170e+01 2.0786715e+01 2.0304712e+01 1.9804634e+01 1.9493824e+01 1.9338707e+01 1.9005570e+01 1.8809158e+01 1.8653137e+01 1.8205188e+01 1.7685203e+01 1.7228554e+01 1.4546401e+01 1.5185566e+01 1.5513478e+01 1.5637157e+01 1.5991366e+01 1.5548819e+01 1.5021133e+01 1.4879259e+01 1.4776062e+01 1.4275861e+01 1.4787630e+01 1.3821866e+01 1.3393237e+01 1.3773724e+01 1.3816186e+01 1.3631866e+01 1.3519030e+01 1.3394596e+01 1.3171464e+01 1.2749649e+01 1.2271258e+01
2.3455326e+01 2.4118127e+01 2.3974460e+01 2.3641432e+01 2.3446008e+01 2.3377048e+01 2.3210072e+01 2.3017959e+01 2.2627271e+01 2.2400452e+01 2.2203795e+01 2.2085846e+01 2.2176866e+01 2.1655539e+01 2.0660768e+01 2.1245930e+01 2.1114568e+01 2.0407621e+01 2.0792799e+01 2.0853799e+01 2.0438371e+01 2.0393023e+01 1.9782191e+01 1.9569609e+01 1.9130678e+01 1.8888848e+01 1.9009152e+01 1.8888753e+01 1.8500397e+01 1.6316529e+01 1.7347494e+01 1.7241719e+01 1.6680547e+01 1.6273893e+01 1.5948604e+01 1.5481032e+01 1.5157429e+01 1.4492984e+01 1.4215574e+01 1.2838531e+01 6.6436771e+00 6.9840733e+00 1.3061075e+01 1.4172729e+01 1.3927785e+01 1.3950743e+01 1.3897660e+01 1.3727033e+01 1.3353100e+01 1.2884482e+01
