ahotovec/data/depth_0051.asc
ncols     164
nrows     146
xllcorner -1.242151388888889e+02
yllcorner  4.172986111111111e+01
cellsize  2.777777777820000e-04
nodata_value       -9999
[rows 110 to 131 of 146, columns 100 to 149 of 164]
9.4233392e+00 9.4071583e+00 9.4286833e+00 9.4167394e+00 9.3409537e+00 9.3847935e+00 6.4758244e+00 3.7217216e+00 2.4941844e+00 2.0456683e+00 2.7062742e-01 5.1921472e-04 5.7309461e-01 3.3153953e+00 4.4040760e+00 5.2208427e+00 5.6447940e+00 5.4709913e+00 5.6124268e+00 7.1777738e+00 8.0683639e+00 8.3004249e+00 8.4804240e+00 8.4102091e+00 7.9205158e+00 8.0746273e+00 8.0814994e+00 8.2300051e+00 8.2993923e+00 8.5375953e+00 8.4113259e+00 7.8178022e+00 8.1299317e+00 8.7266701e+00 9.2595665e+00 9.4403824e+00 9.4601400e+00 9.2129172e+00 9.1840516e+00 9.3066453e+00 9.4693114e+00 9.5326387e+00 9.6084800e+00 9.8023111e+00 9.8872212e+00 9.9568569e+00 1.0002399e+01 9.8873680e+00 9.7946505e+00 9.6299241e+00
9.5142096e+00 9.5703616e+00 9.5527456e+00 9.5219014e+00 9.4403640e+00 9.5239450e+00 9.4706632e+00 7.5584499e+00 5.9798722e+00 5.7580448e+00 4.0435629e+00 4.4132855e+00 4.8059848e+00 5.2695556e+00 5.2448371e+00 5.4051622e+00 6.0112070e+00 6.1034356e+00 6.0116978e+00 7.2618017e+00 8.0780739e+00 8.2599492e+00 8.4809180e+00 8.5160344e+00 7.9860914e+00 7.7991402e+00 7.7377306e+00 8.1989454e+00 8.4128369e+00 8.6913521e+00 8.7908420e+00 8.6535412e+00 8.6522950e+00 8.8978745e+00 9.5752292e+00 9.8750411e+00 9.7913529e+00 9.5870381e+00 9.4003215e+00 9.4587881e+00 9.6634193e+00 9.7222486e+00 9.6716768e+00 9.7566758e+00 9.8579793e+00 9.9528171e+00 1.0114660e+01 1.0063321e+01 9.8999582e+00 9.7941314e+00
9.6165372e+00 9.7073935e+00 9.7590737e+00 9.7333663e+00 9.7169551e+00 9.6324610e+00 9.7697137e+00 1.0131587e+01 9.8044524e+00 8.7122650e+00 7.6708471e+00 7.5106468e+00 7.7783491e+00 7.3189154e+00 6.1811716e+00 5.9342546e+00 6.5583853e+00 6.7697864e+00 7.0209449e+00 7.8661246e+00 8.2607881e+00 8.1065152e+00 8.2373346e+00 8.3188386e+00 8.1456541e+00 8.1294435e+00 7.6595881e+00 8.3182499e+00 8.6936795e+00 9.0520150e+00 9.4166062e+00 9.5832673e+00 9.2814482e+00 9.0100805e+00 9.5319362e+00 9.9896945e+00 1.0021460e+01 9.8154496e+00 9.5539286e+00 9.5304479e+00 9.7887432e+00 9.7727357e+00 9.7450630e+00 9.7506243e+00 9.8013592e+00 9.8646632e+00 1.0030698e+01 1.0086366e+01 1.0016988e+01 9.9899444e+00
9.7848794e+00 9.8721627e+00 9.9313211e+00 9.9607698e+00 9.9726849e+00 9.9408765e+00 9.8974220e+00 9.9069995e+00 9.7204197e+00 9.2003518e+00 9.5638017e+00 9.3510752e+00 9.1354807e+00 8.5531118e+00 7.5681741e+00 7.3257317e+00 7.5698542e+00 7.9182901e+00 8.3756377e+00 8.8285185e+00 8.7998413e+00 8.4621782e+00 8.2863483e+00 8.3737536e+00 8.5199447e+00 8.9159209e+00 8.5338599e+00 8.8325434e+00 9.0964145e+00 9.3972987e+00 9.8394657e+00 1.0381481e+01 9.8418800e+00 9.5281706e+00 9.8830553e+00 1.0272113e+01 1.0356842e+01 1.0097461e+01 9.8313296e+00 9.7494159e+00 9.8350018e+00 9.8072160e+00 9.7790872e+00 9.7670276e+00 9.8263682e+00 9.9250876e+00 1.0069185e+01 1.0135762e+01 1.0123792e+01 1.0124914e+01
9.9790337e+00 1.0083521e+01 1.0140087e+01 1.0209911e+01 1.0251198e+01 1.0231704e+01 1.0196740e+01 1.0146556e+01 1.0054933e+01 1.0000028e+01 1.0480427e+01 1.0132292e+01 1.0076875e+01 9.8602605e+00 9.3679082e+00 9.0524078e+00 9.1204981e+00 9.1828980e+00 9.5227847e+00 9.7326114e+00 9.6131615e+00 9.0871104e+00 8.6537658e+00 8.7402339e+00 9.0749644e+00 9.3428466e+00 9.3318266e+00 9.4652290e+00 9.6239622e+00 9.6631484e+00 9.6916742e+00 1.0094761e+01 9.9796710e+00 9.9575205e+00 1.0293374e+01 1.0729957e+01 1.0954312e+01 1.0505924e+01 1.0032017e+01 9.9598250e+00 9.9386388e+00 9.8547662e+00 9.8704561e+00 9.8538948e+00 9.9141672e+00 1.0052072e+01 1.0169820e+01 1.0254309e+01 1.0221074e+01 1.0151140e+01
1.0225584e+01 1.0315420e+01 1.0372358e+01 1.0420725e+01 1.0472487e+01 1.0466664e+01 1.0469544e+01 1.0415743e+01 1.0341094e+01 1.0344469e+01 1.0326414e+01 1.0577571e+01 1.1208053e+01 1.1103479e+01 1.0849032e+01 1.0632342e+01 1.0288793e+01 1.0270945e+01 1.0688488e+01 1.0813187e+01 1.0578067e+01 9.9633513e+00 9.4723346e+00 9.4223134e+00 9.6784190e+00 9.9024499e+00 9.9751415e+00 1.0118757e+01 1.0209598e+01 1.0019266e+01 9.8765427e+00 1.0011196e+01 1.0068121e+01 1.0211649e+01 1.0548672e+01 1.1077177e+01 1.1424860e+01 1.0907859e+01 1.0339033e+01 1.0272972e+01 1.0211671e+01 1.0071750e+01 1.0047514e+01 1.0006290e+01 1.0074565e+01 1.0232244e+01 1.0318849e+01 1.0400656e+01 1.0330548e+01 1.0207245e+01
1.0462809e+01 1.0464665e+01 1.0556896e+01 1.0698597e+01 1.0751572e+01 1.0823528e+01 1.0718354e+01 1.0690213e+01 1.0584721e+01 1.0694813e+01 1.0796282e+01 1.1386988e+01 1.2164085e+01 1.1905013e+01 1.1643139e+01 1.1159074e+01 1.0457020e+01 1.0582734e+01 1.1515484e+01 1.1516808e+01 1.1049154e+01 1.0524788e+01 1.0130026e+01 1.0066864e+01 1.0234490e+01 1.0370784e+01 1.0685614e+01 1.0418259e+01 1.0388593e+01 1.0172145e+01 1.0011742e+01 9.9917357e+00 1.0060090e+01 1.0269560e+01 1.0524807e+01 1.0993818e+01 1.1250573e+01 1.0948274e+01 1.0522511e+01 1.0490508e+01 1.0542699e+01 1.0430501e+01 1.0209905e+01 1.0108339e+01 1.0266843e+01 1.0510973e+01 1.0420974e+01 1.0418491e+01 1.0351215e+01 1.0263666e+01
1.0493547e+01 1.0673771e+01 1.0749075e+01 1.0862223e+01 1.0982735e+01 1.0994518e+01 1.0966289e+01 1.0837505e+01 1.0707417e+01 1.0960774e+01 1.1349059e+01 1.1554376e+01 1.1341336e+01 1.1318413e+01 1.1250828e+01 1.0976656e+01 1.0155971e+01 9.3937090e+00 1.1165753e+01 1.1477346e+01 1.1238169e+01 1.0984348e+01 1.0869567e+01 1.0902022e+01 1.1056613e+01 1.1185337e+01 1.1227857e+01 1.0831902e+01 1.0698099e+01 1.0439623e+01 1.0154404e+01 9.9814775e+00 9.9610714e+00 1.0187555e+01 1.0482955e+01 1.0726754e+01 1.0859827e+01 1.0725549e+01 1.0508786e+01 1.0358556e+01 1.0544772e+01 1.0588369e+01 1.0565460e+01 1.0386291e+01 1.0470089e+01 1.0636015e+01 1.0513694e+01 1.0423948e+01 1.0367952e+01 1.0325268e+01
1.0781782e+01 1.0956724e+01 1.1069351e+01 1.1062397e+01 1.1095432e+01 1.1239512e+01 1.1196322e+01 1.0947138e+01 1.1216471e+01 1.1825644e+01 1.2057145e+01 1.2153843e+01 1.1607104e+01 1.1408016e+01 1.0736819e+01 1.1390997e+01 1.1475927e+01 1.0512729e+01 1.0755884e+01 1.0907764e+01 1.1000862e+01 1.1123396e+01 1.1295062e+01 1.1535856e+01 1.1568174e+01 1.1600175e+01 1.1502121e+01 1.1290982e+01 1.1050256e+01 1.0666666e+01 1.0296842e+01 1.0040626e+01 9.9364743e+00 1.0183745e+01 1.0425358e+01 1.0544284e+01 1.0619918e+01 1.0586982e+01 1.0531401e+01 1.0444625e+01 1.0566204e+01 1.0701664e+01 1.0850147e+01 1.0694228e+01 1.0640395e+01 1.0644522e+01 1.0524862e+01 1.0399205e+01 1.0369442e+01 1.0378799e+01
1.1083574e+01 1.0783380e+01 1.1201525e+01 1.1719087e+01 1.1945895e+01 1.1594688e+01 1.1426496e+01 1.0904217e+01 1.0928868e+01 1.2258514e+01 1.2151220e+01 1.2115555e+01 1.2390899e+01 1.2707836e+01 1.2156204e+01 1.2357600e+01 1.2105204e+01 1.1231876e+01 1.0015367e+01 1.0057608e+01 1.0643217e+01 1.1075163e+01 1.1467116e+01 1.1846843e+01 1.1811839e+01 1.1770688e+01 1.1715302e+01 1.1595602e+01 1.1414981e+01 1.0960049e+01 1.0496391e+01 1.0297498e+01 1.0259244e+01 1.0447543e+01 1.0627767e+01 1.0585564e+01 1.0561932e+01 1.0551837e+01 1.0529908e+01 1.0479105e+01 1.0543041e+01 1.0612200e+01 1.0773270e+01 1.0775792e+01 1.0714648e+01 1.0640844e+01 1.0516664e+01 1.0382330e+01 1.0374439e+01 1.0436131e+01
1.1195310e+01 1.1294097e+01 1.1492140e+01 1.2395214e+01 1.3423541e+01 1.3121012e+01 1.3138327e+01 1.1766228e+01 1.0716585e+01 1.1806040e+01 1.1574511e+01 1.1864326e+01 1.2486618e+01 1.2763695e+01 1.2812400e+01 1.2648784e+01 1.2117277e+01 1.0891791e+01 9.1755033e+00 9.7969141e+00 1.0777258e+01 1.1194283e+01 1.1611131e+01 1.1951186e+01 1.1948822e+01 1.1870784e+01 1.1825657e+01 1.1809680e+01 1.1799310e+01 1.1338803e+01 1.0858242e+01 1.0684748e+01 1.0669344e+01 1.0816620e+01 1.1008522e+01 1.0886135e+01 1.0735393e+01 1.0666759e+01 1.0628134e+01 1.0595261e+01 1.0583568e+01 1.0705429e+01 1.0801620e+01 1.0823663e+01 1.0777622e+01 1.0705823e+01 1.0626710e+01 1.0527602e+01 1.0521350e+01 1.0551026e+01
1.1935231e+01 1.1740599e+01 1.1966454e+01 1.2602023e+01 1.3015101e+01 1.3836676e+01 1.4806771e+01 1.4220578e+01 1.3438279e+01 1.2970789e+01 1.2343100e+01 1.2437533e+01 1.2591264e+01 1.2567456e+01 1.2714383e+01 1.2719890e+01 1.2518964e+01 1.2091639e+01 1.1735991e+01 1.1303700e+01 1.1207089e+01 1.1515253e+01 1.1860508e+01 1.2082759e+01 1.2069561e+01 1.1923179e+01 1.1828608e+01 1.1823895e+01 1.1773715e+01 1.1463858e+01 1.1173145e+01 1.1023159e+01 1.1037395e+01 1.1071010e+01 1.1108768e+01 1.1042376e+01 1.0956176e+01 1.0895624e+01 1.0800508e+01 1.0764889e+01 1.0735551e+01 1.0836417e+01 1.0912186e+01 1.0939940e+01 1.0881402e+01 1.0822741e+01 1.0760307e+01 1.0705960e+01 1.0704650e+01 1.0702074e+01
1.2590578e+01 1.2566091e+01 1.2633697e+01 1.2824526e+01 1.2768595e+01 1.3024443e+01 1.3269093e+01 1.3688560e+01 1.3394801e+01 1.2984516e+01 1.2687695e+01 1.2726267e+01 1.2591408e+01 1.2509315e+01 1.2544496e+01 1.2666184e+01 1.2783430e+01 1.2741670e+01 1.2593538e+01 1.2116261e+01 1.1817607e+01 1.1960216e+01 1.2186000e+01 1.2315276e+01 1.2252410e+01 1.2185996e+01 1.1946646e+01 1.1792675e+01 1.1694159e+01 1.1506451e+01 1.1351193e+01 1.1264457e+01 1.1291959e+01 1.1236865e+01 1.1202340e+01 1.1194423e+01 1.1177630e+01 1.1067138e+01 1.0953367e+01 1.0891890e+01 1.0905113e+01 1.0967689e+01 1.1048941e+01 1.1112709e+01 1.1039382e+01 1.0986643e+01 1.0926038e+01 1.0889118e+01 1.0879132e+01 1.0880983e+01
1.3004693e+01 1.3199512e+01 1.3034973e+01 1.2950746e+01 1.2159261e+01 1.1938165e+01 1.3000212e+01 1.2917306e+01 1.2824164e+01 1.2619367e+01 1.2499464e+01 1.2865601e+01 1.2566049e+01 1.2398300e+01 1.2314585e+01 1.2266094e+01 1.2790555e+01 1.2828512e+01 1.2630177e+01 1.2354017e+01 1.2208172e+01 1.2302175e+01 1.2517301e+01 1.2624813e+01 1.2423131e+01 1.2334114e+01 1.2069718e+01 1.1809356e+01 1.1679235e+01 1.1553550e+01 1.1469786e+01 1.1421801e+01 1.1391562e+01 1.1299880e+01 1.1258050e+01 1.1290085e+01 1.1320871e+01 1.1161001e+01 1.1052342e+01 1.1013481e+01 1.1035434e+01 1.1078817e+01 1.1149089e+01 1.1195356e+01 1.1134166e+01 1.1086365e+01 1.1048058e+01 1.1037101e+01 1.1017020e+01 1.1008465e+01
1.2927645e+01 1.3189033e+01 1.3096778e+01 1.2913736e+01 1.2437438e+01 1.2154144e+01 1.2566714e+01 1.2667632e+01 1.2453873e+01 1.2386308e+01 1.2503977e+01 1.2701077e+01 1.2323763e+01 1.2073202e+01 1.1966959e+01 1.2004598e+01 1.2528173e+01 1.2674216e+01 1.2589563e+01 1.2416936e+01 1.2352579e+01 1.2536443e+01 1.2803281e+01 1.2762937e+01 1.2487695e+01 1.2285644e+01 1.2076868e+01 1.1972951e+01 1.1814519e+01 1.1657684e+01 1.1604120e+01 1.1590083e+01 1.1616009e+01 1.1460360e+01 1.1273940e+01 1.1280573e+01 1.1293825e+01 1.1229803e+01 1.1167242e+01 1.1202382e+01 1.1220187e+01 1.1173167e+01 1.1212636e+01 1.1241423e+01 1.1228667e+01 1.1212091e+01 1.1189988e+01 1.1187012e+01 1.1190098e+01 1.1163644e+01
1.2683870e+01 1.2876742e+01 1.2936502e+01 1.3056698e+01 1.3187454e+01 1.3466207e+01 1.3043460e+01 1.2656532e+01 1.2582772e+01 1.2569743e+01 1.2577499e+01 1.2334965e+01 1.1931586e+01 1.1642498e+01 1.1742490e+01 1.1964332e+01 1.2286157e+01 1.2479279e+01 1.2491019e+01 1.2399834e+01 1.2349358e+01 1.2608021e+01 1.2822129e+01 1.2712793e+01 1.2514038e+01 1.2356464e+01 1.2215410e+01 1.2086019e+01 1.1973464e+01 1.1920073e+01 1.1875303e+01 1.1790745e+01 1.1787774e+01 1.1601574e+01 1.1399700e+01 1.1349733e+01 1.1310746e+01 1.1268835e+01 1.1289631e+01 1.1339947e+01 1.1346049e+01 1.1338759e+01 1.1366431e+01 1.1387382e+01 1.1392901e+01 1.1388148e+01 1.1368292e+01 1.1370539e+01 1.1446340e+01 1.1438415e+01
1.2688489e+01 1.2603697e+01 1.2660897e+01 1.3032573e+01 1.3470614e+01 1.3781967e+01 1.3537123e+01 1.3136229e+01 1.3079508e+01 1.3204975e+01 1.2723858e+01 1.2329304e+01 1.2032009e+01 1.1891209e+01 1.1944378e+01 1.2106542e+01 1.2348650e+01 1.2507785e+01 1.2543211e+01 1.2517255e+01 1.2528806e+01 1.2690653e+01 1.2816309e+01 1.2732459e+01 1.2599618e+01 1.2353201e+01 1.2316715e+01 1.2248167e+01 1.2172349e+01 1.2141860e+01 1.2067081e+01 1.1847121e+01 1.1782640e+01 1.1667569e+01 1.1536862e+01 1.1458247e+01 1.1386093e+01 1.1319278e+01 1.1375226e+01 1.1432101e+01 1.1455548e+01 1.1452993e+01 1.1478691e+01 1.1495983e+01 1.1525910e+01 1.1547736e+01 1.1494732e+01 1.1460309e+01 1.1536348e+01 1.1570702e+01
1.2626167e+01 1.2596093e+01 1.2550708e+01 1.3016302e+01 1.3375147e+01 1.3742455e+01 1.3858478e+01 1.3517155e+01 1.3250279e+01 1.2987221e+01 1.2395141e+01 1.2403102e+01 1.2369197e+01 1.2318934e+01 1.2336847e+01 1.2455309e+01 1.2552433e+01 1.2652448e+01 1.2700911e+01 1.2704190e+01 1.2757427e+01 1.2892912e+01 1.2947517e+01 1.2866664e+01 1.2700309e+01 1.2576988e+01 1.2568176e+01 1.2524346e+01 1.2385624e+01 1.2303709e+01 1.2168745e+01 1.1962024e+01 1.1839955e+01 1.1742827e+01 1.1662839e+01 1.1601772e+01 1.1567644e+01 1.1509290e+01 1.1535539e+01 1.1584582e+01 1.1593911e+01 1.1590957e+01 1.1581839e+01 1.1581225e+01 1.1633938e+01 1.1686768e+01 1.1613694e+01 1.1566926e+01 1.1606434e+01 1.1662773e+01
1.2678231e+01 1.2598842e+01 1.2596118e+01 1.2953841e+01 1.3149214e+01 1.3557973e+01 1.3756584e+01 1.3599580e+01 1.3257309e+01 1.2896947e+01 1.2616990e+01 1.2714590e+01 1.2833930e+01 1.2804269e+01 1.2771606e+01 1.2823794e+01 1.2842443e+01 1.2871832e+01 1.2884683e+01 1.2891362e+01 1.2980555e+01 1.3139084e+01 1.3154075e+01 1.3056483e+01 1.2915440e+01 1.2813915e+01 1.2843502e+01 1.2851995e+01 1.2641595e+01 1.2462876e+01 1.2290135e+01 1.2097017e+01 1.1945904e+01 1.1863422e+01 1.1832264e+01 1.1804638e+01 1.1757927e+01 1.1743415e+01 1.1750920e+01 1.1752635e+01 1.1749360e+01 1.1757988e+01 1.1707927e+01 1.1667450e+01 1.1692792e+01 1.1722125e+01 1.1692620e+01 1.1665377e+01 1.1676664e+01 1.1769354e+01
1.2838616e+01 1.2943000e+01 1.3250088e+01 1.3513673e+01 1.3264304e+01 1.3495438e+01 1.3879875e+01 1.3624784e+01 1.3367905e+01 1.3143981e+01 1.3020508e+01 1.3089994e+01 1.3302588e+01 1.3308174e+01 1.3300815e+01 1.3294563e+01 1.3201372e+01 1.3133398e+01 1.3120396e+01 1.3148928e+01 1.3168889e+01 1.3330044e+01 1.3362985e+01 1.3301895e+01 1.3101882e+01 1.2888681e+01 1.2894405e+01 1.2899766e+01 1.2761779e+01 1.2589359e+01 1.2437724e+01 1.2266831e+01 1.2108550e+01 1.2081503e+01 1.2073898e+01 1.2058656e+01 1.2029328e+01 1.1990485e+01 1.1975222e+01 1.1980071e+01 1.1935460e+01 1.1919428e+01 1.1881481e+01 1.1809554e+01 1.1786564e+01 1.1799387e+01 1.1828265e+01 1.1787582e+01 1.1740612e+01 1.1874293e+01
1.3096420e+01 1.3110697e+01 1.2814835e+01 1.3774615e+01 1.3677949e+01 1.3358674e+01 1.3782286e+01 1.3781711e+01 1.3575069e+01 1.3535071e+01 1.3580427e+01 1.3413492e+01 1.3481717e+01 1.3605913e+01 1.3781204e+01 1.3890845e+01 1.3630781e+01 1.3372232e+01 1.3313103e+01 1.3391923e+01 1.3495653e+01 1.3633394e+01 1.3567733e+01 1.3465737e+01 1.3282832e+01 1.2857474e+01 1.2860723e+01 1.2897802e+01 1.2817344e+01 1.2722909e+01 1.2637533e+01 1.2578208e+01 1.2412237e+01 1.2369489e+01 1.2373197e+01 1.2364331e+01 1.2311324e+01 1.2257724e+01 1.2198810e+01 1.2184643e+01 1.2096437e+01 1.2034871e+01 1.2030551e+01 1.1987608e+01 1.1886725e+01 1.1908244e+01 1.1977294e+01 1.2001656e+01 1.1968308e+01 1.1979369e+01
1.3315163e+01 1.3539282e+01 1.3441783e+01 1.3163359e+01 1.3616211e+01 1.3787576e+01 1.4077842e+01 1.3781089e+01 1.3573880e+01 1.3448766e+01 1.3377383e+01 1.3346764e+01 1.3500307e+01 1.3691116e+01 1.4010755e+01 1.4294196e+01 1.3912061e+01 1.3451387e+01 1.3353102e+01 1.3459225e+01 1.3743518e+01 1.3949468e+01 1.3671168e+01 1.3428305e+01 1.3226862e+01 1.2927080e+01 1.2899817e+01 1.2971773e+01 1.2905777e+01 1.2854335e+01 1.2792695e+01 1.2739812e+01 1.2673188e+01 1.2642496e+01 1.2633343e+01 1.2724998e+01 1.2553772e+01 1.2435067e+01 1.2369059e+01 1.2290676e+01 1.2191889e+01 1.2123268e+01 1.2176978e+01 1.2209215e+01 1.1983459e+01 1.2025097e+01 1.2146052e+01 1.2207628e+01 1.2159363e+01 1.2001588e+01
