ahotovec/data/depth_0044.asc
ncols     164
nrows     146
xllcorner -1.242151388888889e+02
yllcorner  4.172986111111111e+01
cellsize  2.777777777820000e-04
nodata_value       -9999
[rows 88 to 109 of 146, columns 50 to 99 of 164]
4.8543795e-02 3.5205722e-01 1.7708165e-02 2.4023659e-02 8.7817618e-02 7.4727900e-03 2.6615917e+00 4.2984549e+00 4.4266125e+00 4.4032773e+00 4.5839160e+00 4.8806944e+00 5.2501424e+00 5.5867431e+00 5.8679484e+00 6.0373908e+00 6.3851512e+00 6.8666244e+00 7.1010693e+00 7.3500844e+00 7.3337483e+00 7.5289698e+00 7.5789919e+00 7.4866031e+00 7.6260897e+00 7.5221831e+00 7.6473096e+00 7.1986087e+00 6.0713983e+00 7.1035374e+00 7.4481466e+00 7.0300761e+00 7.1621360e+00 7.3902719e+00 7.4732928e+00 7.3489371e+00 7.4198662e+00 7.4580162e+00 7.4201590e+00 7.3282219e+00 7.3748678e+00 7.3515591e+00 7.2757289e+00 7.2543968e+00 7.3065690e+00 7.3370149e+00 7.5623411e+00 6.6866498e+00 6.6912250e+00 7.2692740e+00
3.0986410e+00 3.7800028e+00 3.6367591e+00 1.1011919e+00 3.0824168e-01 3.3974479e-02 1.7146318e-03 2.0663789e+00 4.2967022e+00 4.6718907e+00 4.7612609e+00 4.9713615e+00 5.3117964e+00 5.8979074e+00 6.1296916e+00 6.3634069e+00 6.7542782e+00 6.9774311e+00 6.9894707e+00 7.3737663e+00 7.7525015e+00 7.8724752e+00 7.7135505e+00 7.5858520e+00 7.5932007e+00 7.0932403e+00 6.6625415e+00 6.4847460e+00 6.2184120e+00 6.7514920e+00 7.2256222e+00 7.3915764e+00 7.4805128e+00 7.5623070e+00 7.6235623e+00 7.6194647e+00 7.5824964e+00 7.6411686e+00 7.6315743e+00 7.6092040e+00 7.5882706e+00 7.5654939e+00 7.5901025e+00 7.5069559e+00 7.4649950e+00 7.4688526e+00 7.6011723e+00 7.1775600e+00 6.8610936e+00 6.8216931e+00
5.6699473e+00 5.3601949e+00 4.5232144e+00 4.1520684e+00 4.4108714e-02 4.9554133e-03 5.8643017e-03 6.2601867e-04 1.9091589e+00 4.5511443e+00 4.9293588e+00 5.0223745e+00 5.2759883e+00 5.6973083e+00 5.9334782e+00 6.2456884e+00 6.5010293e+00 6.6839371e+00 6.7888374e+00 7.0119050e+00 7.2427297e+00 7.3243042e+00 7.1247336e+00 6.9890918e+00 6.8911313e+00 6.3600344e+00 5.8589529e+00 6.4737138e+00 6.9295893e+00 7.2354494e+00 7.5279427e+00 7.6875799e+00 7.7777645e+00 7.7844956e+00 7.7988507e+00 7.8428887e+00 7.8450548e+00 7.8170973e+00 7.8524418e+00 7.8385860e+00 7.8167608e+00 7.7460897e+00 7.8144868e+00 7.8194738e+00 7.7403239e+00 7.7351394e+00 7.6586247e+00 7.5973449e+00 7.0455747e+00 7.0545887e+00
5.6364248e+00 5.6734486e+00 5.4781048e+00 5.2329210e+00 1.9641677e+00 1.0934343e-01 6.1006970e-01 1.0664476e+00 3.2668989e-01 1.9076138e+00 4.7652692e+00 5.1363740e+00 5.1504355e+00 5.3267777e+00 5.2919733e+00 5.1984254e+00 5.8845548e+00 6.1527526e+00 6.2815908e+00 6.4127754e+00 6.4781814e+00 6.4285570e+00 6.2581282e+00 6.1020603e+00 6.2296085e+00 6.3153347e+00 6.4466353e+00 6.9922697e+00 7.4158969e+00 7.6507919e+00 7.7871942e+00 7.8924829e+00 7.9459009e+00 7.9936509e+00 7.9868833e+00 8.0153883e+00 8.0522037e+00 8.0597284e+00 8.0182306e+00 8.0477744e+00 7.9982661e+00 7.9727422e+00 8.0646059e+00 8.0643172e+00 8.0121977e+00 8.0013541e+00 7.9192216e+00 7.8067736e+00 7.6772407e+00 7.6016901e+00
5.4555376e+00 5.6116347e+00 4.6893834e+00 5.5170268e+00 4.6422750e+00 5.9198159e-01 8.6424575e-01 1.6438476e+00 1.6473687e+00 6.5517585e-01 1.8203694e+00 4.7619493e+00 5.1647318e+00 5.2425932e+00 3.5891434e+00 1.8773906e+00 5.1475834e+00 5.6528241e+00 5.7364521e+00 5.7970958e+00 5.7334665e+00 5.6017208e+00 5.5270146e+00 5.4601832e+00 6.0041780e+00 6.6355987e+00 7.0424128e+00 7.4049892e+00 7.7318438e+00 7.9180282e+00 8.0198237e+00 8.0633014e+00 8.1074652e+00 8.1445190e+00 8.1623543e+00 8.1881581e+00 8.2207629e+00 8.2511072e+00 8.2488594e+00 8.1994260e+00 8.1854927e+00 8.2009198e+00 8.2728877e+00 8.2415455e+00 8.2465126e+00 8.1744925e+00 8.0147341e+00 7.8465927e+00 7.6453102e+00 7.5400835e+00
5.2248145e+00 5.3594856e+00 5.4871851e+00 5.6997143e+00 5.5152080e+00 3.0330746e+00 1.3385358e-01 1.5574266e+00 2.1467661e+00 3.0291570e+00 1.2153319e+00 1.0563696e+00 4.4169770e+00 4.9986070e+00 4.2316016e+00 4.1419533e+00 5.2183487e+00 5.2887890e+00 5.3334328e+00 5.3355757e+00 5.2165066e+00 5.1620486e+00 5.5624550e+00 5.9497945e+00 6.6223514e+00 7.1871329e+00 7.5910052e+00 7.8168332e+00 7.9705753e+00 8.0818248e+00 8.1749988e+00 8.2481701e+00 8.2632224e+00 8.2915112e+00 8.3193960e+00 8.3206793e+00 8.3501969e+00 8.3839405e+00 8.3602744e+00 8.3660660e+00 8.4045707e+00 8.4403701e+00 8.4648977e+00 8.4517290e+00 8.4138349e+00 8.3102039e+00 8.0100382e+00 7.5696088e+00 7.2543224e+00 7.0881718e+00
5.1767523e+00 5.3070723e+00 5.5757475e+00 5.5486241e+00 5.4706695e+00 4.5722634e+00 1.2022744e+00 1.0598231e+00 4.0318506e+00 4.7269934e+00 4.3240511e+00 1.4287945e+00 1.0283753e-01 8.9331492e-01 3.5642282e+00 5.3644010e+00 5.1235138e+00 5.1455971e+00 5.1838992e+00 5.1697310e+00 5.1688293e+00 5.6636950e+00 6.2989617e+00 6.8712540e+00 7.2876719e+00 7.6089649e+00 7.8759363e+00 8.0830843e+00 8.1951982e+00 8.2296594e+00 8.2931919e+00 8.3663282e+00 8.4310721e+00 8.4409634e+00 8.4749290e+00 8.4978790e+00 8.5124937e+00 8.4958297e+00 8.4948598e+00 8.5561824e+00 8.6093853e+00 8.6435368e+00 8.6795478e+00 8.6698852e+00 8.6456010e+00 8.5032129e+00 7.6619228e+00 6.8524983e+00 6.6436224e+00 6.4269124e+00
5.3060485e+00 5.3716491e+00 5.4307254e+00 5.4258493e+00 5.4184700e+00 5.1929690e+00 3.8824241e+00 3.5470252e-01 3.5157163e+00 4.9915568e+00 3.7242067e+00 3.7829201e+00 3.8805879e-01 6.3827368e-04 2.1004683e+00 5.2616416e+00 5.1357052e+00 5.1693320e+00 5.1978346e+00 5.4494342e+00 5.8026154e+00 6.4454935e+00 7.0104403e+00 7.3779477e+00 7.7027989e+00 7.9029655e+00 8.0769950e+00 8.2168339e+00 8.3415521e+00 8.4039894e+00 8.4285329e+00 8.4778335e+00 8.5430337e+00 8.5974057e+00 8.6226667e+00 8.6438082e+00 8.6280676e+00 8.6270107e+00 8.6479624e+00 8.7164536e+00 8.7863674e+00 8.8341916e+00 8.8996253e+00 8.9588102e+00 9.0579274e+00 9.0156425e+00 7.0545133e+00 5.4687963e+00 5.2800845e+00 5.6322094e+00
5.3982125e+00 5.4312143e+00 5.4206330e+00 5.3892250e+00 5.3296200e+00 5.2494490e+00 4.9192058e+00 3.0392120e+00 8.2095675e-02 4.1266682e+00 4.4985738e+00 4.6011145e+00 3.9254784e+00 3.7779671e+00 4.7943568e+00 5.3294613e+00 5.4021798e+00 5.4683874e+00 5.5335089e+00 6.0900930e+00 6.7834689e+00 7.2273008e+00 7.4782192e+00 7.6953738e+00 7.8996951e+00 8.0874095e+00 8.2013697e+00 8.3165228e+00 8.4063106e+00 8.4888817e+00 8.5334838e+00 8.5688036e+00 8.6199840e+00 8.6457486e+00 8.6424941e+00 8.6473443e+00 8.6575056e+00 8.6599268e+00 8.7075746e+00 8.7858170e+00 8.8496613e+00 8.9266307e+00 9.0135695e+00 9.1323090e+00 9.2673054e+00 8.6083914e+00 2.3540320e+00 1.6759524e+00 2.1806661e+00 3.2721874e+00
5.5020439e+00 5.4951262e+00 5.4691079e+00 5.4256797e+00 5.3557674e+00 5.2429598e+00 5.2057454e+00 4.8471069e+00 1.7440353e+00 6.5938911e-01 4.4263131e+00 4.8588799e+00 5.1498201e+00 5.4011714e+00 5.3956219e+00 5.5520403e+00 5.8604520e+00 6.0967144e+00 6.3043808e+00 6.7972476e+00 7.2462004e+00 7.5762890e+00 7.8175278e+00 7.9094515e+00 8.0483947e+00 8.1798921e+00 8.2998791e+00 8.3880413e+00 8.4576660e+00 8.5369330e+00 8.5843522e+00 8.6239541e+00 8.6568510e+00 8.6280073e+00 8.6785978e+00 8.6981400e+00 8.7484128e+00 8.7520191e+00 8.7975283e+00 8.8417400e+00 8.9097483e+00 8.9956587e+00 9.0595114e+00 9.0999573e+00 9.0638504e+00 8.6910263e+00 6.6963481e+00 5.3070591e+00 3.7455878e+00 2.5464299e+00
5.6568054e+00 5.6192673e+00 5.5713385e+00 5.5079601e+00 5.4038527e+00 5.2891553e+00 5.2034252e+00 5.2452327e+00 4.2229339e+00 5.5029130e-02 3.6600641e+00 5.2526234e+00 5.0315890e+00 5.2050310e+00 5.4548296e+00 5.7622335e+00 6.1405993e+00 6.3542961e+00 6.5861063e+00 7.0666189e+00 7.4325498e+00 7.7784812e+00 8.0090035e+00 8.0860808e+00 8.1388349e+00 8.2396515e+00 8.3246150e+00 8.4306689e+00 8.4905585e+00 8.5689969e+00 8.6254149e+00 8.6442210e+00 8.6155953e+00 8.6944623e+00 8.7538327e+00 8.7681849e+00 8.8371526e+00 8.8365829e+00 8.8707684e+00 8.9031666e+00 8.9556042e+00 8.9983962e+00 9.0077316e+00 8.9557234e+00 8.8436612e+00 8.5857139e+00 8.2544221e+00 7.9335112e+00 7.7081925e+00 7.3976666e+00
5.8450480e+00 5.7721397e+00 5.7193616e+00 5.6282788e+00 5.4997391e+00 5.3942998e+00 5.2610210e+00 5.2253740e+00 4.9780727e+00 2.4696651e+00 5.8144135e-01 4.5568863e+00 5.1030128e+00 5.3572002e+00 5.5564658e+00 5.8580974e+00 6.1091586e+00 6.2937387e+00 6.8216201e+00 7.2018590e+00 7.5473822e+00 7.8423182e+00 8.0347727e+00 8.0971493e+00 8.1801258e+00 8.2693289e+00 8.3521944e+00 8.4380246e+00 8.5276583e+00 8.5773905e+00 8.6273905e+00 8.6656278e+00 8.6599948e+00 8.7177123e+00 8.7955170e+00 8.8242777e+00 8.8886381e+00 8.8969806e+00 8.9282314e+00 8.9676042e+00 9.0021513e+00 9.0239685e+00 8.9953445e+00 8.9212117e+00 8.8361572e+00 8.6436280e+00 8.4829075e+00 8.4634486e+00 8.3040013e+00 8.1403200e+00
6.0294213e+00 5.9233289e+00 5.8563241e+00 5.7247508e+00 5.5599373e+00 5.4397721e+00 5.3010477e+00 5.1849835e+00 5.0680518e+00 4.1996028e+00 1.1763942e+00 4.8101205e-01 4.6805419e+00 5.4019317e+00 5.6194674e+00 5.9534669e+00 6.2979301e+00 6.5496427e+00 7.0215335e+00 7.3278480e+00 7.5936564e+00 7.8068212e+00 7.9456426e+00 8.0785474e+00 8.2062970e+00 8.3001140e+00 8.3861855e+00 8.4645189e+00 8.5436866e+00 8.6224560e+00 8.6643879e+00 8.6573978e+00 8.6942588e+00 8.7403391e+00 8.8142295e+00 8.8660251e+00 8.9280135e+00 8.9388617e+00 8.9679014e+00 9.0009585e+00 9.0450438e+00 9.0288489e+00 8.9883859e+00 8.9195350e+00 8.8960534e+00 8.8937139e+00 8.7840401e+00 8.6223554e+00 8.4608060e+00 8.4181170e+00
6.3557279e+00 6.2066435e+00 6.0698752e+00 5.8783267e+00 5.6695757e+00 5.5058081e+00 5.3461603e+00 5.2032516e+00 5.1299609e+00 5.1132247e+00 3.8869571e+00 2.3268667e-04 3.5488871e+00 5.5813692e+00 5.6275863e+00 6.0421166e+00 6.4999555e+00 6.8284032e+00 7.0611978e+00 7.4007324e+00 7.6299374e+00 7.7800610e+00 7.9397493e+00 8.0729694e+00 8.2039398e+00 8.3189642e+00 8.3974795e+00 8.4851928e+00 8.5667568e+00 8.6423654e+00 8.6735346e+00 8.6544315e+00 8.7127618e+00 8.7596429e+00 8.8422305e+00 8.8942745e+00 8.9425443e+00 8.9359909e+00 8.9734055e+00 9.0319012e+00 9.0393082e+00 9.0348694e+00 9.0096572e+00 8.9519763e+00 8.9901541e+00 9.0003431e+00 8.9390518e+00 8.7917368e+00 8.7497584e+00 8.6753904e+00
6.7810671e+00 6.5655326e+00 6.3631634e+00 6.1188936e+00 5.8615840e+00 5.6182850e+00 5.4307512e+00 5.2824352e+00 5.1442226e+00 5.1409426e+00 4.7465167e+00 1.8262115e+00 6.9031278e-02 5.3071603e+00 5.6225060e+00 5.9798183e+00 6.4459815e+00 6.8605329e+00 7.1475944e+00 7.3496941e+00 7.5796383e+00 7.7699091e+00 7.9208306e+00 8.0797196e+00 8.1982872e+00 8.3079496e+00 8.4160754e+00 8.5063788e+00 8.5791377e+00 8.6233477e+00 8.6415948e+00 8.6832606e+00 8.7434543e+00 8.7750041e+00 8.8354997e+00 8.8824491e+00 8.9422060e+00 8.9288371e+00 8.9575422e+00 9.0221836e+00 9.0497846e+00 9.0568365e+00 9.0529065e+00 8.9855232e+00 8.9887536e+00 9.0210773e+00 9.0170043e+00 9.0262045e+00 8.9857579e+00 8.8964599e+00
7.1812948e+00 6.8983625e+00 6.6349158e+00 6.3100129e+00 5.9859306e+00 5.6887813e+00 5.4608247e+00 5.3021303e+00 5.1700540e+00 5.0891922e+00 4.9328801e+00 3.4997540e+00 4.7097251e-04 2.8797974e+00 5.6692106e+00 5.8281438e+00 6.2809060e+00 6.6955082e+00 7.0345608e+00 7.3487688e+00 7.4891530e+00 7.6968551e+00 7.8913081e+00 8.0430112e+00 8.1914316e+00 8.2985632e+00 8.4139096e+00 8.5184043e+00 8.5752783e+00 8.5537922e+00 8.6282408e+00 8.7312320e+00 8.7434839e+00 8.7271708e+00 8.8048498e+00 8.8380068e+00 8.8930453e+00 8.9257582e+00 8.9310113e+00 8.9698292e+00 9.0286298e+00 9.0533112e+00 9.0842374e+00 9.0564853e+00 9.0809746e+00 9.1275289e+00 9.1264427e+00 9.1261425e+00 9.0903359e+00 8.9834067e+00
7.5902401e+00 7.2040236e+00 6.8758527e+00 6.4548517e+00 6.0483535e+00 5.7144892e+00 5.4673359e+00 5.3042446e+00 5.1916381e+00 5.1047720e+00 5.0111554e+00 4.9466617e+00 2.5237547e+00 7.2988193e-04 4.6591853e+00 5.7431122e+00 6.0505243e+00 6.4646057e+00 6.7880658e+00 7.1725727e+00 7.4370576e+00 7.5539555e+00 7.7987138e+00 7.9592430e+00 8.1047171e+00 8.2658507e+00 8.3677695e+00 8.4807417e+00 8.5476103e+00 8.5215319e+00 8.6437067e+00 8.7186082e+00 8.7222790e+00 8.6958450e+00 8.7374079e+00 8.7987956e+00 8.8350745e+00 8.9090218e+00 8.9045321e+00 8.9346214e+00 8.9985150e+00 9.0581909e+00 9.0989696e+00 9.1167441e+00 9.1675074e+00 9.2106091e+00 9.1967468e+00 9.1712987e+00 9.1419296e+00 9.1070769e+00
8.0560931e+00 7.5727905e+00 7.1351092e+00 6.6044173e+00 6.0862649e+00 5.6846497e+00 5.4321997e+00 5.3401584e+00 5.2738261e+00 5.1775790e+00 5.0842738e+00 5.1613310e+00 4.6287588e+00 1.1886689e-01 1.2157089e+00 5.4649064e+00 5.8745982e+00 6.1843952e+00 6.5128858e+00 6.9100343e+00 7.2432243e+00 7.4711786e+00 7.6147971e+00 7.8496068e+00 8.0046537e+00 8.1512475e+00 8.2995461e+00 8.4101835e+00 8.4996194e+00 8.5077946e+00 8.6233282e+00 8.6933139e+00 8.7145334e+00 8.6573343e+00 8.6834790e+00 8.7302984e+00 8.7730763e+00 8.8335099e+00 8.8180722e+00 8.9028042e+00 8.9808073e+00 9.0518432e+00 9.1029168e+00 9.1498775e+00 9.1994836e+00 9.2424566e+00 9.2379875e+00 9.2454841e+00 9.2446462e+00 9.2375490e+00
8.5694688e+00 8.0031534e+00 7.4363967e+00 6.7410556e+00 6.0702726e+00 5.5336407e+00 5.2685420e+00 5.1223761e+00 4.7339514e+00 5.1805263e+00 5.2713672e+00 5.2302860e+00 5.1605795e+00 3.2292083e+00 1.1727073e-01 2.2326213e+00 5.6853357e+00 5.8904033e+00 6.2400349e+00 6.6924479e+00 7.0876971e+00 7.4258887e+00 7.4914201e+00 7.6124593e+00 7.8076776e+00 7.9853685e+00 8.1858761e+00 8.2943133e+00 8.4096507e+00 8.4620854e+00 8.5260931e+00 8.6100384e+00 8.6713889e+00 8.6290447e+00 8.6196173e+00 8.6692988e+00 8.6849090e+00 8.7534583e+00 8.7602083e+00 8.8450955e+00 8.9311510e+00 9.0317799e+00 9.1098264e+00 9.1624884e+00 9.2060454e+00 9.2550350e+00 9.3051398e+00 9.3109226e+00 9.3200620e+00 9.3263957e+00
9.1525408e+00 8.5352833e+00 7.8358330e+00 6.9056840e+00 6.0007379e+00 5.1287280e+00 4.2372533e+00 4.1222503e+00 2.5286892e+00 4.9326520e+00 5.5969310e+00 5.5076672e+00 5.3744986e+00 4.8068401e+00 1.5799924e+00 1.2014668e-02 4.8566608e+00 5.6619653e+00 5.9421708e+00 6.3986005e+00 6.8452397e+00 7.2462417e+00 7.4444587e+00 7.4736970e+00 7.5808042e+00 7.7621715e+00 7.9678387e+00 8.1515980e+00 8.2879495e+00 8.4071521e+00 8.5174829e+00 8.5027650e+00 8.5446802e+00 8.5281124e+00 8.5431796e+00 8.5738963e+00 8.5901343e+00 8.6747948e+00 8.7043367e+00 8.8234428e+00 8.9414635e+00 9.0299239e+00 9.1316164e+00 9.1824841e+00 9.2122078e+00 9.2665265e+00 9.3466567e+00 9.3728004e+00 9.3524914e+00 9.3627664e+00
9.8618130e+00 9.1526019e+00 8.3319590e+00 7.1798158e+00 6.0132144e+00 4.9159363e+00 4.1421734e+00 4.6516319e+00 4.5056063e+00 5.2099539e+00 6.0067268e+00 5.9808588e+00 5.7730851e+00 5.2247016e+00 3.7937382e+00 4.7541673e-01 1.6727660e+00 5.7582998e+00 5.7657571e+00 6.0786689e+00 6.5325557e+00 6.9498917e+00 7.2624821e+00 7.4147873e+00 7.3562751e+00 7.4158642e+00 7.6158909e+00 7.8642705e+00 8.0732377e+00 8.3207725e+00 8.5571467e+00 8.5234144e+00 8.4489910e+00 8.4349791e+00 8.4365193e+00 8.4705802e+00 8.5072567e+00 8.5937874e+00 8.6397383e+00 8.7472870e+00 8.8830614e+00 9.0166881e+00 9.1468125e+00 9.1746198e+00 9.2036857e+00 9.2464088e+00 9.3244770e+00 9.3857043e+00 9.4173630e+00 9.4062311e+00
1.0534853e+01 9.7789736e+00 8.8711547e+00 7.5487707e+00 6.1779889e+00 5.1830714e+00 5.0041752e+00 4.9257907e+00 3.4190856e+00 5.6744019e+00 6.5492459e+00 6.5794286e+00 6.4272276e+00 5.9684169e+00 5.4154504e+00 4.0096827e+00 4.2682890e-01 3.8104747e+00 5.6541188e+00 5.8820758e+00 6.2842354e+00 6.6867171e+00 7.0048253e+00 7.2227073e+00 7.2567410e+00 7.1095761e+00 7.1638158e+00 7.4380063e+00 7.7404252e+00 8.0231988e+00 8.0947796e+00 8.2935549e+00 8.3360658e+00 8.2860948e+00 8.3232012e+00 8.3777431e+00 8.4417142e+00 8.5462106e+00 8.6336882e+00 8.7621654e+00 8.9008630e+00 9.0454686e+00 9.1759135e+00 9.1648840e+00 9.1826096e+00 9.2037808e+00 9.2758410e+00 9.3503254e+00 9.4144426e+00 9.4572467e+00
