ahotovec/data/depth_0031.asc
ncols     164
nrows     146
xllcorner -1.242151388888889e+02
yllcorner  4.172986111111111e+01
cellsize  2.777777777820000e-04
nodata_value       -9999
[rows 110 to 131 of 146, columns 100 to 149 of 164]
9.5692045e+00 9.5137085e+00 9.5038300e+00 9.4631955e+00 9.3646310e+00 9.4182147e+00 6.4819436e+00 3.6779585e+00 2.3902757e+00 1.8936964e+00 5.1887620e-02 8.2336237e-04 2.9085535e-02 2.6413453e+00 3.5963017e+00 4.3309569e+00 4.6583959e+00 4.3944524e+00 4.4683558e+00 5.9835615e+00 6.8655017e+00 7.0689413e+00 7.2412394e+00 7.1540773e+00 6.6502378e+00 6.7936280e+00 6.7954115e+00 6.9325335e+00 6.9817109e+00 7.2091044e+00 7.0756898e+00 6.4640411e+00 6.7721179e+00 7.3733804e+00 7.9049846e+00 8.0748299e+00 8.0800997e+00 7.8128799e+00 7.7693826e+00 7.8827061e+00 8.0365993e+00 8.0918439e+00 8.1615865e+00 8.3514367e+00 8.4316300e+00 8.4980945e+00 8.5412177e+00 8.4238196e+00 8.3301179e+00 8.1647778e+00
9.6031919e+00 9.6133616e+00 9.5548622e+00 9.4929161e+00 9.3859605e+00 9.4731180e+00 9.3539288e+00 7.3519719e+00 5.7035769e+00 5.4066964e+00 3.6591433e+00 3.9447924e+00 4.2652203e+00 4.6143620e+00 4.4792793e+00 4.5768710e+00 5.0636162e+00 5.0714489e+00 4.9078750e+00 6.1157849e+00 6.9146309e+00 7.0696466e+00 7.2784427e+00 7.2966628e+00 6.7493849e+00 6.5422847e+00 6.4725132e+00 6.9254789e+00 7.1228951e+00 7.3979053e+00 7.4910642e+00 7.3385496e+00 7.3248982e+00 7.5649184e+00 8.2385711e+00 8.5273171e+00 8.4283288e+00 8.2059033e+00 8.0029044e+00 8.0482642e+00 8.2442712e+00 8.2938642e+00 8.2338781e+00 8.3125519e+00 8.4090273e+00 8.5004261e+00 8.6601496e+00 8.6063786e+00 8.4417524e+00 8.3357277e+00
9.6416135e+00 9.6877899e+00 9.6945152e+00 9.6200535e+00 9.5633124e+00 9.4339235e+00 9.5160999e+00 9.8108613e+00 9.4239258e+00 8.2638544e+00 7.1850263e+00 6.9929745e+00 7.1794760e+00 6.6662210e+00 5.4883575e+00 5.1447969e+00 5.6508984e+00 5.8025375e+00 5.9871368e+00 6.7929989e+00 7.1454285e+00 6.9619744e+00 7.0757678e+00 7.1386707e+00 6.9477807e+00 6.9126992e+00 6.4234460e+00 7.0732746e+00 7.4407026e+00 7.7954376e+00 8.1586284e+00 8.3096824e+00 7.9912305e+00 7.7005460e+00 8.2116558e+00 8.6565658e+00 8.6720240e+00 8.4494882e+00 8.1709360e+00 8.1330640e+00 8.3822892e+00 8.3557509e+00 8.3181437e+00 8.3154819e+00 8.3598411e+00 8.4192072e+00 8.5831444e+00 8.6368894e+00 8.5665166e+00 8.5379520e+00
9.7381871e+00 9.7830173e+00 9.8011754e+00 9.7849833e+00 9.7466647e+00 9.6642548e+00 9.5653416e+00 9.5128575e+00 9.2767899e+00 8.7086611e+00 9.0214947e+00 8.7726681e+00 8.4939910e+00 7.8689823e+00 6.8465923e+00 6.5444384e+00 6.7093923e+00 6.9946854e+00 7.4014474e+00 7.8052040e+00 7.7402150e+00 7.3682109e+00 7.1683101e+00 7.2356543e+00 7.3634535e+00 7.7453674e+00 7.3391189e+00 7.6273852e+00 7.8812830e+00 8.1786016e+00 8.6172033e+00 9.1517977e+00 8.5908756e+00 8.2552028e+00 8.5920609e+00 8.9631086e+00 9.0269738e+00 8.7499076e+00 8.4652898e+00 8.3657990e+00 8.4382293e+00 8.3993892e+00 8.3612796e+00 8.3415417e+00 8.3947288e+00 8.4897953e+00 8.6317088e+00 8.6955251e+00 8.6824323e+00 8.6830894e+00
9.8543454e+00 9.9161299e+00 9.9299472e+00 9.9552969e+00 9.9500539e+00 9.8822066e+00 9.7950123e+00 9.6900784e+00 9.5496582e+00 9.4490465e+00 9.8852757e+00 9.5075033e+00 9.4140474e+00 9.1724684e+00 8.6424388e+00 8.2833255e+00 8.2921905e+00 8.3004408e+00 8.5911429e+00 8.7618774e+00 8.6064024e+00 8.0443297e+00 7.5788985e+00 7.6409021e+00 7.9555482e+00 8.2090744e+00 8.1790728e+00 8.2956446e+00 8.4385770e+00 8.4641284e+00 8.4822255e+00 8.8789914e+00 8.7526477e+00 8.7137822e+00 9.0316519e+00 9.4490308e+00 9.6526604e+00 9.1815004e+00 8.6866653e+00 8.5955398e+00 8.5572325e+00 8.4599402e+00 8.4648118e+00 8.4394385e+00 8.4933888e+00 8.6267122e+00 8.7429300e+00 8.8268540e+00 8.7925926e+00 8.7219062e+00
1.0031447e+01 1.0081717e+01 1.0099313e+01 1.0108500e+01 1.0118468e+01 1.0069195e+01 1.0025688e+01 9.9237453e+00 9.8023408e+00 9.7656019e+00 9.7112528e+00 9.9344953e+00 1.0549363e+01 1.0421839e+01 1.0131659e+01 9.8681366e+00 9.4690156e+00 9.4012603e+00 9.7781544e+00 9.8679112e+00 9.5995566e+00 8.9540813e+00 8.4314704e+00 8.3539077e+00 8.5875097e+00 8.7946041e+00 8.8486553e+00 8.9805315e+00 9.0557920e+00 8.8492656e+00 8.6925510e+00 8.8165473e+00 8.8606893e+00 8.9888122e+00 9.3076089e+00 9.8172384e+00 1.0144993e+01 9.6063789e+00 9.0155011e+00 8.9300674e+00 8.8500246e+00 8.6945864e+00 8.6581098e+00 8.6078643e+00 8.6698640e+00 8.8235107e+00 8.9080200e+00 8.9879369e+00 8.9164678e+00 8.7924771e+00
1.0195755e+01 1.0162061e+01 1.0220898e+01 1.0329706e+01 1.0348957e+01 1.0385866e+01 1.0241770e+01 1.0173428e+01 1.0026813e+01 1.0102747e+01 1.0171625e+01 1.0738970e+01 1.1489375e+01 1.1200911e+01 1.0899740e+01 1.0374696e+01 9.6202072e+00 9.7085487e+00 1.0612740e+01 1.0583958e+01 1.0082379e+01 9.5280384e+00 9.1037465e+00 9.0164418e+00 9.1637262e+00 9.2833489e+00 9.5794116e+00 9.2965033e+00 9.2550221e+00 9.0247100e+00 8.8492288e+00 8.8153781e+00 8.8702185e+00 9.0610007e+00 9.2964765e+00 9.7481885e+00 9.9857657e+00 9.6632058e+00 9.2170150e+00 9.1675536e+00 9.2022929e+00 9.0747410e+00 8.8417230e+00 8.7316447e+00 8.8831094e+00 9.1226371e+00 9.0301328e+00 9.0255693e+00 8.9564992e+00 8.8680234e+00
1.0158423e+01 1.0309057e+01 1.0355988e+01 1.0442872e+01 1.0535023e+01 1.0518348e+01 1.0459209e+01 1.0294931e+01 1.0128167e+01 1.0353006e+01 1.0712054e+01 1.0891022e+01 1.0648378e+01 1.0595061e+01 1.0496869e+01 1.0187469e+01 9.3228166e+00 8.5181009e+00 1.0271217e+01 1.0557352e+01 1.0288751e+01 1.0007158e+01 9.8670265e+00 9.8768387e+00 1.0008671e+01 1.0119220e+01 1.0144286e+01 9.7316957e+00 9.5825907e+00 9.3087116e+00 9.0073206e+00 8.8185329e+00 8.7826540e+00 8.9904925e+00 9.2664292e+00 9.4922970e+00 9.6070937e+00 9.4547052e+00 9.2203100e+00 9.0536152e+00 9.2247448e+00 9.2546661e+00 9.2208670e+00 9.0334068e+00 9.1110573e+00 9.2719450e+00 9.1459069e+00 9.0542945e+00 8.9960996e+00 8.9519771e+00
1.0376760e+01 1.0529650e+01 1.0620916e+01 1.0591933e+01 1.0603715e+01 1.0725547e+01 1.0657278e+01 1.0381081e+01 1.0619850e+01 1.1202344e+01 1.1405091e+01 1.1472338e+01 1.0895328e+01 1.0662296e+01 9.9606131e+00 1.0588505e+01 1.0642407e+01 9.6400440e+00 9.8508862e+00 9.9776351e+00 1.0047074e+01 1.0145641e+01 1.0294364e+01 1.0516303e+01 1.0529675e+01 1.0546377e+01 1.0433169e+01 1.0207753e+01 9.9507330e+00 9.5510041e+00 9.1650249e+00 8.8920357e+00 8.7706757e+00 8.9998059e+00 9.2225904e+00 9.3244303e+00 9.3833799e+00 9.3343009e+00 9.2631739e+00 9.1618592e+00 9.2699601e+00 9.3929686e+00 9.5315648e+00 9.3683487e+00 9.3087881e+00 9.3079951e+00 9.1842153e+00 9.0558749e+00 9.0235472e+00 9.0309265e+00
1.0616147e+01 1.0296708e+01 1.0699593e+01 1.1201992e+01 1.1412041e+01 1.1041578e+01 1.0853450e+01 1.0306675e+01 1.0303313e+01 1.1610583e+01 1.1472463e+01 1.1406896e+01 1.1654029e+01 1.1941435e+01 1.1365046e+01 1.1538987e+01 1.1256773e+01 1.0352656e+01 9.1059959e+00 9.1215651e+00 9.6875971e+00 1.0096776e+01 1.0468312e+01 1.0831245e+01 1.0780423e+01 1.0723591e+01 1.0654659e+01 1.0522885e+01 1.0328046e+01 9.8583733e+00 9.3793480e+00 9.1650093e+00 9.1099668e+00 9.2811013e+00 9.4439675e+00 9.3852561e+00 9.3460303e+00 9.3211791e+00 9.2850247e+00 9.2210749e+00 9.2727879e+00 9.3307080e+00 9.4823916e+00 9.4778480e+00 9.4112465e+00 9.3321435e+00 9.2045213e+00 9.0672222e+00 9.0562928e+00 9.1152155e+00
1.0671408e+01 1.0757051e+01 1.0942601e+01 1.1834090e+01 1.2848161e+01 1.2531038e+01 1.2526344e+01 1.1133558e+01 1.0062238e+01 1.1130029e+01 1.0871196e+01 1.1134342e+01 1.1729263e+01 1.1978372e+01 1.2002543e+01 1.1815714e+01 1.1254873e+01 9.9996498e+00 8.2525831e+00 8.8500355e+00 9.8125920e+00 1.0211336e+01 1.0611507e+01 1.0936384e+01 1.0919831e+01 1.0828822e+01 1.0771875e+01 1.0745177e+01 1.0723154e+01 1.0250394e+01 9.7559671e+00 9.5684301e+00 9.5373925e+00 9.6691769e+00 9.8460261e+00 9.7084263e+00 9.5432414e+00 9.4610975e+00 9.4092527e+00 9.3640567e+00 9.3409166e+00 9.4524968e+00 9.5399338e+00 9.5549867e+00 9.5035086e+00 9.4262555e+00 9.3437559e+00 9.2410272e+00 9.2310093e+00 9.2567752e+00
1.1365931e+01 1.1158030e+01 1.1371910e+01 1.1997116e+01 1.2396793e+01 1.3204469e+01 1.4160519e+01 1.3551933e+01 1.2750456e+01 1.2260360e+01 1.1610588e+01 1.1681858e+01 1.1809377e+01 1.1760668e+01 1.1882291e+01 1.1868328e+01 1.1641855e+01 1.1191289e+01 1.0816066e+01 1.0359104e+01 1.0241974e+01 1.0531594e+01 1.0860326e+01 1.1068182e+01 1.1041911e+01 1.0883141e+01 1.0777603e+01 1.0763224e+01 1.0703309e+01 1.0383784e+01 1.0081629e+01 9.9195816e+00 9.9202495e+00 9.9403537e+00 9.9652441e+00 9.8856312e+00 9.7866940e+00 9.7140587e+00 9.6069321e+00 9.5598669e+00 9.5200838e+00 9.6112806e+00 9.6787803e+00 9.6998938e+00 9.6361527e+00 9.5718251e+00 9.5053641e+00 9.4459453e+00 9.4393322e+00 9.4309971e+00
1.1981701e+01 1.1947329e+01 1.2004285e+01 1.2185703e+01 1.2116240e+01 1.2358800e+01 1.2588228e+01 1.2991183e+01 1.2676201e+01 1.2243418e+01 1.1925914e+01 1.1943242e+01 1.1786513e+01 1.1683157e+01 1.1695879e+01 1.1799689e+01 1.1892637e+01 1.1831487e+01 1.1662085e+01 1.1165578e+01 1.0849664e+01 1.0975643e+01 1.1186566e+01 1.1302481e+01 1.1227566e+01 1.1150084e+01 1.0901429e+01 1.0738046e+01 1.0630802e+01 1.0434668e+01 1.0269657e+01 1.0172757e+01 1.0188788e+01 1.0122424e+01 1.0077203e+01 1.0057960e+01 1.0029971e+01 9.9084794e+00 9.7838030e+00 9.7118042e+00 9.7154158e+00 9.7690644e+00 9.8423351e+00 9.8991591e+00 9.8201467e+00 9.7607299e+00 9.6948819e+00 9.6507103e+00 9.6332426e+00 9.6271407e+00
1.2361925e+01 1.2546570e+01 1.2371401e+01 1.2273675e+01 1.1464408e+01 1.1234525e+01 1.2285209e+01 1.2183889e+01 1.2072590e+01 1.1848626e+01 1.1705573e+01 1.2052903e+01 1.1734014e+01 1.1548360e+01 1.1445446e+01 1.1381850e+01 1.1884683e+01 1.1905295e+01 1.1688428e+01 1.1395689e+01 1.1234984e+01 1.1315577e+01 1.1518450e+01 1.1615821e+01 1.1404194e+01 1.1306112e+01 1.1032757e+01 1.0763328e+01 1.0624751e+01 1.0490947e+01 1.0398196e+01 1.0341327e+01 1.0301151e+01 1.0199967e+01 1.0149237e+01 1.0171623e+01 1.0192626e+01 1.0022952e+01 9.9044926e+00 9.8559109e+00 9.8687769e+00 9.9034804e+00 9.9656954e+00 1.0003963e+01 9.9355541e+00 9.8798873e+00 9.8336829e+00 9.8135002e+00 9.7834027e+00 9.7647980e+00
1.2252851e+01 1.2506646e+01 1.2402490e+01 1.2205621e+01 1.1711558e+01 1.1413892e+01 1.1815897e+01 1.1901234e+01 1.1669470e+01 1.1584977e+01 1.1684191e+01 1.1866070e+01 1.1469171e+01 1.1200575e+01 1.1077320e+01 1.1102704e+01 1.1607945e+01 1.1738800e+01 1.1638891e+01 1.1452686e+01 1.1376176e+01 1.1549403e+01 1.1806795e+01 1.1757854e+01 1.1473924e+01 1.1263968e+01 1.1047496e+01 1.0935673e+01 1.0769634e+01 1.0605198e+01 1.0543330e+01 1.0521300e+01 1.0538473e+01 1.0374492e+01 1.0180294e+01 1.0178376e+01 1.0182683e+01 1.0109468e+01 1.0037886e+01 1.0064113e+01 1.0073630e+01 1.0018423e+01 1.0049146e+01 1.0068486e+01 1.0045768e+01 1.0018429e+01 9.9850067e+00 9.9704738e+00 9.9619631e+00 9.9242625e+00
1.1974602e+01 1.2158783e+01 1.2206485e+01 1.2314864e+01 1.2430860e+01 1.2699688e+01 1.2261356e+01 1.1855312e+01 1.1766567e+01 1.1739200e+01 1.1730695e+01 1.1473672e+01 1.1054124e+01 1.0749447e+01 1.0837049e+01 1.1048945e+01 1.1353499e+01 1.1534156e+01 1.1533672e+01 1.1430944e+01 1.1370194e+01 1.1620489e+01 1.1827280e+01 1.1711493e+01 1.1505595e+01 1.1341528e+01 1.1193938e+01 1.1057590e+01 1.0938293e+01 1.0877779e+01 1.0825140e+01 1.0733117e+01 1.0722261e+01 1.0528444e+01 1.0319168e+01 1.0261180e+01 1.0213795e+01 1.0163034e+01 1.0174857e+01 1.0215937e+01 1.0212830e+01 1.0196185e+01 1.0213739e+01 1.0224202e+01 1.0218075e+01 1.0201312e+01 1.0168285e+01 1.0157057e+01 1.0219916e+01 1.0199816e+01
1.1940994e+01 1.1846363e+01 1.1892664e+01 1.2255233e+01 1.2683683e+01 1.2986531e+01 1.2727401e+01 1.2307472e+01 1.2236313e+01 1.2348531e+01 1.1850933e+01 1.1442856e+01 1.1132889e+01 1.0979877e+01 1.1020856e+01 1.1176328e+01 1.1405074e+01 1.1554496e+01 1.1580319e+01 1.1544779e+01 1.1547923e+01 1.1703048e+01 1.1823400e+01 1.1734471e+01 1.1595702e+01 1.1343660e+01 1.1301852e+01 1.1227208e+01 1.1145154e+01 1.1107956e+01 1.1025867e+01 1.0798608e+01 1.0726663e+01 1.0604185e+01 1.0466038e+01 1.0379566e+01 1.0299338e+01 1.0224019e+01 1.0271060e+01 1.0318492e+01 1.0332135e+01 1.0318927e+01 1.0332921e+01 1.0337058e+01 1.0352991e+01 1.0361344e+01 1.0294605e+01 1.0246303e+01 1.0309696e+01 1.0333302e+01
1.1845923e+01 1.1806187e+01 1.1748970e+01 1.2208503e+01 1.2558279e+01 1.2917216e+01 1.3022055e+01 1.2663273e+01 1.2380746e+01 1.2102993e+01 1.1495975e+01 1.1494300e+01 1.1450448e+01 1.1390723e+01 1.1399828e+01 1.1513823e+01 1.1599257e+01 1.1691082e+01 1.1732157e+01 1.1727913e+01 1.1774772e+01 1.1905232e+01 1.1955646e+01 1.1870419e+01 1.1699094e+01 1.1571195e+01 1.1557954e+01 1.1508771e+01 1.1364128e+01 1.1275967e+01 1.1134259e+01 1.0920382e+01 1.0790978e+01 1.0686416e+01 1.0598674e+01 1.0529530e+01 1.0487037e+01 1.0419862e+01 1.0436724e+01 1.0475449e+01 1.0473934e+01 1.0459335e+01 1.0437650e+01 1.0423407e+01 1.0461739e+01 1.0500158e+01 1.0412617e+01 1.0353330e+01 1.0381083e+01 1.0428088e+01
1.1864235e+01 1.1775256e+01 1.1761135e+01 1.2113953e+01 1.2301878e+01 1.2703697e+01 1.2892367e+01 1.2720507e+01 1.2364070e+01 1.1989871e+01 1.1697390e+01 1.1786430e+01 1.1898463e+01 1.1861104e+01 1.1821367e+01 1.1870790e+01 1.1879479e+01 1.1901911e+01 1.1909319e+01 1.1910507e+01 1.1995288e+01 1.2150514e+01 1.2161617e+01 1.2060264e+01 1.1915026e+01 1.1809563e+01 1.1835673e+01 1.1839808e+01 1.1623691e+01 1.1438890e+01 1.1259738e+01 1.1059589e+01 1.0901075e+01 1.0810828e+01 1.0771427e+01 1.0735073e+01 1.0679143e+01 1.0654850e+01 1.0651872e+01 1.0642381e+01 1.0627418e+01 1.0623764e+01 1.0560963e+01 1.0507249e+01 1.0518848e+01 1.0534848e+01 1.0492640e+01 1.0454509e+01 1.0456753e+01 1.0542641e+01
1.1991565e+01 1.2089505e+01 1.2389377e+01 1.2647112e+01 1.2386885e+01 1.2610701e+01 1.2988298e+01 1.2719473e+01 1.2450039e+01 1.2213408e+01 1.2079478e+01 1.2142972e+01 1.2351062e+01 1.2351462e+01 1.2339060e+01 1.2331409e+01 1.2228710e+01 1.2155332e+01 1.2138004e+01 1.2162808e+01 1.2179561e+01 1.2338543e+01 1.2368356e+01 1.2304137e+01 1.2100169e+01 1.1883103e+01 1.1885944e+01 1.1887828e+01 1.1744691e+01 1.1566360e+01 1.1408390e+01 1.1230316e+01 1.1064367e+01 1.1028894e+01 1.1012426e+01 1.0987386e+01 1.0947633e+01 1.0897738e+01 1.0870976e+01 1.0864025e+01 1.0807717e+01 1.0779754e+01 1.0729838e+01 1.0646380e+01 1.0611788e+01 1.0613733e+01 1.0632738e+01 1.0584225e+01 1.0531041e+01 1.0660135e+01
1.2212051e+01 1.2218336e+01 1.1915357e+01 1.2877483e+01 1.2773173e+01 1.2444476e+01 1.2864576e+01 1.2853786e+01 1.2637263e+01 1.2586642e+01 1.2624143e+01 1.2450876e+01 1.2514439e+01 1.2635270e+01 1.2807619e+01 1.2917246e+01 1.2648593e+01 1.2384864e+01 1.2322578e+01 1.2399601e+01 1.2501958e+01 1.2638454e+01 1.2569733e+01 1.2464989e+01 1.2278839e+01 1.1849110e+01 1.1849678e+01 1.1883791e+01 1.1798571e+01 1.1698139e+01 1.1606232e+01 1.1539190e+01 1.1364650e+01 1.1312479e+01 1.1306149e+01 1.1286485e+01 1.1222164e+01 1.1156773e+01 1.1086166e+01 1.1060325e+01 1.0961036e+01 1.0888744e+01 1.0874484e+01 1.0822702e+01 1.0713569e+01 1.0727441e+01 1.0789752e+01 1.0808924e+01 1.0771529e+01 1.0779381e+01
1.2408904e+01 1.2625410e+01 1.2522339e+01 1.2235971e+01 1.2684668e+01 1.2851579e+01 1.3138008e+01 1.2830676e+01 1.2616268e+01 1.2482993e+01 1.2404361e+01 1.2368596e+01 1.2520580e+01 1.2710049e+01 1.3027420e+01 1.3312829e+01 1.2921944e+01 1.2455505e+01 1.2354864e+01 1.2460262e+01 1.2744987e+01 1.2950672e+01 1.2668927e+01 1.2422796e+01 1.2218687e+01 1.1915003e+01 1.1884756e+01 1.1953054e+01 1.1881358e+01 1.1823512e+01 1.1754615e+01 1.1693361e+01 1.1617491e+01 1.1576616e+01 1.1556671e+01 1.1636987e+01 1.1454328e+01 1.1324050e+01 1.1246699e+01 1.1157616e+01 1.1049290e+01 1.0972339e+01 1.1018642e+01 1.1044691e+01 1.0814207e+01 1.0851178e+01 1.0967788e+01 1.1025712e+01 1.0974692e+01 1.0814292e+01
