ahotovec/data/depth_0011.asc
ncols     164
nrows     146
xllcorner -1.242151388888889e+02
yllcorner  4.172986111111111e+01
cellsize  2.777777777820000e-04
nodata_value       -9999
[rows 110 to 131 of 146, columns 50 to 99 of 164]
1.5310752e+01 1.4754437e+01 1.3560623e+01 1.1705966e+01 9.9001266e+00 8.9418415e+00 8.3292868e+00 8.2751257e+00 7.6677734e+00 9.2340849e+00 1.0695002e+01 1.1166662e+01 1.1369148e+01 9.7919066e+00 9.2525334e+00 9.0284115e+00 5.7363356e+00 2.4383130e+00 1.1312995e+00 2.6250161e+00 5.5954731e+00 6.1338715e+00 6.5352268e+00 6.8552033e+00 7.0740605e+00 7.1635447e+00 7.1311573e+00 7.3214227e+00 7.8227428e+00 8.2070430e+00 8.5428209e+00 8.6262204e+00 8.9031566e+00 8.9552756e+00 9.0568305e+00 9.1451671e+00 9.2475133e+00 9.2870361e+00 9.2632438e+00 9.1889393e+00 9.1089345e+00 8.9711165e+00 8.8235629e+00 8.6593518e+00 8.5861486e+00 8.6264379e+00 8.8113347e+00 9.0572904e+00 9.3223403e+00 9.6161702e+00
1.6791576e+01 1.6843068e+01 1.5601443e+01 1.2753541e+01 9.3296089e+00 7.7375417e+00 8.3856376e+00 8.0055236e+00 9.1753510e+00 1.0473184e+01 1.1613437e+01 1.2605322e+01 1.3371685e+01 9.0864134e+00 9.6385147e+00 1.0721778e+01 8.4306887e+00 3.1687396e+00 2.1375732e+00 1.3579309e+00 4.3349560e+00 5.8545280e+00 6.2339753e+00 6.5633023e+00 6.7953621e+00 6.9197187e+00 6.9584699e+00 6.8924402e+00 7.1192533e+00 7.6517980e+00 8.0495673e+00 8.3690449e+00 8.5659843e+00 8.8299240e+00 8.9129557e+00 8.9988147e+00 9.0472928e+00 9.0699793e+00 9.0288925e+00 8.9211774e+00 8.7496389e+00 8.5214721e+00 8.2753740e+00 8.1242888e+00 8.1057587e+00 8.2461473e+00 8.5235953e+00 8.8730936e+00 9.2477225e+00 9.5948120e+00
1.7868602e+01 1.8150939e+01 1.7332562e+01 1.4174423e+01 4.8385628e+00 0.0000000e+00 1.9475205e-02 7.3194709e+00 9.5458540e+00 1.1131173e+01 1.2575905e+01 1.3653772e+01 1.4576872e+01 1.4786757e+01 1.5144263e+01 1.4883493e+01 1.3445135e+01 7.3059535e+00 2.0443159e+00 1.6058434e+00 2.1685283e+00 5.3874177e+00 5.8916059e+00 6.1988934e+00 6.4547374e+00 6.6413802e+00 6.7626189e+00 6.7923665e+00 6.8182938e+00 7.2134114e+00 7.6578097e+00 7.9856108e+00 8.2421223e+00 8.4488311e+00 8.5832023e+00 8.6158188e+00 8.5065705e+00 8.5261093e+00 8.4680045e+00 8.3533739e+00 8.1982590e+00 7.9607657e+00 7.7972166e+00 7.6937015e+00 7.7598394e+00 8.0004493e+00 8.4153860e+00 8.8220482e+00 9.2421582e+00 9.6601414e+00
1.8846528e+01 1.7910777e+01 1.7935589e+01 1.5066189e+01 5.0698223e+00 0.0000000e+00 0.0000000e+00 1.5802761e+00 1.1825625e+01 1.2768234e+01 1.4084554e+01 1.4580853e+01 1.5217606e+01 1.5634473e+01 1.6113094e+01 1.5678175e+01 1.5382755e+01 1.3808407e+01 5.6974488e+00 2.5593344e+00 1.7180302e+00 3.5737380e+00 5.5398273e+00 5.9495701e+00 6.1538147e+00 6.3488636e+00 6.4987784e+00 6.6354672e+00 6.8493863e+00 7.0089933e+00 7.4301627e+00 7.7656790e+00 8.0185049e+00 8.1521841e+00 8.0908647e+00 7.8313886e+00 7.6561617e+00 7.6729527e+00 7.7619656e+00 7.7492728e+00 7.6657975e+00 7.5514951e+00 7.5151494e+00 7.5975090e+00 7.7394552e+00 8.0331504e+00 8.3894055e+00 8.8554295e+00 9.3213391e+00 9.7592341e+00
1.9211554e+01 1.9565400e+01 1.9160552e+01 1.7206535e+01 1.3364808e+01 1.0004931e+01 6.7610370e+00 8.6016750e+00 1.5131935e+01 1.4473192e+01 1.5570074e+01 1.4302980e+01 1.5423951e+01 1.5877104e+01 1.6339385e+01 1.6241287e+01 1.5594435e+01 1.5105765e+01 1.2199405e+01 3.7612190e+00 2.6500178e+00 2.0377508e+00 4.1154070e+00 5.6633289e+00 5.8936778e+00 6.0875831e+00 6.2138733e+00 6.3730266e+00 6.7038331e+00 7.0748149e+00 7.1877533e+00 7.4525863e+00 7.6267326e+00 7.5200678e+00 7.1631800e+00 6.9001072e+00 6.8699487e+00 7.2835450e+00 7.5207346e+00 7.4628676e+00 7.4709598e+00 7.4273349e+00 7.5608635e+00 7.7684174e+00 7.9985597e+00 8.2676238e+00 8.6723043e+00 9.1095526e+00 9.6045137e+00 9.9961582e+00
1.9266571e+01 1.9722830e+01 1.9371817e+01 1.5858373e+01 1.6822855e+01 1.6342570e+01 1.5535082e+01 1.6494517e+01 1.6901649e+01 1.6730938e+01 1.6268212e+01 1.5937660e+01 1.7348729e+01 1.7302824e+01 1.6669267e+01 1.6648305e+01 1.6665560e+01 1.5744372e+01 1.3268342e+01 8.8729931e+00 2.9187162e+00 1.9241400e+00 1.8254584e+00 5.1293609e+00 5.6536462e+00 5.7692283e+00 5.8953007e+00 6.0648896e+00 6.4174594e+00 6.8216500e+00 7.1265871e+00 7.0996242e+00 7.0606385e+00 6.6965180e+00 6.4422735e+00 6.3613719e+00 6.4559189e+00 6.9704785e+00 7.4394099e+00 7.4242311e+00 7.5552424e+00 7.7299535e+00 7.9417068e+00 8.1569687e+00 8.3669934e+00 8.6464661e+00 9.0386165e+00 9.4980027e+00 9.9925683e+00 1.0341409e+01
1.9542254e+01 1.9653498e+01 1.9667415e+01 2.0119060e+01 1.9395671e+01 1.9000804e+01 1.8935369e+01 1.8771885e+01 1.8248401e+01 1.7605258e+01 1.7538770e+01 1.7650843e+01 1.7700517e+01 1.7553680e+01 1.7127563e+01 1.7385486e+01 1.7213532e+01 1.6449822e+01 1.5347575e+01 1.2290975e+01 6.4442555e+00 2.4086248e+00 1.0944368e+00 3.2978905e+00 5.4192426e+00 5.5512332e+00 5.5984931e+00 5.7333934e+00 6.0845861e+00 6.4659247e+00 6.8538023e+00 6.8527501e+00 6.5429081e+00 6.3500301e+00 6.2523288e+00 6.3601371e+00 6.5103810e+00 6.7675748e+00 7.0766356e+00 7.4269268e+00 7.7525260e+00 8.0655959e+00 8.3431775e+00 8.5523080e+00 8.7360971e+00 8.9761440e+00 9.3930048e+00 1.0248932e+01 1.0440301e+01 1.0516944e+01
2.0747964e+01 2.0591558e+01 2.0226406e+01 1.9538412e+01 1.9952909e+01 1.9719263e+01 1.9279908e+01 1.9241189e+01 1.8405325e+01 1.8234221e+01 1.8106820e+01 1.8323248e+01 1.8372037e+01 1.8085082e+01 1.7221114e+01 1.7261748e+01 1.6914539e+01 1.6233100e+01 1.6383906e+01 1.5753857e+01 1.2151490e+01 2.7020215e+00 1.9081563e+00 1.8760619e+00 5.1540124e+00 5.3270894e+00 5.0511726e+00 5.1341784e+00 5.3842323e+00 5.6561023e+00 5.9946998e+00 6.1917444e+00 6.2346212e+00 6.1514101e+00 6.1340957e+00 6.2021035e+00 6.4498900e+00 6.8159617e+00 7.1915035e+00 7.6995052e+00 8.0879752e+00 8.3556485e+00 8.6860446e+00 8.9339675e+00 9.1393077e+00 9.3366554e+00 9.2927639e+00 9.6978390e+00 1.0615518e+01 1.0801554e+01
2.1006160e+01 2.1456911e+01 2.1177456e+01 2.0796562e+01 2.0390722e+01 1.9674160e+01 1.9463552e+01 1.9277929e+01 1.9194999e+01 1.8802557e+01 1.8273231e+01 1.8562838e+01 1.8489096e+01 1.8443913e+01 1.7655002e+01 1.6696185e+01 1.7462601e+01 1.6417935e+01 1.5775737e+01 1.6279448e+01 1.4262055e+01 4.5830436e+00 1.7255418e+00 6.0222388e-01 4.0662169e+00 5.1176988e+00 4.6700788e+00 4.7439643e+00 4.8637733e+00 5.0134035e+00 5.1534930e+00 5.4146208e+00 5.7609261e+00 5.9093521e+00 5.9146760e+00 6.0396408e+00 6.3921921e+00 6.8824455e+00 7.4256520e+00 7.9424759e+00 8.4901146e+00 8.7782770e+00 9.0940974e+00 9.3207920e+00 9.5698565e+00 9.7971838e+00 9.9736958e+00 1.0171825e+01 1.0689669e+01 1.1132009e+01
2.1064737e+01 2.0680976e+01 2.1133792e+01 2.0804375e+01 2.0268400e+01 1.9375617e+01 1.9677993e+01 1.9587265e+01 1.9812959e+01 1.9409189e+01 1.8402248e+01 1.8272275e+01 1.7856742e+01 1.8803537e+01 1.8756850e+01 1.7805808e+01 1.7780411e+01 1.6600049e+01 1.7065687e+01 1.6538640e+01 1.6067899e+01 9.1965626e+00 1.6556397e+00 9.7694332e-01 4.7194588e-01 3.2876915e+00 3.2508017e+00 3.9122628e+00 4.0624514e+00 4.5508832e+00 4.7295267e+00 4.7863654e+00 5.2014495e+00 5.4556107e+00 5.8137438e+00 5.9194477e+00 6.2453125e+00 6.9905845e+00 7.7377463e+00 8.4325957e+00 8.9583735e+00 9.2879430e+00 9.6058270e+00 9.8406143e+00 1.0074932e+01 1.0299857e+01 1.0613775e+01 1.0942330e+01 1.1209130e+01 1.1526911e+01
2.1215135e+01 2.1316765e+01 2.1145651e+01 2.0558403e+01 2.0261742e+01 2.0121089e+01 2.0175039e+01 1.9781039e+01 1.8788909e+01 1.9743070e+01 1.8859515e+01 1.8438741e+01 1.8420404e+01 1.8516809e+01 1.9023569e+01 1.8970602e+01 1.8461592e+01 1.7982939e+01 1.7254559e+01 1.5801146e+01 1.6359568e+01 1.3935053e+01 3.9756243e+00 1.8229014e+00 1.7462615e-01 1.7104027e-01 1.1610101e-01 4.1594015e-03 4.8805571e-01 1.4173127e+00 3.9282250e+00 3.4062719e+00 4.6033546e+00 4.6286561e+00 4.7976466e+00 5.8825821e+00 6.3492646e+00 7.1261379e+00 8.3677487e+00 9.3038660e+00 9.6352790e+00 9.8710362e+00 1.0148228e+01 1.0397026e+01 1.0643950e+01 1.0863501e+01 1.1149721e+01 1.1481843e+01 1.1778252e+01 1.2043834e+01
2.1510283e+01 2.1309351e+01 2.1423731e+01 2.0960130e+01 2.0399088e+01 2.0258160e+01 2.0016303e+01 1.9941083e+01 1.9689035e+01 2.0271695e+01 1.9311270e+01 1.8813409e+01 1.8546114e+01 1.8671513e+01 1.9165361e+01 1.8652139e+01 1.8941702e+01 1.8142588e+01 1.7268270e+01 1.6826275e+01 1.6505049e+01 1.6805581e+01 1.3323470e+01 5.2093108e+00 3.0342816e+00 1.3183043e+00 9.1967392e-01 8.7379453e-02 1.5241481e-01 9.7290474e-02 1.8612677e-01 2.9174197e-01 4.3175964e-01 8.5358817e-01 1.3124470e+00 2.1016073e+00 2.3878418e+00 4.6484906e+00 9.8021109e+00 1.0287003e+01 1.0390876e+01 1.0618248e+01 1.0887486e+01 1.1106221e+01 1.1333116e+01 1.1538172e+01 1.1775767e+01 1.1955777e+01 1.2219777e+01 1.2554702e+01
2.1905163e+01 2.1799138e+01 2.1656746e+01 2.1167054e+01 2.0666711e+01 2.0449591e+01 2.0329415e+01 2.0299236e+01 2.0320766e+01 2.0091020e+01 1.9576692e+01 1.9283827e+01 1.9171851e+01 1.9177407e+01 1.9526877e+01 1.9369293e+01 1.8001366e+01 1.8100539e+01 1.7766337e+01 1.7208430e+01 1.6172554e+01 1.6930835e+01 1.6408287e+01 1.3790983e+01 1.2374812e+01 6.5855878e+00 5.0721247e+00 2.5361858e+00 9.7086466e+00 1.0277025e+01 1.0922917e+01 1.0736667e+01 9.7596364e+00 8.7276492e+00 6.9234575e+00 5.0187758e+00 2.6398269e+00 1.8908450e+00 9.8614661e+00 1.1587948e+01 1.1306890e+01 1.1445619e+01 1.1652800e+01 1.1846974e+01 1.2015241e+01 1.2207768e+01 1.2333352e+01 1.2438065e+01 1.2489920e+01 1.2847407e+01
2.1623970e+01 2.1751352e+01 2.1732954e+01 2.1375470e+01 2.1154468e+01 1.9582005e+01 2.0406841e+01 2.0833528e+01 2.0473728e+01 2.0207040e+01 1.9937339e+01 1.9849261e+01 1.9679400e+01 1.9747470e+01 1.9643002e+01 1.9355806e+01 1.9425525e+01 1.7912340e+01 1.8174844e+01 1.7769383e+01 1.7381166e+01 1.7079734e+01 1.6779405e+01 1.6598306e+01 1.5418699e+01 9.1282343e+00 6.9433787e+00 6.1824961e+00 1.1379809e+01 1.4262991e+01 1.3926070e+01 1.3756419e+01 1.4138299e+01 1.3805747e+01 1.3587468e+01 1.4198582e+01 1.3694276e+01 1.2536344e+01 1.2874804e+01 1.2771009e+01 1.2546443e+01 1.2537909e+01 1.2601458e+01 1.2653691e+01 1.2704873e+01 1.2809595e+01 1.2894619e+01 1.2901637e+01 1.2873040e+01 1.2871074e+01
2.2247756e+01 2.2172653e+01 2.1972661e+01 2.1749584e+01 2.1425677e+01 1.7628651e+01 2.0374338e+01 2.1328471e+01 2.0928490e+01 2.0695479e+01 2.0502987e+01 2.0401945e+01 2.0129046e+01 2.0068521e+01 1.9960433e+01 1.9596978e+01 1.9373679e+01 1.8067730e+01 1.8141646e+01 1.8537333e+01 1.8421883e+01 1.7712707e+01 1.6831133e+01 1.6588123e+01 1.6170827e+01 1.2761981e+01 8.3444181e+00 7.9363807e+00 1.1433932e+01 1.4810255e+01 1.3580484e+01 1.4339957e+01 1.4030582e+01 1.4597068e+01 1.5018490e+01 1.4914052e+01 1.3591013e+01 1.3843076e+01 1.3415288e+01 1.3374453e+01 1.3290758e+01 1.3256336e+01 1.3231482e+01 1.3253542e+01 1.3275363e+01 1.3321930e+01 1.3400067e+01 1.2503890e+01 1.3164014e+01 1.3330671e+01
2.2477854e+01 2.2374641e+01 2.2302021e+01 2.2035011e+01 2.2025488e+01 2.1949911e+01 2.1965734e+01 2.1856801e+01 2.1733647e+01 2.1491686e+01 2.1171682e+01 2.1069332e+01 2.0693581e+01 2.0697352e+01 2.0411999e+01 1.9983454e+01 1.8070617e+01 1.9124852e+01 1.9046785e+01 1.8457204e+01 1.8272460e+01 1.8550891e+01 1.7675103e+01 1.7017323e+01 1.6424306e+01 1.5478889e+01 1.1587338e+01 1.1172713e+01 1.5360842e+01 1.5006532e+01 1.4010172e+01 1.4704127e+01 1.3723946e+01 1.4048221e+01 1.5053811e+01 1.5033240e+01 1.5249466e+01 1.4505368e+01 1.4026604e+01 1.3912511e+01 1.3798026e+01 1.3727592e+01 1.3706609e+01 1.3690232e+01 1.3729007e+01 1.3729144e+01 1.3731053e+01 1.2224603e+01 1.2666390e+01 1.3592540e+01
2.2730160e+01 2.2624191e+01 2.2567486e+01 2.2518638e+01 2.2404738e+01 2.2238110e+01 2.2201554e+01 2.1874729e+01 2.2098568e+01 2.1836697e+01 2.1822560e+01 2.1306672e+01 2.1139313e+01 2.0933494e+01 2.0739115e+01 2.0188377e+01 1.9429871e+01 1.9759487e+01 1.9631688e+01 1.9445190e+01 1.8829796e+01 1.9238937e+01 1.8563192e+01 1.7685313e+01 1.7146893e+01 1.5907018e+01 1.5777227e+01 1.6265583e+01 1.6080626e+01 1.5411856e+01 1.5032839e+01 1.4917643e+01 1.4602628e+01 1.4947139e+01 1.5193889e+01 1.5665325e+01 1.5527598e+01 1.5141856e+01 1.4493678e+01 1.4282613e+01 1.4165402e+01 1.4072293e+01 1.4021160e+01 1.3965782e+01 1.3965670e+01 1.3941331e+01 1.3864632e+01 1.3878773e+01 1.3973874e+01 1.3984049e+01
2.3027180e+01 2.2920512e+01 2.2841012e+01 2.2852430e+01 2.2717344e+01 2.2544984e+01 2.2354547e+01 2.2220621e+01 2.2169373e+01 2.1993025e+01 2.1805169e+01 2.1718920e+01 2.1442156e+01 2.1134932e+01 2.1016184e+01 2.0834724e+01 2.0366305e+01 2.0001656e+01 1.9981029e+01 1.9802108e+01 1.9719705e+01 1.9674742e+01 1.9343049e+01 1.8307521e+01 1.7706853e+01 1.6652966e+01 1.7401538e+01 1.6863359e+01 1.6426086e+01 1.5822230e+01 1.5602494e+01 1.4989825e+01 1.4153423e+01 1.5061093e+01 1.3612561e+01 1.5439953e+01 1.5805548e+01 1.5422182e+01 1.4914603e+01 1.4613198e+01 1.4444354e+01 1.4316366e+01 1.4237026e+01 1.4152569e+01 1.4118662e+01 1.4124566e+01 1.4039119e+01 1.4055648e+01 1.4058882e+01 1.4090459e+01
2.3295591e+01 2.3185525e+01 2.3086516e+01 2.3020439e+01 2.3056916e+01 2.2870331e+01 2.2601262e+01 2.2384866e+01 2.2261539e+01 2.2162504e+01 2.1950863e+01 2.1852146e+01 2.1661675e+01 2.1512551e+01 2.1195674e+01 2.0710286e+01 2.0417712e+01 1.9960547e+01 2.0175773e+01 2.0122420e+01 2.0026730e+01 1.9771003e+01 1.9607301e+01 1.8715577e+01 1.8514965e+01 1.8165915e+01 1.7812967e+01 1.7281690e+01 1.7133076e+01 1.6428347e+01 1.6329872e+01 1.5877680e+01 1.5000871e+01 1.5080179e+01 1.5177934e+01 1.6080843e+01 1.6081222e+01 1.5584305e+01 1.5176475e+01 1.4909820e+01 1.4714193e+01 1.4562335e+01 1.4472656e+01 1.4372215e+01 1.4320845e+01 1.4289651e+01 1.4239694e+01 1.4256260e+01 1.4341621e+01 1.4302400e+01
2.3560154e+01 2.3598866e+01 2.3402767e+01 2.3115696e+01 2.2996631e+01 2.2879750e+01 2.2767036e+01 2.2545927e+01 2.2383784e+01 2.2328089e+01 2.2143103e+01 2.2000253e+01 2.1878333e+01 2.1903928e+01 2.1500628e+01 2.1463474e+01 2.0769623e+01 1.9937884e+01 2.0349871e+01 2.0482864e+01 2.0366268e+01 2.0069364e+01 1.9398471e+01 1.9024709e+01 1.8879529e+01 1.8768858e+01 1.8161032e+01 1.7152855e+01 1.7628803e+01 1.7681519e+01 1.6514199e+01 1.6304790e+01 1.6073998e+01 1.5409836e+01 1.6135904e+01 1.6227785e+01 1.5051031e+01 1.5654918e+01 1.5509747e+01 1.5220373e+01 1.5004238e+01 1.4850241e+01 1.4753996e+01 1.4662492e+01 1.4613066e+01 1.4598815e+01 1.4586163e+01 1.4090230e+01 1.4715641e+01 1.4681596e+01
2.3751265e+01 2.3537075e+01 2.3530891e+01 2.3286933e+01 2.3067127e+01 2.3002999e+01 2.2996581e+01 2.2787363e+01 2.2649356e+01 2.2574179e+01 2.2482112e+01 2.2367939e+01 2.2281393e+01 2.2211140e+01 2.1879322e+01 2.1718058e+01 2.1099372e+01 1.7804192e+01 1.9844619e+01 2.0286535e+01 1.9994796e+01 1.9861634e+01 1.9805089e+01 1.9614892e+01 1.9401352e+01 1.9412523e+01 1.8532278e+01 1.8008334e+01 1.6411956e+01 1.7178033e+01 1.7631009e+01 1.7246368e+01 1.6722321e+01 1.5228035e+01 1.5749950e+01 1.5431809e+01 1.4847972e+01 1.5779967e+01 1.5728204e+01 1.5473274e+01 1.5245225e+01 1.5089042e+01 1.5013754e+01 1.4973114e+01 1.5005819e+01 1.5065239e+01 1.4935146e+01 1.4347537e+01 1.4821358e+01 1.5179567e+01
2.3813673e+01 2.3700548e+01 2.3545922e+01 2.3429816e+01 2.3229139e+01 2.3156875e+01 2.3144742e+01 2.3134058e+01 2.3070383e+01 2.2974867e+01 2.2883046e+01 2.2745252e+01 2.2568783e+01 2.2308390e+01 2.2167947e+01 2.1687980e+01 2.1302571e+01 2.0769108e+01 2.1114753e+01 2.0651076e+01 2.0396136e+01 1.9760096e+01 1.9345314e+01 1.9778233e+01 1.9811572e+01 1.9846802e+01 1.9093249e+01 1.8511690e+01 1.8110502e+01 1.8079930e+01 1.7837251e+01 1.7320807e+01 1.6949605e+01 1.6846445e+01 1.6659271e+01 1.6593295e+01 1.6350629e+01 1.6226135e+01 1.5936286e+01 1.5701233e+01 1.5510452e+01 1.5368388e+01 1.5310196e+01 1.5325228e+01 1.5191724e+01 1.5183559e+01 1.5306587e+01 1.2829343e+01 1.2234154e+01 1.3874466e+01
