ahotovec/data/depth_0033.asc
ncols     164
nrows     146
xllcorner -1.242151388888889e+02
yllcorner  4.172986111111111e+01
cellsize  2.777777777820000e-04
nodata_value       -9999
[rows 66 to 87 of 146, columns 50 to 99 of 164]
0.0000000e+00 0.0000000e+00 0.0000000e+00 0.0000000e+00 0.0000000e+00 0.0000000e+00 0.0000000e+00 0.0000000e+00 0.0000000e+00 0.0000000e+00 0.0000000e+00 0.0000000e+00 0.0000000e+00 0.0000000e+00 9.9948125e-04 9.9940451e-04 9.9863140e-04 9.9845350e-04 2.9527715e-03 1.4442646e-02 1.7201802e-02 1.6248745e-01 8.9410270e-01 1.3116907e+00 1.4765062e+00 1.4920906e+00 1.4780303e+00 1.4708275e+00 1.5004850e+00 2.1047276e+00 3.1070734e+00 4.1967982e+00 3.0790936e+00 1.7397575e+00 1.4845256e+00 1.5360943e+00 1.4521158e+00 1.2384133e+00 9.3160552e-01 6.1905335e-01 4.7694944e-01 4.0679639e-01 3.8796810e-01 4.1035040e-01 4.2261194e-01 4.4652267e-01 4.7765816e-01 5.1558015e-01 5.3902148e-01 5.5439773e-01
0.0000000e+00 0.0000000e+00 0.0000000e+00 0.0000000e+00 0.0000000e+00 9.9484659e-04 9.9891148e-04 9.9638514e-04 9.9628300e-04 9.9787176e-04 9.8869479e-04 9.7309226e-04 9.8423272e-04 9.5117314e-04 9.9952402e-04 9.9841366e-04 9.9810365e-04 9.9820409e-04 9.9683041e-04 7.9397253e-03 1.7794386e-02 5.7296160e-01 1.0806567e+00 1.3603462e+00 1.4825348e+00 1.4794209e+00 1.4539398e+00 1.5329028e+00 3.7731589e+00 4.6579857e+00 3.9954408e+00 2.1489809e+00 1.4457198e+00 1.4307520e+00 1.4221745e+00 1.3404708e+00 1.2415164e+00 1.1555226e+00 1.0231926e+00 8.9526475e-01 8.1750506e-01 6.9367782e-01 5.6781784e-01 4.7997223e-01 4.2326290e-01 4.0667810e-01 3.8275147e-01 3.6818513e-01 3.4865555e-01 3.0812564e-01
0.0000000e+00 0.0000000e+00 0.0000000e+00 0.0000000e+00 0.0000000e+00 9.9923071e-04 9.9725030e-04 9.8828118e-04 9.9571805e-04 9.5227580e-04 9.1130734e-04 7.4160044e-02 1.2685683e-01 9.2369597e-02 9.9802054e-04 9.9832068e-04 9.9822355e-04 9.9616623e-04 9.9854204e-04 1.0051382e-03 5.0617361e-01 1.0347053e+00 1.2866836e+00 1.4310071e+00 1.5042073e+00 1.4759755e+00 1.4308272e+00 2.4534680e+00 4.7754989e+00 3.4585810e+00 1.9212113e+00 1.4010118e+00 1.3821421e+00 1.3727246e+00 1.3633956e+00 1.3060374e+00 1.1690635e+00 1.1047028e+00 1.0741531e+00 1.0839238e+00 1.0557084e+00 9.8783563e-01 9.3167338e-01 8.7230319e-01 7.9901066e-01 6.8823216e-01 5.8720259e-01 4.8753825e-01 3.6860090e-01 3.1488749e-01
0.0000000e+00 0.0000000e+00 0.0000000e+00 0.0000000e+00 0.0000000e+00 9.9642118e-04 9.8376194e-04 2.2926675e-01 5.5965851e-03 5.3057725e-03 4.2838274e-01 6.9585562e-01 6.3549619e-01 4.3542899e-01 3.2734046e-01 1.2448335e-01 9.9589395e-04 9.9935782e-04 9.8074784e-04 2.5514054e-01 9.1754859e-01 1.3002814e+00 1.3893196e+00 1.4853130e+00 1.5171469e+00 1.4656430e+00 1.3735222e+00 3.3099680e+00 4.9447450e+00 3.0260104e+00 1.7076989e+00 1.3305398e+00 1.3110166e+00 1.2991239e+00 1.2846808e+00 1.2084762e+00 1.1392407e+00 1.0848620e+00 1.0683492e+00 1.0721041e+00 1.0964176e+00 1.0704173e+00 1.0440372e+00 1.0296996e+00 9.8468149e-01 9.1023160e-01 8.9244007e-01 8.8025090e-01 8.0892181e-01 7.4857306e-01
0.0000000e+00 0.0000000e+00 0.0000000e+00 0.0000000e+00 0.0000000e+00 9.6576913e-04 9.7869871e-04 3.6314446e-01 4.1532786e-01 6.4996015e-01 5.5336977e-01 5.9434352e-01 7.6510252e-01 5.8219412e-01 6.3545410e-01 7.2772869e-01 3.7730160e-01 8.5959228e-03 6.4907343e-02 6.8068887e-01 9.8937429e-01 1.2038689e+00 1.3020932e+00 1.4022038e+00 1.4889821e+00 1.4627604e+00 1.3321081e+00 2.4091714e+00 5.2583544e+00 4.6527921e+00 3.1668084e+00 1.3148669e+00 1.2346077e+00 1.2025204e+00 1.1527704e+00 1.0877654e+00 1.0841846e+00 1.0958432e+00 1.0793314e+00 1.0670402e+00 1.0503232e+00 1.0490820e+00 1.0320916e+00 1.0087240e+00 9.8806383e-01 9.7125900e-01 9.8893339e-01 9.9383976e-01 9.6683248e-01 9.0090061e-01
0.0000000e+00 0.0000000e+00 0.0000000e+00 9.8977218e-04 9.5334459e-04 9.6997207e-04 9.3175306e-04 4.7229477e-01 5.8190471e-01 8.4071078e-01 5.3916466e-01 7.1548926e-04 4.1802317e-01 6.5736959e-01 7.3316754e-01 8.6287682e-01 6.5818909e-01 9.2840728e-02 6.0174656e-01 9.2014572e-01 7.7117152e-01 8.3178866e-01 1.0928397e+00 1.1524500e+00 1.1867462e+00 1.1655284e+00 1.1089639e+00 1.0563965e+00 3.8144208e+00 5.2413274e+00 3.9698542e+00 1.2955006e+00 1.1607747e+00 1.2085657e+00 1.1403974e+00 1.0297636e+00 1.0113052e+00 1.0127658e+00 9.9645953e-01 9.8546431e-01 9.7470507e-01 9.6647163e-01 9.5914002e-01 9.5259063e-01 9.5393514e-01 9.4834775e-01 9.6069300e-01 9.6944816e-01 9.5042690e-01 9.3198295e-01
9.9882359e-04 0.0000000e+00 9.7457103e-04 9.4479654e-04 9.9998833e-04 4.7229825e-02 9.9899820e-04 8.0001720e-04 8.9084998e-04 5.1337043e-01 7.2619513e-01 7.0928505e-01 7.8684919e-01 6.4652781e-01 7.1911143e-01 4.2718052e-01 4.9683579e-01 4.3617225e-01 5.5092805e-01 8.2262007e-01 8.6833821e-01 8.1665157e-01 9.6057615e-01 9.9872263e-01 8.9530338e-01 8.1426192e-01 5.1648871e-01 5.1863577e-01 1.8380833e+00 4.0693121e+00 2.9169095e+00 9.1489023e-01 1.1482811e+00 1.2133256e+00 1.2296415e+00 9.4833618e-01 8.5959341e-01 8.0087949e-01 7.7444865e-01 7.6546061e-01 7.5902682e-01 7.5404655e-01 7.5346891e-01 7.6210963e-01 7.7130243e-01 8.0839028e-01 8.3155632e-01 8.3777678e-01 8.4305323e-01 8.5299045e-01
9.9712624e-04 9.8390457e-04 9.7177320e-04 1.5143980e-01 9.9569189e-04 5.8134474e-02 9.8044442e-04 8.6468801e-04 6.7770495e-04 8.8740585e-04 8.3629073e-01 8.7211552e-01 8.4977192e-01 6.3513798e-01 4.4323018e-01 4.2439535e-01 3.5037060e-01 3.0382912e-01 3.2835183e-01 4.9241928e-01 8.1059453e-01 8.8399042e-01 8.6369012e-01 8.9713763e-01 1.0117170e+00 9.6917657e-01 3.7436898e-01 1.0558855e-01 1.3343178e+00 3.1445912e+00 1.7430391e+00 4.9274064e-01 4.5496932e-01 3.9490755e-01 7.0107213e-01 6.3500017e-01 5.7119665e-01 8.3650637e-01 8.7294386e-01 6.3672900e-01 6.5368391e-01 6.6729363e-01 6.8329636e-01 6.9107069e-01 7.0522170e-01 5.1312463e-01 3.7042145e-01 4.2617345e-01 5.1359101e-01 6.4114375e-01
9.9887253e-04 9.9760218e-04 8.4704384e-04 8.9862670e-04 5.4177770e-02 1.2193107e-01 7.2384621e-02 1.8119157e-01 1.2660858e-01 4.5761323e-01 6.3135580e-01 5.5677042e-01 5.2463439e-01 4.9874283e-01 3.9570556e-01 2.1266699e-01 9.3823915e-04 9.4373653e-04 2.7715358e-01 4.3682767e-01 6.0531055e-01 6.6457828e-01 6.9979120e-01 7.8259599e-01 8.0577105e-01 4.1241505e-01 6.5577125e-04 0.0000000e+00 1.8114688e+00 3.6980555e+00 2.7763373e+00 1.4556783e+00 2.3720256e+00 2.6173809e+00 2.0713128e+00 2.1150537e+00 2.1740757e+00 3.1892464e+00 3.9169891e+00 3.9238032e+00 3.9339535e+00 3.9348862e+00 3.9401117e+00 3.8682555e+00 3.8035645e+00 3.1627456e+00 2.7482840e+00 2.0205173e+00 1.3931807e+00 8.9945866e-01
9.9832073e-04 9.8421208e-04 2.1456559e-01 3.2685531e-01 3.7488238e-01 4.1936956e-01 5.5182347e-01 7.4424433e-01 7.0732652e-01 5.1390001e-01 4.6482965e-01 4.8742965e-01 5.2925817e-01 4.2022051e-01 3.7832338e-01 3.7740995e-01 2.3299989e-01 2.5588203e-02 2.8617600e-01 5.3657630e-01 7.7193697e-01 5.6732606e-01 3.5838332e-01 2.9366443e-01 1.3817624e-03 6.1172505e-04 9.3526881e-02 2.7766653e+00 3.9802660e+00 4.2345061e+00 4.3879117e+00 4.0616974e+00 4.2666889e+00 4.1404708e+00 4.0677496e+00 4.0822644e+00 4.0892178e+00 4.2167456e+00 4.3959793e+00 4.4841745e+00 4.4727787e+00 4.3995803e+00 4.1884025e+00 4.0530319e+00 4.2244279e+00 4.3212298e+00 4.3372176e+00 4.3018374e+00 4.0608869e+00 3.7851598e+00
9.4162366e-04 8.2382207e-04 2.8840257e-01 7.8781448e-01 8.5241000e-01 9.3369513e-01 8.3448124e-01 6.2082443e-01 5.1907070e-01 3.5061466e-01 2.9439593e-01 3.7886234e-01 3.0242224e-01 3.9994732e-01 4.0333036e-01 4.2848779e-01 4.6454328e-01 3.2866490e-01 4.5350531e-01 5.7088615e-01 7.3356760e-01 3.1748704e-01 8.6631806e-04 6.4867319e-04 8.9485794e-04 2.3524471e+00 3.4049760e+00 3.8917814e+00 4.1344183e+00 4.2108093e+00 4.4479810e+00 4.4355103e+00 4.2958536e+00 4.1398857e+00 4.1657489e+00 4.2179664e+00 4.2981859e+00 4.2818157e+00 4.3696883e+00 4.4530181e+00 4.4515090e+00 4.3198949e+00 3.9548335e+00 3.5982379e+00 4.1149554e+00 4.3836271e+00 4.5060587e+00 4.5511854e+00 4.5395853e+00 4.5204596e+00
1.1996760e-03 1.0431947e-02 5.5650565e-01 6.8642005e-01 6.6797248e-01 9.3659687e-01 6.0330182e-01 4.6085363e-01 3.4516585e-01 3.6235984e-01 3.3621450e-01 3.4819949e-01 3.7522050e-01 4.2825611e-01 5.4381541e-01 5.4378691e-01 6.4121164e-01 5.8346574e-01 5.7892244e-01 2.8013856e-01 9.4033450e-04 9.3845498e-04 9.1082227e-04 1.4126682e+00 3.3530717e+00 4.0556263e+00 3.6708614e+00 3.6870726e+00 4.0910800e+00 4.3958952e+00 4.5996654e+00 4.6587389e+00 4.6602574e+00 4.6002128e+00 4.6211702e+00 4.6337000e+00 4.6067835e+00 4.4393431e+00 4.5357004e+00 4.6936357e+00 4.7053596e+00 4.6307772e+00 4.5043928e+00 4.4230830e+00 4.4546619e+00 4.6451155e+00 4.7908208e+00 4.7915592e+00 4.7284766e+00 4.6846316e+00
3.7851673e-01 4.7288671e-01 5.0556963e-01 5.6152275e-01 8.5587103e-01 8.7702463e-01 5.3896991e-01 3.5506316e-01 2.3263638e-01 3.2154025e-01 2.8780603e-01 3.6138785e-01 3.8174885e-01 5.1591999e-01 6.0582458e-01 6.2786846e-01 5.7167122e-01 3.0121220e-01 9.3926594e-04 1.5296691e-03 7.7065018e-04 1.7949998e+00 3.1084703e+00 3.9060544e+00 4.1909031e+00 3.9947297e+00 3.6349081e+00 3.9567801e+00 4.4818021e+00 4.5969910e+00 4.8422276e+00 4.8870438e+00 4.8895991e+00 4.9388182e+00 5.0051080e+00 4.9627484e+00 4.8035961e+00 4.7729149e+00 4.9072129e+00 4.9702655e+00 5.0030943e+00 5.0104059e+00 4.9903294e+00 5.0308339e+00 5.0536594e+00 4.9508856e+00 5.1176080e+00 5.1902085e+00 5.0479448e+00 4.9197428e+00
5.0375375e-01 5.3645279e-02 6.0124500e-02 1.9486057e-01 3.7801057e-01 4.2694137e-01 2.6352994e-01 2.1028097e-01 1.2048253e-01 1.0896637e-01 2.3550452e-01 3.0272117e-01 4.1439870e-01 5.1662722e-01 5.0717370e-01 2.9491533e-01 9.7705037e-04 7.3327196e-04 7.8681732e-04 1.1126885e+00 3.2035485e+00 4.5306322e+00 4.2403858e+00 4.1506488e+00 4.5237728e+00 4.4165067e+00 4.3704195e+00 4.7178912e+00 5.2896130e+00 5.2831242e+00 5.4154781e+00 5.2163821e+00 5.1164989e+00 5.0906556e+00 5.2337098e+00 5.4550710e+00 5.2939789e+00 5.0781035e+00 5.1883456e+00 5.3619629e+00 5.5463571e+00 5.5195710e+00 5.5366864e+00 5.4390528e+00 5.4738136e+00 5.4880628e+00 5.4033073e+00 5.5003889e+00 5.7050939e+00 5.5642360e+00
1.3726111e-01 4.4114597e-03 6.9145340e-03 1.9445211e-03 9.9983817e-04 2.2288313e-01 4.9114449e-01 1.1333033e-02 2.5954846e-02 9.9425162e-04 1.3949436e-01 1.8267300e-01 2.6663615e-01 1.9209044e-01 9.6116197e-04 8.6471959e-04 8.9806039e-04 1.7895955e+00 3.7908116e+00 4.4590843e+00 4.8925888e+00 4.8911907e+00 4.9459390e+00 5.2041851e+00 5.3249372e+00 5.4649390e+00 5.5738674e+00 5.9371045e+00 6.0036374e+00 5.7802880e+00 5.7580069e+00 5.6615644e+00 5.5218166e+00 5.3847613e+00 5.5539525e+00 5.7687816e+00 5.8806503e+00 5.8844906e+00 5.8132130e+00 5.8562614e+00 5.8703453e+00 5.9039130e+00 6.0893733e+00 6.1923649e+00 6.1690577e+00 6.0814609e+00 6.1407143e+00 6.0294771e+00 6.0490111e+00 5.9911417e+00
4.4014212e-03 1.0858912e-02 9.2709940e-03 4.7403985e-03 9.7221377e-04 4.4128505e-01 6.7059796e-01 5.2616715e-01 2.3222888e-03 2.2529807e-01 3.7782305e-01 1.4737184e-02 9.9973986e-04 9.7081790e-04 9.4510842e-04 9.5834575e-01 3.4185206e+00 4.5088171e+00 4.6813795e+00 4.8831244e+00 5.1223641e+00 5.2771706e+00 5.5324234e+00 5.7569331e+00 5.7824452e+00 5.8924944e+00 6.1601532e+00 6.5560902e+00 6.5514146e+00 6.2209176e+00 6.0943710e+00 6.1618004e+00 6.0386231e+00 5.7529578e+00 5.8563192e+00 5.9866599e+00 6.1019642e+00 6.3104848e+00 6.3930991e+00 6.3162406e+00 6.2594196e+00 6.1874639e+00 6.2117472e+00 6.5898806e+00 6.7618355e+00 6.5549367e+00 6.5064642e+00 6.4749041e+00 6.5137347e+00 6.5235167e+00
1.3398522e-02 6.0804824e-03 6.1162346e-03 2.6615319e-03 9.5553359e-04 9.5476401e-04 8.8268271e-01 9.9502695e-01 5.4334319e-01 9.2137710e-04 9.9380529e-04 9.3494568e-04 8.3542883e-04 4.8305234e-01 3.0327242e+00 4.2260377e+00 4.5211117e+00 4.7847948e+00 4.9359522e+00 5.2112163e+00 5.4642718e+00 5.6165199e+00 5.7970116e+00 5.8267543e+00 6.0559554e+00 6.3706533e+00 6.4438361e+00 6.3118968e+00 6.5110355e+00 6.2843394e+00 6.2620372e+00 6.3267810e+00 6.4270665e+00 6.4674035e+00 6.4234053e+00 6.2147866e+00 6.1046660e+00 6.2279012e+00 6.4402037e+00 6.6100461e+00 6.6778801e+00 6.5569184e+00 6.4443401e+00 6.5472526e+00 6.8128617e+00 6.8822383e+00 6.8434394e+00 6.8350731e+00 6.8721078e+00 6.8423350e+00
9.3338871e-04 3.3946180e-03 9.9636370e-04 9.9675941e-04 5.6787965e-04 9.7824524e-04 9.8275640e-04 1.0480576e-01 9.9005315e-04 9.9949691e-04 9.8755090e-04 8.2450578e-04 2.4982058e+00 3.8820508e+00 4.2588178e+00 4.5854516e+00 4.8788987e+00 5.2318140e+00 5.2787357e+00 5.4634717e+00 5.7465461e+00 5.8182946e+00 5.8714076e+00 5.9483172e+00 6.1403491e+00 6.6817790e+00 6.7217228e+00 6.4555118e+00 6.6691456e+00 6.2380273e+00 6.2238282e+00 6.3409417e+00 6.5309560e+00 6.7738080e+00 6.8448710e+00 6.4907078e+00 6.3005049e+00 6.3015529e+00 6.3435041e+00 6.7386058e+00 7.0096329e+00 6.9186600e+00 6.7971795e+00 6.7720351e+00 6.9270781e+00 7.1073014e+00 7.1255483e+00 7.1666267e+00 7.1675779e+00 7.0208466e+00
9.8830027e-04 6.9687008e-03 1.5212264e-02 9.9945211e-04 0.0000000e+00 6.6544776e-04 9.6125080e-04 9.8142015e-04 9.9564178e-04 9.6602894e-04 8.8698478e-04 5.4006415e-01 2.5525231e+00 4.4765616e+00 4.7949036e+00 4.9163266e+00 5.2771005e+00 5.4636835e+00 5.4713918e+00 5.5312798e+00 5.7335265e+00 5.8143041e+00 5.9573007e+00 6.1015350e+00 6.2416606e+00 6.4757798e+00 6.2177299e+00 6.0754916e+00 6.9839475e+00 6.7463667e+00 6.5394083e+00 6.6935699e+00 6.3749696e+00 6.7285633e+00 6.8313741e+00 6.7231963e+00 6.8865952e+00 7.2236457e+00 6.6667188e+00 6.8080493e+00 6.9220223e+00 7.0240697e+00 7.0898493e+00 7.1136175e+00 7.1312934e+00 7.1379652e+00 7.1459053e+00 7.2828640e+00 7.4333110e+00 7.3010445e+00
0.0000000e+00 9.8414445e-04 4.9454313e-02 3.4603237e-02 7.5491407e-04 9.8519837e-04 6.4022994e-03 8.6342212e-04 9.6840574e-04 8.8161281e-04 8.0870414e-01 2.3937316e+00 3.8882105e+00 4.1665561e+00 4.9561990e+00 5.2764657e+00 5.5676468e+00 5.5299789e+00 5.6201534e+00 5.7261598e+00 5.7656035e+00 5.8435477e+00 6.1132605e+00 6.2932055e+00 6.3749196e+00 6.3858789e+00 6.0879939e+00 5.7564384e+00 5.9717242e+00 6.7876328e+00 6.7904615e+00 6.7357650e+00 6.5357655e+00 6.6423982e+00 6.7865029e+00 6.9238523e+00 7.1875964e+00 7.4844907e+00 7.3828740e+00 7.2872823e+00 7.2022217e+00 7.1711651e+00 7.1976683e+00 7.3858649e+00 7.4434532e+00 7.3705285e+00 7.2171129e+00 7.3027266e+00 7.4661183e+00 7.4670034e+00
0.0000000e+00 0.0000000e+00 5.8095129e-03 3.0410858e-02 1.1122536e-02 9.4625190e-01 2.3932802e+00 2.0869572e+00 1.8111063e+00 2.6882245e+00 3.5488045e+00 4.2251825e+00 4.5299861e+00 4.3897016e+00 4.7307776e+00 5.2798275e+00 5.6707165e+00 5.7877645e+00 5.7728196e+00 5.8195849e+00 5.8949784e+00 6.1126572e+00 6.4075706e+00 6.5273877e+00 6.6046057e+00 6.4683279e+00 6.3151234e+00 5.9989020e+00 6.0693405e+00 6.7117679e+00 6.9070671e+00 7.0387042e+00 7.0065993e+00 6.7617041e+00 6.8399346e+00 7.0322232e+00 7.2208588e+00 7.3885119e+00 7.4920158e+00 7.4100232e+00 7.4925812e+00 7.5666310e+00 7.2487113e+00 7.3387878e+00 7.6605593e+00 7.4594982e+00 7.3759848e+00 7.2492348e+00 7.3878552e+00 7.4667693e+00
8.5498958e-04 9.1721595e-04 9.2332278e-04 9.7881288e-04 9.9623507e-04 1.0798193e+00 3.9872318e+00 4.0393171e+00 3.8898941e+00 3.8589665e+00 4.0720263e+00 4.3336324e+00 4.6291314e+00 4.7035095e+00 4.9632210e+00 5.3319990e+00 5.5236294e+00 6.0597092e+00 6.0769946e+00 6.1323246e+00 6.2864903e+00 6.4897965e+00 6.6986708e+00 6.5053670e+00 6.6708774e+00 6.7369123e+00 6.7962708e+00 6.6065189e+00 6.4816760e+00 6.9651857e+00 6.9507597e+00 6.7805405e+00 6.8300303e+00 6.8479676e+00 7.0756401e+00 6.9080675e+00 6.9789770e+00 7.1074115e+00 7.1516492e+00 6.7731433e+00 6.9370831e+00 6.9836593e+00 6.6827723e+00 6.8537768e+00 7.3207391e+00 6.7256199e+00 6.3645791e+00 6.1327096e+00 6.7558500e+00 7.3476310e+00
