ahotovec/data/depth_0048.asc
ncols     164
nrows     146
xllcorner -1.242151388888889e+02
yllcorner  4.172986111111111e+01
cellsize  2.777777777820000e-04
nodata_value       -9999
[rows 66 to 87 of 146, columns 100 to 149 of 164]
1.0125422e+00 1.0021344e+00 9.7907750e-01 9.7739206e-01 9.8347416e-01 9.8272837e-01 9.8807256e-01 9.9575230e-01 9.9172169e-01 9.4178551e-01 8.5800182e-01 7.7087768e-01 6.6449228e-01 5.3917590e-01 4.1661569e-01 3.0009388e-01 2.0103855e-01 8.7387041e-02 1.7358210e-02 1.9100698e-02 1.5787664e-02 9.3758394e-03 6.1845969e-03 6.4791946e-03 4.6888897e-03 3.8166128e-03 3.2609327e-03 2.6529202e-03 1.9223932e-03 9.9969345e-04 9.9885266e-04 9.9939926e-04 9.9999835e-04 9.8276370e-04 9.9973317e-04 9.9935765e-04 9.9769617e-04 9.9912507e-04 9.9928385e-04 9.9966300e-04 9.9919002e-04 9.9987941e-04 9.9886800e-04 9.9878776e-04 9.9855903e-04 9.9988141e-04 9.9979051e-04 9.9843761e-04 9.9957594e-04 9.9986276e-04
9.2877684e-01 9.1207201e-01 8.6181249e-01 8.6670221e-01 9.1427273e-01 9.4398582e-01 9.4347234e-01 9.4939721e-01 9.4530696e-01 9.0236625e-01 7.8582421e-01 6.3567077e-01 5.8303896e-01 5.0230078e-01 4.3651211e-01 3.5588492e-01 2.9540138e-01 2.1755673e-01 9.8249587e-02 1.3170550e-02 1.0131707e-02 7.8456166e-03 5.8967218e-03 9.9977039e-04 9.9744039e-04 1.6669724e-03 1.5984044e-03 1.6268681e-03 1.5969185e-03 1.0541492e-03 9.9814203e-04 9.8940774e-04 9.9527305e-04 9.9959793e-04 9.9889634e-04 1.3110746e-03 9.9779316e-04 9.8729749e-04 9.9658482e-04 9.9854162e-04 9.9948690e-04 9.9960371e-04 9.9973642e-04 9.9993098e-04 9.9966481e-04 9.9910325e-04 9.9926664e-04 9.9891201e-04 9.9890443e-04 9.9915003e-04
1.4250504e+00 1.3264770e+00 1.2354470e+00 1.2000223e+00 1.1179843e+00 1.0225529e+00 9.3253398e-01 8.6032627e-01 8.4120454e-01 7.9622165e-01 6.9809105e-01 6.9436440e-01 6.2085995e-01 5.7610800e-01 5.2543798e-01 4.8516569e-01 4.3239490e-01 3.6664580e-01 2.8314096e-01 1.5852011e-01 3.4522121e-02 1.9051257e-02 1.0381383e-02 8.4313419e-03 5.2203978e-03 4.7110675e-03 3.1367460e-03 1.9938851e-03 1.6808107e-03 1.1288539e-03 1.2184132e-03 2.9353000e-03 6.3046005e-03 9.5272755e-03 1.2652188e-02 1.2969404e-02 1.1099722e-02 1.5022005e-02 3.8763181e-03 4.3289214e-03 9.8359576e-04 9.8165596e-04 9.9377404e-04 9.9969774e-04 9.9997446e-04 9.9964749e-04 9.9787216e-04 9.9888940e-04 9.9892627e-04 9.9995495e-04
1.9062720e+00 1.8542069e+00 1.7675090e+00 1.6850887e+00 1.6158896e+00 1.4835015e+00 1.3822936e+00 1.2244721e+00 1.0284158e+00 9.1743309e-01 8.4422403e-01 7.8068956e-01 7.5234062e-01 7.1507296e-01 6.8187819e-01 6.3377499e-01 5.7727679e-01 5.0213195e-01 4.3507353e-01 3.9959040e-01 3.0990192e-01 2.3021639e-01 1.4670877e-01 9.8807180e-02 1.0574369e-01 8.0300927e-02 9.0617046e-02 9.9686658e-02 1.1249180e-01 8.7890890e-02 1.0544439e-01 8.8990760e-02 5.5786077e-02 1.9902256e-02 3.3184522e-03 3.5724561e-03 2.6253088e-03 3.5085780e-03 2.1621797e-03 5.2037821e-03 7.5100082e-03 7.6169058e-03 4.6160929e-03 1.1419862e-03 1.0062289e-03 9.9898002e-04 9.9909284e-04 9.9997974e-04 9.9945013e-04 9.9958013e-04
2.1147603e+00 2.0733943e+00 2.0013541e+00 1.9150221e+00 1.8417616e+00 1.7893615e+00 1.8069242e+00 1.7898578e+00 1.6513460e+00 1.5333937e+00 1.3852814e+00 1.1736629e+00 1.0356405e+00 9.4008530e-01 8.3298356e-01 7.6869360e-01 7.1351125e-01 6.7120842e-01 6.4434607e-01 6.4213292e-01 6.2385300e-01 6.0474923e-01 5.7454199e-01 5.3554360e-01 4.8243264e-01 4.5387114e-01 4.6567361e-01 4.9192334e-01 5.1215380e-01 5.2322020e-01 4.9736964e-01 4.8823095e-01 4.5893524e-01 3.8132481e-01 3.2466985e-01 3.1751776e-01 2.9239038e-01 3.0247849e-01 2.3587211e-01 1.0433491e-01 4.5830438e-02 1.5667052e-03 2.2958974e-03 3.4638527e-03 4.6909588e-03 2.9714408e-03 1.5018183e-03 1.0722030e-03 9.9972350e-04 9.9939759e-04
2.2044738e+00 2.1491642e+00 2.0506773e+00 1.9424746e+00 1.8749468e+00 1.8647292e+00 1.8643931e+00 1.9002268e+00 2.0098438e+00 2.0688077e+00 1.9933865e+00 1.7961220e+00 1.6750435e+00 1.6527085e+00 1.3888623e+00 1.0965264e+00 9.5338105e-01 8.9388712e-01 8.9321235e-01 9.1209831e-01 9.2807334e-01 9.0364282e-01 8.9695995e-01 8.4501225e-01 7.5924474e-01 7.4129148e-01 7.6190858e-01 7.8300653e-01 7.9673890e-01 7.9552322e-01 7.7361460e-01 7.7726824e-01 7.4095666e-01 6.7602783e-01 6.7626397e-01 7.0495381e-01 6.7742592e-01 6.6215120e-01 5.6901300e-01 4.7639864e-01 4.0439517e-01 2.9591395e-01 1.9642055e-01 5.0577143e-02 9.7346786e-04 2.6043179e-03 4.6103216e-03 3.1965493e-03 2.0570713e-03 1.9284063e-03
2.2321555e+00 2.2357513e+00 2.1450382e+00 1.9853971e+00 1.9316921e+00 2.0182744e+00 2.0292338e+00 1.9571293e+00 2.0158731e+00 2.2269435e+00 2.2879117e+00 2.3216975e+00 2.4321055e+00 2.2668781e+00 2.1266142e+00 1.8189082e+00 1.5546263e+00 1.4211949e+00 1.2965591e+00 1.1649057e+00 1.0112688e+00 9.5576659e-01 9.6382519e-01 9.6022302e-01 9.2511540e-01 8.9269766e-01 9.1307152e-01 9.2599790e-01 9.5178276e-01 9.7282674e-01 1.0083745e+00 9.6351120e-01 8.6654245e-01 9.5337179e-01 1.0184891e+00 1.0485841e+00 1.0251785e+00 9.4222434e-01 8.4977216e-01 7.6851002e-01 6.6366804e-01 5.8019043e-01 4.8050296e-01 3.6828913e-01 2.5957589e-01 1.4742063e-01 1.9729244e-03 6.3993772e-03 4.7706183e-03 3.4353802e-03
2.2196247e+00 2.2348421e+00 2.2319414e+00 2.0544533e+00 1.9242984e+00 1.9690764e+00 2.0496097e+00 2.0997480e+00 2.1529900e+00 2.2845076e+00 2.6750710e+00 4.8018641e+00 6.6799562e+00 4.1992079e+00 2.3771535e+00 2.2708462e+00 2.1232347e+00 1.9676117e+00 1.7677391e+00 1.4046631e+00 8.9350510e-01 6.4038299e-01 6.6083591e-01 7.4948540e-01 8.0375968e-01 6.9471353e-01 6.3451615e-01 6.6026249e-01 7.6101249e-01 8.5500211e-01 9.3114142e-01 1.0159428e+00 1.1112775e+00 1.2117678e+00 1.2525894e+00 1.2629865e+00 1.2527413e+00 1.1769497e+00 1.0919261e+00 1.0167551e+00 9.2131585e-01 8.3187299e-01 7.5043338e-01 6.4105358e-01 5.4953775e-01 4.0417578e-01 2.4090183e-01 3.5066178e-02 5.7140888e-03 5.3955116e-03
3.0290293e+00 2.3549313e+00 2.2430935e+00 2.1085546e+00 1.7224999e+00 1.4860878e+00 1.5500357e+00 1.9308733e+00 2.2697598e+00 3.0234737e+00 6.0966136e+00 8.2061746e+00 8.6042079e+00 7.2591485e+00 4.7661553e+00 2.6258878e+00 2.3171599e+00 2.2533813e+00 1.9980044e+00 1.4092821e+00 6.9560236e-01 3.2694853e-01 2.8800953e-01 3.3972716e-01 3.2748158e-01 2.1816649e-01 1.5754428e-01 1.9778712e-01 3.0205121e-01 4.2216342e-01 6.1476063e-01 9.3137345e-01 1.2751431e+00 1.3752727e+00 1.4197021e+00 1.4282658e+00 1.3862131e+00 1.3592879e+00 1.2862488e+00 1.2191740e+00 1.1380965e+00 1.0771771e+00 1.0060621e+00 9.1800182e-01 7.6358826e-01 5.2667290e-01 3.4616481e-01 9.3727979e-02 4.4723061e-03 7.2281684e-03
5.6210866e+00 4.5991487e+00 2.8462433e+00 2.2368506e+00 1.7737451e+00 8.1874794e-01 8.1314618e-01 1.7385113e+00 3.4212523e+00 6.9414335e+00 8.4598207e+00 8.7630756e+00 8.8100256e+00 8.8924152e+00 8.7851579e+00 6.2745306e+00 3.3737679e+00 2.3349848e+00 2.0143632e+00 1.1634638e+00 5.6188548e-01 3.5413533e-01 2.8646298e-01 2.6344980e-01 2.2620670e-01 1.3543314e-01 1.0641598e-02 1.0690828e-03 2.1125473e-02 1.3102565e-01 4.2148899e-01 8.5939185e-01 1.3543808e+00 1.5853950e+00 1.5943996e+00 1.5696929e+00 1.5679376e+00 1.4917239e+00 1.4426405e+00 1.3753895e+00 1.3071432e+00 1.2447230e+00 1.1716842e+00 1.0587501e+00 8.2629913e-01 5.5272835e-01 3.3120277e-01 9.7790205e-02 1.0152227e-03 3.1208835e-03
6.3148814e+00 6.2340494e+00 5.2994358e+00 3.4028211e+00 2.6016758e+00 6.8517071e-01 7.2821372e-01 3.4977232e+00 7.9384579e+00 8.7228663e+00 8.8713411e+00 9.0407348e+00 9.1441522e+00 9.2542977e+00 9.2846245e+00 8.1066960e+00 6.8536264e+00 4.1539797e+00 1.6345413e+00 7.5961740e-01 5.8341150e-01 6.8014315e-01 5.5868176e-01 5.3494410e-01 6.7536496e-01 6.1896622e-01 3.4276631e-01 1.2064286e-01 3.0277794e-02 6.0188361e-02 2.7683539e-01 7.2523796e-01 1.3242329e+00 1.7458056e+00 1.8787466e+00 1.8386555e+00 1.7465291e+00 1.6617215e+00 1.5818398e+00 1.5020694e+00 1.4214225e+00 1.3269858e+00 1.2158148e+00 1.0622646e+00 8.3158676e-01 5.8769598e-01 3.6253120e-01 1.8872634e-01 7.4387202e-02 5.7658855e-02
6.6006576e+00 6.2667503e+00 5.9850935e+00 5.3465987e+00 3.3876722e+00 1.5886815e+00 3.2800158e+00 7.5922433e+00 8.6584715e+00 8.7849892e+00 8.9320843e+00 9.0507560e+00 9.1695960e+00 9.4037154e+00 9.5580841e+00 9.3140890e+00 9.4692958e+00 7.4941398e+00 3.4159439e+00 1.0092097e+00 6.2924891e-01 6.6344603e-01 6.9893820e-01 8.5669247e-01 1.0811141e+00 1.0780668e+00 7.5491972e-01 6.2269555e-01 2.8074838e-01 1.2173831e-01 2.0832594e-01 5.0566126e-01 1.1281654e+00 1.7636270e+00 2.0853396e+00 2.1272886e+00 1.9843182e+00 1.8327138e+00 1.7354337e+00 1.6317971e+00 1.4897444e+00 1.3489262e+00 1.2261096e+00 1.0708524e+00 8.3630789e-01 6.2112519e-01 4.5214847e-01 3.6616477e-01 3.1527090e-01 4.0180809e-01
7.0916181e+00 6.8804101e+00 6.2217473e+00 5.3533762e+00 2.6427375e+00 4.3678112e+00 7.9686382e+00 8.4352676e+00 8.3837721e+00 8.3249960e+00 8.5399544e+00 8.7114749e+00 9.1468684e+00 9.4102325e+00 9.5833479e+00 9.6039872e+00 9.3175847e+00 6.9157824e+00 2.6630803e+00 9.0518834e-01 6.3789689e-01 5.1383014e-01 8.4034285e-01 9.0893124e-01 9.3112078e-01 8.2948672e-01 1.0944505e+00 8.0402820e-01 6.2796774e-01 4.9050015e-01 3.2355260e-01 3.8239264e-01 9.5650748e-01 1.7148554e+00 2.1477979e+00 2.3007087e+00 2.2016429e+00 2.0213704e+00 1.8684977e+00 1.7745588e+00 1.6058701e+00 1.4282456e+00 1.2456700e+00 1.0793372e+00 8.3607356e-01 6.9919083e-01 6.2629906e-01 5.9611648e-01 6.7196904e-01 7.5541743e-01
7.3880231e+00 7.2016302e+00 4.8921586e+00 2.6797730e+00 5.8315724e+00 8.2192017e+00 8.3584305e+00 8.2832853e+00 8.2215081e+00 8.1112600e+00 8.0365668e+00 8.4772726e+00 9.1454223e+00 9.3084495e+00 9.6042681e+00 8.9346024e+00 5.3869765e+00 1.9854409e+00 8.0424664e-01 6.5024294e-01 7.1135026e-01 1.0681563e+00 1.0817163e+00 1.0575003e+00 1.0737369e+00 9.6272342e-01 7.3066983e-01 2.9602343e-01 9.6111165e-01 8.3432154e-01 7.2969205e-01 5.9478576e-01 9.8525500e-01 1.6387773e+00 2.0612343e+00 2.2536302e+00 2.3079754e+00 2.2159201e+00 2.0942926e+00 1.9742672e+00 1.7936802e+00 1.5648398e+00 1.3458918e+00 1.1157685e+00 9.4922509e-01 8.1874649e-01 8.2242051e-01 8.6978089e-01 9.2095515e-01 9.7249678e-01
7.8879255e+00 6.3650934e+00 2.8162847e+00 3.6299333e+00 7.7689431e+00 8.4749687e+00 8.1191028e+00 8.0773679e+00 8.0491750e+00 8.1281845e+00 8.6916152e+00 8.6588793e+00 8.5023017e+00 8.7859338e+00 7.5488200e+00 4.4766032e+00 1.1713128e+00 8.5715602e-01 9.3600885e-01 1.1049372e+00 1.5411760e+00 1.2626947e+00 1.4123211e+00 1.2633296e+00 1.1678632e+00 1.0918202e+00 6.0400871e-01 5.6939623e-01 2.4528025e-01 9.5027833e-01 9.8742528e-01 9.7370187e-01 1.1245770e+00 1.5169057e+00 1.8617593e+00 2.0808809e+00 2.1973613e+00 2.2315154e+00 2.2234068e+00 2.1546896e+00 2.0027654e+00 1.7486077e+00 1.4599007e+00 1.2466364e+00 1.0847909e+00 1.0102990e+00 1.0237461e+00 1.0407358e+00 1.0829284e+00 1.1108078e+00
8.3713220e+00 7.9904893e+00 7.1593936e+00 4.3139215e+00 3.3437636e+00 6.9241247e+00 7.9225207e+00 7.8006841e+00 8.3101373e+00 8.6539838e+00 8.6748941e+00 8.5371837e+00 8.0756173e+00 6.7022917e+00 3.0030483e+00 9.6174194e-01 6.6003192e-01 6.4468034e-01 1.7166696e+00 2.0694663e+00 1.7337231e+00 1.2085315e+00 1.4598878e+00 1.3836064e+00 1.1600905e+00 8.8702610e-01 8.5666821e-01 5.3565103e-01 4.6700723e-01 7.6723213e-01 1.0106899e+00 9.7842527e-01 1.0267643e+00 1.2817531e+00 1.6928139e+00 1.9088210e+00 1.9393100e+00 1.9031709e+00 1.8575983e+00 1.8900389e+00 1.9064445e+00 1.7993116e+00 1.6045712e+00 1.3385545e+00 1.1669390e+00 1.1198728e+00 1.1277547e+00 1.1369716e+00 1.1506959e+00 1.1555774e+00
8.5893830e+00 8.5231067e+00 8.4016121e+00 8.4941446e+00 6.5971126e+00 3.1166338e+00 5.6927187e+00 8.0202391e+00 8.4464189e+00 8.3436551e+00 8.6024609e+00 8.3319803e+00 5.5377341e+00 1.6329072e+00 7.1913547e-01 5.3593358e-01 6.6726123e-01 1.5270961e+00 2.0370321e+00 2.2519875e+00 2.2384067e+00 1.7852280e+00 1.4401159e+00 1.2826324e+00 9.0494744e-01 8.3753336e-01 6.8292191e-01 5.7709715e-01 3.1087855e-01 6.1908048e-01 3.3486311e-01 7.4899575e-01 9.6037025e-01 1.0437108e+00 1.5510667e+00 1.7330474e+00 1.5443086e+00 1.2452462e+00 1.0980913e+00 1.1649057e+00 1.3015853e+00 1.4195861e+00 1.5151969e+00 1.4835925e+00 1.2717851e+00 1.0988537e+00 1.1187747e+00 1.1372279e+00 1.1508648e+00 1.1534687e+00
8.6507437e+00 8.7304097e+00 8.8393141e+00 8.6204318e+00 7.9925350e+00 8.1284242e+00 4.1369779e+00 4.1756398e+00 7.7240188e+00 8.4141529e+00 8.8271246e+00 7.4700455e+00 2.7388827e+00 8.8910503e-01 6.2595954e-01 8.0846124e-01 1.8357717e+00 2.0029685e+00 2.0662083e+00 2.0875309e+00 1.5298831e+00 1.5301650e+00 1.3207260e+00 1.0306665e+00 9.1359230e-01 3.7648714e-01 5.9408266e-01 3.8769499e-01 1.1696244e-02 2.6480232e-03 1.9101494e-01 3.6560433e-01 6.4590927e-01 8.6848917e-01 1.2118924e+00 1.3859525e+00 1.0133513e+00 6.1197969e-01 4.2794478e-01 4.0901862e-01 5.3434979e-01 7.2850194e-01 1.0228341e+00 1.2519881e+00 1.1840091e+00 8.5530433e-01 8.4999406e-01 1.0373386e+00 1.1178057e+00 1.1640928e+00
8.8932547e+00 8.9647020e+00 9.2122124e+00 9.0354528e+00 8.3542181e+00 8.3779905e+00 7.7606869e+00 4.4654490e+00 3.3269681e+00 6.4684586e+00 7.5665775e+00 8.8270160e+00 6.1327387e+00 3.0234990e+00 1.0200135e+00 1.4508694e+00 2.0365001e+00 2.0606948e+00 2.2112196e+00 2.6037659e+00 8.5219949e-04 0.0000000e+00 1.8206429e-03 9.2932540e-01 8.1747374e-01 3.6063307e-01 3.6765074e-01 1.5675784e-01 1.3877003e-03 4.8089037e-02 1.7538940e-01 9.4906040e-04 9.8943143e-04 2.7912228e-01 6.2623061e-01 9.2446585e-01 7.4908637e-01 4.6740920e-01 2.3942873e-01 7.0570517e-02 7.1233393e-02 2.5613517e-01 4.7676021e-01 7.0005743e-01 7.8187291e-01 5.7958519e-01 4.3049196e-01 5.2337227e-01 7.3806332e-01 1.0119341e+00
9.1800896e+00 9.2000983e+00 9.4008096e+00 9.4970643e+00 9.2522033e+00 8.9742135e+00 8.9769432e+00 8.4755827e+00 6.2039012e+00 3.0100239e+00 6.9410059e+00 8.3375712e+00 7.4591841e+00 4.6784908e+00 1.5617691e+00 1.6160492e+00 1.8249919e+00 1.8505633e+00 2.0810432e+00 2.0248559e+00 3.9506016e-01 0.0000000e+00 1.1442263e+00 1.1456834e+00 8.5399584e-01 7.3315047e-01 2.5608608e-01 1.5600679e-01 1.3364920e-02 1.4753862e-01 9.6177933e-02 7.7564972e-02 3.6340353e-02 9.3241897e-04 1.0768868e-01 6.9683056e-01 6.3964683e-01 6.2994987e-01 4.2363565e-01 4.9555147e-02 7.1208907e-02 1.8655942e-01 2.4452264e-01 2.3807297e-01 2.9390613e-01 3.4368282e-01 2.7397906e-01 2.5073200e-01 4.0836966e-01 6.4164333e-01
9.3274007e+00 9.2252153e+00 9.3801422e+00 9.5640788e+00 9.2807008e+00 9.1304652e+00 8.7401310e+00 6.9686044e+00 6.2268394e+00 6.1539493e+00 8.9841895e+00 9.5651498e+00 6.1074481e+00 1.7718513e+00 1.1834729e+00 1.2658383e+00 1.6170146e+00 1.5973969e+00 1.4316331e+00 1.5457112e+00 1.6607932e+00 1.2403902e+00 8.3238169e-01 9.2709361e-01 1.0352035e+00 1.0248393e+00 4.3530089e-01 9.7830126e-04 2.0751689e-02 2.0250728e-01 2.1106856e-01 1.6547448e-01 1.4412440e-01 5.5608978e-02 3.7497166e-01 6.3626799e-01 8.4180396e-01 4.8539292e-01 4.0015525e-01 2.3438646e-01 4.4009780e-01 3.7728949e-01 2.6873240e-01 1.0161443e-01 1.3691661e-02 2.3064495e-02 2.6964084e-01 4.3721054e-01 5.7159380e-01 6.6453566e-01
9.2897886e+00 8.7736988e+00 8.3489144e+00 8.8665333e+00 8.4350629e+00 7.2817836e+00 6.3748124e+00 5.7417403e+00 6.0701115e+00 6.8229592e+00 8.8577877e+00 7.9930882e+00 2.1953164e+00 1.3614639e+00 1.2658195e+00 1.1646400e+00 2.3009149e+00 2.1078115e+00 1.2998111e+00 1.3149216e+00 1.5256861e+00 1.0577942e+00 1.0253572e+00 9.4269897e-01 1.0121406e+00 1.1126720e+00 1.1582387e+00 6.6331492e-01 1.9636144e-01 1.5073225e-01 1.9548483e-01 6.7769131e-02 9.5221321e-04 7.3063340e-02 2.2827063e-01 4.1357190e-02 5.7649377e-01 4.4463666e-02 2.1876732e-01 2.7478605e-01 4.6068632e-01 6.4422270e-01 2.8525830e-01 1.7025182e-01 7.7676505e-02 9.9664400e-04 9.6083766e-04 8.3606308e-01 8.1564682e-01 9.1222534e-01
