ahotovec/data/depth_0026.asc
ncols     164
nrows     146
xllcorner -1.242151388888889e+02
yllcorner  4.172986111111111e+01
cellsize  2.777777777820000e-04
nodata_value       -9999
[rows 22 to 43 of 146, columns 100 to 149 of 164]
5.3308628e-01 5.1838310e-01 5.0743490e-01 3.9865206e-01 1.8936155e-01 9.9074034e-04 9.9817600e-04 9.9762105e-04 0.0000000e+00 0.0000000e+00 0.0000000e+00 0.0000000e+00 0.0000000e+00 0.0000000e+00 0.0000000e+00 0.0000000e+00 0.0000000e+00 0.0000000e+00 0.0000000e+00 0.0000000e+00 0.0000000e+00 0.0000000e+00 0.0000000e+00 0.0000000e+00 0.0000000e+00 0.0000000e+00 0.0000000e+00 9.8392877e-04 5.8787654e-02 1.3483392e-01 2.9751734e-01 4.1264008e-01 4.3356556e-01 4.2360656e-01 3.5731942e-01 3.3543783e-01 3.8125453e-01 4.4652604e-01 4.7365903e-01 5.9487056e-01 8.5381844e-01 5.3810342e-01 4.6650931e-01 4.6572698e-01 4.6405365e-01 4.6469456e-01 4.6477543e-01 4.6511644e-01 4.6476648e-01 3.7425289e-01
5.3610260e-01 5.1659211e-01 5.1569570e-01 5.0977192e-01 4.5148476e-01 2.5701889e-01 9.5844985e-04 9.8880137e-04 9.9793986e-04 9.9629978e-04 9.7907231e-04 1.7169846e-03 2.6824061e-01 1.9610636e-02 9.7167361e-04 0.0000000e+00 0.0000000e+00 0.0000000e+00 0.0000000e+00 0.0000000e+00 0.0000000e+00 0.0000000e+00 0.0000000e+00 0.0000000e+00 0.0000000e+00 9.7212275e-04 1.5801023e-01 3.6594883e-01 4.5880181e-01 4.6613096e-01 4.9728542e-01 5.0086741e-01 5.0007130e-01 4.9893228e-01 4.9691474e-01 4.9332255e-01 4.9115843e-01 4.8715120e-01 5.5736964e-01 8.3758965e-01 5.7884321e-01 4.7565786e-01 4.7425966e-01 4.7308207e-01 4.7034765e-01 4.7185198e-01 4.7217316e-01 4.7303800e-01 4.7606709e-01 4.4659371e-01
5.3660053e-01 5.1454386e-01 5.1357802e-01 5.1277484e-01 5.0973864e-01 4.5152905e-01 2.4553148e-01 9.8967941e-04 9.7872168e-04 9.9976216e-04 9.4580311e-04 1.8947233e-01 4.6570403e-01 4.7746080e-01 3.0520510e-01 1.0890897e-01 9.1403964e-04 0.0000000e+00 0.0000000e+00 0.0000000e+00 0.0000000e+00 0.0000000e+00 0.0000000e+00 9.6746256e-04 2.1497512e-01 4.1050241e-01 4.8522864e-01 5.0087495e-01 5.0220479e-01 5.0147152e-01 5.0347694e-01 5.0141009e-01 5.0062291e-01 4.9975154e-01 4.9805625e-01 4.9693119e-01 4.9280670e-01 5.5979798e-01 8.3911857e-01 6.3445713e-01 4.8427843e-01 4.8174489e-01 4.8016912e-01 4.7884734e-01 4.8005925e-01 4.7737194e-01 4.7748825e-01 4.7829485e-01 4.8018238e-01 4.7993359e-01
5.3499118e-01 5.1276226e-01 5.1168377e-01 5.1238887e-01 5.0886045e-01 5.0611599e-01 4.4811674e-01 2.3479724e-01 1.3107987e-02 9.9791718e-04 4.9726251e-03 2.0828331e-01 4.4588704e-01 4.9781034e-01 4.9735532e-01 4.9529708e-01 4.8997958e-01 2.4901022e-01 8.9391717e-04 0.0000000e+00 9.4113051e-04 4.5223625e-02 3.2829795e-01 4.5755594e-01 4.9780328e-01 5.0175129e-01 5.0106160e-01 5.0221809e-01 5.0265465e-01 5.0229151e-01 5.0226738e-01 5.0199758e-01 5.0155456e-01 5.0082793e-01 4.9940485e-01 4.9966619e-01 5.5858929e-01 8.7096331e-01 6.4560285e-01 4.9288833e-01 4.8939951e-01 4.8806546e-01 4.8549455e-01 4.8322231e-01 4.8333133e-01 4.8127002e-01 4.8078061e-01 4.8079741e-01 4.7948737e-01 4.8080578e-01
5.3345479e-01 5.1116979e-01 5.1011817e-01 5.1298359e-01 5.0784156e-01 5.0570778e-01 5.0265927e-01 4.6386201e-01 3.0836961e-01 1.6152126e-01 9.8703087e-02 1.7020935e-01 3.5920162e-01 4.7795053e-01 4.9768407e-01 4.9851747e-01 4.9784790e-01 4.9342893e-01 4.2924735e-01 3.8604913e-01 4.4771994e-01 4.9344947e-01 5.0149436e-01 5.0203047e-01 5.0254767e-01 5.0268244e-01 4.9956295e-01 5.0292943e-01 5.0327867e-01 5.0281975e-01 5.0389520e-01 5.0283401e-01 5.0240536e-01 5.0177508e-01 5.0960324e-01 6.3644243e-01 8.2383678e-01 6.0425346e-01 4.9767617e-01 5.2275075e-01 5.6822848e-01 5.7198515e-01 5.6162690e-01 5.1888522e-01 4.9112649e-01 4.8503558e-01 4.8411444e-01 4.8341413e-01 4.8562765e-01 4.8224925e-01
5.3373598e-01 5.0979556e-01 5.0863028e-01 5.0955360e-01 5.0620724e-01 5.0449572e-01 5.0302023e-01 5.0126174e-01 4.8662238e-01 4.3215313e-01 3.3093018e-01 2.2544034e-01 2.9019455e-01 4.1644735e-01 4.9210352e-01 4.9779281e-01 4.9780889e-01 4.9750024e-01 4.9890492e-01 4.9972878e-01 5.0032173e-01 5.0427135e-01 5.0185535e-01 5.0196886e-01 5.0250184e-01 5.0281789e-01 5.0277174e-01 5.0314805e-01 5.0343528e-01 5.0339645e-01 5.0437159e-01 5.0306678e-01 5.0713981e-01 6.0368031e-01 8.1562825e-01 8.5193843e-01 6.2460752e-01 5.7602731e-01 5.8718027e-01 5.7915975e-01 5.2264080e-01 5.0187985e-01 5.1824440e-01 5.7194173e-01 5.4635760e-01 4.8992850e-01 4.8625908e-01 4.8513322e-01 4.8562654e-01 4.8315377e-01
5.2275626e-01 5.0886150e-01 5.0758174e-01 5.0786552e-01 5.0491319e-01 5.0330903e-01 5.0195969e-01 5.0054413e-01 4.9938875e-01 4.9749338e-01 4.8610569e-01 4.4993737e-01 4.1763781e-01 4.2647328e-01 4.8784189e-01 4.9733792e-01 4.9738752e-01 4.9503680e-01 4.9851423e-01 4.9927015e-01 4.9980499e-01 5.0164992e-01 5.0111033e-01 5.0152280e-01 5.0200006e-01 5.0247459e-01 5.0113293e-01 5.0296902e-01 5.0315366e-01 5.0270431e-01 5.0597610e-01 5.5411535e-01 7.6481555e-01 9.5592005e-01 8.8600749e-01 6.6464722e-01 5.2894221e-01 5.2129505e-01 5.1997809e-01 5.0358036e-01 4.9624334e-01 4.9423700e-01 4.9232209e-01 4.9562890e-01 5.6061443e-01 5.6564565e-01 4.9483121e-01 4.8616140e-01 4.8691690e-01 4.8366110e-01
5.4157169e-01 5.1364387e-01 5.0675321e-01 5.0055545e-01 5.0325208e-01 5.0213205e-01 5.0065707e-01 4.9930993e-01 4.9812291e-01 4.9713215e-01 4.9637129e-01 4.9611676e-01 4.9898925e-01 4.9293461e-01 4.9627915e-01 4.9710727e-01 4.9717883e-01 4.9986604e-01 4.9821846e-01 4.9887937e-01 4.9934851e-01 4.9794194e-01 5.0028524e-01 5.0109188e-01 5.0150657e-01 5.0186683e-01 5.0401204e-01 5.0229491e-01 5.0228383e-01 5.2905643e-01 7.0261025e-01 9.1904386e-01 9.6376200e-01 7.0704898e-01 5.2139901e-01 4.9841197e-01 5.0224399e-01 5.0119944e-01 5.0017230e-01 4.9919859e-01 4.9758660e-01 4.9606422e-01 4.9445508e-01 4.9278725e-01 4.9873543e-01 5.5483958e-01 5.7736052e-01 5.0041897e-01 4.8578400e-01 4.8381457e-01
5.2096522e-01 5.3601947e-01 5.2273810e-01 5.1416925e-01 5.0446561e-01 5.0196037e-01 4.9984352e-01 4.9852352e-01 4.9758001e-01 4.9657514e-01 4.9612799e-01 4.9588769e-01 4.9506226e-01 4.9581272e-01 4.9597392e-01 4.9663503e-01 4.9666755e-01 5.0075017e-01 4.9763497e-01 4.9818947e-01 4.9862164e-01 4.9920136e-01 4.9973700e-01 5.0040875e-01 5.0089092e-01 5.0117343e-01 5.0146443e-01 5.0306395e-01 5.8949109e-01 8.8931686e-01 9.3622522e-01 8.1785042e-01 5.8376328e-01 5.0683883e-01 5.0385970e-01 5.0355587e-01 5.0313317e-01 5.0241554e-01 5.0160328e-01 5.0158835e-01 4.9948579e-01 4.9801050e-01 4.9635904e-01 4.9456051e-01 4.9606032e-01 4.9237442e-01 5.3242172e-01 5.8846174e-01 5.2368701e-01 4.8510441e-01
5.0970261e-01 5.1164544e-01 5.2324667e-01 5.4052854e-01 5.3405336e-01 5.3073149e-01 5.2424831e-01 5.1214802e-01 4.9875266e-01 4.9602460e-01 4.9581576e-01 4.9548545e-01 4.9522615e-01 4.9535197e-01 4.9541596e-01 4.9598151e-01 4.9598196e-01 4.9546096e-01 4.9687034e-01 4.9737737e-01 4.9781284e-01 4.9736591e-01 4.9888527e-01 4.9956356e-01 4.9987714e-01 5.0029023e-01 5.0844517e-01 6.7510991e-01 8.7546040e-01 6.3986591e-01 7.8268156e-01 6.3962289e-01 5.0445329e-01 5.0471587e-01 5.0462702e-01 5.0898257e-01 5.0423637e-01 5.0372376e-01 5.0300215e-01 5.0207785e-01 5.0084053e-01 4.9943885e-01 4.9789837e-01 4.9612105e-01 4.9443283e-01 4.9210282e-01 4.8985058e-01 5.0689591e-01 5.7686419e-01 5.5163331e-01
5.0960348e-01 5.0768639e-01 5.0567686e-01 5.0144499e-01 5.0203139e-01 5.0274960e-01 5.0666611e-01 5.2477987e-01 5.2950317e-01 5.0306302e-01 4.9531551e-01 4.9492444e-01 4.9371244e-01 4.9456070e-01 4.9467703e-01 4.9516817e-01 4.9511501e-01 4.9735775e-01 4.9588218e-01 4.9624836e-01 4.9659459e-01 4.9494028e-01 5.0100162e-01 5.0079355e-01 5.0178017e-01 5.9559385e-01 7.8614645e-01 8.1038623e-01 5.6686805e-01 5.2690366e-01 9.1123927e-01 5.7890522e-01 5.0483872e-01 5.0535243e-01 5.0533337e-01 5.0534241e-01 5.0511378e-01 5.0466932e-01 5.0400909e-01 5.0520926e-01 5.0213106e-01 5.0057353e-01 4.9904776e-01 4.9731104e-01 4.9641614e-01 4.9321419e-01 4.9073081e-01 4.8777478e-01 4.9334228e-01 5.3234142e-01
5.0917376e-01 5.0724451e-01 5.0517404e-01 5.0297790e-01 5.0108339e-01 4.9934874e-01 4.9786956e-01 4.9677081e-01 5.0858712e-01 5.2557802e-01 4.9464585e-01 4.9407608e-01 4.9382839e-01 4.9370211e-01 4.9367593e-01 4.9408857e-01 4.9398140e-01 4.9571053e-01 4.9460582e-01 4.9481704e-01 5.0951104e-01 6.3377247e-01 8.2814854e-01 8.1412218e-01 8.2628057e-01 9.7782842e-01 6.7779911e-01 5.1143174e-01 5.0236104e-01 6.3274476e-01 8.5529097e-01 5.1740808e-01 5.0536082e-01 5.0571581e-01 5.0592952e-01 5.0592471e-01 5.0584847e-01 5.0547849e-01 5.0483981e-01 5.0487823e-01 5.0294787e-01 5.0158358e-01 5.0020423e-01 4.9852835e-01 4.9784463e-01 4.9454830e-01 4.9216167e-01 4.8949850e-01 4.8802473e-01 4.8447872e-01
5.0829339e-01 5.0640964e-01 5.0438183e-01 5.0254517e-01 5.0036279e-01 4.9860680e-01 4.9710392e-01 4.9601096e-01 4.9803881e-01 5.2832743e-01 4.9546104e-01 4.9299577e-01 4.9055699e-01 4.9225112e-01 4.9260805e-01 4.9302524e-01 4.9283754e-01 4.9320303e-01 4.9343779e-01 5.0183892e-01 7.0985016e-01 1.2753693e+00 1.7278818e+00 1.6885980e+00 1.1369668e+00 6.7812335e-01 6.3900162e-01 6.0370746e-01 7.0975242e-01 8.3774772e-01 5.8449331e-01 5.0498733e-01 5.0558942e-01 5.0606075e-01 5.0636323e-01 5.0754179e-01 5.0638473e-01 5.0605837e-01 5.0546150e-01 5.0466241e-01 5.0367562e-01 5.0252300e-01 5.0121232e-01 4.9958498e-01 4.9789327e-01 4.9548079e-01 4.9292125e-01 4.8987386e-01 4.8814277e-01 4.8399494e-01
5.0701658e-01 5.0522478e-01 5.0331098e-01 5.0004981e-01 4.9932433e-01 4.9767245e-01 4.9615223e-01 4.9504964e-01 4.9881903e-01 5.3105348e-01 4.9923653e-01 4.9142958e-01 4.9602809e-01 4.9129564e-01 4.9130537e-01 4.9169483e-01 4.9160322e-01 4.9063857e-01 5.1536092e-01 6.7794127e-01 1.0898449e+00 1.7716502e+00 1.9634261e+00 1.8464753e+00 1.2235190e+00 8.1145612e-01 7.5019578e-01 8.3000335e-01 6.8260949e-01 5.4292083e-01 5.0266638e-01 5.0491893e-01 5.0579906e-01 5.0627502e-01 5.0662277e-01 5.0679174e-01 5.0673494e-01 5.0648496e-01 5.0596990e-01 5.0323525e-01 5.0420380e-01 5.0336853e-01 5.0217168e-01 5.0057596e-01 5.0187732e-01 4.9670126e-01 4.9421188e-01 4.9084929e-01 4.9031821e-01 4.8172541e-01
5.0539194e-01 5.0373993e-01 5.0199071e-01 4.9851276e-01 4.9825410e-01 4.9645874e-01 4.9499478e-01 4.9380303e-01 4.8978927e-01 5.2854698e-01 4.9743307e-01 4.9457381e-01 4.9216278e-01 4.8968447e-01 4.8979926e-01 4.9052535e-01 4.9588419e-01 5.0741224e-01 6.8541138e-01 1.2075199e+00 1.6903400e+00 1.8117154e+00 1.8763312e+00 1.4624996e+00 7.7848714e-01 5.0611632e-01 5.0115290e-01 5.0241869e-01 5.0153263e-01 5.0261261e-01 5.0256673e-01 5.0446980e-01 5.0537194e-01 5.0599900e-01 5.0645952e-01 5.0553671e-01 5.0684929e-01 5.0671305e-01 5.0633407e-01 5.0667730e-01 5.0500324e-01 5.0405988e-01 5.0285986e-01 5.0135575e-01 4.9526676e-01 4.9789355e-01 4.9592932e-01 4.9151477e-01 4.8499693e-01 3.8020664e-01
5.0338903e-01 5.0192814e-01 5.0040556e-01 5.0047942e-01 4.9724310e-01 4.9518879e-01 4.9369328e-01 4.9245587e-01 5.3422341e-01 9.2704883e-01 6.4893862e-01 7.6845279e-01 7.7267220e-01 6.4632664e-01 5.4787023e-01 5.7002595e-01 7.2991775e-01 9.4353243e-01 1.2204004e+00 1.7023511e+00 1.5557225e+00 1.6560769e+00 1.6092927e+00 8.8976845e-01 5.3006631e-01 4.9709704e-01 4.9947386e-01 5.0005572e-01 5.0121825e-01 5.0248676e-01 5.0515744e-01 5.0462618e-01 5.0528459e-01 5.0598144e-01 5.0648621e-01 5.0156459e-01 5.0706355e-01 5.0706323e-01 5.0678956e-01 5.0561607e-01 5.0532052e-01 5.0468419e-01 5.0328840e-01 5.0183393e-01 5.0092237e-01 4.8819112e-01 4.1034311e-01 3.1152631e-01 2.2810879e-01 6.1930590e-02
5.0062816e-01 4.9938759e-01 4.9812222e-01 4.9585440e-01 4.9537390e-01 4.9386484e-01 4.9256795e-01 4.9097082e-01 7.4991685e-01 1.2730076e+00 1.1546853e+00 1.5566814e+00 1.5897761e+00 1.3861851e+00 1.1758975e+00 1.1924111e+00 1.5126433e+00 1.6780665e+00 1.6038360e+00 1.3837733e+00 1.2622538e+00 1.6785008e+00 1.3454373e+00 6.9164522e-01 4.9729111e-01 4.9672589e-01 4.9760712e-01 4.9998054e-01 5.0120651e-01 5.0245436e-01 5.0373043e-01 5.0430931e-01 5.0501426e-01 5.0571955e-01 5.0614859e-01 5.0008351e-01 5.0689993e-01 5.0709436e-01 5.0698204e-01 5.0976235e-01 5.0622457e-01 5.0611873e-01 5.0562606e-01 5.0126948e-01 4.3958726e-01 2.4691239e-01 4.3776474e-03 0.0000000e+00 0.0000000e+00 0.0000000e+00
4.9677147e-01 4.9564304e-01 4.9441980e-01 4.9376448e-01 4.9188118e-01 4.9032644e-01 4.8938003e-01 5.3284096e-01 1.1020403e+00 1.4453850e+00 1.6626277e+00 1.4006359e+00 1.1850091e+00 1.4298710e+00 1.5555616e+00 1.5590175e+00 1.3628261e+00 1.0259276e+00 8.0838491e-01 8.7993455e-01 1.3100338e+00 1.7165158e+00 1.1074415e+00 5.9274498e-01 4.9283167e-01 4.8064019e-01 4.8128604e-01 4.9765347e-01 5.0077463e-01 5.0211415e-01 5.0605972e-01 5.0425513e-01 5.0472065e-01 5.0545493e-01 5.0586251e-01 5.0676558e-01 5.0681718e-01 5.0708800e-01 5.0671490e-01 5.0946808e-01 5.0558421e-01 5.0577862e-01 4.6602843e-01 2.9145736e-01 9.8577667e-04 0.0000000e+00 0.0000000e+00 0.0000000e+00 0.0000000e+00 0.0000000e+00
4.9242535e-01 4.9146726e-01 4.9008740e-01 4.8775011e-01 4.8728401e-01 4.8751263e-01 5.5280206e-01 8.6637384e-01 1.4427268e+00 1.6772588e+00 1.2783300e+00 7.7642347e-01 5.6580022e-01 6.6048156e-01 7.2891438e-01 7.4269527e-01 6.3565007e-01 5.4187988e-01 6.7913984e-01 1.1267180e+00 1.6927293e+00 1.3666096e+00 7.6344880e-01 4.9608074e-01 4.3728023e-01 3.6798395e-01 3.4686419e-01 4.3146181e-01 4.9288391e-01 5.0187797e-01 5.0500865e-01 5.0381068e-01 5.0427326e-01 5.0498292e-01 5.0526806e-01 5.0227838e-01 5.0650924e-01 5.0722947e-01 5.0620370e-01 4.9934202e-01 4.5257635e-01 3.5072016e-01 5.8601171e-02 0.0000000e+00 0.0000000e+00 0.0000000e+00 0.0000000e+00 0.0000000e+00 0.0000000e+00 0.0000000e+00
4.8969535e-01 4.8874151e-01 4.8773907e-01 4.8644675e-01 4.9460383e-01 6.1232074e-01 9.8278892e-01 1.3201930e+00 1.5022155e+00 1.1837826e+00 7.0778368e-01 5.0189487e-01 4.8638199e-01 4.8719261e-01 4.8827305e-01 4.8930495e-01 4.9243883e-01 6.4536555e-01 1.1405145e+00 1.7006515e+00 1.4304819e+00 8.3834959e-01 5.2454082e-01 3.9413415e-01 3.0997017e-01 2.3395603e-01 1.8854553e-01 2.4956294e-01 3.9154869e-01 4.9044587e-01 5.0262032e-01 5.0360249e-01 4.9571030e-01 4.6425973e-01 4.3504301e-01 4.4522586e-01 4.5260753e-01 4.3606653e-01 3.5795927e-01 2.0475559e-01 9.9066948e-04 0.0000000e+00 0.0000000e+00 0.0000000e+00 0.0000000e+00 0.0000000e+00 0.0000000e+00 0.0000000e+00 0.0000000e+00 0.0000000e+00
4.9012867e-01 4.9139185e-01 4.9268200e-01 5.1641048e-01 6.6555981e-01 9.7272481e-01 1.3360962e+00 1.5590626e+00 1.4045353e+00 9.5884008e-01 4.9171844e-01 4.8390295e-01 4.8452235e-01 4.8478044e-01 4.8487240e-01 4.8505255e-01 5.2386881e-01 8.8438683e-01 1.6048201e+00 1.4556182e+00 8.2174224e-01 5.3097127e-01 4.7745935e-01 3.7670269e-01 2.1969140e-01 1.1423085e-01 2.0760582e-02 2.4881087e-02 1.6295579e-01 3.7608933e-01 4.7885568e-01 5.0267139e-01 4.3929617e-01 2.3081405e-01 5.4405315e-02 5.8828409e-03 7.8757449e-03 2.9891454e-03 9.7462712e-04 0.0000000e+00 0.0000000e+00 0.0000000e+00 0.0000000e+00 0.0000000e+00 0.0000000e+00 0.0000000e+00 0.0000000e+00 0.0000000e+00 0.0000000e+00 0.0000000e+00
5.1346233e-01 5.1562615e-01 5.3877672e-01 6.5476863e-01 1.1172655e+00 1.4788562e+00 1.4680837e+00 1.3510327e+00 1.0548475e+00 5.4897209e-01 4.8265374e-01 4.8369856e-01 4.8399678e-01 4.8567578e-01 4.8636990e-01 4.8864156e-01 6.5140125e-01 1.2038377e+00 1.7165536e+00 1.1178992e+00 5.8872451e-01 4.8308564e-01 4.6268241e-01 3.3416950e-01 1.7922866e-01 4.4422706e-02 1.0024001e-03 1.2124455e-03 9.9618415e-04 9.9391879e-03 2.2606433e-01 3.7399688e-01 3.0578991e-01 4.3406548e-02 9.3626553e-04 0.0000000e+00 0.0000000e+00 0.0000000e+00 0.0000000e+00 0.0000000e+00 0.0000000e+00 0.0000000e+00 0.0000000e+00 0.0000000e+00 0.0000000e+00 0.0000000e+00 0.0000000e+00 0.0000000e+00 0.0000000e+00 0.0000000e+00
