ahotovec/data/depth_0056.asc
ncols     164
nrows     146
xllcorner -1.242151388888889e+02
yllcorner  4.172986111111111e+01
cellsize  2.777777777820000e-04
nodata_value       -9999
[rows 110 to 131 of 146, columns 100 to 149 of 164]
7.3047003e+00 7.3040233e+00 7.3456783e+00 7.3570370e+00 7.3048183e+00 7.3726268e+00 4.4483628e+00 1.8180464e+00 6.1434919e-01 1.0758693e-01 8.6855345e-04 5.1921472e-04 9.8752852e-04 1.7294075e+00 2.8929080e+00 3.4778851e+00 3.7503138e+00 3.5426987e+00 3.6979346e+00 5.2810837e+00 6.1774419e+00 6.4422342e+00 6.6406202e+00 6.5810107e+00 6.1067803e+00 6.2803641e+00 6.3026487e+00 6.4734352e+00 6.5541627e+00 6.8047518e+00 6.6940284e+00 6.1199370e+00 6.4399937e+00 7.0451036e+00 7.5905680e+00 7.7836711e+00 7.8182674e+00 7.5889622e+00 7.5787834e+00 7.7188416e+00 7.8977381e+00 7.9748524e+00 8.0616746e+00 8.2635425e+00 8.3547718e+00 8.4297093e+00 8.4799453e+00 8.3702017e+00 8.2832083e+00 8.1252645e+00
7.4208041e+00 7.4783934e+00 7.4703804e+00 7.4548368e+00 7.3904046e+00 7.5078717e+00 7.4369772e+00 5.5294972e+00 4.0198910e+00 3.8360672e+00 2.2123117e+00 2.6599468e+00 3.2501477e+00 3.6446489e+00 3.6179115e+00 3.6811655e+00 4.1733544e+00 4.2271229e+00 4.1580045e+00 5.3979841e+00 6.2061190e+00 6.3995293e+00 6.6335538e+00 6.6860912e+00 6.1742662e+00 6.0052147e+00 5.9574871e+00 6.4423553e+00 6.6698854e+00 6.9609848e+00 7.0758924e+00 6.9604151e+00 6.9685732e+00 7.2230524e+00 7.9105892e+00 8.2229003e+00 8.1529441e+00 7.9645545e+00 7.7956378e+00 7.8714503e+00 8.0919128e+00 8.1647114e+00 8.1260298e+00 8.2199027e+00 8.3283884e+00 8.4292179e+00 8.5960379e+00 8.5500700e+00 8.3922366e+00 8.2927199e+00
7.5445555e+00 7.6375168e+00 7.6928429e+00 7.6688512e+00 7.6544173e+00 7.5782825e+00 7.7079787e+00 8.0881010e+00 7.7962205e+00 6.7345057e+00 5.7701385e+00 5.7081436e+00 5.9672168e+00 5.5489224e+00 4.4832837e+00 4.1837592e+00 4.7255139e+00 4.9075327e+00 5.1628945e+00 6.0004382e+00 6.3912479e+00 6.2455916e+00 6.3896424e+00 6.4843879e+00 6.3337898e+00 6.3358248e+00 5.8801089e+00 6.5590632e+00 6.9536728e+00 7.3263468e+00 7.7059700e+00 7.8920892e+00 7.6003991e+00 7.3396330e+00 7.8698931e+00 8.3400074e+00 8.3847352e+00 8.1938784e+00 7.9494912e+00 7.9430480e+00 8.2165651e+00 8.2148288e+00 8.1997311e+00 8.2153931e+00 8.2745842e+00 8.3447598e+00 8.5160455e+00 8.5769052e+00 8.5125560e+00 8.4910393e+00
7.7321238e+00 7.8203868e+00 7.8813329e+00 7.9102629e+00 7.9205665e+00 7.8897132e+00 7.8461797e+00 7.8649826e+00 7.6936504e+00 7.2034932e+00 7.6005197e+00 7.4446702e+00 7.2415829e+00 6.6860037e+00 5.7535491e+00 5.5065751e+00 5.7278931e+00 6.0537241e+00 6.5139414e+00 6.9622577e+00 6.9315565e+00 6.5995279e+00 6.4322839e+00 6.5356198e+00 6.7063621e+00 7.1223419e+00 6.7618863e+00 7.0753482e+00 7.3586466e+00 7.6751555e+00 8.1300684e+00 8.6875356e+00 8.1594863e+00 7.8581115e+00 8.2210640e+00 8.6238182e+00 8.7208077e+00 8.4762971e+00 8.2268479e+00 8.1619231e+00 8.2631368e+00 8.2500762e+00 8.2353514e+00 8.2344248e+00 8.3033069e+00 8.4099604e+00 8.5595834e+00 8.6308616e+00 8.6231924e+00 8.6288400e+00
7.9400197e+00 8.0451462e+00 8.1034826e+00 8.1746539e+00 8.2158179e+00 8.1967987e+00 8.1583933e+00 8.1095610e+00 8.0257482e+00 7.9958017e+00 8.4980622e+00 8.1819455e+00 8.1486133e+00 7.9609224e+00 7.5009183e+00 7.1921282e+00 7.2649443e+00 7.3221461e+00 7.6605229e+00 7.8642675e+00 7.7429704e+00 7.2214479e+00 6.7959613e+00 6.8997371e+00 7.2611718e+00 7.5500448e+00 7.5658710e+00 7.7136355e+00 7.8896305e+00 7.9430851e+00 7.9828638e+00 8.3971418e+00 8.2926733e+00 8.2829343e+00 8.6263269e+00 9.0772126e+00 9.3141309e+00 8.8822832e+00 8.4262112e+00 8.3716546e+00 8.3670294e+00 8.2987235e+00 8.3283199e+00 8.3237480e+00 8.3944262e+00 8.5405850e+00 8.6639985e+00 8.7532944e+00 8.7242150e+00 8.6583206e+00
8.2015004e+00 8.2939308e+00 8.3541972e+00 8.4063154e+00 8.4608951e+00 8.4571776e+00 8.4596285e+00 8.4045668e+00 8.3309347e+00 8.3440037e+00 8.3401088e+00 8.6155235e+00 9.2777750e+00 9.2015653e+00 8.9695926e+00 8.7575446e+00 8.4218768e+00 8.4014560e+00 8.8244067e+00 8.9448589e+00 8.7119006e+00 8.1040173e+00 7.6212674e+00 7.5862267e+00 7.8642648e+00 8.1096611e+00 8.2077401e+00 8.3665023e+00 8.4739707e+00 8.2970453e+00 8.1656878e+00 8.3096046e+00 8.3778805e+00 8.5326613e+00 8.8808580e+00 9.4218002e+00 9.7823288e+00 9.2825007e+00 8.7320041e+00 8.6835924e+00 8.6395677e+00 8.5165970e+00 8.5077045e+00 8.4795396e+00 8.5587824e+00 8.7247849e+00 8.8173276e+00 8.9036879e+00 8.8376325e+00 8.7182750e+00
8.4508895e+00 8.4559698e+00 8.5536381e+00 8.7028702e+00 8.7627186e+00 8.8413416e+00 8.7395896e+00 8.7133047e+00 8.6062679e+00 8.7244563e+00 8.8367566e+00 9.4528000e+00 1.0245810e+01 1.0004925e+01 9.7522105e+00 9.2675276e+00 8.5686235e+00 8.6955963e+00 9.6445110e+00 9.6469753e+00 9.1830995e+00 8.6660069e+00 8.2819714e+00 8.2353258e+00 8.4224314e+00 8.5791040e+00 8.9169748e+00 8.6643867e+00 8.6504586e+00 8.4463421e+00 8.2968733e+00 8.2862412e+00 8.3648441e+00 8.5876272e+00 8.8546874e+00 9.3352079e+00 9.6050560e+00 9.3192133e+00 8.9119902e+00 8.8981845e+00 8.9683983e+00 8.8739857e+00 8.6699672e+00 8.5826250e+00 8.7524489e+00 9.0052455e+00 8.9220532e+00 8.9245491e+00 8.8615541e+00 8.7784438e+00
8.4944527e+00 8.6801249e+00 8.7624418e+00 8.8849287e+00 9.0149246e+00 9.0338341e+00 9.0128863e+00 8.8869174e+00 8.7564321e+00 9.0236773e+00 9.4249652e+00 9.6464321e+00 9.4408808e+00 9.4288461e+00 9.3675437e+00 9.0924512e+00 8.2740112e+00 7.4972889e+00 9.2856363e+00 9.6062531e+00 9.3739414e+00 9.1281430e+00 9.0248576e+00 9.0724252e+00 9.2437479e+00 9.3930994e+00 9.4554219e+00 9.0756659e+00 8.9571039e+00 8.7108703e+00 8.4369036e+00 8.2742541e+00 8.2643128e+00 8.5038881e+00 8.8112512e+00 9.0670908e+00 9.2134152e+00 9.0950067e+00 8.8960027e+00 8.7638557e+00 8.9681419e+00 9.0296829e+00 9.0235667e+00 8.8594340e+00 8.9552367e+00 9.1301983e+00 9.0153424e+00 8.9313899e+00 8.8806734e+00 8.8434017e+00
8.7964615e+00 8.9790022e+00 9.0996656e+00 9.1028100e+00 9.1457884e+00 9.2976707e+00 9.2601500e+00 9.0154371e+00 9.2874288e+00 9.9127367e+00 1.0152122e+01 1.0259281e+01 9.7173735e+00 9.5213456e+00 8.8451051e+00 9.5026538e+00 9.6017880e+00 8.6419918e+00 8.8800887e+00 9.0375137e+00 9.1403709e+00 9.2708056e+00 9.4521991e+00 9.7078978e+00 9.7560871e+00 9.8068220e+00 9.7265228e+00 9.5322165e+00 9.3058039e+00 8.9342121e+00 8.5766696e+00 8.3308687e+00 8.2382965e+00 8.4971174e+00 8.7507271e+00 8.8818863e+00 8.9711065e+00 8.9537709e+00 8.9151513e+00 8.8464329e+00 8.9863480e+00 9.1400027e+00 9.3052886e+00 9.1648491e+00 9.1235685e+00 9.1374006e+00 9.0258955e+00 8.9069164e+00 8.8834500e+00 8.8994128e+00
9.1225247e+00 8.8250659e+00 9.2504518e+00 9.7787937e+00 1.0015844e+01 9.6725161e+00 9.5101646e+00 8.9906762e+00 9.0151206e+00 1.0356205e+01 1.0248958e+01 1.0213252e+01 1.0498019e+01 1.0822592e+01 1.0280322e+01 1.0485317e+01 1.0245123e+01 9.3732262e+00 8.1431477e+00 8.1945141e+00 8.7906169e+00 9.2290363e+00 9.6309874e+00 1.0023280e+01 1.0000797e+01 9.9746771e+00 9.9345636e+00 9.8303085e+00 9.6633974e+00 9.2214076e+00 8.7696912e+00 8.5820137e+00 8.5560507e+00 8.7562440e+00 8.9489806e+00 8.9198474e+00 8.9103310e+00 8.9157100e+00 8.9102847e+00 8.8773813e+00 8.9596856e+00 9.0473190e+00 9.2252804e+00 9.2432819e+00 9.1948611e+00 9.1313253e+00 9.0159246e+00 8.8890523e+00 8.8882720e+00 8.9574747e+00
9.2551622e+00 9.3593411e+00 9.5608278e+00 1.0472228e+01 1.1506487e+01 1.1215431e+01 1.1239501e+01 9.8754016e+00 8.8302957e+00 9.9220642e+00 9.6855282e+00 9.9771430e+00 1.0605743e+01 1.0887741e+01 1.0945155e+01 1.0784567e+01 1.0265498e+01 9.0360876e+00 7.3028029e+00 7.9319933e+00 8.9256935e+00 9.3497616e+00 9.7757372e+00 1.0125184e+01 1.0132799e+01 1.0067935e+01 1.0036847e+01 1.0035939e+01 1.0039276e+01 9.5914817e+00 9.1241445e+00 8.9632502e+00 8.9605516e+00 9.1202006e+00 9.3249299e+00 9.2162980e+00 9.0803564e+00 9.0273324e+00 9.0050341e+00 8.9898590e+00 8.9964444e+00 9.1366705e+00 9.2499758e+00 9.2876367e+00 9.2545932e+00 9.1935344e+00 9.1235969e+00 9.0324403e+00 9.0337513e+00 9.0713958e+00
1.0014778e+01 9.8223181e+00 1.0046672e+01 1.0683879e+01 1.1094412e+01 1.1920730e+01 1.2902221e+01 1.2322469e+01 1.1557138e+01 1.1096540e+01 1.0472358e+01 1.0572413e+01 1.0726154e+01 1.0701739e+01 1.0851061e+01 1.0852358e+01 1.0659828e+01 1.0233279e+01 9.8924879e+00 9.4682669e+00 9.3709223e+00 9.6842704e+00 1.0034556e+01 1.0262012e+01 1.0255858e+01 1.0119597e+01 1.0036637e+01 1.0045282e+01 1.0007891e+01 9.7103638e+00 9.4331211e+00 9.2955191e+00 9.3222022e+00 9.3682632e+00 9.4188208e+00 9.3666156e+00 9.2954865e+00 9.2506332e+00 9.1721734e+00 9.1543482e+00 9.1435299e+00 9.2628316e+00 9.3561467e+00 9.4000020e+00 9.3551124e+00 9.3077542e+00 9.2546919e+00 9.2082806e+00 9.2142884e+00 9.2194079e+00
1.0711221e+01 1.0679298e+01 1.0742132e+01 1.0929908e+01 1.0869166e+01 1.1122824e+01 1.1368562e+01 1.1788502e+01 1.1502068e+01 1.1099873e+01 1.0812601e+01 1.0859092e+01 1.0728430e+01 1.0648929e+01 1.0685224e+01 1.0801139e+01 1.0926203e+01 1.0889070e+01 1.0744732e+01 1.0272744e+01 9.9802516e+00 1.0128892e+01 1.0360048e+01 1.0493931e+01 1.0437035e+01 1.0379210e+01 1.0150311e+01 1.0008602e+01 9.9220508e+00 9.7469178e+00 9.6042317e+00 9.5294281e+00 9.5690668e+00 9.5264395e+00 9.5050066e+00 9.5116747e+00 9.5101552e+00 9.4156327e+00 9.3190560e+00 9.2757906e+00 9.3078943e+00 9.3893066e+00 9.4886551e+00 9.5689363e+00 9.5097798e+00 9.4685607e+00 9.4170652e+00 9.3874942e+00 9.3840496e+00 9.3928656e+00
1.1187914e+01 1.1374434e+01 1.1195378e+01 1.1093755e+01 1.0280470e+01 1.0049869e+01 1.1118753e+01 1.1037476e+01 1.0948842e+01 1.0749706e+01 1.0633137e+01 1.1003131e+01 1.0709339e+01 1.0546593e+01 1.0465041e+01 1.0412265e+01 1.0946113e+01 1.0987221e+01 1.0789977e+01 1.0515520e+01 1.0374000e+01 1.0473643e+01 1.0693788e+01 1.0805248e+01 1.0608657e+01 1.0526322e+01 1.0270649e+01 1.0020897e+01 9.9019041e+00 9.7879643e+00 9.7159146e+00 9.6791733e+00 9.6604506e+00 9.5809444e+00 9.5522942e+00 9.5990136e+00 9.6450991e+00 9.5016091e+00 9.4107443e+00 9.3907060e+00 9.4320815e+00 9.4948586e+00 9.5836691e+00 9.6465891e+00 9.5995750e+00 9.5629737e+00 9.5331010e+00 9.5286349e+00 9.5142548e+00 9.5122205e+00
1.1072986e+01 1.1340037e+01 1.1240354e+01 1.1052799e+01 1.0570365e+01 1.0291260e+01 1.0718959e+01 1.0815455e+01 1.0601960e+01 1.0537414e+01 1.0659490e+01 1.0860737e+01 1.0480492e+01 1.0230985e+01 1.0125645e+01 1.0160588e+01 1.0693402e+01 1.0840908e+01 1.0756761e+01 1.0584753e+01 1.0522747e+01 1.0710508e+01 1.0981257e+01 1.0944299e+01 1.0673296e+01 1.0476401e+01 1.0274835e+01 1.0179933e+01 1.0031551e+01 9.8858820e+00 9.8433759e+00 9.8400456e+00 9.8770922e+00 9.7333879e+00 9.5600457e+00 9.5810185e+00 9.6093445e+00 9.5618381e+00 9.5173729e+00 9.5716371e+00 9.6091693e+00 9.5818565e+00 9.6398091e+00 9.6848437e+00 9.6856140e+00 9.6794680e+00 9.6649090e+00 9.6678268e+00 9.6765308e+00 9.6569847e+00
1.0784355e+01 1.0979214e+01 1.1024362e+01 1.1152868e+01 1.1303835e+01 1.1615402e+01 1.1207999e+01 1.0825229e+01 1.0757860e+01 1.0750273e+01 1.0756669e+01 1.0510151e+01 1.0102798e+01 9.8116276e+00 9.9135520e+00 1.0133265e+01 1.0460886e+01 1.0653973e+01 1.0665201e+01 1.0573409e+01 1.0523805e+01 1.0784642e+01 1.1000810e+01 1.0894326e+01 1.0698996e+01 1.0545549e+01 1.0410922e+01 1.0289304e+01 1.0185735e+01 1.0142629e+01 1.0108376e+01 1.0034205e+01 1.0041840e+01 9.8670158e+00 9.6778941e+00 9.6416644e+00 9.6173820e+00 9.5916436e+00 9.6301462e+00 9.6991556e+00 9.7245281e+00 9.7364057e+00 9.7818533e+00 9.8181771e+00 9.8361356e+00 9.8411536e+00 9.8285370e+00 9.8368643e+00 9.9192455e+00 9.9202518e+00
1.0753129e+01 1.0661179e+01 1.0711303e+01 1.1110681e+01 1.1593786e+01 1.1943376e+01 1.1713327e+01 1.1320649e+01 1.1276931e+01 1.1410136e+01 1.0923149e+01 1.0522666e+01 1.0220642e+01 1.0077656e+01 1.0129427e+01 1.0287731e+01 1.0533971e+01 1.0691410e+01 1.0724988e+01 1.0697172e+01 1.0708714e+01 1.0871324e+01 1.0997822e+01 1.0915870e+01 1.0785349e+01 1.0542009e+01 1.0510764e+01 1.0448988e+01 1.0381450e+01 1.0360325e+01 1.0295270e+01 1.0085241e+01 1.0030884e+01 9.9266379e+00 9.8078594e+00 9.7419863e+00 9.6836425e+00 9.6320728e+00 9.7045221e+00 9.7788199e+00 9.8202619e+00 9.8355443e+00 9.8777364e+00 9.9093821e+00 9.9509404e+00 9.9820412e+00 9.9369086e+00 9.9101698e+00 9.9952038e+00 1.0041827e+01
1.0628327e+01 1.0607196e+01 1.0582710e+01 1.1101312e+01 1.1503089e+01 1.1908095e+01 1.2051343e+01 1.1724585e+01 1.1467881e+01 1.1203781e+01 1.0600924e+01 1.0604898e+01 1.0567866e+01 1.0515703e+01 1.0532407e+01 1.0645715e+01 1.0745244e+01 1.0842031e+01 1.0887815e+01 1.0888695e+01 1.0940971e+01 1.1076311e+01 1.1131024e+01 1.1051207e+01 1.0886517e+01 1.0765910e+01 1.0761809e+01 1.0724152e+01 1.0592761e+01 1.0519409e+01 1.0393403e+01 1.0196087e+01 1.0083613e+01 9.9966517e+00 9.9274164e+00 9.8777137e+00 9.8557584e+00 9.8109150e+00 9.8516736e+00 9.9160618e+00 9.9413884e+00 9.9544969e+00 9.9604899e+00 9.9733282e+00 1.0037292e+01 1.0099870e+01 1.0036244e+01 9.9999792e+00 1.0052149e+01 1.0125003e+01
1.0641855e+01 1.0581881e+01 1.0617036e+01 1.1034549e+01 1.1277017e+01 1.1726462e+01 1.1952288e+01 1.1812026e+01 1.1477014e+01 1.1115170e+01 1.0831953e+01 1.0928270e+01 1.1044731e+01 1.1011475e+01 1.0975480e+01 1.1020403e+01 1.1040410e+01 1.1065805e+01 1.1075770e+01 1.1079789e+01 1.1167266e+01 1.1325067e+01 1.1339377e+01 1.1242188e+01 1.1102586e+01 1.1003431e+01 1.1037370e+01 1.1051826e+01 1.0848183e+01 1.0677073e+01 1.0512524e+01 1.0328149e+01 1.0185811e+01 1.0112553e+01 1.0090758e+01 1.0072779e+01 1.0035978e+01 1.0032506e+01 1.0051888e+01 1.0066558e+01 1.0077048e+01 1.0099817e+01 1.0063752e+01 1.0036377e+01 1.0073362e+01 1.0113994e+01 1.0096518e+01 1.0083299e+01 1.0111905e+01 1.0225948e+01
1.0769260e+01 1.0906970e+01 1.1271379e+01 1.1594344e+01 1.1393754e+01 1.1664507e+01 1.2076527e+01 1.1836983e+01 1.1589279e+01 1.1368890e+01 1.1247083e+01 1.1314824e+01 1.1522733e+01 1.1523495e+01 1.1512098e+01 1.1498662e+01 1.1406651e+01 1.1334879e+01 1.1318048e+01 1.1343261e+01 1.1360784e+01 1.1520422e+01 1.1551739e+01 1.1490362e+01 1.1291530e+01 1.1080144e+01 1.1089236e+01 1.1099659e+01 1.0967511e+01 1.0801732e+01 1.0657455e+01 1.0494506e+01 1.0344095e+01 1.0324908e+01 1.0325270e+01 1.0317667e+01 1.0295959e+01 1.0265542e+01 1.0259675e+01 1.0275344e+01 1.0242822e+01 1.0239553e+01 1.0214948e+01 1.0156513e+01 1.0146565e+01 1.0173217e+01 1.0217414e+01 1.0194835e+01 1.0169753e+01 1.0328723e+01
1.1046007e+01 1.1092262e+01 1.0838176e+01 1.1849609e+01 1.1802292e+01 1.1524780e+01 1.1983530e+01 1.2004592e+01 1.1810782e+01 1.1779502e+01 1.1825998e+01 1.1651958e+01 1.1711543e+01 1.1828145e+01 1.1997428e+01 1.2098244e+01 1.1840332e+01 1.1578139e+01 1.1515171e+01 1.1590335e+01 1.1691621e+01 1.1828020e+01 1.1760668e+01 1.1657902e+01 1.1475710e+01 1.1051773e+01 1.1057204e+01 1.1098348e+01 1.1022718e+01 1.0933489e+01 1.0854223e+01 1.0801267e+01 1.0641799e+01 1.0605376e+01 1.0615229e+01 1.0612353e+01 1.0565263e+01 1.0518355e+01 1.0467388e+01 1.0462637e+01 1.0385440e+01 1.0335958e+01 1.0345258e+01 1.0316893e+01 1.0231170e+01 1.0269317e+01 1.0356824e+01 1.0402609e+01 1.0394340e+01 1.0433316e+01
1.1304866e+01 1.1550865e+01 1.1496038e+01 1.1257826e+01 1.1749162e+01 1.1956314e+01 1.2281367e+01 1.2008322e+01 1.1810870e+01 1.1691632e+01 1.1618766e+01 1.1581783e+01 1.1732028e+01 1.1919227e+01 1.2233573e+01 1.2508009e+01 1.2127234e+01 1.1663511e+01 1.1562015e+01 1.1664289e+01 1.1945895e+01 1.2149989e+01 1.1870021e+01 1.1625742e+01 1.1423516e+01 1.1123978e+01 1.1097813e+01 1.1172403e+01 1.1109378e+01 1.1061287e+01 1.1004095e+01 1.0955813e+01 1.0894205e+01 1.0868446e+01 1.0864174e+01 1.0960807e+01 1.0794915e+01 1.0682366e+01 1.0623722e+01 1.0554360e+01 1.0466606e+01 1.0410708e+01 1.0478866e+01 1.0526739e+01 1.0318046e+01 1.0378320e+01 1.0519622e+01 1.0604425e+01 1.0582903e+01 1.0454617e+01
