ahotovec/data/depth_0017.asc
ncols     164
nrows     146
xllcorner -1.242151388888889e+02
yllcorner  4.172986111111111e+01
cellsize  2.777777777820000e-04
nodata_value       -9999
[rows 66 to 87 of 146, columns 0 to 49 of 164]
4.3798665e+00 4.1749921e+00 3.4682172e+00 2.8406594e+00 1.4891381e+00 0.0000000e+00 0.0000000e+00 0.0000000e+00 0.0000000e+00 0.0000000e+00 0.0000000e+00 0.0000000e+00 0.0000000e+00 0.0000000e+00 0.0000000e+00 0.0000000e+00 0.0000000e+00 0.0000000e+00 0.0000000e+00 0.0000000e+00 0.0000000e+00 0.0000000e+00 0.0000000e+00 0.0000000e+00 0.0000000e+00 0.0000000e+00 0.0000000e+00 0.0000000e+00 0.0000000e+00 0.0000000e+00 0.0000000e+00 0.0000000e+00 0.0000000e+00 0.0000000e+00 0.0000000e+00 0.0000000e+00 0.0000000e+00 0.0000000e+00 0.0000000e+00 0.0000000e+00 0.0000000e+00 0.0000000e+00 0.0000000e+00 0.0000000e+00 0.0000000e+00 0.0000000e+00 0.0000000e+00 0.0000000e+00 0.0000000e+00 0.0000000e+00
3.9148899e+00 4.0249963e+00 4.5537320e+00 4.3933458e+00 3.8766794e+00 1.6892534e+00 7.8601789e-04 0.0000000e+00 0.0000000e+00 0.0000000e+00 0.0000000e+00 0.0000000e+00 0.0000000e+00 0.0000000e+00 0.0000000e+00 0.0000000e+00 0.0000000e+00 0.0000000e+00 0.0000000e+00 0.0000000e+00 0.0000000e+00 0.0000000e+00 0.0000000e+00 0.0000000e+00 0.0000000e+00 0.0000000e+00 0.0000000e+00 0.0000000e+00 0.0000000e+00 0.0000000e+00 0.0000000e+00 0.0000000e+00 0.0000000e+00 0.0000000e+00 0.0000000e+00 0.0000000e+00 0.0000000e+00 0.0000000e+00 0.0000000e+00 0.0000000e+00 0.0000000e+00 0.0000000e+00 0.0000000e+00 0.0000000e+00 0.0000000e+00 0.0000000e+00 0.0000000e+00 0.0000000e+00 0.0000000e+00 0.0000000e+00
3.6940236e+00 4.1227142e+00 5.4230480e+00 6.0757340e+00 6.2914768e+00 5.9363589e+00 5.1215305e+00 3.1904408e+00 8.4144253e-04 0.0000000e+00 0.0000000e+00 0.0000000e+00 0.0000000e+00 0.0000000e+00 0.0000000e+00 0.0000000e+00 0.0000000e+00 0.0000000e+00 0.0000000e+00 0.0000000e+00 0.0000000e+00 0.0000000e+00 0.0000000e+00 0.0000000e+00 0.0000000e+00 0.0000000e+00 0.0000000e+00 0.0000000e+00 0.0000000e+00 0.0000000e+00 0.0000000e+00 0.0000000e+00 0.0000000e+00 0.0000000e+00 0.0000000e+00 0.0000000e+00 0.0000000e+00 0.0000000e+00 0.0000000e+00 0.0000000e+00 0.0000000e+00 0.0000000e+00 0.0000000e+00 0.0000000e+00 0.0000000e+00 0.0000000e+00 0.0000000e+00 0.0000000e+00 0.0000000e+00 0.0000000e+00
3.4357539e+00 5.6011633e+00 7.5773081e+00 7.8078225e+00 7.8404066e+00 7.8759539e+00 7.3479742e+00 6.4040205e+00 5.5622937e+00 5.2659772e+00 2.7588645e+00 7.5009878e-04 0.0000000e+00 0.0000000e+00 0.0000000e+00 0.0000000e+00 0.0000000e+00 0.0000000e+00 0.0000000e+00 0.0000000e+00 0.0000000e+00 0.0000000e+00 0.0000000e+00 0.0000000e+00 0.0000000e+00 0.0000000e+00 0.0000000e+00 0.0000000e+00 0.0000000e+00 0.0000000e+00 0.0000000e+00 0.0000000e+00 0.0000000e+00 0.0000000e+00 0.0000000e+00 0.0000000e+00 0.0000000e+00 0.0000000e+00 0.0000000e+00 0.0000000e+00 0.0000000e+00 0.0000000e+00 0.0000000e+00 0.0000000e+00 0.0000000e+00 0.0000000e+00 0.0000000e+00 0.0000000e+00 0.0000000e+00 0.0000000e+00
5.0338176e+00 7.7848524e+00 7.9143641e+00 8.0269852e+00 8.0634163e+00 7.9726589e+00 7.5336628e+00 7.1407692e+00 7.8247079e+00 7.3102263e+00 5.4716399e+00 2.6024757e+00 0.0000000e+00 0.0000000e+00 0.0000000e+00 0.0000000e+00 0.0000000e+00 0.0000000e+00 0.0000000e+00 0.0000000e+00 0.0000000e+00 0.0000000e+00 0.0000000e+00 0.0000000e+00 0.0000000e+00 0.0000000e+00 0.0000000e+00 0.0000000e+00 0.0000000e+00 0.0000000e+00 0.0000000e+00 0.0000000e+00 0.0000000e+00 0.0000000e+00 0.0000000e+00 0.0000000e+00 0.0000000e+00 0.0000000e+00 0.0000000e+00 0.0000000e+00 0.0000000e+00 0.0000000e+00 0.0000000e+00 0.0000000e+00 0.0000000e+00 0.0000000e+00 0.0000000e+00 0.0000000e+00 0.0000000e+00 0.0000000e+00
7.6858444e+00 5.8738124e+00 6.9185415e+00 7.8899092e+00 8.0574469e+00 6.7127611e+00 7.1244974e+00 7.2686243e+00 8.0703826e+00 7.4361054e+00 5.0042630e+00 5.8395253e-04 0.0000000e+00 0.0000000e+00 0.0000000e+00 0.0000000e+00 0.0000000e+00 0.0000000e+00 0.0000000e+00 0.0000000e+00 0.0000000e+00 0.0000000e+00 0.0000000e+00 0.0000000e+00 0.0000000e+00 0.0000000e+00 0.0000000e+00 0.0000000e+00 0.0000000e+00 0.0000000e+00 0.0000000e+00 0.0000000e+00 0.0000000e+00 0.0000000e+00 0.0000000e+00 0.0000000e+00 0.0000000e+00 0.0000000e+00 0.0000000e+00 0.0000000e+00 0.0000000e+00 0.0000000e+00 0.0000000e+00 0.0000000e+00 0.0000000e+00 0.0000000e+00 0.0000000e+00 0.0000000e+00 0.0000000e+00 0.0000000e+00
7.7921001e+00 6.4885764e+00 7.2357021e+00 7.0360441e+00 8.0717374e+00 8.1705422e+00 8.0835745e+00 8.0795417e+00 8.0897690e+00 7.1822619e+00 4.2995947e+00 8.7839071e-04 0.0000000e+00 0.0000000e+00 0.0000000e+00 0.0000000e+00 0.0000000e+00 0.0000000e+00 0.0000000e+00 0.0000000e+00 0.0000000e+00 0.0000000e+00 0.0000000e+00 0.0000000e+00 0.0000000e+00 0.0000000e+00 0.0000000e+00 0.0000000e+00 0.0000000e+00 0.0000000e+00 0.0000000e+00 0.0000000e+00 0.0000000e+00 0.0000000e+00 0.0000000e+00 0.0000000e+00 0.0000000e+00 0.0000000e+00 0.0000000e+00 0.0000000e+00 0.0000000e+00 0.0000000e+00 0.0000000e+00 0.0000000e+00 0.0000000e+00 1.5634958e-03 0.0000000e+00 0.0000000e+00 9.9632269e-04 1.7852678e-03
8.0091584e+00 7.7424276e+00 7.8825470e+00 7.7928087e+00 8.0818466e+00 8.1435834e+00 8.1612437e+00 8.1856081e+00 7.9469812e+00 6.3721849e+00 5.4431719e+00 4.7701271e+00 4.7564179e+00 5.1377743e+00 5.4326042e+00 5.4269674e+00 4.9405264e+00 4.4273991e+00 3.1421872e+00 8.4639548e-02 9.5040976e-04 9.8524701e-04 0.0000000e+00 0.0000000e+00 0.0000000e+00 0.0000000e+00 0.0000000e+00 0.0000000e+00 0.0000000e+00 0.0000000e+00 0.0000000e+00 0.0000000e+00 0.0000000e+00 0.0000000e+00 0.0000000e+00 0.0000000e+00 0.0000000e+00 0.0000000e+00 0.0000000e+00 0.0000000e+00 0.0000000e+00 0.0000000e+00 0.0000000e+00 0.0000000e+00 9.9979242e-04 1.1724105e-03 1.2069533e-03 9.8613259e-04 9.9756050e-04 9.9980802e-04
8.7839001e+00 8.0272406e+00 7.8866227e+00 7.9334094e+00 8.0842583e+00 8.2683943e+00 8.3639801e+00 8.3982009e+00 8.2743677e+00 7.9449246e+00 7.6495283e+00 7.4211412e+00 7.3864280e+00 7.4998170e+00 7.7141092e+00 7.5628540e+00 7.5541284e+00 7.4936259e+00 7.1425319e+00 6.6303465e+00 6.3187630e+00 5.2225957e+00 4.4590289e+00 3.3241336e+00 2.4533482e+00 2.6431831e-01 0.0000000e+00 0.0000000e+00 0.0000000e+00 0.0000000e+00 0.0000000e+00 0.0000000e+00 0.0000000e+00 0.0000000e+00 0.0000000e+00 0.0000000e+00 0.0000000e+00 0.0000000e+00 0.0000000e+00 0.0000000e+00 0.0000000e+00 0.0000000e+00 0.0000000e+00 9.9482613e-04 9.9870596e-04 9.9595328e-04 3.8548490e-02 1.5640486e-01 7.0332837e-02 1.2819851e-01
9.7749386e+00 8.4883031e+00 7.7385697e+00 7.9063996e+00 8.2022574e+00 8.5437473e+00 8.7494992e+00 8.7980515e+00 8.7404630e+00 8.6140622e+00 8.4163369e+00 8.2729835e+00 8.1643154e+00 8.1205291e+00 7.7329437e+00 6.8328411e+00 7.6462790e+00 7.8206024e+00 7.7070736e+00 7.5276329e+00 7.5359877e+00 7.1511985e+00 7.0854902e+00 6.4344337e+00 7.1825047e+00 5.1451450e+00 2.8238876e+00 0.0000000e+00 0.0000000e+00 0.0000000e+00 0.0000000e+00 0.0000000e+00 0.0000000e+00 0.0000000e+00 0.0000000e+00 0.0000000e+00 0.0000000e+00 0.0000000e+00 0.0000000e+00 0.0000000e+00 0.0000000e+00 0.0000000e+00 3.7113552e-06 9.9822430e-04 1.0611754e-01 9.8366817e-04 5.8379390e-03 7.5060625e-01 5.6096306e-01 5.8759325e-01
1.0913384e+01 8.9778558e+00 7.6564398e+00 7.1547349e+00 7.8318629e+00 9.1492872e+00 9.3604198e+00 9.4002869e+00 9.3035237e+00 9.0965360e+00 8.8013209e+00 8.4927308e+00 8.2459808e+00 8.0623326e+00 7.2476521e+00 6.6479807e+00 7.1240281e+00 7.6348964e+00 7.1274618e+00 7.1617661e+00 7.2290503e+00 6.7986450e+00 7.3520155e+00 7.3193240e+00 7.4786846e+00 7.4604939e+00 6.1149306e+00 3.3106308e+00 4.8785929e-02 0.0000000e+00 0.0000000e+00 0.0000000e+00 0.0000000e+00 0.0000000e+00 0.0000000e+00 0.0000000e+00 0.0000000e+00 0.0000000e+00 0.0000000e+00 0.0000000e+00 0.0000000e+00 0.0000000e+00 9.7540778e-04 1.8375782e-01 7.5165405e-01 4.4751855e-01 9.4115254e-01 9.6539350e-01 1.0293482e+00 8.7905249e-01
1.3046248e+01 1.0442067e+01 8.1481364e+00 7.4848702e+00 9.0085046e+00 1.0074866e+01 1.0190157e+01 1.0177413e+01 1.0006797e+01 9.7005077e+00 9.2990128e+00 8.8365737e+00 8.4234352e+00 8.1434471e+00 7.7262415e+00 7.1459535e+00 7.7084079e+00 7.8281762e+00 7.5414733e+00 7.3390147e+00 7.5654826e+00 7.2704298e+00 7.3430505e+00 7.2751195e+00 7.3809781e+00 7.5664395e+00 6.2763213e+00 6.5880895e+00 4.8170913e+00 1.9473127e+00 9.6372456e-04 0.0000000e+00 0.0000000e+00 0.0000000e+00 0.0000000e+00 0.0000000e+00 0.0000000e+00 0.0000000e+00 0.0000000e+00 9.9876021e-04 1.9563560e-03 0.0000000e+00 9.8455479e-04 3.7660743e-01 1.3343722e+00 1.3093741e+00 1.2458718e+00 1.1549434e+00 1.3264418e+00 1.2486250e+00
1.4884684e+01 1.3045272e+01 1.2153177e+01 1.0591342e+01 1.1218533e+01 1.1106907e+01 1.1058019e+01 1.0927111e+01 1.0635127e+01 1.0244912e+01 9.6995301e+00 9.0954361e+00 8.5263904e+00 8.1580595e+00 7.7653669e+00 6.9643536e+00 7.7214019e+00 7.7621926e+00 8.0900133e+00 7.8635557e+00 7.2834935e+00 7.3259691e+00 6.7070006e+00 7.1419925e+00 6.8566082e+00 6.4078081e+00 6.9440542e+00 7.0046422e+00 7.0125315e+00 5.4185727e+00 3.0697307e+00 7.4693057e-04 0.0000000e+00 0.0000000e+00 0.0000000e+00 0.0000000e+00 9.9959158e-04 9.9884596e-04 1.1944745e-03 1.2425972e-03 2.9360407e-03 9.8721785e-04 9.8211491e-04 7.1748812e-01 1.4078668e+00 1.5445125e+00 1.3983865e+00 1.2870792e+00 1.4392589e+00 1.4143504e+00
1.5408818e+01 1.4731239e+01 1.4667409e+01 1.3143304e+01 1.3419780e+01 1.2528383e+01 1.2165463e+01 1.1883542e+01 1.1504553e+01 1.0990394e+01 1.0211585e+01 9.3764270e+00 8.6097677e+00 7.9515177e+00 7.4805658e+00 7.3366343e+00 7.4525129e+00 7.5688963e+00 8.1134455e+00 7.4570226e+00 6.6694816e+00 7.3950246e+00 7.4297101e+00 7.4665297e+00 7.2097246e+00 7.2627486e+00 7.0382004e+00 6.7698511e+00 6.6350223e+00 6.9786896e+00 5.8835568e+00 4.0840684e+00 1.8647502e+00 9.6344561e-04 8.8507855e-04 9.9044681e-04 9.7103878e-04 1.9264903e-03 1.9834619e-03 1.0022786e-03 1.3585744e-02 1.1543371e-01 4.1289243e-01 1.0695212e+00 1.1573478e+00 1.2537412e+00 1.5157821e+00 1.3742612e+00 1.6328529e+00 1.8663546e+00
1.6073367e+01 1.5833589e+01 1.5536868e+01 1.4965682e+01 1.4490378e+01 1.3845333e+01 1.3438856e+01 1.3035777e+01 1.2754798e+01 1.2203917e+01 1.0980723e+01 9.6758063e+00 8.7738999e+00 8.0625774e+00 7.4902797e+00 7.3567990e+00 7.2586104e+00 7.3675840e+00 5.2015316e+00 5.9746427e+00 7.4705760e+00 7.3523368e+00 7.5858741e+00 7.4538373e+00 6.4409185e+00 7.0031433e+00 7.1689478e+00 6.7045376e+00 6.5856193e+00 5.4632808e+00 6.7997797e+00 6.7585983e+00 6.0186427e+00 3.9246273e+00 2.7510326e+00 1.5404872e+00 9.9725174e-04 9.8737614e-04 9.9775595e-04 1.6289864e-02 4.7520706e-01 7.6598506e-01 5.9632601e-01 3.6344787e-01 4.8158182e-01 5.1931202e-01 7.9505662e-01 1.0811091e+00 1.4381765e+00 1.3306017e+00
1.6017092e+01 1.5916370e+01 1.5716959e+01 1.5300041e+01 1.4847633e+01 1.4304180e+01 1.3880608e+01 1.3720701e+01 1.3606784e+01 1.3131177e+01 1.1664321e+01 9.8112232e+00 9.0155963e+00 8.4443573e+00 7.4740765e+00 6.4649720e+00 7.3120918e+00 7.2769035e+00 7.4118771e+00 7.4695026e+00 7.6985731e+00 7.5369582e+00 7.7777789e+00 7.3937635e+00 2.9017831e+00 6.0312953e+00 7.1156075e+00 6.6729844e+00 6.5673824e+00 6.6395716e+00 6.7351029e+00 6.8767909e+00 6.9134553e+00 6.5723898e+00 6.4449235e+00 5.8171460e+00 4.9189726e+00 3.3996999e+00 1.7769995e+00 5.3337075e-01 2.3831321e-01 2.5356212e-01 3.5122402e-01 7.0035986e-02 9.8458271e-04 1.0013946e-03 9.8515026e-04 4.5005952e-01 9.2233223e-01 1.0402486e+00
1.5818301e+01 1.5668281e+01 1.5540452e+01 1.5269429e+01 1.4946680e+01 1.4561638e+01 1.4245029e+01 1.4030545e+01 1.3809556e+01 1.3312628e+01 1.2054276e+01 9.9813068e+00 9.8139417e+00 9.5912995e+00 7.9509312e+00 7.4913144e+00 8.0098108e+00 8.1786693e+00 8.3719574e+00 8.1972459e+00 7.9431879e+00 7.7257137e+00 7.6298102e+00 7.5358558e+00 5.2703819e+00 6.8209995e+00 6.3658370e+00 6.8969421e+00 6.8052657e+00 6.5767666e+00 6.0363658e+00 6.7606316e+00 6.8333862e+00 6.8664571e+00 6.8996430e+00 6.9173263e+00 6.5292341e+00 6.1094007e+00 6.2078164e+00 4.2748874e+00 2.1472527e+00 1.9931403e-01 1.2889643e-02 1.7795047e-03 1.1197540e-03 1.1489473e-03 9.9817081e-04 9.6829180e-04 9.8314220e-04 3.8115426e-01
1.5683549e+01 1.5359059e+01 1.5299215e+01 1.5216825e+01 1.4983442e+01 1.4703989e+01 1.4399953e+01 1.4169394e+01 1.3860172e+01 1.3341374e+01 1.2319735e+01 1.1312137e+01 1.1707950e+01 1.2303401e+01 1.0781546e+01 9.8216753e+00 9.7729555e+00 9.6735196e+00 9.3537044e+00 9.0021594e+00 8.5226699e+00 7.9777514e+00 7.4899541e+00 7.1346839e+00 7.0707951e+00 7.2153469e+00 6.2711489e+00 6.9150418e+00 6.7670133e+00 5.9132116e+00 6.4574120e+00 6.7907408e+00 6.7369835e+00 6.6559802e+00 6.5626739e+00 6.4619690e+00 6.3473289e+00 6.5710784e+00 6.7357920e+00 5.9609774e+00 5.9406628e+00 3.5624925e+00 1.4195316e-02 9.9836578e-04 9.9774880e-04 9.9925733e-04 9.9879861e-04 9.9866229e-04 9.9866510e-04 9.9620669e-04
1.5630180e+01 1.5126660e+01 1.5277983e+01 1.5221228e+01 1.4974266e+01 1.4757015e+01 1.4500940e+01 1.4244588e+01 1.3905930e+01 1.3464577e+01 1.2873722e+01 1.2454435e+01 1.2662617e+01 1.2758147e+01 1.1896913e+01 1.1543623e+01 1.1525548e+01 1.1132642e+01 1.0590624e+01 9.8638714e+00 9.1302542e+00 8.4246911e+00 7.7696170e+00 7.3401800e+00 7.1020462e+00 7.1827494e+00 6.2700205e+00 6.3030709e+00 6.4547768e+00 6.3312346e+00 6.6214777e+00 6.6475420e+00 6.6141564e+00 6.5244354e+00 6.4283751e+00 6.3101057e+00 6.2649746e+00 6.4209868e+00 6.6828390e+00 6.4293462e+00 5.9058160e+00 5.5064116e+00 3.8380264e+00 1.3190974e-01 0.0000000e+00 0.0000000e+00 9.9749328e-04 9.9946624e-04 9.9946535e-04 9.9999585e-04
1.5636076e+01 1.5205861e+01 1.5051807e+01 1.5028730e+01 1.5065039e+01 1.4773049e+01 1.4583969e+01 1.4323762e+01 1.4004722e+01 1.3642134e+01 1.3250876e+01 1.2989298e+01 1.2952825e+01 1.2822714e+01 1.2361320e+01 1.2197797e+01 1.2248849e+01 1.1953843e+01 1.1565355e+01 1.0798526e+01 9.8873452e+00 8.8684102e+00 8.1668832e+00 7.5804860e+00 6.3662658e+00 6.6743239e+00 6.4859046e+00 6.1049238e+00 5.6087529e+00 6.2316287e+00 6.4773615e+00 6.5506798e+00 6.5616178e+00 6.4226824e+00 6.3233314e+00 6.2786274e+00 6.2884376e+00 6.4083368e+00 6.6320378e+00 6.5933417e+00 6.2064297e+00 6.6191671e+00 5.9096015e+00 1.6523040e+00 0.0000000e+00 0.0000000e+00 8.6781785e-04 9.7570967e-04 0.0000000e+00 0.0000000e+00
1.5971618e+01 1.4420574e+01 1.4950949e+01 1.4611790e+01 1.5207230e+01 1.4796788e+01 1.4647203e+01 1.4398452e+01 1.4091516e+01 1.3775949e+01 1.3468601e+01 1.3231968e+01 1.3097919e+01 1.2964442e+01 1.2715119e+01 1.2552781e+01 1.2467132e+01 1.2225614e+01 1.1822214e+01 1.1490485e+01 1.0594197e+01 9.1364594e+00 8.3391523e+00 7.6581336e+00 6.7661872e+00 6.1852927e+00 6.2236917e+00 6.6879626e+00 6.3281155e+00 6.3441792e+00 6.4403360e+00 6.5296589e+00 6.6177139e+00 6.3538249e+00 6.2323281e+00 6.2031671e+00 6.2290268e+00 6.3336698e+00 6.4562860e+00 6.5725047e+00 6.5846185e+00 6.7950286e+00 5.7879074e+00 2.8704268e+00 3.4759664e-01 1.2875546e-01 2.5373174e-01 9.9992676e-04 9.9061204e-04 0.0000000e+00
1.6653916e+01 1.5972843e+01 1.5482849e+01 1.5017315e+01 1.4972531e+01 1.4961911e+01 1.4754850e+01 1.4603215e+01 1.4364793e+01 1.4088105e+01 1.3801457e+01 1.3546030e+01 1.3348061e+01 1.3119932e+01 1.2880679e+01 1.2676530e+01 1.2495468e+01 1.2224566e+01 1.1777793e+01 1.1133333e+01 1.0164623e+01 9.2224589e+00 8.3996013e+00 7.7573329e+00 7.0284965e+00 6.1992789e+00 6.6120658e+00 6.7037623e+00 6.7775102e+00 6.4321461e+00 6.4592012e+00 6.8206080e+00 5.2195733e+00 5.0672672e+00 6.1306372e+00 6.0880821e+00 6.1253293e+00 6.1966249e+00 6.2487206e+00 6.3190388e+00 6.4275795e+00 5.4853036e+00 1.6044238e+00 3.3238575e+00 4.2390912e+00 3.7652933e+00 2.6540960e+00 1.2968628e+00 9.8702558e-04 9.9837621e-04
