ahotovec/data/depth_0031.asc
ncols     164
nrows     146
xllcorner -1.242151388888889e+02
yllcorner  4.172986111111111e+01
cellsize  2.777777777820000e-04
nodata_value       -9999
[rows 22 to 43 of 146, columns 100 to 149 of 164]
4.3482887e-01 4.1981780e-01 4.0811707e-01 2.9890530e-01 9.1158273e-02 9.9074034e-04 9.9817600e-04 9.9762105e-04 0.0000000e+00 0.0000000e+00 0.0000000e+00 0.0000000e+00 0.0000000e+00 0.0000000e+00 0.0000000e+00 0.0000000e+00 0.0000000e+00 0.0000000e+00 0.0000000e+00 0.0000000e+00 0.0000000e+00 0.0000000e+00 0.0000000e+00 0.0000000e+00 0.0000000e+00 0.0000000e+00 0.0000000e+00 9.8392877e-04 9.8716782e-04 6.4621818e-02 2.2751415e-01 3.4391617e-01 3.6644590e-01 3.5885379e-01 2.9703199e-01 2.8151727e-01 3.3400115e-01 4.0256433e-01 4.3690322e-01 5.5970809e-01 8.1947313e-01 5.0745263e-01 4.3472404e-01 4.3540424e-01 4.3476708e-01 4.3621985e-01 4.3703610e-01 4.3792780e-01 4.3841106e-01 3.4857200e-01
4.3920710e-01 4.1942088e-01 4.1789556e-01 4.1240943e-01 3.5444485e-01 1.6190142e-01 9.5181204e-04 9.8880137e-04 9.9793986e-04 9.9629978e-04 9.7907231e-04 9.9346861e-04 1.8370427e-01 9.7263195e-04 9.7167361e-04 0.0000000e+00 0.0000000e+00 0.0000000e+00 0.0000000e+00 0.0000000e+00 0.0000000e+00 0.0000000e+00 0.0000000e+00 0.0000000e+00 0.0000000e+00 9.7212275e-04 8.2517602e-02 2.9241718e-01 3.8519175e-01 3.9397876e-01 4.2629898e-01 4.3163114e-01 4.3322370e-01 4.3513382e-01 4.3697767e-01 4.3779626e-01 4.4043776e-01 4.4201459e-01 5.1683015e-01 7.9774757e-01 5.4270082e-01 4.4077412e-01 4.4157119e-01 4.4226320e-01 4.4131181e-01 4.4449255e-01 4.4590700e-01 4.4745289e-01 4.5136719e-01 4.2274790e-01
4.4158531e-01 4.1891725e-01 4.1733108e-01 4.1691522e-01 4.1451161e-01 3.5672032e-01 1.5213629e-01 9.5561427e-04 9.7872168e-04 9.9976216e-04 9.4580311e-04 1.1029447e-01 3.8346713e-01 3.9481143e-01 2.2122402e-01 2.4720665e-02 9.1403964e-04 0.0000000e+00 0.0000000e+00 0.0000000e+00 0.0000000e+00 0.0000000e+00 0.0000000e+00 9.6746256e-04 1.3798421e-01 3.3489776e-01 4.0965728e-01 4.2630331e-01 4.2794744e-01 4.2873187e-01 4.3170157e-01 4.3152809e-01 4.3318300e-01 4.3515878e-01 4.3698275e-01 4.4021412e-01 4.4094845e-01 5.1269230e-01 7.9335470e-01 5.9269779e-01 4.4447107e-01 4.4526322e-01 4.4654510e-01 4.4776478e-01 4.5140387e-01 4.5081683e-01 4.5268023e-01 4.5464060e-01 4.5748478e-01 4.5793573e-01
4.4195507e-01 4.1881598e-01 4.1713884e-01 4.1803513e-01 4.1478389e-01 4.1295104e-01 3.5527723e-01 1.4309957e-01 9.6296978e-04 9.9791718e-04 9.9304745e-04 1.2209390e-01 3.5931327e-01 4.1144735e-01 4.1202453e-01 4.0935282e-01 4.0415512e-01 1.6356983e-01 8.9391717e-04 0.0000000e+00 9.4113051e-04 9.5037202e-04 2.5132008e-01 3.8050032e-01 4.2064708e-01 4.2525755e-01 4.2484862e-01 4.2680201e-01 4.2790064e-01 4.2875982e-01 4.3024958e-01 4.3184950e-01 4.3359976e-01 4.3558824e-01 4.3730355e-01 4.4190589e-01 5.0533966e-01 8.1847614e-01 5.9704162e-01 4.4737073e-01 4.4787211e-01 4.5024907e-01 4.5112152e-01 4.5205202e-01 4.5511280e-01 4.5591402e-01 4.5815323e-01 4.6049368e-01 4.6091452e-01 4.6460988e-01
4.4234032e-01 4.1878789e-01 4.1718427e-01 4.1988779e-01 4.1462471e-01 4.1314897e-01 4.1107629e-01 3.7276024e-01 2.2128214e-01 7.7295873e-02 1.5120933e-02 8.0342420e-02 2.7080445e-01 3.9042014e-01 4.1139083e-01 4.1231556e-01 4.1282428e-01 4.0907491e-01 3.4548274e-01 3.0326211e-01 3.6599866e-01 4.1286121e-01 4.2192150e-01 4.2354302e-01 4.2481494e-01 4.2577388e-01 4.2321511e-01 4.2737931e-01 4.2858861e-01 4.2933235e-01 4.3163008e-01 4.3234982e-01 4.3398250e-01 4.3577815e-01 4.4749205e-01 5.7715244e-01 7.6630410e-01 5.5038303e-01 4.4859448e-01 4.7741436e-01 5.2631975e-01 5.3318077e-01 5.2547099e-01 4.8610946e-01 4.6202181e-01 4.5935940e-01 4.6169741e-01 4.6414985e-01 4.6923859e-01 4.6896709e-01
4.4437008e-01 4.1920111e-01 4.1748793e-01 4.1803591e-01 4.1443436e-01 4.1284883e-01 4.1171374e-01 4.1062355e-01 3.9608724e-01 3.4423767e-01 2.4391960e-01 1.3860158e-01 2.0335173e-01 3.2932474e-01 4.0572280e-01 4.1148974e-01 4.1213270e-01 4.1226782e-01 4.1456656e-01 4.1617251e-01 4.1782389e-01 4.2256066e-01 4.2159519e-01 4.2265452e-01 4.2397869e-01 4.2503277e-01 4.2595488e-01 4.2720477e-01 4.2846661e-01 4.2941832e-01 4.3171628e-01 4.3258283e-01 4.3874082e-01 5.3828849e-01 7.5169977e-01 7.9004500e-01 5.6660491e-01 5.2095920e-01 5.3546842e-01 5.3095553e-01 4.7891069e-01 4.6246842e-01 4.8258724e-01 5.3890619e-01 5.1603508e-01 4.6342973e-01 4.6338938e-01 4.6569373e-01 4.6924620e-01 4.7021107e-01
4.3455400e-01 4.1983075e-01 4.1815050e-01 4.1826010e-01 4.1520988e-01 4.1367199e-01 4.1253367e-01 4.1167205e-01 4.1078306e-01 4.0972506e-01 3.9876963e-01 3.6257944e-01 3.3125560e-01 3.3957833e-01 4.0151821e-01 4.1115619e-01 4.1184891e-01 4.0988128e-01 4.1421670e-01 4.1564815e-01 4.1711445e-01 4.1966350e-01 4.2025974e-01 4.2151717e-01 4.2304834e-01 4.2439657e-01 4.2422369e-01 4.2702709e-01 4.2833845e-01 4.2961524e-01 4.3425444e-01 4.8497202e-01 6.9701957e-01 8.8852864e-01 8.2076259e-01 6.0141882e-01 4.6893202e-01 4.6475189e-01 4.6731675e-01 4.5485156e-01 4.5162650e-01 4.5375109e-01 4.5591855e-01 4.6313947e-01 5.3050895e-01 5.3821961e-01 4.7101897e-01 4.6631726e-01 4.7034530e-01 4.7047815e-01
4.5419688e-01 4.2589957e-01 4.1887773e-01 4.1263044e-01 4.1544844e-01 4.1447310e-01 4.1339251e-01 4.1251298e-01 4.1146869e-01 4.1088406e-01 4.1004562e-01 4.0934026e-01 4.1249062e-01 4.0642879e-01 4.0976584e-01 4.1084525e-01 4.1157568e-01 4.1469463e-01 4.1378018e-01 4.1503199e-01 4.1634900e-01 4.1559936e-01 4.1894669e-01 4.2056585e-01 4.2224286e-01 4.2379036e-01 4.2724182e-01 4.2687976e-01 4.2849008e-01 4.5707642e-01 6.3110421e-01 8.4857624e-01 8.9400509e-01 6.3875389e-01 4.5573052e-01 4.3518353e-01 4.4183508e-01 4.4424281e-01 4.4677029e-01 4.4961059e-01 4.5195635e-01 4.5440410e-01 4.5674695e-01 4.5899315e-01 4.6865853e-01 5.2720802e-01 5.5213663e-01 4.7911697e-01 4.6834845e-01 4.7004126e-01
4.3429631e-01 4.4956838e-01 4.3655989e-01 4.2831202e-01 4.1894411e-01 4.1667892e-01 4.1489146e-01 4.1377389e-01 4.1282620e-01 4.1183502e-01 4.1098151e-01 4.0990922e-01 4.0899199e-01 4.0954323e-01 4.0962611e-01 4.1043988e-01 4.1123428e-01 4.1577106e-01 4.1322142e-01 4.1435715e-01 4.1556977e-01 4.1676761e-01 4.1815826e-01 4.1966602e-01 4.2146966e-01 4.2319909e-01 4.2508220e-01 4.2822622e-01 5.1606421e-01 8.1639548e-01 8.6366472e-01 7.4634900e-01 5.1427060e-01 4.3895911e-01 4.3814370e-01 4.3996787e-01 4.4240804e-01 4.4475816e-01 4.4726080e-01 4.5079717e-01 4.5257473e-01 4.5500007e-01 4.5729490e-01 4.5955487e-01 4.6462937e-01 4.6485789e-01 5.0767715e-01 5.6600325e-01 5.0468206e-01 4.7021327e-01
4.2407576e-01 4.2656495e-01 4.3882015e-01 4.5679115e-01 4.5082372e-01 4.4790940e-01 4.4169700e-01 4.2953325e-01 4.1576519e-01 4.1264309e-01 4.1154267e-01 4.1021035e-01 4.0947258e-01 4.0926203e-01 4.0921565e-01 4.0991192e-01 4.1070876e-01 4.1070771e-01 4.1259023e-01 4.1369190e-01 4.1484692e-01 4.1491737e-01 4.1717151e-01 4.1882161e-01 4.2078143e-01 4.2270710e-01 4.3254809e-01 6.0024589e-01 8.0121364e-01 5.6636142e-01 7.0991575e-01 5.6859465e-01 4.3514262e-01 4.3685801e-01 4.3889795e-01 4.4530765e-01 4.4306106e-01 4.4533101e-01 4.4777260e-01 4.5039872e-01 4.5294689e-01 4.5543188e-01 4.5772257e-01 4.5977006e-01 4.6178130e-01 4.6317188e-01 4.6477932e-01 4.8526787e-01 5.5760712e-01 5.3505423e-01
4.2558047e-01 4.2454413e-01 4.2348767e-01 4.2005063e-01 4.2123520e-01 4.2221173e-01 4.2598440e-01 4.4363766e-01 4.4769583e-01 4.2044276e-01 4.1166021e-01 4.1007804e-01 4.0808011e-01 4.0855323e-01 4.0852305e-01 4.0921601e-01 4.0999188e-01 4.1278755e-01 4.1178206e-01 4.1282994e-01 4.1385377e-01 4.1254651e-01 4.1954246e-01 4.2070643e-01 4.2338793e-01 5.1876498e-01 7.0995082e-01 7.3480778e-01 4.9262250e-01 4.5363344e-01 8.3871826e-01 5.0798435e-01 4.3557841e-01 4.3763571e-01 4.3967037e-01 4.4165104e-01 4.4371994e-01 4.4590183e-01 4.4827993e-01 4.5292609e-01 4.5355727e-01 4.5583943e-01 4.5809027e-01 4.6003264e-01 4.6267712e-01 4.6317641e-01 4.6437981e-01 4.6561324e-01 4.7512786e-01 5.1788059e-01
4.2702153e-01 4.2608734e-01 4.2501350e-01 4.2376334e-01 4.2260189e-01 4.2100030e-01 4.1898302e-01 4.1683596e-01 4.2747858e-01 4.4319535e-01 4.1107226e-01 4.0928802e-01 4.0819890e-01 4.0753153e-01 4.0740622e-01 4.0821473e-01 4.0890714e-01 4.1130116e-01 4.1093030e-01 4.1204222e-01 4.2759644e-01 5.5283439e-01 7.4802534e-01 7.3497396e-01 7.4806390e-01 9.0033626e-01 6.0125419e-01 4.3622882e-01 4.2861265e-01 5.5984503e-01 7.8337409e-01 4.4665032e-01 4.3637788e-01 4.3855797e-01 4.4055200e-01 4.4236115e-01 4.4436719e-01 4.4647802e-01 4.4882541e-01 4.5228832e-01 4.5397250e-01 4.5633787e-01 4.5855219e-01 4.6036901e-01 4.6308040e-01 4.6316110e-01 4.6417099e-01 4.6510985e-01 4.6681900e-01 4.6669633e-01
4.2798519e-01 4.2709294e-01 4.2603409e-01 4.2509619e-01 4.2346233e-01 4.2154146e-01 4.1922993e-01 4.1668035e-01 4.1719077e-01 4.4574470e-01 4.1145956e-01 4.0781835e-01 4.0467351e-01 4.0586528e-01 4.0624636e-01 4.0704809e-01 4.0769493e-01 4.0892063e-01 4.1049087e-01 4.2002130e-01 6.2901381e-01 1.1952762e+00 1.6483524e+00 1.6097559e+00 1.0587165e+00 6.0083580e-01 5.6318840e-01 5.2919997e-01 6.3606420e-01 7.6498420e-01 5.1289950e-01 4.3495965e-01 4.3734965e-01 4.3952787e-01 4.4141054e-01 4.4424091e-01 4.4507236e-01 4.4719273e-01 4.4955848e-01 4.5209904e-01 4.5456589e-01 4.5695407e-01 4.5911065e-01 4.6082520e-01 4.6262765e-01 4.6330608e-01 4.6425926e-01 4.6494922e-01 4.6649270e-01 4.6595337e-01
4.2810702e-01 4.2716633e-01 4.2604122e-01 4.2335461e-01 4.2269697e-01 4.2056029e-01 4.1787249e-01 4.1505112e-01 4.1716817e-01 4.4751127e-01 4.1451480e-01 4.0568955e-01 4.0979624e-01 4.0476591e-01 4.0493913e-01 4.0575881e-01 4.0634315e-01 4.0709695e-01 4.3311532e-01 5.9722830e-01 1.0098461e+00 1.6921899e+00 1.8846091e+00 1.7681514e+00 1.1459623e+00 7.3483427e-01 6.7460070e-01 7.5531600e-01 6.0915473e-01 4.7077741e-01 4.3210329e-01 4.3593532e-01 4.3840069e-01 4.4049598e-01 4.4231427e-01 4.4407411e-01 4.4602686e-01 4.4821843e-01 4.5064007e-01 4.5115539e-01 4.5540669e-01 4.5783841e-01 4.5983118e-01 4.6146359e-01 4.6598532e-01 4.6373115e-01 4.6480418e-01 4.6525673e-01 4.6755585e-01 4.6362521e-01
4.2691544e-01 4.2595664e-01 4.2475846e-01 4.2151472e-01 4.2106686e-01 4.1875129e-01 4.1572687e-01 4.1262603e-01 4.0662970e-01 4.4316554e-01 4.1142776e-01 4.0757530e-01 4.0529389e-01 4.0304562e-01 4.0342039e-01 4.0465605e-01 4.1084829e-01 4.2413280e-01 6.0340722e-01 1.1268354e+00 1.6101477e+00 1.7322556e+00 1.7975127e+00 1.3840620e+00 7.0097405e-01 4.2975221e-01 4.2670735e-01 4.2935715e-01 4.2999739e-01 4.3229051e-01 4.3358878e-01 4.3699103e-01 4.3931760e-01 4.4130344e-01 4.4309415e-01 4.4367580e-01 4.4688060e-01 4.4911594e-01 4.5154203e-01 4.5484925e-01 4.5630597e-01 4.5838670e-01 4.6043199e-01 4.6189137e-01 4.5941795e-01 4.6415709e-01 4.6504032e-01 4.6387462e-01 4.5716492e-01 3.5464152e-01
4.2500542e-01 4.2405572e-01 4.2275255e-01 4.2264732e-01 4.1883180e-01 4.1599330e-01 4.1279099e-01 4.0925217e-01 4.4894877e-01 8.4075810e-01 5.6221388e-01 6.8175320e-01 6.8578271e-01 5.5968762e-01 4.6171347e-01 4.8499330e-01 6.4653880e-01 8.6152849e-01 1.1393236e+00 1.6221192e+00 1.4759814e+00 1.5769956e+00 1.5310138e+00 8.1212118e-01 4.5331364e-01 4.2234993e-01 4.2649390e-01 4.2846407e-01 4.3108363e-01 4.3347429e-01 4.3733527e-01 4.3792227e-01 4.3960011e-01 4.4131956e-01 4.4307234e-01 4.3971360e-01 4.4708294e-01 4.4928021e-01 4.5159557e-01 4.5332221e-01 4.5656357e-01 4.5900406e-01 4.6096154e-01 4.6262563e-01 4.6542705e-01 4.5314579e-01 3.8064119e-01 2.7792814e-01 1.9469527e-01 3.5256926e-02
4.2205993e-01 4.2102344e-01 4.1957672e-01 4.1670156e-01 4.1522178e-01 4.1270150e-01 4.0978731e-01 4.0731888e-01 6.6292353e-01 1.1873474e+00 1.0687692e+00 1.4704294e+00 1.5038708e+00 1.3005817e+00 1.0910347e+00 1.1084942e+00 1.4297092e+00 1.5960113e+00 1.5227598e+00 1.3033233e+00 1.1826088e+00 1.5996547e+00 1.2675245e+00 6.1425991e-01 4.2163253e-01 4.2328090e-01 4.2617465e-01 4.2997303e-01 4.3250565e-01 4.3468583e-01 4.3671384e-01 4.3808309e-01 4.3965398e-01 4.4134030e-01 4.4310322e-01 4.3848662e-01 4.4703138e-01 4.4926010e-01 4.5164455e-01 4.5676321e-01 4.5701535e-01 4.5875796e-01 4.6031283e-01 4.5741479e-01 3.9516672e-01 2.0292645e-01 9.6083440e-04 0.0000000e+00 0.0000000e+00 0.0000000e+00
4.1740770e-01 4.1623466e-01 4.1461658e-01 4.1324541e-01 4.1026838e-01 4.0724617e-01 4.0540381e-01 4.4784667e-01 1.0166736e+00 1.3596779e+00 1.5766553e+00 1.3146256e+00 1.0989683e+00 1.3442739e+00 1.4706351e+00 1.4747376e+00 1.2793844e+00 9.4385059e-01 7.2722472e-01 8.0032489e-01 1.2308662e+00 1.6381729e+00 1.0299659e+00 5.1618140e-01 4.1863489e-01 4.0877659e-01 4.1135430e-01 4.2915713e-01 4.3337539e-01 4.3516804e-01 4.3960370e-01 4.3818958e-01 4.3902179e-01 4.4076625e-01 4.4262948e-01 4.4488011e-01 4.4666736e-01 4.4887095e-01 4.5113725e-01 4.5630734e-01 4.5625474e-01 4.5681250e-01 4.1921387e-01 2.4850867e-01 9.8577667e-04 0.0000000e+00 0.0000000e+00 0.0000000e+00 0.0000000e+00 0.0000000e+00
4.1165330e-01 4.1068947e-01 4.0925282e-01 4.0644797e-01 4.0490566e-01 4.0428013e-01 4.6873422e-01 7.8143160e-01 1.3576464e+00 1.5918069e+00 1.1924907e+00 6.9033838e-01 4.7969946e-01 5.7500754e-01 6.4419911e-01 6.5906282e-01 5.5288422e-01 4.6122220e-01 5.9836847e-01 1.0459980e+00 1.6136223e+00 1.2882431e+00 6.8586965e-01 4.1972894e-01 3.6349323e-01 2.9711884e-01 2.7852033e-01 3.6440159e-01 4.2640506e-01 4.3538663e-01 4.3876305e-01 4.3766864e-01 4.3827909e-01 4.4007085e-01 4.4215801e-01 4.4049098e-01 4.4623455e-01 4.4815971e-01 4.4936266e-01 4.4372875e-01 3.9795212e-01 2.9611570e-01 7.7247765e-03 0.0000000e+00 0.0000000e+00 0.0000000e+00 0.0000000e+00 0.0000000e+00 0.0000000e+00 0.0000000e+00
4.0604957e-01 4.0528244e-01 4.0406448e-01 4.0109056e-01 4.0742951e-01 5.2523792e-01 8.9624812e-01 1.2344533e+00 1.4166800e+00 1.0988661e+00 6.2225857e-01 4.1587344e-01 4.0015453e-01 4.0143281e-01 4.0332212e-01 4.0562592e-01 4.1073683e-01 5.6366731e-01 1.0582852e+00 1.6198607e+00 1.3506807e+00 7.5932782e-01 4.4654544e-01 3.1818756e-01 2.3725614e-01 1.6477687e-01 1.2234015e-01 1.8468643e-01 3.2648772e-01 4.2466128e-01 4.3630921e-01 4.3704144e-01 4.2884562e-01 3.9768045e-01 3.7067974e-01 3.8182743e-01 3.9049506e-01 3.7707863e-01 2.9823721e-01 1.4726921e-01 9.9066948e-04 0.0000000e+00 0.0000000e+00 0.0000000e+00 0.0000000e+00 0.0000000e+00 0.0000000e+00 0.0000000e+00 0.0000000e+00 0.0000000e+00
4.0176590e-01 4.0163414e-01 4.0061476e-01 4.1731691e-01 5.6630144e-01 8.7761305e-01 1.2450817e+00 1.4715296e+00 1.3180832e+00 8.7372043e-01 4.0635010e-01 3.9757641e-01 3.9786024e-01 3.9846633e-01 3.9948197e-01 4.0063561e-01 4.4022512e-01 7.9987696e-01 1.5218936e+00 1.3737635e+00 7.4163600e-01 4.5176161e-01 4.0049708e-01 3.0163874e-01 1.4792560e-01 4.8123356e-02 9.9581049e-04 9.8778431e-04 9.6051846e-02 3.0971859e-01 4.1148712e-01 4.3475153e-01 3.7134469e-01 1.6316691e-01 9.7382387e-04 9.8277271e-04 9.9131778e-04 9.4755574e-04 9.7462712e-04 0.0000000e+00 0.0000000e+00 0.0000000e+00 0.0000000e+00 0.0000000e+00 0.0000000e+00 0.0000000e+00 0.0000000e+00 0.0000000e+00 0.0000000e+00 0.0000000e+00
3.9797725e-01 3.9800438e-01 4.1772696e-01 5.3248068e-01 1.0023259e+00 1.3688977e+00 1.3641788e+00 1.2535759e+00 9.6253209e-01 4.6074488e-01 3.9510404e-01 3.9529801e-01 3.9474032e-01 3.9586716e-01 3.9672813e-01 4.0005907e-01 5.6220488e-01 1.1152875e+00 1.6313923e+00 1.0349779e+00 5.0734882e-01 4.0383136e-01 3.8591066e-01 2.5869821e-01 1.0997504e-01 9.7943066e-04 9.9859614e-04 9.9795462e-04 9.9618415e-04 9.4732893e-04 1.5712044e-01 3.0495817e-01 2.3665389e-01 9.8524048e-04 9.3626553e-04 0.0000000e+00 0.0000000e+00 0.0000000e+00 0.0000000e+00 0.0000000e+00 0.0000000e+00 0.0000000e+00 0.0000000e+00 0.0000000e+00 0.0000000e+00 0.0000000e+00 0.0000000e+00 0.0000000e+00 0.0000000e+00 0.0000000e+00
