ahotovec/data/depth_0028.asc
ncols     164
nrows     146
xllcorner -1.242151388888889e+02
yllcorner  4.172986111111111e+01
cellsize  2.777777777820000e-04
nodata_value       -9999
[rows 110 to 131 of 146, columns 50 to 99 of 164]
1.1471110e+01 1.0881785e+01 9.6857585e+00 7.8455101e+00 6.1210490e+00 5.2759636e+00 4.8184965e+00 4.9239811e+00 4.4529646e+00 5.7617590e+00 7.1402211e+00 7.6020130e+00 7.7660202e+00 6.2631492e+00 5.7477722e+00 5.5076963e+00 2.4496486e+00 4.6186542e-04 4.0132162e+00 4.7266768e+00 4.9808913e+00 5.3934494e+00 5.7451995e+00 6.0244310e+00 6.2122521e+00 6.2666356e+00 6.1901942e+00 6.3152512e+00 6.7640361e+00 7.1435550e+00 7.5247241e+00 7.6710893e+00 8.0067719e+00 8.1015053e+00 8.2317785e+00 8.3573621e+00 8.5082418e+00 8.6148852e+00 8.6928589e+00 8.7534655e+00 8.8316409e+00 8.8656861e+00 8.8693600e+00 8.8040904e+00 8.7729458e+00 8.7532072e+00 8.8184884e+00 8.9029166e+00 8.9793272e+00 9.0690074e+00
1.2978199e+01 1.2980963e+01 1.1726866e+01 8.8734168e+00 5.5399019e+00 4.1760694e+00 5.0010928e+00 4.9026760e+00 5.9044651e+00 7.0642426e+00 8.1118038e+00 9.0585414e+00 9.7503117e+00 5.7166479e+00 6.1826062e+00 7.1455315e+00 4.8863520e+00 3.5223321e-04 8.1738698e-01 4.1090358e+00 4.6692006e+00 5.0361613e+00 5.3918960e+00 5.6643153e+00 5.8837855e+00 6.0109485e+00 6.0538587e+00 5.9899035e+00 6.2170976e+00 6.7471470e+00 7.1612065e+00 7.4990188e+00 7.7263877e+00 8.0279254e+00 8.1431929e+00 8.2697429e+00 8.3899820e+00 8.5093618e+00 8.5892701e+00 8.6609144e+00 8.6953209e+00 8.6954363e+00 8.6616008e+00 8.6293739e+00 8.6385573e+00 8.6955642e+00 8.8129793e+00 8.9401033e+00 9.0601392e+00 9.1592166e+00
1.4069385e+01 1.4298893e+01 1.3448400e+01 1.0191584e+01 9.3063478e-01 0.0000000e+00 4.4353411e-04 4.8261360e+00 6.3281402e+00 7.8787152e+00 9.2613687e+00 1.0294882e+01 1.1176686e+01 1.1347711e+01 1.1572074e+01 1.1245751e+01 9.8016431e+00 3.7888269e+00 3.2100712e-04 1.6424318e+00 4.4071542e+00 4.7319120e+00 5.0570370e+00 5.3431713e+00 5.5800129e+00 5.7539067e+00 5.8662897e+00 5.8993445e+00 5.9398174e+00 6.3550612e+00 6.8328979e+00 7.2030058e+00 7.5022722e+00 7.7457801e+00 7.9098782e+00 7.9778824e+00 7.9399684e+00 8.0611515e+00 8.1460179e+00 8.2246888e+00 8.3077858e+00 8.3423320e+00 8.3898408e+00 8.4311900e+00 8.5052199e+00 8.6393337e+00 8.8507696e+00 9.0194987e+00 9.1729782e+00 9.3129512e+00
1.5079051e+01 1.4168506e+01 1.4212339e+01 1.1392496e+01 2.3254430e+00 0.0000000e+00 0.0000000e+00 3.7825197e-04 8.5165064e+00 9.4646626e+00 1.0754637e+01 1.1200859e+01 1.1804068e+01 1.2200957e+01 1.2636352e+01 1.2164489e+01 1.1867324e+01 1.0317156e+01 2.6511737e+00 3.9299114e-03 3.9205783e+00 4.5664684e+00 4.7613108e+00 5.0570538e+00 5.2970423e+00 5.5054397e+00 5.6718851e+00 5.8280375e+00 6.0358910e+00 6.1938784e+00 6.6342825e+00 7.0019749e+00 7.2872775e+00 7.4536509e+00 7.4285974e+00 7.2247827e+00 7.1292971e+00 7.2428603e+00 7.4844327e+00 7.6675056e+00 7.8255134e+00 7.9723643e+00 8.1529035e+00 8.3407724e+00 8.4795196e+00 8.6677064e+00 8.8733430e+00 9.1173811e+00 9.3286192e+00 9.4895419e+00
1.5568924e+01 1.5952319e+01 1.5595928e+01 1.3778936e+01 1.0321568e+01 7.3339060e+00 3.8139067e+00 5.3996542e+00 1.1778531e+01 1.1105256e+01 1.2167062e+01 1.0875673e+01 1.1951821e+01 1.2414731e+01 1.2858967e+01 1.2757648e+01 1.2117953e+01 1.1666265e+01 8.8191993e+00 9.7305436e-01 1.0732856e+00 4.5166939e+00 4.6086662e+00 4.8112206e+00 5.0656898e+00 5.2979538e+00 5.4896099e+00 5.7178282e+00 6.0645053e+00 6.4178005e+00 6.5452173e+00 6.7911509e+00 6.9587807e+00 6.8903890e+00 6.6181173e+00 6.4489454e+00 6.5083371e+00 6.9528492e+00 7.2838709e+00 7.4006496e+00 7.5975722e+00 7.7688456e+00 8.0449786e+00 8.3260550e+00 8.5507996e+00 8.7556187e+00 9.0280936e+00 9.3168560e+00 9.5933172e+00 9.7348559e+00
1.5688786e+01 1.6185997e+01 1.5922110e+01 1.2691681e+01 1.3764902e+01 1.3482214e+01 1.2447449e+01 1.3208746e+01 1.3553171e+01 1.3366626e+01 1.2870616e+01 1.2536491e+01 1.3897823e+01 1.3843221e+01 1.3201453e+01 1.3183040e+01 1.3201298e+01 1.2311598e+01 9.9316509e+00 5.6336908e+00 6.4857999e-02 2.9613598e+00 4.5650398e+00 4.6015736e+00 4.8353985e+00 5.0585968e+00 5.2799339e+00 5.5390531e+00 5.9169101e+00 6.3071249e+00 6.5913468e+00 6.5506744e+00 6.4937447e+00 6.1944384e+00 6.0362431e+00 6.0441631e+00 6.2179537e+00 6.7326282e+00 7.2245240e+00 7.3086705e+00 7.5412463e+00 7.8187976e+00 8.1188347e+00 8.3948148e+00 8.6403903e+00 8.8961378e+00 9.2145228e+00 9.5636431e+00 9.9144309e+00 1.0037727e+01
1.6033172e+01 1.6186453e+01 1.6276452e+01 1.6793394e+01 1.6100627e+01 1.5811662e+01 1.5702076e+01 1.5466830e+01 1.4911988e+01 1.4256268e+01 1.4158303e+01 1.4238224e+01 1.4248575e+01 1.4101653e+01 1.3681598e+01 1.3930031e+01 1.3751384e+01 1.3001179e+01 1.1914224e+01 8.9215587e+00 3.2269661e+00 7.2800010e-04 3.6446886e+00 4.5374210e+00 4.6546402e+00 4.8732663e+00 5.1095615e+00 5.3598162e+00 5.6978388e+00 6.0267513e+00 6.3475059e+00 6.3210803e+00 6.0165017e+00 5.8335991e+00 5.7872258e+00 5.9434264e+00 6.1356212e+00 6.4227015e+00 6.7873891e+00 7.1960253e+00 7.5666121e+00 7.9223880e+00 8.2528994e+00 8.5105562e+00 8.7509586e+00 9.0282273e+00 9.4077818e+00 1.0150569e+01 1.0208385e+01 1.0136309e+01
1.7252285e+01 1.7118352e+01 1.6792429e+01 1.6175940e+01 1.6602083e+01 1.6405471e+01 1.6004939e+01 1.5929626e+01 1.5097627e+01 1.4904967e+01 1.4756525e+01 1.4946595e+01 1.4965210e+01 1.4667622e+01 1.3806056e+01 1.3836374e+01 1.3502341e+01 1.2832554e+01 1.2975261e+01 1.2346182e+01 8.7382603e+00 0.0000000e+00 7.0131912e-01 4.0577590e+00 4.5448860e+00 4.6424085e+00 4.7852485e+00 4.9676897e+00 5.1807406e+00 5.3896787e+00 5.6172085e+00 5.7431755e+00 5.7178685e+00 5.6251236e+00 5.6352062e+00 5.7503400e+00 6.0218050e+00 6.3989480e+00 6.7989543e+00 7.3268492e+00 7.7367209e+00 8.0349539e+00 8.3923307e+00 8.6778132e+00 8.9181182e+00 9.1637671e+00 9.1778337e+00 9.5409785e+00 1.0253647e+01 1.0285109e+01
1.7538835e+01 1.7998239e+01 1.7744847e+01 1.7395374e+01 1.7011067e+01 1.6343083e+01 1.6157958e+01 1.5969361e+01 1.5879135e+01 1.5475043e+01 1.4945579e+01 1.5212698e+01 1.5126070e+01 1.5070277e+01 1.4285177e+01 1.3333710e+01 1.4075326e+01 1.3044392e+01 1.2398194e+01 1.2861324e+01 1.0882751e+01 1.6229854e+00 5.9341250e-04 1.8676682e+00 4.1064711e+00 4.5495449e+00 4.7002321e+00 4.6758718e+00 4.7398459e+00 4.7923925e+00 4.8327438e+00 5.0153289e+00 5.2400522e+00 5.3926452e+00 5.3991219e+00 5.5496780e+00 5.8970226e+00 6.3773165e+00 6.9360486e+00 7.4606923e+00 8.0108435e+00 8.3086548e+00 8.6414719e+00 8.9008536e+00 9.1874902e+00 9.4564388e+00 9.6588852e+00 9.8647362e+00 1.0276039e+01 1.0524204e+01
1.7612047e+01 1.7253030e+01 1.7710014e+01 1.7408827e+01 1.6902944e+01 1.6060585e+01 1.6361075e+01 1.6271433e+01 1.6485448e+01 1.6087695e+01 1.5100259e+01 1.4970670e+01 1.4570401e+01 1.5482179e+01 1.5432487e+01 1.4492620e+01 1.4452155e+01 1.3305415e+01 1.3736468e+01 1.3197840e+01 1.2770547e+01 6.0154130e+00 0.0000000e+00 9.6447322e-04 1.1755385e+00 3.9562902e+00 4.0131125e+00 4.2859459e+00 4.1619724e+00 4.4056428e+00 4.4344148e+00 4.3964014e+00 4.6949844e+00 4.9323367e+00 5.2956021e+00 5.3960513e+00 5.7522198e+00 6.4935308e+00 7.2421346e+00 7.8659051e+00 8.3618006e+00 8.6787992e+00 9.0119145e+00 9.2874114e+00 9.5761974e+00 9.8510528e+00 1.0169998e+01 1.0459532e+01 1.0638977e+01 1.0816281e+01
1.7791799e+01 1.7898049e+01 1.7738055e+01 1.7186949e+01 1.6914967e+01 1.6789435e+01 1.6846848e+01 1.6469215e+01 1.5517973e+01 1.6443135e+01 1.5582611e+01 1.5176054e+01 1.5159179e+01 1.5247432e+01 1.5744169e+01 1.5693775e+01 1.5200108e+01 1.4744029e+01 1.4046114e+01 1.2679543e+01 1.3306416e+01 1.1148859e+01 2.1971285e+00 8.4468448e-04 9.6270595e-04 8.8904132e-04 8.1809265e-04 9.9424089e-04 2.9743873e-01 1.1295841e+00 3.6332677e+00 3.1188805e+00 4.4564953e+00 4.4961649e+00 4.6954663e+00 5.5980527e+00 5.9475433e+00 6.5797505e+00 7.7851052e+00 8.6192566e+00 8.9849551e+00 9.2258288e+00 9.5305995e+00 9.8165962e+00 1.0098660e+01 1.0340044e+01 1.0616709e+01 1.0865172e+01 1.1062660e+01 1.1205286e+01
1.8106051e+01 1.7916665e+01 1.8034769e+01 1.7597773e+01 1.7065649e+01 1.6946295e+01 1.6726953e+01 1.6666771e+01 1.6420071e+01 1.6971000e+01 1.6057521e+01 1.5578313e+01 1.5324440e+01 1.5444276e+01 1.5927492e+01 1.5449649e+01 1.5742169e+01 1.5007988e+01 1.4212747e+01 1.3839036e+01 1.3620136e+01 1.4091315e+01 1.0699713e+01 3.9263902e+00 1.3578822e+00 9.8732555e-04 9.9716644e-04 8.7095077e-04 9.1491611e-04 8.0933454e-04 3.1860988e-02 7.1865253e-04 4.2362451e-02 3.0242916e-01 7.7144102e-01 2.1500362e+00 3.2492610e+00 4.8898417e+00 9.3317544e+00 9.6640004e+00 9.8143222e+00 1.0011241e+01 1.0273588e+01 1.0501699e+01 1.0733632e+01 1.0926560e+01 1.1132695e+01 1.1271853e+01 1.1432652e+01 1.1622609e+01
1.8521282e+01 1.8423313e+01 1.8288795e+01 1.7827785e+01 1.7355808e+01 1.7161063e+01 1.7063221e+01 1.7035317e+01 1.7055454e+01 1.6828959e+01 1.6352757e+01 1.6077825e+01 1.5977561e+01 1.5985727e+01 1.6326419e+01 1.6192521e+01 1.4903483e+01 1.5060938e+01 1.4798285e+01 1.4315043e+01 1.3439032e+01 1.4316964e+01 1.3972567e+01 1.1571792e+01 1.0102073e+01 5.4748464e+00 4.3865109e+00 6.0432923e+00 1.0661220e+01 1.0664898e+01 1.1051818e+01 1.0602563e+01 9.3168312e+00 8.0270566e+00 6.0265943e+00 4.1492279e+00 1.8661959e+00 2.7496377e+00 1.0954376e+01 1.1155507e+01 1.0902959e+01 1.0966890e+01 1.1120065e+01 1.1268278e+01 1.1393813e+01 1.1529763e+01 1.1619524e+01 1.1686626e+01 1.1680966e+01 1.1902478e+01
1.8276050e+01 1.8407857e+01 1.8395578e+01 1.8058323e+01 1.7848805e+01 1.6340285e+01 1.7168389e+01 1.7576444e+01 1.7230306e+01 1.6977939e+01 1.6734728e+01 1.6660436e+01 1.6509652e+01 1.6585577e+01 1.6497922e+01 1.6260854e+01 1.6365509e+01 1.4954801e+01 1.5279924e+01 1.4955341e+01 1.4652537e+01 1.4446493e+01 1.4301637e+01 1.4223786e+01 1.3010159e+01 8.0199524e+00 6.6052222e+00 8.2941108e+00 1.0911275e+01 1.3680352e+01 1.3544654e+01 1.3198703e+01 1.3409447e+01 1.2985932e+01 1.2681187e+01 1.3254171e+01 1.2844814e+01 1.2214876e+01 1.2641926e+01 1.2148343e+01 1.1927194e+01 1.1876837e+01 1.1903403e+01 1.1927058e+01 1.1957488e+01 1.2030118e+01 1.2098086e+01 1.2107182e+01 1.1958269e+01 1.1934879e+01
1.8919592e+01 1.8848455e+01 1.8656385e+01 1.8447159e+01 1.8128358e+01 1.4494032e+01 1.7153683e+01 1.8081944e+01 1.7703024e+01 1.7485896e+01 1.7313055e+01 1.7228574e+01 1.6983115e+01 1.6944363e+01 1.6861909e+01 1.6543028e+01 1.6375415e+01 1.5204641e+01 1.5324311e+01 1.5763693e+01 1.5714314e+01 1.5107314e+01 1.4396353e+01 1.4296038e+01 1.4013616e+01 1.1363662e+01 8.3652920e+00 8.5670031e+00 1.0887201e+01 1.3657240e+01 1.2911935e+01 1.3511186e+01 1.3257282e+01 1.3616899e+01 1.3860624e+01 1.3736038e+01 1.2684873e+01 1.3062089e+01 1.2797864e+01 1.2626702e+01 1.2516848e+01 1.2451513e+01 1.2398499e+01 1.2387724e+01 1.2380905e+01 1.2398355e+01 1.2460791e+01 1.1770152e+01 1.2200574e+01 1.2306483e+01
1.9178400e+01 1.9085391e+01 1.9025761e+01 1.8785164e+01 1.8796739e+01 1.8742908e+01 1.8710425e+01 1.8619866e+01 1.8515583e+01 1.8289083e+01 1.7992689e+01 1.7910475e+01 1.7572420e+01 1.7596182e+01 1.7341610e+01 1.6960980e+01 1.5192718e+01 1.6263789e+01 1.6213472e+01 1.5713932e+01 1.5627666e+01 1.5967297e+01 1.5237293e+01 1.4780679e+01 1.4439962e+01 1.3906717e+01 1.1144590e+01 1.0861931e+01 1.3932724e+01 1.3641779e+01 1.2990259e+01 1.3550002e+01 1.2811863e+01 1.3028389e+01 1.3845302e+01 1.3821863e+01 1.4030037e+01 1.3451059e+01 1.3117593e+01 1.2999521e+01 1.2880798e+01 1.2797092e+01 1.2753677e+01 1.2713398e+01 1.2711731e+01 1.2667675e+01 1.2611021e+01 1.1378832e+01 1.1742226e+01 1.2527453e+01
1.9460430e+01 1.9364014e+01 1.9317637e+01 1.9279932e+01 1.9171840e+01 1.9026517e+01 1.8984007e+01 1.8675142e+01 1.8903456e+01 1.8660091e+01 1.8658015e+01 1.8174023e+01 1.8038348e+01 1.7864670e+01 1.7711387e+01 1.7227661e+01 1.6552715e+01 1.6897748e+01 1.6832371e+01 1.6713062e+01 1.6196656e+01 1.6653731e+01 1.6115993e+01 1.5434456e+01 1.5109495e+01 1.4301260e+01 1.4495956e+01 1.4889156e+01 1.4521049e+01 1.3982755e+01 1.3732122e+01 1.3673673e+01 1.3487738e+01 1.3737285e+01 1.3949487e+01 1.4248939e+01 1.4152458e+01 1.3876649e+01 1.3370486e+01 1.3201848e+01 1.3094982e+01 1.3005564e+01 1.2945412e+01 1.2880655e+01 1.2857481e+01 1.2820683e+01 1.2752871e+01 1.2797047e+01 1.2859737e+01 1.2844442e+01
1.9785712e+01 1.9686735e+01 1.9614311e+01 1.9632453e+01 1.9504419e+01 1.9347137e+01 1.9164323e+01 1.9039113e+01 1.8995065e+01 1.8836089e+01 1.8668790e+01 1.8606944e+01 1.8362276e+01 1.8096163e+01 1.8018270e+01 1.7884588e+01 1.7479501e+01 1.7171042e+01 1.7207474e+01 1.7093531e+01 1.7076148e+01 1.7093257e+01 1.6873716e+01 1.6018445e+01 1.5584380e+01 1.4787100e+01 1.5533067e+01 1.5153334e+01 1.4736567e+01 1.4229302e+01 1.4041150e+01 1.3534680e+01 1.2900407e+01 1.3624791e+01 1.2450559e+01 1.3958375e+01 1.4309287e+01 1.4005568e+01 1.3605498e+01 1.3367544e+01 1.3230293e+01 1.3120377e+01 1.3044891e+01 1.2965766e+01 1.2926438e+01 1.2925776e+01 1.2851067e+01 1.2880629e+01 1.2866683e+01 1.2879210e+01
2.0080288e+01 1.9976822e+01 1.9883607e+01 1.9825662e+01 1.9866015e+01 1.9692804e+01 1.9435703e+01 1.9231215e+01 1.9116559e+01 1.9030023e+01 1.8836339e+01 1.8758669e+01 1.8596899e+01 1.8477122e+01 1.8201912e+01 1.7775381e+01 1.7546657e+01 1.7166904e+01 1.7420266e+01 1.7412389e+01 1.7375838e+01 1.7194176e+01 1.7124518e+01 1.6393471e+01 1.6286307e+01 1.6044329e+01 1.5771505e+01 1.5373353e+01 1.5274387e+01 1.4683525e+01 1.4611149e+01 1.4233689e+01 1.3541391e+01 1.3637150e+01 1.3745807e+01 1.4504620e+01 1.4522815e+01 1.4051252e+01 1.3732775e+01 1.3530385e+01 1.3375910e+01 1.3250937e+01 1.3172246e+01 1.3084976e+01 1.3040383e+01 1.3021567e+01 1.2994271e+01 1.3034391e+01 1.3053270e+01 1.3013441e+01
2.0369215e+01 2.0409452e+01 2.0220157e+01 1.9943894e+01 1.9833409e+01 1.9728761e+01 1.9625685e+01 1.9416578e+01 1.9264608e+01 1.9218714e+01 1.9049907e+01 1.8927235e+01 1.8831664e+01 1.8883874e+01 1.8528840e+01 1.8527841e+01 1.7902311e+01 1.7164936e+01 1.7604604e+01 1.7765062e+01 1.7701579e+01 1.7472168e+01 1.6907921e+01 1.6637519e+01 1.6553811e+01 1.6501123e+01 1.5994181e+01 1.5160981e+01 1.5630642e+01 1.5687889e+01 1.4677950e+01 1.4537132e+01 1.4406656e+01 1.3892804e+01 1.4501578e+01 1.4529080e+01 1.3532873e+01 1.4028534e+01 1.3950645e+01 1.3726075e+01 1.3558702e+01 1.3433634e+01 1.3350898e+01 1.3273008e+01 1.3235726e+01 1.3239375e+01 1.3253752e+01 1.2884844e+01 1.3378325e+01 1.3315214e+01
2.0580868e+01 2.0375114e+01 2.0373920e+01 2.0140575e+01 1.9931067e+01 1.9875567e+01 1.9876033e+01 1.9679237e+01 1.9551619e+01 1.9485465e+01 1.9405641e+01 1.9307816e+01 1.9241459e+01 1.9196328e+01 1.8901727e+01 1.8769521e+01 1.8200111e+01 1.5127903e+01 1.7108258e+01 1.7567572e+01 1.7343965e+01 1.7278399e+01 1.7285232e+01 1.7159067e+01 1.6997534e+01 1.7040840e+01 1.6268541e+01 1.5830700e+01 1.4426893e+01 1.5174992e+01 1.5618493e+01 1.5289915e+01 1.4833041e+01 1.3563398e+01 1.4000764e+01 1.3732941e+01 1.3280401e+01 1.4110707e+01 1.4099492e+01 1.3895499e+01 1.3714074e+01 1.3586781e+01 1.3525768e+01 1.3497711e+01 1.3540174e+01 1.3612530e+01 1.3538967e+01 1.3172405e+01 1.3502036e+01 1.3685604e+01
2.0665287e+01 2.0559259e+01 2.0413041e+01 2.0306676e+01 2.0116307e+01 2.0050738e+01 2.0046069e+01 2.0041708e+01 1.9986326e+01 1.9900938e+01 1.9821419e+01 1.9699186e+01 1.9543280e+01 1.9313652e+01 1.9211110e+01 1.8789819e+01 1.8473603e+01 1.8013346e+01 1.8323073e+01 1.7918727e+01 1.7715056e+01 1.7157798e+01 1.6823609e+01 1.7282376e+01 1.7353195e+01 1.7417575e+01 1.6767356e+01 1.6283391e+01 1.5948774e+01 1.5922682e+01 1.5724711e+01 1.5308341e+01 1.5032248e+01 1.5003516e+01 1.4864292e+01 1.4815211e+01 1.4622607e+01 1.4503785e+01 1.4267020e+01 1.4071689e+01 1.3910596e+01 1.3788996e+01 1.3735809e+01 1.3746667e+01 1.3635903e+01 1.3622440e+01 1.3691801e+01 1.1638596e+01 1.1138426e+01 1.2535513e+01
