ahotovec/data/depth_0010.asc
ncols     164
nrows     146
xllcorner -1.242151388888889e+02
yllcorner  4.172986111111111e+01
cellsize  2.777777777820000e-04
nodata_value       -9999
[rows 88 to 109 of 146, columns 50 to 99 of 164]
2.4899698e+00 2.9120721e+00 2.2901466e+00 1.6985334e+00 1.5228593e+00 1.3631557e+00 7.8817669e-01 6.8646071e-01 1.2039244e+00 2.2481532e+00 2.1002853e+00 2.3234412e+00 2.8716835e+00 3.2973073e+00 3.4301961e+00 3.4546707e+00 3.8554381e+00 4.3765272e+00 4.6296527e+00 4.8966481e+00 4.8365849e+00 4.9957324e+00 5.0040885e+00 4.8656375e+00 4.9163558e+00 4.5379615e+00 4.1978584e+00 3.4789966e+00 2.3312391e+00 3.3748473e+00 3.7325366e+00 3.3305183e+00 3.4783554e+00 3.7240436e+00 3.8224790e+00 3.7248409e+00 3.8200758e+00 3.8835965e+00 3.8715642e+00 3.8058079e+00 3.8744579e+00 3.8673567e+00 3.8071663e+00 3.7898395e+00 3.8385295e+00 3.8645148e+00 4.0761984e+00 3.1882550e+00 3.1673964e+00 3.7241079e+00
5.5787886e+00 6.4202435e+00 6.2072885e+00 3.1958309e+00 2.2533981e+00 1.6230918e+00 1.2347010e+00 9.6782592e-01 8.1269103e-01 1.1003921e+00 1.5239092e+00 2.3453331e+00 2.7522662e+00 3.7666904e+00 3.8271168e+00 3.8182270e+00 4.2149863e+00 4.4499030e+00 4.5031187e+00 4.9458766e+00 5.3432065e+00 5.4374738e+00 5.2348789e+00 5.0743978e+00 5.0394666e+00 4.3698804e+00 3.5293690e+00 2.9471803e+00 2.6144474e+00 3.1294557e+00 3.6013229e+00 3.7739669e+00 3.8747493e+00 3.9742730e+00 4.0529026e+00 4.0790641e+00 4.0703835e+00 4.1579276e+00 4.1768257e+00 4.1812643e+00 4.1808709e+00 4.1735343e+00 4.2050367e+00 4.1239545e+00 4.0745293e+00 4.0702190e+00 4.1794251e+00 3.7382065e+00 3.3912173e+00 3.3194098e+00
8.3358245e+00 8.0148618e+00 7.0806200e+00 6.8563245e+00 2.3597739e+00 1.8997818e+00 1.5565980e+00 1.1600950e+00 1.1133387e+00 1.0312603e+00 1.2534493e+00 1.4435449e+00 2.1259130e+00 3.5271635e+00 3.4936010e+00 3.4501980e+00 3.7589491e+00 4.1122820e+00 4.3345280e+00 4.6512880e+00 4.9216680e+00 4.9910154e+00 4.7554383e+00 4.5956128e+00 4.4875354e+00 3.8316517e+00 2.9908777e+00 3.2223012e+00 3.5324752e+00 3.7797696e+00 4.0361541e+00 4.1756053e+00 4.2606107e+00 4.2776981e+00 4.3075734e+00 4.3852379e+00 4.4200725e+00 4.4257566e+00 4.4932075e+00 4.5067960e+00 4.5029616e+00 4.4452805e+00 4.5192427e+00 4.5205268e+00 4.4315186e+00 4.4129715e+00 4.3043606e+00 4.2181215e+00 3.6335287e+00 3.5972025e+00
8.2668455e+00 8.3284599e+00 8.1356022e+00 7.8793028e+00 4.3919971e+00 2.2944515e+00 1.8813578e+00 2.1124100e+00 1.9417266e+00 1.7486521e+00 1.2391561e+00 1.3214072e+00 1.4135648e+00 2.9690748e+00 2.8404202e+00 1.5343394e+00 2.7493622e+00 3.3834552e+00 3.6568673e+00 3.9239876e+00 4.0917728e+00 4.1108576e+00 3.9603866e+00 3.7877751e+00 3.8954678e+00 3.8527667e+00 3.7201908e+00 4.0055083e+00 4.2719153e+00 4.4119302e+00 4.4793592e+00 4.5314812e+00 4.5523711e+00 4.5919604e+00 4.5890964e+00 4.6511265e+00 4.7200633e+00 4.7620547e+00 4.7538694e+00 4.8142019e+00 4.7865998e+00 4.7689371e+00 4.8587237e+00 4.8476723e+00 4.7833465e+00 4.7532356e+00 4.6287352e+00 4.4812695e+00 4.3051519e+00 4.1731132e+00
8.1347879e+00 8.3144063e+00 7.3728254e+00 8.2174908e+00 7.3446331e+00 2.7957689e+00 2.6121445e+00 2.3582648e+00 3.4180374e+00 2.4519625e+00 1.7907511e+00 1.2059270e+00 1.1284450e+00 3.0769521e+00 1.9156731e+00 2.6196345e-01 1.5147902e+00 2.9464472e+00 3.1530463e+00 3.3708654e+00 3.4290090e+00 3.3841631e+00 3.3328323e+00 3.2093212e+00 3.6981794e+00 4.1962278e+00 4.4191198e+00 4.6152703e+00 4.8202506e+00 4.9098328e+00 4.9222644e+00 4.8816155e+00 4.8568067e+00 4.8536454e+00 4.8495104e+00 4.9040655e+00 4.9676179e+00 5.0350545e+00 5.0692318e+00 5.0479090e+00 5.0555554e+00 5.0772459e+00 5.1452542e+00 5.1049978e+00 5.0929657e+00 4.9905437e+00 4.7831066e+00 4.5678368e+00 4.3125201e+00 4.1389301e+00
7.8342184e+00 8.0212307e+00 8.1895102e+00 8.4412328e+00 8.2764162e+00 5.6917168e+00 2.4442151e+00 1.9813072e+00 3.2764447e+00 5.2576454e+00 2.6408557e+00 1.6271285e+00 9.6689859e-01 8.3373936e-01 9.3080883e-01 1.1705035e+00 1.9216310e+00 2.7992459e+00 2.8550467e+00 2.9582864e+00 2.9604043e+00 2.9802025e+00 3.4046110e+00 3.7310383e+00 4.3289840e+00 4.7892163e+00 5.0840121e+00 5.2011350e+00 5.2598574e+00 5.2848472e+00 5.2877234e+00 5.2674034e+00 5.1944092e+00 5.1567162e+00 5.1311705e+00 5.1492624e+00 5.1979744e+00 5.2608974e+00 5.2673851e+00 5.2962401e+00 5.3521309e+00 5.4018067e+00 5.4161192e+00 5.3937593e+00 5.3303481e+00 5.1578422e+00 4.8270684e+00 4.3331905e+00 3.9693763e+00 3.7160880e+00
7.9252167e+00 8.0999014e+00 8.4073020e+00 8.4305494e+00 8.3990188e+00 7.5112226e+00 3.7322377e+00 2.7813158e+00 3.7671855e+00 6.7353170e+00 6.1159863e+00 2.7508643e+00 1.4535979e+00 8.8266725e-01 3.4119997e-01 1.3289560e+00 2.1225560e+00 2.1948305e+00 2.3755391e+00 2.5693367e+00 2.7669358e+00 3.4051090e+00 4.1038224e+00 4.6764975e+00 5.0443535e+00 5.3155772e+00 5.5091620e+00 5.6384624e+00 5.6675906e+00 5.6184100e+00 5.5923856e+00 5.5711544e+00 5.5398786e+00 5.4652452e+00 5.4133304e+00 5.4360072e+00 5.4553869e+00 5.4627233e+00 5.4919889e+00 5.5775517e+00 5.6429380e+00 5.6927238e+00 5.7202869e+00 5.6953115e+00 5.6328246e+00 5.3633414e+00 4.5040485e+00 3.6260769e+00 3.4318304e+00 3.0974046e+00
8.1256201e+00 8.2114564e+00 8.3077535e+00 8.3635675e+00 8.4217996e+00 8.2471363e+00 6.8468846e+00 2.8942252e+00 2.7617849e+00 6.2699830e+00 5.1550772e+00 5.1267846e+00 1.4386356e+00 4.3029977e-01 2.5013080e-03 1.1152879e+00 1.6665510e+00 1.7564528e+00 1.8706726e+00 2.4584750e+00 3.2297487e+00 4.1392773e+00 4.8709517e+00 5.2847262e+00 5.5956309e+00 5.7499428e+00 5.8639298e+00 5.9321171e+00 5.9762820e+00 5.9547754e+00 5.8920170e+00 5.8518038e+00 5.8224032e+00 5.7817572e+00 5.6958941e+00 5.6934595e+00 5.6596721e+00 5.6713131e+00 5.7173265e+00 5.8108751e+00 5.9009012e+00 5.9705362e+00 6.0278252e+00 6.0453279e+00 6.0512326e+00 5.7877181e+00 3.5775547e+00 2.1751877e+00 1.8718024e+00 2.2167732e+00
8.3741260e+00 8.4047833e+00 8.4227114e+00 8.4400938e+00 8.4385230e+00 8.4115574e+00 8.0694495e+00 6.0361491e+00 2.5074401e+00 2.7813765e+00 5.1478257e+00 5.4092632e+00 3.8216304e+00 2.2416270e+00 1.3512000e+00 1.5036049e+00 2.4420793e+00 2.3384014e+00 2.4719688e+00 3.1190237e+00 4.6324708e+00 5.2611382e+00 5.5819754e+00 5.7806387e+00 5.9433747e+00 6.0795549e+00 6.1350671e+00 6.1830228e+00 6.1902685e+00 6.1846697e+00 6.1413322e+00 6.0931662e+00 6.0612713e+00 6.0009966e+00 5.8867349e+00 5.8653042e+00 5.8460659e+00 5.8442687e+00 5.9061307e+00 6.0075564e+00 6.1013189e+00 6.2119541e+00 6.3244708e+00 6.4322478e+00 6.4931985e+00 5.2404795e+00 3.1108912e-02 0.0000000e+00 8.4613350e-02 4.7890639e-02
8.5759372e+00 8.5744526e+00 8.5684397e+00 8.5571774e+00 8.5177704e+00 8.4273932e+00 8.3853323e+00 7.9806883e+00 4.4376700e+00 2.4110748e+00 2.1252879e+00 4.9040518e+00 5.1733395e+00 4.8017572e+00 3.9292811e+00 3.1691118e+00 3.1195191e+00 3.3979706e+00 3.8984467e+00 4.4004224e+00 5.4147018e+00 5.8461672e+00 6.1059687e+00 6.1699752e+00 6.2617401e+00 6.3335367e+00 6.3815945e+00 6.3903396e+00 6.3709240e+00 6.3553484e+00 6.3097502e+00 6.2653848e+00 6.2217812e+00 6.1176838e+00 6.0662003e+00 6.0599781e+00 6.0704579e+00 6.0615219e+00 6.1184473e+00 6.1837290e+00 6.2746830e+00 6.3860008e+00 6.4614153e+00 6.5025905e+00 6.4293216e+00 5.9322102e+00 4.0974782e+00 2.8191972e+00 1.2987397e+00 4.0525223e-01
8.8187628e+00 8.7850529e+00 8.7433050e+00 8.6975824e+00 8.6105348e+00 8.5110347e+00 8.4360812e+00 8.4686050e+00 7.4708984e+00 2.6707531e+00 1.9575115e+00 2.7417890e+00 4.9322549e+00 4.4243424e+00 4.4107406e+00 3.7494023e+00 3.7511936e+00 4.2557978e+00 4.4859406e+00 5.2082028e+00 5.7485736e+00 6.1655937e+00 6.3981032e+00 6.4245967e+00 6.4145947e+00 6.4570541e+00 6.4861244e+00 6.5282120e+00 6.5085061e+00 6.4947778e+00 6.4555578e+00 6.3869172e+00 6.2837202e+00 6.2942251e+00 6.2531825e+00 6.2448508e+00 6.2727622e+00 6.2577380e+00 6.3036050e+00 6.3651210e+00 6.4520300e+00 6.5282246e+00 6.5654939e+00 6.5220815e+00 6.3980496e+00 6.1313351e+00 5.9072581e+00 5.7147981e+00 5.5437286e+00 5.3533105e+00
9.0672316e+00 8.9867680e+00 8.9318112e+00 8.8403981e+00 8.7096136e+00 8.6001011e+00 8.4601999e+00 8.4130788e+00 8.1177527e+00 5.2936080e+00 2.6936215e+00 1.4652964e+00 1.7324454e+00 3.4400195e+00 4.5629782e+00 4.3692446e+00 4.3333623e+00 4.4576878e+00 5.1119569e+00 5.6079429e+00 5.9569005e+00 6.2409430e+00 6.4114700e+00 6.4455133e+00 6.4966447e+00 6.5487679e+00 6.5899517e+00 6.6234506e+00 6.6434421e+00 6.6041455e+00 6.5561590e+00 6.5041905e+00 6.4247485e+00 6.4199421e+00 6.4073121e+00 6.4198143e+00 6.4440664e+00 6.4293180e+00 6.4668959e+00 6.5342863e+00 6.5994665e+00 6.6539858e+00 6.6493839e+00 6.5931797e+00 6.5340322e+00 6.3779654e+00 6.2829709e+00 6.3341052e+00 6.2507711e+00 6.1859004e+00
9.2927646e+00 9.1704666e+00 9.0948869e+00 8.9580538e+00 8.7894507e+00 8.6637610e+00 8.5210102e+00 8.4074323e+00 8.2922226e+00 7.3216251e+00 3.8693524e+00 2.2809506e+00 1.1296371e+00 1.3237038e+00 4.1282528e+00 4.5373975e+00 4.6974667e+00 4.9113136e+00 5.4552327e+00 5.8246624e+00 6.1063521e+00 6.3106070e+00 6.4173353e+00 6.5067704e+00 6.5884782e+00 6.6390691e+00 6.6834227e+00 6.7143027e+00 6.7284693e+00 6.7224456e+00 6.6717153e+00 6.5802370e+00 6.5489735e+00 6.5386550e+00 6.5300083e+00 6.5716088e+00 6.6043489e+00 6.5932879e+00 6.6283170e+00 6.6855290e+00 6.7572818e+00 6.7757882e+00 6.7628077e+00 6.7182517e+00 6.7213511e+00 6.7487923e+00 6.6811609e+00 6.5741487e+00 6.4803056e+00 6.5244888e+00
9.6451930e+00 9.4738562e+00 9.3227389e+00 9.1202036e+00 8.9044812e+00 8.7372663e+00 8.5744393e+00 8.4274117e+00 8.3548645e+00 8.3171618e+00 6.9643806e+00 2.5339707e+00 1.7548113e+00 1.2854777e+00 3.1251903e+00 4.6969833e+00 5.0458806e+00 5.2966937e+00 5.5160902e+00 5.8629135e+00 6.0993059e+00 6.2415565e+00 6.3823002e+00 6.4893766e+00 6.5914363e+00 6.6823893e+00 6.7318024e+00 6.7777524e+00 6.7984349e+00 6.7965229e+00 6.7457287e+00 6.6542761e+00 6.6531890e+00 6.6510138e+00 6.6596575e+00 6.7087562e+00 6.7330156e+00 6.7142512e+00 6.7566230e+00 6.8351304e+00 6.8682292e+00 6.8937138e+00 6.9024457e+00 6.8705099e+00 6.9264650e+00 6.9719374e+00 6.9323237e+00 6.8114773e+00 6.8171358e+00 6.8059590e+00
1.0090201e+01 9.8473971e+00 9.6232692e+00 9.3611647e+00 9.0853939e+00 8.8346302e+00 8.6395418e+00 8.4865060e+00 8.3487400e+00 8.3406046e+00 7.8694675e+00 4.7146231e+00 2.1712536e+00 9.0690559e-01 1.3893867e+00 4.4047061e+00 4.9953613e+00 5.3936299e+00 5.6894361e+00 5.8983281e+00 6.1226303e+00 6.2885578e+00 6.3974481e+00 6.5154579e+00 6.5989816e+00 6.6758928e+00 6.7477871e+00 6.7908994e+00 6.8027703e+00 6.7783280e+00 6.7310846e+00 6.7183874e+00 6.7339040e+00 6.7276487e+00 6.7560671e+00 6.7800069e+00 6.8246063e+00 6.8076387e+00 6.8436542e+00 6.9245309e+00 6.9755907e+00 7.0086665e+00 7.0317395e+00 6.9845169e+00 7.0044718e+00 7.0492927e+00 7.0543018e+00 7.0795380e+00 7.0710612e+00 7.0300598e+00
1.0507545e+01 1.0197208e+01 9.9088053e+00 9.5619575e+00 9.2094145e+00 8.9010861e+00 8.6656956e+00 8.5067750e+00 8.3835830e+00 8.3168705e+00 8.1746636e+00 6.6520704e+00 2.2693462e+00 1.6595215e+00 1.1241099e+00 3.4221280e+00 4.8220698e+00 5.2487396e+00 5.6149173e+00 5.9395705e+00 6.0606323e+00 6.2413828e+00 6.3928474e+00 6.5042922e+00 6.6173392e+00 6.6894434e+00 6.7706599e+00 6.8336753e+00 6.8427653e+00 6.7711718e+00 6.7998126e+00 6.8636725e+00 6.8447264e+00 6.8035853e+00 6.8333861e+00 6.8787335e+00 6.9244236e+00 6.9567305e+00 6.9630479e+00 7.0149603e+00 7.0895560e+00 7.1332990e+00 7.1842748e+00 7.1720058e+00 7.2094598e+00 7.2602616e+00 7.2629304e+00 7.2712976e+00 7.2578040e+00 7.1758019e+00
1.0922727e+01 1.0511025e+01 1.0156131e+01 9.7055357e+00 9.2642777e+00 8.9018440e+00 8.6385693e+00 8.4695942e+00 8.3516082e+00 8.2545536e+00 8.1777592e+00 8.0651637e+00 5.4142706e+00 1.9702208e+00 9.0689478e-01 1.5778682e+00 4.5548607e+00 5.0734917e+00 5.3947103e+00 5.7509112e+00 5.9877233e+00 6.0761874e+00 6.2904567e+00 6.4180696e+00 6.5271044e+00 6.6486328e+00 6.7128035e+00 6.7877813e+00 6.8205404e+00 6.7647260e+00 6.8609309e+00 6.9142573e+00 6.9036341e+00 6.8695392e+00 6.8831272e+00 6.9660313e+00 7.0028213e+00 7.0785407e+00 7.0727216e+00 7.1107368e+00 7.1812787e+00 7.2492147e+00 7.2995105e+00 7.3237626e+00 7.3777071e+00 7.4180870e+00 7.4023084e+00 7.3762162e+00 7.3518277e+00 7.3236394e+00
1.1393870e+01 1.0889582e+01 1.0422710e+01 9.8598234e+00 9.2968318e+00 8.8549023e+00 8.5737165e+00 8.4674242e+00 8.4203602e+00 8.3092856e+00 8.2254174e+00 8.2616864e+00 7.7092617e+00 2.6649086e+00 1.9109663e+00 1.0353461e+00 2.9406510e+00 4.6147795e+00 5.0417839e+00 5.4648878e+00 5.7910860e+00 6.0080345e+00 6.1157558e+00 6.3094124e+00 6.4180975e+00 6.5162849e+00 6.6226609e+00 6.7028776e+00 6.7762185e+00 6.7769649e+00 6.8863353e+00 6.9538144e+00 6.9798294e+00 6.9353818e+00 6.9566368e+00 7.0365615e+00 7.0888271e+00 7.1536518e+00 7.1334123e+00 7.2166989e+00 7.2895853e+00 7.3570610e+00 7.4049661e+00 7.4468242e+00 7.4892040e+00 7.5213503e+00 7.5069752e+00 7.5049734e+00 7.4982004e+00 7.4850324e+00
1.1901795e+01 1.1321100e+01 1.0728500e+01 1.0002560e+01 9.2660584e+00 8.6731900e+00 8.3686027e+00 8.1972404e+00 7.8446137e+00 8.3022690e+00 8.3614424e+00 8.2682946e+00 8.1194481e+00 6.2525419e+00 2.2308280e+00 1.5625882e+00 1.1150036e+00 3.9177710e+00 4.8193942e+00 5.2288592e+00 5.6124027e+00 5.9279345e+00 5.9470829e+00 6.0227464e+00 6.1779865e+00 6.3224441e+00 6.4999619e+00 6.5961855e+00 6.7069711e+00 6.7644136e+00 6.8392751e+00 6.9398663e+00 7.0262313e+00 7.0198508e+00 7.0322073e+00 7.1283253e+00 7.1628758e+00 7.2371331e+00 7.2311143e+00 7.3049041e+00 7.3704478e+00 7.4518256e+00 7.5118320e+00 7.5462297e+00 7.5723757e+00 7.6015488e+00 7.6332084e+00 7.6227250e+00 7.6197890e+00 7.6157745e+00
1.2475559e+01 1.1848264e+01 1.1123832e+01 1.0169169e+01 9.2118100e+00 8.2927991e+00 7.3620170e+00 7.2579315e+00 5.5657062e+00 7.9921482e+00 8.6400676e+00 8.5295269e+00 8.3679231e+00 7.6549613e+00 4.2411843e+00 1.9573092e+00 1.0336111e+00 1.6124862e+00 4.3781951e+00 4.9611124e+00 5.3537543e+00 5.6944190e+00 5.8640389e+00 5.8619512e+00 5.9423978e+00 6.1033445e+00 6.2945223e+00 6.4726247e+00 6.6125872e+00 6.7478691e+00 6.8836175e+00 6.9062399e+00 6.9965753e+00 7.0384238e+00 7.0993461e+00 7.1900143e+00 7.2348322e+00 7.3238739e+00 7.3283954e+00 7.4180185e+00 7.4986488e+00 7.5539611e+00 7.6247288e+00 7.6455091e+00 7.6480610e+00 7.6744263e+00 7.7290750e+00 7.7348622e+00 7.6988533e+00 7.6971934e+00
1.3157582e+01 1.2439369e+01 1.1590811e+01 1.0407066e+01 9.1553249e+00 7.9893115e+00 7.1456621e+00 7.6539805e+00 7.4224516e+00 8.2287874e+00 9.0165935e+00 8.9742825e+00 8.7525322e+00 8.1842718e+00 6.6198799e+00 2.7643403e+00 2.0521378e+00 1.2070223e+00 2.9349492e+00 4.4457941e+00 4.8691806e+00 5.2892604e+00 5.6240839e+00 5.7938320e+00 5.7309400e+00 5.7783037e+00 5.9634576e+00 6.2044207e+00 6.4260929e+00 6.7033776e+00 6.9800192e+00 7.0027863e+00 6.9982388e+00 7.0620944e+00 7.1292455e+00 7.2350572e+00 7.3012499e+00 7.3938393e+00 7.4075108e+00 7.4722839e+00 7.5571736e+00 7.6396546e+00 7.7257952e+00 7.7111258e+00 7.7050629e+00 7.7151188e+00 7.7652645e+00 7.8016425e+00 7.8176991e+00 7.7959129e+00
1.3807320e+01 1.3041704e+01 1.2096903e+01 1.0740182e+01 9.2637065e+00 8.1847991e+00 7.9487033e+00 7.8478021e+00 6.1715201e+00 8.5554634e+00 9.4468220e+00 9.4491727e+00 9.2614176e+00 8.7427063e+00 8.1013864e+00 6.6428020e+00 2.4056554e+00 1.2065975e+00 1.6579191e+00 4.1074331e+00 4.5312303e+00 4.8990882e+00 5.2024148e+00 5.4476524e+00 5.5088478e+00 5.4000757e+00 5.4796669e+00 5.7741515e+00 6.1069514e+00 6.4335237e+00 6.5623519e+00 6.8293213e+00 6.9549545e+00 6.9923157e+00 7.1062761e+00 7.2361862e+00 7.3346719e+00 7.4373704e+00 7.4797768e+00 7.5490160e+00 7.6254190e+00 7.7092506e+00 7.7869525e+00 7.7253904e+00 7.7052966e+00 7.6961746e+00 7.7472595e+00 7.8092088e+00 7.8670102e+00 7.9112392e+00
