ahotovec/data/depth_0034.asc
ncols     164
nrows     146
xllcorner -1.242151388888889e+02
yllcorner  4.172986111111111e+01
cellsize  2.777777777820000e-04
nodata_value       -9999
[rows 44 to 65 of 146, columns 50 to 99 of 164]
0.0000000e+00 0.0000000e+00 0.0000000e+00 0.0000000e+00 0.0000000e+00 0.0000000e+00 0.0000000e+00 0.0000000e+00 0.0000000e+00 0.0000000e+00 0.0000000e+00 0.0000000e+00 0.0000000e+00 0.0000000e+00 0.0000000e+00 0.0000000e+00 1.0981166e-01 7.2484888e-01 7.6884607e-01 7.6020844e-01 7.5726800e-01 7.5200670e-01 7.4570719e-01 7.4104607e-01 7.3634266e-01 7.3152948e-01 7.3074968e-01 7.2303620e-01 7.1817580e-01 7.1320823e-01 7.0717040e-01 6.9356797e-01 6.0324978e-01 5.1267501e-01 5.0426859e-01 4.8929810e-01 5.1082519e-01 5.1380918e-01 5.7431229e-01 7.8856911e-01 9.3774432e-01 9.5051346e-01 9.4769369e-01 9.4208458e-01 9.4071111e-01 9.3143751e-01 9.1130355e-01 7.2771679e-01 6.1675642e-01 6.1686445e-01
0.0000000e+00 0.0000000e+00 0.0000000e+00 0.0000000e+00 0.0000000e+00 0.0000000e+00 0.0000000e+00 0.0000000e+00 0.0000000e+00 0.0000000e+00 0.0000000e+00 0.0000000e+00 0.0000000e+00 0.0000000e+00 0.0000000e+00 0.0000000e+00 0.0000000e+00 8.4698458e-04 7.0495408e-01 7.5287683e-01 7.5098509e-01 7.4752204e-01 7.4278536e-01 7.4336905e-01 7.3861931e-01 7.3267715e-01 7.2638822e-01 7.1967937e-01 7.1369532e-01 7.0723704e-01 6.8846587e-01 5.9619348e-01 4.5827449e-01 3.8895574e-01 3.6815453e-01 3.6041533e-01 3.5698003e-01 3.5800084e-01 4.6632405e-01 8.8200535e-01 9.2656079e-01 9.2152519e-01 9.1867938e-01 9.1479073e-01 9.0243137e-01 8.2247675e-01 6.9807491e-01 6.0216345e-01 5.9841622e-01 6.0086776e-01
0.0000000e+00 0.0000000e+00 0.0000000e+00 0.0000000e+00 0.0000000e+00 0.0000000e+00 0.0000000e+00 0.0000000e+00 0.0000000e+00 0.0000000e+00 0.0000000e+00 0.0000000e+00 0.0000000e+00 0.0000000e+00 0.0000000e+00 0.0000000e+00 0.0000000e+00 0.0000000e+00 0.0000000e+00 1.3479531e-01 6.3048953e-01 7.3868323e-01 7.3969026e-01 7.4121364e-01 7.3843735e-01 7.3485073e-01 7.2515963e-01 7.1723900e-01 6.9959235e-01 6.7254727e-01 6.0281424e-01 4.5002183e-01 3.5172144e-01 3.1309918e-01 2.9365145e-01 2.8685003e-01 3.1535884e-01 4.4397427e-01 7.0324030e-01 8.7894220e-01 9.0036906e-01 8.9788524e-01 8.9427276e-01 8.8815675e-01 8.7409479e-01 7.7759326e-01 5.9384533e-01 5.8465130e-01 5.8638547e-01 5.9365748e-01
0.0000000e+00 0.0000000e+00 0.0000000e+00 0.0000000e+00 0.0000000e+00 0.0000000e+00 0.0000000e+00 0.0000000e+00 0.0000000e+00 0.0000000e+00 0.0000000e+00 0.0000000e+00 0.0000000e+00 0.0000000e+00 0.0000000e+00 0.0000000e+00 0.0000000e+00 0.0000000e+00 0.0000000e+00 0.0000000e+00 0.0000000e+00 9.1823741e-02 6.7400032e-01 7.3763862e-01 7.3888189e-01 7.3329455e-01 6.9921018e-01 6.5435367e-01 5.9300801e-01 5.1620309e-01 4.2063040e-01 3.5661880e-01 3.1651682e-01 3.0056538e-01 3.1354818e-01 3.5212977e-01 4.1400520e-01 6.0122731e-01 7.0668425e-01 8.3381297e-01 8.3392727e-01 7.7219628e-01 7.3816975e-01 6.6596531e-01 6.5185982e-01 5.9178617e-01 5.7180916e-01 5.7216667e-01 5.7641513e-01 6.1231138e-01
0.0000000e+00 0.0000000e+00 0.0000000e+00 0.0000000e+00 0.0000000e+00 0.0000000e+00 0.0000000e+00 0.0000000e+00 0.0000000e+00 0.0000000e+00 0.0000000e+00 0.0000000e+00 0.0000000e+00 0.0000000e+00 0.0000000e+00 0.0000000e+00 0.0000000e+00 0.0000000e+00 0.0000000e+00 0.0000000e+00 0.0000000e+00 0.0000000e+00 9.1553751e-04 3.7723722e-01 5.3296076e-01 5.3337079e-01 4.4546510e-01 3.4350134e-01 3.1590116e-01 3.1411745e-01 3.4568383e-01 3.8725097e-01 3.5011722e-01 3.0983387e-01 3.6095024e-01 4.2806242e-01 4.6953290e-01 4.9482996e-01 5.1164626e-01 5.5669442e-01 5.7844139e-01 5.5272650e-01 5.4947788e-01 5.4890260e-01 5.5042627e-01 5.5365762e-01 5.6718818e-01 7.2599117e-01 7.5548186e-01 7.8619461e-01
0.0000000e+00 0.0000000e+00 0.0000000e+00 0.0000000e+00 0.0000000e+00 0.0000000e+00 0.0000000e+00 0.0000000e+00 0.0000000e+00 0.0000000e+00 0.0000000e+00 0.0000000e+00 0.0000000e+00 0.0000000e+00 0.0000000e+00 0.0000000e+00 0.0000000e+00 0.0000000e+00 0.0000000e+00 0.0000000e+00 0.0000000e+00 0.0000000e+00 0.0000000e+00 9.9534788e-04 9.9046662e-04 9.4890975e-04 2.8402085e-02 7.5512701e-02 1.6263560e-01 3.2096361e-01 4.5719844e-01 4.7890548e-01 4.5920766e-01 4.2835379e-01 4.3988774e-01 4.5955070e-01 4.8346354e-01 4.9767190e-01 5.0728473e-01 5.1592183e-01 5.2292471e-01 5.2374952e-01 5.2653114e-01 5.3012980e-01 5.3366381e-01 5.7063489e-01 9.3575465e-01 1.5142251e+00 1.5804897e+00 1.5355096e+00
0.0000000e+00 0.0000000e+00 0.0000000e+00 0.0000000e+00 0.0000000e+00 0.0000000e+00 0.0000000e+00 0.0000000e+00 0.0000000e+00 0.0000000e+00 0.0000000e+00 0.0000000e+00 0.0000000e+00 0.0000000e+00 0.0000000e+00 0.0000000e+00 0.0000000e+00 0.0000000e+00 0.0000000e+00 0.0000000e+00 0.0000000e+00 0.0000000e+00 0.0000000e+00 1.1446130e-03 1.7324081e-03 2.6759395e-03 1.3777027e-03 2.5705877e-02 3.0963034e-01 4.5037498e-01 4.6963100e-01 4.6878087e-01 4.5900804e-01 4.5961543e-01 4.6384731e-01 4.6549278e-01 4.7405969e-01 4.8169278e-01 4.8902291e-01 4.9519839e-01 5.0267975e-01 5.0860947e-01 5.3095254e-01 6.0670735e-01 8.4540328e-01 1.2176060e+00 1.5822154e+00 1.6406375e+00 1.5667053e+00 1.2484541e+00
0.0000000e+00 0.0000000e+00 0.0000000e+00 0.0000000e+00 0.0000000e+00 0.0000000e+00 0.0000000e+00 0.0000000e+00 0.0000000e+00 0.0000000e+00 0.0000000e+00 0.0000000e+00 0.0000000e+00 0.0000000e+00 0.0000000e+00 0.0000000e+00 0.0000000e+00 0.0000000e+00 0.0000000e+00 0.0000000e+00 0.0000000e+00 0.0000000e+00 0.0000000e+00 1.7704186e-03 2.9016850e-03 3.0011079e-03 3.2646605e-03 2.5901099e-01 4.1275861e-01 4.2955027e-01 4.3049904e-01 4.3283240e-01 4.3262518e-01 4.3576738e-01 4.4136746e-01 4.4682266e-01 4.5292401e-01 4.6072595e-01 4.6946298e-01 4.8092708e-01 7.6302880e-01 1.1277367e+00 1.2141124e+00 1.4469812e+00 1.5427814e+00 1.4861494e+00 1.2955755e+00 1.0644519e+00 7.4524166e-01 5.9136925e-01
0.0000000e+00 0.0000000e+00 0.0000000e+00 0.0000000e+00 0.0000000e+00 0.0000000e+00 0.0000000e+00 0.0000000e+00 0.0000000e+00 0.0000000e+00 0.0000000e+00 0.0000000e+00 0.0000000e+00 0.0000000e+00 0.0000000e+00 0.0000000e+00 0.0000000e+00 0.0000000e+00 0.0000000e+00 0.0000000e+00 0.0000000e+00 0.0000000e+00 9.9992808e-04 1.0585525e-03 9.8062097e-04 4.7647773e-02 2.2354074e-01 3.6661530e-01 3.8895134e-01 3.9193692e-01 3.9464171e-01 3.9619577e-01 3.9923865e-01 4.0321386e-01 4.1212383e-01 4.2359237e-01 4.2934047e-01 4.4096375e-01 4.5455459e-01 4.7004168e-01 7.7140305e-01 1.2862698e+00 1.3005730e+00 1.0712819e+00 8.1236659e-01 6.3137633e-01 5.5666749e-01 5.3514443e-01 5.3604634e-01 5.4413613e-01
0.0000000e+00 0.0000000e+00 0.0000000e+00 0.0000000e+00 0.0000000e+00 0.0000000e+00 0.0000000e+00 0.0000000e+00 0.0000000e+00 0.0000000e+00 0.0000000e+00 0.0000000e+00 0.0000000e+00 0.0000000e+00 0.0000000e+00 0.0000000e+00 0.0000000e+00 0.0000000e+00 0.0000000e+00 0.0000000e+00 0.0000000e+00 0.0000000e+00 9.6238159e-04 3.4736936e-02 3.1282818e-01 3.5009152e-01 3.6308226e-01 3.6117509e-01 3.6026961e-01 3.5647674e-01 3.5033753e-01 3.4672836e-01 3.5768674e-01 3.6144695e-01 3.6814284e-01 3.8131382e-01 3.9668283e-01 4.1321488e-01 4.2929143e-01 4.2407667e-01 4.1143743e-01 4.8918624e-01 5.1617242e-01 4.8795701e-01 4.8899677e-01 4.9901163e-01 5.0756133e-01 5.1571152e-01 5.2469896e-01 5.3804517e-01
0.0000000e+00 0.0000000e+00 0.0000000e+00 0.0000000e+00 0.0000000e+00 0.0000000e+00 0.0000000e+00 0.0000000e+00 0.0000000e+00 0.0000000e+00 0.0000000e+00 0.0000000e+00 0.0000000e+00 0.0000000e+00 0.0000000e+00 0.0000000e+00 0.0000000e+00 0.0000000e+00 0.0000000e+00 0.0000000e+00 0.0000000e+00 9.9815530e-04 9.7585878e-04 1.9280290e-01 3.5865780e-01 3.5237209e-01 3.4451115e-01 3.2800177e-01 3.0897305e-01 2.9458763e-01 3.1609271e-01 3.8022907e-01 4.6724950e-01 5.1321202e-01 4.3631535e-01 4.0322919e-01 4.1550731e-01 3.7411380e-01 2.8194545e-01 2.6353222e-01 3.0381628e-01 3.6743886e-01 4.3516927e-01 4.5080925e-01 4.6285017e-01 4.7894464e-01 4.9202131e-01 5.0482005e-01 5.1665025e-01 5.3033255e-01
0.0000000e+00 0.0000000e+00 0.0000000e+00 0.0000000e+00 0.0000000e+00 0.0000000e+00 0.0000000e+00 0.0000000e+00 0.0000000e+00 0.0000000e+00 0.0000000e+00 0.0000000e+00 0.0000000e+00 0.0000000e+00 0.0000000e+00 0.0000000e+00 0.0000000e+00 0.0000000e+00 0.0000000e+00 0.0000000e+00 0.0000000e+00 9.9759311e-04 8.5044868e-03 8.7327850e-02 3.2575999e-01 3.1613609e-01 2.8509978e-01 2.6357547e-01 2.8480127e-01 3.6052794e-01 4.7535986e-01 5.9490371e-01 6.7516222e-01 7.3828690e-01 6.0354850e-01 4.6838595e-01 4.0667768e-01 3.1024742e-01 2.0593432e-01 3.5849455e-01 5.0079736e-01 5.6126152e-01 5.0501758e-01 4.5933676e-01 4.5029166e-01 4.6141063e-01 4.7822410e-01 4.9341363e-01 5.0716797e-01 5.2741248e-01
0.0000000e+00 0.0000000e+00 0.0000000e+00 0.0000000e+00 0.0000000e+00 0.0000000e+00 0.0000000e+00 0.0000000e+00 0.0000000e+00 0.0000000e+00 0.0000000e+00 0.0000000e+00 0.0000000e+00 0.0000000e+00 0.0000000e+00 0.0000000e+00 0.0000000e+00 0.0000000e+00 0.0000000e+00 0.0000000e+00 9.9865818e-04 9.3929996e-03 8.5725376e-03 2.0135609e-02 1.6502955e-01 2.3882979e-01 2.9509004e-01 4.0330159e-01 5.8541011e-01 6.7371823e-01 7.1401381e-01 8.2094807e-01 8.9711354e-01 9.3252031e-01 8.0426101e-01 7.6791484e-01 6.3830130e-01 5.1679861e-01 7.4020870e-01 1.1697822e+00 1.4503850e+00 1.4253116e+00 1.2711158e+00 1.0016078e+00 7.2051423e-01 5.4119583e-01 5.0377230e-01 4.9969197e-01 5.0761359e-01 5.1927362e-01
0.0000000e+00 0.0000000e+00 0.0000000e+00 0.0000000e+00 0.0000000e+00 0.0000000e+00 0.0000000e+00 0.0000000e+00 0.0000000e+00 0.0000000e+00 0.0000000e+00 0.0000000e+00 0.0000000e+00 0.0000000e+00 0.0000000e+00 0.0000000e+00 0.0000000e+00 0.0000000e+00 0.0000000e+00 0.0000000e+00 9.9852659e-04 1.7706756e-03 3.7562918e-03 4.3423641e-03 4.6518475e-02 2.3330153e-01 4.6711568e-01 6.8101502e-01 9.4955201e-01 1.1031868e+00 1.1551111e+00 1.0638426e+00 1.0780029e+00 1.1409969e+00 1.1007702e+00 1.0944093e+00 9.9127421e-01 1.0678647e+00 1.4574061e+00 1.6133131e+00 1.4433600e+00 1.4818094e+00 1.6433483e+00 1.7156638e+00 1.5348115e+00 1.2885384e+00 1.0957287e+00 9.4416390e-01 8.6919465e-01 8.5328804e-01
0.0000000e+00 0.0000000e+00 0.0000000e+00 0.0000000e+00 0.0000000e+00 0.0000000e+00 0.0000000e+00 0.0000000e+00 0.0000000e+00 0.0000000e+00 0.0000000e+00 0.0000000e+00 0.0000000e+00 0.0000000e+00 0.0000000e+00 0.0000000e+00 0.0000000e+00 0.0000000e+00 0.0000000e+00 9.9885409e-04 9.9934248e-04 4.6326347e-03 7.7474234e-03 7.4599768e-03 6.4396712e-02 4.0458211e-01 6.8087672e-01 9.9794408e-01 1.3598526e+00 1.4983692e+00 1.5671658e+00 1.6602776e+00 1.5534392e+00 1.5202613e+00 1.5114502e+00 1.3937603e+00 1.3081565e+00 1.5117188e+00 1.5311164e+00 1.0897923e+00 6.5928144e-01 6.3133592e-01 8.6416943e-01 1.2439542e+00 1.5610254e+00 1.7049671e+00 1.7607889e+00 1.7447448e+00 1.7277033e+00 1.7116664e+00
0.0000000e+00 0.0000000e+00 0.0000000e+00 0.0000000e+00 0.0000000e+00 0.0000000e+00 0.0000000e+00 0.0000000e+00 0.0000000e+00 0.0000000e+00 0.0000000e+00 0.0000000e+00 0.0000000e+00 0.0000000e+00 0.0000000e+00 0.0000000e+00 0.0000000e+00 0.0000000e+00 0.0000000e+00 9.9859336e-04 9.9945290e-04 6.3932986e-03 9.4790902e-03 6.7142654e-03 1.0578698e-01 4.5661406e-01 7.7262359e-01 1.1540793e+00 1.5210514e+00 1.7158913e+00 1.9191408e+00 2.0610294e+00 2.1523894e+00 2.0200540e+00 1.8508762e+00 1.8686126e+00 1.5330296e+00 1.5902423e+00 1.1357575e+00 5.8160150e-01 4.2726114e-01 4.4414200e-01 4.5792048e-01 5.5917597e-01 6.9954765e-01 8.9512665e-01 1.1066332e+00 1.2699299e+00 1.3630522e+00 1.4087618e+00
0.0000000e+00 0.0000000e+00 0.0000000e+00 0.0000000e+00 0.0000000e+00 0.0000000e+00 0.0000000e+00 0.0000000e+00 0.0000000e+00 0.0000000e+00 0.0000000e+00 0.0000000e+00 0.0000000e+00 0.0000000e+00 0.0000000e+00 0.0000000e+00 0.0000000e+00 0.0000000e+00 9.9989469e-04 9.9920650e-04 9.9818987e-04 6.6183292e-03 8.8606147e-03 1.2541798e-03 3.0389373e-01 6.7493198e-01 1.0346197e+00 1.5042588e+00 1.9874174e+00 2.1411108e+00 2.1925416e+00 2.2065074e+00 2.2124766e+00 2.2173380e+00 2.2083585e+00 1.9125036e+00 1.5939044e+00 1.5960617e+00 1.1330177e+00 5.3511525e-01 4.7354006e-01 4.9528336e-01 4.9037484e-01 5.0116189e-01 5.1055666e-01 5.3040769e-01 5.8144985e-01 6.1261721e-01 7.1194411e-01 7.7636432e-01
0.0000000e+00 0.0000000e+00 0.0000000e+00 0.0000000e+00 0.0000000e+00 0.0000000e+00 0.0000000e+00 0.0000000e+00 0.0000000e+00 0.0000000e+00 0.0000000e+00 0.0000000e+00 0.0000000e+00 0.0000000e+00 0.0000000e+00 0.0000000e+00 0.0000000e+00 9.9888492e-04 9.9880953e-04 9.9890817e-04 2.4447415e-03 5.8368873e-03 3.8699826e-03 1.4521912e-01 5.8307456e-01 9.9304908e-01 1.4803825e+00 1.9775118e+00 2.1789478e+00 2.1905255e+00 2.1947063e+00 2.2011949e+00 2.2047929e+00 2.2083867e+00 2.1707429e+00 1.8281768e+00 1.6880307e+00 1.5322809e+00 1.0704293e+00 5.5348618e-01 4.7163046e-01 5.1127316e-01 4.9282417e-01 4.9894694e-01 4.9785829e-01 5.3195594e-01 5.6721575e-01 6.2134797e-01 6.4303350e-01 6.6820630e-01
0.0000000e+00 0.0000000e+00 0.0000000e+00 0.0000000e+00 0.0000000e+00 0.0000000e+00 0.0000000e+00 0.0000000e+00 0.0000000e+00 0.0000000e+00 0.0000000e+00 0.0000000e+00 0.0000000e+00 0.0000000e+00 0.0000000e+00 0.0000000e+00 9.9912844e-04 9.9943958e-04 9.9980414e-04 9.9937883e-04 1.1544510e-03 3.8337291e-03 9.4242698e-04 3.3777903e-01 8.4473667e-01 1.4545667e+00 1.9653259e+00 2.1743335e+00 2.1832980e+00 2.1837204e+00 2.1870549e+00 2.1911436e+00 2.1943041e+00 2.1963019e+00 2.1838622e+00 2.0598556e+00 1.8786964e+00 1.4826489e+00 9.2976857e-01 5.6115000e-01 4.4896734e-01 4.3628019e-01 4.2694754e-01 4.1689814e-01 4.3148732e-01 4.6907399e-01 4.7999576e-01 5.1174225e-01 5.4108819e-01 5.8224472e-01
0.0000000e+00 0.0000000e+00 0.0000000e+00 0.0000000e+00 0.0000000e+00 0.0000000e+00 0.0000000e+00 0.0000000e+00 0.0000000e+00 0.0000000e+00 0.0000000e+00 0.0000000e+00 0.0000000e+00 0.0000000e+00 0.0000000e+00 9.9850691e-04 9.9896472e-04 9.9431123e-04 9.9595679e-04 1.1212765e-02 2.5624724e-02 1.6287809e-02 8.6346149e-02 5.7546496e-01 9.8378999e-01 1.7030623e+00 2.1740495e+00 2.1770221e+00 2.1750861e+00 2.1747384e+00 2.1755984e+00 2.1848039e+00 2.1793691e+00 2.1619175e+00 2.1869090e+00 2.1465643e+00 1.7852464e+00 1.2336363e+00 8.1009543e-01 4.8716616e-01 3.7015585e-01 3.5374760e-01 3.5449079e-01 3.8870956e-01 4.2017438e-01 4.4356965e-01 4.6546768e-01 4.8527625e-01 5.0321725e-01 5.2303405e-01
0.0000000e+00 0.0000000e+00 0.0000000e+00 0.0000000e+00 0.0000000e+00 0.0000000e+00 0.0000000e+00 0.0000000e+00 0.0000000e+00 0.0000000e+00 0.0000000e+00 0.0000000e+00 0.0000000e+00 0.0000000e+00 0.0000000e+00 9.9927604e-04 9.9709243e-04 2.8075273e-02 2.9497627e-02 2.9264229e-02 2.2499855e-02 1.1308033e-02 1.9192346e-01 8.0861754e-01 1.2110538e+00 1.6099144e+00 1.9149160e+00 2.1077543e+00 2.1583677e+00 2.1310618e+00 2.1336692e+00 1.9782419e+00 1.7596562e+00 2.8671458e+00 2.2986645e+00 1.9826366e+00 1.5315017e+00 1.0913891e+00 7.1019734e-01 3.6262314e-01 2.7966174e-01 2.9487351e-01 3.3634831e-01 3.7178213e-01 4.0463626e-01 4.2778331e-01 4.5105916e-01 4.7275322e-01 4.9273413e-01 5.1030615e-01
0.0000000e+00 0.0000000e+00 0.0000000e+00 0.0000000e+00 0.0000000e+00 0.0000000e+00 0.0000000e+00 0.0000000e+00 0.0000000e+00 0.0000000e+00 0.0000000e+00 0.0000000e+00 0.0000000e+00 0.0000000e+00 0.0000000e+00 9.9852299e-04 5.1943001e-03 1.9423684e-02 2.7834822e-02 3.2112157e-02 2.6660624e-02 8.4966347e-03 2.9539062e-01 9.0972786e-01 1.1764135e+00 1.2503140e+00 1.2271451e+00 1.5040589e+00 1.5507516e+00 1.2821676e+00 1.2411360e+00 1.5043684e+00 3.6599784e+00 4.0131711e+00 1.5497491e+00 1.6609782e+00 1.3446496e+00 9.7977795e-01 5.8549459e-01 2.4808965e-01 1.7713132e-01 2.4159984e-01 2.9299992e-01 3.3080075e-01 3.6578721e-01 3.9332418e-01 4.2177972e-01 4.4836395e-01 4.7304857e-01 4.9476496e-01
