ahotovec/data/depth_0058.asc
ncols     164
nrows     146
xllcorner -1.242151388888889e+02
yllcorner  4.172986111111111e+01
cellsize  2.777777777820000e-04
nodata_value       -9999
[rows 44 to 65 of 146, columns 50 to 99 of 164]
0.0000000e+00 0.0000000e+00 0.0000000e+00 0.0000000e+00 0.0000000e+00 0.0000000e+00 0.0000000e+00 0.0000000e+00 0.0000000e+00 0.0000000e+00 0.0000000e+00 0.0000000e+00 0.0000000e+00 0.0000000e+00 0.0000000e+00 0.0000000e+00 9.5839242e-04 4.0922894e-01 4.5765961e-01 4.5486804e-01 4.5558220e-01 4.5615698e-01 4.5548656e-01 4.5657635e-01 4.5673450e-01 4.5687935e-01 4.6055638e-01 4.5735947e-01 4.5676280e-01 4.5653612e-01 4.5640478e-01 4.4784336e-01 3.6137805e-01 2.7304806e-01 2.6552891e-01 2.5090885e-01 2.7214496e-01 2.7548075e-01 3.3661220e-01 5.5313525e-01 7.1018683e-01 7.2630407e-01 7.2651316e-01 7.2445436e-01 7.2742990e-01 7.2392280e-01 7.1056815e-01 5.3415843e-01 4.2257239e-01 4.2573858e-01
0.0000000e+00 0.0000000e+00 0.0000000e+00 0.0000000e+00 0.0000000e+00 0.0000000e+00 0.0000000e+00 0.0000000e+00 0.0000000e+00 0.0000000e+00 0.0000000e+00 0.0000000e+00 0.0000000e+00 0.0000000e+00 0.0000000e+00 0.0000000e+00 0.0000000e+00 9.0775849e-04 4.0263915e-01 4.5466031e-01 4.5621749e-01 4.5669651e-01 4.5390137e-01 4.5757582e-01 4.5777395e-01 4.5788487e-01 4.5795533e-01 4.5761914e-01 4.5703764e-01 4.5698644e-01 4.4563911e-01 3.6040557e-01 2.2905609e-01 1.6552631e-01 1.4624434e-01 1.3836751e-01 1.3513637e-01 1.3428654e-01 2.4561951e-01 6.6624149e-01 7.1601378e-01 7.1462559e-01 7.1548048e-01 7.1616461e-01 7.0888965e-01 6.3430987e-01 5.1453026e-01 4.2015905e-01 4.1374743e-01 4.1591006e-01
0.0000000e+00 0.0000000e+00 0.0000000e+00 0.0000000e+00 0.0000000e+00 0.0000000e+00 0.0000000e+00 0.0000000e+00 0.0000000e+00 0.0000000e+00 0.0000000e+00 0.0000000e+00 0.0000000e+00 0.0000000e+00 0.0000000e+00 0.0000000e+00 0.0000000e+00 0.0000000e+00 0.0000000e+00 9.2807661e-04 3.4677975e-01 4.5238999e-01 4.5396799e-01 4.5730626e-01 4.5775178e-01 4.5799832e-01 4.5513516e-01 4.5773213e-01 4.5060574e-01 4.3330365e-01 3.7438024e-01 2.3093313e-01 1.4021948e-01 1.0567558e-01 8.4677894e-02 7.5689783e-02 1.0799760e-01 2.4352447e-01 5.0872777e-01 6.8585118e-01 7.1161441e-01 7.1165291e-01 7.1192243e-01 7.1013346e-01 6.9921923e-01 6.0450634e-01 4.2143609e-01 4.0877322e-01 4.0891572e-01 4.1388802e-01
0.0000000e+00 0.0000000e+00 0.0000000e+00 0.0000000e+00 0.0000000e+00 0.0000000e+00 0.0000000e+00 0.0000000e+00 0.0000000e+00 0.0000000e+00 0.0000000e+00 0.0000000e+00 0.0000000e+00 0.0000000e+00 0.0000000e+00 0.0000000e+00 0.0000000e+00 0.0000000e+00 0.0000000e+00 0.0000000e+00 0.0000000e+00 9.4430078e-04 3.9437370e-01 4.5325587e-01 4.5707465e-01 4.5632249e-01 4.3325412e-01 4.0165224e-01 3.5499849e-01 2.9044425e-01 2.0222641e-01 1.4122429e-01 1.0842174e-01 1.0272632e-01 1.1915643e-01 1.6874055e-01 2.3804183e-01 4.3085278e-01 5.3677929e-01 6.6620483e-01 6.6755312e-01 6.0793972e-01 5.7539908e-01 5.0363697e-01 4.8972751e-01 4.2948236e-01 4.0355891e-01 3.9985355e-01 4.0203041e-01 4.3744160e-01
0.0000000e+00 0.0000000e+00 0.0000000e+00 0.0000000e+00 0.0000000e+00 0.0000000e+00 0.0000000e+00 0.0000000e+00 0.0000000e+00 0.0000000e+00 0.0000000e+00 0.0000000e+00 0.0000000e+00 0.0000000e+00 0.0000000e+00 0.0000000e+00 0.0000000e+00 0.0000000e+00 0.0000000e+00 0.0000000e+00 0.0000000e+00 0.0000000e+00 9.1553751e-04 9.9419289e-02 2.5726164e-01 2.6019801e-01 1.8345176e-01 1.0637864e-01 1.0164083e-01 1.0092659e-01 1.1639044e-01 1.6483630e-01 1.4919102e-01 1.2998599e-01 1.9589482e-01 2.7419509e-01 3.1874486e-01 3.4679472e-01 3.6276171e-01 4.1072841e-01 4.3114034e-01 4.0433586e-01 4.0135849e-01 3.9919675e-01 3.9708805e-01 3.9731134e-01 4.0129440e-01 5.5925930e-01 5.8523091e-01 6.0967807e-01
0.0000000e+00 0.0000000e+00 0.0000000e+00 0.0000000e+00 0.0000000e+00 0.0000000e+00 0.0000000e+00 0.0000000e+00 0.0000000e+00 0.0000000e+00 0.0000000e+00 0.0000000e+00 0.0000000e+00 0.0000000e+00 0.0000000e+00 0.0000000e+00 0.0000000e+00 0.0000000e+00 0.0000000e+00 0.0000000e+00 0.0000000e+00 0.0000000e+00 0.0000000e+00 9.8176731e-04 9.5605498e-04 9.9673127e-04 9.8749795e-04 9.7852503e-04 1.4665204e-02 9.5010112e-02 2.5410081e-01 2.9430561e-01 2.9569644e-01 2.8170645e-01 3.0254489e-01 3.2971379e-01 3.5560099e-01 3.6973343e-01 3.7735156e-01 3.8319753e-01 3.8865132e-01 3.8535860e-01 3.8597392e-01 3.8619910e-01 3.8624671e-01 4.2331401e-01 7.8494680e-01 1.3595372e+00 1.4192602e+00 1.3669473e+00
0.0000000e+00 0.0000000e+00 0.0000000e+00 0.0000000e+00 0.0000000e+00 0.0000000e+00 0.0000000e+00 0.0000000e+00 0.0000000e+00 0.0000000e+00 0.0000000e+00 0.0000000e+00 0.0000000e+00 0.0000000e+00 0.0000000e+00 0.0000000e+00 0.0000000e+00 0.0000000e+00 0.0000000e+00 0.0000000e+00 0.0000000e+00 0.0000000e+00 0.0000000e+00 9.9813269e-04 9.9940863e-04 9.9722933e-04 9.9851795e-04 9.9876579e-04 1.1059963e-01 2.6886286e-01 3.0174065e-01 3.1713293e-01 3.2128186e-01 3.2762591e-01 3.3547242e-01 3.4201750e-01 3.5261088e-01 3.6113534e-01 3.6824864e-01 3.7486748e-01 3.8060659e-01 3.8030539e-01 4.0114710e-01 4.7547981e-01 7.1125135e-01 1.0781807e+00 1.4369468e+00 1.4894829e+00 1.4086151e+00 1.0816000e+00
0.0000000e+00 0.0000000e+00 0.0000000e+00 0.0000000e+00 0.0000000e+00 0.0000000e+00 0.0000000e+00 0.0000000e+00 0.0000000e+00 0.0000000e+00 0.0000000e+00 0.0000000e+00 0.0000000e+00 0.0000000e+00 0.0000000e+00 0.0000000e+00 0.0000000e+00 0.0000000e+00 0.0000000e+00 0.0000000e+00 0.0000000e+00 0.0000000e+00 0.0000000e+00 9.9907451e-04 9.9914059e-04 9.9758148e-04 9.9728382e-04 1.1519467e-01 2.5366863e-01 2.7193307e-01 2.8229293e-01 2.9336216e-01 2.9934316e-01 3.0841561e-01 3.1855479e-01 3.2984757e-01 3.3995193e-01 3.5117272e-01 3.6293370e-01 3.7740001e-01 6.5937291e-01 1.0201749e+00 1.1010663e+00 1.3267528e+00 1.4162115e+00 1.3522866e+00 1.1532757e+00 9.1441399e-01 5.8738099e-01 4.2542128e-01
0.0000000e+00 0.0000000e+00 0.0000000e+00 0.0000000e+00 0.0000000e+00 0.0000000e+00 0.0000000e+00 0.0000000e+00 0.0000000e+00 0.0000000e+00 0.0000000e+00 0.0000000e+00 0.0000000e+00 0.0000000e+00 0.0000000e+00 0.0000000e+00 0.0000000e+00 0.0000000e+00 0.0000000e+00 0.0000000e+00 0.0000000e+00 0.0000000e+00 9.9992808e-04 9.9889118e-04 9.9536598e-04 9.8717900e-04 6.5946306e-02 2.0992745e-01 2.3595632e-01 2.4393748e-01 2.5076220e-01 2.5656084e-01 2.6289246e-01 2.7284839e-01 2.8647058e-01 3.0576391e-01 3.1627098e-01 3.3143054e-01 3.4602812e-01 3.6180840e-01 6.6749853e-01 1.1802391e+00 1.1888046e+00 9.5247012e-01 6.8522711e-01 4.9526233e-01 4.1404494e-01 3.8704015e-01 3.8394562e-01 3.8387882e-01
0.0000000e+00 0.0000000e+00 0.0000000e+00 0.0000000e+00 0.0000000e+00 0.0000000e+00 0.0000000e+00 0.0000000e+00 0.0000000e+00 0.0000000e+00 0.0000000e+00 0.0000000e+00 0.0000000e+00 0.0000000e+00 0.0000000e+00 0.0000000e+00 0.0000000e+00 0.0000000e+00 0.0000000e+00 0.0000000e+00 0.0000000e+00 0.0000000e+00 9.7460419e-04 9.8914282e-04 1.2759087e-01 1.6498054e-01 1.8191563e-01 1.9144105e-01 1.9926991e-01 2.0187395e-01 1.9633221e-01 1.9194514e-01 1.9528345e-01 2.0469778e-01 2.2072890e-01 2.4771683e-01 2.7094400e-01 2.9464255e-01 3.1582904e-01 3.1227933e-01 3.0170734e-01 3.7795763e-01 3.9868761e-01 3.6611452e-01 3.6203911e-01 3.6467193e-01 3.6465279e-01 3.6673563e-01 3.6695815e-01 3.7120017e-01
0.0000000e+00 0.0000000e+00 0.0000000e+00 0.0000000e+00 0.0000000e+00 0.0000000e+00 0.0000000e+00 0.0000000e+00 0.0000000e+00 0.0000000e+00 0.0000000e+00 0.0000000e+00 0.0000000e+00 0.0000000e+00 0.0000000e+00 0.0000000e+00 0.0000000e+00 0.0000000e+00 0.0000000e+00 0.0000000e+00 0.0000000e+00 9.9815530e-04 9.8934042e-04 9.8844901e-04 1.5313838e-01 1.5405730e-01 1.5959637e-01 1.5246299e-01 1.4210344e-01 1.3231548e-01 1.3575137e-01 1.6233564e-01 2.1398338e-01 2.5486678e-01 2.1126178e-01 2.2301715e-01 2.5727506e-01 2.3104550e-01 1.5556207e-01 1.5750595e-01 1.7498109e-01 2.1056984e-01 2.8284585e-01 3.0190413e-01 3.1370042e-01 3.2634667e-01 3.3488538e-01 3.4204481e-01 3.4660148e-01 3.5204442e-01
0.0000000e+00 0.0000000e+00 0.0000000e+00 0.0000000e+00 0.0000000e+00 0.0000000e+00 0.0000000e+00 0.0000000e+00 0.0000000e+00 0.0000000e+00 0.0000000e+00 0.0000000e+00 0.0000000e+00 0.0000000e+00 0.0000000e+00 0.0000000e+00 0.0000000e+00 0.0000000e+00 0.0000000e+00 0.0000000e+00 0.0000000e+00 9.6879547e-04 1.2043661e-03 1.0022026e-03 1.1974588e-01 1.2963300e-01 1.0980544e-01 1.0076054e-01 1.0484958e-01 1.1252298e-01 1.3258464e-01 1.8792283e-01 2.4469231e-01 3.0472238e-01 2.0272112e-01 1.6170147e-01 1.7622273e-01 1.1472882e-01 3.6010423e-02 1.0736453e-01 2.2557972e-01 3.2520875e-01 3.0470539e-01 2.6673296e-01 2.6752195e-01 2.8306015e-01 2.9997190e-01 3.1353034e-01 3.2187882e-01 3.3517651e-01
0.0000000e+00 0.0000000e+00 0.0000000e+00 0.0000000e+00 0.0000000e+00 0.0000000e+00 0.0000000e+00 0.0000000e+00 0.0000000e+00 0.0000000e+00 0.0000000e+00 0.0000000e+00 0.0000000e+00 0.0000000e+00 0.0000000e+00 0.0000000e+00 0.0000000e+00 0.0000000e+00 0.0000000e+00 0.0000000e+00 9.9865818e-04 9.9942404e-04 9.9949211e-04 9.9969660e-04 2.4393983e-02 6.1698281e-02 9.3628567e-02 9.9160556e-02 8.4249365e-02 7.4893811e-02 8.0283488e-02 2.0929745e-01 2.9926297e-01 3.3356052e-01 1.9868749e-01 1.8507236e-01 1.5356883e-01 1.8924033e-01 4.1043393e-01 9.0341094e-01 1.2059391e+00 1.1944641e+00 1.0451962e+00 7.7592977e-01 5.0043101e-01 3.3306374e-01 3.0249167e-01 3.0050139e-01 3.0377956e-01 3.1075153e-01
0.0000000e+00 0.0000000e+00 0.0000000e+00 0.0000000e+00 0.0000000e+00 0.0000000e+00 0.0000000e+00 0.0000000e+00 0.0000000e+00 0.0000000e+00 0.0000000e+00 0.0000000e+00 0.0000000e+00 0.0000000e+00 0.0000000e+00 0.0000000e+00 0.0000000e+00 0.0000000e+00 0.0000000e+00 0.0000000e+00 9.9852659e-04 9.9950535e-04 9.9954203e-04 9.9973185e-04 9.9713618e-04 3.2516480e-02 5.9275901e-02 4.7278945e-02 1.3691932e-01 2.7605775e-01 3.1793107e-01 2.1645820e-01 2.3202064e-01 3.0570567e-01 2.7960767e-01 3.5629366e-01 3.7249616e-01 5.5018108e-01 1.0488268e+00 1.2583118e+00 1.1260573e+00 1.2184938e+00 1.4176905e+00 1.5002382e+00 1.3165056e+00 1.0661342e+00 8.7786902e-01 7.2432174e-01 6.5288735e-01 6.3689582e-01
0.0000000e+00 0.0000000e+00 0.0000000e+00 0.0000000e+00 0.0000000e+00 0.0000000e+00 0.0000000e+00 0.0000000e+00 0.0000000e+00 0.0000000e+00 0.0000000e+00 0.0000000e+00 0.0000000e+00 0.0000000e+00 0.0000000e+00 0.0000000e+00 0.0000000e+00 0.0000000e+00 0.0000000e+00 9.9885409e-04 9.9934248e-04 9.9974775e-04 9.9853546e-04 9.9942281e-04 1.1695048e-03 6.6638242e-03 1.4103538e-02 1.8754607e-01 5.6254517e-01 6.9471612e-01 7.5387551e-01 8.3509827e-01 7.2532447e-01 6.9473346e-01 6.7976524e-01 5.1826092e-01 5.3221448e-01 8.3264029e-01 9.1143685e-01 4.6643525e-01 3.4074832e-01 3.8754781e-01 6.6371241e-01 1.0584242e+00 1.3734453e+00 1.5093550e+00 1.5595041e+00 1.5365828e+00 1.5136959e+00 1.4929057e+00
0.0000000e+00 0.0000000e+00 0.0000000e+00 0.0000000e+00 0.0000000e+00 0.0000000e+00 0.0000000e+00 0.0000000e+00 0.0000000e+00 0.0000000e+00 0.0000000e+00 0.0000000e+00 0.0000000e+00 0.0000000e+00 0.0000000e+00 0.0000000e+00 0.0000000e+00 0.0000000e+00 0.0000000e+00 9.9859336e-04 9.9945290e-04 9.9860863e-04 9.9928979e-04 9.9865152e-04 1.0356832e-03 1.0083618e-03 9.5433203e-04 3.6217285e-01 7.2492131e-01 9.1259270e-01 1.1098445e+00 1.2501096e+00 1.3440794e+00 1.2087560e+00 1.0203508e+00 1.0229091e+00 6.3360312e-01 7.3381926e-01 3.1498697e-01 1.3398016e-01 1.4015239e-01 2.0540092e-01 2.5204415e-01 3.6785145e-01 5.1171551e-01 7.0643655e-01 9.1598052e-01 1.0730261e+00 1.1587217e+00 1.1979788e+00
0.0000000e+00 0.0000000e+00 0.0000000e+00 0.0000000e+00 0.0000000e+00 0.0000000e+00 0.0000000e+00 0.0000000e+00 0.0000000e+00 0.0000000e+00 0.0000000e+00 0.0000000e+00 0.0000000e+00 0.0000000e+00 0.0000000e+00 0.0000000e+00 0.0000000e+00 0.0000000e+00 9.9989469e-04 9.9920650e-04 9.9818987e-04 9.9843861e-04 9.9768852e-04 9.9674129e-04 9.9528374e-04 9.5549937e-04 2.5342980e-01 7.2166095e-01 1.1947342e+00 1.3431731e+00 1.3886131e+00 1.3965574e+00 1.3982060e+00 1.4030242e+00 1.3775153e+00 1.0578422e+00 6.9416201e-01 7.0660797e-01 1.4100162e-01 1.5196844e-01 2.0488760e-01 2.6284054e-01 2.7641335e-01 2.9511074e-01 3.0829126e-01 3.3088830e-01 3.7981104e-01 4.0975615e-01 5.0900071e-01 5.7006715e-01
0.0000000e+00 0.0000000e+00 0.0000000e+00 0.0000000e+00 0.0000000e+00 0.0000000e+00 0.0000000e+00 0.0000000e+00 0.0000000e+00 0.0000000e+00 0.0000000e+00 0.0000000e+00 0.0000000e+00 0.0000000e+00 0.0000000e+00 0.0000000e+00 0.0000000e+00 9.9888492e-04 9.9880953e-04 9.9890817e-04 9.9975127e-04 9.9894158e-04 9.9561481e-04 9.9827199e-04 9.7556618e-04 2.0648333e-01 6.9689767e-01 1.1913518e+00 1.3869942e+00 1.3965602e+00 1.3920249e+00 1.3919034e+00 1.3891473e+00 1.3834588e+00 1.3303228e+00 9.7361778e-01 8.2155826e-01 6.7233683e-01 1.5366618e-01 1.7623070e-01 2.1262423e-01 2.8291980e-01 2.7794842e-01 2.9269423e-01 2.9708617e-01 3.3506128e-01 3.6723681e-01 4.1824414e-01 4.3486558e-01 4.5532282e-01
0.0000000e+00 0.0000000e+00 0.0000000e+00 0.0000000e+00 0.0000000e+00 0.0000000e+00 0.0000000e+00 0.0000000e+00 0.0000000e+00 0.0000000e+00 0.0000000e+00 0.0000000e+00 0.0000000e+00 0.0000000e+00 0.0000000e+00 0.0000000e+00 9.9912844e-04 9.9943958e-04 9.9980414e-04 9.9630382e-04 9.9545722e-04 9.9939174e-04 9.9742650e-04 9.6569709e-04 6.7562220e-02 6.7627194e-01 1.1839530e+00 1.3913328e+00 1.3955048e+00 1.3956078e+00 1.3848457e+00 1.3840612e+00 1.3781095e+00 1.3614551e+00 1.3401948e+00 1.2079906e+00 1.0165203e+00 6.0254108e-01 1.0069870e-01 1.9838795e-01 1.8760744e-01 2.0729029e-01 2.1503168e-01 2.1384518e-01 2.3330836e-01 2.7102182e-01 2.7872596e-01 3.0795924e-01 3.3327067e-01 3.6994145e-01
0.0000000e+00 0.0000000e+00 0.0000000e+00 0.0000000e+00 0.0000000e+00 0.0000000e+00 0.0000000e+00 0.0000000e+00 0.0000000e+00 0.0000000e+00 0.0000000e+00 0.0000000e+00 0.0000000e+00 0.0000000e+00 0.0000000e+00 9.9850691e-04 9.9896472e-04 9.9431123e-04 9.9145505e-04 1.1672806e-03 2.8135968e-03 3.0424345e-03 2.3239498e-03 9.9208795e-04 2.1009781e-01 9.2760064e-01 1.3979803e+00 1.4012577e+00 1.3942112e+00 1.3951416e+00 1.3839940e+00 1.3820839e+00 1.3660888e+00 1.3179032e+00 1.3442293e+00 1.2966978e+00 9.3112731e-01 3.5550120e-01 6.4558424e-02 1.4014290e-01 1.2966082e-01 1.4172679e-01 1.5616637e-01 1.9604750e-01 2.2544036e-01 2.4541711e-01 2.6313018e-01 2.7921056e-01 2.9294996e-01 3.0827100e-01
0.0000000e+00 0.0000000e+00 0.0000000e+00 0.0000000e+00 0.0000000e+00 0.0000000e+00 0.0000000e+00 0.0000000e+00 0.0000000e+00 0.0000000e+00 0.0000000e+00 0.0000000e+00 0.0000000e+00 0.0000000e+00 0.0000000e+00 9.9927604e-04 9.9709243e-04 1.9036693e-03 3.6505431e-03 3.2296835e-03 3.0544376e-03 3.9358108e-03 2.1269235e-03 2.9983541e-02 4.4166566e-01 8.3715087e-01 1.1440853e+00 1.3382058e+00 1.3848248e+00 1.3580542e+00 1.3378459e+00 1.1519399e+00 8.8739873e-01 2.0289732e+00 1.4591236e+00 1.1376230e+00 6.9147332e-01 2.3126510e-01 2.4751670e-02 6.9300003e-02 7.6478813e-02 1.0590376e-01 1.5066567e-01 1.8346997e-01 2.1273996e-01 2.3140660e-01 2.5036908e-01 2.6755715e-01 2.8262635e-01 2.9520984e-01
0.0000000e+00 0.0000000e+00 0.0000000e+00 0.0000000e+00 0.0000000e+00 0.0000000e+00 0.0000000e+00 0.0000000e+00 0.0000000e+00 0.0000000e+00 0.0000000e+00 0.0000000e+00 0.0000000e+00 0.0000000e+00 0.0000000e+00 9.9852299e-04 9.9936672e-04 9.9730844e-04 1.4837441e-03 3.5316677e-03 2.8062231e-03 3.4081998e-03 1.0189785e-03 1.1733533e-01 4.2225261e-01 4.8937232e-01 4.7045537e-01 7.4941631e-01 7.9462384e-01 5.1579627e-01 4.2935311e-01 6.2018087e-01 2.8255234e+00 3.1776598e+00 7.0997063e-01 8.2798708e-01 5.2895677e-01 1.4476856e-01 3.3188209e-03 2.2118051e-02 3.7046433e-02 7.6162746e-02 1.2292514e-01 1.5542699e-01 1.8542974e-01 2.0667393e-01 2.2849471e-01 2.4892190e-01 2.6749952e-01 2.8305748e-01
