ahotovec/data/depth_0033.asc
ncols     164
nrows     146
xllcorner -1.242151388888889e+02
yllcorner  4.172986111111111e+01
cellsize  2.777777777820000e-04
nodata_value       -9999
[rows 110 to 131 of 146, columns 100 to 149 of 164]
6.3477571e+00 6.2471876e+00 6.1794325e+00 6.0382510e+00 5.7652676e+00 5.5150143e+00 1.4526389e+00 9.3705906e-02 9.9699203e-04 9.8991520e-04 9.8141325e-04 8.2336237e-04 9.2006414e-04 1.0122565e-03 1.9485133e-01 8.9110079e-01 1.1801257e+00 9.7615409e-01 1.1144623e+00 2.6413489e+00 3.5009115e+00 3.7270793e+00 3.9033688e+00 3.8115718e+00 3.3120451e+00 3.4646193e+00 3.4697248e+00 3.5831218e+00 3.6302664e+00 3.8508580e+00 3.7034069e+00 3.0851971e+00 3.4138500e+00 4.0466160e+00 4.5845187e+00 4.7633511e+00 4.7758855e+00 4.5052299e+00 4.4758290e+00 4.6005293e+00 4.7621842e+00 4.8268330e+00 4.9024629e+00 5.0929918e+00 5.1697173e+00 5.2301929e+00 5.2634090e+00 5.1364002e+00 5.0362517e+00 4.8643384e+00
6.1656777e+00 6.0964463e+00 5.9200599e+00 5.6657106e+00 5.2096280e+00 4.7229534e+00 3.3765056e+00 1.2903351e+00 5.0221356e-01 3.3741697e-01 4.0910074e-03 4.8346817e-03 1.7704619e-01 5.2768265e-01 7.0441834e-01 1.0038144e+00 1.5493223e+00 1.6266557e+00 1.5460411e+00 2.7655401e+00 3.5410952e+00 3.6997378e+00 3.9053165e+00 3.9157760e+00 3.3407901e+00 3.1094583e+00 3.0586818e+00 3.5045326e+00 3.7108251e+00 3.9898023e+00 4.0888851e+00 3.9391228e+00 3.9325006e+00 4.1978382e+00 4.8876572e+00 5.1839992e+00 5.0922859e+00 4.8745766e+00 4.6784379e+00 4.7375998e+00 4.9415970e+00 5.0004901e+00 4.9449502e+00 5.0270112e+00 5.1217350e+00 5.2082842e+00 5.3615734e+00 5.2989363e+00 5.1268638e+00 5.0152419e+00
5.9548891e+00 5.8891451e+00 5.7365822e+00 5.4102824e+00 4.9633990e+00 4.3182532e+00 4.0499928e+00 4.3340299e+00 4.7499812e+00 3.6993406e+00 2.1655292e+00 2.2566197e+00 2.7625666e+00 2.4429407e+00 1.4767692e+00 1.4265919e+00 2.0372718e+00 2.2614957e+00 2.5288788e+00 3.3597759e+00 3.7372222e+00 3.5642493e+00 3.6645474e+00 3.7003202e+00 3.4741039e+00 3.4050962e+00 2.9057599e+00 3.5924251e+00 3.9850494e+00 4.3660620e+00 4.7422210e+00 4.8964043e+00 4.5819503e+00 4.2880553e+00 4.8153497e+00 5.2701897e+00 5.2942468e+00 5.0803574e+00 4.8101365e+00 4.7841699e+00 5.0463598e+00 5.0285781e+00 4.9972572e+00 4.9986572e+00 5.0427573e+00 5.0965945e+00 5.2556740e+00 5.3025160e+00 5.2263599e+00 5.1961850e+00
5.8154497e+00 5.7293938e+00 5.5552991e+00 5.2672857e+00 4.9368753e+00 4.6500065e+00 4.5927691e+00 4.9212609e+00 4.7390515e+00 4.2358193e+00 4.6289583e+00 4.4241007e+00 4.2416837e+00 3.7309882e+00 2.8666472e+00 2.7470734e+00 3.0272246e+00 3.3967958e+00 3.8781414e+00 4.3238911e+00 4.2863856e+00 3.9350919e+00 3.7256014e+00 3.7675479e+00 3.8759331e+00 4.2634476e+00 3.8457765e+00 4.1410231e+00 4.4045712e+00 4.7201696e+00 5.1809274e+00 5.7243116e+00 5.1674362e+00 4.8291377e+00 5.1718446e+00 5.5505407e+00 5.6210486e+00 5.3485248e+00 5.0768885e+00 4.9852435e+00 5.0690397e+00 5.0392069e+00 5.0077405e+00 4.9924852e+00 5.0464035e+00 5.1351799e+00 5.2720500e+00 5.3294388e+00 5.3117406e+00 5.3109585e+00
5.7623816e+00 5.6841058e+00 5.5226503e+00 5.3693114e+00 5.2609506e+00 5.1784211e+00 5.1973084e+00 5.1453190e+00 4.8629081e+00 4.8433404e+00 5.4404531e+00 5.1637744e+00 5.2108514e+00 5.0650186e+00 4.6749286e+00 4.4542672e+00 4.5663618e+00 4.6565497e+00 5.0147512e+00 5.2268055e+00 5.1062063e+00 4.5766631e+00 4.1107838e+00 4.1553451e+00 4.4599583e+00 4.7120655e+00 4.6774256e+00 4.7981229e+00 4.9411355e+00 4.9694922e+00 4.9993077e+00 5.4128552e+00 5.2918086e+00 5.2607132e+00 5.5901539e+00 6.0177270e+00 6.2283230e+00 5.7590034e+00 5.2717718e+00 5.1853143e+00 5.1533596e+00 5.0638922e+00 5.0770636e+00 5.0572743e+00 5.1127317e+00 5.2399561e+00 5.3508060e+00 5.4260482e+00 5.3857993e+00 5.3123411e+00
5.8309308e+00 5.7515839e+00 5.6104534e+00 5.4997361e+00 5.4860070e+00 5.4541650e+00 5.5006927e+00 5.4250909e+00 5.2379342e+00 5.2680846e+00 5.2977036e+00 5.6540436e+00 6.4306388e+00 6.4040914e+00 6.2140330e+00 6.0576636e+00 5.7552168e+00 5.7591172e+00 6.1840669e+00 6.3076122e+00 6.0714347e+00 5.4544516e+00 4.9434918e+00 4.8606681e+00 5.0870705e+00 5.2894116e+00 5.3339446e+00 5.4692736e+00 5.5413347e+00 5.3332333e+00 5.1724593e+00 5.3097209e+00 5.3664017e+00 5.5039064e+00 5.8382215e+00 6.3637768e+00 6.7084703e+00 6.1721624e+00 5.5822760e+00 5.5025164e+00 5.4234321e+00 5.2689016e+00 5.2377116e+00 5.1914348e+00 5.2542850e+00 5.4003571e+00 5.4799675e+00 5.5527011e+00 5.4741114e+00 5.3445122e+00
5.8240637e+00 5.6239001e+00 5.5754008e+00 5.6896725e+00 5.7534636e+00 5.8953582e+00 5.7979121e+00 5.7597465e+00 5.5923069e+00 5.6827154e+00 5.8754452e+00 6.6508770e+00 7.5318074e+00 7.2861023e+00 7.0591191e+00 6.6141814e+00 5.9292213e+00 6.0702415e+00 7.0122147e+00 7.0115078e+00 6.5384914e+00 6.0053441e+00 5.5924962e+00 5.5030365e+00 5.6459485e+00 5.7540715e+00 6.0473672e+00 5.7528885e+00 5.7018267e+00 5.4647182e+00 5.2844963e+00 5.2598891e+00 5.3273863e+00 5.5305855e+00 5.7785907e+00 6.2508884e+00 6.5115066e+00 6.1959413e+00 5.7525548e+00 5.7128651e+00 5.7514591e+00 5.6235317e+00 5.3840365e+00 5.2727627e+00 5.4256346e+00 5.6618273e+00 5.5592325e+00 5.5489628e+00 5.4733307e+00 5.3790813e+00
5.3077077e+00 5.4137159e+00 5.5127098e+00 5.7038594e+00 5.8954750e+00 5.9710492e+00 6.0016717e+00 5.8922704e+00 5.6925640e+00 6.0468557e+00 6.6451590e+00 6.9757943e+00 6.7651971e+00 6.7416225e+00 6.6994807e+00 6.4449056e+00 5.6389280e+00 4.8882148e+00 6.6685405e+00 6.9670780e+00 6.7163623e+00 6.4527970e+00 6.3285352e+00 6.3455458e+00 6.4832665e+00 6.5860865e+00 6.6026576e+00 6.1681727e+00 6.0043974e+00 5.7173923e+00 5.4054298e+00 5.2101753e+00 5.1796443e+00 5.3979332e+00 5.6861081e+00 5.9315063e+00 6.0703630e+00 5.9312832e+00 5.7022937e+00 5.5443017e+00 5.7280626e+00 5.7651248e+00 5.7281818e+00 5.5318598e+00 5.6063019e+00 5.7643442e+00 5.6295397e+00 5.5313051e+00 5.4677420e+00 5.4192905e+00
5.3267001e+00 5.6902345e+00 5.7610260e+00 5.6599528e+00 5.7543039e+00 6.1073114e+00 6.1936848e+00 6.0050256e+00 6.3821118e+00 7.1862830e+00 7.5373029e+00 7.6352939e+00 7.0237552e+00 6.8499389e+00 6.1785769e+00 6.8847506e+00 6.9839534e+00 6.0348290e+00 6.2810612e+00 6.3970737e+00 6.4643577e+00 6.5725130e+00 6.7334877e+00 6.9637888e+00 6.9799820e+00 6.9904572e+00 6.8660140e+00 6.6231957e+00 6.3458646e+00 5.9282925e+00 5.5264468e+00 5.2374369e+00 5.1072531e+00 5.3414797e+00 5.5706649e+00 5.6918203e+00 5.7750745e+00 5.7437864e+00 5.6868818e+00 5.5947796e+00 5.7174822e+00 5.8511678e+00 5.9960983e+00 5.8220294e+00 5.7537985e+00 5.7465446e+00 5.6150766e+00 5.4805892e+00 5.4449459e+00 5.4494885e+00
5.6854519e+00 5.2667896e+00 5.5739086e+00 6.2075573e+00 6.7216422e+00 6.5153262e+00 6.4247771e+00 6.0565539e+00 6.1800872e+00 7.6557346e+00 7.6225620e+00 7.5644070e+00 7.8289315e+00 8.2066722e+00 7.6674630e+00 7.9244576e+00 7.6603323e+00 6.7733892e+00 5.5263624e+00 5.5134230e+00 6.0729005e+00 6.4908779e+00 6.8727583e+00 7.2453158e+00 7.1935773e+00 7.1356302e+00 7.0599454e+00 6.9161222e+00 6.7037332e+00 6.2155923e+00 5.7168259e+00 5.4865899e+00 5.4184208e+00 5.5871490e+00 5.7458293e+00 5.6965965e+00 5.6717191e+00 5.6609748e+00 5.6398190e+00 5.5858745e+00 5.6512707e+00 5.7166648e+00 5.8777332e+00 5.8715669e+00 5.7993024e+00 5.7143551e+00 5.5791256e+00 5.4356660e+00 5.4225434e+00 5.4816055e+00
5.4244923e+00 5.5964978e+00 6.1018931e+00 7.3873078e+00 8.7105217e+00 8.4485340e+00 8.5071583e+00 7.0914743e+00 6.0417470e+00 7.2322594e+00 6.9763865e+00 7.2690652e+00 7.9587239e+00 8.2675172e+00 8.3132070e+00 8.1635663e+00 7.5996987e+00 6.3469019e+00 4.5726842e+00 5.1981667e+00 6.1678937e+00 6.5593260e+00 6.9651162e+00 7.2995404e+00 7.2842167e+00 7.1951139e+00 7.1393805e+00 7.1095852e+00 7.0828410e+00 6.5957589e+00 6.0814048e+00 5.8783896e+00 5.8316511e+00 5.9566125e+00 6.1318620e+00 5.9931434e+00 5.8262010e+00 5.7506599e+00 5.7087981e+00 5.6713038e+00 5.6561691e+00 5.7756099e+00 5.8681756e+00 5.8839386e+00 5.8305742e+00 5.7510527e+00 5.6647893e+00 5.5581569e+00 5.5465939e+00 5.5729971e+00
6.2730916e+00 6.4222243e+00 6.9522944e+00 7.8328067e+00 8.3659669e+00 9.2650834e+00 1.0355686e+01 9.7527908e+00 9.0403155e+00 8.5905169e+00 7.8845596e+00 7.9745171e+00 8.1291904e+00 8.0743904e+00 8.1977203e+00 8.1899808e+00 7.9499807e+00 7.5111734e+00 7.1782593e+00 6.7587024e+00 6.6255033e+00 6.8868116e+00 7.1986585e+00 7.3980402e+00 7.3672431e+00 7.2018591e+00 7.0964041e+00 7.0805369e+00 7.0178504e+00 6.6898094e+00 6.3755887e+00 6.1995427e+00 6.1852295e+00 6.1903442e+00 6.2148659e+00 6.1344070e+00 6.0326103e+00 5.9635189e+00 5.8589321e+00 5.8174951e+00 5.7805991e+00 5.8783054e+00 5.9492525e+00 5.9705881e+00 5.9057531e+00 5.8414293e+00 5.7738040e+00 5.7139524e+00 5.7080807e+00 5.7008806e+00
7.2583676e+00 7.4943325e+00 7.7634421e+00 8.0923213e+00 8.1173096e+00 8.4205691e+00 8.6303766e+00 9.0822289e+00 8.8290553e+00 8.4253304e+00 8.1275841e+00 8.1846103e+00 8.0648787e+00 7.9754797e+00 7.9980692e+00 8.1145077e+00 8.2033096e+00 8.1671399e+00 8.0250120e+00 7.5364492e+00 7.2071746e+00 7.3124539e+00 7.5020827e+00 7.6032331e+00 7.5213468e+00 7.4346138e+00 7.1743761e+00 7.0017602e+00 6.8876270e+00 6.6848549e+00 6.5118009e+00 6.4036373e+00 6.4089946e+00 6.3284892e+00 6.2824225e+00 6.2630748e+00 6.2326907e+00 6.1122055e+00 5.9880409e+00 5.9179054e+00 5.9242946e+00 5.9821833e+00 6.0588120e+00 6.1178241e+00 6.0379907e+00 5.9802893e+00 5.9146317e+00 5.8722767e+00 5.8570865e+00 5.8540311e+00
7.8162740e+00 8.1958130e+00 8.1236350e+00 8.0749631e+00 7.2454417e+00 7.0025691e+00 8.1445595e+00 8.1224111e+00 8.0609684e+00 7.8918217e+00 7.8030887e+00 8.2281615e+00 7.9579589e+00 7.7970353e+00 7.7008877e+00 7.6429667e+00 8.1545102e+00 8.1916119e+00 7.9888607e+00 7.7019824e+00 7.5379127e+00 7.6063111e+00 7.7943984e+00 7.8809331e+00 7.6552543e+00 7.5461968e+00 7.2563010e+00 6.9676235e+00 6.8176496e+00 6.6754747e+00 6.5754223e+00 6.5100422e+00 6.4583497e+00 6.3441761e+00 6.2970454e+00 6.3219524e+00 6.3467686e+00 6.1752122e+00 6.0568362e+00 6.0082749e+00 6.0223962e+00 6.0602983e+00 6.1252587e+00 6.1669433e+00 6.0996270e+00 6.0472296e+00 6.0042771e+00 5.9881587e+00 5.9608947e+00 5.9463583e+00
7.6238193e+00 8.0236596e+00 7.9926765e+00 7.7868541e+00 7.2511601e+00 6.9884782e+00 7.5325996e+00 7.6890102e+00 7.5061732e+00 7.4977338e+00 7.6856417e+00 7.9545064e+00 7.5917512e+00 7.3422011e+00 7.2210759e+00 7.2661349e+00 7.7953370e+00 7.9395464e+00 7.8527749e+00 7.6763660e+00 7.6027720e+00 7.7709261e+00 8.0219435e+00 7.9634069e+00 7.6622898e+00 7.4391994e+00 7.2059646e+00 7.0814759e+00 6.9024042e+00 6.7258061e+00 6.6574605e+00 6.6313752e+00 6.6402616e+00 6.4610080e+00 6.2640228e+00 6.2622670e+00 6.2735619e+00 6.2062981e+00 6.1364016e+00 6.1649653e+00 6.1733461e+00 6.1161599e+00 6.1494835e+00 6.1736062e+00 6.1558283e+00 6.1348648e+00 6.1082958e+00 6.1006901e+00 6.0961599e+00 6.0619622e+00
7.1072760e+00 7.4683144e+00 7.6432305e+00 7.8464939e+00 8.0864742e+00 8.4446267e+00 8.0357473e+00 7.6401720e+00 7.5759963e+00 7.5987260e+00 7.6685069e+00 7.4313147e+00 7.0093950e+00 6.7163052e+00 6.8378439e+00 7.0922114e+00 7.4230140e+00 7.6227274e+00 7.6380190e+00 7.5471239e+00 7.4914337e+00 7.7459445e+00 7.9519494e+00 7.8299688e+00 7.6149332e+00 7.4459588e+00 7.2851137e+00 7.1395471e+00 7.0138502e+00 6.9476091e+00 6.8893897e+00 6.7910390e+00 6.7760214e+00 6.5683800e+00 6.3498132e+00 6.2872175e+00 6.2425277e+00 6.1994112e+00 6.2161321e+00 6.2613487e+00 6.2600553e+00 6.2447568e+00 6.2654077e+00 6.2808119e+00 6.2807482e+00 6.2709136e+00 6.2472511e+00 6.2458540e+00 6.3167559e+00 6.3023942e+00
7.1044168e+00 7.1050344e+00 7.2783019e+00 7.7662306e+00 8.3280977e+00 8.7112116e+00 8.4902691e+00 8.1161185e+00 8.0999317e+00 8.2570793e+00 7.7826364e+00 7.3365959e+00 7.0096012e+00 6.8852966e+00 6.9591363e+00 7.1473261e+00 7.3960933e+00 7.5633879e+00 7.6018146e+00 7.5764547e+00 7.5830590e+00 7.7392622e+00 7.8587911e+00 7.7664327e+00 7.6271101e+00 7.3677042e+00 7.3213625e+00 7.2407274e+00 7.1576771e+00 7.1174789e+00 7.0307722e+00 6.7925996e+00 6.7181444e+00 6.5867068e+00 6.4419417e+00 6.3512566e+00 6.2702888e+00 6.1984551e+00 6.2518717e+00 6.3037074e+00 6.3205903e+00 6.3100098e+00 6.3297344e+00 6.3420742e+00 6.3672236e+00 6.3839219e+00 6.3260853e+00 6.2872184e+00 6.3601361e+00 6.3900594e+00
6.8888069e+00 6.9913047e+00 7.0657781e+00 7.6588136e+00 8.1297633e+00 8.5664244e+00 8.7494799e+00 8.4334914e+00 8.1793425e+00 7.9182288e+00 7.2969807e+00 7.3031237e+00 7.2893836e+00 7.2674605e+00 7.3064152e+00 7.4471872e+00 7.5433571e+00 7.6498123e+00 7.6999757e+00 7.7018719e+00 7.7509456e+00 7.8794573e+00 7.9283260e+00 7.8416861e+00 7.6713401e+00 7.5444427e+00 7.5297332e+00 7.4734074e+00 7.3231889e+00 7.2297198e+00 7.0824177e+00 6.8565787e+00 6.7224574e+00 6.6100642e+00 6.5193850e+00 6.4494978e+00 6.4100413e+00 6.3437189e+00 6.3637702e+00 6.4055793e+00 6.4068696e+00 6.3946075e+00 6.3786483e+00 6.3732959e+00 6.4229117e+00 6.4728601e+00 6.3947236e+00 6.3440038e+00 6.3822301e+00 6.4364585e+00
6.8765648e+00 6.8936161e+00 6.9651041e+00 7.4246876e+00 7.7412274e+00 8.2496938e+00 8.5001395e+00 8.3931938e+00 8.0706919e+00 7.7221353e+00 7.4581648e+00 7.5990393e+00 7.7513908e+00 7.7365487e+00 7.7098605e+00 7.7751762e+00 7.7889120e+00 7.8245074e+00 7.8361572e+00 7.8382127e+00 7.9250818e+00 8.0778433e+00 8.0880333e+00 7.9876351e+00 7.8481575e+00 7.7530804e+00 7.7768791e+00 7.7750530e+00 7.5468587e+00 7.3487501e+00 7.1552039e+00 6.9408224e+00 6.7771225e+00 6.6802145e+00 6.6408700e+00 6.6057060e+00 6.5528471e+00 6.5315532e+00 6.5305886e+00 6.5214967e+00 6.5089386e+00 6.5077649e+00 6.4485451e+00 6.4017838e+00 6.4253007e+00 6.4536884e+00 6.4217691e+00 6.3934232e+00 6.4074958e+00 6.5028985e+00
7.1675448e+00 7.3670961e+00 7.8238978e+00 8.0891849e+00 7.8339375e+00 8.1304958e+00 8.5618486e+00 8.3379686e+00 8.1362245e+00 7.9565478e+00 7.8719609e+00 7.9876974e+00 8.2304744e+00 8.2441971e+00 8.2295915e+00 8.2238944e+00 8.1216605e+00 8.0589826e+00 8.0424282e+00 8.0594501e+00 8.0650107e+00 8.2186287e+00 8.2553911e+00 8.1932561e+00 7.9841512e+00 7.7712708e+00 7.7673627e+00 7.7621072e+00 7.6106362e+00 7.4208388e+00 7.2525911e+00 7.0611863e+00 6.8892350e+00 6.8530453e+00 6.8373013e+00 6.8137189e+00 6.7785604e+00 6.7307318e+00 6.7055077e+00 6.6986842e+00 6.6432070e+00 6.6179369e+00 6.5707187e+00 6.4908999e+00 6.4680007e+00 6.4810150e+00 6.5108550e+00 6.4706572e+00 6.4276992e+00 6.5699533e+00
7.5976027e+00 7.5800157e+00 7.2735705e+00 8.3473770e+00 8.2539187e+00 7.9163104e+00 8.3856512e+00 8.4562583e+00 8.3242908e+00 8.3616426e+00 8.4732747e+00 8.3223898e+00 8.3854603e+00 8.5206646e+00 8.7009546e+00 8.8156171e+00 8.5388714e+00 8.2744997e+00 8.2063692e+00 8.2804462e+00 8.3649169e+00 8.4843321e+00 8.4235401e+00 8.3167528e+00 8.1199409e+00 7.6740727e+00 7.6635343e+00 7.6842594e+00 7.5964748e+00 7.4943885e+00 7.4022106e+00 7.3328888e+00 7.1529053e+00 7.0999703e+00 7.0945321e+00 7.0738163e+00 7.0148449e+00 6.9510821e+00 6.8787775e+00 6.8527243e+00 6.7528583e+00 6.6834277e+00 6.6722849e+00 6.6221991e+00 6.5220039e+00 6.5459428e+00 6.6196027e+00 6.6506913e+00 6.6234020e+00 6.6440011e+00
7.9010865e+00 8.1184029e+00 7.9221138e+00 7.6057453e+00 8.1192468e+00 8.2893142e+00 8.5960863e+00 8.3749067e+00 8.1834849e+00 8.1524717e+00 8.1699383e+00 8.2015129e+00 8.3088367e+00 8.5157895e+00 8.8664201e+00 9.1804271e+00 8.7854080e+00 8.2987419e+00 8.1855767e+00 8.2911309e+00 8.5794967e+00 8.7612620e+00 8.4816131e+00 8.2180747e+00 7.9948501e+00 7.6711622e+00 7.6317728e+00 7.6731820e+00 7.6010810e+00 7.5535558e+00 7.4915774e+00 7.4328946e+00 7.3594296e+00 7.3213501e+00 7.3022811e+00 7.3895772e+00 7.2076782e+00 7.0765583e+00 6.9959734e+00 6.9024697e+00 6.7936251e+00 6.7211380e+00 6.7727816e+00 6.8052087e+00 6.5765305e+00 6.6222814e+00 6.7509876e+00 6.8231869e+00 6.7828321e+00 6.6339937e+00
