ahotovec/data/depth_0028.asc
ncols     164
nrows     146
xllcorner -1.242151388888889e+02
yllcorner  4.172986111111111e+01
cellsize  2.777777777820000e-04
nodata_value       -9999
[rows 88 to 109 of 146, columns 100 to 149 of 164]
6.7341772e+00 5.7461214e+00 4.7502051e+00 5.1776583e+00 4.9039104e+00 4.1906854e+00 3.9544695e+00 3.8524481e+00 4.1078074e+00 5.5332630e+00 5.8811999e+00 4.8993794e+00 3.3688540e+00 2.6279460e+00 1.8393023e-01 1.3682890e-01 3.0544855e+00 4.2023173e+00 1.5421378e+00 3.8794297e-02 9.4884039e-02 1.4139044e-02 9.5658138e-04 9.4478873e-04 9.2427858e-02 2.8475981e-01 2.2653424e-01 1.0432173e-01 4.8621235e-03 2.7063331e-02 1.3141991e-01 2.3292035e-01 1.3109367e+00 2.1265672e+00 2.2711980e+00 2.0108721e+00 1.7256330e+00 1.8766076e-01 9.7928776e-04 9.8937006e-04 1.9522340e-02 2.5142797e-01 3.7277728e-01 2.0820681e-01 2.9613212e-01 5.2841008e-03 9.7384086e-04 6.2368467e-01 5.1760969e-01 5.7522741e-01
6.8167224e+00 6.5223298e+00 5.4466358e+00 5.1526264e+00 4.9931480e+00 4.7723293e+00 4.7007174e+00 5.4252870e+00 5.1763346e+00 5.2211690e+00 4.6785632e+00 4.7845122e+00 5.2044922e+00 5.5263926e+00 4.6450593e+00 3.9845429e+00 4.0666030e+00 4.6172147e+00 4.9089292e+00 3.4718069e+00 1.4044493e+00 1.0669330e-01 9.0231628e-04 4.6783664e-03 9.7948442e-04 2.9776344e-02 6.6680051e-02 6.3173155e-02 8.3818240e-02 3.8517767e-01 7.6791438e-01 1.6158777e+00 2.6956473e+00 2.7323491e+00 2.7949353e+00 2.7192918e+00 2.4243654e+00 1.7682364e+00 1.6598729e-01 9.5296618e-04 7.9335013e-04 4.2198152e-03 4.2763024e-03 2.3507724e-02 2.1278675e-01 2.7627378e-01 2.9303088e-01 3.1000847e-01 2.4013851e-01 2.9031808e-01
6.2559861e+00 6.2507303e+00 6.0131716e+00 5.8454084e+00 5.7845401e+00 6.1527752e+00 6.4598062e+00 6.1563782e+00 4.2139446e+00 3.7628682e+00 3.4999641e+00 3.7866401e+00 6.1686494e+00 6.6196986e+00 6.1343724e+00 5.9403203e+00 5.3547544e+00 5.0549287e+00 5.0403065e+00 4.8537011e+00 4.7960469e+00 4.2844170e+00 2.2013903e+00 9.0373778e-04 8.6899798e-04 2.6633077e-02 1.8566510e-01 1.4793700e-01 1.3730986e-01 5.7403096e-01 1.3889867e+00 2.6851683e+00 2.8089888e+00 2.9052665e+00 2.9101572e+00 2.8301423e+00 2.6826108e+00 2.4278507e+00 1.6159157e+00 5.3760906e-01 3.8611144e-01 4.2802673e-01 5.7949815e-01 7.0724606e-03 9.3860316e-04 9.3249657e-04 3.2434322e-03 1.0180600e-03 1.0433890e-02 5.8896688e-03
6.6857191e+00 6.8091747e+00 6.6634741e+00 6.5834523e+00 6.8065091e+00 6.4479514e+00 6.4678987e+00 6.8981302e+00 4.9189853e+00 4.0766242e+00 4.5687182e+00 3.5701078e+00 3.2479230e+00 5.4760356e+00 6.6159105e+00 6.2757373e+00 5.8012722e+00 5.6973695e+00 5.4761876e+00 5.0861434e+00 5.1398516e+00 4.9280894e+00 4.1941208e+00 4.0489672e+00 2.0902944e+00 1.9670897e-02 1.3205300e-01 2.0881936e-01 3.0837484e-01 9.8950432e-01 2.4295833e+00 2.7045146e+00 2.8195881e+00 2.9188463e+00 2.8515300e+00 2.7814255e+00 2.7080224e+00 2.6468240e+00 2.5187790e+00 2.3393484e+00 2.1471873e+00 1.9711880e+00 1.6991693e+00 1.3944976e+00 1.0854114e+00 7.5444063e-01 4.3039249e-01 8.8645417e-04 9.7354762e-04 7.7175659e-03
6.7047871e+00 6.7620578e+00 6.8031326e+00 7.0440465e+00 6.8209680e+00 6.4066531e+00 6.2198581e+00 6.2889779e+00 6.3797377e+00 5.3978567e+00 4.5380506e+00 5.1982243e+00 4.3811802e+00 5.8987185e+00 6.5585104e+00 6.3711632e+00 6.0341355e+00 6.0067106e+00 5.2346022e+00 5.0352082e+00 5.1496673e+00 4.5194992e+00 4.3877544e+00 4.7796534e+00 3.2526977e+00 1.2513203e-01 3.9344678e-01 3.9438513e-01 8.6790217e-01 2.0888703e+00 2.3174697e+00 2.5493450e+00 2.7013680e+00 2.8430733e+00 2.9192408e+00 2.7804106e+00 2.6516072e+00 2.5533553e+00 2.4963718e+00 2.4653487e+00 2.4914990e+00 2.4607338e+00 2.4653303e+00 2.4523078e+00 2.4169821e+00 2.4337833e+00 2.2923778e+00 2.0335130e+00 1.6407632e+00 8.2211796e-01
6.2205464e+00 6.2873946e+00 6.4509142e+00 6.7439457e+00 6.8912459e+00 6.2647092e+00 5.8618663e+00 6.2377834e+00 6.6660223e+00 7.1747120e+00 6.4204770e+00 6.7192586e+00 7.4024801e+00 7.3894232e+00 7.1230849e+00 6.6546682e+00 5.9825586e+00 5.5127633e+00 5.3507209e+00 5.1358499e+00 5.0812916e+00 3.5847206e+00 1.1756209e+00 2.3515445e+00 5.0970324e-02 3.3505859e-01 5.2458075e-01 1.0677785e+00 2.0745416e+00 2.1191372e+00 2.1491493e+00 2.1708461e+00 2.2685525e+00 2.3435879e+00 2.3996418e+00 2.4996789e+00 2.6096750e+00 2.6376735e+00 2.7033630e+00 2.7285648e+00 2.7259018e+00 2.6972275e+00 2.6966037e+00 2.6805018e+00 2.6476071e+00 2.5903963e+00 2.5877349e+00 2.6246978e+00 2.6631264e+00 2.6586401e+00
5.6852426e+00 5.9374944e+00 6.1993075e+00 6.5191229e+00 6.9054063e+00 7.1663252e+00 1.4252172e+00 3.5485492e+00 5.5964186e+00 7.6560170e+00 7.6195333e+00 7.3833238e+00 7.4582728e+00 7.5805669e+00 7.3351680e+00 7.0407390e+00 6.3054925e+00 5.7384883e+00 5.5910675e+00 5.3888254e+00 4.8756701e+00 4.3053459e+00 2.8603801e+00 1.5239167e-02 2.5075201e-01 4.0235376e-01 1.3723868e+00 4.1211795e+00 4.2935318e+00 3.6599330e+00 3.5853813e+00 3.2610730e+00 3.1555774e+00 3.2242692e+00 3.1211758e+00 3.0892274e+00 2.9251822e+00 2.9168679e+00 2.9001705e+00 2.9144139e+00 2.8582452e+00 2.8974170e+00 2.9629821e+00 3.0590907e+00 3.1808810e+00 3.1594354e+00 3.0524541e+00 2.9883838e+00 2.9056686e+00 2.7978023e+00
5.3626707e+00 5.6558585e+00 5.9997998e+00 6.3147625e+00 6.7189954e+00 7.2575281e+00 7.1004514e+00 6.1587849e+00 5.5552792e+00 7.0089597e+00 7.9745727e+00 8.1045687e+00 7.9058535e+00 7.6515319e+00 7.4263423e+00 7.2281866e+00 6.9964000e+00 6.6426753e+00 6.1416179e+00 5.5047387e+00 5.2935807e+00 3.3495237e+00 2.5162871e-01 9.4789102e-02 3.7453340e-01 1.1898285e+00 3.9288841e+00 6.2573168e+00 6.0264104e+00 5.7123919e+00 5.7432250e+00 5.7088744e+00 5.6805915e+00 5.7983830e+00 5.7831340e+00 5.7481085e+00 5.5751209e+00 5.6415642e+00 5.6683231e+00 5.3404957e+00 4.5875453e+00 4.2381888e+00 4.2395371e+00 4.3729742e+00 4.2741117e+00 4.3079774e+00 4.3991591e+00 4.5483886e+00 4.3711504e+00 4.0240782e+00
3.5743510e+00 4.0658877e+00 5.3053050e+00 6.1886827e+00 6.5229083e+00 7.0213428e+00 7.2447357e+00 7.0492413e+00 6.1858129e+00 5.6337191e+00 7.0709963e+00 7.8484491e+00 8.1498753e+00 7.7796887e+00 7.5901620e+00 7.5252893e+00 7.2536699e+00 6.9173571e+00 6.6108163e+00 5.7118384e+00 3.9252506e+00 3.7330240e-01 2.0089052e-01 4.2275213e-01 1.3521001e+00 4.6868793e+00 6.0105543e+00 6.2073242e+00 6.1782627e+00 6.1392716e+00 6.2973054e+00 6.3481499e+00 6.2544178e+00 6.2619677e+00 6.4178012e+00 6.4531633e+00 6.5259994e+00 6.5504828e+00 6.6489345e+00 6.5802330e+00 6.4186409e+00 6.3019375e+00 6.3650995e+00 6.4214628e+00 6.4356372e+00 6.4819201e+00 6.5508001e+00 6.5933288e+00 6.5579702e+00 6.4278972e+00
9.6611186e-01 1.0249884e-01 7.0669501e-01 4.9262977e+00 6.2526794e+00 6.9478617e+00 7.2617635e+00 7.3455182e+00 7.1961605e+00 6.1794958e+00 6.3084700e+00 7.2231068e+00 7.6184788e+00 7.6099719e+00 7.5873462e+00 7.5547812e+00 7.1007728e+00 6.4335754e+00 6.1176485e+00 4.7566372e+00 8.4845909e-01 1.4114557e-01 3.8721153e-01 1.0763220e+00 4.6472645e+00 6.5204901e+00 6.5966597e+00 6.6675223e+00 6.5978249e+00 6.5235441e+00 6.5682386e+00 6.5776954e+00 6.4668362e+00 6.4606491e+00 6.5844814e+00 6.6758820e+00 6.7399025e+00 6.7805021e+00 6.9124761e+00 6.9187508e+00 6.9075456e+00 6.8723094e+00 6.8661092e+00 6.8592558e+00 6.8845603e+00 6.9295212e+00 6.9817787e+00 7.0128256e+00 7.0268901e+00 6.9826814e+00
6.3231715e+00 5.3519662e+00 1.2516091e+00 1.1230426e+00 4.2065000e+00 6.6487382e+00 7.4372848e+00 7.4959156e+00 7.4757604e+00 7.0307548e+00 6.2293156e+00 6.3599819e+00 7.5142477e+00 7.6370637e+00 7.4518376e+00 7.3188218e+00 6.9468554e+00 6.2774382e+00 5.1212076e+00 1.1567900e+00 1.2111726e-01 2.2424231e-01 9.3288551e-01 4.3433764e+00 6.1664125e+00 6.4472919e+00 6.8634776e+00 7.0894643e+00 7.0086901e+00 7.0128709e+00 6.9905674e+00 6.8208695e+00 6.6646190e+00 6.6926586e+00 6.9026345e+00 7.0145899e+00 7.0474231e+00 7.1423364e+00 7.3677445e+00 7.2599042e+00 7.1500484e+00 7.0414155e+00 6.9711134e+00 6.9008202e+00 6.9009873e+00 6.9661214e+00 7.0486486e+00 7.0851587e+00 7.1018079e+00 7.0716334e+00
7.2524189e+00 7.1046859e+00 6.1717253e+00 1.6975648e+00 1.3047435e+00 5.6135618e+00 7.4040659e+00 7.4427417e+00 7.1062988e+00 6.6403279e+00 6.2075935e+00 6.6145449e+00 8.4880903e+00 8.0533304e+00 7.4077640e+00 7.1801300e+00 6.7836831e+00 5.0994527e+00 1.4896034e+00 1.2300849e-01 4.2049774e-01 8.9418364e-01 4.1066821e+00 6.3260764e+00 6.2869701e+00 6.3438595e+00 6.7890439e+00 6.9707654e+00 7.1901348e+00 7.4275745e+00 7.4205931e+00 7.2172410e+00 6.9728010e+00 6.9679597e+00 7.2375563e+00 7.4115475e+00 7.5207038e+00 7.5581915e+00 7.6741088e+00 7.5464881e+00 7.3707459e+00 7.2708195e+00 7.1396067e+00 7.0072397e+00 6.9608899e+00 7.0364694e+00 7.1539376e+00 7.2427610e+00 7.2721653e+00 7.2505227e+00
7.6960799e+00 7.4612214e+00 7.0224366e+00 5.8869932e+00 1.2234852e+00 1.4262513e+00 6.4716719e+00 7.2868360e+00 6.7650059e+00 6.5448276e+00 6.3149842e+00 7.2973207e+00 8.3497582e+00 8.0504850e+00 7.4651417e+00 7.1655909e+00 6.0911266e+00 1.4926309e+00 1.0470046e-01 4.3157651e-01 8.4020826e-01 3.7387282e+00 6.0550590e+00 6.4201044e+00 6.3997118e+00 6.4650385e+00 6.6812304e+00 6.9433223e+00 7.5644203e+00 7.6678762e+00 7.6036579e+00 7.4685302e+00 7.3042411e+00 7.2673645e+00 7.4111985e+00 7.6287877e+00 7.8663826e+00 7.7946968e+00 7.7229992e+00 7.6779072e+00 7.5761651e+00 7.4918589e+00 7.2925574e+00 7.2052872e+00 7.0801667e+00 7.0934788e+00 7.2720700e+00 7.3861822e+00 7.4232324e+00 7.3948058e+00
7.8567402e+00 7.7098230e+00 7.4491742e+00 7.0251156e+00 5.7491163e+00 6.2307091e-01 1.3159297e+00 4.6170985e+00 7.0783744e+00 6.3928425e+00 5.9696653e+00 6.4754825e+00 7.6984111e+00 7.7250921e+00 7.0403117e+00 6.6027290e+00 2.3062257e+00 1.3020468e-02 3.3862450e-01 7.6874579e-01 2.9848125e+00 5.8094864e+00 6.3843592e+00 6.3939751e+00 6.3629929e+00 6.4522775e+00 6.8760930e+00 7.2996356e+00 7.5031308e+00 7.6973118e+00 7.8050160e+00 7.6187282e+00 7.6943000e+00 7.6391429e+00 7.6433466e+00 7.7310942e+00 7.8688010e+00 7.8933858e+00 7.8814791e+00 8.0728724e+00 7.9255463e+00 7.7647165e+00 7.6044810e+00 7.4440520e+00 7.3276832e+00 7.3890114e+00 7.5339398e+00 7.5973081e+00 7.6735577e+00 7.6351316e+00
7.9849942e+00 7.9192581e+00 7.7784949e+00 7.4748773e+00 6.9120397e+00 4.4871688e+00 1.3146775e-02 3.6849613e-02 3.5393092e+00 4.6945897e+00 5.6881308e+00 5.7470608e+00 5.8554788e+00 6.5094120e+00 5.5958079e+00 2.4299720e+00 7.3024422e-01 3.9249010e-01 5.6460867e-01 2.7180276e+00 5.2736504e+00 5.8324000e+00 6.2442346e+00 6.6035852e+00 6.7029191e+00 6.9113094e+00 7.3438884e+00 7.5765829e+00 7.5331782e+00 7.9114208e+00 8.0192437e+00 7.7857273e+00 7.7512440e+00 7.9109973e+00 8.1026730e+00 8.2378287e+00 8.1641647e+00 8.0231084e+00 8.2134329e+00 8.8128208e+00 8.4521678e+00 8.2006596e+00 7.8408862e+00 7.7787100e+00 7.8337336e+00 7.9440479e+00 7.9813453e+00 7.9487634e+00 7.9431167e+00 7.9189447e+00
8.1668027e+00 8.0967221e+00 7.9940283e+00 7.7954078e+00 7.4241540e+00 6.8175182e+00 4.3881306e+00 4.7422839e-04 8.3515351e-04 8.3315895e-04 7.0927060e-01 3.3613919e+00 5.4640943e+00 5.7054267e+00 3.1504922e+00 2.8302967e+00 8.3766989e-01 7.2216409e-01 2.6718271e+00 5.1893392e+00 5.5703953e+00 5.8274064e+00 6.3992733e+00 6.8217300e+00 7.1516704e+00 7.3254489e+00 7.6426020e+00 7.7500204e+00 7.9726477e+00 8.3582366e+00 8.5842489e+00 8.2356990e+00 7.9016540e+00 8.4347187e+00 8.6997211e+00 8.8429441e+00 8.6569700e+00 8.5295588e+00 8.6375518e+00 8.7845844e+00 8.6705327e+00 8.5101106e+00 8.3162697e+00 8.2918462e+00 8.4179543e+00 8.5310326e+00 8.4403370e+00 8.3156868e+00 8.2442283e+00 8.1948697e+00
8.3030857e+00 8.2652591e+00 8.1768844e+00 8.0519380e+00 7.8617385e+00 7.5390264e+00 6.6916903e+00 3.1739303e+00 8.0969392e-04 9.9913749e-04 9.5186216e-04 9.6438936e-04 4.5034741e+00 2.4885933e+00 6.7749144e-01 1.0179146e+00 7.2255295e-01 2.2639547e+00 5.1131994e+00 5.8160612e+00 6.0273378e+00 6.3960901e+00 6.9096151e+00 7.2406781e+00 7.3610814e+00 7.5626481e+00 7.7948994e+00 7.8771059e+00 8.1080326e+00 8.7463951e+00 8.7143947e+00 8.4795289e+00 8.4473667e+00 8.7892867e+00 8.9241319e+00 8.8272510e+00 8.7934111e+00 8.9337396e+00 9.1414392e+00 9.0636428e+00 8.9450031e+00 8.8823129e+00 8.8470701e+00 8.7986938e+00 8.8472465e+00 8.8652595e+00 8.7528535e+00 8.6317590e+00 8.4866857e+00 8.4003393e+00
8.5203815e+00 8.3966712e+00 8.3658976e+00 8.2482651e+00 8.0936970e+00 7.6643059e+00 6.8908693e+00 4.2265221e+00 1.9530176e+00 8.3806415e-04 9.9872412e-04 9.0014464e-04 7.2513020e-01 1.9622510e-03 1.8572047e-01 5.9317950e-01 2.3825608e+00 4.8959616e+00 5.4582291e+00 6.0050885e+00 6.5940259e+00 6.9273456e+00 7.2479740e+00 7.3103021e+00 7.3906298e+00 7.8249468e+00 8.1419279e+00 8.1016426e+00 7.9791962e+00 8.6031088e+00 8.7748210e+00 8.7675737e+00 8.9586968e+00 8.9621142e+00 8.5353369e+00 8.1142677e+00 8.4653039e+00 8.8671392e+00 9.2034778e+00 9.2168865e+00 9.1966486e+00 9.1963275e+00 9.2916038e+00 9.2594827e+00 9.2360805e+00 9.1992144e+00 9.1183248e+00 8.9635705e+00 8.8746719e+00 8.7003998e+00
8.6734727e+00 8.6518259e+00 8.5139757e+00 8.4481943e+00 8.2979570e+00 8.1594562e+00 7.2748212e+00 5.1139347e+00 3.5691724e+00 2.0521725e-01 9.9743607e-04 1.1870943e-03 9.9593418e-04 2.2477346e-02 3.3557048e-01 2.3770817e+00 5.0249163e+00 5.4344616e+00 5.4166352e+00 5.8334386e+00 6.5208572e+00 7.1090369e+00 7.4991293e+00 7.6278196e+00 7.7033870e+00 8.0535394e+00 8.6428501e+00 8.5447611e+00 8.5754649e+00 8.9852052e+00 9.1392930e+00 9.1916257e+00 9.2349641e+00 9.0447903e+00 8.2200709e+00 7.3822679e+00 7.9545302e+00 8.6360972e+00 9.1607623e+00 9.3904890e+00 9.4301025e+00 9.3527641e+00 9.5197151e+00 9.5869521e+00 9.5984914e+00 9.5786877e+00 9.5344666e+00 9.4347247e+00 9.2842511e+00 9.0885004e+00
8.7848587e+00 8.8113972e+00 8.7907431e+00 8.5773605e+00 8.4746364e+00 8.4443951e+00 6.1674137e+00 3.7730686e+00 8.7880800e-01 9.9848556e-04 9.9849709e-04 1.1885489e-03 2.0354664e-03 9.8932579e-04 1.0939340e+00 4.1002607e+00 5.2033878e+00 4.9939618e+00 4.0995177e+00 2.3430039e+00 2.4283651e+00 6.2847933e+00 7.5861650e+00 7.9989138e+00 8.1615458e+00 8.0923049e+00 8.4706669e+00 8.6699980e+00 8.9992594e+00 9.3677966e+00 9.3061114e+00 9.1748518e+00 9.2463200e+00 9.2506015e+00 8.6025739e+00 7.9117429e+00 8.1377658e+00 8.6447937e+00 9.2074405e+00 9.5402643e+00 9.8014383e+00 9.7014387e+00 9.8157756e+00 9.9044975e+00 9.9305155e+00 9.9672122e+00 1.0057597e+01 9.8307728e+00 9.6078697e+00 9.4835891e+00
8.8744737e+00 8.9299117e+00 8.9883953e+00 8.9619370e+00 8.7986179e+00 8.3724265e+00 3.8139845e-01 0.0000000e+00 8.5107101e-04 9.7229550e-04 9.9946853e-04 0.0000000e+00 0.0000000e+00 3.7154190e-03 5.6165620e-01 1.9734215e+00 2.5304389e+00 1.7370487e+00 1.5115899e+00 2.2921961e+00 3.7556759e+00 6.7026529e+00 7.9011977e+00 8.4786600e+00 8.4692062e+00 8.3774969e+00 8.4428125e+00 8.5723204e+00 9.0678208e+00 9.3059427e+00 9.0083489e+00 8.3607794e+00 8.7315715e+00 9.0495811e+00 8.8343935e+00 8.5755129e+00 8.6025341e+00 8.8462230e+00 9.2544070e+00 9.5912823e+00 9.8663385e+00 9.9478668e+00 1.0055188e+01 1.0196929e+01 1.0235796e+01 1.0265545e+01 1.0299782e+01 1.0109380e+01 9.9561982e+00 9.8536397e+00
8.9837056e+00 8.9901349e+00 9.0879211e+00 9.1429197e+00 9.1818129e+00 8.9070571e+00 3.4973591e+00 9.7579709e-04 9.9647466e-04 9.8100050e-04 9.9921001e-04 0.0000000e+00 0.0000000e+00 6.8706103e-01 2.1933359e+00 4.4617251e+00 5.4872751e+00 5.0759470e+00 4.8894199e+00 6.1643917e+00 7.4153767e+00 7.9419475e+00 8.3170351e+00 8.5411736e+00 8.4808201e+00 8.5698549e+00 8.5353032e+00 8.5766412e+00 8.9099084e+00 9.1361738e+00 8.6969885e+00 7.4729203e+00 8.1173150e+00 8.8885080e+00 9.0856644e+00 9.0828335e+00 9.0408896e+00 9.0810038e+00 9.3677217e+00 9.6687168e+00 9.8939003e+00 1.0050911e+01 1.0206572e+01 1.0409828e+01 1.0446619e+01 1.0434595e+01 1.0424281e+01 1.0306447e+01 1.0197515e+01 1.0182775e+01
