ahotovec/data/depth_0042.asc
ncols     164
nrows     146
xllcorner -1.242151388888889e+02
yllcorner  4.172986111111111e+01
cellsize  2.777777777820000e-04
nodata_value       -9999
[rows 66 to 87 of 146, columns 100 to 149 of 164]
3.6338373e-01 3.8017296e-01 3.8261785e-01 3.9711640e-01 4.0877949e-01 4.1136842e-01 4.1919578e-01 4.3099860e-01 4.3631268e-01 4.0036200e-01 3.2733212e-01 2.2971861e-01 6.8011510e-02 1.0261974e-03 2.7855581e-03 2.6070539e-03 7.7536124e-03 1.4027882e-02 2.4915443e-02 4.4700846e-02 5.5925969e-02 5.4654797e-02 4.6890692e-02 4.1786054e-02 2.5478870e-02 1.1960375e-02 2.2475866e-03 2.0976263e-03 1.5882512e-03 1.4310366e-03 1.6402041e-03 1.4056461e-03 9.9999835e-04 9.8276370e-04 9.9973317e-04 9.9935765e-04 9.9769617e-04 9.9912507e-04 9.9928385e-04 9.9966300e-04 9.9919002e-04 9.9987941e-04 9.9886800e-04 9.9878776e-04 9.9855903e-04 9.9988141e-04 9.9979051e-04 9.9843761e-04 9.9957594e-04 9.9986276e-04
2.0565268e-01 2.1954478e-01 1.9240661e-01 2.1019855e-01 2.6589814e-01 3.0159205e-01 3.0906667e-01 3.2073491e-01 3.3521396e-01 3.1899452e-01 2.2108790e-01 6.4288686e-02 2.4700468e-03 4.1189191e-03 4.6478547e-03 2.6354895e-02 5.7889904e-02 7.1387725e-02 7.4146546e-02 8.3305954e-02 8.5900547e-02 1.0748147e-01 8.6528194e-02 5.3237196e-02 4.2785520e-02 3.7070879e-02 2.3000498e-02 1.6348297e-02 2.0017224e-02 1.7423441e-02 9.1667966e-03 1.4097104e-02 1.9203020e-02 1.8684238e-02 1.3808094e-02 3.1331829e-02 9.4040245e-03 1.6379024e-02 3.4185194e-03 9.9854162e-04 9.9948690e-04 9.9960371e-04 9.9973642e-04 9.9993098e-04 9.9966481e-04 9.9910325e-04 9.9926664e-04 9.9891201e-04 9.9890443e-04 9.9915003e-04
4.8030337e-01 4.1072250e-01 3.5180957e-01 3.5049580e-01 3.0775641e-01 2.4518684e-01 1.8711016e-01 1.4479460e-01 1.5745851e-01 1.4773463e-01 5.2779722e-02 9.5789203e-03 2.0153045e-03 2.6221514e-03 2.5341077e-02 9.6148900e-02 1.3969370e-01 1.6698671e-01 1.7516290e-01 1.6148978e-01 1.6360500e-01 1.9537186e-01 1.8015192e-01 1.6548367e-01 1.3471054e-01 1.2680890e-01 1.0360915e-01 7.3191229e-02 6.9165733e-02 4.3133310e-02 2.4884850e-02 1.3664548e-02 2.3587743e-02 2.1811919e-02 2.7904115e-02 3.3919382e-02 2.1096839e-02 3.5566055e-02 1.6864610e-02 2.1138959e-02 1.5267613e-02 1.0845495e-02 7.2250713e-03 9.9969774e-04 9.9997446e-04 9.9964749e-04 9.9787216e-04 9.9888940e-04 9.9892627e-04 9.9995495e-04
8.4978678e-01 8.1330334e-01 7.4531666e-01 6.8671425e-01 6.3737312e-01 5.2718630e-01 4.4335523e-01 3.0915958e-01 1.8134630e-01 1.2141730e-01 7.1198638e-02 1.0979400e-02 3.9414434e-03 3.6658312e-02 1.3626274e-01 1.9465648e-01 2.3156609e-01 2.5120688e-01 2.7990526e-01 3.2605831e-01 3.2029221e-01 3.5413800e-01 3.6503392e-01 3.6332966e-01 3.8683308e-01 3.5539778e-01 3.6004614e-01 3.5693747e-01 3.5031814e-01 2.9043755e-01 2.8039438e-01 2.3462919e-01 1.7135406e-01 1.0300741e-01 5.2691680e-02 4.0037819e-02 3.2825768e-02 3.5969607e-02 3.2281632e-02 2.5850651e-02 2.3562827e-02 1.9702427e-02 1.7499759e-02 1.2870797e-02 1.0159803e-02 7.6377371e-03 5.3203064e-03 9.9997974e-04 9.9945013e-04 9.9958013e-04
9.9159829e-01 9.6418592e-01 9.0703255e-01 8.3842035e-01 7.7225454e-01 7.2349005e-01 7.4267826e-01 7.0990481e-01 4.9216158e-01 3.2685847e-01 1.3807784e-01 9.8924710e-03 1.8499132e-03 5.9353393e-02 1.3418010e-01 1.9104197e-01 2.4329090e-01 3.1273785e-01 3.9284972e-01 4.9231921e-01 5.5131855e-01 6.1178852e-01 6.6328698e-01 6.9918927e-01 6.9342669e-01 6.8039102e-01 6.9412007e-01 7.1017008e-01 7.0998769e-01 6.9778237e-01 6.4678343e-01 6.1128599e-01 5.5534708e-01 4.4833932e-01 3.5752405e-01 3.1922140e-01 2.7088125e-01 2.6294562e-01 1.8325297e-01 5.2338828e-02 2.5347315e-02 2.5503110e-02 2.4334336e-02 2.0156026e-02 1.6367203e-02 1.5049245e-02 1.4334218e-02 1.1494260e-02 8.1163266e-03 9.9939759e-04
1.0142447e+00 9.7457987e-01 8.9135483e-01 8.0480027e-01 7.4277861e-01 7.3410707e-01 7.1976004e-01 7.1773531e-01 7.6864126e-01 7.7790741e-01 5.9392895e-01 3.3000025e-01 1.5436476e-01 1.1998793e-01 1.6494790e-01 2.3273473e-01 2.9539905e-01 3.8865910e-01 4.8655254e-01 6.4319921e-01 7.8001684e-01 8.5031978e-01 9.2840904e-01 9.4536932e-01 9.2485337e-01 9.4886648e-01 9.7490272e-01 9.8941798e-01 9.8754862e-01 9.6388195e-01 9.1696110e-01 8.9408167e-01 8.3251745e-01 7.4025860e-01 7.1293012e-01 7.1942555e-01 6.7316169e-01 6.4130230e-01 5.2939857e-01 4.1751849e-01 3.2285670e-01 2.0210653e-01 8.9838932e-02 1.1160514e-02 2.5693918e-02 2.9336173e-02 2.6496729e-02 2.2055544e-02 2.0372935e-02 1.4908550e-02
9.4479753e-01 9.7659816e-01 9.0714608e-01 7.7788159e-01 7.3640027e-01 8.3420419e-01 8.3990183e-01 7.0071088e-01 6.5194316e-01 7.6810588e-01 6.6919608e-01 4.5934323e-01 5.7869033e-01 3.9566025e-01 2.4404320e-01 2.8220392e-01 4.0773830e-01 5.2673483e-01 5.9055142e-01 6.6397322e-01 7.5461871e-01 8.5178053e-01 9.6637309e-01 1.0334031e+00 1.0641649e+00 1.0866647e+00 1.1197983e+00 1.1289185e+00 1.1404521e+00 1.1416986e+00 1.1528846e+00 1.0826038e+00 9.6086272e-01 1.0231377e+00 1.0665647e+00 1.0779583e+00 1.0381796e+00 9.3951403e-01 8.3186432e-01 7.3715448e-01 6.1865800e-01 5.2104851e-01 3.9994655e-01 2.6857883e-01 1.4190241e-01 3.5709465e-02 2.3500502e-02 3.2762645e-02 2.7520117e-02 2.2318567e-02
7.4708436e-01 8.3983389e-01 8.8963997e-01 7.6776181e-01 6.8077485e-01 7.5237941e-01 7.9817109e-01 7.3796594e-01 6.3737536e-01 5.6293907e-01 9.6617599e-01 3.1945484e+00 5.0873109e+00 2.5721259e+00 6.4365847e-01 4.8998137e-01 5.5312547e-01 6.2420742e-01 6.1188522e-01 5.2540692e-01 4.6670017e-01 5.0774671e-01 6.5804916e-01 8.1491875e-01 9.3440237e-01 8.8256865e-01 8.3374452e-01 8.5434747e-01 9.4182798e-01 1.0172574e+00 1.0714260e+00 1.1338587e+00 1.2073494e+00 1.2891140e+00 1.3144784e+00 1.3101426e+00 1.2866187e+00 1.1983547e+00 1.0998754e+00 1.0117068e+00 9.0313526e-01 8.0018299e-01 7.0339999e-01 5.8279282e-01 4.7111801e-01 2.9389780e-01 1.1066898e-01 4.3743470e-02 5.1114656e-02 3.3824972e-02
1.4558546e+00 7.7432100e-01 7.6615685e-01 7.1061107e-01 4.2329508e-01 2.2091963e-01 2.1681383e-01 3.2596024e-01 4.9745409e-01 1.4321873e+00 4.5256998e+00 6.6253676e+00 6.9984302e+00 5.6282765e+00 3.1405686e+00 7.7495394e-01 6.9851898e-01 7.5117814e-01 4.4452239e-01 2.1304462e-01 1.6327611e-01 1.9104923e-01 2.7786797e-01 3.9407578e-01 4.3870897e-01 4.0703299e-01 3.6001902e-01 3.9532815e-01 4.8958483e-01 5.8413374e-01 7.5444214e-01 1.0495827e+00 1.3770038e+00 1.4639170e+00 1.4975164e+00 1.4947698e+00 1.4422508e+00 1.4052568e+00 1.3220712e+00 1.2438261e+00 1.1525978e+00 1.0775859e+00 9.9420988e-01 8.9227957e-01 7.2004005e-01 4.6280326e-01 2.5002938e-01 3.6418880e-02 4.7562858e-02 3.2495785e-02
4.1178461e+00 3.0986465e+00 1.3166733e+00 7.0678009e-01 2.0831149e-01 3.4345817e-03 1.5053981e-02 2.2649027e-01 1.9177082e+00 5.4150745e+00 6.9138635e+00 7.2165657e+00 7.2305896e+00 7.2806051e+00 7.1799082e+00 4.5881305e+00 1.5072504e+00 7.4533672e-01 2.2263191e-01 1.0663837e-01 1.2663218e-01 1.0561664e-01 1.4565477e-01 2.0296925e-01 2.0932894e-01 2.1642498e-01 1.5933643e-01 1.3474452e-01 1.8723683e-01 2.8807801e-01 5.5597098e-01 9.7962874e-01 1.4640313e+00 1.6869471e+00 1.6885246e+00 1.6556496e+00 1.6451025e+00 1.5612183e+00 1.5036677e+00 1.4268091e+00 1.3489254e+00 1.2744102e+00 1.1909115e+00 1.0653183e+00 8.1951397e-01 5.3247987e-01 2.8677036e-01 5.0178543e-02 2.9845205e-02 2.3830333e-02
4.8442420e+00 4.7661926e+00 3.8345570e+00 1.9199765e+00 1.1033878e+00 2.0129227e-04 1.9325045e-01 1.5048195e+00 6.3017684e+00 7.0979866e+00 7.2670707e+00 7.4285519e+00 7.5141568e+00 7.6010300e+00 7.6118071e+00 6.3582287e+00 5.1258654e+00 2.3258271e+00 4.0104788e-02 1.3423875e-01 2.6265790e-01 4.4514078e-01 3.6572634e-01 4.0599812e-01 5.8197908e-01 5.7166131e-01 3.8541777e-01 2.7615886e-01 1.8547871e-01 1.9699910e-01 4.0888915e-01 8.5065516e-01 1.4468002e+00 1.8616837e+00 1.9904489e+00 1.9433377e+00 1.8446429e+00 1.7531423e+00 1.6662244e+00 1.5790765e+00 1.4906265e+00 1.3853624e+00 1.2651137e+00 1.1017538e+00 8.6108038e-01 6.0736515e-01 3.7172087e-01 1.9349421e-01 7.3562632e-02 4.4901246e-02
5.1778843e+00 4.8437982e+00 4.5686207e+00 3.9380063e+00 1.9925510e+00 3.9390706e-01 1.2442170e+00 5.8434360e+00 6.8991102e+00 7.0819575e+00 7.2680461e+00 7.3993166e+00 7.5364134e+00 7.7650710e+00 7.9091632e+00 7.5924279e+00 7.7595371e+00 5.7648079e+00 1.3256980e+00 1.9809650e-01 3.1067532e-01 4.5747537e-01 5.1730275e-01 7.1323421e-01 9.7604339e-01 1.0064913e+00 7.3534234e-01 7.2350410e-01 4.3082766e-01 2.7448590e-01 3.4325507e-01 6.4640303e-01 1.2637473e+00 1.8969388e+00 2.2145068e+00 2.2514174e+00 2.1021573e+00 1.9454818e+00 1.8427130e+00 1.7316559e+00 1.5820900e+00 1.4328155e+00 1.3014272e+00 1.1373363e+00 8.9383246e-01 6.6984711e-01 4.9179680e-01 3.9662476e-01 3.3866286e-01 4.1572278e-01
5.6970932e+00 5.4738091e+00 4.8172997e+00 3.9523365e+00 1.1608178e+00 2.2019960e+00 6.0550482e+00 6.5551556e+00 6.5082795e+00 6.4976735e+00 6.7696678e+00 6.9923507e+00 7.4772766e+00 7.7403664e+00 7.9285230e+00 7.8668269e+00 7.5920245e+00 5.1549538e+00 8.0019629e-01 1.3115600e-01 2.5120983e-01 2.2929133e-01 6.1747412e-01 6.9618411e-01 7.5988905e-01 6.9706799e-01 1.0537469e+00 8.8470862e-01 7.6788404e-01 6.6428514e-01 4.8290829e-01 5.3591120e-01 1.1102317e+00 1.8639570e+00 2.2927799e+00 2.4408640e+00 2.3379691e+00 2.1538584e+00 1.9970362e+00 1.8965629e+00 1.7213761e+00 1.5356668e+00 1.3441238e+00 1.1682521e+00 9.1438446e-01 7.6636514e-01 6.8340789e-01 6.3941181e-01 7.0555936e-01 7.8488783e-01
6.0046655e+00 5.8007168e+00 3.5069693e+00 1.0320468e+00 4.2819099e+00 6.5643827e+00 6.6227291e+00 6.4460765e+00 6.2816662e+00 6.1661552e+00 6.1361757e+00 6.6660139e+00 7.4278361e+00 7.6067445e+00 7.9389769e+00 7.2244166e+00 3.5661100e+00 2.2952676e-01 3.2010687e-02 1.0405579e-01 2.4269321e-01 6.2664808e-01 7.0767568e-01 7.4112249e-01 8.1866119e-01 7.3055600e-01 5.3962827e-01 3.7287888e-01 1.1281045e+00 1.0158981e+00 9.1829456e-01 7.7859809e-01 1.1596929e+00 1.8063560e+00 2.2233027e+00 2.4105582e+00 2.4603770e+00 2.3648683e+00 2.2406358e+00 2.1144434e+00 1.9269548e+00 1.6916942e+00 1.4634151e+00 1.2232569e+00 1.0448571e+00 9.0086094e-01 8.9232419e-01 9.2682839e-01 9.6737064e-01 1.0206192e+00
6.5088618e+00 4.9425147e+00 1.0939492e+00 1.8258053e+00 6.1629505e+00 6.7589938e+00 6.3412147e+00 6.2199110e+00 6.0812196e+00 6.1539911e+00 6.7677874e+00 6.8796432e+00 6.8458136e+00 7.1633863e+00 5.9652746e+00 2.6765138e+00 2.9501884e-02 2.2525374e-01 3.2857268e-01 4.2242559e-01 9.1876903e-01 7.2736520e-01 9.7198292e-01 8.4651568e-01 8.2248604e-01 7.6509478e-01 3.3140246e-01 5.4067317e-01 3.8561795e-01 1.1461208e+00 1.1921624e+00 1.1770049e+00 1.3178665e+00 1.7022880e+00 2.0404240e+00 2.2541833e+00 2.3657756e+00 2.3960866e+00 2.3831322e+00 2.3087774e+00 2.1509322e+00 1.8901808e+00 1.5926038e+00 1.3682963e+00 1.1944311e+00 1.1054802e+00 1.1056327e+00 1.1111124e+00 1.1429227e+00 1.1777971e+00
6.9087556e+00 6.4576892e+00 5.5755127e+00 2.7126892e+00 1.6400128e+00 5.2096878e+00 6.0679975e+00 5.8846676e+00 6.3708526e+00 6.7363717e+00 6.8301948e+00 6.7783380e+00 6.3845135e+00 4.9901474e+00 1.1598861e+00 1.0652527e-03 4.1741915e-02 1.1417896e-01 1.1621559e+00 1.5090411e+00 1.1406618e+00 5.5613727e-01 9.3749196e-01 8.9727237e-01 7.0122301e-01 5.0806613e-01 5.7962555e-01 4.1393317e-01 6.1522177e-01 9.8200409e-01 1.2322500e+00 1.1959458e+00 1.2385141e+00 1.4847717e+00 1.8888953e+00 2.0992898e+00 2.1237956e+00 2.0834221e+00 2.0313172e+00 2.0577549e+00 2.0673252e+00 1.9542556e+00 1.7515986e+00 1.4750414e+00 1.2908280e+00 1.2270194e+00 1.2209399e+00 1.2187284e+00 1.2252240e+00 1.2424743e+00
7.0887623e+00 6.9804327e+00 6.8523061e+00 6.9841348e+00 5.1046295e+00 1.4263148e+00 3.7983910e+00 6.2152904e+00 6.6070156e+00 6.5887878e+00 6.9580618e+00 6.7716235e+00 3.9464277e+00 1.2227227e-01 5.7295986e-03 4.1768755e-03 1.0363770e-01 7.3288277e-01 1.3965457e+00 1.6234030e+00 1.6483359e+00 1.1257035e+00 7.9489870e-01 6.5058336e-01 3.4558449e-01 4.8392660e-01 3.8705916e-01 4.2134667e-01 4.4029734e-01 8.7605906e-01 5.7164995e-01 9.8104360e-01 1.1869808e+00 1.2608047e+00 1.7638425e+00 1.9389323e+00 1.7433758e+00 1.4385929e+00 1.2853062e+00 1.3465798e+00 1.4752518e+00 1.5848860e+00 1.6716759e+00 1.6304756e+00 1.4087549e+00 1.2203968e+00 1.2257624e+00 1.2322929e+00 1.2437762e+00 1.2599120e+00
7.1180835e+00 7.1907143e+00 7.3128805e+00 7.0764827e+00 6.4051296e+00 6.5490311e+00 2.1314534e+00 2.0198079e+00 6.1097305e+00 6.8108175e+00 7.3937323e+00 6.1099658e+00 1.3062755e+00 8.5326975e-04 1.8737314e-02 1.3622106e-01 8.9517038e-01 1.2560098e+00 1.3176453e+00 1.3367184e+00 8.2332988e-01 8.6436790e-01 6.6783275e-01 3.4084450e-01 1.4180315e-01 8.7983548e-02 3.4466409e-01 1.1057061e-01 4.5148535e-02 2.3507033e-01 4.4067515e-01 6.1099927e-01 8.8687330e-01 1.1023285e+00 1.4379331e+00 1.6037498e+00 1.2255915e+00 8.1201268e-01 6.2585891e-01 6.0927860e-01 7.2524237e-01 9.0604961e-01 1.1898775e+00 1.4109312e+00 1.3338025e+00 9.9215155e-01 9.6925283e-01 1.1457588e+00 1.2302151e+00 1.2929091e+00
7.3226935e+00 7.3953468e+00 7.6669327e+00 7.4693869e+00 6.7280968e+00 6.7586247e+00 6.0830053e+00 2.5604329e+00 1.6726772e+00 5.1246801e+00 6.3633652e+00 7.6809901e+00 5.0467602e+00 1.7379077e+00 1.2500267e-01 5.8572822e-01 1.3131981e+00 1.2862921e+00 1.3809481e+00 1.7128664e+00 8.5219949e-04 0.0000000e+00 9.5116155e-04 2.1006634e-01 5.9946421e-02 3.4014263e-02 1.2325384e-01 1.4644772e-02 3.0867956e-02 2.1042050e-01 3.5461772e-01 1.1128816e-01 5.0795109e-02 5.1167314e-01 8.5678918e-01 1.1423760e+00 9.6381453e-01 6.6796659e-01 4.3015365e-01 2.6990640e-01 2.7029520e-01 4.4621119e-01 6.5952328e-01 8.7814395e-01 9.5251932e-01 7.4490155e-01 5.7502255e-01 6.5180541e-01 8.6915848e-01 1.1629306e+00
7.5798950e+00 7.6019308e+00 7.8242176e+00 7.9049221e+00 7.6356586e+00 7.3415262e+00 7.3555944e+00 6.9715859e+00 4.8986376e+00 1.6924197e+00 5.9242646e+00 7.3842918e+00 6.5381616e+00 3.7124560e+00 5.2157535e-01 7.4996064e-01 1.0265489e+00 1.0249624e+00 1.2902621e+00 1.2019915e+00 9.3253477e-04 0.0000000e+00 3.8981593e-01 3.8935124e-01 7.6277777e-02 8.6850571e-03 1.5654641e-02 5.8673122e-02 7.0470028e-02 2.5499414e-01 2.1259456e-01 1.8594621e-01 1.4697108e-01 6.2063216e-02 2.8541378e-01 8.7993511e-01 8.2698510e-01 8.1935457e-01 6.1820189e-01 2.3428358e-01 1.9796029e-01 3.4555813e-01 4.2343674e-01 4.3622698e-01 5.0607406e-01 5.4956660e-01 4.6605946e-01 4.1580546e-01 5.8961348e-01 8.3250515e-01
7.7206482e+00 7.6172282e+00 7.7955466e+00 8.0006353e+00 7.7233410e+00 7.6389531e+00 7.3092233e+00 5.5006628e+00 4.9993529e+00 5.1597187e+00 8.2332106e+00 8.7682107e+00 5.2714867e+00 8.3003812e-01 2.6336930e-01 3.9851375e-01 7.1282312e-01 6.3902396e-01 5.1868387e-01 6.4193948e-01 7.0313340e-01 1.8828488e-01 4.6247354e-02 1.2299656e-01 1.8817060e-01 7.6806996e-02 8.7228095e-03 9.8626943e-04 1.2899997e-02 2.7930548e-01 2.8110756e-01 2.5174030e-01 2.4661115e-01 1.3369947e-01 5.3390173e-01 8.1370402e-01 1.0353759e+00 6.8225537e-01 6.0524525e-01 4.0094445e-01 5.6786067e-01 4.9249243e-01 3.9144036e-01 2.4041664e-01 1.7103289e-01 2.4567802e-01 4.9224249e-01 6.4322458e-01 8.0180801e-01 8.9800157e-01
7.7006804e+00 7.1884605e+00 6.7792378e+00 7.3503932e+00 6.9717949e+00 5.8480982e+00 5.0319348e+00 4.6331739e+00 5.2284537e+00 6.0194004e+00 8.1312299e+00 7.2558317e+00 1.2510509e+00 5.4414394e-01 2.1605947e-01 1.0857813e-01 9.9753684e-01 1.0567139e+00 3.0455687e-01 3.6514942e-01 5.8150866e-01 8.3160823e-02 1.6366445e-01 1.0947948e-01 1.7357922e-01 2.2584666e-01 1.7661900e-01 1.0013037e-03 1.5011433e-02 1.0165029e-01 1.9419849e-01 1.1135279e-01 1.2152595e-03 2.0808820e-01 3.9471885e-01 1.7766589e-01 8.0857393e-01 1.6004916e-01 3.9451876e-01 4.2937842e-01 5.8184054e-01 7.4458227e-01 3.5797667e-01 2.0077020e-01 6.3072714e-02 9.9496952e-04 1.0337305e-01 1.0692323e+00 1.0670339e+00 1.1708122e+00
