ahotovec/data/depth_0042.asc
ncols     164
nrows     146
xllcorner -1.242151388888889e+02
yllcorner  4.172986111111111e+01
cellsize  2.777777777820000e-04
nodata_value       -9999
[rows 66 to 87 of 146, columns 0 to 49 of 164]
7.8086913e-01 5.5846424e-01 3.6261595e-02 1.7707773e-03 8.8825077e-04 0.0000000e+00 0.0000000e+00 0.0000000e+00 0.0000000e+00 0.0000000e+00 0.0000000e+00 0.0000000e+00 0.0000000e+00 0.0000000e+00 0.0000000e+00 0.0000000e+00 0.0000000e+00 0.0000000e+00 0.0000000e+00 0.0000000e+00 0.0000000e+00 0.0000000e+00 0.0000000e+00 0.0000000e+00 0.0000000e+00 0.0000000e+00 0.0000000e+00 0.0000000e+00 0.0000000e+00 0.0000000e+00 0.0000000e+00 0.0000000e+00 0.0000000e+00 0.0000000e+00 0.0000000e+00 0.0000000e+00 0.0000000e+00 0.0000000e+00 0.0000000e+00 0.0000000e+00 0.0000000e+00 0.0000000e+00 0.0000000e+00 0.0000000e+00 0.0000000e+00 0.0000000e+00 0.0000000e+00 0.0000000e+00 0.0000000e+00 0.0000000e+00
3.8509145e-01 3.4907487e-01 2.6491370e-01 1.2503784e-01 9.5233466e-04 9.4937430e-04 7.8601789e-04 0.0000000e+00 0.0000000e+00 0.0000000e+00 0.0000000e+00 0.0000000e+00 0.0000000e+00 0.0000000e+00 0.0000000e+00 0.0000000e+00 0.0000000e+00 0.0000000e+00 0.0000000e+00 0.0000000e+00 0.0000000e+00 0.0000000e+00 0.0000000e+00 0.0000000e+00 0.0000000e+00 0.0000000e+00 0.0000000e+00 0.0000000e+00 0.0000000e+00 0.0000000e+00 0.0000000e+00 0.0000000e+00 0.0000000e+00 0.0000000e+00 0.0000000e+00 0.0000000e+00 0.0000000e+00 0.0000000e+00 0.0000000e+00 0.0000000e+00 0.0000000e+00 0.0000000e+00 0.0000000e+00 0.0000000e+00 0.0000000e+00 0.0000000e+00 0.0000000e+00 0.0000000e+00 0.0000000e+00 0.0000000e+00
2.5911070e-01 3.0761904e-01 2.0173777e-01 3.0483461e-01 6.4202027e-01 2.4901549e-01 3.7069774e-03 8.8300842e-04 8.4144253e-04 0.0000000e+00 0.0000000e+00 0.0000000e+00 0.0000000e+00 0.0000000e+00 0.0000000e+00 0.0000000e+00 0.0000000e+00 0.0000000e+00 0.0000000e+00 0.0000000e+00 0.0000000e+00 0.0000000e+00 0.0000000e+00 0.0000000e+00 0.0000000e+00 0.0000000e+00 0.0000000e+00 0.0000000e+00 0.0000000e+00 0.0000000e+00 0.0000000e+00 0.0000000e+00 0.0000000e+00 0.0000000e+00 0.0000000e+00 0.0000000e+00 0.0000000e+00 0.0000000e+00 0.0000000e+00 0.0000000e+00 0.0000000e+00 0.0000000e+00 0.0000000e+00 0.0000000e+00 0.0000000e+00 0.0000000e+00 0.0000000e+00 0.0000000e+00 0.0000000e+00 0.0000000e+00
2.4715431e-01 1.1183830e-01 1.7527530e+00 2.1768320e+00 2.1938350e+00 2.2253505e+00 1.6459224e+00 8.0270819e-01 2.4468098e-02 1.5835138e-02 9.3065875e-04 7.5009878e-04 0.0000000e+00 0.0000000e+00 0.0000000e+00 0.0000000e+00 0.0000000e+00 0.0000000e+00 0.0000000e+00 0.0000000e+00 0.0000000e+00 0.0000000e+00 0.0000000e+00 0.0000000e+00 0.0000000e+00 0.0000000e+00 0.0000000e+00 0.0000000e+00 0.0000000e+00 0.0000000e+00 0.0000000e+00 0.0000000e+00 0.0000000e+00 0.0000000e+00 0.0000000e+00 0.0000000e+00 0.0000000e+00 0.0000000e+00 0.0000000e+00 0.0000000e+00 0.0000000e+00 0.0000000e+00 0.0000000e+00 0.0000000e+00 0.0000000e+00 0.0000000e+00 0.0000000e+00 0.0000000e+00 0.0000000e+00 0.0000000e+00
4.5070119e-02 2.3034840e+00 2.5848056e+00 2.6022755e+00 2.5721912e+00 2.4072847e+00 1.9541686e+00 1.4068667e+00 2.0118665e+00 1.1914143e+00 7.2455057e-03 9.9826560e-04 0.0000000e+00 0.0000000e+00 0.0000000e+00 0.0000000e+00 0.0000000e+00 0.0000000e+00 0.0000000e+00 0.0000000e+00 0.0000000e+00 0.0000000e+00 0.0000000e+00 0.0000000e+00 0.0000000e+00 0.0000000e+00 0.0000000e+00 0.0000000e+00 0.0000000e+00 0.0000000e+00 0.0000000e+00 0.0000000e+00 0.0000000e+00 0.0000000e+00 0.0000000e+00 0.0000000e+00 0.0000000e+00 0.0000000e+00 0.0000000e+00 0.0000000e+00 0.0000000e+00 0.0000000e+00 0.0000000e+00 0.0000000e+00 0.0000000e+00 0.0000000e+00 0.0000000e+00 0.0000000e+00 0.0000000e+00 0.0000000e+00
2.7159255e+00 6.9743924e-01 1.7294547e+00 2.6217895e+00 2.6996791e+00 1.2179623e+00 1.5668379e+00 1.6447206e+00 2.4105376e+00 1.6349466e+00 9.8679638e-04 5.8395253e-04 0.0000000e+00 0.0000000e+00 0.0000000e+00 0.0000000e+00 0.0000000e+00 0.0000000e+00 0.0000000e+00 0.0000000e+00 0.0000000e+00 0.0000000e+00 0.0000000e+00 0.0000000e+00 0.0000000e+00 0.0000000e+00 0.0000000e+00 0.0000000e+00 0.0000000e+00 0.0000000e+00 0.0000000e+00 0.0000000e+00 0.0000000e+00 0.0000000e+00 0.0000000e+00 0.0000000e+00 0.0000000e+00 0.0000000e+00 0.0000000e+00 0.0000000e+00 0.0000000e+00 0.0000000e+00 0.0000000e+00 0.0000000e+00 0.0000000e+00 0.0000000e+00 0.0000000e+00 0.0000000e+00 0.0000000e+00 0.0000000e+00
3.0471001e+00 1.5237215e+00 2.2821154e+00 1.9847740e+00 2.9175526e+00 2.8444403e+00 2.6133439e+00 2.4762195e+00 2.4221495e+00 1.4210373e+00 9.1687611e-04 8.7839071e-04 0.0000000e+00 0.0000000e+00 0.0000000e+00 0.0000000e+00 0.0000000e+00 0.0000000e+00 0.0000000e+00 0.0000000e+00 0.0000000e+00 0.0000000e+00 0.0000000e+00 0.0000000e+00 0.0000000e+00 0.0000000e+00 0.0000000e+00 0.0000000e+00 0.0000000e+00 0.0000000e+00 0.0000000e+00 0.0000000e+00 0.0000000e+00 0.0000000e+00 0.0000000e+00 0.0000000e+00 0.0000000e+00 0.0000000e+00 0.0000000e+00 0.0000000e+00 0.0000000e+00 0.0000000e+00 0.0000000e+00 0.0000000e+00 0.0000000e+00 9.9969551e-04 0.0000000e+00 0.0000000e+00 9.9632269e-04 9.9975429e-04
3.2221002e+00 2.8954672e+00 2.9792937e+00 2.8255953e+00 3.0311581e+00 2.9454009e+00 2.7804498e+00 2.6509404e+00 2.3497356e+00 6.5640494e-01 4.3789086e-03 2.7729755e-03 9.3820717e-04 5.1582867e-03 3.0368601e-02 2.2614737e-02 9.2813604e-04 9.5546115e-04 8.0567904e-04 9.2949442e-04 9.5040976e-04 9.8524701e-04 0.0000000e+00 0.0000000e+00 0.0000000e+00 0.0000000e+00 0.0000000e+00 0.0000000e+00 0.0000000e+00 0.0000000e+00 0.0000000e+00 0.0000000e+00 0.0000000e+00 0.0000000e+00 0.0000000e+00 0.0000000e+00 0.0000000e+00 0.0000000e+00 0.0000000e+00 0.0000000e+00 0.0000000e+00 0.0000000e+00 0.0000000e+00 0.0000000e+00 9.9979242e-04 9.9688757e-04 9.9848744e-04 9.8613259e-04 9.9756050e-04 9.9947222e-04
4.0229463e+00 3.2186183e+00 3.0248598e+00 3.0043229e+00 3.0629320e+00 3.1047394e+00 3.0138615e+00 2.8912197e+00 2.6869296e+00 2.2840240e+00 1.9164872e+00 1.6649192e+00 1.6081796e+00 1.6603888e+00 1.9190202e+00 1.8665244e+00 1.9846717e+00 2.0167501e+00 1.7351385e+00 1.3776565e+00 9.1195110e-01 2.1537322e-02 9.6573181e-04 8.6674988e-04 9.6227895e-04 9.2445289e-04 0.0000000e+00 0.0000000e+00 0.0000000e+00 0.0000000e+00 0.0000000e+00 0.0000000e+00 0.0000000e+00 0.0000000e+00 0.0000000e+00 0.0000000e+00 0.0000000e+00 0.0000000e+00 0.0000000e+00 0.0000000e+00 0.0000000e+00 0.0000000e+00 0.0000000e+00 9.9482613e-04 9.9870596e-04 9.9754497e-04 8.5441802e-03 9.9835942e-04 9.9319418e-04 9.9898683e-04
5.0165761e+00 3.7095783e+00 2.9161920e+00 3.0056649e+00 3.2109969e+00 3.3848001e+00 3.3982527e+00 3.3072143e+00 3.1872661e+00 3.0140230e+00 2.7822452e+00 2.6720641e+00 2.5305729e+00 2.5002563e+00 2.1307631e+00 1.2808095e+00 2.1492900e+00 2.3764853e+00 2.3321813e+00 2.2184602e+00 2.2681910e+00 1.9427472e+00 1.8447100e+00 1.1633541e+00 1.7365713e+00 7.4987649e-04 7.7544998e-04 0.0000000e+00 0.0000000e+00 0.0000000e+00 0.0000000e+00 0.0000000e+00 0.0000000e+00 0.0000000e+00 0.0000000e+00 0.0000000e+00 0.0000000e+00 0.0000000e+00 0.0000000e+00 0.0000000e+00 0.0000000e+00 0.0000000e+00 3.7113552e-06 9.9419864e-04 9.9747937e-04 9.8366817e-04 7.1629200e-04 9.9937201e-04 9.8924549e-04 9.6259031e-04
6.1542934e+00 4.2027146e+00 2.8433665e+00 2.2734103e+00 2.8329756e+00 3.9799418e+00 4.0250171e+00 3.9321953e+00 3.7584043e+00 3.4887945e+00 3.1505991e+00 2.8501588e+00 2.5980384e+00 2.4153429e+00 1.6072311e+00 1.0737771e+00 1.6672127e+00 2.2224945e+00 1.7736469e+00 1.8660659e+00 1.9830609e+00 1.6040723e+00 2.1520470e+00 2.1210904e+00 2.2348869e+00 2.2211939e+00 9.4948280e-01 9.0893361e-04 9.6551301e-04 0.0000000e+00 0.0000000e+00 0.0000000e+00 0.0000000e+00 0.0000000e+00 0.0000000e+00 0.0000000e+00 0.0000000e+00 0.0000000e+00 0.0000000e+00 0.0000000e+00 0.0000000e+00 0.0000000e+00 9.7540778e-04 9.9240860e-04 9.7476642e-04 8.4804774e-04 9.9825681e-04 9.9799839e-04 9.9580090e-04 9.2474664e-04
8.2799621e+00 5.6511540e+00 3.3115894e+00 2.5721429e+00 3.9909108e+00 4.9308015e+00 4.9051430e+00 4.7713049e+00 4.5179635e+00 4.1528600e+00 3.7119228e+00 3.2289347e+00 2.8080247e+00 2.5198415e+00 2.1111797e+00 1.5780389e+00 2.2548857e+00 2.4324853e+00 2.2061005e+00 2.0410704e+00 2.3395780e+00 2.0902735e+00 2.2088209e+00 2.1739466e+00 2.2845001e+00 2.5195009e+00 1.3415073e+00 1.7864311e+00 1.8141004e-01 9.7299388e-04 9.3928395e-04 0.0000000e+00 0.0000000e+00 0.0000000e+00 0.0000000e+00 0.0000000e+00 0.0000000e+00 0.0000000e+00 0.0000000e+00 9.9876021e-04 9.9952697e-04 0.0000000e+00 9.8455479e-04 9.9118382e-04 9.8424437e-02 8.2651252e-02 4.1624153e-02 9.8289030e-04 1.5322744e-01 9.1715753e-02
1.0100402e+01 8.2277373e+00 7.2922499e+00 5.6754091e+00 6.2255252e+00 6.0112595e+00 5.8391719e+00 5.5908185e+00 5.2152265e+00 4.7649078e+00 4.1875852e+00 3.5506783e+00 2.9553362e+00 2.5661450e+00 2.1779066e+00 1.3803023e+00 2.3020883e+00 2.4047403e+00 2.8165346e+00 2.6086203e+00 2.0897976e+00 2.1932250e+00 1.6331449e+00 2.1158634e+00 1.8544792e+00 1.4970688e+00 2.1214744e+00 2.3230175e+00 2.4724332e+00 1.0595736e+00 7.8840119e-04 7.4693057e-04 0.0000000e+00 0.0000000e+00 0.0000000e+00 0.0000000e+00 9.9959158e-04 9.9884596e-04 9.9882070e-04 9.9586693e-04 9.9996703e-04 9.8721785e-04 9.8211491e-04 9.7926930e-04 2.2671727e-01 3.5361746e-01 2.1710768e-01 1.2250740e-01 2.9216421e-01 2.8362255e-01
1.0619990e+01 9.9051670e+00 9.7988308e+00 8.2194015e+00 8.4297233e+00 7.4565870e+00 6.9990952e+00 6.6196558e+00 6.1670761e+00 5.5955254e+00 4.7962843e+00 3.9197071e+00 3.1260488e+00 2.4242382e+00 1.9524993e+00 1.8340384e+00 2.0340500e+00 2.1815212e+00 2.8876185e+00 2.2575066e+00 1.5115682e+00 2.3171276e+00 2.3824534e+00 2.4566430e+00 2.2314439e+00 2.3869751e+00 2.2642965e+00 2.1534249e+00 2.1884033e+00 2.6452842e+00 1.5495916e+00 4.2497786e-03 8.4737980e-04 9.2787012e-04 8.8507855e-04 9.9044681e-04 9.7103878e-04 9.9921124e-04 9.9876747e-04 9.9614498e-04 9.9674711e-04 9.9931896e-04 9.9986744e-04 9.9625955e-04 2.6114536e-02 8.1317381e-02 3.4481507e-01 2.1934030e-01 5.0126630e-01 7.5221822e-01
1.1287381e+01 1.1008670e+01 1.0669899e+01 1.0050760e+01 9.5194394e+00 8.8037564e+00 8.3184003e+00 7.8390234e+00 7.5001122e+00 6.9006335e+00 5.6678104e+00 4.3567456e+00 3.4405894e+00 2.6790401e+00 2.0316414e+00 1.8948365e+00 1.8252506e+00 1.6883004e+00 1.5020909e-01 8.5953358e-01 2.4147988e+00 2.2931056e+00 2.5408055e+00 2.4000764e+00 1.3881702e+00 2.1841230e+00 2.4743381e+00 2.1716272e+00 2.1943138e+00 1.1691867e+00 2.5208680e+00 2.4848710e+00 1.6715354e+00 9.7499042e-04 9.2606237e-04 8.3353728e-04 9.8538066e-04 9.9672145e-04 9.9997096e-04 9.9997938e-04 9.9362832e-04 5.2987963e-02 9.9742878e-04 9.4961459e-04 9.7536787e-04 8.9395297e-04 9.3527970e-04 9.7114411e-04 3.4045906e-01 2.3578835e-01
1.1242577e+01 1.1101128e+01 1.0859854e+01 1.0397970e+01 9.8937433e+00 9.2899692e+00 8.8044128e+00 8.5914874e+00 8.4400107e+00 7.9318646e+00 6.4808925e+00 4.6349189e+00 3.8404176e+00 3.2458415e+00 2.2379956e+00 1.1911281e+00 2.1225019e+00 2.0653142e+00 2.0926133e+00 2.2615060e+00 2.5359172e+00 2.3969518e+00 2.5985371e+00 2.1664047e+00 1.8509869e-04 1.3030006e+00 2.5555554e+00 2.2801006e+00 2.2906604e+00 2.3987322e+00 2.4986082e+00 2.6692150e+00 2.6695848e+00 2.3251025e+00 2.2136907e+00 1.5723959e+00 6.8551023e-01 9.8368348e-04 9.8376949e-04 9.9613715e-04 9.9557507e-04 9.6707741e-04 9.9932303e-04 9.9218786e-04 9.8989610e-04 9.8123988e-04 9.4210249e-04 8.7964982e-04 9.8719988e-04 9.9493114e-04
1.1066716e+01 1.0874189e+01 1.0702789e+01 1.0385491e+01 1.0013678e+01 9.5775502e+00 9.2187106e+00 8.9761353e+00 8.7426354e+00 8.2433916e+00 7.0180079e+00 4.9829151e+00 4.8285378e+00 4.5988886e+00 2.9786398e+00 2.4651784e+00 2.9598445e+00 3.1060993e+00 3.3058400e+00 3.1327170e+00 2.8820853e+00 2.6606875e+00 2.5636395e+00 2.4132903e+00 2.8493972e-01 1.9997429e+00 1.8030938e+00 2.5440640e+00 2.5369859e+00 2.3382743e+00 1.8099250e+00 2.5410495e+00 2.6049321e+00 2.6631672e+00 2.7005150e+00 2.7259073e+00 2.3469885e+00 1.9089686e+00 1.9789248e+00 5.3322885e-02 7.8794971e-04 9.9675367e-04 9.9611546e-04 9.9750772e-04 9.9814541e-04 9.9857304e-04 9.9817081e-04 9.6829180e-04 9.8314220e-04 9.9874246e-04
1.0962255e+01 1.0591137e+01 1.0484086e+01 1.0354122e+01 1.0076766e+01 9.7596991e+00 9.4341615e+00 9.2022205e+00 8.9155947e+00 8.4333409e+00 7.4697883e+00 6.5088611e+00 6.9065393e+00 7.4770446e+00 5.9491005e+00 4.9423252e+00 4.8503506e+00 4.7148545e+00 4.3879370e+00 4.0334695e+00 3.5535903e+00 2.9699410e+00 2.4614082e+00 2.1182762e+00 2.1004011e+00 2.4508129e+00 1.7388308e+00 2.5918471e+00 2.5073673e+00 1.6853380e+00 2.2466201e+00 2.5776353e+00 2.5257219e+00 2.4635252e+00 2.3757964e+00 2.2871801e+00 2.1836764e+00 2.3758084e+00 2.5161210e+00 1.6944985e+00 1.6325348e+00 8.1327442e-04 8.2251506e-04 9.9836578e-04 9.9774880e-04 9.9925733e-04 9.9879861e-04 9.9866229e-04 9.9866510e-04 9.9620669e-04
1.0935253e+01 1.0383381e+01 1.0486171e+01 1.0381890e+01 1.0096315e+01 9.8564415e+00 9.6035985e+00 9.3767318e+00 9.0978332e+00 8.7117212e+00 8.1730121e+00 7.7878907e+00 7.9913387e+00 8.0640457e+00 7.1738876e+00 6.7791410e+00 6.7232249e+00 6.3033656e+00 5.7461016e+00 4.9932666e+00 4.2375247e+00 3.4913987e+00 2.7915149e+00 2.3436273e+00 2.2079110e+00 2.5420742e+00 1.7985324e+00 1.9596026e+00 2.1966782e+00 2.0833521e+00 2.3792329e+00 2.4158752e+00 2.4030394e+00 2.3368634e+00 2.2523347e+00 2.1529555e+00 2.1239604e+00 2.2726559e+00 2.5225094e+00 2.2715692e+00 1.7433385e+00 1.3715253e+00 8.6829265e-04 8.6134183e-04 0.0000000e+00 0.0000000e+00 9.9749328e-04 9.9946624e-04 9.9946535e-04 9.9999585e-04
1.0964294e+01 1.0487522e+01 1.0287942e+01 1.0224284e+01 1.0236673e+01 9.9378870e+00 9.7696288e+00 9.5385298e+00 9.2783561e+00 8.9892773e+00 8.6549376e+00 8.4313661e+00 8.3938042e+00 8.2361372e+00 7.7364575e+00 7.5361616e+00 7.5512083e+00 7.2206518e+00 6.8020537e+00 5.9947121e+00 5.0480469e+00 3.9887665e+00 3.2605272e+00 2.6697062e+00 1.5260149e+00 2.1794532e+00 2.1240120e+00 1.7937935e+00 1.3266292e+00 1.9799236e+00 2.2314330e+00 2.3177466e+00 2.3609452e+00 2.2534605e+00 2.1660877e+00 2.1400131e+00 2.1608715e+00 2.2911833e+00 2.5136721e+00 2.5062287e+00 2.1047434e+00 2.5066593e+00 1.7960526e+00 7.8626982e-04 0.0000000e+00 0.0000000e+00 8.6781785e-04 9.7570967e-04 0.0000000e+00 0.0000000e+00
1.1319642e+01 9.7225127e+00 1.0204417e+01 9.8312626e+00 1.0400412e+01 9.9885008e+00 9.8706978e+00 9.6709593e+00 9.4376432e+00 9.1906968e+00 8.9313414e+00 8.7348619e+00 8.6053811e+00 8.4379720e+00 8.1525505e+00 7.9503968e+00 7.8233527e+00 7.5442786e+00 7.1093216e+00 6.7447316e+00 5.8220144e+00 4.3498648e+00 3.5663923e+00 2.9637756e+00 2.2003484e+00 1.7631640e+00 1.9139529e+00 2.4626745e+00 2.0674784e+00 2.0857326e+00 2.1975207e+00 2.3032199e+00 2.4343048e+00 2.2144899e+00 2.1115411e+00 2.1122029e+00 2.1576650e+00 2.2852202e+00 2.4295989e+00 2.5793780e+00 2.5588802e+00 2.7493098e+00 1.7241478e+00 9.1070678e-04 7.1563909e-04 9.7233982e-04 9.9973685e-04 9.9992676e-04 9.9061204e-04 0.0000000e+00
1.2018695e+01 1.1298883e+01 1.0780759e+01 1.0289540e+01 1.0230334e+01 1.0219378e+01 1.0033407e+01 9.9171873e+00 9.7313789e+00 9.5060902e+00 9.2606937e+00 9.0454217e+00 8.8489762e+00 8.6132636e+00 8.3458193e+00 8.1084017e+00 7.8956790e+00 7.5927253e+00 7.1217441e+00 6.4608169e+00 5.4723337e+00 4.5430701e+00 3.7791166e+00 3.2527896e+00 2.6465236e+00 1.8882880e+00 2.3441527e+00 2.5003575e+00 2.5282084e+00 2.1954671e+00 2.2352404e+00 2.6128222e+00 1.0389103e+00 9.5473377e-01 2.0529824e+00 2.0456837e+00 2.1071690e+00 2.2055757e+00 2.2902987e+00 2.3732810e+00 2.4594011e+00 1.5453438e+00 2.8589972e-04 2.7028908e-01 1.5833531e+00 7.2201841e-01 9.9595742e-04 9.9568319e-04 9.7598951e-04 3.4587123e-03
