ahotovec/data/depth_0008.asc
ncols     164
nrows     146
xllcorner -1.242151388888889e+02
yllcorner  4.172986111111111e+01
cellsize  2.777777777820000e-04
nodata_value       -9999
[rows 110 to 131 of 146, columns 100 to 149 of 164]
5.9994281e+00 5.9767179e+00 5.9937039e+00 5.9801822e+00 5.9062623e+00 5.9594106e+00 3.0333843e+00 3.8755132e-01 9.0648656e-04 9.8821461e-04 0.0000000e+00 0.0000000e+00 0.0000000e+00 2.2045134e-02 1.1594756e+00 1.7149712e+00 1.9609476e+00 1.7344360e+00 1.8341521e+00 3.3343775e+00 4.1890836e+00 4.3893482e+00 4.5511606e+00 4.4600433e+00 3.9519181e+00 4.0828663e+00 4.0695745e+00 4.2030395e+00 4.2572269e+00 4.4799942e+00 4.3435637e+00 3.7472406e+00 4.0483450e+00 4.6314537e+00 5.1551973e+00 5.3294485e+00 5.3426253e+00 5.0892198e+00 5.0519620e+00 5.1651871e+00 5.3183160e+00 5.3725967e+00 5.4393953e+00 5.6244550e+00 5.7015480e+00 5.7640867e+00 5.8030692e+00 5.6822715e+00 5.5839885e+00 5.4138349e+00
6.0929389e+00 6.1347853e+00 6.1093543e+00 6.0782746e+00 5.9997789e+00 6.1041697e+00 6.0260276e+00 4.1342322e+00 2.5996947e+00 2.3771548e+00 7.2846664e-01 1.1009635e+00 1.6477594e+00 1.9984031e+00 1.9416273e+00 1.9662945e+00 2.4127145e+00 2.4466896e+00 2.3289335e+00 3.4979682e+00 4.2566980e+00 4.4025209e+00 4.5950692e+00 4.6053033e+00 4.0608882e+00 3.8567703e+00 3.7729120e+00 4.2124925e+00 4.4082969e+00 4.6705650e+00 4.7578963e+00 4.6146527e+00 4.6038073e+00 4.8359676e+00 5.5001289e+00 5.7912078e+00 5.6994191e+00 5.4878384e+00 5.2924749e+00 5.3410569e+00 5.5356344e+00 5.5849781e+00 5.5252243e+00 5.6007263e+00 5.6930851e+00 5.7795353e+00 5.9337055e+00 5.8757156e+00 5.7061253e+00 5.5942393e+00
6.1967678e+00 6.2737513e+00 6.3140236e+00 6.2770310e+00 6.2523541e+00 6.1673110e+00 6.2871304e+00 6.6497553e+00 6.3264571e+00 5.2546161e+00 4.2611922e+00 4.1536236e+00 4.3774411e+00 3.9233527e+00 2.8353515e+00 2.5070274e+00 3.0005126e+00 3.1529842e+00 3.3626499e+00 4.1464661e+00 4.4941930e+00 4.3077039e+00 4.4048887e+00 4.4539511e+00 4.2588811e+00 4.2240426e+00 3.7398311e+00 4.3734433e+00 4.7282362e+00 5.0679804e+00 5.4171037e+00 5.5735941e+00 5.2626620e+00 4.9804366e+00 5.4871325e+00 5.9328028e+00 5.9548017e+00 5.7405111e+00 5.4701871e+00 5.4368377e+00 5.6844043e+00 5.6584546e+00 5.6210442e+00 5.6167316e+00 5.6578826e+00 5.7119701e+00 5.8692303e+00 5.9171076e+00 5.8405473e+00 5.8066504e+00
6.3703442e+00 6.4453312e+00 6.4921125e+00 6.5082244e+00 6.5062286e+00 6.4623937e+00 6.4062466e+00 6.4096839e+00 6.2280174e+00 5.7240210e+00 6.0850276e+00 5.8921999e+00 5.6567164e+00 5.0732029e+00 4.1226813e+00 3.8516562e+00 4.0322028e+00 4.3218358e+00 4.7355419e+00 5.1388814e+00 5.0723116e+00 4.7074046e+00 4.5005178e+00 4.5530868e+00 4.6719581e+00 5.0421149e+00 4.6478438e+00 4.9261927e+00 5.1702339e+00 5.4515877e+00 5.8742796e+00 6.3998693e+00 5.8499768e+00 5.5255434e+00 5.8656514e+00 6.2416415e+00 6.3159342e+00 6.0476149e+00 5.7720706e+00 5.6801593e+00 5.7548558e+00 5.7165033e+00 5.6780645e+00 5.6555659e+00 5.7046882e+00 5.7936483e+00 5.9281835e+00 5.9860085e+00 5.9658906e+00 5.9593040e+00
6.5679082e+00 6.6605026e+00 6.7058220e+00 6.7632634e+00 6.7916274e+00 6.7589309e+00 6.7083457e+00 6.6461614e+00 6.5481555e+00 6.4957661e+00 6.9677236e+00 6.6306336e+00 6.5689356e+00 6.3563858e+00 5.8744735e+00 5.5449397e+00 5.5807007e+00 5.6034852e+00 5.9002242e+00 6.0674594e+00 5.9154730e+00 5.3652267e+00 4.9048966e+00 4.9576050e+00 5.2633874e+00 5.5048555e+00 5.4770462e+00 5.5913855e+00 5.7320247e+00 5.7537860e+00 5.7635387e+00 6.1458131e+00 6.0152703e+00 5.9798812e+00 6.3004944e+00 6.7234083e+00 6.9368671e+00 6.4801084e+00 5.9971667e+00 5.9145899e+00 5.8824535e+00 5.7877713e+00 5.7924857e+00 5.7649484e+00 5.8143902e+00 5.9418056e+00 6.0493555e+00 6.1244590e+00 6.0825586e+00 6.0043749e+00
6.8229239e+00 6.9027701e+00 6.9502519e+00 6.9884556e+00 7.0297214e+00 7.0121294e+00 7.0015968e+00 6.9344581e+00 6.8469230e+00 6.8451729e+00 6.8207708e+00 7.0696104e+00 7.6977837e+00 7.5974153e+00 7.3424608e+00 7.1088631e+00 6.7441331e+00 6.6908653e+00 7.0694579e+00 7.1572268e+00 6.8953629e+00 6.2607017e+00 5.7470221e+00 5.6679615e+00 5.8962542e+00 6.0947093e+00 6.1494890e+00 6.2735104e+00 6.3465653e+00 6.1404285e+00 5.9802773e+00 6.0946748e+00 6.1338199e+00 6.2615276e+00 6.5821794e+00 7.0955594e+00 7.4308543e+00 6.9052077e+00 6.3276461e+00 6.2508211e+00 6.1786803e+00 6.0281789e+00 5.9927836e+00 5.9402317e+00 5.9971788e+00 6.1437680e+00 6.2195722e+00 6.2912950e+00 6.2119677e+00 6.0799438e+00
7.0677372e+00 7.0627944e+00 7.1481606e+00 7.2835123e+00 7.3289396e+00 7.3931320e+00 7.2768877e+00 7.2386193e+00 7.1186720e+00 7.2185605e+00 7.3108398e+00 7.8979445e+00 8.6600330e+00 8.3965146e+00 8.1235539e+00 7.6221126e+00 6.9032174e+00 6.9980549e+00 7.8945095e+00 7.8682895e+00 7.3788626e+00 6.8338805e+00 6.4187672e+00 6.3323352e+00 6.4767034e+00 6.5905676e+00 6.8857707e+00 6.6018425e+00 6.5545002e+00 6.3218927e+00 6.1442470e+00 6.1051123e+00 6.1551425e+00 6.3472140e+00 6.5858072e+00 7.0387437e+00 7.2816721e+00 6.9690394e+00 6.5339439e+00 6.4904286e+00 6.5313324e+00 6.4086181e+00 6.1775689e+00 6.0646603e+00 6.2113051e+00 6.4439008e+00 6.3433345e+00 6.3303546e+00 6.2531990e+00 6.1565128e+00
7.1067705e+00 7.2835895e+00 7.3540325e+00 7.4621797e+00 7.5769465e+00 7.5825672e+00 7.5463076e+00 7.4089486e+00 7.2656907e+00 7.5086429e+00 7.8842509e+00 8.0809897e+00 7.8555079e+00 7.8197802e+00 7.7365737e+00 7.4428206e+00 6.6148833e+00 5.8341777e+00 7.5605958e+00 7.8422126e+00 7.5818172e+00 7.3077376e+00 7.1729105e+00 7.1847449e+00 7.3177178e+00 7.4272294e+00 7.4516633e+00 7.0403041e+00 6.8901278e+00 6.6159895e+00 6.3145937e+00 6.1239547e+00 6.0853407e+00 6.2932708e+00 6.5714366e+00 6.7990888e+00 6.9174910e+00 6.7711792e+00 6.5437552e+00 6.3816925e+00 6.5555149e+00 6.5875803e+00 6.5537096e+00 6.3637891e+00 6.4360016e+00 6.5901590e+00 6.4571647e+00 6.3569024e+00 6.2909251e+00 6.2389048e+00
7.4069252e+00 7.5799815e+00 7.6902127e+00 7.6798827e+00 7.7081311e+00 7.8469775e+00 7.7956471e+00 7.5406123e+00 7.7947415e+00 8.3904394e+00 8.6077593e+00 8.6904958e+00 8.1327426e+00 7.9191659e+00 7.2342251e+00 7.8606643e+00 7.9332286e+00 6.9661057e+00 7.1741745e+00 7.2941282e+00 7.3632123e+00 7.4625461e+00 7.6130216e+00 7.8341806e+00 7.8485024e+00 7.8629537e+00 7.7476024e+00 7.5209963e+00 7.2653611e+00 6.8672854e+00 6.4821687e+00 6.2095031e+00 6.0879997e+00 6.3164235e+00 6.5406302e+00 6.6433128e+00 6.7037564e+00 6.6575369e+00 6.5897146e+00 6.4906501e+00 6.5995041e+00 6.7226059e+00 6.8591830e+00 6.6925294e+00 6.6275106e+00 6.6201714e+00 6.4898718e+00 6.3538064e+00 6.3140267e+00 6.3139343e+00
7.7325770e+00 7.4287518e+00 7.8433905e+00 8.3549999e+00 8.5772260e+00 8.2220118e+00 8.0480815e+00 7.5210383e+00 7.5299108e+00 8.8373603e+00 8.7125726e+00 8.6576759e+00 8.9163785e+00 9.2149433e+00 8.6565231e+00 8.8349630e+00 8.5716481e+00 7.6895144e+00 6.4560612e+00 6.4695208e+00 7.0270571e+00 7.4339702e+00 7.8040324e+00 8.1633674e+00 8.1115425e+00 8.0537392e+00 7.9813429e+00 7.8460097e+00 7.6506090e+00 7.1822529e+00 6.7045866e+00 6.4897752e+00 6.4347841e+00 6.6050450e+00 6.7682787e+00 6.7105120e+00 6.6716937e+00 6.6474178e+00 6.6119686e+00 6.5482271e+00 6.5989990e+00 6.6554099e+00 6.8038362e+00 6.7948411e+00 6.7224801e+00 6.6375997e+00 6.5030595e+00 6.3586119e+00 6.3407706e+00 6.3928177e+00
7.8720154e+00 7.9670779e+00 8.1598636e+00 9.0540970e+00 1.0071721e+01 9.7657091e+00 9.7723056e+00 8.4012364e+00 7.3518334e+00 8.4127564e+00 8.1607089e+00 8.4276249e+00 9.0277540e+00 9.2837172e+00 9.3166596e+00 9.1319736e+00 8.5911025e+00 7.3576435e+00 5.6370861e+00 6.2258945e+00 7.1753082e+00 7.5696660e+00 7.9659063e+00 8.2864744e+00 8.2671080e+00 8.1735563e+00 8.1120392e+00 8.0801912e+00 8.0542744e+00 7.5807615e+00 7.0873132e+00 6.8987822e+00 6.8673276e+00 6.9971703e+00 7.1719922e+00 7.0346137e+00 6.8692913e+00 6.7862293e+00 6.7333678e+00 6.6869065e+00 6.6617789e+00 6.7704580e+00 6.8539142e+00 6.8641657e+00 6.8067078e+00 6.7239244e+00 6.6343875e+00 6.5251696e+00 6.5088407e+00 6.5284494e+00
8.6457178e+00 8.4443161e+00 8.6616093e+00 9.2849856e+00 9.6846303e+00 1.0492469e+01 1.1448462e+01 1.0853814e+01 1.0069974e+01 9.5900644e+00 8.9514208e+00 9.0264332e+00 9.1565492e+00 9.1102208e+00 9.2340255e+00 9.2126021e+00 8.9977437e+00 8.5539367e+00 8.1931085e+00 7.7505556e+00 7.6324443e+00 7.9161137e+00 8.2386951e+00 8.4403445e+00 8.4094890e+00 8.2473725e+00 8.1365400e+00 8.1154100e+00 8.0494171e+00 7.7256746e+00 7.4215526e+00 7.2571055e+00 7.2559512e+00 7.2734109e+00 7.2946263e+00 7.2128980e+00 7.1119817e+00 7.0368851e+00 6.9275615e+00 6.8780818e+00 6.8353497e+00 6.9229786e+00 6.9860293e+00 7.0019260e+00 6.9318917e+00 6.8620571e+00 6.7887209e+00 6.7235652e+00 6.7113189e+00 6.6976150e+00
9.3354865e+00 9.3010814e+00 9.3576594e+00 9.5350634e+00 9.4661205e+00 9.7073179e+00 9.9343140e+00 1.0339323e+01 1.0033267e+01 9.6082032e+00 9.3020286e+00 9.3244909e+00 9.1714861e+00 9.0707646e+00 9.0844918e+00 9.1773248e+00 9.2789233e+00 9.2211996e+00 9.0591736e+00 8.5684674e+00 8.2539020e+00 8.3762802e+00 8.5817901e+00 8.6920314e+00 8.6120720e+00 8.5295962e+00 8.2750916e+00 8.1053877e+00 7.9911468e+00 7.7889682e+00 7.6196795e+00 7.5184751e+00 7.5308970e+00 7.4605299e+00 7.4100915e+00 7.3868204e+00 7.3551158e+00 7.2301195e+00 7.1021203e+00 7.0267347e+00 7.0264872e+00 7.0758905e+00 7.1443795e+00 7.1959464e+00 7.1107763e+00 7.0461108e+00 6.9734773e+00 6.9243277e+00 6.9018381e+00 6.8908045e+00
9.7852017e+00 9.9624763e+00 9.7845309e+00 9.6848071e+00 8.8790103e+00 8.6422760e+00 9.6811392e+00 9.5841336e+00 9.4770019e+00 9.2570501e+00 9.1231372e+00 9.4701041e+00 9.1563661e+00 8.9740242e+00 8.8715773e+00 8.7963026e+00 9.3033011e+00 9.3242100e+00 9.1104490e+00 8.8185173e+00 8.6567436e+00 8.7329304e+00 8.9296849e+00 9.0196689e+00 8.8023599e+00 8.6972450e+00 8.4176133e+00 8.1422179e+00 7.9966948e+00 7.8562861e+00 7.7580678e+00 7.6955506e+00 7.6506175e+00 7.5442162e+00 7.4869099e+00 7.5036000e+00 7.5192472e+00 7.3450676e+00 7.2222394e+00 7.1695296e+00 7.1780669e+00 7.2081829e+00 7.2653578e+00 7.2986125e+00 7.2245106e+00 7.1633735e+00 7.1112682e+00 7.0860770e+00 7.0514742e+00 7.0282264e+00
9.7436511e+00 9.9844012e+00 9.8733013e+00 9.6717723e+00 9.1787001e+00 8.8820022e+00 9.2739325e+00 9.3571857e+00 9.1268136e+00 9.0433583e+00 9.1460583e+00 9.3245324e+00 8.9316507e+00 8.6651423e+00 8.5404382e+00 8.5530826e+00 9.0596955e+00 9.1868080e+00 9.0854527e+00 8.8968678e+00 8.8163107e+00 8.9822790e+00 9.2313847e+00 9.1751632e+00 8.8852246e+00 8.6675930e+00 8.4434619e+00 8.3240390e+00 8.1508674e+00 7.9798784e+00 7.9119859e+00 7.8834054e+00 7.8947543e+00 7.7251885e+00 7.5243749e+00 7.5157876e+00 7.5136734e+00 7.4348932e+00 7.3580259e+00 7.3790865e+00 7.3832377e+00 7.3226656e+00 7.3481232e+00 7.3624625e+00 7.3349756e+00 7.3030856e+00 7.2650483e+00 7.2458379e+00 7.2326794e+00 7.1900528e+00
9.5309959e+00 9.7005692e+00 9.7376135e+00 9.8368166e+00 9.9492256e+00 1.0211541e+01 9.7739746e+00 9.3705656e+00 9.2783028e+00 9.2481955e+00 9.2383994e+00 8.9783692e+00 8.5598702e+00 8.2547295e+00 8.3359287e+00 8.5322760e+00 8.8372630e+00 9.0108616e+00 9.0049244e+00 8.8970704e+00 8.8302956e+00 9.0707496e+00 9.2672140e+00 9.1427975e+00 8.9294291e+00 8.7563547e+00 8.6002654e+00 8.4558316e+00 8.3286503e+00 8.2610201e+00 8.2022520e+00 8.1036989e+00 8.0863909e+00 7.8864960e+00 7.6707639e+00 7.6058492e+00 7.5516340e+00 7.4946735e+00 7.5004913e+00 7.5359997e+00 7.5274056e+00 7.5052323e+00 7.5174306e+00 7.5221751e+00 7.5108917e+00 7.4891096e+00 7.4516448e+00 7.4361101e+00 7.4944911e+00 7.4700321e+00
9.5700774e+00 9.4594237e+00 9.4909206e+00 9.8384147e+00 1.0255570e+01 1.0547971e+01 1.0285516e+01 9.8688183e+00 9.7938542e+00 9.9004005e+00 9.4024067e+00 8.9912785e+00 8.6786163e+00 8.5217167e+00 8.5555905e+00 8.6937835e+00 8.9205343e+00 9.0600321e+00 9.0770902e+00 9.0333154e+00 9.0280781e+00 9.1719784e+00 9.2804492e+00 9.1814658e+00 9.0335516e+00 8.7722076e+00 8.7203429e+00 8.6366906e+00 8.5464095e+00 8.5017762e+00 8.4131745e+00 8.1799249e+00 8.1013539e+00 7.9722611e+00 7.8275029e+00 7.7339773e+00 7.6465500e+00 7.5643224e+00 7.6043608e+00 7.6451176e+00 7.6522987e+00 7.6331159e+00 7.6414741e+00 7.6408384e+00 7.6523979e+00 7.6557635e+00 7.5845375e+00 7.5322043e+00 7.5908974e+00 7.6093582e+00
9.5367456e+00 9.4800217e+00 9.4087260e+00 9.8491018e+00 1.0185161e+01 1.0530703e+01 1.0626692e+01 1.0269234e+01 9.9845429e+00 9.7024180e+00 9.0931921e+00 9.0815768e+00 9.0303261e+00 8.9641026e+00 8.9650222e+00 9.0604293e+00 9.1437940e+00 9.2241243e+00 9.2540577e+00 9.2391723e+00 9.2748630e+00 9.3924802e+00 9.4305197e+00 9.3344027e+00 9.1530886e+00 9.0145058e+00 8.9904632e+00 8.9318475e+00 8.7790774e+00 8.6831592e+00 8.5343655e+00 8.3143154e+00 8.1783145e+00 8.0668621e+00 7.9721356e+00 7.8955824e+00 7.8453548e+00 7.7706965e+00 7.7797984e+00 7.8110472e+00 7.8023389e+00 7.7810873e+00 7.7531797e+00 7.7334556e+00 7.7669910e+00 7.8010566e+00 7.7102470e+00 7.6467391e+00 7.6702615e+00 7.7122765e+00
9.6170171e+00 9.5104837e+00 9.4810002e+00 9.8128575e+00 9.9849235e+00 1.0369867e+01 1.0546814e+01 1.0371252e+01 1.0010446e+01 9.6313050e+00 9.3336744e+00 9.4115042e+00 9.5122464e+00 9.4659027e+00 9.4164791e+00 9.4458501e+00 9.4518292e+00 9.4618669e+00 9.4566462e+00 9.4452569e+00 9.5163726e+00 9.6570234e+00 9.6556763e+00 9.5428767e+00 9.3870044e+00 9.2703325e+00 9.2846059e+00 9.2783464e+00 9.0543205e+00 8.8619304e+00 8.6753007e+00 8.4685061e+00 8.3030059e+00 8.2054507e+00 8.1584597e+00 8.1142267e+00 8.0501106e+00 8.0176495e+00 8.0063436e+00 7.9887976e+00 7.9660275e+00 7.9551731e+00 7.8858454e+00 7.8262704e+00 7.8328620e+00 7.8444510e+00 7.7987457e+00 7.7567186e+00 7.7544428e+00 7.8350794e+00
9.8033257e+00 9.8789371e+00 1.0158182e+01 1.0396769e+01 1.0126187e+01 1.0332100e+01 1.0692764e+01 1.0418586e+01 1.0141956e+01 9.8983874e+00 9.7564388e+00 9.8060528e+00 9.9986584e+00 9.9865203e+00 9.9622920e+00 9.9338470e+00 9.8283407e+00 9.7425011e+00 9.7112125e+00 9.7215337e+00 9.7237353e+00 9.8671399e+00 9.8835957e+00 9.8073704e+00 9.5928897e+00 9.3649816e+00 9.3552257e+00 9.3456637e+00 9.1934709e+00 9.0070331e+00 8.8410614e+00 8.6558447e+00 8.4823535e+00 8.4388408e+00 8.4141420e+00 8.3807412e+00 8.3323657e+00 8.2739283e+00 8.2384554e+00 8.2231530e+00 8.1587968e+00 8.1231511e+00 8.0663693e+00 7.9766930e+00 7.9367262e+00 7.9340531e+00 7.9491760e+00 7.8964091e+00 7.8384960e+00 7.9617464e+00
1.0087949e+01 1.0071264e+01 9.7498088e+00 1.0677466e+01 1.0559137e+01 1.0218782e+01 1.0617869e+01 1.0595717e+01 1.0369679e+01 1.0309381e+01 1.0335782e+01 1.0149845e+01 1.0197718e+01 1.0302110e+01 1.0458722e+01 1.0544992e+01 1.0274863e+01 9.9996735e+00 9.9225319e+00 9.9831427e+00 1.0069256e+01 1.0190007e+01 1.0108486e+01 9.9907657e+00 9.7931364e+00 9.3538515e+00 9.3412754e+00 9.3632256e+00 9.2680848e+00 9.1585884e+00 9.0577286e+00 8.9823439e+00 8.7998748e+00 8.7391664e+00 8.7239321e+00 8.6954378e+00 8.6222784e+00 8.5481075e+00 8.4687425e+00 8.4344687e+00 8.3270920e+00 8.2469490e+00 8.2254959e+00 8.1671972e+00 8.0522333e+00 8.0609396e+00 8.1185951e+00 8.1328354e+00 8.0901210e+00 8.0917503e+00
1.0318374e+01 1.0512732e+01 1.0394687e+01 1.0091976e+01 1.0517164e+01 1.0665241e+01 1.0934081e+01 1.0617449e+01 1.0392266e+01 1.0247569e+01 1.0155539e+01 1.0102442e+01 1.0236202e+01 1.0407367e+01 1.0706844e+01 1.0965901e+01 1.0573787e+01 1.0097862e+01 9.9825400e+00 1.0070280e+01 1.0336215e+01 1.0525571e+01 1.0232380e+01 9.9739022e+00 9.7571172e+00 9.4424488e+00 9.3992577e+00 9.4553305e+00 9.3734935e+00 9.3057136e+00 9.2271883e+00 9.1564623e+00 9.0714475e+00 9.0213798e+00 8.9919912e+00 9.0628121e+00 8.8714735e+00 8.7323559e+00 8.6462736e+00 8.5489540e+00 8.4327678e+00 8.3480583e+00 8.3869956e+00 8.4063729e+00 8.1696655e+00 8.2007276e+00 8.3116109e+00 8.3636177e+00 8.3062423e+00 8.1392582e+00
