ahotovec/data/depth_0047.asc
ncols     164
nrows     146
xllcorner -1.242151388888889e+02
yllcorner  4.172986111111111e+01
cellsize  2.777777777820000e-04
nodata_value       -9999
[rows 110 to 131 of 146, columns 50 to 99 of 164]
1.3596354e+01 1.3001532e+01 1.1794142e+01 9.9403239e+00 8.1820446e+00 7.2927440e+00 6.8011562e+00 6.8669631e+00 6.3435618e+00 7.6771343e+00 9.0602526e+00 9.5121725e+00 9.6675681e+00 8.1481223e+00 7.6157162e+00 7.3436677e+00 4.2209014e+00 9.8578751e-01 5.8849251e+00 6.7972184e+00 7.0403606e+00 7.4564557e+00 7.7939311e+00 8.0748609e+00 8.2599346e+00 8.3062724e+00 8.2077773e+00 8.3056531e+00 8.7268453e+00 9.0732714e+00 9.4193607e+00 9.5221009e+00 9.8166602e+00 9.8644684e+00 9.9486740e+00 1.0028721e+01 1.0141507e+01 1.0215251e+01 1.0263076e+01 1.0313129e+01 1.0382564e+01 1.0413902e+01 1.0417436e+01 1.0351231e+01 1.0317434e+01 1.0291564e+01 1.0343835e+01 1.0409214e+01 1.0463539e+01 1.0523598e+01
1.5074962e+01 1.5072745e+01 1.3808607e+01 1.0941382e+01 7.5702048e+00 6.1522557e+00 6.9607722e+00 6.8115030e+00 7.7888281e+00 8.9578677e+00 1.0000937e+01 1.0939099e+01 1.1620548e+01 7.5635794e+00 8.0206611e+00 8.9699684e+00 6.7023700e+00 1.5781143e+00 2.6011583e+00 6.1744099e+00 6.7290368e+00 7.1018072e+00 7.4280091e+00 7.7063759e+00 7.9209001e+00 8.0340664e+00 8.0562103e+00 7.9646546e+00 8.1618944e+00 8.6655936e+00 9.0485767e+00 9.3507002e+00 9.5396216e+00 9.8014271e+00 9.8726541e+00 9.9547009e+00 1.0037187e+01 1.0125194e+01 1.0174770e+01 1.0231820e+01 1.0250060e+01 1.0238755e+01 1.0194795e+01 1.0152077e+01 1.0149588e+01 1.0191230e+01 1.0288974e+01 1.0391603e+01 1.0482879e+01 1.0547272e+01
1.6149839e+01 1.6377117e+01 1.5523565e+01 1.2278324e+01 2.9724306e+00 0.0000000e+00 4.4353411e-04 6.6547424e+00 8.1413267e+00 9.7211700e+00 1.1111100e+01 1.2144606e+01 1.3024812e+01 1.3191009e+01 1.3416761e+01 1.3087629e+01 1.1642020e+01 5.5910983e+00 2.7847155e-01 3.6672901e+00 6.5274022e+00 6.8541127e+00 7.1277429e+00 7.3916283e+00 7.6072307e+00 7.7581946e+00 7.8474471e+00 7.8531592e+00 7.8664983e+00 8.2581517e+00 8.7109182e+00 9.0505414e+00 9.3169253e+00 9.5235173e+00 9.6465379e+00 9.6700230e+00 9.5893621e+00 9.6778942e+00 9.7355347e+00 9.7886574e+00 9.8514978e+00 9.8675806e+00 9.8977267e+00 9.9211517e+00 9.9740484e+00 1.0085311e+01 1.0269946e+01 1.0406612e+01 1.0523993e+01 1.0624280e+01
1.7144986e+01 1.6228442e+01 1.6264816e+01 1.3447672e+01 4.3007937e+00 0.0000000e+00 0.0000000e+00 1.8346968e-01 1.0342082e+01 1.1291964e+01 1.2578227e+01 1.3021899e+01 1.3621640e+01 1.4012649e+01 1.4449660e+01 1.3972041e+01 1.3673529e+01 1.2117767e+01 4.3693936e+00 1.4409427e+00 5.8742618e+00 6.6662486e+00 6.8143139e+00 7.0940526e+00 7.3155078e+00 7.5024154e+00 7.6425858e+00 7.7701871e+00 7.9533138e+00 8.0868184e+00 8.5049542e+00 8.8466739e+00 9.1026563e+00 9.2372778e+00 9.1707681e+00 8.9141490e+00 8.7697698e+00 8.8470463e+00 9.0612858e+00 9.2116518e+00 9.3385143e+00 9.4640851e+00 9.6219622e+00 9.7873307e+00 9.9001064e+00 1.0060243e+01 1.0234087e+01 1.0441668e+01 1.0612597e+01 1.0730543e+01
1.7582607e+01 1.7953658e+01 1.7585915e+01 1.5754894e+01 1.2259297e+01 9.2101720e+00 5.6244630e+00 7.2272966e+00 1.3636074e+01 1.2950412e+01 1.4002372e+01 1.2698213e+01 1.3770056e+01 1.4227742e+01 1.4670363e+01 1.4566785e+01 1.3927853e+01 1.3477949e+01 1.0638257e+01 2.5281592e+00 2.9254735e+00 6.5700621e+00 6.5705295e+00 6.7702679e+00 7.0151553e+00 7.2380497e+00 7.4151517e+00 7.6308463e+00 7.9603766e+00 8.2950473e+00 8.3994629e+00 8.6293030e+00 8.7738393e+00 8.6737580e+00 8.3501374e+00 8.1193089e+00 8.1251244e+00 8.5380994e+00 8.8381317e+00 8.9107447e+00 9.0741882e+00 9.2148976e+00 9.4638563e+00 9.7193721e+00 9.9156623e+00 1.0088840e+01 1.0326619e+01 1.0575274e+01 1.0809689e+01 1.0906345e+01
1.7678378e+01 1.8161618e+01 1.7879510e+01 1.4617822e+01 1.5667762e+01 1.5345518e+01 1.4308916e+01 1.5065911e+01 1.5398081e+01 1.5198571e+01 1.4689066e+01 1.4342732e+01 1.5699858e+01 1.5638250e+01 1.4991914e+01 1.4968421e+01 1.4981872e+01 1.4088666e+01 1.1692922e+01 7.3524831e+00 1.5042698e+00 4.8104179e+00 6.4816173e+00 6.5386888e+00 6.7655007e+00 6.9749159e+00 7.1844404e+00 7.4289750e+00 7.7958052e+00 8.1724333e+00 8.4428160e+00 8.3806927e+00 8.3012593e+00 7.9659988e+00 7.7452853e+00 7.6858159e+00 7.8012501e+00 8.2788632e+00 8.7385508e+00 8.7757331e+00 8.9713086e+00 9.2152459e+00 9.4838766e+00 9.7305852e+00 9.9454016e+00 1.0168240e+01 1.0450482e+01 1.0760118e+01 1.1068858e+01 1.1147397e+01
1.7991992e+01 1.8130560e+01 1.8203330e+01 1.8705918e+01 1.7991546e+01 1.7675661e+01 1.7552168e+01 1.7306497e+01 1.6742606e+01 1.6074156e+01 1.5962660e+01 1.6032810e+01 1.6037325e+01 1.5883859e+01 1.5458683e+01 1.5703021e+01 1.5518870e+01 1.4767318e+01 1.3679020e+01 1.0659708e+01 4.9200744e+00 1.1162631e+00 5.4215328e+00 6.4608151e+00 6.5565687e+00 6.7528601e+00 6.9756480e+00 7.2135863e+00 7.5443673e+00 7.8516446e+00 8.1617421e+00 8.1186647e+00 7.7891273e+00 7.5699133e+00 7.4458913e+00 7.5337850e+00 7.6729187e+00 7.9214067e+00 8.2542349e+00 8.6247833e+00 8.9576398e+00 9.2780206e+00 9.5743160e+00 9.7959846e+00 9.9996232e+00 1.0239965e+01 1.0580057e+01 1.1283426e+01 1.1299345e+01 1.1185619e+01
1.9188689e+01 1.9040847e+01 1.8697888e+01 1.8065697e+01 1.8475172e+01 1.8258439e+01 1.7842567e+01 1.7754527e+01 1.6911459e+01 1.6706941e+01 1.6546701e+01 1.6726536e+01 1.6737757e+01 1.6433179e+01 1.5564773e+01 1.5591306e+01 1.5251884e+01 1.4583530e+01 1.4726456e+01 1.4086394e+01 1.0418301e+01 1.1227285e+00 2.0937001e+00 5.9880888e+00 6.4639603e+00 6.5208194e+00 6.6478356e+00 6.8082053e+00 7.0044768e+00 7.1855304e+00 7.3941227e+00 7.5020398e+00 7.4470342e+00 7.3096043e+00 7.2519718e+00 7.2997153e+00 7.5319356e+00 7.8716301e+00 8.2224857e+00 8.7026417e+00 9.0702400e+00 9.3301874e+00 9.6518596e+00 9.9033395e+00 1.0109777e+01 1.0322968e+01 1.0300409e+01 1.0626658e+01 1.1300648e+01 1.1292919e+01
1.9451554e+01 1.9898006e+01 1.9629249e+01 1.9264781e+01 1.8865098e+01 1.8180078e+01 1.7980487e+01 1.7778764e+01 1.7678541e+01 1.7263002e+01 1.6721803e+01 1.6978554e+01 1.6882850e+01 1.6819492e+01 1.6026209e+01 1.5067204e+01 1.5803250e+01 1.4767308e+01 1.4120084e+01 1.4577351e+01 1.2595007e+01 3.3267234e+00 8.7550081e-02 3.6471921e+00 5.9740529e+00 6.3955412e+00 6.5361671e+00 6.4893880e+00 6.5279615e+00 6.5366615e+00 6.5470730e+00 6.6995794e+00 6.8928889e+00 7.0213525e+00 6.9563638e+00 7.0546227e+00 7.3552177e+00 7.7858141e+00 8.3021927e+00 8.7869493e+00 9.3034814e+00 9.5665376e+00 9.8652804e+00 1.0092480e+01 1.0344348e+01 1.0579501e+01 1.0746741e+01 1.0915935e+01 1.1290681e+01 1.1500584e+01
1.9504767e+01 1.9130178e+01 1.9573362e+01 1.9256658e+01 1.8736366e+01 1.7877720e+01 1.8165935e+01 1.8064672e+01 1.8269465e+01 1.7860005e+01 1.6860473e+01 1.6719223e+01 1.6307726e+01 1.7212788e+01 1.7154676e+01 1.6206157e+01 1.6158733e+01 1.5003161e+01 1.5431584e+01 1.4887362e+01 1.4454021e+01 7.6272267e+00 0.0000000e+00 5.3386494e-02 3.0023544e+00 5.7397443e+00 5.7956747e+00 6.0561990e+00 5.9068289e+00 6.0972376e+00 6.0716109e+00 6.0443774e+00 6.3050516e+00 6.5132301e+00 6.8007212e+00 6.8773386e+00 7.1840675e+00 7.8648954e+00 8.5817362e+00 9.1684127e+00 9.6310278e+00 9.9135149e+00 1.0211483e+01 1.0451576e+01 1.0704636e+01 1.0943950e+01 1.1226008e+01 1.1478727e+01 1.1623595e+01 1.1764077e+01
1.9665075e+01 1.9756932e+01 1.9582379e+01 1.9015358e+01 1.8729693e+01 1.8590897e+01 1.8636982e+01 1.8246671e+01 1.7283163e+01 1.8199221e+01 1.7327210e+01 1.6908953e+01 1.6881882e+01 1.6961609e+01 1.7450023e+01 1.7391148e+01 1.6888431e+01 1.6422582e+01 1.5715570e+01 1.4340601e+01 1.4958042e+01 1.2786809e+01 3.7571367e+00 8.4468448e-04 2.7024075e-03 4.8498652e-01 5.6748798e-01 1.0580689e+00 1.9467143e+00 2.7112677e+00 5.2869466e+00 4.6784472e+00 6.0289261e+00 6.0310326e+00 6.2210983e+00 7.0403859e+00 7.3211289e+00 7.8999569e+00 9.0824488e+00 9.8881054e+00 1.0227114e+01 1.0439804e+01 1.0713479e+01 1.0967148e+01 1.1214599e+01 1.1419819e+01 1.1658027e+01 1.1868305e+01 1.2026081e+01 1.2128859e+01
1.9961628e+01 1.9757283e+01 1.9861602e+01 1.9409337e+01 1.8863014e+01 1.8730402e+01 1.8498845e+01 1.8427050e+01 1.8169539e+01 1.8711486e+01 1.7785170e+01 1.7294428e+01 1.7029202e+01 1.7139531e+01 1.7612937e+01 1.7123136e+01 1.7404895e+01 1.6656321e+01 1.5846894e+01 1.5456427e+01 1.5216251e+01 1.5659687e+01 1.2220453e+01 5.4475305e+00 2.8267391e+00 7.7045980e-01 6.1060518e-01 1.0014438e+00 7.8287500e-01 1.0887840e+00 1.4553268e+00 9.2495382e-01 1.0921893e+00 1.4807870e+00 2.1515337e+00 3.5686028e+00 4.5823859e+00 6.1542917e+00 1.0580062e+01 1.0901692e+01 1.1028068e+01 1.1199051e+01 1.1431903e+01 1.1629812e+01 1.1828566e+01 1.1987324e+01 1.2156047e+01 1.2258184e+01 1.2379173e+01 1.2526673e+01
2.0359868e+01 2.0247572e+01 2.0099327e+01 1.9623232e+01 1.9137274e+01 1.8929914e+01 1.8819433e+01 1.8780784e+01 1.8790859e+01 1.8553987e+01 1.8065493e+01 1.7779193e+01 1.7667727e+01 1.7665584e+01 1.7996444e+01 1.7850583e+01 1.6546563e+01 1.6686737e+01 1.6407111e+01 1.5901799e+01 1.4998570e+01 1.5856668e+01 1.5478741e+01 1.3023272e+01 1.1562969e+01 6.8879025e+00 5.6993077e+00 7.3710577e+00 1.2055633e+01 1.2067576e+01 1.2434008e+01 1.1950699e+01 1.0641580e+01 9.3498742e+00 7.4008786e+00 5.4911728e+00 3.2606618e+00 4.0717354e+00 1.2240611e+01 1.2397098e+01 1.2108175e+01 1.2138634e+01 1.2257652e+01 1.2374473e+01 1.2467881e+01 1.2571182e+01 1.2625319e+01 1.2656911e+01 1.2612463e+01 1.2792925e+01
2.0097384e+01 2.0215399e+01 2.0189614e+01 1.9838417e+01 1.9615593e+01 1.8091531e+01 1.8907789e+01 1.9305962e+01 1.8948596e+01 1.8685109e+01 1.8430210e+01 1.8345164e+01 1.8182585e+01 1.8247220e+01 1.8147706e+01 1.7896855e+01 1.7988069e+01 1.6558586e+01 1.6867724e+01 1.6523653e+01 1.6200305e+01 1.5976249e+01 1.5804544e+01 1.5699512e+01 1.4473258e+01 9.4109607e+00 7.9408831e+00 9.6579875e+00 1.2292803e+01 1.5066322e+01 1.4914627e+01 1.4546846e+01 1.4744805e+01 1.4303597e+01 1.3979814e+01 1.4530837e+01 1.4126658e+01 1.3450692e+01 1.3883268e+01 1.3369247e+01 1.3120752e+01 1.3044584e+01 1.3041450e+01 1.3033065e+01 1.3028348e+01 1.3067536e+01 1.3099228e+01 1.3072103e+01 1.2884025e+01 1.2820731e+01
2.0726418e+01 2.0641885e+01 2.0436696e+01 2.0214238e+01 1.9882554e+01 1.6224747e+01 1.8878880e+01 1.9797383e+01 1.9406892e+01 1.9179065e+01 1.8994866e+01 1.8899099e+01 1.8641133e+01 1.8589901e+01 1.8494506e+01 1.8161176e+01 1.7978548e+01 1.6787074e+01 1.6890837e+01 1.7313194e+01 1.7244205e+01 1.6619177e+01 1.5883552e+01 1.5759293e+01 1.5461012e+01 1.2767759e+01 9.7149462e+00 9.9169689e+00 1.2247267e+01 1.5019525e+01 1.4256580e+01 1.4840525e+01 1.4569165e+01 1.4915487e+01 1.5142703e+01 1.4995635e+01 1.3924954e+01 1.4279577e+01 1.4007945e+01 1.3813813e+01 1.3680851e+01 1.3592035e+01 1.3512470e+01 1.3474451e+01 1.3437516e+01 1.3423614e+01 1.3452135e+01 1.2726490e+01 1.3114101e+01 1.3178608e+01
2.0969150e+01 2.0862371e+01 2.0789115e+01 2.0534586e+01 2.0532804e+01 2.0465970e+01 2.0426244e+01 2.0323215e+01 2.0207529e+01 1.9970038e+01 1.9662028e+01 1.9568110e+01 1.9216878e+01 1.9228087e+01 1.8959764e+01 1.8563719e+01 1.6774498e+01 1.7830856e+01 1.7764487e+01 1.7245790e+01 1.7139354e+01 1.7463026e+01 1.6711391e+01 1.6229622e+01 1.5871699e+01 1.5315787e+01 1.2510029e+01 1.2217736e+01 1.5296718e+01 1.4989866e+01 1.4322715e+01 1.4866181e+01 1.4108913e+01 1.4310844e+01 1.5112786e+01 1.5068317e+01 1.5259401e+01 1.4659467e+01 1.4308864e+01 1.4170672e+01 1.4029889e+01 1.3923186e+01 1.3853990e+01 1.3787467e+01 1.3756666e+01 1.3681858e+01 1.3592295e+01 1.2328389e+01 1.2654396e+01 1.3397487e+01
2.1237114e+01 2.1127367e+01 2.1067702e+01 2.1017658e+01 2.0896807e+01 2.0738078e+01 2.0685306e+01 2.0364421e+01 2.0582597e+01 2.0327932e+01 2.0314880e+01 1.9818055e+01 1.9669354e+01 1.9481994e+01 1.9313924e+01 1.8813975e+01 1.8120668e+01 1.8450527e+01 1.8367358e+01 1.8230157e+01 1.7693642e+01 1.8135068e+01 1.7577277e+01 1.6872543e+01 1.6528011e+01 1.5695950e+01 1.5870848e+01 1.6252645e+01 1.5872124e+01 1.5317194e+01 1.5051432e+01 1.4976006e+01 1.4772874e+01 1.5007182e+01 1.5204053e+01 1.5482994e+01 1.5366693e+01 1.5073393e+01 1.4545559e+01 1.4356623e+01 1.4228296e+01 1.4115828e+01 1.4031121e+01 1.3940420e+01 1.3889091e+01 1.3821874e+01 1.3721314e+01 1.3729485e+01 1.3755348e+01 1.3699609e+01
2.1548198e+01 2.1436040e+01 2.1350804e+01 2.1356613e+01 2.1216258e+01 2.1046370e+01 2.0852384e+01 2.0716065e+01 2.0661676e+01 2.0491350e+01 2.0312355e+01 2.0238104e+01 1.9979978e+01 1.9699452e+01 1.9606800e+01 1.9457450e+01 1.9034920e+01 1.8709580e+01 1.8727972e+01 1.8596385e+01 1.8560740e+01 1.8561148e+01 1.8322926e+01 1.7445910e+01 1.6993570e+01 1.6176633e+01 1.6908854e+01 1.6507651e+01 1.6080087e+01 1.5555855e+01 1.5352225e+01 1.4828363e+01 1.4174959e+01 1.4883740e+01 1.3690076e+01 1.5178805e+01 1.5510156e+01 1.5188452e+01 1.4766272e+01 1.4507033e+01 1.4347788e+01 1.4214613e+01 1.4114698e+01 1.4009200e+01 1.3941762e+01 1.3910405e+01 1.3803692e+01 1.3797542e+01 1.3745662e+01 1.3717675e+01
2.1828987e+01 2.1712722e+01 2.1606775e+01 2.1536197e+01 2.1564872e+01 2.1379761e+01 2.1111080e+01 2.0895598e+01 2.0770598e+01 2.0672885e+01 2.0467346e+01 2.0377119e+01 2.0201842e+01 2.0068141e+01 1.9777747e+01 1.9334962e+01 1.9089160e+01 1.8691455e+01 1.8927197e+01 1.8902547e+01 1.8847932e+01 1.8648582e+01 1.8560632e+01 1.7808304e+01 1.7684878e+01 1.7425436e+01 1.7137345e+01 1.6720893e+01 1.6606514e+01 1.5998299e+01 1.5910505e+01 1.5516157e+01 1.4803660e+01 1.4882520e+01 1.4974949e+01 1.5714636e+01 1.5713350e+01 1.5221213e+01 1.4880971e+01 1.4656283e+01 1.4478772e+01 1.4329447e+01 1.4225565e+01 1.4111530e+01 1.4038663e+01 1.3988845e+01 1.3929074e+01 1.3933738e+01 1.3913750e+01 1.3833723e+01
2.2103936e+01 2.2131656e+01 2.1929549e+01 2.1640485e+01 2.1518159e+01 2.1402045e+01 2.1287657e+01 2.1067642e+01 2.0905274e+01 2.0848205e+01 2.0667296e+01 2.0531710e+01 2.0422506e+01 2.0460949e+01 2.0090680e+01 2.0074716e+01 1.9432071e+01 1.8676143e+01 1.9098406e+01 1.9243171e+01 1.9161838e+01 1.8914467e+01 1.8331285e+01 1.8041536e+01 1.7941782e+01 1.7872257e+01 1.7348702e+01 1.6497128e+01 1.6953462e+01 1.6994326e+01 1.5966802e+01 1.5809995e+01 1.5661230e+01 1.5129293e+01 1.5720972e+01 1.5728672e+01 1.4711301e+01 1.5186100e+01 1.5085523e+01 1.4837650e+01 1.4645866e+01 1.4495514e+01 1.4386887e+01 1.4281505e+01 1.4214822e+01 1.4187579e+01 1.4168391e+01 1.3764211e+01 1.4216893e+01 1.4113666e+01
2.2300652e+01 2.2082013e+01 2.2068221e+01 2.1822146e+01 2.1600904e+01 2.1534589e+01 2.1524283e+01 2.1316755e+01 2.1178976e+01 2.1101705e+01 2.1010039e+01 2.0899495e+01 2.0819856e+01 2.0761004e+01 2.0451628e+01 2.0304756e+01 1.9717710e+01 1.6620673e+01 1.8590410e+01 1.9034143e+01 1.8792063e+01 1.8708556e+01 1.8697235e+01 1.8552654e+01 1.8374359e+01 1.8401606e+01 1.7612379e+01 1.7157339e+01 1.5736121e+01 1.6469147e+01 1.6896912e+01 1.6552107e+01 1.6077205e+01 1.4788851e+01 1.5209544e+01 1.4921142e+01 1.4449343e+01 1.5258873e+01 1.5221607e+01 1.4992597e+01 1.4785140e+01 1.4630947e+01 1.4542247e+01 1.4485128e+01 1.4498254e+01 1.4538150e+01 1.4431982e+01 1.4032370e+01 1.4319744e+01 1.4459993e+01
2.2370549e+01 2.2251664e+01 2.2092531e+01 2.1973624e+01 2.1771527e+01 2.1695233e+01 2.1679833e+01 2.1665255e+01 2.1599909e+01 2.1503248e+01 2.1412094e+01 2.1277039e+01 2.1107553e+01 2.0863445e+01 2.0745875e+01 2.0308683e+01 1.9975495e+01 1.9497732e+01 1.9795713e+01 1.9373450e+01 1.9152266e+01 1.8576495e+01 1.8223799e+01 1.8665646e+01 1.8719495e+01 1.8767602e+01 1.8099632e+01 1.7598269e+01 1.7247740e+01 1.7206732e+01 1.6991784e+01 1.6558633e+01 1.6265112e+01 1.6218108e+01 1.6061184e+01 1.5992073e+01 1.5779505e+01 1.5637737e+01 1.5374743e+01 1.5152773e+01 1.4963053e+01 1.4813511e+01 1.4730990e+01 1.4711979e+01 1.4571660e+01 1.4526442e+01 1.4561994e+01 1.2477667e+01 1.1934525e+01 1.3290460e+01
