ahotovec/data/depth_0034.asc
ncols     164
nrows     146
xllcorner -1.242151388888889e+02
yllcorner  4.172986111111111e+01
cellsize  2.777777777820000e-04
nodata_value       -9999
[rows 88 to 109 of 146, columns 50 to 99 of 164]
9.6820954e-04 4.3996166e-03 9.9378994e-04 9.9583001e-04 1.6834343e-03 1.0059107e-03 9.3784947e-01 2.5701432e+00 2.6691380e+00 2.6300522e+00 2.7867694e+00 3.0747145e+00 3.4268174e+00 3.7568091e+00 4.0270810e+00 4.1850882e+00 4.5147499e+00 4.9817451e+00 5.2061280e+00 5.4434261e+00 5.4154250e+00 5.6026010e+00 5.6432720e+00 5.5360607e+00 5.6583315e+00 5.5306381e+00 5.6470455e+00 5.1625297e+00 4.0005486e+00 5.0251163e+00 5.3605813e+00 4.9384687e+00 5.0776298e+00 5.3166690e+00 5.4262348e+00 5.3078771e+00 5.4039720e+00 5.4702704e+00 5.4641810e+00 5.4022470e+00 5.4851762e+00 5.4968016e+00 5.4512041e+00 5.4571174e+00 5.5458050e+00 5.6059921e+00 5.8551769e+00 4.9763648e+00 5.0116001e+00 5.6394195e+00
9.7179047e-04 5.9749306e-03 9.9627470e-04 9.9764866e-04 9.9719154e-04 9.9459674e-04 9.0379664e-04 3.0388577e-01 2.4908574e+00 2.8523815e+00 2.9228021e+00 3.1233212e+00 3.4501289e+00 4.0382673e+00 4.2640906e+00 4.4968540e+00 4.8670982e+00 5.0814598e+00 5.0850525e+00 5.4616371e+00 5.8307576e+00 5.9437320e+00 5.7704879e+00 5.6232118e+00 5.6021587e+00 5.0644830e+00 4.6030063e+00 4.3812705e+00 4.0801346e+00 4.6154929e+00 5.0924782e+00 5.2638999e+00 5.3640009e+00 5.4616070e+00 5.5548524e+00 5.5608397e+00 5.5500348e+00 5.6401451e+00 5.6635677e+00 5.6742704e+00 5.6894045e+00 5.7037377e+00 5.7577886e+00 5.7029296e+00 5.6931731e+00 5.7262342e+00 5.8972580e+00 5.4834777e+00 5.1804911e+00 5.1784871e+00
4.4484576e-01 8.2124666e-02 9.2761908e-04 9.9697639e-04 9.9460644e-04 3.1240889e-03 1.1954892e-02 9.2300073e-04 7.8802690e-02 2.6688873e+00 3.0549360e+00 3.1343424e+00 3.3802730e+00 3.8074085e+00 4.0399866e+00 4.3728820e+00 4.5746044e+00 4.7570485e+00 4.8587068e+00 5.0761908e+00 5.2949492e+00 5.3650700e+00 5.1421755e+00 4.9813001e+00 4.8392390e+00 4.2549297e+00 3.7157318e+00 4.3162217e+00 4.7631977e+00 5.0690926e+00 5.3648923e+00 5.5311362e+00 5.6343099e+00 5.6583997e+00 5.7075671e+00 5.7646328e+00 5.7940743e+00 5.7963219e+00 5.8655698e+00 5.8858664e+00 5.8967485e+00 5.8604410e+00 5.9627309e+00 5.9974188e+00 5.9485815e+00 5.9695792e+00 5.9316262e+00 5.8986592e+00 5.3574711e+00 5.3897987e+00
4.4431075e-01 4.6255849e-01 2.5734143e-01 2.9830357e-02 9.3659252e-04 9.5498394e-04 8.0274328e-03 2.3292919e-02 5.0036858e-04 3.8498023e-02 2.8228135e+00 3.2096056e+00 3.2249214e+00 3.4049774e+00 3.3541384e+00 3.2786034e+00 3.8565356e+00 4.1823937e+00 4.3061139e+00 4.4336192e+00 4.4814924e+00 4.4125687e+00 4.1960712e+00 3.9957423e+00 4.0780837e+00 4.1309283e+00 4.2620751e+00 4.8165766e+00 5.2359618e+00 5.4660721e+00 5.6016309e+00 5.7129999e+00 5.7799561e+00 5.8470141e+00 5.8749314e+00 5.9141605e+00 5.9758775e+00 6.0098796e+00 5.9977482e+00 6.0616497e+00 6.0446847e+00 6.0453757e+00 6.1634354e+00 6.1871158e+00 6.1629968e+00 6.1732458e+00 6.1385860e+00 6.0623026e+00 5.9580814e+00 5.9063592e+00
3.1534213e-01 4.5378997e-01 6.9112174e-04 1.2000649e-01 9.7577461e-04 9.9482508e-04 6.1035532e-03 2.7715669e-02 6.2968806e-02 9.2753215e-04 1.5904368e-03 2.7432622e+00 3.2234378e+00 3.3242461e+00 1.6873742e+00 5.7655732e-02 2.7376195e+00 3.5521718e+00 3.6598716e+00 3.7229946e+00 3.6418569e+00 3.4747461e+00 3.3409236e+00 3.2270675e+00 3.7756374e+00 4.4305631e+00 4.8493357e+00 5.2161533e+00 5.5367185e+00 5.7152626e+00 5.8123961e+00 5.8550703e+00 5.9047593e+00 5.9536307e+00 6.0005170e+00 6.0318097e+00 6.0886425e+00 6.1476985e+00 6.1762171e+00 6.1536379e+00 6.1647874e+00 6.1962593e+00 6.2859946e+00 6.2682725e+00 6.2927328e+00 6.2233115e+00 6.1266010e+00 6.0075458e+00 5.8464845e+00 5.7857588e+00
9.8978787e-02 1.8878458e-01 2.5410970e-01 5.1065241e-01 1.5050829e-01 1.5668819e-03 8.6096250e-04 2.7336363e-02 9.1692803e-02 9.8263341e-01 8.3974986e-04 5.8225323e-04 2.3446926e+00 2.8829379e+00 2.0607158e+00 1.7224150e+00 3.0387397e+00 3.1434769e+00 3.1800156e+00 3.1623034e+00 3.0051614e+00 2.9054136e+00 3.2964137e+00 3.7141721e+00 4.4193066e+00 4.9966509e+00 5.4004628e+00 5.6205130e+00 5.7653601e+00 5.8687047e+00 5.9558739e+00 6.0263651e+00 6.0420722e+00 6.0769059e+00 6.1274150e+00 6.1259752e+00 6.1728663e+00 6.2287478e+00 6.2265953e+00 6.2458916e+00 6.2925947e+00 6.3312932e+00 6.3466475e+00 6.3258872e+00 6.2878060e+00 6.1565383e+00 5.9326751e+00 5.5747997e+00 5.3434453e+00 5.2539424e+00
5.0785154e-02 9.8572788e-02 3.8709788e-01 4.0227015e-01 2.9368171e-01 9.8168019e-04 3.9238863e-03 9.7481579e-04 2.0067774e+00 2.7001506e+00 2.2636688e+00 5.3888209e-04 2.2767267e-04 6.8374923e-04 1.3433072e+00 3.1383616e+00 2.9455522e+00 2.9375701e+00 2.9626419e+00 2.9174378e+00 2.8919975e+00 3.4183566e+00 4.1055620e+00 4.7001649e+00 5.1201003e+00 5.4360005e+00 5.6953422e+00 5.8933034e+00 5.9940704e+00 6.0164313e+00 6.0693062e+00 6.1335164e+00 6.1906677e+00 6.1952272e+00 6.2392331e+00 6.2483962e+00 6.2723476e+00 6.2719927e+00 6.2855745e+00 6.3500440e+00 6.3914155e+00 6.4044679e+00 6.4091810e+00 6.3401983e+00 6.2671809e+00 6.0142617e+00 5.1499349e+00 4.5578294e+00 4.5893023e+00 4.4909516e+00
9.3836165e-02 1.5637207e-01 2.6710612e-01 3.0752752e-01 3.4148298e-01 9.5306452e-02 4.5208689e-03 4.7102297e-04 1.4892244e+00 2.9538962e+00 1.6605716e+00 1.7170816e+00 7.8687263e-04 6.0564039e-04 5.9355627e-02 2.9991331e+00 2.9569315e+00 2.9531045e+00 2.9637551e+00 3.2169420e+00 3.6033717e+00 4.2881440e+00 4.8686115e+00 5.2354835e+00 5.5542358e+00 5.7416959e+00 5.9056835e+00 6.0338708e+00 6.1473405e+00 6.1977809e+00 6.2092555e+00 6.2440882e+00 6.2914278e+00 6.3243278e+00 6.3415317e+00 6.3330420e+00 6.3140839e+00 6.3243738e+00 6.3516691e+00 6.4126471e+00 6.4574452e+00 6.4532282e+00 6.4424212e+00 6.3795902e+00 6.3209913e+00 5.9200346e+00 3.1674290e+00 2.7737303e+00 3.1261335e+00 3.6717087e+00
1.3594632e-01 2.0365902e-01 2.5069802e-01 2.8692793e-01 2.9118105e-01 2.7402230e-01 7.5795259e-03 2.3121153e-03 9.0431430e-04 2.0522459e+00 2.3771879e+00 2.4766659e+00 1.7825256e+00 1.6250359e+00 2.6543962e+00 3.1657780e+00 3.2517533e+00 3.2958154e+00 3.3534061e+00 3.9390760e+00 4.6614067e+00 5.1143104e+00 5.3603870e+00 5.5727178e+00 5.7706664e+00 5.9456654e+00 6.0465983e+00 6.1498629e+00 6.2263097e+00 6.2961401e+00 6.3268564e+00 6.3455612e+00 6.3773639e+00 6.3756212e+00 6.3589983e+00 6.3326804e+00 6.3377353e+00 6.3366129e+00 6.3697665e+00 6.4153858e+00 6.4210174e+00 6.4019513e+00 6.3524205e+00 6.2202138e+00 5.8373634e+00 4.8094263e+00 0.0000000e+00 2.8796080e-03 4.5969029e-01 1.1073608e+00
1.7611340e-01 2.2303576e-01 2.5630248e-01 2.8099563e-01 2.7449808e-01 2.1546445e-01 1.6300945e-01 1.0211653e-03 4.0207057e-03 4.8395374e-04 2.3593124e+00 2.7221319e+00 3.0156294e+00 3.2631326e+00 3.2562316e+00 3.3881800e+00 3.7054466e+00 3.9491508e+00 4.1709299e+00 4.6830772e+00 5.1409439e+00 5.4705884e+00 5.7079613e+00 5.7918065e+00 5.9230827e+00 6.0442446e+00 6.1524966e+00 6.2275256e+00 6.2818246e+00 6.3476155e+00 6.3782478e+00 6.3998232e+00 6.4074616e+00 6.3415797e+00 6.3741043e+00 6.3611326e+00 6.3961198e+00 6.3890328e+00 6.4081451e+00 6.4005542e+00 6.3840771e+00 6.3439086e+00 6.2289296e+00 6.0460847e+00 5.7636582e+00 5.2636671e+00 3.1891279e+00 1.5859232e+00 2.9237300e-01 6.7258828e-02
2.2635169e-01 2.5275958e-01 2.7833985e-01 2.9152025e-01 2.6433219e-01 2.1068155e-01 1.7318529e-01 1.0072339e-01 4.2732838e-03 9.9696993e-04 1.5139110e+00 3.0929307e+00 2.8851623e+00 3.0546360e+00 3.3059641e+00 3.6030135e+00 3.9915845e+00 4.2188994e+00 4.4544258e+00 4.9464829e+00 5.3169291e+00 5.6651273e+00 5.8954764e+00 5.9692048e+00 6.0156446e+00 6.1084200e+00 6.1847196e+00 6.2795068e+00 6.3239070e+00 6.3861871e+00 6.4242677e+00 6.4211177e+00 6.3588534e+00 6.3952226e+00 6.4183466e+00 6.3972591e+00 6.4437981e+00 6.4274644e+00 6.4327016e+00 6.4081211e+00 6.3717292e+00 6.2996818e+00 6.1477279e+00 5.9013874e+00 5.6012141e+00 5.2448998e+00 4.8332578e+00 4.5458280e+00 4.1849924e+00 3.6664091e+00
2.6821194e-01 2.8383827e-01 3.0943434e-01 3.0613971e-01 2.6302571e-01 2.2217939e-01 1.5474318e-01 1.0406926e-01 1.7354427e-03 3.9495468e-03 9.0611279e-04 2.4173011e+00 2.9401994e+00 3.1953699e+00 3.3931367e+00 3.6928296e+00 3.9508879e+00 4.1444931e+00 4.6774118e+00 5.0666278e+00 5.4170296e+00 5.7140478e+00 5.9054661e+00 5.9648763e+00 6.0457789e+00 6.1316851e+00 6.2094282e+00 6.2893797e+00 6.3669617e+00 6.4022066e+00 6.4345014e+00 6.4508138e+00 6.4088336e+00 6.4196324e+00 6.4532727e+00 6.4348710e+00 6.4717142e+00 6.4545310e+00 6.4536804e+00 6.4293775e+00 6.3769182e+00 6.2912096e+00 6.1207117e+00 5.8809184e+00 5.6277932e+00 5.3282298e+00 5.1172879e+00 5.1507458e+00 4.9301613e+00 4.8290388e+00
2.8334880e-01 2.8480193e-01 3.1593571e-01 2.8290159e-01 2.2297784e-01 1.9057342e-01 1.2658798e-01 6.1457593e-02 9.3063822e-03 4.4441193e-03 3.2172638e-03 6.7313113e-04 2.5202615e+00 3.2256959e+00 3.4437931e+00 3.7846139e+00 4.1328049e+00 4.3960001e+00 4.8738309e+00 5.1859467e+00 5.4520884e+00 5.6648246e+00 5.8012141e+00 5.9331049e+00 6.0617092e+00 6.1551203e+00 6.2395622e+00 6.3131174e+00 6.3871625e+00 6.4549073e+00 6.4816037e+00 6.4528051e+00 6.4539571e+00 6.4521405e+00 6.4769535e+00 6.4688935e+00 6.4975100e+00 6.4787928e+00 6.4713973e+00 6.4458714e+00 6.4105363e+00 6.2968159e+00 6.1270722e+00 5.9058229e+00 5.7243949e+00 5.5644128e+00 5.4619614e+00 5.3165342e+00 5.1066076e+00 5.1192361e+00
2.8326618e-01 2.7908853e-01 3.0147743e-01 2.5599023e-01 1.9066516e-01 1.5852285e-01 1.0027053e-01 6.1460403e-02 4.5628245e-02 1.3836596e-02 3.3963619e-03 8.8327513e-04 1.3792609e+00 3.3908222e+00 3.4380712e+00 3.8669471e+00 4.3277905e+00 4.6676084e+00 4.9017488e+00 5.2459176e+00 5.4732519e+00 5.6207806e+00 5.7784885e+00 5.9110527e+00 6.0437228e+00 6.1610273e+00 6.2411806e+00 6.3297810e+00 6.4084288e+00 6.4802723e+00 6.4981128e+00 6.4578557e+00 6.4864628e+00 6.4894937e+00 6.5238789e+00 6.5088410e+00 6.5081547e+00 6.4664292e+00 6.4647937e+00 6.4736037e+00 6.4098684e+00 6.3145633e+00 6.1766733e+00 5.9753868e+00 5.8549742e+00 5.7287119e+00 5.6458474e+00 5.4967477e+00 5.4530217e+00 5.3865083e+00
7.8006083e-01 4.1126907e-01 2.7267603e-01 2.1089733e-01 1.8144531e-01 1.4618012e-01 1.0646839e-01 7.4291406e-02 5.0821167e-02 4.6899951e-02 3.1718900e-03 2.6366721e-03 9.8266526e-04 3.1211330e+00 3.4288704e+00 3.8057819e+00 4.2715875e+00 4.6952567e+00 4.9841579e+00 5.1876078e+00 5.4162467e+00 5.6046071e+00 5.7531999e+00 5.9119589e+00 6.0320602e+00 6.1448320e+00 6.2574135e+00 6.3521463e+00 6.4271241e+00 6.4694302e+00 6.4770912e+00 6.5027869e+00 6.5414889e+00 6.5374447e+00 6.5462371e+00 6.5321293e+00 6.5309459e+00 6.4649037e+00 6.4455581e+00 6.4633880e+00 6.4316263e+00 6.3588248e+00 6.2502419e+00 6.0534044e+00 5.9063084e+00 5.8019607e+00 5.7093363e+00 5.6976298e+00 5.6474238e+00 5.5505585e+00
1.6206463e+00 1.3384990e+00 9.2861256e-01 3.5607534e-01 1.5889217e-01 1.2121456e-01 9.1214370e-02 6.6212406e-02 4.8454049e-02 2.8238492e-02 4.3491297e-03 3.7483886e-03 6.0644830e-04 6.8241871e-01 3.4666721e+00 3.6487340e+00 4.0975562e+00 4.5196721e+00 4.8589470e+00 5.1724318e+00 5.3092409e+00 5.5148101e+00 5.7066421e+00 5.8570507e+00 6.0067810e+00 6.1174027e+00 6.2395486e+00 6.3522495e+00 6.4171166e+00 6.3991887e+00 6.4718473e+00 6.5698298e+00 6.5646754e+00 6.5150774e+00 6.5526978e+00 6.5205475e+00 6.5144868e+00 6.4929064e+00 6.4435660e+00 6.4263636e+00 6.4240614e+00 6.3694525e+00 6.3020507e+00 6.1502500e+00 6.0496227e+00 5.9857269e+00 5.8891936e+00 5.8549706e+00 5.7995424e+00 5.6783277e+00
2.2449297e+00 1.8186616e+00 1.4356521e+00 9.1247969e-01 2.3030107e-01 8.9972314e-02 8.0510602e-02 5.8938865e-02 3.4196084e-02 2.2159568e-02 1.1696121e-02 6.5412108e-03 8.3008162e-04 6.2032518e-04 2.4440433e+00 3.5571672e+00 3.8648282e+00 4.2818184e+00 4.6072453e+00 4.9899759e+00 5.2529610e+00 5.3668052e+00 5.6110801e+00 5.7697366e+00 5.9157381e+00 6.0808805e+00 6.1892470e+00 6.3124214e+00 6.3911777e+00 6.3756684e+00 6.5080254e+00 6.5856469e+00 6.5786963e+00 6.5295234e+00 6.5396823e+00 6.5452892e+00 6.5254224e+00 6.5424284e+00 6.4740514e+00 6.4346537e+00 6.4266534e+00 6.4015616e+00 6.3439383e+00 6.2445785e+00 6.1818185e+00 6.1211998e+00 6.0086492e+00 5.8977172e+00 5.8277251e+00 5.7461792e+00
2.8417416e+00 2.2869882e+00 1.7681304e+00 1.1827414e+00 5.2803256e-01 7.7063220e-02 7.4274402e-02 8.8208596e-02 1.0616271e-01 2.4619222e-02 9.3920298e-03 3.9328049e-02 9.9635915e-04 9.9845583e-04 7.3745318e-04 3.2779233e+00 3.6951574e+00 4.0013569e+00 4.3401639e+00 4.7297604e+00 5.0617026e+00 5.2884647e+00 5.4318604e+00 5.6661267e+00 5.8208233e+00 5.9694748e+00 6.1246054e+00 6.2469697e+00 6.3514655e+00 6.3774279e+00 6.5126527e+00 6.5943742e+00 6.6175561e+00 6.5494093e+00 6.5572825e+00 6.5579159e+00 6.5509688e+00 6.5542434e+00 6.4656976e+00 6.4721459e+00 6.4648650e+00 6.4369022e+00 6.3769374e+00 6.3062175e+00 6.2372719e+00 6.1649630e+00 6.0564054e+00 5.9831377e+00 5.9285062e+00 5.8657918e+00
3.4615176e+00 2.8179244e+00 2.1651410e+00 1.4192677e+00 6.0124974e-01 3.4331653e-02 2.4470227e-03 1.0290255e-03 9.7277448e-04 4.0535606e-02 6.7168986e-02 3.3533786e-02 3.0225677e-03 1.8193645e-03 7.9959654e-04 1.2253569e-01 3.5081772e+00 3.7232414e+00 4.0766682e+00 4.5201869e+00 4.9177764e+00 5.2562204e+00 5.3224367e+00 5.4441326e+00 5.6401665e+00 5.8196739e+00 6.0266017e+00 6.1458752e+00 6.2782217e+00 6.3534385e+00 6.4445666e+00 6.5532802e+00 6.6307049e+00 6.5925908e+00 6.5807681e+00 6.5961463e+00 6.5675195e+00 6.5797068e+00 6.5085939e+00 6.5067584e+00 6.4886168e+00 6.4736249e+00 6.4226653e+00 6.3423079e+00 6.2537398e+00 6.1760461e+00 6.1234212e+00 6.0475957e+00 5.9874277e+00 5.9369140e+00
4.0441790e+00 3.3735111e+00 2.6182092e+00 1.6572298e+00 6.4738919e-01 9.8102522e-04 9.9905551e-04 9.9394419e-04 7.2646032e-04 9.9685360e-04 9.0651593e-02 2.6963471e-02 5.2064411e-03 3.0334448e-03 2.2476964e-03 6.7565773e-04 2.8145713e+00 3.5293465e+00 3.8176835e+00 4.2532302e+00 4.6918885e+00 5.0857438e+00 5.2863691e+00 5.3198512e+00 5.4319501e+00 5.6174979e+00 5.8279745e+00 6.0232660e+00 6.1782663e+00 6.3256014e+00 6.4749899e+00 6.4984029e+00 6.5711612e+00 6.5725710e+00 6.6028410e+00 6.6085342e+00 6.5864179e+00 6.6138085e+00 6.5537095e+00 6.5700582e+00 6.5690557e+00 6.5263948e+00 6.4853601e+00 6.3893977e+00 6.2673600e+00 6.1808502e+00 6.1442676e+00 6.0761167e+00 5.9675623e+00 5.9259570e+00
4.7452783e+00 4.0101393e+00 3.1731401e+00 2.0058242e+00 7.4333406e-01 9.4682454e-04 9.8823769e-04 1.2259512e-02 9.9956706e-04 2.3689235e-03 1.3512509e-01 1.2030180e-01 3.9193233e-02 5.5138721e-03 3.9512263e-03 1.7897580e-03 9.3140893e-04 3.6736261e+00 3.6876712e+00 3.9695661e+00 4.4127257e+00 4.8170673e+00 5.1285811e+00 5.2868636e+00 5.2365193e+00 5.3013160e+00 5.5050301e+00 5.7626960e+00 5.9922584e+00 6.2760707e+00 6.5598030e+00 6.5706599e+00 6.5394465e+00 6.5610086e+00 6.5931153e+00 6.6124454e+00 6.6099512e+00 6.6382267e+00 6.5833550e+00 6.5719817e+00 6.5714098e+00 6.5561533e+00 6.5328605e+00 6.3937155e+00 6.2494286e+00 6.1300294e+00 6.0689966e+00 6.0126690e+00 5.9514384e+00 5.8835805e+00
5.4170596e+00 4.6705754e+00 3.7517653e+00 2.4239929e+00 9.7889836e-01 2.1217689e-02 7.7572708e-03 7.2571847e-03 5.9820883e-04 1.7811362e-03 6.7167251e-01 7.5038716e-01 6.6380285e-01 5.7283532e-02 5.5411136e-03 2.5990147e-03 6.5601635e-04 1.7083644e+00 3.5379370e+00 3.7470337e+00 4.1542607e+00 4.5612050e+00 4.8844129e+00 5.1117348e+00 5.1578696e+00 5.0210789e+00 5.0818234e+00 5.3670849e+00 5.6899521e+00 6.0093352e+00 6.1213939e+00 6.3715226e+00 6.4677294e+00 6.4597816e+00 6.5362798e+00 6.5790388e+00 6.6048072e+00 6.6387077e+00 6.6070727e+00 6.5979510e+00 6.5833087e+00 6.5673002e+00 6.5317018e+00 6.3266036e+00 6.1501923e+00 5.9868707e+00 5.8989140e+00 5.8452107e+00 5.8125776e+00 5.8015626e+00
