ahotovec/data/depth_0034.asc
ncols     164
nrows     146
xllcorner -1.242151388888889e+02
yllcorner  4.172986111111111e+01
cellsize  2.777777777820000e-04
nodata_value       -9999
[rows 44 to 65 of 146, columns 100 to 149 of 164]
6.1361796e-01 6.1557410e-01 6.6371826e-01 1.2027682e+00 1.5572498e+00 1.2316696e+00 1.0331060e+00 1.0101474e+00 7.3555746e-01 6.7842176e-01 6.8671453e-01 6.9377139e-01 7.0088757e-01 7.0843265e-01 7.1492783e-01 7.8644511e-01 1.2148434e+00 1.8607945e+00 1.6762030e+00 1.0399403e+00 7.6324172e-01 7.3674398e-01 6.5109950e-01 5.1635224e-01 3.7895164e-01 2.3418292e-01 7.9149965e-02 6.0068091e-03 9.9876607e-04 9.9624982e-04 9.8633309e-04 9.9997394e-04 9.5575894e-04 0.0000000e+00 0.0000000e+00 0.0000000e+00 0.0000000e+00 0.0000000e+00 0.0000000e+00 0.0000000e+00 0.0000000e+00 0.0000000e+00 0.0000000e+00 0.0000000e+00 0.0000000e+00 0.0000000e+00 0.0000000e+00 0.0000000e+00 0.0000000e+00 0.0000000e+00
6.0209065e-01 6.2140115e-01 1.0761891e+00 1.6132496e+00 1.0406387e+00 8.0546798e-01 8.3268155e-01 7.2530931e-01 6.6142864e-01 6.7026883e-01 6.8169328e-01 6.9170811e-01 7.0226672e-01 7.1368670e-01 7.3619746e-01 1.0120741e+00 1.6670067e+00 1.8855352e+00 1.2216578e+00 8.0606658e-01 7.4966623e-01 7.2626953e-01 5.8923791e-01 4.5216638e-01 3.1969744e-01 1.6855557e-01 1.8602031e-02 9.9673939e-04 9.9874694e-04 0.0000000e+00 0.0000000e+00 0.0000000e+00 0.0000000e+00 0.0000000e+00 0.0000000e+00 0.0000000e+00 0.0000000e+00 0.0000000e+00 0.0000000e+00 0.0000000e+00 0.0000000e+00 0.0000000e+00 0.0000000e+00 0.0000000e+00 0.0000000e+00 0.0000000e+00 0.0000000e+00 0.0000000e+00 0.0000000e+00 0.0000000e+00
6.0873546e-01 8.9064434e-01 1.5708508e+00 1.4709743e+00 7.9606393e-01 7.3787003e-01 6.9524418e-01 6.5170590e-01 6.6482214e-01 6.7255702e-01 6.8233237e-01 6.9080909e-01 7.0582947e-01 7.3607453e-01 9.0814020e-01 1.3946398e+00 1.9775450e+00 1.5044714e+00 9.1764266e-01 7.5542632e-01 7.6109277e-01 7.1628159e-01 5.8761115e-01 4.3298818e-01 2.7926946e-01 1.0369384e-01 1.9112159e-03 9.9873621e-04 9.9938701e-04 0.0000000e+00 0.0000000e+00 0.0000000e+00 0.0000000e+00 0.0000000e+00 0.0000000e+00 0.0000000e+00 0.0000000e+00 0.0000000e+00 0.0000000e+00 0.0000000e+00 0.0000000e+00 0.0000000e+00 0.0000000e+00 0.0000000e+00 0.0000000e+00 0.0000000e+00 0.0000000e+00 0.0000000e+00 0.0000000e+00 0.0000000e+00
1.0444812e+00 1.5979727e+00 1.6622386e+00 1.1058438e+00 7.4821603e-01 6.9821092e-01 6.4607408e-01 6.5120577e-01 6.6555240e-01 6.7280807e-01 6.8324855e-01 6.9624362e-01 7.7049531e-01 1.0937593e+00 1.5473753e+00 1.9151873e+00 1.6903375e+00 1.0888220e+00 7.8720444e-01 7.6059553e-01 7.7193277e-01 7.6925300e-01 6.9056570e-01 5.2253070e-01 3.2056510e-01 1.2525985e-01 1.5397419e-03 9.9994944e-04 9.9817111e-04 0.0000000e+00 0.0000000e+00 0.0000000e+00 0.0000000e+00 0.0000000e+00 0.0000000e+00 0.0000000e+00 0.0000000e+00 0.0000000e+00 0.0000000e+00 0.0000000e+00 0.0000000e+00 0.0000000e+00 0.0000000e+00 0.0000000e+00 0.0000000e+00 0.0000000e+00 0.0000000e+00 0.0000000e+00 0.0000000e+00 0.0000000e+00
1.5401247e+00 1.6725455e+00 1.2298775e+00 8.2312725e-01 7.5554650e-01 6.3945219e-01 6.3392561e-01 6.4672585e-01 6.5667932e-01 6.7031917e-01 6.8154250e-01 7.7142514e-01 1.0992293e+00 1.6765277e+00 1.9049944e+00 1.4305406e+00 1.0633586e+00 8.1640448e-01 7.5176183e-01 7.5910052e-01 7.6988393e-01 7.6231512e-01 7.2365157e-01 6.1286988e-01 3.9785861e-01 1.6373097e-01 9.8635775e-04 9.9940391e-04 9.9856510e-04 0.0000000e+00 0.0000000e+00 0.0000000e+00 0.0000000e+00 0.0000000e+00 0.0000000e+00 0.0000000e+00 0.0000000e+00 0.0000000e+00 0.0000000e+00 0.0000000e+00 0.0000000e+00 0.0000000e+00 0.0000000e+00 0.0000000e+00 0.0000000e+00 0.0000000e+00 0.0000000e+00 0.0000000e+00 0.0000000e+00 0.0000000e+00
1.4502109e+00 1.0812576e+00 7.7339324e-01 7.9127080e-01 7.5438254e-01 6.3079074e-01 6.2981376e-01 6.4284903e-01 6.5726115e-01 6.6689673e-01 7.3572239e-01 1.0565625e+00 1.6714667e+00 1.8862256e+00 1.3380203e+00 8.8893099e-01 7.5084693e-01 7.4815896e-01 7.5499767e-01 7.6329421e-01 7.6595232e-01 6.8928384e-01 5.6633582e-01 4.8763263e-01 3.3150239e-01 1.2719698e-01 2.7907416e-03 9.9887597e-04 0.0000000e+00 0.0000000e+00 0.0000000e+00 0.0000000e+00 0.0000000e+00 0.0000000e+00 0.0000000e+00 0.0000000e+00 0.0000000e+00 0.0000000e+00 0.0000000e+00 0.0000000e+00 0.0000000e+00 0.0000000e+00 0.0000000e+00 0.0000000e+00 0.0000000e+00 0.0000000e+00 0.0000000e+00 0.0000000e+00 0.0000000e+00 0.0000000e+00
7.0924369e-01 5.8488890e-01 6.5138909e-01 7.6339385e-01 7.9396192e-01 7.0537369e-01 6.2682553e-01 6.3653633e-01 6.5250766e-01 6.9938270e-01 9.8988116e-01 1.5818840e+00 1.8884922e+00 1.3440013e+00 8.7047718e-01 7.3216086e-01 7.3493554e-01 7.5041882e-01 7.5777603e-01 7.6680200e-01 7.7629263e-01 7.2023683e-01 5.6826335e-01 4.0086082e-01 2.6159795e-01 9.0015852e-02 9.7476574e-04 9.9655583e-04 1.0181626e-04 0.0000000e+00 0.0000000e+00 0.0000000e+00 0.0000000e+00 0.0000000e+00 0.0000000e+00 0.0000000e+00 0.0000000e+00 0.0000000e+00 0.0000000e+00 0.0000000e+00 0.0000000e+00 0.0000000e+00 0.0000000e+00 0.0000000e+00 0.0000000e+00 0.0000000e+00 0.0000000e+00 0.0000000e+00 0.0000000e+00 0.0000000e+00
5.6135879e-01 5.7012896e-01 5.9007036e-01 6.4713689e-01 6.9755404e-01 7.1801203e-01 6.4235348e-01 6.3209168e-01 6.6668007e-01 9.0531810e-01 1.4566205e+00 1.9200328e+00 1.3917759e+00 9.0082358e-01 7.1940692e-01 7.2206695e-01 7.3514769e-01 7.4946651e-01 7.5858691e-01 7.6777313e-01 7.6775185e-01 6.7481595e-01 5.4855882e-01 3.8146353e-01 2.2218073e-01 3.3595498e-02 9.9820856e-04 9.9722652e-04 9.9839346e-04 3.3081181e-04 0.0000000e+00 0.0000000e+00 0.0000000e+00 0.0000000e+00 0.0000000e+00 0.0000000e+00 0.0000000e+00 0.0000000e+00 0.0000000e+00 0.0000000e+00 0.0000000e+00 0.0000000e+00 0.0000000e+00 0.0000000e+00 0.0000000e+00 0.0000000e+00 0.0000000e+00 0.0000000e+00 0.0000000e+00 0.0000000e+00
5.5126203e-01 5.6116591e-01 5.7146722e-01 5.8709954e-01 6.0013929e-01 6.1750674e-01 6.2041980e-01 6.3767746e-01 8.1035873e-01 1.3478132e+00 1.8979351e+00 1.4913557e+00 9.2774908e-01 7.0418820e-01 7.0165542e-01 7.1622031e-01 7.2940027e-01 7.3663884e-01 7.2327814e-01 6.8724138e-01 6.2954090e-01 5.3361051e-01 4.1357608e-01 2.9065546e-01 1.3578958e-01 1.0718828e-02 1.8710491e-03 1.9016432e-03 1.0863700e-03 9.9897183e-04 4.3262386e-04 0.0000000e+00 0.0000000e+00 0.0000000e+00 0.0000000e+00 0.0000000e+00 0.0000000e+00 0.0000000e+00 0.0000000e+00 0.0000000e+00 0.0000000e+00 0.0000000e+00 0.0000000e+00 0.0000000e+00 0.0000000e+00 0.0000000e+00 0.0000000e+00 0.0000000e+00 0.0000000e+00 0.0000000e+00
5.4525881e-01 5.5622096e-01 5.6788120e-01 5.8319053e-01 5.9034180e-01 6.0240606e-01 6.3050733e-01 8.0743039e-01 1.2399821e+00 1.8485506e+00 1.5960926e+00 9.8701383e-01 7.0055135e-01 6.4717261e-01 6.3742560e-01 6.2410357e-01 6.0346863e-01 5.8437423e-01 5.2945118e-01 4.7518622e-01 4.1019667e-01 3.3696129e-01 2.4686030e-01 1.3367716e-01 2.0855210e-02 1.8278587e-03 3.1679267e-03 2.4190083e-03 1.6138659e-03 9.9968764e-04 9.9938125e-04 2.0593577e-05 3.6915611e-04 0.0000000e+00 0.0000000e+00 0.0000000e+00 0.0000000e+00 0.0000000e+00 0.0000000e+00 0.0000000e+00 0.0000000e+00 0.0000000e+00 0.0000000e+00 0.0000000e+00 0.0000000e+00 0.0000000e+00 0.0000000e+00 0.0000000e+00 0.0000000e+00 0.0000000e+00
5.4020967e-01 5.5186379e-01 5.6397186e-01 5.7581499e-01 5.8916553e-01 6.1437762e-01 8.3053507e-01 1.3575920e+00 1.8111038e+00 1.6772260e+00 1.0791923e+00 7.1662657e-01 5.8348924e-01 5.1214834e-01 4.5708001e-01 4.0727085e-01 3.6427320e-01 3.1255276e-01 2.9482256e-01 2.3604616e-01 1.9548160e-01 1.1685721e-01 3.2705615e-02 1.0185017e-03 2.1158002e-03 3.5952572e-03 2.9300070e-03 2.3974444e-03 1.7091275e-03 1.0000329e-03 9.9846707e-04 9.9927392e-04 9.9720736e-04 6.3052046e-04 2.5297531e-04 0.0000000e+00 0.0000000e+00 0.0000000e+00 0.0000000e+00 0.0000000e+00 0.0000000e+00 0.0000000e+00 0.0000000e+00 0.0000000e+00 0.0000000e+00 0.0000000e+00 0.0000000e+00 0.0000000e+00 0.0000000e+00 0.0000000e+00
5.3431563e-01 5.4749292e-01 5.6075307e-01 5.7251326e-01 6.1155801e-01 8.5667675e-01 1.4026217e+00 1.9079397e+00 1.8205664e+00 1.2504559e+00 7.6315743e-01 5.8876946e-01 4.9368692e-01 4.1280337e-01 3.2409833e-01 2.7101810e-01 2.1135896e-01 1.6811702e-01 1.1849903e-01 5.7773950e-02 2.9941441e-03 1.0036460e-03 2.5994347e-03 4.8331448e-03 4.5405991e-03 3.7352528e-03 3.0114943e-03 2.3115766e-03 1.5591694e-03 9.9682116e-04 9.9763328e-04 9.9734034e-04 9.9896841e-04 9.9772629e-04 9.9769818e-04 0.0000000e+00 0.0000000e+00 0.0000000e+00 0.0000000e+00 0.0000000e+00 0.0000000e+00 0.0000000e+00 0.0000000e+00 0.0000000e+00 0.0000000e+00 0.0000000e+00 0.0000000e+00 0.0000000e+00 0.0000000e+00 0.0000000e+00
5.2982327e-01 5.4385342e-01 5.6060421e-01 6.1321296e-01 8.8416445e-01 1.4128999e+00 1.8810558e+00 1.7935581e+00 1.2603313e+00 8.2166882e-01 6.5127755e-01 5.9074031e-01 5.1930821e-01 4.4328533e-01 3.5447969e-01 2.5557220e-01 1.6300597e-01 8.4386230e-02 1.6233883e-02 2.7935717e-03 4.2488136e-03 5.0767529e-03 4.3657439e-03 4.6136317e-03 4.3810258e-03 3.8306405e-03 3.2937418e-03 2.5914966e-03 1.7531377e-03 1.0000646e-03 9.9937358e-04 9.9848142e-04 9.9865896e-04 9.9924376e-04 9.9893915e-04 0.0000000e+00 0.0000000e+00 0.0000000e+00 0.0000000e+00 0.0000000e+00 0.0000000e+00 0.0000000e+00 0.0000000e+00 0.0000000e+00 0.0000000e+00 0.0000000e+00 0.0000000e+00 0.0000000e+00 0.0000000e+00 0.0000000e+00
8.5324215e-01 8.6534179e-01 9.1991488e-01 1.1299362e+00 1.5476785e+00 1.8847539e+00 1.7358594e+00 1.2847496e+00 9.1365271e-01 7.5191593e-01 6.9740849e-01 6.5031251e-01 6.0205855e-01 4.9411969e-01 3.9280767e-01 2.8803850e-01 1.9122556e-01 8.5393820e-02 3.0540808e-03 3.0771155e-03 2.0351093e-03 4.3051144e-03 5.1571092e-03 4.1198828e-03 4.0812126e-03 3.8580182e-03 3.6120188e-03 3.0895839e-03 2.2781083e-03 1.3440214e-03 1.0001192e-03 9.9929957e-04 9.9895086e-04 9.9874017e-04 9.9881575e-04 0.0000000e+00 0.0000000e+00 0.0000000e+00 0.0000000e+00 0.0000000e+00 0.0000000e+00 0.0000000e+00 0.0000000e+00 0.0000000e+00 0.0000000e+00 0.0000000e+00 0.0000000e+00 0.0000000e+00 0.0000000e+00 0.0000000e+00
1.7343533e+00 1.7511933e+00 1.7742258e+00 1.8485586e+00 1.8863690e+00 1.6333629e+00 1.2368539e+00 9.7956198e-01 8.9112610e-01 8.1037373e-01 7.3579653e-01 6.6516750e-01 6.3085742e-01 5.2868423e-01 4.2246556e-01 3.1314579e-01 2.0395971e-01 9.4720643e-02 9.9457693e-03 1.2971917e-02 7.0775986e-03 1.0909978e-03 2.6817967e-03 3.3345782e-03 3.3115399e-03 3.3465637e-03 3.3482842e-03 3.1298104e-03 2.6967539e-03 1.9233286e-03 1.0672743e-03 9.9930407e-04 9.9874644e-04 9.9798748e-04 9.9832948e-04 9.9954235e-04 0.0000000e+00 0.0000000e+00 0.0000000e+00 0.0000000e+00 0.0000000e+00 0.0000000e+00 0.0000000e+00 0.0000000e+00 0.0000000e+00 0.0000000e+00 0.0000000e+00 0.0000000e+00 0.0000000e+00 0.0000000e+00
1.4862529e+00 1.5238268e+00 1.5327775e+00 1.5073868e+00 1.3791791e+00 1.1597245e+00 9.6902761e-01 9.3097280e-01 8.6029698e-01 8.0112020e-01 7.4175062e-01 6.7184958e-01 6.4509067e-01 5.5396074e-01 4.4957007e-01 3.4151895e-01 2.3867520e-01 1.3691436e-01 2.6047269e-02 1.5375314e-02 9.4429976e-03 3.0812537e-03 3.4062630e-03 2.8203405e-03 2.3971621e-03 2.3011546e-03 2.1121033e-03 2.1704073e-03 2.2973918e-03 2.2249581e-03 1.6428371e-03 9.9892858e-04 9.9869560e-04 9.9885540e-04 9.9921032e-04 9.9945887e-04 9.9960406e-04 9.9923996e-04 0.0000000e+00 0.0000000e+00 0.0000000e+00 0.0000000e+00 0.0000000e+00 0.0000000e+00 0.0000000e+00 0.0000000e+00 0.0000000e+00 0.0000000e+00 0.0000000e+00 0.0000000e+00
8.5935146e-01 9.3453962e-01 9.8248178e-01 9.9516186e-01 9.8615420e-01 9.6224859e-01 9.1589133e-01 9.1048435e-01 8.4892766e-01 8.2072922e-01 7.5035580e-01 7.0131803e-01 6.6013152e-01 6.0224058e-01 4.9592233e-01 3.8306370e-01 2.7556862e-01 1.5383247e-01 2.3787693e-02 1.3174599e-02 1.0738277e-02 4.9344952e-03 4.7196972e-03 3.4422926e-03 2.8796270e-03 1.9326918e-03 1.0734177e-03 1.0162818e-03 1.0449466e-03 1.2610467e-03 1.6923583e-03 1.9204675e-03 9.9897322e-04 9.9989956e-04 9.9961584e-04 9.9862913e-04 9.9996865e-04 9.9986279e-04 9.9992806e-04 2.2313424e-04 0.0000000e+00 0.0000000e+00 0.0000000e+00 0.0000000e+00 0.0000000e+00 0.0000000e+00 0.0000000e+00 0.0000000e+00 0.0000000e+00 0.0000000e+00
7.4192007e-01 7.9230026e-01 7.9458858e-01 8.3929207e-01 8.6709118e-01 8.9103346e-01 9.0114687e-01 8.6761285e-01 8.3531732e-01 8.2323226e-01 7.5599350e-01 7.2117041e-01 6.6998210e-01 6.1473053e-01 5.0742230e-01 4.0050181e-01 2.7093451e-01 1.5237174e-01 2.4011915e-02 7.6616955e-03 3.9330254e-03 1.0035737e-03 1.4234926e-03 1.2643578e-03 9.9976822e-04 1.5670159e-03 2.3235357e-03 2.4122074e-03 2.5076234e-03 2.4996044e-03 2.1228192e-03 1.0735312e-03 1.0268641e-03 9.9938908e-04 9.9941156e-04 9.9952388e-04 9.9992678e-04 9.9948228e-04 9.9875047e-04 9.9903756e-04 9.9874011e-04 0.0000000e+00 0.0000000e+00 0.0000000e+00 0.0000000e+00 0.0000000e+00 0.0000000e+00 0.0000000e+00 0.0000000e+00 0.0000000e+00
6.0402781e-01 6.1563013e-01 6.5584860e-01 7.2024218e-01 7.5945652e-01 7.9918921e-01 8.1994539e-01 8.2266639e-01 8.2867793e-01 7.9826773e-01 7.5394595e-01 6.9597228e-01 6.7334235e-01 6.1683718e-01 5.0637134e-01 3.7549137e-01 2.5939731e-01 1.4424424e-01 1.2169570e-02 1.9128179e-03 2.8239734e-03 9.9952291e-04 1.3490008e-03 2.1390386e-03 2.8167796e-03 3.1469806e-03 3.2359033e-03 3.2671810e-03 3.1612358e-03 2.9582871e-03 2.7075725e-03 2.4989885e-03 2.0770676e-03 1.1525274e-03 9.9843733e-04 9.9918770e-04 9.9996939e-04 9.9957635e-04 9.9987114e-04 9.9893518e-04 9.9964180e-04 9.9882149e-04 0.0000000e+00 0.0000000e+00 0.0000000e+00 0.0000000e+00 0.0000000e+00 0.0000000e+00 0.0000000e+00 0.0000000e+00
5.3527933e-01 5.5038929e-01 5.6801705e-01 5.9580640e-01 6.4237498e-01 6.8238110e-01 7.1118231e-01 7.5355967e-01 7.6765201e-01 7.5545948e-01 7.4677993e-01 6.8705817e-01 6.7307799e-01 5.9004706e-01 4.7531499e-01 3.6380875e-01 2.4255995e-01 1.1836812e-01 1.6998559e-02 8.8728335e-03 3.5200751e-03 9.9979413e-04 1.7274146e-03 3.4486596e-03 3.8031669e-03 3.9678585e-03 3.9791504e-03 3.9953480e-03 3.8203704e-03 3.6721786e-03 3.5239573e-03 3.3205370e-03 2.7910911e-03 2.0086034e-03 1.0882111e-03 9.9946154e-04 9.9881797e-04 9.9895823e-04 9.9933228e-04 9.9927531e-04 9.9930095e-04 9.9939033e-04 9.9908701e-04 9.9979627e-04 0.0000000e+00 0.0000000e+00 0.0000000e+00 0.0000000e+00 0.0000000e+00 0.0000000e+00
5.2814721e-01 5.4393770e-01 5.5983960e-01 5.7651495e-01 5.9001621e-01 6.0503528e-01 6.2321373e-01 6.5475105e-01 6.7609565e-01 6.8574702e-01 6.8084878e-01 6.7423789e-01 6.7400713e-01 5.9088831e-01 4.7249878e-01 3.6572211e-01 2.5401319e-01 1.4264450e-01 6.0704794e-02 5.3194120e-02 3.4358369e-02 1.6673000e-02 8.8326948e-03 1.0054321e-03 1.9945307e-03 4.4935846e-03 5.1846360e-03 4.9336784e-03 4.5693019e-03 4.2242150e-03 3.7845230e-03 3.2652058e-03 2.8064164e-03 2.4069257e-03 1.9843392e-03 1.1262882e-03 9.9972992e-04 9.9981862e-04 9.9941824e-04 9.9878351e-04 9.9966341e-04 9.9869913e-04 9.9874252e-04 9.9886671e-04 9.9934818e-04 9.9930312e-04 9.9984279e-04 0.0000000e+00 0.0000000e+00 0.0000000e+00
5.1541424e-01 5.3350767e-01 5.5152651e-01 5.6891961e-01 5.8294500e-01 5.9810243e-01 6.1320438e-01 6.2766161e-01 6.4187536e-01 6.5095748e-01 6.5177541e-01 6.3470658e-01 5.7748973e-01 4.8229302e-01 3.7095340e-01 2.5272598e-01 1.4118579e-01 3.7529491e-02 2.6977850e-02 3.3492286e-02 3.8584976e-02 3.6815107e-02 2.7571547e-02 1.8644720e-02 1.3973608e-02 9.5038398e-03 6.8885553e-03 5.9979618e-03 5.0594719e-03 4.0610379e-03 3.2255304e-03 2.6627305e-03 2.4353809e-03 2.4747160e-03 2.4966830e-03 2.2095688e-03 1.5329667e-03 9.9887893e-04 9.9922004e-04 9.9989966e-04 9.9964072e-04 9.9902962e-04 9.9848992e-04 9.9860767e-04 9.9881250e-04 9.9872891e-04 9.9957152e-04 9.9959450e-04 0.0000000e+00 0.0000000e+00
