ahotovec/data/depth_0014.asc
ncols     164
nrows     146
xllcorner -1.242151388888889e+02
yllcorner  4.172986111111111e+01
cellsize  2.777777777820000e-04
nodata_value       -9999
[rows 110 to 131 of 146, columns 0 to 49 of 164]
1.8497149e+01 1.8575124e+01 1.7926649e+01 1.8223502e+01 1.7967506e+01 1.7880423e+01 1.7797227e+01 1.7328516e+01 1.7107888e+01 1.6823210e+01 1.6713332e+01 1.6875400e+01 1.6783933e+01 1.5757692e+01 1.6730608e+01 1.6949030e+01 1.6321432e+01 1.5698331e+01 1.5936413e+01 1.5977474e+01 1.5949410e+01 1.4718522e+01 1.4187694e+01 1.4629152e+01 1.4747822e+01 1.4533644e+01 1.4499686e+01 1.3921414e+01 1.4206328e+01 1.3812254e+01 1.3351969e+01 1.2769684e+01 1.2679619e+01 1.2325678e+01 1.1708988e+01 1.1327459e+01 1.1093644e+01 1.0300342e+01 9.9394685e+00 8.8934374e+00 5.1073828e+00 5.5426004e+00 9.8728699e+00 1.0128032e+01 1.0178549e+01 1.0527281e+01 1.0882257e+01 1.0641791e+01 1.0458848e+01 1.0042428e+01
1.8503759e+01 1.8476880e+01 1.8401542e+01 1.8420679e+01 1.8172325e+01 1.7510978e+01 1.7350635e+01 1.7563758e+01 1.7441418e+01 1.7224306e+01 1.7135611e+01 1.7152274e+01 1.7028259e+01 1.6499199e+01 1.7516567e+01 1.7666074e+01 1.7089802e+01 1.7207215e+01 1.6897009e+01 1.6711449e+01 1.6244802e+01 1.4999248e+01 1.5417811e+01 1.5797897e+01 1.5672784e+01 1.5284531e+01 1.5056038e+01 1.4725760e+01 1.4523348e+01 1.4565135e+01 1.4539149e+01 1.3479561e+01 1.3361807e+01 1.2889069e+01 1.2469924e+01 1.1861743e+01 1.1441102e+01 1.1255734e+01 1.0475672e+01 1.0657127e+01 1.0532838e+01 9.9116097e+00 1.0105714e+01 1.0238306e+01 1.0480208e+01 1.1377227e+01 1.1829231e+01 1.1401579e+01 1.1071398e+01 1.0531537e+01
1.8596383e+01 1.8521109e+01 1.8531253e+01 1.8373248e+01 1.8408871e+01 1.8247891e+01 1.8081111e+01 1.7910674e+01 1.7793242e+01 1.7622988e+01 1.7550152e+01 1.7575727e+01 1.7682951e+01 1.7780640e+01 1.7804481e+01 1.7873942e+01 1.7610873e+01 1.7502699e+01 1.6951754e+01 1.6898504e+01 1.6183249e+01 1.6850714e+01 1.7019842e+01 1.6893539e+01 1.6477483e+01 1.6170286e+01 1.5980258e+01 1.5475053e+01 1.5003701e+01 1.4733984e+01 1.4668302e+01 1.4693616e+01 1.4102420e+01 1.2975366e+01 1.2667427e+01 1.2516633e+01 1.1523455e+01 1.0695062e+01 1.0138986e+01 1.0764710e+01 1.0624365e+01 1.0046660e+01 1.0001052e+01 1.0426122e+01 1.1210297e+01 1.2328119e+01 1.2247382e+01 1.0955699e+01 1.0038288e+01 1.0256344e+01
1.8784774e+01 1.8707580e+01 1.8676085e+01 1.8686611e+01 1.8549343e+01 1.8400594e+01 1.8297676e+01 1.8202847e+01 1.8127407e+01 1.8080432e+01 1.8022486e+01 1.8079164e+01 1.8100849e+01 1.8095073e+01 1.8042199e+01 1.8085038e+01 1.7944023e+01 1.7710043e+01 1.7682081e+01 1.7770397e+01 1.7924439e+01 1.7867542e+01 1.7604206e+01 1.7324728e+01 1.7139814e+01 1.6867140e+01 1.5792829e+01 1.4378333e+01 1.5746987e+01 1.5247925e+01 1.4894791e+01 1.4780161e+01 1.3985230e+01 1.3977035e+01 1.3864209e+01 1.2854895e+01 1.1661361e+01 1.0335021e+01 9.2804252e+00 9.4257765e+00 9.7765795e+00 9.2075790e+00 9.0508011e+00 1.0448361e+01 1.2211228e+01 1.2725308e+01 1.2801446e+01 1.2615124e+01 1.2081844e+01 1.2880947e+01
1.8929207e+01 1.8875283e+01 1.8833021e+01 1.8799229e+01 1.8725986e+01 1.8637271e+01 1.8586697e+01 1.8566666e+01 1.8584504e+01 1.8559048e+01 1.8439716e+01 1.8449652e+01 1.7058834e+01 1.5720103e+01 1.8641668e+01 1.8256949e+01 1.8121602e+01 1.8141370e+01 1.8158640e+01 1.8193967e+01 1.8347904e+01 1.8269795e+01 1.8043409e+01 1.7798183e+01 1.7612696e+01 1.7405409e+01 1.7020054e+01 1.6692785e+01 1.6728701e+01 1.5344984e+01 1.5512447e+01 1.4306339e+01 1.4525798e+01 1.4071346e+01 1.4188232e+01 1.0825669e+01 1.1165835e+01 9.9976062e+00 6.3780930e+00 1.0304268e+01 1.0457094e+01 1.0201459e+01 9.2597166e+00 1.1668944e+01 1.3076630e+01 1.3358688e+01 1.2469408e+01 1.3478669e+01 1.3583403e+01 1.3614654e+01
1.9104851e+01 1.9057072e+01 1.9025154e+01 1.8966773e+01 1.8942913e+01 1.8905436e+01 1.8870916e+01 1.8843042e+01 1.8392563e+01 1.3076819e+01 1.8662801e+01 1.8794456e+01 1.8872796e+01 1.8739582e+01 1.8844475e+01 1.8686092e+01 1.8578625e+01 1.8572999e+01 1.8632293e+01 1.8779406e+01 1.8932493e+01 1.8899595e+01 1.8718888e+01 1.8188525e+01 1.8203463e+01 1.7654391e+01 1.7965214e+01 1.8004339e+01 1.7911961e+01 1.6778343e+01 1.6355262e+01 1.4135042e+01 1.4945477e+01 1.5903437e+01 1.4410709e+01 9.7455968e+00 9.1204230e+00 1.0627925e+01 1.1481628e+01 1.0589359e+01 1.0952925e+01 1.1488419e+01 1.2285998e+01 1.3265218e+01 1.3224181e+01 1.4092683e+01 1.3635285e+01 1.4013715e+01 1.4057780e+01 1.4277026e+01
1.9272770e+01 1.9253407e+01 1.9230716e+01 1.9182861e+01 1.9155722e+01 1.9141562e+01 1.9133856e+01 1.9097943e+01 1.8967629e+01 1.6678868e+01 1.8969427e+01 1.9155935e+01 1.9064472e+01 1.9002054e+01 1.8935730e+01 1.8904946e+01 1.8902727e+01 1.8910800e+01 1.8925046e+01 1.9179117e+01 1.8306522e+01 1.9110235e+01 1.8940058e+01 1.8739673e+01 1.8322866e+01 1.8377782e+01 1.7593157e+01 1.8428354e+01 1.8413756e+01 1.8307434e+01 1.7212264e+01 1.7127577e+01 1.6972842e+01 1.6539477e+01 1.5771746e+01 1.1841114e+01 1.1558562e+01 1.0765183e+01 1.1080037e+01 1.1760447e+01 1.2092611e+01 1.2361766e+01 1.3037660e+01 1.3791375e+01 1.3815731e+01 1.4370300e+01 1.4614248e+01 1.4407933e+01 1.4694163e+01 1.4946403e+01
1.9478680e+01 1.9438103e+01 1.9420680e+01 1.9371874e+01 1.9345795e+01 1.9331995e+01 1.9336124e+01 1.9356427e+01 1.9389462e+01 1.9439327e+01 1.9359762e+01 1.9290690e+01 1.9237488e+01 1.9189897e+01 1.9144191e+01 1.9126752e+01 1.9157300e+01 1.9028569e+01 1.9080559e+01 1.9349733e+01 1.9197501e+01 1.9655521e+01 1.9354668e+01 1.9454022e+01 1.8796254e+01 1.8624092e+01 1.6040289e+01 1.7843177e+01 1.8677618e+01 1.8316387e+01 1.7636275e+01 1.6525337e+01 1.7448839e+01 1.6487605e+01 1.6182256e+01 1.5707763e+01 1.5910951e+01 1.4117285e+01 1.2514494e+01 1.2967703e+01 1.2557955e+01 1.2760617e+01 1.4009878e+01 1.4184599e+01 1.4423649e+01 1.5222550e+01 1.5305277e+01 1.5250668e+01 1.5233239e+01 1.5354319e+01
1.9755234e+01 1.9715220e+01 1.9661631e+01 1.9611469e+01 1.9538519e+01 1.9537778e+01 1.9495182e+01 1.9541128e+01 1.9533553e+01 1.9522845e+01 1.9477502e+01 1.9458134e+01 1.9406696e+01 1.9390882e+01 1.9381600e+01 1.9363710e+01 1.9377585e+01 1.9378542e+01 1.9386177e+01 1.9402749e+01 1.9485940e+01 1.9504945e+01 1.9428714e+01 1.9364183e+01 1.9230327e+01 1.9294227e+01 1.8350194e+01 1.8785111e+01 1.9332770e+01 1.8943980e+01 1.8485572e+01 1.8189593e+01 1.8206681e+01 1.7312023e+01 1.5961152e+01 1.5959256e+01 1.5642460e+01 1.4985414e+01 1.5065273e+01 1.4412450e+01 1.3580155e+01 1.4172836e+01 1.4888746e+01 1.5058706e+01 1.5274321e+01 1.5404717e+01 1.4817369e+01 1.5746747e+01 1.5702325e+01 1.5864742e+01
1.9945777e+01 1.9901517e+01 1.9871444e+01 1.9849114e+01 1.9837577e+01 1.9776214e+01 1.9739556e+01 1.9726063e+01 1.9694981e+01 1.9674426e+01 1.9614076e+01 1.9620083e+01 1.9626087e+01 1.9604280e+01 1.9597175e+01 1.9587359e+01 1.9577512e+01 1.9568385e+01 1.9558943e+01 1.9535925e+01 1.9534169e+01 1.9605579e+01 1.9767192e+01 1.9315303e+01 1.9348764e+01 1.9482952e+01 1.9660757e+01 1.9817480e+01 1.9612128e+01 1.9299041e+01 1.9028560e+01 1.8534295e+01 1.8568809e+01 1.8627439e+01 1.6403687e+01 1.6791962e+01 1.6856361e+01 1.5855562e+01 1.5660553e+01 1.5488215e+01 1.4530136e+01 1.4053484e+01 1.5851093e+01 1.5601228e+01 1.5704735e+01 1.6451369e+01 1.6675414e+01 1.6150663e+01 1.6086001e+01 1.6108931e+01
2.0146807e+01 2.0128592e+01 2.0101662e+01 2.0070594e+01 2.0025719e+01 1.9964765e+01 1.9950344e+01 1.9960829e+01 1.9952360e+01 1.9951623e+01 1.9857263e+01 1.9791011e+01 1.9791246e+01 1.9828720e+01 1.9830383e+01 1.9835071e+01 1.9818941e+01 1.9779461e+01 1.9721950e+01 1.9634542e+01 1.9705129e+01 1.9715007e+01 1.9773090e+01 1.9852629e+01 1.9710198e+01 1.9219829e+01 1.7577174e+01 1.6730872e+01 1.9727916e+01 1.9280480e+01 1.9568468e+01 1.9487931e+01 1.9313890e+01 1.7684075e+01 1.8374374e+01 1.7443940e+01 1.6291179e+01 1.5907972e+01 1.4124840e+01 1.3748980e+01 1.4912741e+01 1.4973652e+01 1.6614950e+01 1.5661566e+01 1.5355388e+01 1.6719402e+01 1.6817611e+01 1.6658290e+01 1.6509011e+01 1.6461111e+01
2.0386504e+01 2.0339677e+01 2.0317558e+01 2.0287862e+01 2.0269992e+01 2.0247519e+01 2.0194985e+01 2.0161052e+01 2.0146780e+01 2.0190639e+01 2.0172970e+01 2.0079771e+01 2.0038692e+01 2.0034592e+01 2.0067052e+01 2.0078071e+01 2.0069442e+01 2.0022108e+01 1.9928375e+01 1.9839494e+01 1.9911744e+01 1.9907337e+01 1.9920218e+01 1.9952842e+01 1.9938785e+01 1.9961275e+01 2.0081217e+01 1.9280748e+01 1.9558362e+01 2.0241161e+01 1.9884924e+01 1.9822984e+01 1.9447801e+01 1.8804073e+01 1.9229104e+01 1.7507124e+01 1.6133317e+01 1.6219521e+01 1.5798581e+01 1.4284132e+01 1.1402073e+01 1.0829091e+01 1.6367374e+01 1.7318442e+01 1.6195558e+01 1.7391254e+01 1.7081553e+01 1.6941165e+01 1.6878471e+01 1.6839238e+01
2.0613404e+01 2.0586033e+01 2.0568394e+01 2.0536222e+01 2.0484866e+01 2.0440719e+01 2.0393825e+01 2.0374855e+01 2.0377765e+01 2.0345661e+01 2.0281935e+01 2.0295885e+01 2.0303678e+01 2.0295371e+01 2.0287828e+01 2.0283267e+01 2.0264913e+01 2.0233571e+01 2.0187706e+01 2.0124186e+01 2.0098261e+01 2.0085766e+01 2.0102564e+01 2.0101232e+01 2.0036613e+01 2.0314422e+01 2.0501365e+01 2.0185223e+01 2.0805590e+01 2.0368810e+01 2.0160813e+01 2.0140322e+01 1.9765733e+01 1.8727356e+01 1.9010564e+01 1.7638300e+01 1.6403144e+01 1.6785280e+01 1.5015718e+01 1.3128162e+01 1.2054387e+01 1.0071100e+01 1.6408936e+01 1.8602146e+01 1.7381814e+01 1.7700522e+01 1.7432790e+01 1.7305555e+01 1.7274633e+01 1.7287006e+01
2.0797823e+01 2.0790499e+01 2.0780539e+01 2.0781805e+01 2.0748552e+01 2.0687411e+01 2.0638650e+01 2.0584953e+01 2.0567377e+01 2.0539801e+01 2.0502157e+01 2.0524763e+01 2.0526677e+01 2.0534936e+01 2.0542548e+01 2.0539217e+01 2.0524696e+01 2.0468565e+01 2.0418691e+01 2.0365081e+01 2.0317339e+01 2.0299350e+01 2.0306912e+01 2.0343119e+01 2.0425537e+01 2.0486563e+01 2.0322142e+01 2.0077628e+01 2.0553883e+01 2.0632313e+01 2.0345148e+01 2.0310773e+01 2.0052739e+01 2.0377117e+01 1.9787291e+01 1.9236637e+01 1.8091677e+01 1.5952740e+01 1.4677372e+01 1.1967184e+01 1.0146099e+01 1.3013217e+01 1.8321853e+01 1.8648482e+01 1.8163705e+01 1.7897035e+01 1.7769041e+01 1.7679824e+01 1.7635656e+01 1.7638596e+01
2.1058499e+01 2.1017615e+01 2.1000710e+01 2.0971663e+01 2.0959339e+01 2.0916107e+01 2.0886686e+01 2.0846916e+01 2.0807194e+01 2.0775889e+01 2.0729845e+01 2.0772989e+01 2.0770138e+01 2.0786523e+01 2.0775648e+01 2.0785019e+01 2.0760596e+01 2.0718718e+01 2.0668504e+01 2.0570967e+01 2.0516332e+01 2.0529380e+01 2.0545276e+01 2.0555655e+01 2.0593366e+01 2.0669825e+01 2.0845591e+01 2.0964515e+01 2.1080261e+01 2.0943092e+01 2.0627269e+01 2.0525059e+01 2.0371689e+01 2.0704507e+01 2.0748484e+01 1.9742511e+01 1.8620843e+01 1.8179326e+01 1.7366703e+01 1.4398728e+01 1.5402087e+01 1.6573999e+01 1.9092664e+01 1.8710350e+01 1.8417843e+01 1.8241485e+01 1.8163026e+01 1.8051535e+01 1.7976633e+01 1.7895217e+01
2.1333966e+01 2.1257341e+01 2.1250513e+01 2.1202991e+01 2.1179676e+01 2.1135787e+01 2.1092394e+01 2.1060598e+01 2.1025563e+01 2.1003031e+01 2.0967486e+01 2.1041018e+01 2.1047774e+01 2.1042530e+01 2.1011220e+01 2.1002876e+01 2.0973391e+01 2.0938686e+01 2.0860780e+01 2.0786887e+01 2.0762738e+01 2.0765634e+01 2.0775808e+01 2.0766209e+01 2.0786791e+01 2.0850307e+01 2.0939775e+01 2.1032078e+01 2.1132474e+01 2.1158675e+01 2.0410463e+01 2.0812573e+01 2.0829188e+01 2.0840621e+01 2.0808572e+01 2.0380760e+01 1.9502921e+01 1.8543965e+01 1.9162234e+01 1.9704791e+01 1.8306629e+01 1.9158185e+01 1.9308488e+01 1.9029811e+01 1.8802453e+01 1.8625869e+01 1.8505141e+01 1.8394710e+01 1.8313261e+01 1.8216440e+01
2.1585860e+01 2.1494291e+01 2.1480736e+01 2.1441139e+01 2.1441732e+01 2.1429388e+01 2.1346794e+01 2.1289887e+01 2.1231486e+01 2.1209196e+01 2.1170112e+01 2.1260752e+01 2.1303397e+01 2.1301279e+01 2.1272118e+01 2.1234172e+01 2.1187787e+01 2.1113845e+01 2.1050763e+01 2.1029333e+01 2.1008802e+01 2.0986128e+01 2.0975802e+01 2.0987258e+01 2.1000759e+01 2.1025289e+01 2.1052940e+01 2.1091259e+01 2.1147987e+01 2.1160516e+01 2.1090427e+01 2.1022496e+01 2.0975067e+01 2.0962238e+01 2.0947925e+01 2.0871068e+01 2.1052593e+01 2.0833874e+01 2.0747452e+01 2.0394463e+01 2.0284723e+01 2.0019617e+01 1.9692050e+01 1.9419728e+01 1.9212995e+01 1.9045004e+01 1.8896259e+01 1.8771999e+01 1.8678655e+01 1.8582924e+01
2.1826764e+01 2.1759430e+01 2.1677661e+01 2.1690572e+01 2.1653726e+01 2.1682049e+01 2.1648637e+01 2.1531069e+01 2.1481272e+01 2.1426004e+01 2.1381145e+01 2.1445866e+01 2.1501396e+01 2.1523732e+01 2.1517724e+01 2.1471642e+01 2.1420470e+01 2.1351028e+01 2.1308507e+01 2.1254346e+01 2.1221330e+01 2.1200579e+01 2.1178314e+01 2.1186245e+01 2.1196628e+01 2.1214084e+01 2.1214074e+01 2.1238380e+01 2.1242137e+01 2.1226464e+01 2.1174436e+01 2.1148939e+01 2.1142777e+01 2.1141364e+01 2.1125657e+01 2.1125056e+01 2.1170038e+01 2.1063524e+01 2.0957147e+01 2.0770748e+01 2.0494682e+01 2.0211203e+01 1.9993346e+01 1.9803055e+01 1.9621461e+01 1.9447655e+01 1.9282750e+01 1.9149065e+01 1.9034300e+01 1.8943326e+01
2.2039935e+01 2.2015143e+01 2.1912954e+01 2.1896408e+01 2.1877723e+01 2.1864189e+01 2.1898454e+01 2.1801313e+01 2.1705455e+01 2.1671370e+01 2.1598955e+01 2.1685837e+01 2.1716686e+01 2.1721261e+01 2.1712377e+01 2.1685616e+01 2.1619133e+01 2.1583032e+01 2.1544360e+01 2.1502822e+01 2.1455615e+01 2.1421332e+01 2.1389783e+01 2.1372275e+01 2.1378677e+01 2.1389305e+01 2.1402722e+01 2.1405519e+01 2.1385631e+01 2.1355380e+01 2.1311388e+01 2.1274688e+01 2.1268400e+01 2.1311950e+01 2.1222079e+01 2.1261061e+01 2.1161109e+01 2.1130150e+01 2.0976110e+01 2.0787153e+01 2.0787526e+01 2.0472721e+01 2.0244996e+01 2.0079988e+01 1.9927425e+01 1.9786482e+01 1.9645723e+01 1.9493829e+01 1.9383004e+01 1.9282789e+01
2.2234742e+01 2.2254420e+01 2.2170276e+01 2.2104024e+01 2.2121963e+01 2.2070504e+01 2.2083700e+01 2.2068432e+01 2.1966943e+01 2.1931880e+01 2.1892968e+01 2.1948797e+01 2.1937539e+01 2.1960438e+01 2.1934669e+01 2.1857762e+01 2.1817517e+01 2.1767378e+01 2.1722832e+01 2.1687136e+01 2.1663591e+01 2.1635704e+01 2.1621344e+01 2.1598785e+01 2.1584729e+01 2.1581889e+01 2.1588980e+01 2.1579056e+01 2.1552163e+01 2.1520732e+01 2.1491438e+01 2.1440332e+01 2.1413562e+01 2.1450986e+01 2.1492674e+01 2.0883478e+01 2.1392151e+01 2.1248881e+01 2.1087635e+01 2.1013394e+01 2.0879390e+01 2.0706746e+01 2.0495304e+01 2.0341761e+01 2.0187247e+01 2.0045169e+01 1.9908860e+01 1.9800563e+01 1.9711744e+01 1.9642673e+01
2.2442984e+01 2.2474013e+01 2.2457373e+01 2.2349863e+01 2.2313635e+01 2.2302600e+01 2.2271064e+01 2.2307244e+01 2.2252883e+01 2.2182669e+01 2.2146295e+01 2.2217566e+01 2.2222508e+01 2.2160647e+01 2.2110314e+01 2.2069864e+01 2.2003298e+01 2.1962610e+01 2.1896354e+01 2.1853132e+01 2.1833866e+01 2.1809628e+01 2.1815050e+01 2.1827274e+01 2.1811734e+01 2.1802148e+01 2.1792000e+01 2.1770510e+01 2.1738015e+01 2.1682107e+01 2.1653771e+01 2.1611479e+01 2.1583997e+01 2.1575516e+01 2.1616694e+01 2.1720333e+01 2.1749370e+01 2.1505093e+01 2.1303490e+01 2.1182329e+01 2.1074597e+01 2.0889612e+01 2.0721611e+01 2.0595234e+01 2.0459367e+01 2.0308478e+01 2.0162282e+01 2.0044422e+01 1.9938228e+01 1.9724623e+01
2.2675496e+01 2.2691012e+01 2.2703952e+01 2.2640152e+01 2.2542704e+01 2.2544837e+01 2.2483722e+01 2.2515413e+01 2.2528337e+01 2.2444494e+01 2.2380646e+01 2.2453515e+01 2.2505689e+01 2.2428049e+01 2.2347803e+01 2.2294197e+01 2.2227979e+01 2.2161864e+01 2.2093564e+01 2.2020067e+01 2.2019168e+01 2.1986485e+01 2.1981960e+01 2.1985188e+01 2.2001257e+01 2.2001219e+01 2.2007009e+01 2.1986918e+01 2.1950393e+01 2.1891873e+01 2.1832535e+01 2.1796840e+01 2.1759525e+01 2.1752651e+01 2.1766374e+01 2.1756711e+01 2.1852696e+01 2.1705523e+01 2.1612764e+01 2.1232486e+01 2.1272372e+01 2.1111109e+01 2.0960041e+01 2.0814458e+01 2.0674120e+01 2.0534184e+01 2.0382453e+01 2.0270431e+01 2.0146495e+01 2.0004070e+01
