ahotovec/data/depth_0011.asc
ncols     164
nrows     146
xllcorner -1.242151388888889e+02
yllcorner  4.172986111111111e+01
cellsize  2.777777777820000e-04
nodata_value       -9999
[rows 110 to 131 of 146, columns 100 to 149 of 164]
9.8723782e+00 1.0047291e+01 1.0246159e+01 1.0388306e+01 1.0456177e+01 1.0632883e+01 7.9936735e+00 5.7974973e+00 4.8458836e+00 4.4928150e+00 2.7668954e+00 1.0441321e+00 1.1789341e+00 3.1511208e+00 4.9655726e+00 5.7574471e+00 6.2919279e+00 5.9034814e+00 5.6704533e+00 7.4011884e+00 8.2759230e+00 8.3296848e+00 8.4265915e+00 8.2635167e+00 7.5743246e+00 7.7510970e+00 7.8101942e+00 8.0578361e+00 8.1468910e+00 8.4534639e+00 8.3422402e+00 7.6992266e+00 7.9804893e+00 8.6790469e+00 9.3140132e+00 9.5040755e+00 9.5013358e+00 9.2116985e+00 9.1615412e+00 9.3116742e+00 9.4980502e+00 9.5715806e+00 9.6598802e+00 9.8765061e+00 9.9758465e+00 1.0053100e+01 1.0100790e+01 9.9761633e+00 9.8754145e+00 9.7032829e+00
9.9433408e+00 1.0230246e+01 1.0431586e+01 1.0618882e+01 1.0761780e+01 1.1073716e+01 1.1295424e+01 9.6652455e+00 8.1909135e+00 8.0262959e+00 6.2539824e+00 6.3819120e+00 6.5521782e+00 6.5106216e+00 6.1446120e+00 6.0873980e+00 6.7217830e+00 6.6793978e+00 6.2131871e+00 7.4946653e+00 8.3118808e+00 8.3827596e+00 8.5618066e+00 8.5762965e+00 7.8792608e+00 7.5541503e+00 7.4293634e+00 8.0390583e+00 8.2975585e+00 8.6232498e+00 8.7628270e+00 8.6214169e+00 8.5427855e+00 8.8034924e+00 9.6101254e+00 9.9500081e+00 9.8460966e+00 9.6041943e+00 9.3762836e+00 9.4466376e+00 9.6745696e+00 9.7412265e+00 9.6941519e+00 9.7923489e+00 9.9112673e+00 1.0018805e+01 1.0193447e+01 1.0138586e+01 9.9616189e+00 9.8469783e+00
1.0032380e+01 1.0387280e+01 1.0687918e+01 1.0890758e+01 1.1098756e+01 1.1227910e+01 1.1568895e+01 1.2151270e+01 1.1903546e+01 1.0849309e+01 9.7922774e+00 9.5410903e+00 9.6055836e+00 8.9226293e+00 7.4828088e+00 6.8602951e+00 7.3724017e+00 7.4618018e+00 7.5230723e+00 8.2695020e+00 8.5975964e+00 8.2987183e+00 8.3717619e+00 8.4734506e+00 8.2375709e+00 8.1335836e+00 7.4218424e+00 8.1556543e+00 8.5977037e+00 9.0211855e+00 9.4573209e+00 9.6480101e+00 9.2609016e+00 8.9383139e+00 9.5281709e+00 1.0047148e+01 1.0077375e+01 9.8364519e+00 9.5360388e+00 9.5038771e+00 9.7860328e+00 9.7761874e+00 9.7551543e+00 9.7666230e+00 9.8297504e+00 9.9029145e+00 1.0080422e+01 1.0139931e+01 1.0061633e+01 1.0026243e+01
1.0184853e+01 1.0552864e+01 1.0868454e+01 1.1127127e+01 1.1342974e+01 1.1496823e+01 1.1610568e+01 1.1783259e+01 1.1669012e+01 1.1195408e+01 1.1534550e+01 1.1268558e+01 1.0922738e+01 1.0178155e+01 8.9744397e+00 8.4573962e+00 8.5247889e+00 8.7491858e+00 9.1258167e+00 9.4824117e+00 9.3311076e+00 8.8267115e+00 8.5281192e+00 8.5955762e+00 8.7184727e+00 9.0908115e+00 8.5596867e+00 8.7870994e+00 9.0534298e+00 9.3719970e+00 9.8872171e+00 1.0522812e+01 9.9292743e+00 9.5666222e+00 9.9419960e+00 1.0364484e+01 1.0443694e+01 1.0132749e+01 9.8293110e+00 9.7387911e+00 9.8288870e+00 9.8071861e+00 9.7840353e+00 9.7734902e+00 9.8422841e+00 9.9508444e+00 1.0101413e+01 1.0170739e+01 1.0152171e+01 1.0146356e+01
1.0391156e+01 1.0776792e+01 1.1086694e+01 1.1379727e+01 1.1609500e+01 1.1747602e+01 1.1834290e+01 1.1879999e+01 1.1854133e+01 1.1840263e+01 1.2320475e+01 1.1950020e+01 1.1815908e+01 1.1495695e+01 1.0853540e+01 1.0323288e+01 1.0243203e+01 1.0186109e+01 1.0468411e+01 1.0584666e+01 1.0354622e+01 9.6628716e+00 9.0498831e+00 9.0679422e+00 9.3859752e+00 9.6138721e+00 9.5297355e+00 9.5712024e+00 9.6891598e+00 9.6852541e+00 9.7129961e+00 1.0190406e+01 1.0092668e+01 1.0056998e+01 1.0407349e+01 1.0879945e+01 1.1107703e+01 1.0601726e+01 1.0069881e+01 9.9830632e+00 9.9514530e+00 9.8592159e+00 9.8790269e+00 9.8605347e+00 9.9272246e+00 1.0074605e+01 1.0194566e+01 1.0281854e+01 1.0240873e+01 1.0160738e+01
1.0694399e+01 1.1042803e+01 1.1340674e+01 1.1588882e+01 1.1806626e+01 1.1933230e+01 1.2039322e+01 1.2058245e+01 1.2030103e+01 1.2067355e+01 1.2042519e+01 1.2288038e+01 1.2892778e+01 1.2719772e+01 1.2353440e+01 1.1979704e+01 1.1493741e+01 1.1373456e+01 1.1776677e+01 1.1809078e+01 1.1472966e+01 1.0724791e+01 1.0075248e+01 9.9146502e+00 1.0117607e+01 1.0290012e+01 1.0290751e+01 1.0352783e+01 1.0399633e+01 1.0142731e+01 9.9565258e+00 1.0103533e+01 1.0186172e+01 1.0339334e+01 1.0694583e+01 1.1265659e+01 1.1635964e+01 1.1072107e+01 1.0441188e+01 1.0354725e+01 1.0275937e+01 1.0107647e+01 1.0069642e+01 1.0024649e+01 1.0098904e+01 1.0261126e+01 1.0344114e+01 1.0430932e+01 1.0355346e+01 1.0220039e+01
1.1023205e+01 1.1255436e+01 1.1555735e+01 1.1883052e+01 1.2082588e+01 1.2269247e+01 1.2244334e+01 1.2272672e+01 1.2203745e+01 1.2341993e+01 1.2431405e+01 1.3022860e+01 1.3796527e+01 1.3497823e+01 1.3146913e+01 1.2519411e+01 1.1640835e+01 1.1677334e+01 1.2682577e+01 1.2620607e+01 1.2061752e+01 1.1422572e+01 1.0901785e+01 1.0717582e+01 1.0803710e+01 1.0864372e+01 1.1131890e+01 1.0755374e+01 1.0664769e+01 1.0373248e+01 1.0149061e+01 1.0102711e+01 1.0180374e+01 1.0412620e+01 1.0679703e+01 1.1180449e+01 1.1461784e+01 1.1140317e+01 1.0664840e+01 1.0612783e+01 1.0664003e+01 1.0529017e+01 1.0272092e+01 1.0144956e+01 1.0307272e+01 1.0559951e+01 1.0454905e+01 1.0450090e+01 1.0381172e+01 1.0286961e+01
1.1142102e+01 1.1547610e+01 1.1797558e+01 1.2054550e+01 1.2303760e+01 1.2411499e+01 1.2454958e+01 1.2369208e+01 1.2272665e+01 1.2557812e+01 1.2941153e+01 1.3134078e+01 1.2881965e+01 1.2834497e+01 1.2718606e+01 1.2372445e+01 1.1375954e+01 1.0352424e+01 1.2251895e+01 1.2562958e+01 1.2273597e+01 1.1939437e+01 1.1732666e+01 1.1671013e+01 1.1742202e+01 1.1806793e+01 1.1784475e+01 1.1292625e+01 1.1078673e+01 1.0736168e+01 1.0369663e+01 1.0141997e+01 1.0101623e+01 1.0343808e+01 1.0655241e+01 1.0912179e+01 1.1062046e+01 1.0923156e+01 1.0676736e+01 1.0491288e+01 1.0683532e+01 1.0721293e+01 1.0678564e+01 1.0458820e+01 1.0528734e+01 1.0699275e+01 1.0566490e+01 1.0468551e+01 1.0411120e+01 1.0365472e+01
1.1529460e+01 1.1895242e+01 1.2225187e+01 1.2333194e+01 1.2424857e+01 1.2611189e+01 1.2620296e+01 1.2395199e+01 1.2737693e+01 1.3432930e+01 1.3644257e+01 1.3748015e+01 1.3168168e+01 1.2910071e+01 1.2123317e+01 1.2738211e+01 1.2754970e+01 1.1585613e+01 1.1732592e+01 1.1940889e+01 1.2043865e+01 1.2107540e+01 1.2218152e+01 1.2396757e+01 1.2348097e+01 1.2314831e+01 1.2151187e+01 1.1867556e+01 1.1542453e+01 1.1059547e+01 1.0598840e+01 1.0275146e+01 1.0125787e+01 1.0376122e+01 1.0622970e+01 1.0736793e+01 1.0819395e+01 1.0786089e+01 1.0715936e+01 1.0602392e+01 1.0716952e+01 1.0854784e+01 1.1003143e+01 1.0817539e+01 1.0739309e+01 1.0733183e+01 1.0602441e+01 1.0464068e+01 1.0432110e+01 1.0439909e+01
1.1947269e+01 1.1744713e+01 1.2373893e+01 1.3102769e+01 1.3406295e+01 1.3032827e+01 1.2845306e+01 1.2229716e+01 1.2260504e+01 1.3774551e+01 1.3663890e+01 1.3651120e+01 1.3953528e+01 1.4245910e+01 1.3619867e+01 1.3743792e+01 1.3435049e+01 1.2416167e+01 1.0982096e+01 1.1036654e+01 1.1670895e+01 1.2061657e+01 1.2418293e+01 1.2756158e+01 1.2645333e+01 1.2538290e+01 1.2426733e+01 1.2253548e+01 1.2004401e+01 1.1447498e+01 1.0883877e+01 1.0619244e+01 1.0534438e+01 1.0708860e+01 1.0886574e+01 1.0819459e+01 1.0783522e+01 1.0769984e+01 1.0735800e+01 1.0663562e+01 1.0715103e+01 1.0777626e+01 1.0937620e+01 1.0928466e+01 1.0846824e+01 1.0757436e+01 1.0619718e+01 1.0469675e+01 1.0456547e+01 1.0518230e+01
1.2150858e+01 1.2328258e+01 1.2640376e+01 1.3759370e+01 1.4983912e+01 1.4751463e+01 1.4785526e+01 1.3281753e+01 1.2058728e+01 1.3187244e+01 1.2961176e+01 1.3286316e+01 1.3952986e+01 1.4244223e+01 1.4301346e+01 1.4090576e+01 1.3531876e+01 1.2186232e+01 1.0172935e+01 1.0688799e+01 1.1721847e+01 1.2149908e+01 1.2554323e+01 1.2866740e+01 1.2807247e+01 1.2666558e+01 1.2567484e+01 1.2510046e+01 1.2459199e+01 1.1916450e+01 1.1340578e+01 1.1096393e+01 1.1031006e+01 1.1150385e+01 1.1344617e+01 1.1197098e+01 1.1018941e+01 1.0929134e+01 1.0871579e+01 1.0819508e+01 1.0787833e+01 1.0905367e+01 1.0993566e+01 1.1004778e+01 1.0941504e+01 1.0854935e+01 1.0763290e+01 1.0649605e+01 1.0634889e+01 1.0659894e+01
1.3094170e+01 1.2872878e+01 1.3143916e+01 1.3892971e+01 1.4405293e+01 1.5380046e+01 1.6479703e+01 1.5883928e+01 1.5022532e+01 1.4477816e+01 1.3814916e+01 1.3906641e+01 1.4049026e+01 1.4019286e+01 1.4174440e+01 1.4152438e+01 1.3935246e+01 1.3430151e+01 1.2968398e+01 1.2387421e+01 1.2205738e+01 1.2499305e+01 1.2830194e+01 1.3023893e+01 1.2962030e+01 1.2753200e+01 1.2596092e+01 1.2551546e+01 1.2463315e+01 1.2092396e+01 1.1728822e+01 1.1512136e+01 1.1479606e+01 1.1475027e+01 1.1497847e+01 1.1413325e+01 1.1300853e+01 1.1212430e+01 1.1090874e+01 1.1034788e+01 1.0984021e+01 1.1074401e+01 1.1141326e+01 1.1157140e+01 1.1079226e+01 1.1005343e+01 1.0929158e+01 1.0862184e+01 1.0850888e+01 1.0839234e+01
1.3875176e+01 1.3851729e+01 1.3913515e+01 1.4141397e+01 1.4110224e+01 1.4486485e+01 1.4835320e+01 1.5304598e+01 1.4988642e+01 1.4518009e+01 1.4190913e+01 1.4210465e+01 1.4034332e+01 1.3936012e+01 1.3966310e+01 1.4073208e+01 1.4199426e+01 1.4106451e+01 1.3881863e+01 1.3295415e+01 1.2902229e+01 1.3003446e+01 1.3205283e+01 1.3296719e+01 1.3179774e+01 1.3062727e+01 1.2756371e+01 1.2548757e+01 1.2408596e+01 1.2170842e+01 1.1960115e+01 1.1815623e+01 1.1801517e+01 1.1705746e+01 1.1645462e+01 1.1621851e+01 1.1583874e+01 1.1440335e+01 1.1296824e+01 1.1209264e+01 1.1201240e+01 1.1246241e+01 1.1316493e+01 1.1369101e+01 1.1275077e+01 1.1205507e+01 1.1128771e+01 1.1077350e+01 1.1054332e+01 1.1044910e+01
1.4338964e+01 1.4610776e+01 1.4442057e+01 1.4378513e+01 1.3515943e+01 1.3290901e+01 1.4509188e+01 1.4452344e+01 1.4360065e+01 1.4132071e+01 1.3977572e+01 1.4344528e+01 1.3999751e+01 1.3807851e+01 1.3711452e+01 1.3633242e+01 1.4199119e+01 1.4202938e+01 1.3937045e+01 1.3578967e+01 1.3356777e+01 1.3403624e+01 1.3586199e+01 1.3650311e+01 1.3386644e+01 1.3249339e+01 1.2926326e+01 1.2605986e+01 1.2424905e+01 1.2252402e+01 1.2124111e+01 1.2029642e+01 1.1957335e+01 1.1818708e+01 1.1745289e+01 1.1764428e+01 1.1781352e+01 1.1587857e+01 1.1447200e+01 1.1380627e+01 1.1375993e+01 1.1397055e+01 1.1453410e+01 1.1485883e+01 1.1404277e+01 1.1336290e+01 1.1279445e+01 1.1252660e+01 1.1216138e+01 1.1191389e+01
1.4271483e+01 1.4650964e+01 1.4600775e+01 1.4448737e+01 1.3942932e+01 1.3600504e+01 1.4028413e+01 1.4177354e+01 1.3958126e+01 1.3873869e+01 1.3977653e+01 1.4166458e+01 1.3754215e+01 1.3473032e+01 1.3350155e+01 1.3352773e+01 1.3909671e+01 1.4041153e+01 1.3905646e+01 1.3663235e+01 1.3535157e+01 1.3681177e+01 1.3916641e+01 1.3829942e+01 1.3493383e+01 1.3234007e+01 1.2970127e+01 1.2816561e+01 1.2606435e+01 1.2399205e+01 1.2301561e+01 1.2246467e+01 1.2242970e+01 1.2041686e+01 1.1810609e+01 1.1796019e+01 1.1791070e+01 1.1702006e+01 1.1610437e+01 1.1620850e+01 1.1611404e+01 1.1533970e+01 1.1552816e+01 1.1562399e+01 1.1528884e+01 1.1490801e+01 1.1447354e+01 1.1426954e+01 1.1413954e+01 1.1366674e+01
1.4033912e+01 1.4320322e+01 1.4447835e+01 1.4635034e+01 1.4798182e+01 1.5099434e+01 1.4616368e+01 1.4191854e+01 1.4113249e+01 1.4086967e+01 1.4067514e+01 1.3805666e+01 1.3366885e+01 1.3029751e+01 1.3114938e+01 1.3313651e+01 1.3648537e+01 1.3829333e+01 1.3804318e+01 1.3658818e+01 1.3549762e+01 1.3778281e+01 1.3961619e+01 1.3806080e+01 1.3550984e+01 1.3339251e+01 1.3151199e+01 1.2970374e+01 1.2808716e+01 1.2713011e+01 1.2624662e+01 1.2497035e+01 1.2470904e+01 1.2245026e+01 1.1998383e+01 1.1916584e+01 1.1849787e+01 1.1779759e+01 1.1776475e+01 1.1801004e+01 1.1777659e+01 1.1740778e+01 1.1742584e+01 1.1739948e+01 1.1722315e+01 1.1692996e+01 1.1647442e+01 1.1629787e+01 1.1693788e+01 1.1667346e+01
1.4118038e+01 1.4068332e+01 1.4169866e+01 1.4629294e+01 1.5129506e+01 1.5482091e+01 1.5207179e+01 1.4737173e+01 1.4654574e+01 1.4781947e+01 1.4253444e+01 1.3836062e+01 1.3499786e+01 1.3314507e+01 1.3337435e+01 1.3467867e+01 1.3713744e+01 1.3857358e+01 1.3861030e+01 1.3790732e+01 1.3756816e+01 1.3885888e+01 1.3979488e+01 1.3852848e+01 1.3671800e+01 1.3368414e+01 1.3290337e+01 1.3175503e+01 1.3052252e+01 1.2982979e+01 1.2870275e+01 1.2603738e+01 1.2509726e+01 1.2363007e+01 1.2194236e+01 1.2079796e+01 1.1972530e+01 1.1869467e+01 1.1898769e+01 1.1928107e+01 1.1920833e+01 1.1885892e+01 1.1882410e+01 1.1873609e+01 1.1880477e+01 1.1878066e+01 1.1795663e+01 1.1737148e+01 1.1800066e+01 1.1820741e+01
1.4120469e+01 1.4116485e+01 1.4081979e+01 1.4633303e+01 1.5044196e+01 1.5467443e+01 1.5596211e+01 1.5198545e+01 1.4885060e+01 1.4589381e+01 1.3937018e+01 1.3935210e+01 1.3875962e+01 1.3784567e+01 1.3767449e+01 1.3847234e+01 1.3931833e+01 1.4008181e+01 1.4027820e+01 1.3994574e+01 1.4012358e+01 1.4118433e+01 1.4137223e+01 1.4015476e+01 1.3800342e+01 1.3630301e+01 1.3586329e+01 1.3503148e+01 1.3314659e+01 1.3194021e+01 1.3022155e+01 1.2772361e+01 1.2614191e+01 1.2485968e+01 1.2371657e+01 1.2273559e+01 1.2202940e+01 1.2104881e+01 1.2096334e+01 1.2114150e+01 1.2089805e+01 1.2052547e+01 1.2008889e+01 1.1978499e+01 1.2008377e+01 1.2040832e+01 1.1939928e+01 1.1868442e+01 1.1892824e+01 1.1940315e+01
1.4263993e+01 1.4201936e+01 1.4199724e+01 1.4607154e+01 1.4820235e+01 1.5290160e+01 1.5519502e+01 1.5326528e+01 1.4935461e+01 1.4525357e+01 1.4198369e+01 1.4276927e+01 1.4383190e+01 1.4316131e+01 1.4243045e+01 1.4246994e+01 1.4243627e+01 1.4241436e+01 1.4225321e+01 1.4199537e+01 1.4258040e+01 1.4394151e+01 1.4372825e+01 1.4233310e+01 1.4044792e+01 1.3899359e+01 1.3903269e+01 1.3884443e+01 1.3629334e+01 1.3408082e+01 1.3196002e+01 1.2960930e+01 1.2769587e+01 1.2654002e+01 1.2588938e+01 1.2524050e+01 1.2434846e+01 1.2380107e+01 1.2348938e+01 1.2313367e+01 1.2273014e+01 1.2248063e+01 1.2161590e+01 1.2087172e+01 1.2086433e+01 1.2095930e+01 1.2043949e+01 1.1992718e+01 1.1987622e+01 1.2075432e+01
1.4488532e+01 1.4607536e+01 1.4956075e+01 1.5281563e+01 1.4986792e+01 1.5240098e+01 1.5678649e+01 1.5380792e+01 1.5079298e+01 1.4807840e+01 1.4639114e+01 1.4677213e+01 1.4887513e+01 1.4865850e+01 1.4823361e+01 1.4762656e+01 1.4629967e+01 1.4522586e+01 1.4481789e+01 1.4484513e+01 1.4472548e+01 1.4611294e+01 1.4607344e+01 1.4512548e+01 1.4265156e+01 1.4004218e+01 1.3988987e+01 1.3972776e+01 1.3798304e+01 1.3584904e+01 1.3395318e+01 1.3182700e+01 1.2978724e+01 1.2917440e+01 1.2874610e+01 1.2819459e+01 1.2744687e+01 1.2661858e+01 1.2604701e+01 1.2571959e+01 1.2486995e+01 1.2436809e+01 1.2367051e+01 1.2260036e+01 1.2207172e+01 1.2202514e+01 1.2215831e+01 1.2151913e+01 1.2083305e+01 1.2213804e+01
1.4902697e+01 1.4901760e+01 1.4535648e+01 1.5597743e+01 1.5507408e+01 1.5145903e+01 1.5593363e+01 1.5555034e+01 1.5308762e+01 1.5226060e+01 1.5240546e+01 1.5028130e+01 1.5080387e+01 1.5182805e+01 1.5336524e+01 1.5400136e+01 1.5092249e+01 1.4781260e+01 1.4692779e+01 1.4752668e+01 1.4835974e+01 1.4950413e+01 1.4838620e+01 1.4708527e+01 1.4491121e+01 1.4010105e+01 1.3988847e+01 1.4007861e+01 1.3892720e+01 1.3758648e+01 1.3636428e+01 1.3542002e+01 1.3330745e+01 1.3248231e+01 1.3215477e+01 1.3163938e+01 1.3059219e+01 1.2961719e+01 1.2859292e+01 1.2806806e+01 1.2677648e+01 1.2580132e+01 1.2550432e+01 1.2476163e+01 1.2339531e+01 1.2346402e+01 1.2402872e+01 1.2410084e+01 1.2357086e+01 1.2355851e+01
1.5143093e+01 1.5434315e+01 1.5316775e+01 1.4980945e+01 1.5453363e+01 1.5637056e+01 1.5924649e+01 1.5562731e+01 1.5320498e+01 1.5140627e+01 1.5034570e+01 1.4979728e+01 1.5127543e+01 1.5273701e+01 1.5569974e+01 1.5826063e+01 1.5413459e+01 1.4893133e+01 1.4754801e+01 1.4837664e+01 1.5116074e+01 1.5310518e+01 1.4976503e+01 1.4701384e+01 1.4470298e+01 1.4125741e+01 1.4069518e+01 1.4123934e+01 1.4016262e+01 1.3921882e+01 1.3825331e+01 1.3736957e+01 1.3631141e+01 1.3558081e+01 1.3505849e+01 1.3559344e+01 1.3334574e+01 1.3168888e+01 1.3061868e+01 1.2942077e+01 1.2800585e+01 1.2696517e+01 1.2733930e+01 1.2747705e+01 1.2484503e+01 1.2506495e+01 1.2611682e+01 1.2655826e+01 1.2591569e+01 1.2414277e+01
