ahotovec/data/depth_0042.asc
ncols     164
nrows     146
xllcorner -1.242151388888889e+02
yllcorner  4.172986111111111e+01
cellsize  2.777777777820000e-04
nodata_value       -9999
[rows 110 to 131 of 146, columns 50 to 99 of 164]
1.0397401e+01 9.8111769e+00 8.6268122e+00 6.7967016e+00 5.0642316e+00 4.2226754e+00 3.7480580e+00 3.8090643e+00 3.2882673e+00 4.5099809e+00 5.8436756e+00 6.2830273e+00 6.4342362e+00 4.8782049e+00 4.3440427e+00 4.1339622e+00 9.9203371e-01 8.5258792e-04 3.8581891e+00 4.4576689e+00 4.7390100e+00 5.1351536e+00 5.4668874e+00 5.7267639e+00 5.8859733e+00 5.8951116e+00 5.7535310e+00 5.7821720e+00 6.1123333e+00 6.3540855e+00 6.5952395e+00 6.6040859e+00 6.8276220e+00 6.8479833e+00 6.9699820e+00 7.1118034e+00 7.3099081e+00 7.4723221e+00 7.6119968e+00 7.7273963e+00 7.8526504e+00 7.9390677e+00 7.9957092e+00 7.9751277e+00 7.9770834e+00 7.9827526e+00 8.0654189e+00 8.1589748e+00 8.2404788e+00 8.3350336e+00
1.1903680e+01 1.1906833e+01 1.0656549e+01 7.8102927e+00 4.4650328e+00 3.1116513e+00 3.9158030e+00 3.7543168e+00 4.7272777e+00 5.8221398e+00 6.8322287e+00 7.7553797e+00 8.4259283e+00 4.3422876e+00 4.8147793e+00 5.7350584e+00 3.5554464e+00 4.6977315e-04 6.4408869e-01 3.9079950e+00 4.4731734e+00 4.8015546e+00 5.1446050e+00 5.4094492e+00 5.6092817e+00 5.6960908e+00 5.6761864e+00 5.5163178e+00 5.6246287e+00 6.0317900e+00 6.3285339e+00 6.5444676e+00 6.6624787e+00 6.8975663e+00 6.9855389e+00 7.1015942e+00 7.2532764e+00 7.4199206e+00 7.5446893e+00 7.6551125e+00 7.7120192e+00 7.7317101e+00 7.7250502e+00 7.7239982e+00 7.7650237e+00 7.8553090e+00 8.0042056e+00 8.1584798e+00 8.3001087e+00 8.4160566e+00
1.3002621e+01 1.3230200e+01 1.2376095e+01 9.1226306e+00 2.2371960e-04 0.0000000e+00 4.4353411e-04 3.6169582e+00 5.1396303e+00 6.6633658e+00 8.0339274e+00 9.0527713e+00 9.9077476e+00 1.0092961e+01 1.0309019e+01 9.9470689e+00 8.5015740e+00 2.5209837e+00 5.6352233e-04 1.5714305e+00 4.2167818e+00 4.5532935e+00 4.8637612e+00 5.1439533e+00 5.3692429e+00 5.5124679e+00 5.5730648e+00 5.5263417e+00 5.4628066e+00 5.7753982e+00 6.1463792e+00 6.4140410e+00 6.6245316e+00 6.7932220e+00 6.8981632e+00 6.9316671e+00 6.8947901e+00 7.0486595e+00 7.1603672e+00 7.2540053e+00 7.3379361e+00 7.3659223e+00 7.4179020e+00 7.4772492e+00 7.5780967e+00 7.7474430e+00 7.9958191e+00 8.1988884e+00 8.3836001e+00 8.5511407e+00
1.4023008e+01 1.3111929e+01 1.3153421e+01 1.0335945e+01 1.2936846e+00 0.0000000e+00 0.0000000e+00 3.7825197e-04 7.3094628e+00 8.2462430e+00 9.5373915e+00 9.9753855e+00 1.0567921e+01 1.0971077e+01 1.1398453e+01 1.0905783e+01 1.0625525e+01 9.0691155e+00 1.4071760e+00 7.1429893e-04 3.8651025e+00 4.4622299e+00 4.6646036e+00 4.9565768e+00 5.1936130e+00 5.3825619e+00 5.5010002e+00 5.5846190e+00 5.7127095e+00 5.7767849e+00 6.1340606e+00 6.4132229e+00 6.6175874e+00 6.6996614e+00 6.5894130e+00 6.3171842e+00 6.1983634e+00 6.3229704e+00 6.5663531e+00 6.7392615e+00 6.8820361e+00 7.0109674e+00 7.1846718e+00 7.3814750e+00 7.5401103e+00 7.7580553e+00 7.9974280e+00 8.2771809e+00 8.5226919e+00 8.7148146e+00
1.4529335e+01 1.4908157e+01 1.4541334e+01 1.2712385e+01 9.2619305e+00 6.2385587e+00 2.6944408e+00 4.2539174e+00 1.0597218e+01 9.9101151e+00 1.0959723e+01 9.6567426e+00 1.0731215e+01 1.1201721e+01 1.1647387e+01 1.1542273e+01 1.0919985e+01 1.0477487e+01 7.5731734e+00 4.6966221e-02 1.1954334e+00 4.5503667e+00 4.6017292e+00 4.8044971e+00 5.0548950e+00 5.2678085e+00 5.4136269e+00 5.5797972e+00 5.8645920e+00 6.1602257e+00 6.2103875e+00 6.3814877e+00 6.4699620e+00 6.2971784e+00 5.9097165e+00 5.6561807e+00 5.6801783e+00 6.1387342e+00 6.4578599e+00 6.5435613e+00 6.7147970e+00 6.8608886e+00 7.1212502e+00 7.4012368e+00 7.6379139e+00 7.8636382e+00 8.1652434e+00 8.4861172e+00 8.7969784e+00 8.9693207e+00
1.4665942e+01 1.5157105e+01 1.4883020e+01 1.1634843e+01 1.2700761e+01 1.2398102e+01 1.1343724e+01 1.2091779e+01 1.2395203e+01 1.2192702e+01 1.1675610e+01 1.1330618e+01 1.2685280e+01 1.2628699e+01 1.1981373e+01 1.1954332e+01 1.1971334e+01 1.1078490e+01 8.6792773e+00 4.3571717e+00 9.5940911e-04 3.2812162e+00 4.6334081e+00 4.6858297e+00 4.8976835e+00 5.0920439e+00 5.2730037e+00 5.4829961e+00 5.8158973e+00 6.1629777e+00 6.3952761e+00 6.2810320e+00 6.1246964e+00 5.6932212e+00 5.4262683e+00 5.3467641e+00 5.4780399e+00 5.9955272e+00 6.4777001e+00 6.5276915e+00 6.7280094e+00 6.9776160e+00 7.2555522e+00 7.5222036e+00 7.7725496e+00 8.0439704e+00 8.3862682e+00 8.7662092e+00 9.1471428e+00 9.2997427e+00
1.5021912e+01 1.5169035e+01 1.5247281e+01 1.5744247e+01 1.5038425e+01 1.4730791e+01 1.4597810e+01 1.4349224e+01 1.3769623e+01 1.3101107e+01 1.2979682e+01 1.3055653e+01 1.3062764e+01 1.2917400e+01 1.2496219e+01 1.2742271e+01 1.2556751e+01 1.1799651e+01 1.0689061e+01 7.7234347e+00 2.0081169e+00 8.8087098e-04 3.7707943e+00 4.6673339e+00 4.7504441e+00 4.9288776e+00 5.1346609e+00 5.3539070e+00 5.6577036e+00 5.9454807e+00 6.2196187e+00 6.1256880e+00 5.6959165e+00 5.3924100e+00 5.2484174e+00 5.3348590e+00 5.4953322e+00 5.7585903e+00 6.0954207e+00 6.4780346e+00 6.8178896e+00 7.1451571e+00 7.4498431e+00 7.6922672e+00 7.9312838e+00 8.2211918e+00 8.6215154e+00 9.3942823e+00 9.4816566e+00 9.4408445e+00
1.6252481e+01 1.6106682e+01 1.5762630e+01 1.5130588e+01 1.5542677e+01 1.5325973e+01 1.4906950e+01 1.4816653e+01 1.3965287e+01 1.3761367e+01 1.3592569e+01 1.3776976e+01 1.3789909e+01 1.3494786e+01 1.2633282e+01 1.2664982e+01 1.2327708e+01 1.1653903e+01 1.1770765e+01 1.1163565e+01 7.5685939e+00 7.9125507e-04 8.3828616e-01 4.1547030e+00 4.6265804e+00 4.6866287e+00 4.8199714e+00 4.9873397e+00 5.1686939e+00 5.3268677e+00 5.4923166e+00 5.5409518e+00 5.4127314e+00 5.2264294e+00 5.1459299e+00 5.1898967e+00 5.4352747e+00 5.7916585e+00 6.1574992e+00 6.6632074e+00 7.0459036e+00 7.3167967e+00 7.6455132e+00 7.9120965e+00 8.1491015e+00 8.4060146e+00 8.4403735e+00 8.8319161e+00 9.5801639e+00 9.6488100e+00
1.6545049e+01 1.6994377e+01 1.6725965e+01 1.6357431e+01 1.5955333e+01 1.5268651e+01 1.5066375e+01 1.4863811e+01 1.4760552e+01 1.4345618e+01 1.3799887e+01 1.4058492e+01 1.3969688e+01 1.3916225e+01 1.3131004e+01 1.2174942e+01 1.2912595e+01 1.1873280e+01 1.1202084e+01 1.1680342e+01 9.6901409e+00 4.4351369e-01 5.9341250e-04 1.9478644e+00 4.1515935e+00 4.5980650e+00 4.7433694e+00 4.7022996e+00 4.7267902e+00 4.7086803e+00 4.6838692e+00 4.7879449e+00 4.9128623e+00 5.0023804e+00 4.9155908e+00 4.9931639e+00 5.3252378e+00 5.7957634e+00 6.3275800e+00 6.8405767e+00 7.3698449e+00 7.6400334e+00 7.9445866e+00 8.1891411e+00 8.4751506e+00 8.7573100e+00 8.9823111e+00 9.2166953e+00 9.6630856e+00 9.9536018e+00
1.6625520e+01 1.6254212e+01 1.6696284e+01 1.6375221e+01 1.5850441e+01 1.4986878e+01 1.5271541e+01 1.5168705e+01 1.5374775e+01 1.4967463e+01 1.3970249e+01 1.3836275e+01 1.3432598e+01 1.4346499e+01 1.4296631e+01 1.3351444e+01 1.3302645e+01 1.2145656e+01 1.2558979e+01 1.2015953e+01 1.1574770e+01 4.8649087e+00 0.0000000e+00 9.6447322e-04 1.1128166e+00 3.8758571e+00 3.9805176e+00 4.2509142e+00 4.1359136e+00 4.3007570e+00 4.2797280e+00 4.1682426e+00 4.3489575e+00 4.4980975e+00 4.7712924e+00 4.7984056e+00 5.1649739e+00 5.9186575e+00 6.6426794e+00 7.2771615e+00 7.7490217e+00 8.0418285e+00 8.3575091e+00 8.6283542e+00 8.9214827e+00 9.2114197e+00 9.5530520e+00 9.8716782e+00 1.0087286e+01 1.0305145e+01
1.6805896e+01 1.6900427e+01 1.6725148e+01 1.6154678e+01 1.5863323e+01 1.5719863e+01 1.5762088e+01 1.5369988e+01 1.4409822e+01 1.5331420e+01 1.4465114e+01 1.4054282e+01 1.4037408e+01 1.4125497e+01 1.4622786e+01 1.4568431e+01 1.4065005e+01 1.3599685e+01 1.2884626e+01 1.1511998e+01 1.2120164e+01 9.9684073e+00 1.0348010e+00 8.4468448e-04 9.6270595e-04 8.0830311e-04 9.0611541e-04 9.1127663e-04 3.1970097e-01 6.9785139e-01 3.4785036e+00 2.7929958e+00 4.1666234e+00 4.0460305e+00 4.1420611e+00 4.9599925e+00 5.3906056e+00 6.0097921e+00 7.1744706e+00 8.0366520e+00 8.4022111e+00 8.6253430e+00 8.9132263e+00 9.2050768e+00 9.4985739e+00 9.7600938e+00 1.0060796e+01 1.0337670e+01 1.0566055e+01 1.0738266e+01
1.7116408e+01 1.6914022e+01 1.7017847e+01 1.6562643e+01 1.6012291e+01 1.5875419e+01 1.5643666e+01 1.5571048e+01 1.5317453e+01 1.5865621e+01 1.4948841e+01 1.4469213e+01 1.4216737e+01 1.4336724e+01 1.4818487e+01 1.4335272e+01 1.4617443e+01 1.3873202e+01 1.3062230e+01 1.2680713e+01 1.2447180e+01 1.2920117e+01 9.5420460e+00 2.7403402e+00 2.1276433e-01 9.3025892e-04 9.5186145e-04 8.3423979e-04 6.3672857e-04 6.9240868e-04 4.3690279e-04 6.3161800e-04 4.2933557e-04 4.2764562e-04 1.9707698e-01 1.2015175e+00 2.5789004e+00 4.1888320e+00 8.6210316e+00 9.0124726e+00 9.1777029e+00 9.3840124e+00 9.6578102e+00 9.9101940e+00 1.0160118e+01 1.0375855e+01 1.0606735e+01 1.0769357e+01 1.0943562e+01 1.1135744e+01
1.7525076e+01 1.7414100e+01 1.7265401e+01 1.6787848e+01 1.6299715e+01 1.6089283e+01 1.5980662e+01 1.5943516e+01 1.5959457e+01 1.5732515e+01 1.5256770e+01 1.4983681e+01 1.4885785e+01 1.4894470e+01 1.5233177e+01 1.5094198e+01 1.3794861e+01 1.3942674e+01 1.3667850e+01 1.3180383e+01 1.2298075e+01 1.3181967e+01 1.2846358e+01 1.0461260e+01 9.0064841e+00 4.4270235e+00 3.3983084e+00 5.0512325e+00 9.6535274e+00 9.6536349e+00 1.0036892e+01 9.5825586e+00 8.3302303e+00 7.0088766e+00 5.0396712e+00 3.1362226e+00 1.2208027e+00 1.9472651e+00 1.0300807e+01 1.0509027e+01 1.0260204e+01 1.0329053e+01 1.0485976e+01 1.0657067e+01 1.0803452e+01 1.0958337e+01 1.1064077e+01 1.1142542e+01 1.1139373e+01 1.1353707e+01
1.7272386e+01 1.7390707e+01 1.7364721e+01 1.7013523e+01 1.6790531e+01 1.5267376e+01 1.6088640e+01 1.6491668e+01 1.6143566e+01 1.5892782e+01 1.5652456e+01 1.5581777e+01 1.5433420e+01 1.5509586e+01 1.5418053e+01 1.5173754e+01 1.5266938e+01 1.3843485e+01 1.4157340e+01 1.3826506e+01 1.3518846e+01 1.3317607e+01 1.3182638e+01 1.3116025e+01 1.1917863e+01 6.9695801e+00 5.6072710e+00 7.3126386e+00 9.9304842e+00 1.2705030e+01 1.2585988e+01 1.2245483e+01 1.2461932e+01 1.2025431e+01 1.1760966e+01 1.2407126e+01 1.2041838e+01 1.1501285e+01 1.1906414e+01 1.1427852e+01 1.1225030e+01 1.1195932e+01 1.1242074e+01 1.1283394e+01 1.1329121e+01 1.1416353e+01 1.1493756e+01 1.1509850e+01 1.1355892e+01 1.1315855e+01
1.7913267e+01 1.7828595e+01 1.7623579e+01 1.7402020e+01 1.7071263e+01 1.3423351e+01 1.6082860e+01 1.7009622e+01 1.6631274e+01 1.6417452e+01 1.6249262e+01 1.6169190e+01 1.5925943e+01 1.5886351e+01 1.5798472e+01 1.5470673e+01 1.5290387e+01 1.4107104e+01 1.4214639e+01 1.4647270e+01 1.4594303e+01 1.3991187e+01 1.3290781e+01 1.3203102e+01 1.2930863e+01 1.0306497e+01 7.3473183e+00 7.5759612e+00 9.8980214e+00 1.2674636e+01 1.1947623e+01 1.2556871e+01 1.2311290e+01 1.2695735e+01 1.2956807e+01 1.2883701e+01 1.1867693e+01 1.2298564e+01 1.2046770e+01 1.1884797e+01 1.1787235e+01 1.1736216e+01 1.1692920e+01 1.1693420e+01 1.1697010e+01 1.1724557e+01 1.1791930e+01 1.1102516e+01 1.1511350e+01 1.1586630e+01
1.8169256e+01 1.8063476e+01 1.7992387e+01 1.7742319e+01 1.7746345e+01 1.7687634e+01 1.7653978e+01 1.7563996e+01 1.7462208e+01 1.7239997e+01 1.6948462e+01 1.6870132e+01 1.6534001e+01 1.6556307e+01 1.6295235e+01 1.5904327e+01 1.4121369e+01 1.5179798e+01 1.5116610e+01 1.4611175e+01 1.4522572e+01 1.4864335e+01 1.4141511e+01 1.3696779e+01 1.3369386e+01 1.2854524e+01 1.0122260e+01 9.8634879e+00 1.2934767e+01 1.2656968e+01 1.2021954e+01 1.2595619e+01 1.1875107e+01 1.2121112e+01 1.2942477e+01 1.2957681e+01 1.3177893e+01 1.2641948e+01 1.2319157e+01 1.2213030e+01 1.2103990e+01 1.2032374e+01 1.1997776e+01 1.1965021e+01 1.1968182e+01 1.1925874e+01 1.1865100e+01 1.0629549e+01 1.0970489e+01 1.1716635e+01
1.8451427e+01 1.8344377e+01 1.8288779e+01 1.8245176e+01 1.8133438e+01 1.7985897e+01 1.7943612e+01 1.7637373e+01 1.7870594e+01 1.7632395e+01 1.7635768e+01 1.7154863e+01 1.7019319e+01 1.6841339e+01 1.6679622e+01 1.6184140e+01 1.5494614e+01 1.5825931e+01 1.5748616e+01 1.5622322e+01 1.5102919e+01 1.5561326e+01 1.5029370e+01 1.4357918e+01 1.4045327e+01 1.3253738e+01 1.3465129e+01 1.3873116e+01 1.3520372e+01 1.2997507e+01 1.2763763e+01 1.2721330e+01 1.2549683e+01 1.2825900e+01 1.3042065e+01 1.3365927e+01 1.3283261e+01 1.3030395e+01 1.2534657e+01 1.2376169e+01 1.2278849e+01 1.2197883e+01 1.2141815e+01 1.2080255e+01 1.2057085e+01 1.2015599e+01 1.1937151e+01 1.1961321e+01 1.2001833e+01 1.1960604e+01
1.8776631e+01 1.8670094e+01 1.8592647e+01 1.8608445e+01 1.8479235e+01 1.8321537e+01 1.8141119e+01 1.8020411e+01 1.7981564e+01 1.7827912e+01 1.7665368e+01 1.7605963e+01 1.7360005e+01 1.7088279e+01 1.7000265e+01 1.6853247e+01 1.6433054e+01 1.6109864e+01 1.6134659e+01 1.6013076e+01 1.5992234e+01 1.6009156e+01 1.5793293e+01 1.4944682e+01 1.4519838e+01 1.3734882e+01 1.4493589e+01 1.4128861e+01 1.3727435e+01 1.3236071e+01 1.3064806e+01 1.2578249e+01 1.1962167e+01 1.2705608e+01 1.1544146e+01 1.3062784e+01 1.3423735e+01 1.3131473e+01 1.2739682e+01 1.2508878e+01 1.2376722e+01 1.2271908e+01 1.2195915e+01 1.2114833e+01 1.2070811e+01 1.2061850e+01 1.1974313e+01 1.1988446e+01 1.1956289e+01 1.1943773e+01
1.9071555e+01 1.8964507e+01 1.8870087e+01 1.8811714e+01 1.8853039e+01 1.8682002e+01 1.8429283e+01 1.8230066e+01 1.8120581e+01 1.8038803e+01 1.7849038e+01 1.7772400e+01 1.7607463e+01 1.7479976e+01 1.7192362e+01 1.6751019e+01 1.6506753e+01 1.6112626e+01 1.6354287e+01 1.6338869e+01 1.6298887e+01 1.6116508e+01 1.6048908e+01 1.5322275e+01 1.5220606e+01 1.4986768e+01 1.4725756e+01 1.4341211e+01 1.4256240e+01 1.3681608e+01 1.3626268e+01 1.3267309e+01 1.2594020e+01 1.2709541e+01 1.2822601e+01 1.3595023e+01 1.3621018e+01 1.3154600e+01 1.2842467e+01 1.2643975e+01 1.2491007e+01 1.2366541e+01 1.2285455e+01 1.2194460e+01 1.2143596e+01 1.2114606e+01 1.2076302e+01 1.2102779e+01 1.2102002e+01 1.2038505e+01
1.9360684e+01 1.9400407e+01 1.9212154e+01 1.8937987e+01 1.8831470e+01 1.8731846e+01 1.8634601e+01 1.8430782e+01 1.8283349e+01 1.8241157e+01 1.8074817e+01 1.7950072e+01 1.7848110e+01 1.7890724e+01 1.7522692e+01 1.7507032e+01 1.6866178e+01 1.6114501e+01 1.6543058e+01 1.6696073e+01 1.6628676e+01 1.6397618e+01 1.5834332e+01 1.5566364e+01 1.5486011e+01 1.5438427e+01 1.4941486e+01 1.4121527e+01 1.4602954e+01 1.4672466e+01 1.3681279e+01 1.3558741e+01 1.3445029e+01 1.2950736e+01 1.3559901e+01 1.3604374e+01 1.2618544e+01 1.3113929e+01 1.3038804e+01 1.2815769e+01 1.2648232e+01 1.2520897e+01 1.2433792e+01 1.2350836e+01 1.2306779e+01 1.2303494e+01 1.2307248e+01 1.1928333e+01 1.2400166e+01 1.2312695e+01
1.9572651e+01 1.9368525e+01 1.9370960e+01 1.9142636e+01 1.8939523e+01 1.8890996e+01 1.8898077e+01 1.8706488e+01 1.8582427e+01 1.8518263e+01 1.8437879e+01 1.8334678e+01 1.8259940e+01 1.8203761e+01 1.7895512e+01 1.7748375e+01 1.7164431e+01 1.4079180e+01 1.6049685e+01 1.6501335e+01 1.6274021e+01 1.6206182e+01 1.6211936e+01 1.6085981e+01 1.5926280e+01 1.5972583e+01 1.5207375e+01 1.4780221e+01 1.3391395e+01 1.4151269e+01 1.4606885e+01 1.4293333e+01 1.3852278e+01 1.2602677e+01 1.3042718e+01 1.2794637e+01 1.2351345e+01 1.3182497e+01 1.3170396e+01 1.2966139e+01 1.2783722e+01 1.2653991e+01 1.2589199e+01 1.2556267e+01 1.2593219e+01 1.2658165e+01 1.2575852e+01 1.2200103e+01 1.2504804e+01 1.2657252e+01
1.9660045e+01 1.9557725e+01 1.9417246e+01 1.9317867e+01 1.9135441e+01 1.9077684e+01 1.9079676e+01 1.9079593e+01 1.9025695e+01 1.8940291e+01 1.8857297e+01 1.8727716e+01 1.8561518e+01 1.8319021e+01 1.8201769e+01 1.7765205e+01 1.7434714e+01 1.6962206e+01 1.7263136e+01 1.6852562e+01 1.6645206e+01 1.6085637e+01 1.5750238e+01 1.6207926e+01 1.6279121e+01 1.6345932e+01 1.5700811e+01 1.5225982e+01 1.4901310e+01 1.4887010e+01 1.4701553e+01 1.4299462e+01 1.4038560e+01 1.4023304e+01 1.3887350e+01 1.3857268e+01 1.3671252e+01 1.3556084e+01 1.3319628e+01 1.3122844e+01 1.2958845e+01 1.2833923e+01 1.2775785e+01 1.2783244e+01 1.2668699e+01 1.2648381e+01 1.2710327e+01 1.0656185e+01 1.0137951e+01 1.1500088e+01
