ahotovec/data/depth_0017.asc
ncols     164
nrows     146
xllcorner -1.242151388888889e+02
yllcorner  4.172986111111111e+01
cellsize  2.777777777820000e-04
nodata_value       -9999
[rows 110 to 131 of 146, columns 50 to 99 of 164]
1.2459450e+01 1.1881669e+01 1.0661670e+01 8.8527665e+00 7.1750128e+00 6.2193242e+00 5.5286150e+00 5.3225332e+00 4.4424423e+00 5.9669456e+00 7.3964533e+00 7.8355129e+00 8.0222835e+00 6.4166318e+00 5.6358061e+00 5.0244733e+00 1.4056919e+00 1.6448730e-01 4.6902559e+00 5.5255264e+00 5.7481653e+00 6.1260085e+00 6.4289647e+00 6.6576697e+00 6.7813439e+00 6.7747248e+00 6.6264053e+00 6.6792305e+00 7.0707538e+00 7.3917296e+00 7.7277880e+00 7.8286317e+00 8.1290944e+00 8.1839693e+00 8.2929058e+00 8.3724514e+00 8.4834928e+00 8.5459885e+00 8.5738388e+00 8.5820511e+00 8.6074180e+00 8.5829264e+00 8.5198926e+00 8.3783173e+00 8.2661206e+00 8.1633472e+00 8.1440433e+00 8.1458154e+00 8.1375744e+00 8.1315388e+00
1.3870331e+01 1.3879667e+01 1.2602316e+01 9.7548689e+00 6.5640228e+00 4.9269393e+00 5.4350034e+00 4.9352829e+00 5.8891715e+00 7.1991568e+00 8.3005851e+00 9.2461042e+00 9.9590278e+00 5.5902440e+00 6.1155151e+00 6.9299320e+00 4.0368265e+00 6.6558846e-02 1.4272107e+00 4.7973558e+00 5.3495100e+00 5.7012908e+00 6.0248529e+00 6.2549037e+00 6.4186350e+00 6.4797065e+00 6.4496286e+00 6.3080776e+00 6.4689492e+00 6.9486795e+00 7.3215262e+00 7.6140843e+00 7.7992852e+00 8.0595478e+00 8.1403611e+00 8.2108997e+00 8.2817686e+00 8.3486252e+00 8.3715324e+00 8.3827560e+00 8.3538130e+00 8.2833019e+00 8.1686708e+00 8.0473062e+00 7.9645228e+00 7.9289971e+00 7.9579988e+00 8.0012124e+00 8.0332377e+00 8.0298117e+00
1.4897078e+01 1.5126718e+01 1.4248845e+01 1.1027585e+01 1.8617894e+00 0.0000000e+00 4.4353411e-04 4.5099850e+00 6.1283111e+00 7.8305483e+00 9.3148660e+00 1.0369524e+01 1.1243237e+01 1.1328196e+01 1.1597556e+01 1.1079205e+01 9.4415432e+00 2.0916182e+00 1.4228813e-01 2.0490385e+00 5.2212402e+00 5.4525137e+00 5.7129322e+00 5.9346036e+00 6.1033120e+00 6.2019777e+00 6.2376791e+00 6.1889387e+00 6.1548030e+00 6.5241443e+00 6.9548640e+00 7.2807738e+00 7.5350116e+00 7.7287578e+00 7.8407731e+00 7.8387205e+00 7.7298349e+00 7.7882284e+00 7.8057171e+00 7.8122070e+00 7.8190403e+00 7.7699944e+00 7.7272751e+00 7.6734855e+00 7.6504377e+00 7.6900587e+00 7.8144690e+00 7.8966776e+00 7.9597321e+00 7.9984452e+00
1.5831958e+01 1.4905594e+01 1.4901630e+01 1.1999161e+01 2.3399200e+00 0.0000000e+00 0.0000000e+00 3.7825197e-04 8.6138071e+00 9.5351382e+00 1.0851632e+01 1.1277825e+01 1.1858097e+01 1.2115226e+01 1.2439052e+01 1.1757996e+01 1.1198570e+01 9.6520690e+00 1.6189892e+00 4.3076139e-01 4.5302358e+00 5.2848592e+00 5.4172354e+00 5.6601109e+00 5.8285474e+00 5.9615640e+00 6.0452064e+00 6.1200439e+00 6.2649219e+00 6.3698802e+00 6.7700816e+00 7.0829321e+00 7.3107801e+00 7.4092993e+00 7.3071041e+00 6.9903506e+00 6.7882765e+00 6.8150173e+00 6.9810296e+00 7.0822791e+00 7.1513546e+00 7.2081480e+00 7.2979706e+00 7.3954441e+00 7.4419598e+00 7.5396130e+00 7.6578991e+00 7.8196285e+00 7.9477728e+00 8.0140106e+00
1.6245526e+01 1.6581976e+01 1.6163563e+01 1.4218177e+01 1.0397815e+01 7.2507164e+00 3.2385391e+00 4.9723819e+00 1.1821719e+01 1.1182423e+01 1.2278762e+01 1.0936999e+01 1.1977037e+01 1.2315408e+01 1.2652897e+01 1.2371935e+01 1.1591858e+01 1.1085473e+01 8.3042464e+00 5.4598341e-01 1.8857547e+00 5.2735476e+00 5.2257630e+00 5.3918047e+00 5.5808606e+00 5.7457153e+00 5.8609451e+00 6.0165657e+00 6.3093862e+00 6.6216672e+00 6.6903442e+00 6.8718308e+00 6.9593628e+00 6.7866691e+00 6.3806617e+00 6.0467848e+00 5.9694839e+00 6.3456516e+00 6.6073633e+00 6.6272819e+00 6.7276818e+00 6.8048379e+00 6.9999631e+00 7.2016799e+00 7.3437093e+00 7.4599567e+00 7.6545005e+00 7.8670322e+00 8.0715048e+00 8.1241827e+00
1.6319072e+01 1.6763847e+01 1.6445528e+01 1.3101586e+01 1.3990266e+01 1.3499762e+01 1.2357724e+01 1.3138046e+01 1.3521991e+01 1.3342008e+01 1.2833790e+01 1.2452634e+01 1.3816692e+01 1.3686058e+01 1.2937457e+01 1.2776443e+01 1.2730941e+01 1.1751993e+01 9.3478252e+00 2.9267762e+00 5.2857839e-01 4.1198924e+00 5.3084500e+00 5.2599167e+00 5.4129595e+00 5.5617097e+00 5.7080113e+00 5.8910874e+00 6.2075549e+00 6.5385415e+00 6.7616076e+00 6.6285758e+00 6.4554135e+00 5.9866000e+00 5.6431691e+00 5.4585675e+00 5.4824689e+00 5.9335219e+00 6.3525442e+00 6.3136541e+00 6.4517989e+00 6.6552206e+00 6.8943250e+00 7.1057695e+00 7.2773127e+00 7.4525102e+00 7.7040528e+00 7.9815504e+00 8.2759003e+00 8.3123844e+00
1.6602395e+01 1.6696559e+01 1.6723392e+01 1.7170551e+01 1.6375422e+01 1.5934800e+01 1.5719397e+01 1.5427960e+01 1.4844011e+01 1.4151306e+01 1.4021649e+01 1.4055813e+01 1.4014634e+01 1.3771789e+01 1.3246003e+01 1.3391269e+01 1.3096867e+01 1.2199386e+01 1.0943848e+01 7.6753379e+00 1.6887201e+00 2.6687782e-01 4.2111796e+00 5.2146866e+00 5.2537449e+00 5.4208151e+00 5.5982850e+00 5.7749901e+00 6.0387362e+00 6.2818172e+00 6.5205889e+00 6.3751320e+00 5.8920594e+00 5.5044283e+00 5.2406795e+00 5.1939471e+00 5.2239637e+00 5.4050409e+00 5.6479294e+00 5.9474332e+00 6.2602818e+00 6.5688019e+00 6.8511060e+00 7.0563459e+00 7.2367273e+00 7.4496240e+00 7.7781234e+00 8.4802213e+00 8.4534805e+00 8.2898194e+00
1.7768142e+01 1.7578163e+01 1.7190253e+01 1.6500164e+01 1.6856240e+01 1.6540947e+01 1.6028042e+01 1.5874084e+01 1.4973222e+01 1.4728806e+01 1.4524262e+01 1.4652056e+01 1.4603159e+01 1.4198345e+01 1.3214217e+01 1.3139054e+01 1.2663448e+01 1.1891385e+01 1.2010874e+01 1.1230912e+01 7.6283974e+00 4.2772048e-03 1.3197682e+00 4.7360572e+00 5.1815555e+00 5.2346733e+00 5.3388913e+00 5.4452671e+00 5.5590227e+00 5.6470377e+00 5.7470324e+00 5.7311095e+00 5.5131351e+00 5.2098787e+00 4.9756089e+00 4.8148655e+00 4.8468232e+00 5.0759615e+00 5.3587969e+00 5.8491764e+00 6.2260856e+00 6.4916637e+00 6.8145849e+00 7.0624360e+00 7.2581913e+00 7.4644345e+00 7.4152548e+00 7.7114350e+00 8.3746733e+00 8.3319490e+00
1.8001368e+01 1.8408258e+01 1.8096300e+01 1.7678041e+01 1.7230037e+01 1.6465537e+01 1.6182442e+01 1.5906052e+01 1.5736530e+01 1.5254521e+01 1.4631418e+01 1.4806099e+01 1.4618858e+01 1.4447068e+01 1.3526251e+01 1.2435162e+01 1.3111778e+01 1.1999988e+01 1.1301959e+01 1.1721014e+01 9.6962840e+00 2.5287561e-01 5.9341250e-04 2.5543494e+00 4.7614216e+00 5.2075848e+00 5.3261525e+00 5.2083527e+00 5.1232984e+00 5.0172261e+00 4.9087159e+00 4.9505181e+00 4.9785243e+00 4.9400197e+00 4.6270836e+00 4.4121439e+00 4.4228994e+00 4.6848844e+00 5.1670418e+00 5.7136615e+00 6.2889613e+00 6.5867375e+00 6.9098402e+00 7.1481923e+00 7.4075521e+00 7.6427266e+00 7.8036133e+00 7.9627934e+00 8.3305501e+00 8.5121815e+00
1.8027867e+01 1.7618951e+01 1.8018949e+01 1.7653149e+01 1.7080943e+01 1.6153012e+01 1.6359769e+01 1.6179179e+01 1.6305100e+01 1.5816560e+01 1.4692043e+01 1.4420204e+01 1.3862517e+01 1.4666404e+01 1.4484688e+01 1.3412309e+01 1.3307162e+01 1.1992154e+01 1.2408260e+01 1.1708779e+01 1.1179002e+01 3.0538746e+00 0.0000000e+00 9.6447322e-04 1.7622459e+00 4.4599543e+00 4.5156304e+00 4.7334110e+00 4.4874449e+00 4.5964866e+00 4.5178122e+00 4.3561415e+00 4.4441313e+00 4.4379025e+00 4.4570896e+00 4.0628580e+00 3.9391392e+00 4.2218285e+00 5.0404475e+00 5.8917763e+00 6.4876300e+00 6.8185389e+00 7.1584591e+00 7.4293295e+00 7.7098680e+00 7.9693762e+00 8.2667184e+00 8.5153394e+00 8.6412109e+00 8.7490319e+00
1.8164267e+01 1.8225237e+01 1.8011746e+01 1.7397474e+01 1.7056664e+01 1.6856166e+01 1.6820961e+01 1.6341128e+01 1.5262122e+01 1.6069452e+01 1.5041528e+01 1.4444216e+01 1.4253692e+01 1.4191588e+01 1.4563710e+01 1.4401640e+01 1.3824873e+01 1.3274617e+01 1.2535215e+01 1.0918675e+01 1.1595881e+01 9.2149223e+00 5.2177787e-01 8.4468448e-04 9.6270595e-04 8.8904132e-04 8.1809265e-04 5.5440316e-02 3.3362043e-01 9.4601922e-01 3.7431855e+00 2.8900893e+00 4.2238268e+00 3.9167976e+00 3.5888609e+00 4.0075359e+00 4.0411922e+00 3.8399452e+00 4.8374580e+00 6.4763270e+00 6.9346189e+00 7.2688311e+00 7.6290585e+00 7.9323850e+00 8.2110902e+00 8.4382977e+00 8.6906680e+00 8.9017532e+00 9.0416871e+00 9.1174931e+00
1.8443734e+01 1.8208073e+01 1.8274459e+01 1.7777238e+01 1.7170968e+01 1.6972397e+01 1.6643893e+01 1.6458365e+01 1.6057026e+01 1.6441189e+01 1.5325678e+01 1.4620300e+01 1.4160388e+01 1.4120988e+01 1.4498023e+01 1.3876680e+01 1.4118524e+01 1.3234839e+01 1.2293157e+01 1.1765020e+01 1.1417030e+01 1.1449500e+01 6.3299106e+00 1.6386875e+00 8.7156092e-04 1.0140204e-03 4.1239121e-03 2.6247522e-02 9.1491611e-04 2.0970712e-02 5.2580633e-02 8.9647310e-04 4.7929434e-04 9.0659444e-04 1.6793893e-02 2.0810483e-01 7.1336335e-01 1.1788913e+00 5.9372878e+00 7.1610086e+00 7.4241336e+00 7.8571633e+00 8.2750015e+00 8.5791458e+00 8.8265279e+00 9.0053734e+00 9.1828473e+00 9.2825589e+00 9.3892038e+00 9.5051312e+00
1.8828406e+01 1.8679453e+01 1.8487022e+01 1.7959610e+01 1.7403673e+01 1.7114808e+01 1.6881931e+01 1.6692432e+01 1.6517487e+01 1.6073328e+01 1.5360695e+01 1.4838390e+01 1.4515929e+01 1.4350744e+01 1.4587278e+01 1.4352280e+01 1.2912980e+01 1.2991459e+01 1.2642733e+01 1.2065316e+01 1.0969395e+01 1.1765124e+01 1.1292572e+01 8.6735644e+00 7.7307746e+00 2.6678367e+00 1.1687357e+00 1.8881663e+00 7.3327068e+00 7.2566774e+00 7.6695053e+00 7.6938588e+00 6.6468353e+00 5.5994855e+00 3.4706367e+00 1.8147838e+00 1.9668728e-02 1.9209117e-01 7.9006859e+00 8.4380655e+00 8.3054333e+00 8.7465530e+00 9.0598876e+00 9.2915298e+00 9.4411598e+00 9.5726335e+00 9.6373501e+00 9.6802514e+00 9.6201791e+00 9.7781056e+00
1.8540634e+01 1.8609838e+01 1.8525342e+01 1.8107322e+01 1.7799107e+01 1.6159324e+01 1.6821868e+01 1.7034025e+01 1.6458797e+01 1.5957584e+01 1.5458777e+01 1.5129010e+01 1.4744238e+01 1.4631779e+01 1.4413408e+01 1.4068949e+01 1.4140284e+01 1.2634977e+01 1.2938935e+01 1.2579151e+01 1.2316572e+01 1.2174618e+01 1.1963589e+01 1.2070597e+01 1.0742644e+01 5.2294208e+00 3.7051728e+00 5.7253592e+00 8.3804589e+00 1.1587087e+01 1.1354297e+01 1.0751729e+01 1.1082737e+01 1.0684916e+01 1.0383170e+01 1.0890973e+01 1.0465341e+01 9.8655089e+00 1.0157862e+01 9.8024268e+00 9.5588736e+00 9.6825189e+00 9.8287950e+00 9.9095818e+00 9.9581924e+00 1.0030532e+01 1.0076141e+01 1.0072296e+01 9.8680544e+00 9.7845953e+00
1.9122155e+01 1.8966810e+01 1.8677575e+01 1.8358725e+01 1.7910065e+01 1.4081734e+01 1.6582715e+01 1.7307176e+01 1.6699470e+01 1.6232834e+01 1.5799207e+01 1.5453959e+01 1.4963414e+01 1.4710224e+01 1.4485124e+01 1.4071844e+01 1.3887862e+01 1.2661555e+01 1.2850218e+01 1.3416755e+01 1.3490362e+01 1.2949027e+01 1.2260612e+01 1.2197991e+01 1.1841188e+01 8.9998845e+00 5.6897932e+00 6.1587537e+00 8.4980103e+00 1.1519153e+01 1.0688299e+01 1.1192583e+01 1.0899713e+01 1.1292653e+01 1.1577035e+01 1.1423589e+01 1.0352172e+01 1.0735758e+01 1.0386101e+01 1.0267520e+01 1.0182753e+01 1.0257880e+01 1.0291408e+01 1.0331569e+01 1.0340167e+01 1.0353462e+01 1.0392346e+01 9.6748541e+00 1.0062095e+01 1.0109893e+01
1.9286402e+01 1.9096203e+01 1.8926313e+01 1.8560720e+01 1.8426523e+01 1.8223786e+01 1.8005393e+01 1.7704901e+01 1.7378504e+01 1.6903800e+01 1.6345867e+01 1.5998398e+01 1.5399241e+01 1.5183991e+01 1.4760216e+01 1.4299566e+01 1.2499424e+01 1.3671801e+01 1.3763205e+01 1.3387734e+01 1.3414353e+01 1.3863886e+01 1.3217516e+01 1.2828038e+01 1.2436603e+01 1.1823827e+01 8.8312235e+00 8.6630164e+00 1.1817145e+01 1.1468886e+01 1.0693525e+01 1.1214486e+01 1.0374571e+01 1.0578219e+01 1.1454690e+01 1.1424137e+01 1.1682497e+01 1.1150934e+01 1.0772086e+01 1.0655118e+01 1.0594310e+01 1.0610086e+01 1.0631532e+01 1.0626254e+01 1.0628840e+01 1.0564624e+01 1.0479697e+01 9.1967447e+00 9.5378889e+00 1.0287084e+01
1.9444197e+01 1.9228507e+01 1.9053975e+01 1.8887769e+01 1.8644643e+01 1.8372942e+01 1.8149210e+01 1.7642644e+01 1.7661748e+01 1.7183497e+01 1.6936221e+01 1.6192053e+01 1.5809333e+01 1.5407203e+01 1.5102761e+01 1.4547597e+01 1.3916937e+01 1.4389257e+01 1.4466331e+01 1.4495220e+01 1.4117600e+01 1.4715748e+01 1.4252327e+01 1.3620836e+01 1.3280363e+01 1.2386147e+01 1.2472768e+01 1.2885738e+01 1.2432857e+01 1.1776731e+01 1.1416022e+01 1.1252951e+01 1.1035743e+01 1.1291977e+01 1.1539470e+01 1.1834250e+01 1.1773043e+01 1.1527680e+01 1.0981903e+01 1.0839987e+01 1.0825009e+01 1.0811060e+01 1.0794992e+01 1.0760152e+01 1.0742181e+01 1.0685769e+01 1.0600253e+01 1.0610377e+01 1.0631348e+01 1.0572212e+01
1.9645288e+01 1.9432209e+01 1.9250017e+01 1.9158030e+01 1.8908972e+01 1.8626899e+01 1.8287862e+01 1.7993317e+01 1.7755279e+01 1.7388684e+01 1.7000216e+01 1.6713199e+01 1.6249575e+01 1.5779328e+01 1.5576854e+01 1.5384612e+01 1.5007382e+01 1.4792584e+01 1.4969957e+01 1.4992991e+01 1.5119405e+01 1.5262177e+01 1.5126347e+01 1.4326548e+01 1.3875201e+01 1.3025900e+01 1.3715508e+01 1.3245318e+01 1.2704479e+01 1.2052657e+01 1.1744832e+01 1.1135326e+01 1.0430768e+01 1.1129059e+01 9.9585184e+00 1.1466924e+01 1.1838960e+01 1.1562690e+01 1.1194239e+01 1.1037022e+01 1.0975218e+01 1.0917779e+01 1.0879931e+01 1.0813658e+01 1.0769084e+01 1.0742283e+01 1.0639274e+01 1.0643656e+01 1.0592993e+01 1.0569457e+01
1.9847749e+01 1.9645546e+01 1.9453419e+01 1.9293185e+01 1.9224801e+01 1.8929840e+01 1.8531263e+01 1.8170426e+01 1.7881209e+01 1.7616123e+01 1.7239950e+01 1.6976665e+01 1.6634418e+01 1.6355768e+01 1.5981544e+01 1.5503815e+01 1.5286311e+01 1.4960609e+01 1.5333826e+01 1.5435416e+01 1.5515313e+01 1.5438293e+01 1.5445589e+01 1.4764757e+01 1.4662163e+01 1.4390015e+01 1.4052320e+01 1.3556631e+01 1.3317347e+01 1.2555859e+01 1.2308158e+01 1.1809442e+01 1.1053145e+01 1.1135903e+01 1.1232587e+01 1.1985204e+01 1.2086976e+01 1.1665876e+01 1.1364610e+01 1.1212504e+01 1.1135467e+01 1.1049300e+01 1.0992662e+01 1.0905065e+01 1.0841951e+01 1.0794743e+01 1.0734428e+01 1.0764614e+01 1.0750756e+01 1.0673711e+01
2.0064879e+01 2.0017504e+01 1.9739548e+01 1.9370085e+01 1.9158352e+01 1.8942366e+01 1.8715062e+01 1.8368042e+01 1.8068193e+01 1.7872944e+01 1.7551061e+01 1.7286231e+01 1.7053111e+01 1.6970215e+01 1.6528696e+01 1.6484249e+01 1.5838139e+01 1.5113164e+01 1.5643647e+01 1.5891749e+01 1.5918035e+01 1.5773819e+01 1.5278046e+01 1.5058239e+01 1.4962704e+01 1.4875385e+01 1.4326393e+01 1.3378106e+01 1.3694307e+01 1.3594102e+01 1.2434079e+01 1.2191544e+01 1.1987156e+01 1.1444557e+01 1.2101071e+01 1.2137225e+01 1.1137858e+01 1.1700957e+01 1.1676681e+01 1.1506764e+01 1.1361131e+01 1.1247787e+01 1.1166849e+01 1.1075304e+01 1.1012057e+01 1.0984938e+01 1.0961806e+01 1.0583012e+01 1.1061906e+01 1.0965088e+01
2.0223313e+01 1.9939991e+01 1.9859892e+01 1.9541633e+01 1.9236917e+01 1.9079324e+01 1.8970346e+01 1.8655439e+01 1.8409346e+01 1.8224645e+01 1.8025780e+01 1.7810648e+01 1.7644475e+01 1.7501360e+01 1.7119814e+01 1.6935703e+01 1.6321959e+01 1.3143639e+01 1.5280956e+01 1.5810901e+01 1.5633868e+01 1.5623143e+01 1.5666125e+01 1.5557806e+01 1.5370074e+01 1.5370249e+01 1.4537214e+01 1.4011749e+01 1.2476794e+01 1.3144732e+01 1.3509433e+01 1.3101464e+01 1.2569179e+01 1.1176952e+01 1.1648319e+01 1.1396244e+01 1.0950095e+01 1.1879031e+01 1.1910253e+01 1.1728687e+01 1.1547620e+01 1.1415713e+01 1.1341595e+01 1.1288514e+01 1.1300448e+01 1.1342498e+01 1.1212595e+01 1.0841880e+01 1.1172848e+01 1.1331360e+01
2.0268367e+01 2.0093325e+01 1.9874500e+01 1.9689596e+01 1.9408735e+01 1.9248162e+01 1.9146931e+01 1.9044990e+01 1.8889566e+01 1.8710381e+01 1.8540982e+01 1.8333706e+01 1.8096483e+01 1.7790937e+01 1.7607197e+01 1.7144629e+01 1.6789246e+01 1.6277163e+01 1.6615840e+01 1.6223772e+01 1.6041816e+01 1.5494982e+01 1.5168499e+01 1.5649440e+01 1.5700983e+01 1.5733305e+01 1.5018560e+01 1.4468036e+01 1.4046070e+01 1.3956732e+01 1.3704293e+01 1.3227915e+01 1.2919175e+01 1.2851703e+01 1.2706011e+01 1.2665297e+01 1.2454240e+01 1.2350967e+01 1.2132463e+01 1.1939251e+01 1.1762734e+01 1.1621765e+01 1.1541418e+01 1.1518154e+01 1.1361612e+01 1.1324863e+01 1.1326270e+01 9.1889508e+00 8.6680182e+00 1.0114121e+01
