ahotovec/data/depth_0059.asc
ncols     164
nrows     146
xllcorner -1.242151388888889e+02
yllcorner  4.172986111111111e+01
cellsize  2.777777777820000e-04
nodata_value       -9999
[rows 66 to 87 of 146, columns 0 to 49 of 164]
3.3777892e-03 3.3093001e-03 1.7906875e-03 9.9875369e-04 8.9694585e-04 0.0000000e+00 0.0000000e+00 0.0000000e+00 0.0000000e+00 0.0000000e+00 0.0000000e+00 0.0000000e+00 0.0000000e+00 0.0000000e+00 0.0000000e+00 0.0000000e+00 0.0000000e+00 0.0000000e+00 0.0000000e+00 0.0000000e+00 0.0000000e+00 0.0000000e+00 0.0000000e+00 0.0000000e+00 0.0000000e+00 0.0000000e+00 0.0000000e+00 0.0000000e+00 0.0000000e+00 0.0000000e+00 0.0000000e+00 0.0000000e+00 0.0000000e+00 0.0000000e+00 0.0000000e+00 0.0000000e+00 0.0000000e+00 0.0000000e+00 0.0000000e+00 0.0000000e+00 0.0000000e+00 0.0000000e+00 0.0000000e+00 0.0000000e+00 0.0000000e+00 0.0000000e+00 0.0000000e+00 0.0000000e+00 0.0000000e+00 0.0000000e+00
3.1190476e-03 2.0661470e-03 5.9325821e-03 9.2917256e-04 9.6925011e-04 8.9680224e-04 7.8601789e-04 0.0000000e+00 0.0000000e+00 0.0000000e+00 0.0000000e+00 0.0000000e+00 0.0000000e+00 0.0000000e+00 0.0000000e+00 0.0000000e+00 0.0000000e+00 0.0000000e+00 0.0000000e+00 0.0000000e+00 0.0000000e+00 0.0000000e+00 0.0000000e+00 0.0000000e+00 0.0000000e+00 0.0000000e+00 0.0000000e+00 0.0000000e+00 0.0000000e+00 0.0000000e+00 0.0000000e+00 0.0000000e+00 0.0000000e+00 0.0000000e+00 0.0000000e+00 0.0000000e+00 0.0000000e+00 0.0000000e+00 0.0000000e+00 0.0000000e+00 0.0000000e+00 0.0000000e+00 0.0000000e+00 0.0000000e+00 0.0000000e+00 0.0000000e+00 0.0000000e+00 0.0000000e+00 0.0000000e+00 0.0000000e+00
2.7638444e-03 3.7002579e-03 1.0034474e-03 6.4988637e-01 9.2320639e-01 6.1551353e-01 8.1071175e-04 9.1861306e-04 8.4144253e-04 0.0000000e+00 0.0000000e+00 0.0000000e+00 0.0000000e+00 0.0000000e+00 0.0000000e+00 0.0000000e+00 0.0000000e+00 0.0000000e+00 0.0000000e+00 0.0000000e+00 0.0000000e+00 0.0000000e+00 0.0000000e+00 0.0000000e+00 0.0000000e+00 0.0000000e+00 0.0000000e+00 0.0000000e+00 0.0000000e+00 0.0000000e+00 0.0000000e+00 0.0000000e+00 0.0000000e+00 0.0000000e+00 0.0000000e+00 0.0000000e+00 0.0000000e+00 0.0000000e+00 0.0000000e+00 0.0000000e+00 0.0000000e+00 0.0000000e+00 0.0000000e+00 0.0000000e+00 0.0000000e+00 0.0000000e+00 0.0000000e+00 0.0000000e+00 0.0000000e+00 0.0000000e+00
1.0752037e-03 9.6852972e-02 2.1944947e+00 2.4772634e+00 2.5576970e+00 2.6034536e+00 2.1024417e+00 1.1492862e+00 2.8103624e-01 9.4988195e-04 8.7637530e-04 7.5009878e-04 0.0000000e+00 0.0000000e+00 0.0000000e+00 0.0000000e+00 0.0000000e+00 0.0000000e+00 0.0000000e+00 0.0000000e+00 0.0000000e+00 0.0000000e+00 0.0000000e+00 0.0000000e+00 0.0000000e+00 0.0000000e+00 0.0000000e+00 0.0000000e+00 0.0000000e+00 0.0000000e+00 0.0000000e+00 0.0000000e+00 0.0000000e+00 0.0000000e+00 0.0000000e+00 0.0000000e+00 0.0000000e+00 0.0000000e+00 0.0000000e+00 0.0000000e+00 0.0000000e+00 0.0000000e+00 0.0000000e+00 0.0000000e+00 0.0000000e+00 0.0000000e+00 0.0000000e+00 0.0000000e+00 0.0000000e+00 0.0000000e+00
6.0879983e-04 2.3399860e+00 2.5455094e+00 2.6962058e+00 2.7822315e+00 2.7154510e+00 2.3233576e+00 1.9264687e+00 2.6253666e+00 2.0378769e+00 2.0630432e-01 9.6423945e-04 0.0000000e+00 0.0000000e+00 0.0000000e+00 0.0000000e+00 0.0000000e+00 0.0000000e+00 0.0000000e+00 0.0000000e+00 0.0000000e+00 0.0000000e+00 0.0000000e+00 0.0000000e+00 0.0000000e+00 0.0000000e+00 0.0000000e+00 0.0000000e+00 0.0000000e+00 0.0000000e+00 0.0000000e+00 0.0000000e+00 0.0000000e+00 0.0000000e+00 0.0000000e+00 0.0000000e+00 0.0000000e+00 0.0000000e+00 0.0000000e+00 0.0000000e+00 0.0000000e+00 0.0000000e+00 0.0000000e+00 0.0000000e+00 0.0000000e+00 0.0000000e+00 0.0000000e+00 0.0000000e+00 0.0000000e+00 0.0000000e+00
2.2630180e+00 4.3409653e-01 1.5595765e+00 2.5626256e+00 2.7856564e+00 1.4624377e+00 1.9135479e+00 2.0574299e+00 2.8663300e+00 2.2028707e+00 8.8206975e-04 5.8395253e-04 0.0000000e+00 0.0000000e+00 0.0000000e+00 0.0000000e+00 0.0000000e+00 0.0000000e+00 0.0000000e+00 0.0000000e+00 0.0000000e+00 0.0000000e+00 0.0000000e+00 0.0000000e+00 0.0000000e+00 0.0000000e+00 0.0000000e+00 0.0000000e+00 0.0000000e+00 0.0000000e+00 0.0000000e+00 0.0000000e+00 0.0000000e+00 0.0000000e+00 0.0000000e+00 0.0000000e+00 0.0000000e+00 0.0000000e+00 0.0000000e+00 0.0000000e+00 0.0000000e+00 0.0000000e+00 0.0000000e+00 0.0000000e+00 0.0000000e+00 0.0000000e+00 0.0000000e+00 0.0000000e+00 0.0000000e+00 0.0000000e+00
2.3746728e+00 1.0634129e+00 1.9158519e+00 1.7420441e+00 2.8298386e+00 2.9657565e+00 2.8891544e+00 2.8855364e+00 2.8994070e+00 1.9637297e+00 9.9819721e-04 8.7839071e-04 0.0000000e+00 0.0000000e+00 0.0000000e+00 0.0000000e+00 0.0000000e+00 0.0000000e+00 0.0000000e+00 0.0000000e+00 0.0000000e+00 0.0000000e+00 0.0000000e+00 0.0000000e+00 0.0000000e+00 0.0000000e+00 0.0000000e+00 0.0000000e+00 0.0000000e+00 0.0000000e+00 0.0000000e+00 0.0000000e+00 0.0000000e+00 0.0000000e+00 0.0000000e+00 0.0000000e+00 0.0000000e+00 0.0000000e+00 0.0000000e+00 0.0000000e+00 0.0000000e+00 0.0000000e+00 0.0000000e+00 0.0000000e+00 0.0000000e+00 9.9969551e-04 0.0000000e+00 0.0000000e+00 9.9632269e-04 9.9975429e-04
2.6418698e+00 2.4232255e+00 2.6064529e+00 2.5504174e+00 2.8633468e+00 2.9635967e+00 2.9923706e+00 3.0286476e+00 2.8055521e+00 1.2399360e+00 4.4336304e-01 9.7704237e-04 9.9958831e-04 3.3230031e-03 1.1345774e-01 6.4576387e-02 9.8705003e-04 9.9075898e-04 8.8111071e-04 9.2954551e-04 9.5040976e-04 9.8524701e-04 0.0000000e+00 0.0000000e+00 0.0000000e+00 0.0000000e+00 0.0000000e+00 0.0000000e+00 0.0000000e+00 0.0000000e+00 0.0000000e+00 0.0000000e+00 0.0000000e+00 0.0000000e+00 0.0000000e+00 0.0000000e+00 0.0000000e+00 0.0000000e+00 0.0000000e+00 0.0000000e+00 0.0000000e+00 0.0000000e+00 0.0000000e+00 0.0000000e+00 9.9979242e-04 9.9688757e-04 9.9848744e-04 9.8613259e-04 9.9756050e-04 9.9947222e-04
3.5076143e+00 2.7639896e+00 2.6371924e+00 2.7170342e+00 2.8899428e+00 3.0979160e+00 3.2043252e+00 3.2513974e+00 3.1392039e+00 2.8029445e+00 2.5462558e+00 2.3720233e+00 2.2739203e+00 2.3507727e+00 2.5307357e+00 2.3615915e+00 2.3990056e+00 2.3726953e+00 2.0804266e+00 1.6877045e+00 1.2883778e+00 6.3947848e-02 9.9140143e-04 8.6324815e-04 9.5463979e-04 9.0063514e-04 0.0000000e+00 0.0000000e+00 0.0000000e+00 0.0000000e+00 0.0000000e+00 0.0000000e+00 0.0000000e+00 0.0000000e+00 0.0000000e+00 0.0000000e+00 0.0000000e+00 0.0000000e+00 0.0000000e+00 0.0000000e+00 0.0000000e+00 0.0000000e+00 0.0000000e+00 9.9482613e-04 9.9870596e-04 9.9754497e-04 8.2737234e-03 9.9838780e-04 9.9319418e-04 9.9898683e-04
4.5673061e+00 3.2876310e+00 2.5222966e+00 2.7198085e+00 3.0424629e+00 3.3990945e+00 3.6097357e+00 3.6626068e+00 3.6080632e+00 3.4640790e+00 3.2855690e+00 3.1708940e+00 3.0577336e+00 2.9944995e+00 2.5827508e+00 1.6680283e+00 2.5324230e+00 2.7337117e+00 2.6598520e+00 2.5221645e+00 2.5615403e+00 2.1661542e+00 2.0692599e+00 1.3805684e+00 2.0236270e+00 8.9370177e-04 9.9498809e-04 0.0000000e+00 0.0000000e+00 0.0000000e+00 0.0000000e+00 0.0000000e+00 0.0000000e+00 0.0000000e+00 0.0000000e+00 0.0000000e+00 0.0000000e+00 0.0000000e+00 0.0000000e+00 0.0000000e+00 0.0000000e+00 0.0000000e+00 3.7113552e-06 9.9419864e-04 9.9747937e-04 9.8366817e-04 7.1629200e-04 9.9997198e-04 9.8924549e-04 9.6259031e-04
5.7639644e+00 3.8368330e+00 2.5049447e+00 1.9856402e+00 2.7093268e+00 4.0379769e+00 4.2472406e+00 4.2876400e+00 4.1900033e+00 3.9561521e+00 3.6720224e+00 3.3860602e+00 3.1372439e+00 2.9558637e+00 2.1365180e+00 1.5227486e+00 2.0323456e+00 2.5599023e+00 2.0764590e+00 2.1473403e+00 2.2440303e+00 1.8297648e+00 2.3712163e+00 2.3201621e+00 2.4247643e+00 2.3930399e+00 1.0645769e+00 9.9929780e-04 9.5092692e-04 0.0000000e+00 0.0000000e+00 0.0000000e+00 0.0000000e+00 0.0000000e+00 0.0000000e+00 0.0000000e+00 0.0000000e+00 0.0000000e+00 0.0000000e+00 0.0000000e+00 0.0000000e+00 0.0000000e+00 9.7540778e-04 9.9240860e-04 9.7476642e-04 8.4804774e-04 9.8666792e-04 9.9343541e-04 9.9595614e-04 9.8646664e-04
7.9423829e+00 5.3522749e+00 3.0514186e+00 2.3785611e+00 3.9212069e+00 4.9928272e+00 5.1097085e+00 5.0988097e+00 4.9284148e+00 4.5979140e+00 4.2113325e+00 3.7601167e+00 3.3501822e+00 3.0685531e+00 2.6577009e+00 2.0767052e+00 2.6579311e+00 2.7869825e+00 2.5128509e+00 2.3182107e+00 2.5833133e+00 2.3128541e+00 2.3810554e+00 2.3315432e+00 2.4179696e+00 2.6301209e+00 1.4072403e+00 1.8218916e+00 9.0466332e-02 9.6772493e-04 8.3663426e-04 0.0000000e+00 0.0000000e+00 0.0000000e+00 0.0000000e+00 0.0000000e+00 0.0000000e+00 0.0000000e+00 0.0000000e+00 9.9876021e-04 9.9952697e-04 0.0000000e+00 9.8455479e-04 9.6162352e-04 1.2014696e-01 1.0318863e-01 6.1892225e-02 9.9910873e-04 1.7440099e-01 1.1246958e-01
9.8187936e+00 7.9964001e+00 7.1139688e+00 5.5542872e+00 6.1794227e+00 6.0651258e+00 6.0183350e+00 5.8884967e+00 5.5976979e+00 5.1857955e+00 4.6633551e+00 4.0662147e+00 3.5038167e+00 3.1354723e+00 2.7512056e+00 1.9462553e+00 2.7122684e+00 2.7661761e+00 3.0924518e+00 2.8870561e+00 2.3298301e+00 2.3960440e+00 1.7628254e+00 2.2146234e+00 1.8983852e+00 1.5422298e+00 2.1634107e+00 2.3688662e+00 2.5395716e+00 1.1440519e+00 8.3698786e-04 8.1798794e-04 0.0000000e+00 0.0000000e+00 0.0000000e+00 0.0000000e+00 9.9959158e-04 9.9884596e-04 9.9882070e-04 9.9586693e-04 9.9996703e-04 9.8721785e-04 9.8211491e-04 9.8165058e-04 2.4630110e-01 3.7264272e-01 2.3713721e-01 1.4242493e-01 3.1098798e-01 3.0099289e-01
1.0378828e+01 9.7144381e+00 9.6594815e+00 8.1412940e+00 8.4184450e+00 7.5280286e+00 7.1703847e+00 6.8925531e+00 6.5181645e+00 5.9869569e+00 5.2398939e+00 4.4080442e+00 3.6571194e+00 3.0009686e+00 2.5371463e+00 2.3985122e+00 2.4938520e+00 2.5948163e+00 3.0939120e+00 2.5412752e+00 1.7563426e+00 2.4759882e+00 2.5016253e+00 2.5222333e+00 2.1913983e+00 2.4258050e+00 2.3169990e+00 2.2534835e+00 2.3292947e+00 2.8193229e+00 1.8301342e+00 2.6846839e-02 7.6359624e-04 9.4286185e-04 8.8507855e-04 9.9044681e-04 9.7103878e-04 9.9921124e-04 9.9876747e-04 9.9614498e-04 9.9603983e-04 9.9413583e-04 2.6294217e-03 2.4249642e-03 4.6267351e-02 9.9455118e-02 3.6406779e-01 2.3901024e-01 5.2066125e-01 7.7175726e-01
1.1079793e+01 1.0848961e+01 1.0558723e+01 9.9959535e+00 9.5250788e+00 8.8871751e+00 8.4901740e+00 8.0978349e+00 7.8288728e+00 7.2683676e+00 6.0859245e+00 4.8035549e+00 3.9259597e+00 3.2160254e+00 2.6397961e+00 2.5083429e+00 2.4092022e+00 2.5048920e+00 3.7272244e-01 1.0080413e+00 2.5291037e+00 2.3953854e+00 2.6396771e+00 2.4661404e+00 1.3345161e+00 2.1904401e+00 2.5032372e+00 2.2673753e+00 2.3628678e+00 1.3797629e+00 2.8343769e+00 2.8706021e+00 2.1021951e+00 3.7413355e-02 8.7323489e-04 9.5303444e-04 9.5064136e-04 9.8569964e-04 9.7633673e-04 9.9554779e-04 9.9284974e-04 5.4702994e-02 1.5641765e-03 9.6186256e-04 9.8423250e-04 9.9312141e-04 9.4709900e-04 9.2178363e-04 3.5879624e-01 2.5494203e-01
1.1061403e+01 1.0966170e+01 1.0772977e+01 1.0364799e+01 9.9211078e+00 9.3897312e+00 8.9827680e+00 8.8433577e+00 8.7512677e+00 8.2756073e+00 6.8633176e+00 5.0553802e+00 4.2957354e+00 3.7273559e+00 2.7655147e+00 1.7533211e+00 2.6075940e+00 2.5644479e+00 2.7163823e+00 2.6890856e+00 2.8844096e+00 2.7211010e+00 2.9567354e+00 2.5219152e+00 5.5678294e-05 1.1809575e+00 2.5032141e+00 2.3260788e+00 2.4157784e+00 2.6364211e+00 2.8225305e+00 3.0497070e+00 3.1078415e+00 2.8065854e+00 2.6712293e+00 2.0291321e+00 1.1062910e+00 8.2070319e-04 9.1363091e-04 4.0578579e-04 9.9402977e-04 9.9375183e-04 1.0012969e-03 9.9746780e-04 9.8989610e-04 9.8123988e-04 9.4210249e-04 8.7964982e-04 9.7022452e-04 9.7688293e-04
1.0904712e+01 1.0757347e+01 1.0636105e+01 1.0374405e+01 1.0064637e+01 9.6974279e+00 9.4059318e+00 9.2239908e+00 9.0406098e+00 8.5636176e+00 7.3755765e+00 5.3765074e+00 5.2464016e+00 5.0325498e+00 3.4316360e+00 2.9551758e+00 3.4154549e+00 3.5632053e+00 3.7467673e+00 3.5358765e+00 3.2478068e+00 3.0012081e+00 2.8719901e+00 2.8036517e+00 5.5478326e-01 2.0129494e+00 1.8700148e+00 2.6540115e+00 2.6836454e+00 2.5712823e+00 2.1296179e+00 2.9402141e+00 3.0452312e+00 3.1264005e+00 3.1846202e+00 3.1914214e+00 2.7756618e+00 2.3095741e+00 2.3753824e+00 3.9850955e-01 9.3616618e-04 9.7708189e-04 9.9759112e-04 9.9950060e-04 9.9814541e-04 9.9857304e-04 9.9817081e-04 9.6829180e-04 9.8314220e-04 9.9251549e-04
1.0816913e+01 1.0493917e+01 1.0441039e+01 1.0368715e+01 1.0152608e+01 9.8987080e+00 9.6314229e+00 9.4503458e+00 9.2025941e+00 8.7370392e+00 7.8083226e+00 6.8764717e+00 7.2975942e+00 7.8853124e+00 6.3756494e+00 5.3868176e+00 5.2857635e+00 5.1528882e+00 4.8133970e+00 4.4393925e+00 3.9298829e+00 3.3377186e+00 2.8066212e+00 2.4396198e+00 2.4627145e+00 2.6747484e+00 1.9402708e+00 2.7744367e+00 2.7036613e+00 1.9024162e+00 2.5387870e+00 2.9320538e+00 2.9376243e+00 2.9107846e+00 2.8374724e+00 2.7374913e+00 2.6006686e+00 2.8151178e+00 2.9473065e+00 2.1576159e+00 2.0664094e+00 8.7711756e-04 8.6193336e-04 9.9836578e-04 9.9774880e-04 9.9925733e-04 9.9879861e-04 9.9866229e-04 9.9866510e-04 9.9620669e-04
1.0814184e+01 1.0311932e+01 1.0471099e+01 1.0425596e+01 1.0199478e+01 1.0015293e+01 9.8097870e+00 9.6251278e+00 9.3716870e+00 9.0001978e+00 8.4943075e+00 8.1339732e+00 8.3586128e+00 8.4483161e+00 7.5748834e+00 7.1896567e+00 7.1336370e+00 6.7138214e+00 6.1536673e+00 5.3998099e+00 4.6307888e+00 3.8766480e+00 3.1807199e+00 2.7289925e+00 2.5696491e+00 2.8465354e+00 2.1145928e+00 2.1911500e+00 2.4050231e+00 2.3349506e+00 2.6613116e+00 2.7402090e+00 2.7709583e+00 2.7373367e+00 2.6709361e+00 2.5690320e+00 2.5299607e+00 2.6807744e+00 2.9249079e+00 2.6677390e+00 2.1191454e+00 1.6699165e+00 9.9836284e-02 8.1416309e-04 0.0000000e+00 0.0000000e+00 9.9749328e-04 9.9946624e-04 9.9946535e-04 9.9999585e-04
1.0872710e+01 1.0447279e+01 1.0304969e+01 1.0297935e+01 1.0364545e+01 1.0112020e+01 9.9813334e+00 9.7818299e+00 9.5414350e+00 9.2621130e+00 8.9579692e+00 8.7562192e+00 8.7387045e+00 8.5979553e+00 8.1157951e+00 7.9241431e+00 7.9419880e+00 7.6141090e+00 7.1963077e+00 6.3921881e+00 5.4483763e+00 4.3888793e+00 3.6714426e+00 3.1052384e+00 1.9817072e+00 2.5120887e+00 2.4635948e+00 2.0936129e+00 1.5760183e+00 2.2402062e+00 2.4897613e+00 2.6085913e+00 2.6779901e+00 2.5943613e+00 2.5397308e+00 2.5218713e+00 2.5454887e+00 2.6667131e+00 2.8717711e+00 2.8424121e+00 2.4036522e+00 2.7848787e+00 1.9814728e+00 8.2672824e-04 0.0000000e+00 0.0000000e+00 8.6781785e-04 9.7570967e-04 0.0000000e+00 0.0000000e+00
1.1268319e+01 9.7204529e+00 1.0253976e+01 9.9302703e+00 1.0544438e+01 1.0169887e+01 1.0080878e+01 9.9063424e+00 9.6883427e+00 9.4487623e+00 9.2169138e+00 9.0400416e+00 8.9296620e+00 8.7801477e+00 8.5130925e+00 8.3215367e+00 8.2002628e+00 7.9282142e+00 7.4969226e+00 7.1347308e+00 6.2145460e+00 4.7465093e+00 3.9758080e+00 3.3716288e+00 2.6481906e+00 2.1827972e+00 2.2883268e+00 2.7711917e+00 2.3600246e+00 2.4073599e+00 2.4901155e+00 2.6061203e+00 2.7487462e+00 2.5448414e+00 2.4632228e+00 2.4722749e+00 2.5212359e+00 2.6301874e+00 2.7400516e+00 2.8440948e+00 2.7911292e+00 2.9787997e+00 1.8966600e+00 9.3874959e-04 8.8458379e-04 9.6315078e-04 9.1800652e-04 9.6592503e-04 9.9061204e-04 0.0000000e+00
1.2013410e+01 1.1336696e+01 1.0857698e+01 1.0406562e+01 1.0382149e+01 1.0401344e+01 1.0237721e+01 1.0142472e+01 9.9696494e+00 9.7508551e+00 9.5310188e+00 9.3338334e+00 9.1543967e+00 8.9366325e+00 8.6880092e+00 8.4630915e+00 8.2564539e+00 7.9630380e+00 7.4950441e+00 6.8386310e+00 5.8591624e+00 4.9369724e+00 4.1844522e+00 3.6609176e+00 3.0756178e+00 2.3109932e+00 2.7509757e+00 2.7764731e+00 2.8596225e+00 2.5317299e+00 2.5318344e+00 2.8954500e+00 1.2448782e+00 1.1643038e+00 2.3454008e+00 2.3638723e+00 2.4478926e+00 2.5357383e+00 2.5812502e+00 2.6106379e+00 2.6013127e+00 1.6205444e+00 5.8153220e-04 4.8565516e-01 1.8147456e+00 9.4548804e-01 9.8949647e-04 8.9309291e-04 8.6891114e-04 9.9040996e-04
