ahotovec/topo.asc
ncols     164
nrows     146
xllcorner -1.242151388888889e+02
yllcorner  4.172986111111111e+01
cellsize  2.777777777820000e-04
nodata_value       -9999
[rows 66 to 87 of 146, columns 0 to 48 of 164]
1.3714671e+00 1.5981768e+00 2.2619882e+00 2.8378946e+00 4.1408115e+00 7.5982185e+00 1.3122891e+01 1.5460264e+01 1.5680431e+01 1.5621587e+01 1.5408012e+01 1.5204058e+01 1.4505147e+01 1.4044078e+01 1.3890619e+01 1.3621035e+01 1.3414870e+01 1.2931478e+01 1.2995571e+01 1.2816736e+01 1.2387359e+01 1.2254750e+01 1.2720388e+01 1.2126784e+01 1.1935532e+01 1.1995831e+01 1.2111604e+01 1.2163220e+01 1.2316577e+01 1.2343521e+01 1.1989403e+01 1.1509935e+01 1.1173715e+01 1.0481069e+01 1.0044440e+01 9.8662050e+00 9.6382854e+00 9.3490478e+00 9.1616186e+00 8.9567323e+00 8.4169734e+00 7.9744812e+00 7.7296049e+00 7.5548794e+00 7.4293591e+00 7.4513464e+00 7.5386647e+00 7.5549578e+00 7.3188390e+00
1.7405457e+00 1.6071138e+00 1.0351904e+00 1.1147976e+00 1.5731674e+00 3.6728577e+00 7.1837032e+00 1.1788982e+01 1.4009434e+01 1.4995471e+01 1.5107481e+01 1.5209925e+01 1.4985352e+01 1.5057226e+01 1.3991553e+01 1.3843755e+01 1.3541358e+01 1.3324010e+01 1.3093889e+01 1.2872432e+01 1.2083117e+01 1.1772477e+01 1.2128310e+01 1.2076459e+01 1.1726511e+01 1.1670751e+01 1.1788239e+01 1.1929374e+01 1.2472837e+01 1.3354034e+01 1.2043229e+01 1.1674276e+01 1.1403845e+01 1.1065528e+01 1.0382384e+01 9.7913808e+00 9.5626239e+00 9.2226885e+00 9.8581404e+00 9.2877153e+00 8.3727753e+00 7.8182363e+00 7.4289463e+00 7.2016128e+00 7.1616291e+00 7.1929354e+00 7.3200290e+00 7.4687221e+00 7.2636150e+00
1.8274471e+00 1.3378847e+00 2.5122994e-02 -6.8891198e-01 -9.3980611e-01 -6.2932844e-01 1.6757102e-01 2.0746738e+00 5.9691281e+00 8.7513676e+00 9.4642135e+00 1.3550898e+01 1.4704756e+01 1.4796027e+01 1.4510737e+01 1.3951474e+01 1.3550904e+01 1.3040880e+01 1.2741339e+01 1.2486683e+01 1.2427067e+01 1.1593984e+01 1.1544384e+01 1.1637568e+01 1.1501169e+01 1.1376069e+01 1.1021985e+01 1.1146287e+01 1.1530004e+01 1.1522371e+01 1.1579658e+01 1.1498836e+01 1.1666100e+01 1.2175607e+01 1.0676502e+01 9.6786381e+00 9.3612618e+00 8.9266328e+00 9.9220910e+00 9.7755017e+00 8.5371828e+00 7.8026350e+00 7.3553980e+00 7.1315564e+00 7.4077724e+00 7.2931453e+00 6.8259051e+00 7.1849161e+00 6.6706167e+00
1.8352156e+00 -2.1563983e-01 -2.2426492e+00 -2.5084788e+00 -2.5598124e+00 -2.6117730e+00 -2.1128287e+00 -1.1676383e+00 -3.2633110e-01 -4.4095036e-03 2.4415452e+00 6.2887616e+00 1.3320065e+01 1.4445663e+01 1.4180967e+01 1.3979279e+01 1.3308231e+01 1.2896679e+01 1.2605729e+01 1.2579605e+01 1.2225850e+01 1.1472328e+01 1.1129806e+01 1.1183440e+01 1.1381294e+01 1.1905085e+01 1.0827924e+01 1.0674340e+01 1.0741901e+01 1.0904737e+01 1.1096945e+01 1.1075326e+01 1.0919776e+01 1.1596577e+01 1.0313648e+01 1.0191594e+01 9.8787738e+00 8.7814755e+00 8.5601916e+00 8.7216609e+00 7.9008269e+00 7.6427289e+00 7.0967157e+00 6.9981593e+00 7.7295965e+00 7.1596928e+00 6.5309574e+00 6.2440324e+00 6.2864038e+00
2.5772297e-01 -2.4383198e+00 -2.6215043e+00 -2.7551221e+00 -2.8135053e+00 -2.7412772e+00 -2.3211008e+00 -1.9403380e+00 -2.6478266e+00 -2.0969672e+00 -3.2608908e-01 2.6218353e+00 1.2945244e+01 1.4209586e+01 1.4153395e+01 1.3727329e+01 1.3412200e+01 1.2900088e+01 1.2503125e+01 1.2384302e+01 1.2009518e+01 1.1520262e+01 1.1229501e+01 1.0697148e+01 1.0624200e+01 1.0520907e+01 1.0574564e+01 1.0467468e+01 1.0283164e+01 1.0331635e+01 1.0390486e+01 1.0525238e+01 1.0330655e+01 1.0343321e+01 1.0839906e+01 1.0573388e+01 1.0080449e+01 8.8060736e+00 8.1959328e+00 7.7890936e+00 7.9170545e+00 8.2587822e+00 7.1308142e+00 6.3958282e+00 6.3134387e+00 6.4122365e+00 6.1392772e+00 6.0580095e+00 5.9220124e+00
-2.3703155e+00 -5.9439860e-01 -1.6609396e+00 -2.6442659e+00 -2.8272559e+00 -1.5041613e+00 -1.9313801e+00 -2.0763175e+00 -2.8922925e+00 -2.2369405e+00 1.0023131e-01 6.9656564e+00 1.4124668e+01 1.3944959e+01 1.3684382e+01 1.3387823e+01 1.3110436e+01 1.2902931e+01 1.3945469e+01 1.3095512e+01 1.3467776e+01 1.2751894e+01 1.1063353e+01 1.0509085e+01 1.0108862e+01 1.0209273e+01 1.0580935e+01 1.0653267e+01 1.0309676e+01 9.8869256e+00 9.8567432e+00 9.8664299e+00 1.0006785e+01 1.0078734e+01 9.9199801e+00 9.8230761e+00 9.3309396e+00 8.4361114e+00 7.9126874e+00 7.3042923e+00 7.8135650e+00 1.0047280e+01 8.1055666e+00 6.1943643e+00 5.7009544e+00 5.7509490e+00 6.5421572e+00 8.0094939e+00 5.8039993e+00
-2.4712509e+00 -1.2360282e+00 -1.9966255e+00 -1.8096717e+00 -2.8549434e+00 -2.9658953e+00 -2.8855302e+00 -2.8788617e+00 -2.8927410e+00 -1.9696326e+00 8.0783992e-01 6.9348615e+00 9.7082933e+00 9.2559563e+00 7.8963321e+00 9.0188278e+00 1.0463017e+01 1.0821916e+01 1.1862193e+01 1.2044558e+01 1.1730151e+01 1.1083933e+01 1.0386407e+01 1.0090932e+01 1.0146011e+01 9.6042281e+00 9.9366462e+00 9.9836483e+00 9.6186439e+00 9.6298952e+00 9.5671365e+00 9.4663635e+00 9.5506642e+00 9.7293885e+00 9.4721748e+00 9.4108826e+00 8.9235012e+00 8.3382906e+00 7.6986750e+00 7.0398534e+00 6.5471174e+00 7.5321679e+00 6.1673818e+00 5.6778318e+00 5.3501366e+00 4.9493848e+00 5.5504555e+00 6.3218707e+00 5.0504059e+00
-2.7250071e+00 -2.5130102e+00 -2.6608288e+00 -2.5803402e+00 -2.8751119e+00 -2.9471751e+00 -2.9757043e+00 -3.0077950e+00 -2.7809712e+00 -1.2272744e+00 -3.8355166e-01 1.7274659e-01 3.4184143e-01 -1.8913675e-03 -2.5325971e-01 -2.2179856e-01 2.7273720e-01 7.6545428e-01 2.0025191e+00 4.9678157e+00 7.0264191e+00 7.5115404e+00 7.8830725e+00 8.3531498e+00 9.2644606e+00 8.9453499e+00 9.1268185e+00 9.2638248e+00 9.5056066e+00 9.6580596e+00 9.4536044e+00 9.2830384e+00 9.2224819e+00 9.3170545e+00 9.5812787e+00 9.0630896e+00 8.7645631e+00 9.0311637e+00 7.9260148e+00 6.9706907e+00 6.4032333e+00 5.9548510e+00 5.7370449e+00 5.3069310e+00 4.9545549e+00 4.5977015e+00 4.2110921e+00 4.4758616e+00 4.4929270e+00
-3.5298915e+00 -2.8139235e+00 -2.6731577e+00 -2.7265202e+00 -2.8810470e+00 -3.0715740e+00 -3.1750453e+00 -3.2176152e+00 -3.1046728e+00 -2.7826949e+00 -2.5035473e+00 -2.3597016e+00 -2.2815297e+00 -2.3722745e+00 -2.5708669e+00 -2.4190706e+00 -2.4213972e+00 -2.3910222e+00 -2.0977820e+00 -1.7070206e+00 -1.3217929e+00 -1.8932103e-01 6.5255511e-01 1.8711040e+00 2.8497938e+00 4.9695199e+00 9.6186860e+00 9.4829257e+00 9.5241860e+00 9.7157621e+00 9.4912551e+00 9.2588933e+00 9.0554053e+00 9.4512506e+00 8.9020410e+00 8.4046992e+00 8.4223372e+00 8.0824473e+00 7.5635042e+00 7.6342975e+00 7.8342166e+00 6.1286752e+00 5.1607206e+00 4.9391049e+00 4.4908909e+00 4.2744398e+00 4.0419618e+00 4.0476232e+00 4.1535565e+00
-4.5449052e+00 -3.2881286e+00 -2.5390170e+00 -2.7089618e+00 -3.0046283e+00 -3.3480528e+00 -3.5585797e+00 -3.6112157e+00 -3.5583968e+00 -3.4254355e+00 -3.2407044e+00 -3.1298079e+00 -3.0308065e+00 -2.9784460e+00 -2.5983386e+00 -1.7293604e+00 -2.5413095e+00 -2.7416834e+00 -2.6791871e+00 -2.5473436e+00 -2.5891674e+00 -2.2090331e+00 -2.0921206e+00 -1.3917074e+00 -2.0335781e+00 4.1374115e-02 2.4065053e+00 8.5652840e+00 9.1114343e+00 9.1194172e+00 9.0984973e+00 9.8863705e+00 9.5178478e+00 8.8627801e+00 9.1617524e+00 7.9979723e+00 7.5016727e+00 7.2303267e+00 7.1004035e+00 8.0498040e+00 9.1246007e+00 6.1219018e+00 4.7732581e+00 4.3690589e+00 4.2015696e+00 4.5003610e+00 4.3210869e+00 3.5250135e+00 3.7197112e+00
-5.7040019e+00 -3.7887156e+00 -2.4704141e+00 -1.9692073e+00 -2.6467579e+00 -3.9617891e+00 -4.1740445e+00 -4.2164366e+00 -4.1218805e+00 -3.9070780e+00 -3.6184904e+00 -3.3397025e+00 -3.1022671e+00 -2.9268870e+00 -2.1397658e+00 -1.5735442e+00 -2.0474063e+00 -2.5681297e+00 -2.1076812e+00 -2.1799568e+00 -2.2804898e+00 -1.8804562e+00 -2.4093301e+00 -2.3405339e+00 -2.4385715e+00 -2.3896201e+00 -1.0779063e+00 1.6365530e+00 4.5885669e+00 7.9104275e+00 8.8694160e+00 9.8132325e+00 9.9072012e+00 8.8223073e+00 8.0381866e+00 7.6497424e+00 7.2692897e+00 7.3901149e+00 6.9487743e+00 6.8913056e+00 7.3153863e+00 5.6523773e+00 5.1495259e+00 4.1443259e+00 3.5820189e+00 3.8735756e+00 3.3637950e+00 3.3176366e+00 3.2459797e+00
-7.8572945e+00 -5.2674170e+00 -2.9776826e+00 -2.3121403e+00 -3.8350786e+00 -4.8971079e+00 -5.0133061e+00 -5.0031287e+00 -4.8364314e+00 -4.5257476e+00 -4.1372630e+00 -3.6991896e+00 -3.3047357e+00 -3.0343085e+00 -2.6436856e+00 -2.1012078e+00 -2.6590763e+00 -2.7955480e+00 -2.5479521e+00 -2.3703836e+00 -2.6257513e+00 -2.3605057e+00 -2.4281044e+00 -2.3609932e+00 -2.4461992e+00 -2.6436457e+00 -1.4314925e+00 -1.8447563e+00 -2.1318336e-01 2.4461158e+00 5.0967492e+00 8.3653178e+00 8.7963491e+00 8.4352546e+00 8.2746646e+00 7.6436974e+00 7.3084213e+00 7.5710490e+00 7.6472936e+00 5.8846045e+00 5.8207598e+00 6.8011706e+00 6.0057779e+00 3.9485592e+00 2.9852961e+00 2.9988766e+00 3.0376448e+00 3.1061458e+00 2.9202583e+00
-9.7160845e+00 -7.8856152e+00 -6.9966373e+00 -5.4328758e+00 -6.0601173e+00 -5.9447119e+00 -5.8971656e+00 -5.7695237e+00 -5.4837276e+00 -5.0913208e+00 -4.5685656e+00 -3.9858814e+00 -3.4386854e+00 -3.0838375e+00 -2.7188204e+00 -1.9664007e+00 -2.7160433e+00 -2.7758383e+00 -3.1272007e+00 -2.9186581e+00 -2.3731169e+00 -2.4386832e+00 -1.8385366e+00 -2.2739046e+00 -1.9768209e+00 -1.5899606e+00 -2.1855076e+00 -2.3735533e+00 -2.5352528e+00 -1.1093158e+00 1.0994576e+00 5.0860099e+00 7.8774245e+00 8.3547006e+00 8.9159136e+00 7.7436011e+00 6.9573447e+00 6.6034148e+00 6.4107932e+00 5.2905390e+00 5.1733479e+00 5.3795091e+00 4.9184266e+00 3.5221772e+00 2.8575225e+00 2.7274869e+00 2.8602298e+00 2.9497250e+00 2.7773224e+00
-1.0259927e+01 -9.5875310e+00 -9.5256662e+00 -8.0018114e+00 -8.2771104e+00 -7.3846545e+00 -7.0267947e+00 -6.7505726e+00 -6.3811746e+00 -5.8673947e+00 -5.1215572e+00 -4.3053607e+00 -3.5681305e+00 -2.9331437e+00 -2.4964638e+00 -2.3811035e+00 -2.4951322e+00 -2.6231722e+00 -3.1733187e+00 -2.5632414e+00 -1.8189708e+00 -2.5440340e+00 -2.5855905e+00 -2.6264004e+00 -2.3587295e+00 -2.4861736e+00 -2.3441640e+00 -2.2301633e+00 -2.2717166e+00 -2.7391387e+00 -1.7455989e+00 5.7356169e-02 2.2520949e+00 4.8486190e+00 5.6448290e+00 6.3533855e+00 7.0405592e+00 6.3384708e+00 6.0700431e+00 5.4668384e+00 4.6131719e+00 4.3430036e+00 3.5144355e+00 3.1242323e+00 3.0578849e+00 3.0006270e+00 2.7331754e+00 2.8553352e+00 2.5710486e+00
-1.0943913e+01 -1.0706235e+01 -1.0410386e+01 -9.8417158e+00 -9.3679052e+00 -8.7263823e+00 -8.3280749e+00 -7.9363883e+00 -7.6706203e+00 -7.1245559e+00 -5.9411630e+00 -4.6707318e+00 -3.8043093e+00 -3.1139548e+00 -2.5690967e+00 -2.4450749e+00 -2.3439742e+00 -2.4565095e+00 -4.0683147e-01 -1.1922332e+00 -2.6577274e+00 -2.5319424e+00 -2.7563762e+00 -2.6142322e+00 -1.5983361e+00 -2.2830018e+00 -2.5517106e+00 -2.2561038e+00 -2.2966656e+00 -1.3008912e+00 -2.6761219e+00 -2.6812369e+00 -1.9421179e+00 1.2916127e-01 1.3046948e+00 2.5207801e+00 4.8397246e+00 4.8421416e+00 5.2177005e+00 4.4197406e+00 3.7753579e+00 3.6209302e+00 3.6713037e+00 3.7254009e+00 3.6617888e+00 3.6850035e+00 3.3993734e+00 3.0969242e+00 2.7317631e+00
-1.0911478e+01 -1.0810442e+01 -1.0612195e+01 -1.0199068e+01 -9.7514239e+00 -9.2162579e+00 -8.8072731e+00 -8.6670899e+00 -8.5760713e+00 -8.1120341e+00 -6.6955334e+00 -4.8956105e+00 -4.1424615e+00 -3.5867615e+00 -2.6562157e+00 -1.7052044e+00 -2.5284738e+00 -2.5063406e+00 -2.6446089e+00 -2.6840399e+00 -2.9090617e+00 -2.7411068e+00 -2.9468077e+00 -2.5377443e+00 1.7743135e+00 -1.3720073e+00 -2.5981035e+00 -2.3397711e+00 -2.3656284e+00 -2.5077947e+00 -2.6422712e+00 -2.8169391e+00 -2.8519918e+00 -2.5277866e+00 -2.3824959e+00 -1.7409063e+00 -8.0939100e-01 7.3026483e-01 2.3758093e+00 3.5651584e+00 4.0447462e+00 4.0746090e+00 3.9321276e+00 4.3456599e+00 4.6408019e+00 4.5900003e+00 4.5590326e+00 3.7183987e+00 3.2388551e+00
-1.0743135e+01 -1.0591163e+01 -1.0465210e+01 -1.0199305e+01 -9.8851747e+00 -9.5142742e+00 -9.2201957e+00 -9.0369242e+00 -8.8538304e+00 -8.3854503e+00 -7.1908267e+00 -5.1959322e+00 -5.0662697e+00 -4.8586118e+00 -3.2802143e+00 -2.8232275e+00 -3.2993707e+00 -3.4565852e+00 -3.6448849e+00 -3.4690453e+00 -3.2176306e+00 -2.9868427e+00 -2.8597025e+00 -2.7694290e+00 -5.8305407e-01 -2.1578267e+00 -1.9279811e+00 -2.6448299e+00 -2.6439502e+00 -2.4617333e+00 -1.9590715e+00 -2.6948526e+00 -2.7785639e+00 -2.8240528e+00 -2.8586862e+00 -2.8731690e+00 -2.4842046e+00 -2.0514892e+00 -2.1330450e+00 -1.9205999e-01 1.9076976e+00 4.0318777e+00 4.8297865e+00 5.1113613e+00 5.5566801e+00 5.8376919e+00 5.9334676e+00 6.2877141e+00 4.7783746e+00
-1.0646670e+01 -1.0319470e+01 -1.0262349e+01 -1.0186309e+01 -9.9657942e+00 -9.7083472e+00 -9.4382245e+00 -9.2553137e+00 -9.0075649e+00 -8.5491316e+00 -7.6129302e+00 -6.6812563e+00 -7.1030619e+00 -7.6913439e+00 -6.1873661e+00 -5.2118974e+00 -5.1230577e+00 -5.0016588e+00 -4.6765080e+00 -4.3217798e+00 -3.8395794e+00 -3.2699791e+00 -2.7615908e+00 -2.4119419e+00 -2.4003888e+00 -2.6662681e+00 -1.9510502e+00 -2.7313589e+00 -2.6423893e+00 -1.8337388e+00 -2.3933810e+00 -2.7320671e+00 -2.6930363e+00 -2.6244693e+00 -2.5382475e+00 -2.4396372e+00 -2.3232028e+00 -2.5319307e+00 -2.6900090e+00 -1.9201226e+00 -1.8454443e+00 3.0823944e-01 4.3247847e+00 6.4410695e+00 6.7514201e+00 6.5155407e+00 6.3520194e+00 6.3129273e+00 5.4812797e+00
-1.0636420e+01 -1.0130779e+01 -1.0285931e+01 -1.0236838e+01 -1.0006387e+01 -9.8186885e+00 -9.6100515e+00 -9.4232672e+00 -9.1696403e+00 -8.8046385e+00 -8.2914458e+00 -7.9302231e+00 -8.1562093e+00 -8.2467766e+00 -7.3751764e+00 -6.9955209e+00 -6.9450446e+00 -6.5341150e+00 -5.9829273e+00 -5.2436525e+00 -4.4926141e+00 -3.7571413e+00 -3.0837533e+00 -2.6603542e+00 -2.5087987e+00 -2.7659221e+00 -2.0534293e+00 -2.1536070e+00 -2.3517412e+00 -2.2459051e+00 -2.5438167e+00 -2.5841527e+00 -2.5733271e+00 -2.5031084e+00 -2.4217199e+00 -2.3143089e+00 -2.2821137e+00 -2.4338959e+00 -2.6942289e+00 -2.4476962e+00 -1.9046213e+00 -1.5045185e+00 3.0208194e-03 4.2110548e+00 7.5676761e+00 7.2274709e+00 6.8467063e+00 6.7186972e+00 6.3656099e+00
-1.0688834e+01 -1.0259911e+01 -1.0114187e+01 -1.0103495e+01 -1.0165510e+01 -9.9095728e+00 -9.7756003e+00 -9.5737916e+00 -9.3330905e+00 -9.0597828e+00 -8.7485960e+00 -8.5464216e+00 -8.5304409e+00 -8.3911444e+00 -7.9105049e+00 -7.7226980e+00 -7.7435032e+00 -7.4209958e+00 -7.0067889e+00 -6.2089534e+00 -5.2759868e+00 -4.2332525e+00 -3.5272291e+00 -2.9790465e+00 -1.9165162e+00 -2.4175365e+00 -2.3502131e+00 -2.0146677e+00 -1.5414961e+00 -2.1658570e+00 -2.4126455e+00 -2.5034773e+00 -2.5404841e+00 -2.4289399e+00 -2.3497383e+00 -2.3190640e+00 -2.3394034e+00 -2.4592220e+00 -2.6714445e+00 -2.6418791e+00 -2.2244497e+00 -2.6091733e+00 -1.8421938e+00 2.1102899e+00 7.3388434e+00 7.1424038e+00 6.2908047e+00 6.9036098e+00 7.0338336e+00
-1.1076737e+01 -9.5277140e+00 -1.0057824e+01 -9.7310895e+00 -1.0340079e+01 -9.9618192e+00 -9.8695639e+00 -9.6925340e+00 -9.4743016e+00 -9.2406139e+00 -9.0025106e+00 -8.8258307e+00 -8.7169907e+00 -8.5689294e+00 -8.3031666e+00 -8.1145895e+00 -7.9959837e+00 -7.7264076e+00 -7.2976530e+00 -6.9380237e+00 -6.0245423e+00 -4.5673805e+00 -3.8032425e+00 -3.2095374e+00 -2.5042836e+00 -2.0690367e+00 -2.1716688e+00 -2.6550111e+00 -2.2817341e+00 -2.3018421e+00 -2.4033423e+00 -2.5142900e+00 -2.6303186e+00 -2.4017032e+00 -2.3097503e+00 -2.3028391e+00 -2.3435888e+00 -2.4497029e+00 -2.5636799e+00 -2.6721226e+00 -2.6388975e+00 -2.8250686e+00 -1.7659339e+00 9.1668190e-01 3.7540596e+00 3.0978717e+00 3.0574246e+00 4.6631381e+00 6.6724339e+00
-1.1812677e+01 -1.1132848e+01 -1.0652512e+01 -1.0198497e+01 -1.0170923e+01 -1.0186229e+01 -1.0019894e+01 -9.9221897e+00 -9.7492660e+00 -9.5362365e+00 -9.3111040e+00 -9.1146573e+00 -8.9369574e+00 -8.7211020e+00 -8.4742848e+00 -8.2515856e+00 -8.0486147e+00 -7.7564102e+00 -7.2906913e+00 -6.6373010e+00 -5.6617880e+00 -4.7428206e+00 -3.9950449e+00 -3.4759885e+00 -2.8983118e+00 -2.1624280e+00 -2.6115125e+00 -2.7093614e+00 -2.7611554e+00 -2.4295309e+00 -2.4685193e+00 -2.8538723e+00 -1.2993534e+00 -1.1980999e+00 -2.2781706e+00 -2.2584942e+00 -2.3116707e+00 -2.3880628e+00 -2.4363220e+00 -2.4853256e+00 -2.5484706e+00 -1.6392571e+00 1.8519094e+00 -2.6772333e-01 -1.5923206e+00 -7.3609657e-01 5.0303051e-01 1.9690418e+00 4.8389070e+00
