ahotovec/topo.asc
ncols     164
nrows     146
xllcorner -1.242151388888889e+02
yllcorner  4.172986111111111e+01
cellsize  2.777777777820000e-04
nodata_value       -9999
[rows 44 to 65 of 146, columns 49 to 97 of 164]
1.1625517e+01 1.1510932e+01 1.1514397e+01 1.1475288e+01 1.1509579e+01 1.1566689e+01 1.1561863e+01 1.1573230e+01 1.1536296e+01 1.1425308e+01 1.0951416e+01 9.1276178e+00 7.9251915e+00 7.7394429e+00 7.1680967e+00 5.7044613e+00 4.2039360e+00 2.8952124e+00 2.2750493e+00 2.2266575e+00 2.2300000e+00 2.2300000e+00 2.2300000e+00 2.2310017e+00 2.2300000e+00 2.2300000e+00 2.2300000e+00 2.2263280e+00 2.2296806e+00 2.2300000e+00 2.2300000e+00 2.2300197e+00 2.2387811e+00 2.3242125e+00 2.4100843e+00 2.4137773e+00 2.4233881e+00 2.3967180e+00 2.3870257e+00 2.3189226e+00 2.0997299e+00 1.9481117e+00 1.9331467e+00 1.9331467e+00 1.9354799e+00 1.9324485e+00 1.9359996e+00 1.9499974e+00 2.1258049e+00
1.1413611e+01 1.1273258e+01 1.1204490e+01 1.1172975e+01 1.1203711e+01 1.1258362e+01 1.1253806e+01 1.1293658e+01 1.1233431e+01 1.0996086e+01 1.0416924e+01 9.4149880e+00 8.7343786e+00 8.6269547e+00 8.4273497e+00 7.4047134e+00 6.0274673e+00 4.5668623e+00 3.0108655e+00 2.2829467e+00 2.2302269e+00 2.2300000e+00 2.2300000e+00 2.2332708e+00 2.2300000e+00 2.2300000e+00 2.2300000e+00 2.2297849e+00 2.2299813e+00 2.2300000e+00 2.2300197e+00 2.2411657e+00 2.3261926e+00 2.4561181e+00 2.5161394e+00 2.5300846e+00 2.5317607e+00 2.5287973e+00 2.5190943e+00 2.4023377e+00 1.9846320e+00 1.9372167e+00 1.9400000e+00 1.9400000e+00 1.9400000e+00 1.9473203e+00 2.0221869e+00 2.1418507e+00 2.2346972e+00
1.1501207e+01 1.1317256e+01 1.1115939e+01 1.1019564e+01 1.0953553e+01 1.0947859e+01 1.0939593e+01 1.0882919e+01 1.0726679e+01 1.0510545e+01 1.0147275e+01 9.7225900e+00 9.3560932e+00 9.0672548e+00 8.8206007e+00 8.5809383e+00 8.1826141e+00 7.5143586e+00 5.9528310e+00 4.0060727e+00 2.8389085e+00 2.3402593e+00 2.2336946e+00 2.2332325e+00 2.2300000e+00 2.2300000e+00 2.2300000e+00 2.2328711e+00 2.2305680e+00 2.2369297e+00 2.2536948e+00 2.3123397e+00 2.4533868e+00 2.5380773e+00 2.5641140e+00 2.5737901e+00 2.5705681e+00 2.5327861e+00 2.3973209e+00 2.1363356e+00 1.9621686e+00 1.9386854e+00 1.9400000e+00 1.9406817e+00 1.9431543e+00 1.9540468e+00 2.0482481e+00 2.2298926e+00 2.2400000e+00
1.1696689e+01 1.1506667e+01 1.1310661e+01 1.1064682e+01 1.0843239e+01 1.0713886e+01 1.0618781e+01 1.0471521e+01 1.0278155e+01 1.0077815e+01 9.8411225e+00 9.5899073e+00 9.3527656e+00 9.1461872e+00 8.9962879e+00 8.8785901e+00 8.7359863e+00 8.5616887e+00 8.1170430e+00 6.6709276e+00 5.5171170e+00 4.2673092e+00 2.8740638e+00 2.2935372e+00 2.2342209e+00 2.2305418e+00 2.2313946e+00 2.2543137e+00 2.2861957e+00 2.3305882e+00 2.3915557e+00 2.4708592e+00 2.5169074e+00 2.5349455e+00 2.5306894e+00 2.5050022e+00 2.4582883e+00 2.3933518e+00 2.2066648e+00 2.1041089e+00 1.9784490e+00 1.9782939e+00 2.0392861e+00 2.0724372e+00 2.1439418e+00 2.1572402e+00 2.2165980e+00 2.2385855e+00 2.2400000e+00
1.1723344e+01 1.1585756e+01 1.1425332e+01 1.1183161e+01 1.0854443e+01 1.0595603e+01 1.0412614e+01 1.0157004e+01 9.8750066e+00 9.6200077e+00 9.3889720e+00 9.1546082e+00 8.9769285e+00 8.8196298e+00 8.7521517e+00 8.6233704e+00 8.4500217e+00 8.2147877e+00 7.8147221e+00 7.0340749e+00 6.2021744e+00 5.6930144e+00 4.8722545e+00 3.3280005e+00 2.5915824e+00 2.4330604e+00 2.4302637e+00 2.5067519e+00 2.5822096e+00 2.5745191e+00 2.5437204e+00 2.4879745e+00 2.4263788e+00 2.4424269e+00 2.4656108e+00 2.4074621e+00 2.3373948e+00 2.2972666e+00 2.2762546e+00 2.2663944e+00 2.2244321e+00 2.2062836e+00 2.2340309e+00 2.2378637e+00 2.2398180e+00 2.2401580e+00 2.2399940e+00 2.2310000e+00 2.0771029e+00
1.1528251e+01 1.1405227e+01 1.1256928e+01 1.1079616e+01 1.0766432e+01 1.0449290e+01 1.0212699e+01 9.8987925e+00 9.5792507e+00 9.2342899e+00 8.9416269e+00 8.6605177e+00 8.4500004e+00 8.2884610e+00 8.2484507e+00 8.1831552e+00 7.9811075e+00 7.6802617e+00 7.2575232e+00 6.6200359e+00 5.9451794e+00 5.4565302e+00 5.0525973e+00 4.3825998e+00 3.6216976e+00 3.1865334e+00 3.0049265e+00 2.9059364e+00 2.7796293e+00 2.6241244e+00 2.4497129e+00 2.3084669e+00 2.2758374e+00 2.2806613e+00 2.3002525e+00 2.2869452e+00 2.2679426e+00 2.2495377e+00 2.2425031e+00 2.2409995e+00 2.2401683e+00 2.2377155e+00 2.2400000e+00 2.2400000e+00 2.2400000e+00 2.2404753e+00 2.2089450e+00 1.8517285e+00 1.2806322e+00
1.1279394e+01 1.1133262e+01 1.0962100e+01 1.0787962e+01 1.0556660e+01 1.0277943e+01 9.9887949e+00 9.6764444e+00 9.4024863e+00 9.0489495e+00 8.6906305e+00 8.3857332e+00 8.1056657e+00 7.8898346e+00 7.7685175e+00 7.6566056e+00 7.4960755e+00 7.1891180e+00 6.7484888e+00 6.1885235e+00 5.6383802e+00 5.1507198e+00 4.6932192e+00 4.3774818e+00 3.9134367e+00 3.4665761e+00 3.1853843e+00 2.9377900e+00 2.6561011e+00 2.3889012e+00 2.2607999e+00 2.2409419e+00 2.2356177e+00 2.2400000e+00 2.2400000e+00 2.2400000e+00 2.2420009e+00 2.2401740e+00 2.2400000e+00 2.2400000e+00 2.2399803e+00 2.2369431e+00 2.2342144e+00 2.2176445e+00 2.1489065e+00 1.9185531e+00 1.5544704e+00 1.1973124e+00 1.1466173e+00
1.0962876e+01 1.0829132e+01 1.0689707e+01 1.0495685e+01 1.0287433e+01 1.0025826e+01 9.7755251e+00 9.5035870e+00 9.2498961e+00 8.9744024e+00 8.7128664e+00 8.3992430e+00 8.0771293e+00 7.7933715e+00 7.5282049e+00 7.2844820e+00 7.0614592e+00 6.7922914e+00 6.4479193e+00 6.1026426e+00 5.7539704e+00 5.3420659e+00 4.7901685e+00 4.1822627e+00 3.6723791e+00 3.3309283e+00 3.0358878e+00 2.6941577e+00 2.3766527e+00 2.2503581e+00 2.2400275e+00 2.2400000e+00 2.2377629e+00 2.2400000e+00 2.2400000e+00 2.2400000e+00 2.2388770e+00 2.2399023e+00 2.2400000e+00 2.2400000e+00 2.2376984e+00 1.9630101e+00 1.6042085e+00 1.5248019e+00 1.2996113e+00 1.2113152e+00 1.2762528e+00 1.4756547e+00 1.7159463e+00
1.0535232e+01 1.0474798e+01 1.0338918e+01 1.0180401e+01 1.0015469e+01 9.7701557e+00 9.5110367e+00 9.3463242e+00 9.1875033e+00 8.9970939e+00 8.7729041e+00 8.5379990e+00 8.2152962e+00 7.8102187e+00 7.3943941e+00 7.0137956e+00 6.6772314e+00 6.4108686e+00 6.1539246e+00 5.8565114e+00 5.5865891e+00 5.2073287e+00 4.5947048e+00 3.7835458e+00 3.1027730e+00 2.7448599e+00 2.5498744e+00 2.3832312e+00 2.2527812e+00 2.2400000e+00 2.2400000e+00 2.2400000e+00 2.2410636e+00 2.2400000e+00 2.2400000e+00 2.2400000e+00 2.2354064e+00 2.2396005e+00 2.2400000e+00 2.2400000e+00 2.2375529e+00 1.9474673e+00 1.4394773e+00 1.4306730e+00 1.6663748e+00 1.9326424e+00 2.1232110e+00 2.2065794e+00 2.2353210e+00
1.0094825e+01 1.0087654e+01 9.9622481e+00 9.7830264e+00 9.6407785e+00 9.4622077e+00 9.2710719e+00 9.0702263e+00 8.9587720e+00 8.8405436e+00 8.6343361e+00 8.3986240e+00 8.0885857e+00 7.6915613e+00 7.1785034e+00 6.7132586e+00 6.3495074e+00 6.0906417e+00 5.7772632e+00 5.4741123e+00 5.1965199e+00 4.8135735e+00 4.1661289e+00 3.3110697e+00 2.5742732e+00 2.2805792e+00 2.2472020e+00 2.2362273e+00 2.2396005e+00 2.2400000e+00 2.2400000e+00 2.2399606e+00 2.2362547e+00 2.2235793e+00 2.2215853e+00 2.2337953e+00 2.2370760e+00 2.2385259e+00 2.2399233e+00 2.2429816e+00 2.2606375e+00 2.2846595e+00 2.2165389e+00 2.1974935e+00 2.2340285e+00 2.2414513e+00 2.2401591e+00 2.2400000e+00 2.2400000e+00
9.6563441e+00 9.7013749e+00 9.6492231e+00 9.4831331e+00 9.3575553e+00 9.1768825e+00 8.9643063e+00 8.7132860e+00 8.5701157e+00 8.5478413e+00 8.5491421e+00 8.3245547e+00 7.8921334e+00 7.3897077e+00 6.8491621e+00 6.3915063e+00 6.0338527e+00 5.7230291e+00 5.4400816e+00 5.1356530e+00 4.8244548e+00 4.4304060e+00 3.7070570e+00 2.9603830e+00 2.4175218e+00 2.2412707e+00 2.2400000e+00 2.2369334e+00 2.2397333e+00 2.2393888e+00 2.2304639e+00 2.1915032e+00 2.1173883e+00 2.0379294e+00 2.0001810e+00 2.0992680e+00 2.1536557e+00 2.1658612e+00 2.2319916e+00 2.3500793e+00 2.3750061e+00 2.3386964e+00 2.2897247e+00 2.2402101e+00 2.2400000e+00 2.2421016e+00 2.2401828e+00 2.2400000e+00 2.2400000e+00
9.3052214e+00 9.3672284e+00 9.3631459e+00 9.2763274e+00 9.1529598e+00 8.9555720e+00 8.6990753e+00 8.4490101e+00 8.2081965e+00 8.1277992e+00 8.2213664e+00 8.1007038e+00 7.6246079e+00 6.9824377e+00 6.3925590e+00 5.9673090e+00 5.6073794e+00 5.3202393e+00 5.0873336e+00 4.8984542e+00 4.5832652e+00 4.0889375e+00 3.4524360e+00 2.8774668e+00 2.4817466e+00 2.2580129e+00 2.2398488e+00 2.2363319e+00 2.2126155e+00 2.1542992e+00 2.0630636e+00 1.9581368e+00 1.8549512e+00 1.7896032e+00 1.7370904e+00 1.8839705e+00 2.0258577e+00 2.1068247e+00 2.2266154e+00 2.3440340e+00 2.2091142e+00 2.0927650e+00 2.0557375e+00 2.1323284e+00 2.1992391e+00 2.2301514e+00 2.2397023e+00 2.2400000e+00 2.2400000e+00
8.9832892e+00 9.0742999e+00 9.0884232e+00 9.0920751e+00 9.0051479e+00 8.8611669e+00 8.6209550e+00 8.3114436e+00 7.9938425e+00 7.7828504e+00 7.6813536e+00 7.4968568e+00 7.0043356e+00 6.3801489e+00 5.8414545e+00 5.4816583e+00 5.2304718e+00 4.9994072e+00 4.8183574e+00 4.6291186e+00 4.3259720e+00 3.8698263e+00 3.3716237e+00 2.9095278e+00 2.5882908e+00 2.3632934e+00 2.2236104e+00 2.1110614e+00 1.9852694e+00 1.8020845e+00 1.7264555e+00 1.6951391e+00 1.6056073e+00 1.5424074e+00 1.5183050e+00 1.6589354e+00 1.7055457e+00 1.8530143e+00 1.9959767e+00 1.7993633e+00 1.4038725e+00 1.1443197e+00 1.1900496e+00 1.3610103e+00 1.6482310e+00 1.9492428e+00 2.1479636e+00 2.2048655e+00 2.2257586e+00
8.6775387e+00 8.7760394e+00 8.8107077e+00 8.8164026e+00 8.8262941e+00 8.7777765e+00 8.6537414e+00 8.4081952e+00 8.0992647e+00 7.7216777e+00 7.3226327e+00 6.9153268e+00 6.4267950e+00 5.9199221e+00 5.4398718e+00 5.1755133e+00 4.9829785e+00 4.7939083e+00 4.6167686e+00 4.4131329e+00 4.1462331e+00 3.7869102e+00 3.3994817e+00 3.0524748e+00 2.7080776e+00 2.3934526e+00 2.1200330e+00 1.8991582e+00 1.6998982e+00 1.4423277e+00 1.2999506e+00 1.2543043e+00 1.3531196e+00 1.3487747e+00 1.2977957e+00 1.3521994e+00 1.3722889e+00 1.4958982e+00 1.4378115e+00 1.0735282e+00 9.4387400e-01 1.1396610e+00 1.1295200e+00 9.9002111e-01 9.3620150e-01 1.1344272e+00 1.3984436e+00 1.6093408e+00 1.7800153e+00
8.2228119e+00 8.4903166e+00 8.4265038e+00 8.3994834e+00 8.5075307e+00 8.6253430e+00 8.6781668e+00 8.5279449e+00 8.2866402e+00 7.7491921e+00 7.0007796e+00 6.4396634e+00 6.0582889e+00 5.8690958e+00 5.6136681e+00 5.2755198e+00 4.9897061e+00 4.7067581e+00 4.4844280e+00 4.2538893e+00 3.9959273e+00 3.7031134e+00 3.3718671e+00 3.0113729e+00 2.6243392e+00 2.2702890e+00 1.9592146e+00 1.6940136e+00 1.3911431e+00 1.0385186e+00 9.0931629e-01 8.4881942e-01 7.6334993e-01 8.7582810e-01 9.1780761e-01 9.3783262e-01 1.0674228e+00 1.1691048e+00 9.7974745e-01 9.7961030e-01 1.4439575e+00 1.9025730e+00 1.9750150e+00 1.7767905e+00 1.4186425e+00 1.1194267e+00 9.9226260e-01 9.5240374e-01 9.8425690e-01
6.0101531e+00 6.6373689e+00 7.2441414e+00 7.5617912e+00 7.8894312e+00 8.3542314e+00 8.5762497e+00 8.4217436e+00 8.1673754e+00 7.5387722e+00 6.6257691e+00 5.8640725e+00 5.5057922e+00 5.4244265e+00 5.3779872e+00 5.2182728e+00 4.9436346e+00 4.6171408e+00 4.3432139e+00 4.1049733e+00 3.8860695e+00 3.6730376e+00 3.3381900e+00 2.9594531e+00 2.5927006e+00 2.2316782e+00 1.9204484e+00 1.6080428e+00 1.2344846e+00 8.7473426e-01 6.8999776e-01 4.9439534e-01 3.6016064e-01 2.7558171e-01 4.1459688e-01 5.9276828e-01 5.8233599e-01 9.2576360e-01 8.8048775e-01 1.3477031e+00 1.9165117e+00 2.1162968e+00 2.1476031e+00 2.1712336e+00 2.0995908e+00 1.9829532e+00 1.8065634e+00 1.6118477e+00 1.4639942e+00
5.3120875e+00 5.1384535e+00 5.7572904e+00 6.5471228e+00 7.2169401e+00 7.9192427e+00 8.2683979e+00 8.0908490e+00 7.7583265e+00 7.1973367e+00 6.4046326e+00 5.5191338e+00 5.1653509e+00 5.0366114e+00 4.9587084e+00 4.8629828e+00 4.6863102e+00 4.4433794e+00 4.1905322e+00 3.9875307e+00 3.8530794e+00 3.6626706e+00 3.2908379e+00 2.8488187e+00 2.4455829e+00 2.0661569e+00 1.7116533e+00 1.3517376e+00 8.8571815e-01 4.1321373e-01 2.6493440e-01 2.1832258e-01 2.1108312e-01 2.1064912e-01 2.1154873e-01 2.2936766e-01 5.2976561e-01 8.5428289e-01 8.6458124e-01 1.3384081e+00 1.9378169e+00 2.0499382e+00 2.0777426e+00 2.1215289e+00 2.1441670e+00 2.1623249e+00 2.1654079e+00 2.1343936e+00 2.1211264e+00
5.2516370e+00 5.0020522e+00 5.1989673e+00 5.7655597e+00 6.4545195e+00 7.1493705e+00 7.5166725e+00 7.4926329e+00 7.2617626e+00 6.8471362e+00 6.2877976e+00 5.5865786e+00 5.1665408e+00 4.9396175e+00 4.7443489e+00 4.5582957e+00 4.3903409e+00 4.2330822e+00 4.0409467e+00 3.8736361e+00 3.6803033e+00 3.5019330e+00 3.1292860e+00 2.6783209e+00 2.2120498e+00 1.8161731e+00 1.4017206e+00 9.1216662e-01 4.1605769e-01 2.1966450e-01 2.1000000e-01 2.1000000e-01 2.0906054e-01 2.1000000e-01 2.1000000e-01 2.5819880e-01 6.0151939e-01 7.4763332e-01 9.1445642e-01 1.3862654e+00 1.8996998e+00 2.0354861e+00 2.0521684e+00 2.1113947e+00 2.1410391e+00 2.1714954e+00 2.1625606e+00 2.1492687e+00 2.1134050e+00
5.3055569e+00 5.1373886e+00 5.1948907e+00 5.4490452e+00 5.8763479e+00 6.5020332e+00 6.9535305e+00 7.0566956e+00 6.9061192e+00 6.4845200e+00 6.0240467e+00 5.5215863e+00 5.1931421e+00 4.9720874e+00 4.7364292e+00 4.4718642e+00 4.2039657e+00 4.0291671e+00 3.8367049e+00 3.6633685e+00 3.4843524e+00 3.2795102e+00 2.8936374e+00 2.4785293e+00 2.0537012e+00 1.5444816e+00 9.3531764e-01 4.2701608e-01 2.1765796e-01 2.1000000e-01 2.1000000e-01 2.1000000e-01 2.0989045e-01 2.1000000e-01 2.1000000e-01 2.3712265e-01 3.6063520e-01 5.4747951e-01 9.5072006e-01 1.5053491e+00 1.8798472e+00 2.0405036e+00 2.1145019e+00 2.1693055e+00 2.2173058e+00 2.2341132e+00 2.2224839e+00 2.2331348e+00 2.2211628e+00
5.5784260e+00 5.3302204e+00 5.3256115e+00 5.4580875e+00 5.7370913e+00 6.2320868e+00 6.7839005e+00 7.0593806e+00 6.8862134e+00 6.2794543e+00 5.7065911e+00 5.4530032e+00 5.3322827e+00 5.2350782e+00 5.0021698e+00 4.5572125e+00 4.0537095e+00 3.7515665e+00 3.5781112e+00 3.4609268e+00 3.3433647e+00 3.1277302e+00 2.7404634e+00 2.2607593e+00 1.8071626e+00 1.3962568e+00 6.8367104e-01 2.1409994e-01 2.0941650e-01 2.1000000e-01 2.1000000e-01 2.1000000e-01 2.0467839e-01 2.1000000e-01 2.2586161e-01 2.2094247e-01 2.6253856e-01 6.2686473e-01 1.1793462e+00 1.6028093e+00 1.9353120e+00 2.1042490e+00 2.1876316e+00 2.2369551e+00 2.2399863e+00 2.2373501e+00 2.2397695e+00 2.2400000e+00 2.2400000e+00
5.9370765e+00 5.4789787e+00 5.3948957e+00 5.5141881e+00 5.7319723e+00 6.1268741e+00 6.6121382e+00 6.9031553e+00 6.6570008e+00 6.0810947e+00 5.6245597e+00 5.4761494e+00 5.4622629e+00 5.4549335e+00 5.2110006e+00 4.6444823e+00 3.9696945e+00 3.5300133e+00 3.3939591e+00 3.3739105e+00 3.3322625e+00 3.1718730e+00 2.7262342e+00 2.0969003e+00 1.5717820e+00 1.1658194e+00 7.7042237e-01 4.6316493e-01 2.6654353e-01 2.1283614e-01 2.3638863e-01 2.3349715e-01 3.9533237e-01 6.0742352e-01 -4.7981058e-01 1.0029235e-01 4.1041642e-01 8.6039738e-01 1.2951675e+00 1.6708527e+00 2.0238598e+00 2.1796598e+00 2.2355306e+00 2.2400000e+00 2.2400000e+00 2.2367321e+00 2.2397158e+00 2.2400000e+00 2.2400000e+00
6.3493084e+00 5.6523205e+00 5.4074025e+00 5.4640435e+00 5.6194206e+00 5.8426547e+00 6.0907091e+00 6.1755485e+00 6.0054688e+00 5.7487314e+00 5.5309387e+00 5.4018246e+00 5.3420550e+00 5.2738402e+00 4.9788215e+00 4.4302582e+00 3.8689525e+00 3.5182410e+00 3.4015663e+00 3.3770373e+00 3.3265334e+00 3.1776979e+00 2.6856547e+00 1.9802391e+00 1.4526127e+00 1.1808332e+00 1.1080920e+00 1.1181756e+00 8.3547312e-01 7.6600571e-01 1.0101961e+00 1.0712680e+00 8.0967757e-01 -1.2918007e+00 -1.6374149e+00 8.1792139e-01 7.1132880e-01 1.0201002e+00 1.3679223e+00 1.7400473e+00 2.0717916e+00 2.2217446e+00 2.2399912e+00 2.2400000e+00 2.2400000e+00 2.2379990e+00 2.2398260e+00 2.2400000e+00 2.2400000e+00
