ahotovec/topo.asc
ncols     164
nrows     146
xllcorner -1.242151388888889e+02
yllcorner  4.172986111111111e+01
cellsize  2.777777777820000e-04
nodata_value       -9999
[rows 44 to 65 of 146, columns 0 to 48 of 164]
1.4327926e+01 1.4948482e+01 1.5434201e+01 1.5579466e+01 1.5534698e+01 1.5494804e+01 1.5735846e+01 1.6177995e+01 1.6402502e+01 1.6363484e+01 1.6236729e+01 1.6093193e+01 1.5934638e+01 1.5788890e+01 1.5638589e+01 1.5462839e+01 1.5234596e+01 1.5024895e+01 1.4881578e+01 1.4780404e+01 1.4686487e+01 1.4609423e+01 1.4539654e+01 1.4506465e+01 1.4501357e+01 1.4471586e+01 1.4488576e+01 1.4506417e+01 1.4468323e+01 1.4355711e+01 1.4260050e+01 1.4229831e+01 1.4222427e+01 1.4205973e+01 1.4159381e+01 1.4062952e+01 1.3904144e+01 1.3776059e+01 1.3634113e+01 1.3541280e+01 1.3421250e+01 1.3276051e+01 1.3130910e+01 1.2969819e+01 1.2824963e+01 1.2620656e+01 1.2356770e+01 1.2067447e+01 1.1812846e+01
1.4771568e+01 1.5061287e+01 1.5351612e+01 1.5537710e+01 1.5586057e+01 1.5490054e+01 1.5518515e+01 1.5877718e+01 1.6361135e+01 1.6484767e+01 1.6388726e+01 1.6253255e+01 1.6095813e+01 1.5877849e+01 1.5605208e+01 1.5400479e+01 1.5178043e+01 1.4968107e+01 1.4804497e+01 1.4703644e+01 1.4628729e+01 1.4556323e+01 1.4489544e+01 1.4399493e+01 1.4353148e+01 1.4315526e+01 1.4336913e+01 1.4359092e+01 1.4326393e+01 1.4233985e+01 1.4118724e+01 1.4036471e+01 1.3996193e+01 1.3961220e+01 1.3911638e+01 1.3816717e+01 1.3719139e+01 1.3532044e+01 1.3366520e+01 1.3213586e+01 1.3113828e+01 1.2937035e+01 1.2772105e+01 1.2646360e+01 1.2521840e+01 1.2356934e+01 1.2167043e+01 1.1871478e+01 1.1618805e+01
1.5105215e+01 1.5268153e+01 1.5351753e+01 1.5416511e+01 1.5470880e+01 1.5452748e+01 1.5434288e+01 1.5663600e+01 1.6094506e+01 1.6481312e+01 1.6508011e+01 1.6420350e+01 1.6225217e+01 1.5980393e+01 1.5710617e+01 1.5424683e+01 1.5136602e+01 1.4927303e+01 1.4784342e+01 1.4645382e+01 1.4556678e+01 1.4504811e+01 1.4449753e+01 1.4355138e+01 1.4249520e+01 1.4170937e+01 1.4160459e+01 1.4159980e+01 1.4136720e+01 1.4060109e+01 1.3982444e+01 1.3894083e+01 1.3828589e+01 1.3787390e+01 1.3710684e+01 1.3587053e+01 1.3500694e+01 1.3311446e+01 1.3065164e+01 1.2932666e+01 1.2782752e+01 1.2611614e+01 1.2485207e+01 1.2388808e+01 1.2324543e+01 1.2227422e+01 1.2080992e+01 1.1865258e+01 1.1670014e+01
1.5342811e+01 1.5300900e+01 1.5320374e+01 1.5263775e+01 1.5235395e+01 1.5317275e+01 1.5445745e+01 1.5616797e+01 1.5941056e+01 1.6334252e+01 1.6384179e+01 1.6255350e+01 1.6186008e+01 1.6017276e+01 1.5704642e+01 1.5430437e+01 1.5171578e+01 1.4947943e+01 1.4764629e+01 1.4620441e+01 1.4518745e+01 1.4433379e+01 1.4355212e+01 1.4276280e+01 1.4180737e+01 1.4096786e+01 1.4049264e+01 1.4036224e+01 1.3992227e+01 1.3919027e+01 1.3870940e+01 1.3802758e+01 1.3717257e+01 1.3654200e+01 1.3555364e+01 1.3421496e+01 1.3252828e+01 1.3052964e+01 1.2779026e+01 1.2569309e+01 1.2440414e+01 1.2275052e+01 1.2136503e+01 1.2040361e+01 1.2010814e+01 1.2003365e+01 1.1986822e+01 1.1919671e+01 1.1818027e+01
1.5608367e+01 1.5460469e+01 1.5327086e+01 1.5162899e+01 1.5079881e+01 1.5265939e+01 1.5489274e+01 1.5561823e+01 1.5759771e+01 1.6033685e+01 1.6062792e+01 1.5863869e+01 1.5789491e+01 1.5838332e+01 1.5742985e+01 1.5511077e+01 1.5240467e+01 1.5019085e+01 1.4795047e+01 1.4653337e+01 1.4539038e+01 1.4469808e+01 1.4389913e+01 1.4300298e+01 1.4215309e+01 1.4127475e+01 1.4042316e+01 1.3971170e+01 1.3910320e+01 1.3840810e+01 1.3793706e+01 1.3727505e+01 1.3656349e+01 1.3513982e+01 1.3374189e+01 1.3188458e+01 1.2982065e+01 1.2748873e+01 1.2548974e+01 1.2308662e+01 1.2107879e+01 1.1948607e+01 1.1817763e+01 1.1661631e+01 1.1582960e+01 1.1656220e+01 1.1811987e+01 1.1854049e+01 1.1803978e+01
1.5931215e+01 1.5672084e+01 1.5466050e+01 1.5328603e+01 1.5401016e+01 1.5960509e+01 1.5589669e+01 1.5365156e+01 1.5463738e+01 1.5684477e+01 1.5764749e+01 1.5609061e+01 1.5479510e+01 1.5462229e+01 1.5528342e+01 1.5537602e+01 1.5362330e+01 1.5116395e+01 1.4910942e+01 1.4729157e+01 1.4628591e+01 1.4566188e+01 1.4513102e+01 1.4444802e+01 1.4359045e+01 1.4225819e+01 1.4091196e+01 1.3974252e+01 1.3865984e+01 1.3805002e+01 1.3718299e+01 1.3622157e+01 1.3524404e+01 1.3403921e+01 1.3211503e+01 1.2969621e+01 1.2706129e+01 1.2483397e+01 1.2272511e+01 1.2053132e+01 1.1826560e+01 1.1655286e+01 1.1518606e+01 1.1386494e+01 1.1313514e+01 1.1316661e+01 1.1509933e+01 1.1646048e+01 1.1624099e+01
1.6163509e+01 1.5900840e+01 1.5595021e+01 1.5581834e+01 1.5769310e+01 1.6015747e+01 1.5383315e+01 1.5174606e+01 1.5225476e+01 1.5413705e+01 1.5520004e+01 1.5500545e+01 1.5431134e+01 1.5362447e+01 1.5353108e+01 1.5411144e+01 1.5322629e+01 1.5138149e+01 1.4982314e+01 1.4860192e+01 1.4780845e+01 1.4700107e+01 1.4623757e+01 1.4544673e+01 1.4466793e+01 1.4343243e+01 1.4179053e+01 1.4045929e+01 1.3933389e+01 1.3813079e+01 1.3681259e+01 1.3552363e+01 1.3424146e+01 1.3276471e+01 1.3042735e+01 1.2779113e+01 1.2513010e+01 1.2303619e+01 1.2090302e+01 1.1901521e+01 1.1668704e+01 1.1462507e+01 1.1272237e+01 1.1155429e+01 1.1080426e+01 1.1062245e+01 1.1190428e+01 1.1384625e+01 1.1382670e+01
1.6288198e+01 1.6082074e+01 1.5751879e+01 1.5664089e+01 1.5688047e+01 1.5553860e+01 1.5296211e+01 1.5288641e+01 1.5298734e+01 1.5291877e+01 1.5346720e+01 1.5470274e+01 1.5525870e+01 1.5504170e+01 1.5435391e+01 1.5394532e+01 1.5369398e+01 1.5293079e+01 1.5177650e+01 1.5028193e+01 1.4914339e+01 1.4816828e+01 1.4729867e+01 1.4628593e+01 1.4531910e+01 1.4437272e+01 1.4296662e+01 1.4155894e+01 1.4009063e+01 1.3850604e+01 1.3686097e+01 1.3540096e+01 1.3354376e+01 1.3128885e+01 1.2908969e+01 1.2671245e+01 1.2486595e+01 1.2262985e+01 1.2044968e+01 1.1812442e+01 1.1582474e+01 1.1370322e+01 1.1155080e+01 1.0980153e+01 1.0888378e+01 1.0856232e+01 1.0833199e+01 1.0952531e+01 1.1025592e+01
1.6340242e+01 1.6318428e+01 1.5857479e+01 1.5692816e+01 1.5584238e+01 1.5585909e+01 1.5637073e+01 1.6116426e+01 1.5396959e+01 1.5017696e+01 1.5284032e+01 1.5570976e+01 1.5764645e+01 1.5716316e+01 1.5572957e+01 1.5478595e+01 1.5478982e+01 1.5495315e+01 1.5463540e+01 1.5279466e+01 1.5066099e+01 1.4877140e+01 1.4801459e+01 1.4701688e+01 1.4592720e+01 1.4507618e+01 1.4383811e+01 1.4221976e+01 1.4041505e+01 1.3864793e+01 1.3683753e+01 1.3496096e+01 1.3317505e+01 1.3085601e+01 1.2854510e+01 1.2627791e+01 1.2412783e+01 1.2214400e+01 1.2029737e+01 1.1802697e+01 1.1618200e+01 1.1447578e+01 1.1209266e+01 1.0968102e+01 1.0793688e+01 1.0694949e+01 1.0586060e+01 1.0575596e+01 1.0604513e+01
1.6094752e+01 1.6062500e+01 1.5736522e+01 1.5616218e+01 1.5558271e+01 1.5358417e+01 1.5279418e+01 1.5418574e+01 1.4997279e+01 1.4838703e+01 1.5277636e+01 1.6057159e+01 1.6173975e+01 1.5708267e+01 1.5453300e+01 1.5447939e+01 1.5510665e+01 1.5564090e+01 1.5636416e+01 1.5574232e+01 1.5346994e+01 1.5060055e+01 1.4852617e+01 1.4733171e+01 1.4630522e+01 1.4542130e+01 1.4412751e+01 1.4258807e+01 1.4047797e+01 1.3842855e+01 1.3666540e+01 1.3442209e+01 1.3215512e+01 1.2983260e+01 1.2762092e+01 1.2580158e+01 1.2401410e+01 1.2172813e+01 1.1973317e+01 1.1807845e+01 1.1595811e+01 1.1381384e+01 1.1152212e+01 1.0937010e+01 1.0721969e+01 1.0488481e+01 1.0314808e+01 1.0238664e+01 1.0178356e+01
1.5897694e+01 1.5712454e+01 1.5477486e+01 1.5377285e+01 1.5336032e+01 1.5517312e+01 1.5079284e+01 1.5080106e+01 1.5315915e+01 1.4822008e+01 1.5040604e+01 1.7004738e+01 1.6228812e+01 1.5308038e+01 1.4984890e+01 1.5102940e+01 1.5342473e+01 1.5482133e+01 1.5578167e+01 1.5644985e+01 1.5619179e+01 1.5451296e+01 1.5147438e+01 1.4817390e+01 1.4643610e+01 1.4560289e+01 1.4410345e+01 1.4233488e+01 1.4051153e+01 1.3821909e+01 1.3596124e+01 1.3340422e+01 1.3091140e+01 1.2873283e+01 1.2686895e+01 1.2542743e+01 1.2381375e+01 1.2174631e+01 1.1994499e+01 1.1813061e+01 1.1594605e+01 1.1382440e+01 1.1138559e+01 1.0884278e+01 1.0534129e+01 1.0178873e+01 9.9334833e+00 9.7604715e+00 9.6714839e+00
1.5854244e+01 1.5592839e+01 1.5464322e+01 1.5454526e+01 1.5426549e+01 1.5601137e+01 1.5201821e+01 1.4897794e+01 1.5185533e+01 1.5541312e+01 1.4923081e+01 1.5323588e+01 1.5249731e+01 1.4845937e+01 1.4360341e+01 1.4509355e+01 1.5054131e+01 1.5354617e+01 1.5372146e+01 1.5410820e+01 1.5514174e+01 1.5535537e+01 1.5392960e+01 1.5045728e+01 1.4684564e+01 1.4534058e+01 1.4411061e+01 1.4189092e+01 1.3986150e+01 1.3769130e+01 1.3533234e+01 1.3277236e+01 1.3033878e+01 1.2805574e+01 1.2623959e+01 1.2479766e+01 1.2312394e+01 1.2164892e+01 1.2029349e+01 1.1871822e+01 1.1712528e+01 1.1537576e+01 1.1327347e+01 1.0984939e+01 1.0378596e+01 9.6543077e+00 9.1920523e+00 9.0378073e+00 9.1589744e+00
1.5980762e+01 1.5961230e+01 1.6159046e+01 1.6031196e+01 1.5672563e+01 1.5633114e+01 1.5446753e+01 1.4836031e+01 1.4626917e+01 1.5039868e+01 1.4800126e+01 1.4463814e+01 1.4470817e+01 1.4507238e+01 1.4074306e+01 1.4107742e+01 1.4951792e+01 1.5237952e+01 1.4951249e+01 1.4934005e+01 1.4947996e+01 1.5040163e+01 1.5142590e+01 1.4990970e+01 1.4640156e+01 1.4458241e+01 1.4358514e+01 1.4174066e+01 1.3953781e+01 1.3729396e+01 1.3503892e+01 1.3287575e+01 1.3041149e+01 1.2740225e+01 1.2492322e+01 1.2323898e+01 1.2201270e+01 1.2102965e+01 1.2004087e+01 1.1918167e+01 1.1804887e+01 1.1649476e+01 1.1473462e+01 1.1089870e+01 1.0201091e+01 9.0751741e+00 8.5221996e+00 8.4443793e+00 8.7226829e+00
1.6102546e+01 1.7073723e+01 1.7689402e+01 1.6750795e+01 1.6052592e+01 1.5865116e+01 1.5800460e+01 1.5334351e+01 1.4572241e+01 1.4465214e+01 1.4601596e+01 1.4532689e+01 1.4430023e+01 1.4155172e+01 1.4420750e+01 1.4645006e+01 1.4683489e+01 1.4490382e+01 1.4478803e+01 1.4599787e+01 1.4239674e+01 1.4176617e+01 1.4450214e+01 1.4518283e+01 1.4257847e+01 1.4088779e+01 1.4140649e+01 1.4064875e+01 1.3871217e+01 1.3664218e+01 1.3436868e+01 1.3198873e+01 1.2925340e+01 1.2628719e+01 1.2384811e+01 1.2155944e+01 1.2012806e+01 1.1916906e+01 1.1880604e+01 1.1849034e+01 1.1779965e+01 1.1643429e+01 1.1402500e+01 1.0945097e+01 9.9519671e+00 8.8124792e+00 8.2892606e+00 8.1505368e+00 8.4029503e+00
1.5911560e+01 1.7824108e+01 1.8323968e+01 1.7482809e+01 1.6505452e+01 1.5811954e+01 1.5847893e+01 1.5826629e+01 1.5151775e+01 1.4352019e+01 1.4290519e+01 1.4390627e+01 1.4413831e+01 1.3988082e+01 1.5066352e+01 1.5797363e+01 1.4086686e+01 1.3816243e+01 1.4300524e+01 1.4413275e+01 1.3851546e+01 1.3654775e+01 1.3797820e+01 1.3951362e+01 1.3824525e+01 1.3642618e+01 1.3661389e+01 1.3779012e+01 1.3730690e+01 1.3545380e+01 1.3305052e+01 1.3066016e+01 1.2835529e+01 1.2574085e+01 1.2301717e+01 1.2032605e+01 1.1812752e+01 1.1664250e+01 1.1603023e+01 1.1619609e+01 1.1652787e+01 1.1571159e+01 1.1406443e+01 1.0888112e+01 9.9563333e+00 9.1085749e+00 8.6116690e+00 8.1888598e+00 7.9045145e+00
1.3394519e+01 1.5647518e+01 1.7385516e+01 1.8074631e+01 1.6595740e+01 1.5907460e+01 1.5757583e+01 1.5733109e+01 1.4967194e+01 1.4565683e+01 1.3993499e+01 1.4500138e+01 1.4734202e+01 1.4019538e+01 1.3877364e+01 1.3965939e+01 1.3820188e+01 1.3741035e+01 1.3922285e+01 1.3840498e+01 1.3885813e+01 1.3670105e+01 1.3533198e+01 1.3587035e+01 1.3613735e+01 1.3498241e+01 1.3409240e+01 1.3426786e+01 1.3472025e+01 1.3341343e+01 1.3111623e+01 1.2841880e+01 1.2642579e+01 1.2430017e+01 1.2171982e+01 1.1896520e+01 1.1639102e+01 1.1449396e+01 1.1318393e+01 1.1336275e+01 1.1447058e+01 1.1338909e+01 1.1121228e+01 1.0719789e+01 9.9843580e+00 9.2919380e+00 8.7978153e+00 8.3779116e+00 7.1363793e+00
3.2804103e+00 1.2317356e+01 1.7066122e+01 1.6720520e+01 1.6151369e+01 1.5948794e+01 1.5714775e+01 1.5487707e+01 1.6049109e+01 1.6315868e+01 1.4353670e+01 1.3816670e+01 1.4057865e+01 1.4028966e+01 1.4089204e+01 1.3618765e+01 1.3570749e+01 1.3672223e+01 1.3692551e+01 1.3409350e+01 1.3932130e+01 1.3703716e+01 1.3493521e+01 1.3516496e+01 1.3613960e+01 1.3592142e+01 1.3423253e+01 1.3326616e+01 1.3295617e+01 1.3259579e+01 1.3151862e+01 1.2944813e+01 1.2673243e+01 1.2290764e+01 1.1943776e+01 1.1697433e+01 1.1482838e+01 1.1291621e+01 1.1141660e+01 1.1087323e+01 1.1164732e+01 1.1068917e+01 1.0760355e+01 1.0318340e+01 9.7176990e+00 9.1187389e+00 8.4778344e+00 7.6994242e+00 6.5061697e+00
8.1991121e-01 7.1137350e+00 1.4540583e+01 1.6036438e+01 1.5900680e+01 1.5926571e+01 1.6007470e+01 1.5677842e+01 1.5939824e+01 1.5977189e+01 1.4772785e+01 1.4074623e+01 1.3743970e+01 1.3681706e+01 1.3798494e+01 1.3660473e+01 1.3429929e+01 1.3350147e+01 1.3259611e+01 1.3182487e+01 1.3353438e+01 1.3431301e+01 1.3645194e+01 1.3880199e+01 1.3892179e+01 1.3612585e+01 1.3443819e+01 1.3368753e+01 1.3319814e+01 1.3270008e+01 1.3272170e+01 1.3199151e+01 1.2873516e+01 1.2221596e+01 1.1698483e+01 1.1486476e+01 1.1393543e+01 1.1324549e+01 1.1278850e+01 1.1276936e+01 1.1250658e+01 1.1020833e+01 1.0568107e+01 9.9802176e+00 9.5026444e+00 8.9879800e+00 8.1883853e+00 7.1045519e+00 5.9911491e+00
4.7970125e-01 3.2830030e+00 9.1957071e+00 1.6062299e+01 1.5954848e+01 1.6973539e+01 1.6305897e+01 1.5473404e+01 1.5254816e+01 1.5005378e+01 1.4905435e+01 1.5658294e+01 1.6493692e+01 1.3629740e+01 1.3576478e+01 1.3591978e+01 1.3434167e+01 1.3265780e+01 1.3147043e+01 1.3073143e+01 1.3094163e+01 1.3132499e+01 1.3440178e+01 1.4881296e+01 1.3938889e+01 1.3429806e+01 1.3331007e+01 1.3349768e+01 1.3341014e+01 1.3292659e+01 1.3288906e+01 1.3216499e+01 1.2796460e+01 1.2075536e+01 1.1528609e+01 1.1339791e+01 1.1315529e+01 1.1312773e+01 1.1321642e+01 1.1279444e+01 1.1229788e+01 1.0938546e+01 1.0373095e+01 9.7893290e+00 9.4543356e+00 8.9856762e+00 8.0435703e+00 6.9150526e+00 5.8940905e+00
-1.8067189e-01 1.7118706e+00 7.0786928e+00 1.4941184e+01 1.5882429e+01 1.6519059e+01 1.6026489e+01 1.5722307e+01 1.5715626e+01 1.5890611e+01 1.4915546e+01 1.6933706e+01 1.6538432e+01 1.3974721e+01 1.3318516e+01 1.3332798e+01 1.3335694e+01 1.3198148e+01 1.3052677e+01 1.2960119e+01 1.3010467e+01 1.3155242e+01 1.3045842e+01 1.4069381e+01 1.3254932e+01 1.3256224e+01 1.3202367e+01 1.3113738e+01 1.3180927e+01 1.3185465e+01 1.3158203e+01 1.2910225e+01 1.2291553e+01 1.1659772e+01 1.1277906e+01 1.1138554e+01 1.1108121e+01 1.1016924e+01 1.0881928e+01 1.0758596e+01 1.0663347e+01 1.0426025e+01 1.0027281e+01 9.6367363e+00 9.3588134e+00 8.8646165e+00 8.0008311e+00 7.0674485e+00 6.1902832e+00
5.3410360e-02 1.3612310e+00 3.9915065e+00 1.3247327e+01 1.6022687e+01 1.5860181e+01 1.6521727e+01 1.6266456e+01 1.5839356e+01 1.5593162e+01 1.4850533e+01 1.5667397e+01 1.4999137e+01 1.4142499e+01 1.3487677e+01 1.3133480e+01 1.3243676e+01 1.3364502e+01 1.3221618e+01 1.2915382e+01 1.2999035e+01 1.3449047e+01 1.3227950e+01 1.2932314e+01 1.2903968e+01 1.2970648e+01 1.3045606e+01 1.3062383e+01 1.2888751e+01 1.2954932e+01 1.3006263e+01 1.2348586e+01 1.1593507e+01 1.1070188e+01 1.0721936e+01 1.0574292e+01 1.0500733e+01 1.0341534e+01 1.0109851e+01 9.8878570e+00 9.7396582e+00 9.5737760e+00 9.4111877e+00 9.2214253e+00 8.9336851e+00 8.5014637e+00 7.9128302e+00 7.3494081e+00 6.6810130e+00
5.4322825e-01 1.3804557e+00 2.8173558e+00 6.3160147e+00 1.1404660e+01 1.4673088e+01 1.5830527e+01 1.6662822e+01 1.6384712e+01 1.5737399e+01 1.5158970e+01 1.5209916e+01 1.4246323e+01 1.4042442e+01 1.3700730e+01 1.3364707e+01 1.3059254e+01 1.3249734e+01 1.3259878e+01 1.3109373e+01 1.2942925e+01 1.2915725e+01 1.3010441e+01 1.2274919e+01 1.2309391e+01 1.2507814e+01 1.2631707e+01 1.3071694e+01 1.2543862e+01 1.3205319e+01 1.2653586e+01 1.1816467e+01 1.1195491e+01 1.0570499e+01 1.0141078e+01 9.9544226e+00 9.8578254e+00 9.6882976e+00 9.4141018e+00 9.1663447e+00 8.9180868e+00 8.6696572e+00 8.5499360e+00 8.3777950e+00 8.1460191e+00 7.9582564e+00 7.7542619e+00 7.5216016e+00 7.0934710e+00
