ahotovec/topo.asc
ncols     164
nrows     146
xllcorner -1.242151388888889e+02
yllcorner  4.172986111111111e+01
cellsize  2.777777777820000e-04
nodata_value       -9999
[rows 110 to 131 of 146, columns 0 to 48 of 164]
-2.0377697e+01 -2.0431715e+01 -1.9757907e+01 -2.0027076e+01 -1.9741815e+01 -1.9624161e+01 -1.9507754e+01 -1.9004327e+01 -1.8746143e+01 -1.8421647e+01 -1.8291434e+01 -1.8383633e+01 -1.8244996e+01 -1.7172896e+01 -1.8093060e+01 -1.8263394e+01 -1.7586235e+01 -1.6906674e+01 -1.7084134e+01 -1.7061408e+01 -1.6968041e+01 -1.5679612e+01 -1.5089517e+01 -1.5472659e+01 -1.5543157e+01 -1.5288098e+01 -1.5215652e+01 -1.4603049e+01 -1.4853207e+01 -1.4422557e+01 -1.3930652e+01 -1.3322149e+01 -1.3203752e+01 -1.2825610e+01 -1.2186614e+01 -1.1779472e+01 -1.1517193e+01 -1.0710150e+01 -1.0348610e+01 -9.3816028e+00 -5.7324111e+00 -5.8196056e+00 -9.9903281e+00 -1.0240526e+01 -1.0286604e+01 -1.0596629e+01 -1.0903600e+01 -1.0635756e+01 -1.0424666e+01
-2.0345260e+01 -2.0294534e+01 -2.0192646e+01 -2.0184219e+01 -1.9905641e+01 -1.9212360e+01 -1.9017020e+01 -1.9193656e+01 -1.9033533e+01 -1.8777479e+01 -1.8668840e+01 -1.8618794e+01 -1.8450185e+01 -1.7873926e+01 -1.8839817e+01 -1.8939475e+01 -1.8308515e+01 -1.8362499e+01 -1.7988072e+01 -1.7735348e+01 -1.7205816e+01 -1.5902661e+01 -1.6263299e+01 -1.6598159e+01 -1.6438556e+01 -1.6020203e+01 -1.5762007e+01 -1.5400626e+01 -1.5164554e+01 -1.5168831e+01 -1.5106230e+01 -1.4015439e+01 -1.3858191e+01 -1.3352056e+01 -1.2899150e+01 -1.2261100e+01 -1.1809490e+01 -1.1598764e+01 -1.0844739e+01 -1.1035222e+01 -1.0846048e+01 -1.0106489e+01 -1.0271195e+01 -1.0377654e+01 -1.0579582e+01 -1.1407791e+01 -1.1807925e+01 -1.1361261e+01 -1.1049169e+01
-2.0396504e+01 -2.0296723e+01 -2.0279724e+01 -2.0093223e+01 -2.0097362e+01 -1.9903099e+01 -1.9700625e+01 -1.9493771e+01 -1.9338658e+01 -1.9131039e+01 -1.9039019e+01 -1.9000895e+01 -1.9065612e+01 -1.9117055e+01 -1.9091005e+01 -1.9106315e+01 -1.8781137e+01 -1.8604308e+01 -1.7983724e+01 -1.7860305e+01 -1.7083487e+01 -1.7692000e+01 -1.7818549e+01 -1.7662411e+01 -1.7222900e+01 -1.6891941e+01 -1.6677354e+01 -1.6147652e+01 -1.5642914e+01 -1.5333262e+01 -1.5224973e+01 -1.5207448e+01 -1.4576810e+01 -1.3415616e+01 -1.3060896e+01 -1.2878252e+01 -1.1860674e+01 -1.1011943e+01 -1.0468798e+01 -1.1058376e+01 -1.0886148e+01 -1.0253666e+01 -1.0184375e+01 -1.0561170e+01 -1.1269251e+01 -1.2319219e+01 -1.2228162e+01 -1.0955708e+01 -1.0065594e+01
-2.0542008e+01 -2.0439524e+01 -2.0380333e+01 -2.0361370e+01 -2.0191868e+01 -2.0008859e+01 -1.9869492e+01 -1.9737892e+01 -1.9625128e+01 -1.9543266e+01 -1.9466933e+01 -1.9462452e+01 -1.9443344e+01 -1.9393644e+01 -1.9288213e+01 -1.9270380e+01 -1.9059976e+01 -1.8751771e+01 -1.8649555e+01 -1.8670470e+01 -1.8766813e+01 -1.8665541e+01 -1.8372570e+01 -1.8073219e+01 -1.7871255e+01 -1.7581008e+01 -1.6490352e+01 -1.5052050e+01 -1.6371375e+01 -1.5831259e+01 -1.5431323e+01 -1.5272079e+01 -1.4433941e+01 -1.4376040e+01 -1.4207301e+01 -1.3181991e+01 -1.1972586e+01 -1.0623701e+01 -9.6196089e+00 -9.7217630e+00 -1.0013100e+01 -9.3904969e+00 -9.2134138e+00 -1.0514792e+01 -1.2185396e+01 -1.2665271e+01 -1.2757395e+01 -1.2569311e+01 -1.2024626e+01
-2.0643113e+01 -2.0562941e+01 -2.0492089e+01 -2.0427878e+01 -2.0321486e+01 -2.0197821e+01 -2.0110451e+01 -2.0053640e+01 -2.0034630e+01 -1.9979627e+01 -1.9844187e+01 -1.9796222e+01 -1.8365976e+01 -1.6978940e+01 -1.9837456e+01 -1.9387993e+01 -1.9177573e+01 -1.9119445e+01 -1.9063863e+01 -1.9037008e+01 -1.9142516e+01 -1.9029533e+01 -1.8780996e+01 -1.8520910e+01 -1.8322113e+01 -1.8100797e+01 -1.7699558e+01 -1.7340691e+01 -1.7336697e+01 -1.5912314e+01 -1.6025335e+01 -1.4780189e+01 -1.4947225e+01 -1.4443191e+01 -1.4503526e+01 -1.1152445e+01 -1.1475926e+01 -1.0307970e+01 -6.7727651e+00 -1.0448635e+01 -1.0600744e+01 -1.0314974e+01 -9.3637521e+00 -1.1636413e+01 -1.2991206e+01 -1.3257499e+01 -1.2391684e+01 -1.3347248e+01 -1.3416345e+01
-2.0775939e+01 -2.0700898e+01 -2.0639479e+01 -2.0549835e+01 -2.0492483e+01 -2.0420155e+01 -2.0349567e+01 -2.0286407e+01 -1.9799765e+01 -1.4456963e+01 -2.0016452e+01 -2.0094115e+01 -2.0130803e+01 -1.9945346e+01 -1.9990283e+01 -1.9759674e+01 -1.9572809e+01 -1.9489038e+01 -1.9479498e+01 -1.9570961e+01 -1.9685302e+01 -1.9625344e+01 -1.9427310e+01 -1.8885042e+01 -1.8887233e+01 -1.8323122e+01 -1.8614648e+01 -1.8623698e+01 -1.8494815e+01 -1.7317164e+01 -1.6846614e+01 -1.4586972e+01 -1.5334216e+01 -1.6239252e+01 -1.4717564e+01 -1.0079899e+01 -9.4201953e+00 -1.0858272e+01 -1.1647071e+01 -1.0729166e+01 -1.1059267e+01 -1.1529187e+01 -1.2264150e+01 -1.3191728e+01 -1.3132898e+01 -1.3963754e+01 -1.3486737e+01 -1.3829709e+01 -1.3847380e+01
-2.0901893e+01 -2.0854009e+01 -2.0800587e+01 -2.0720231e+01 -2.0658640e+01 -2.0608736e+01 -2.0564415e+01 -2.0493332e+01 -2.0329847e+01 -1.8002145e+01 -2.0280413e+01 -2.0411340e+01 -2.0276696e+01 -2.0158649e+01 -2.0026459e+01 -1.9918093e+01 -1.9835298e+01 -1.9768820e+01 -1.9721163e+01 -1.9927659e+01 -1.9024529e+01 -1.9802226e+01 -1.9616774e+01 -1.9402972e+01 -1.8973481e+01 -1.9007577e+01 -1.8205802e+01 -1.9005804e+01 -1.8951004e+01 -1.8797572e+01 -1.7661166e+01 -1.7527508e+01 -1.7326654e+01 -1.6859454e+01 -1.6071594e+01 -1.2140169e+01 -1.1787091e+01 -1.0945542e+01 -1.1204516e+01 -1.1828358e+01 -1.2137472e+01 -1.2352941e+01 -1.2973565e+01 -1.3687460e+01 -1.3692524e+01 -1.4214744e+01 -1.4427693e+01 -1.4188063e+01 -1.4430232e+01
-2.1067132e+01 -2.0996914e+01 -2.0947693e+01 -2.0865378e+01 -2.0804056e+01 -2.0753775e+01 -2.0720779e+01 -2.0705583e+01 -2.0706122e+01 -2.0717960e+01 -2.0629923e+01 -2.0503384e+01 -2.0403036e+01 -2.0294542e+01 -2.0176614e+01 -2.0078759e+01 -2.0030619e+01 -1.9833182e+01 -1.9830282e+01 -2.0059813e+01 -1.9878770e+01 -2.0315889e+01 -2.0000407e+01 -2.0085313e+01 -1.9413211e+01 -1.9219611e+01 -1.6617947e+01 -1.8375750e+01 -1.9164942e+01 -1.8759853e+01 -1.8035716e+01 -1.6882536e+01 -1.7754980e+01 -1.6763457e+01 -1.6436756e+01 -1.5921852e+01 -1.6079186e+01 -1.4256508e+01 -1.2621066e+01 -1.3007174e+01 -1.2582348e+01 -1.2719279e+01 -1.3901511e+01 -1.4048863e+01 -1.4259687e+01 -1.5017280e+01 -1.5077498e+01 -1.4993479e+01 -1.4938791e+01
-2.1303935e+01 -2.1233238e+01 -2.1146919e+01 -2.1062403e+01 -2.0953624e+01 -2.0916018e+01 -2.0836338e+01 -2.0847075e+01 -2.0807384e+01 -2.0762041e+01 -2.0706342e+01 -2.0626209e+01 -2.0522782e+01 -2.0440492e+01 -2.0354170e+01 -2.0255620e+01 -2.0195467e+01 -2.0135053e+01 -2.0095674e+01 -2.0078385e+01 -2.0134533e+01 -2.0133958e+01 -2.0039505e+01 -1.9958218e+01 -1.9804932e+01 -1.9845215e+01 -1.8869135e+01 -1.9265353e+01 -1.9768400e+01 -1.9337682e+01 -1.8837056e+01 -1.8496280e+01 -1.8474007e+01 -1.7546652e+01 -1.6173389e+01 -1.6129480e+01 -1.5776085e+01 -1.5082079e+01 -1.5114729e+01 -1.4422050e+01 -1.3573962e+01 -1.4099151e+01 -1.4756099e+01 -1.4890607e+01 -1.5076949e+01 -1.5172329e+01 -1.4554712e+01 -1.5437779e+01 -1.5358991e+01
-2.1455618e+01 -2.1379580e+01 -2.1315732e+01 -2.1258138e+01 -2.1210151e+01 -2.1111548e+01 -2.1037791e+01 -2.0989565e+01 -2.0927053e+01 -2.0873723e+01 -2.0801215e+01 -2.0741870e+01 -2.0690561e+01 -2.0597029e+01 -2.0509980e+01 -2.0421512e+01 -2.0343879e+01 -2.0281614e+01 -2.0232640e+01 -2.0180222e+01 -2.0153454e+01 -2.0203795e+01 -2.0344199e+01 -1.9872061e+01 -1.9879715e+01 -1.9984087e+01 -2.0124743e+01 -2.0247853e+01 -1.9999611e+01 -1.9642901e+01 -1.9329932e+01 -1.8793926e+01 -1.8788942e+01 -1.8814577e+01 -1.6566573e+01 -1.6909829e+01 -1.6939104e+01 -1.5905829e+01 -1.5672970e+01 -1.5469737e+01 -1.4502035e+01 -1.3971554e+01 -1.5680905e+01 -1.5395424e+01 -1.5472578e+01 -1.6175344e+01 -1.6360754e+01 -1.5806853e+01 -1.5706954e+01
-2.1618478e+01 -2.1567496e+01 -2.1505862e+01 -2.1438652e+01 -2.1356637e+01 -2.1257919e+01 -2.1206355e+01 -2.1182415e+01 -2.1143048e+01 -2.1110065e+01 -2.1002103e+01 -2.0864882e+01 -2.0802337e+01 -2.0763613e+01 -2.0684434e+01 -2.0614315e+01 -2.0537594e+01 -2.0453177e+01 -2.0363004e+01 -2.0250295e+01 -2.0297469e+01 -2.0285379e+01 -2.0320715e+01 -2.0375211e+01 -2.0204684e+01 -1.9682792e+01 -1.8003247e+01 -1.7117744e+01 -2.0055769e+01 -1.9567152e+01 -1.9814078e+01 -1.9693844e+01 -1.9484181e+01 -1.7831758e+01 -1.8474747e+01 -1.7512629e+01 -1.6337620e+01 -1.5917915e+01 -1.4109435e+01 -1.3698086e+01 -1.4836063e+01 -1.4874718e+01 -1.6437033e+01 -1.5440892e+01 -1.5093115e+01 -1.6400553e+01 -1.6464690e+01 -1.6273145e+01 -1.6087934e+01
-2.1820494e+01 -2.1740017e+01 -2.1682303e+01 -2.1615634e+01 -2.1559958e+01 -2.1499380e+01 -2.1409826e+01 -2.1341677e+01 -2.1296417e+01 -2.1307419e+01 -2.1274835e+01 -2.1104216e+01 -2.0995161e+01 -2.0911703e+01 -2.0863853e+01 -2.0804859e+01 -2.0742797e+01 -2.0657763e+01 -2.0536868e+01 -2.0425375e+01 -2.0474877e+01 -2.0446871e+01 -2.0433724e+01 -2.0437439e+01 -2.0390939e+01 -2.0376639e+01 -2.0452370e+01 -1.9606704e+01 -1.9837759e+01 -2.0474267e+01 -2.0080835e+01 -1.9980205e+01 -1.9571510e+01 -1.8894825e+01 -1.9281379e+01 -1.7536987e+01 -1.6141599e+01 -1.6190255e+01 -1.5733855e+01 -1.4208043e+01 -1.1354714e+01 -1.0751913e+01 -1.6126321e+01 -1.7021603e+01 -1.5873835e+01 -1.7024454e+01 -1.6688381e+01 -1.6517126e+01 -1.6417600e+01
-2.2010010e+01 -2.1948238e+01 -2.1894301e+01 -2.1824490e+01 -2.1734778e+01 -2.1652349e+01 -2.1568562e+01 -2.1515491e+01 -2.1486915e+01 -2.1420586e+01 -2.1340359e+01 -2.1269664e+01 -2.1204863e+01 -2.1115354e+01 -2.1029601e+01 -2.0960488e+01 -2.0895626e+01 -2.0833048e+01 -2.0764736e+01 -2.0681233e+01 -2.0633529e+01 -2.0596012e+01 -2.0583589e+01 -2.0549160e+01 -2.0447284e+01 -2.0682944e+01 -2.0824449e+01 -2.0462380e+01 -2.1035196e+01 -2.0556775e+01 -2.0309879e+01 -2.0251253e+01 -1.9843205e+01 -1.8771620e+01 -1.9017818e+01 -1.7619809e+01 -1.6356301e+01 -1.6703315e+01 -1.4918208e+01 -1.3032838e+01 -1.1977852e+01 -9.9703623e+00 -1.6105138e+01 -1.8242429e+01 -1.7003466e+01 -1.7290800e+01 -1.6996863e+01 -1.6837874e+01 -1.6769441e+01
-2.2157274e+01 -2.2114910e+01 -2.2068037e+01 -2.2031121e+01 -2.1959160e+01 -2.1859761e+01 -2.1774327e+01 -2.1686525e+01 -2.1636559e+01 -2.1572553e+01 -2.1516544e+01 -2.1447182e+01 -2.1372527e+01 -2.1298767e+01 -2.1231188e+01 -2.1169055e+01 -2.1114478e+01 -2.1032682e+01 -2.0964166e+01 -2.0892569e+01 -2.0823464e+01 -2.0779016e+01 -2.0754731e+01 -2.0754273e+01 -2.0795363e+01 -2.0812046e+01 -2.0601274e+01 -2.0308402e+01 -2.0736872e+01 -2.0771471e+01 -2.0445852e+01 -2.0373928e+01 -2.0081618e+01 -2.0367885e+01 -1.9748812e+01 -1.9170612e+01 -1.8003865e+01 -1.5856962e+01 -1.4558916e+01 -1.1862725e+01 -1.0047485e+01 -1.2746147e+01 -1.7944015e+01 -1.8244059e+01 -1.7736430e+01 -1.7444327e+01 -1.7287383e+01 -1.7164947e+01 -1.7083760e+01
-2.2381092e+01 -2.2304697e+01 -2.2250370e+01 -2.2182716e+01 -2.2131496e+01 -2.2050139e+01 -2.1984314e+01 -2.1910342e+01 -2.1837021e+01 -2.1766479e+01 -2.1700011e+01 -2.1643896e+01 -2.1561251e+01 -2.1495760e+01 -2.1413401e+01 -2.1369666e+01 -2.1311057e+01 -2.1248076e+01 -2.1182114e+01 -2.1067824e+01 -2.0991313e+01 -2.0975942e+01 -2.0957215e+01 -2.0927587e+01 -2.0920945e+01 -2.0950408e+01 -2.1077325e+01 -2.1146793e+01 -2.1216281e+01 -2.1035671e+01 -2.0681102e+01 -2.0540553e+01 -2.0349977e+01 -2.0645555e+01 -2.0657412e+01 -1.9628037e+01 -1.8486063e+01 -1.8023076e+01 -1.7191008e+01 -1.4216415e+01 -1.5158884e+01 -1.6231633e+01 -1.8684899e+01 -1.8274262e+01 -1.7949614e+01 -1.7742275e+01 -1.7631251e+01 -1.7485931e+01 -1.7375353e+01
-2.2620350e+01 -2.2507737e+01 -2.2463044e+01 -2.2376626e+01 -2.2314419e+01 -2.2232712e+01 -2.2153200e+01 -2.2086982e+01 -2.2016762e+01 -2.1951679e+01 -2.1893441e+01 -2.1860667e+01 -2.1785173e+01 -2.1699125e+01 -2.1600412e+01 -2.1544525e+01 -2.1485991e+01 -2.1433946e+01 -2.1342475e+01 -2.1252259e+01 -2.1205339e+01 -2.1178040e+01 -2.1151076e+01 -2.1098554e+01 -2.1072039e+01 -2.1086116e+01 -2.1125702e+01 -2.1168683e+01 -2.1222881e+01 -2.1205709e+01 -2.0419867e+01 -2.0780634e+01 -2.0759969e+01 -2.0737115e+01 -2.0674336e+01 -2.0220753e+01 -1.9317381e+01 -1.8335908e+01 -1.8918222e+01 -1.9416720e+01 -1.8003226e+01 -1.8774092e+01 -1.8876986e+01 -1.8561266e+01 -1.8294739e+01 -1.8080739e+01 -1.7922723e+01 -1.7775575e+01 -1.7657815e+01
-2.2837155e+01 -2.2709063e+01 -2.2657182e+01 -2.2578420e+01 -2.2540248e+01 -2.2490548e+01 -2.2372237e+01 -2.2280564e+01 -2.2185116e+01 -2.2116497e+01 -2.2052281e+01 -2.2029753e+01 -2.1988309e+01 -2.1907108e+01 -2.1814922e+01 -2.1734704e+01 -2.1663683e+01 -2.1575302e+01 -2.1499778e+01 -2.1461804e+01 -2.1417479e+01 -2.1362832e+01 -2.1312963e+01 -2.1278743e+01 -2.1242488e+01 -2.1215557e+01 -2.1191976e+01 -2.1180576e+01 -2.1190898e+01 -2.1160845e+01 -2.1050155e+01 -2.0944541e+01 -2.0861028e+01 -2.0813987e+01 -2.0768037e+01 -2.0662068e+01 -2.0812355e+01 -2.0565245e+01 -2.0446532e+01 -2.0061015e+01 -1.9927794e+01 -1.9599028e+01 -1.9228855e+01 -1.8913258e+01 -1.8663038e+01 -1.8452784e+01 -1.8263313e+01 -1.8100386e+01 -1.7970522e+01
-2.3044078e+01 -2.2939748e+01 -2.2819277e+01 -2.2792863e+01 -2.2717518e+01 -2.2709002e+01 -2.2640241e+01 -2.2487438e+01 -2.2398404e+01 -2.2292736e+01 -2.2220253e+01 -2.2165114e+01 -2.2135166e+01 -2.2080522e+01 -2.2015983e+01 -2.1932500e+01 -2.1860479e+01 -2.1778662e+01 -2.1724247e+01 -2.1653148e+01 -2.1595105e+01 -2.1540512e+01 -2.1476368e+01 -2.1436092e+01 -2.1394336e+01 -2.1358276e+01 -2.1305895e+01 -2.1280209e+01 -2.1237898e+01 -2.1180125e+01 -2.1088791e+01 -2.1026573e+01 -2.0985146e+01 -2.0949809e+01 -2.0901642e+01 -2.0869880e+01 -2.0883326e+01 -2.0746755e+01 -2.0607921e+01 -2.0387811e+01 -2.0092739e+01 -1.9749741e+01 -1.9489148e+01 -1.9254152e+01 -1.9027178e+01 -1.8808772e+01 -1.8600927e+01 -1.8427009e+01 -1.8275375e+01
-2.3222913e+01 -2.3161064e+01 -2.3020168e+01 -2.2964584e+01 -2.2907916e+01 -2.2858290e+01 -2.2857583e+01 -2.2724505e+01 -2.2586981e+01 -2.2498130e+01 -2.2395703e+01 -2.2356177e+01 -2.2300726e+01 -2.2230713e+01 -2.2167652e+01 -2.2107867e+01 -2.2023695e+01 -2.1976620e+01 -2.1926230e+01 -2.1866962e+01 -2.1793333e+01 -2.1723323e+01 -2.1647572e+01 -2.1579370e+01 -2.1531235e+01 -2.1486465e+01 -2.1446433e+01 -2.1399335e+01 -2.1334021e+01 -2.1262672e+01 -2.1180702e+01 -2.1108448e+01 -2.1067860e+01 -2.1077713e+01 -2.0954772e+01 -2.0961945e+01 -2.0829823e+01 -2.0766182e+01 -2.0579147e+01 -2.0356063e+01 -2.0336788e+01 -1.9964144e+01 -1.9694801e+01 -1.9485541e+01 -1.9287501e+01 -1.9101360e+01 -1.8917211e+01 -1.8724958e+01 -1.8577004e+01
-2.3380186e+01 -2.3363485e+01 -2.3241347e+01 -2.3137012e+01 -2.3118131e+01 -2.3031717e+01 -2.3010641e+01 -2.2958656e+01 -2.2812900e+01 -2.2718690e+01 -2.2647820e+01 -2.2570897e+01 -2.2472886e+01 -2.2423789e+01 -2.2348092e+01 -2.2242192e+01 -2.2186736e+01 -2.2126663e+01 -2.2070158e+01 -2.2015635e+01 -2.1963961e+01 -2.1898273e+01 -2.1837336e+01 -2.1761658e+01 -2.1690940e+01 -2.1631250e+01 -2.1584246e+01 -2.1524927e+01 -2.1453696e+01 -2.1382561e+01 -2.1316779e+01 -2.1231355e+01 -2.1171115e+01 -2.1175266e+01 -2.1183268e+01 -2.0543910e+01 -2.1014560e+01 -2.0837907e+01 -2.0642483e+01 -2.0532374e+01 -2.0380081e+01 -2.0148355e+01 -1.9895839e+01 -1.9698752e+01 -1.9500086e+01 -1.9314269e+01 -1.9135900e+01 -1.8987766e+01 -1.8862162e+01
-2.3544875e+01 -2.3540870e+01 -2.3487812e+01 -2.3343971e+01 -2.3272852e+01 -2.3228614e+01 -2.3163913e+01 -2.3163054e+01 -2.3061909e+01 -2.2928413e+01 -2.2859090e+01 -2.2791257e+01 -2.2709508e+01 -2.2578499e+01 -2.2482187e+01 -2.2416198e+01 -2.2336643e+01 -2.2286717e+01 -2.2208054e+01 -2.2144699e+01 -2.2095378e+01 -2.2030971e+01 -2.1987259e+01 -2.1943936e+01 -2.1869897e+01 -2.1802466e+01 -2.1738327e+01 -2.1668403e+01 -2.1593109e+01 -2.1499218e+01 -2.1435908e+01 -2.1360298e+01 -2.1299818e+01 -2.1258116e+01 -2.1265574e+01 -2.1333881e+01 -2.1327566e+01 -2.1048736e+01 -2.0810484e+01 -2.0651927e+01 -2.0524995e+01 -2.0279428e+01 -2.0070191e+01 -1.9901681e+01 -1.9724107e+01 -1.9532545e+01 -1.9347106e+01 -1.9191538e+01 -1.9050026e+01
-2.3727561e+01 -2.3709531e+01 -2.3687860e+01 -2.3589843e+01 -2.3459908e+01 -2.3431116e+01 -2.3338303e+01 -2.3333118e+01 -2.3297223e+01 -2.3146371e+01 -2.3049837e+01 -2.2977219e+01 -2.2943383e+01 -2.2799633e+01 -2.2677267e+01 -2.2601412e+01 -2.2524090e+01 -2.2449290e+01 -2.2367964e+01 -2.2272934e+01 -2.2239910e+01 -2.2164588e+01 -2.2108316e+01 -2.2053681e+01 -2.2009603e+01 -2.1951238e+01 -2.1903724e+01 -2.1836882e+01 -2.1759733e+01 -2.1665248e+01 -2.1572625e+01 -2.1504535e+01 -2.1434570e+01 -2.1394089e+01 -2.1373101e+01 -2.1327552e+01 -2.1386334e+01 -2.1201842e+01 -2.1069631e+01 -2.0651188e+01 -2.0670196e+01 -2.0446593e+01 -2.0255099e+01 -2.0069821e+01 -1.9890954e+01 -1.9713856e+01 -1.9526309e+01 -1.9379168e+01 -1.9221951e+01
